---------------------------------------------
CalcPrivateVideoDecoderOutputViewSize_D3D11_1
---------------------------------------------
0.0019
0.0028
0.0014
0.0014
0.0014
0.0022
0.0017
0.0009
0.0007
0.0017
0.0008
0.0008
0.0008
0.0021
0.0007
0.0007
0.0008
0.0008
0.0011
0.0022
0.0009
0.0008
0.0013
0.0008
0.0006
0.0007
0.0006
0.0007
0.0024
0.0018
0.0009
0.001
0.0009
0.0009
0.0009
0.0009
0.0007
0.0008
0.0008
0.0013
0.001
0.0017
0.002
0.0017
0.0013
0.0008
0.0012
0.0011
0.0009
0.0009
0.0007
0.0008
0.0007
0.0007
0.0008
0.0008
0.0016
0.0011
0.0012
0.0011
0.0008
0.0008
0.001
0.0019
0.001
0.0009
0.002
0.001
0.0008
0.0007
0.0008
0.0013
0.0012
0.0008
0.0007
0.0006
0.0008
0.0007
0.0008
0.0008
0.0006
0.0008
0.0006
0.0008
0.0007
0.0007
0.0006
0.0007
0.0008
0.0008
0.0008
0.0009
0.0006
0.0016
0.0024
0.0009
0.0008
0.0009
0.0008
0.0007
0.0008
0.0007
0.0015
0.0016
0.0012
0.0009
0.001
0.0016
0.001
0.0016
0.0011
0.0012
0.0021
0.0007
0.0007
0.0009
0.0008
0.0007
0.0007
0.0007
0.0009
0.0009
0.0007
0.0007
0.0007
0.0008
0.0007
0.0006
0.0006
0.0006

-----------------------
CodechalDecode::Execute
-----------------------
11.5096
8.6532
11.0638
10.6198
4.5572
1.0732
0.811
0.835
0.6152
0.6892
0.559
0.6201
0.6331
0.604
0.5781
0.6265
4.9689
5.1177
0.5602
0.5868
0.5742
0.5615
0.5781
0.5691
0.4313
0.4293
0.4383
0.4366
0.4277
0.4992
0.4416
0.4334
0.439
0.4049
0.4348
0.4342
0.3983
0.4406
0.4391
0.4325
0.4328
0.4944
0.4267
0.4681
0.478
0.4248
0.445
0.4421
0.4391
0.4409
0.4141
0.4158
0.4295
0.4186
0.4189
0.429
0.4514
0.4484
0.4546
0.44
0.4283
0.4311
0.4839
0.4359
0.4953
0.4061
0.4034
0.4687
0.4366
0.4326
0.4655
0.4909
0.4363
0.4008
0.4266
0.4209
0.4115
0.4292
0.4277
0.421
0.3973
0.4267
0.4101
0.4229
0.4297
0.4205
0.4294
0.4271
0.4217
0.3948
0.4248
0.4038
0.4338
0.4463
0.4216
0.4368
0.4344
0.3872
0.419
0.4103
0.4344
3.5872
0.9165
8.8131
4.679
4.5309
0.4079
0.5015
0.4587
4.8015
0.4246
0.4554
0.4496
0.4557
0.4543
0.4328
0.448
0.4063
0.4382
0.4003
0.4241
0.4246
0.4203
0.4282
0.4463
0.3914
0.4345
0.4239
0.4094
0.4298

---------------------------------------
CodechalDecodeHevcG12::DecodeStateLevel
---------------------------------------
0.6902
3.872
0.7167
3.1604
4.457
5.9974
6.6426
2.4781
0.2348
0.188
0.3326
0.2548
0.2374
0.3319
0.2701
0.2488
0.229
0.2493
0.2781
0.2635
0.2199
0.2064
0.2135
0.2021
0.2312
0.1933
0.226
0.1831
0.2236
0.1885
0.227
0.1877
0.2327
4.2764
0.2224
4.5164
0.2273
0.1706
0.2334
0.1831
0.2268
0.1872
0.2342
0.1775
0.2326
0.182
0.231
0.1787
0.1731
0.1276
0.1673
0.1332
0.1624
0.1345
0.1777
0.1288
0.1637
0.1263
0.2052
0.1329
0.18
0.1301
0.1764
0.1309
0.1804
0.1288
0.155
0.1315
0.1801
0.1288
0.1706
0.1363
0.153
0.1298
0.1855
0.1287
0.1706
0.1367
0.1627
0.1342
0.166
0.1296
0.1968
0.1268
0.1666
0.1276
0.1938
0.13
0.1975
0.1295
0.1614
0.1328
0.1782
0.1252
0.178
0.1309
0.1781
0.1262
0.1731
0.1292
0.1606
0.1267
0.1594
0.1299
0.1638
0.1364
0.1626
0.1272
0.1632
0.1276
0.164
0.1349
0.1792
0.1269
0.17
0.1321
0.1845
0.1261
0.1717
0.1245
0.1722
0.1273
0.1709
0.1245
0.2092
0.1281
0.1571
0.1372
0.2054
0.1389
0.154
0.1257
0.1539
0.1212
0.1889
0.1303
0.1788
0.125
0.165
0.1319
0.1795
0.1452
0.1987
0.1456
0.1756
0.1312
0.1503
0.1313
0.1611
0.1388
0.1645
0.1261
0.1583
0.1251
0.1621
0.1398
0.17
0.1296
0.1665
0.1258
0.1483
0.1317
0.1691
0.1293
0.158
0.1257
0.1574
0.1364
0.1708
0.1294
0.163
0.1273
0.1639
0.1377
0.1692
0.1283
0.1648
0.1269
0.1472
0.1307
0.1681
0.13
0.1546
0.1224
0.1694
0.1296
0.1716
0.1275
0.1643
0.1253
0.1793
0.1292
0.1827
0.1275
0.1463
0.121
0.1632
0.1294
0.1591
0.1246
0.1723
0.1333
0.1824
3.0687
0.2044
0.1487
0.1871
4.7485
0.1709
3.8233
0.1984
3.6816
0.1525
0.1275
0.1963
0.1404
0.1831
0.1297
0.1955
4.2587
0.1615
0.1338
0.1838
0.1286
0.1684
0.1384
0.182
0.1358
0.1882
0.134
0.1693
0.1277
0.1769
0.1371
0.1604
0.1236
0.1669
0.1385
0.1516
0.1257
0.1661
0.1279
0.162
0.1348
0.164
0.1254
0.1618
0.1269
0.18
0.1299
0.1497
0.1207
0.1605
0.1423
0.1646
0.1264
0.1584
0.1252
0.1596
0.1337

-------------------------------------
CodechalDecodeHevcG12::SetFrameStates
-------------------------------------
6.6306
4.5823
0.4734
1.3745
4.0118
0.2953
0.1169
0.1638
0.0349
0.0365
0.0344
0.0352
0.0377
0.0352
0.0358
0.0438
0.3347
0.2231
0.0396
0.0407
0.0376
0.0378
0.0431
0.0358
0.0359
0.036
0.0413
0.0357
0.0392
0.0445
0.0411
0.0365
0.0382
0.035
0.0368
0.0368
0.033
0.0355
0.0357
0.0377
0.0377
0.0425
0.0376
0.0399
0.0408
0.0361
0.0377
0.0372
0.037
0.0364
0.0362
0.0352
0.0365
0.0346
0.0358
0.0362
0.0411
0.0389
0.0366
0.0373
0.0358
0.0352
0.0392
0.0345
0.0398
0.0344
0.0354
0.0384
0.036
0.0367
0.0357
0.0385
0.0345
0.0339
0.0351
0.0347
0.0345
0.0354
0.0354
0.0353
0.0322
0.0359
0.0349
0.0353
0.0355
0.0348
0.0352
0.0348
0.0352
0.0323
0.0351
0.0336
0.0357
0.0403
0.0384
0.0382
0.0362
0.0324
0.0378
0.0343
0.0366
0.225
0.4394
3.7601
0.5765
0.5342
0.0371
0.0431
0.0407
0.2208
0.039
0.0409
0.0396
0.0391
0.0372
0.0366
0.0374
0.0339
0.0369
0.0325
0.0361
0.0358
0.0359
0.0357
0.0354
0.0319
0.0361
0.0345
0.0353
0.0351

--------------------------
CreateVideoDecoder_D3D11_1
--------------------------
17.1166

---------------------------
DestroyVideoDecoder_D3D11_1
---------------------------
0

----------------
First Frame Time
----------------
69.8968

--------------------------------------
VideoDecoderBeginFrame_WDDM2_4_D3D11_1
--------------------------------------
0.0057
0.0046
0.0029
0.0031
0.0026
0.0038
0.0027
0.0022
0.0018
0.0022
0.002
0.002
0.0019
0.0028
0.0018
0.0018
0.0017
0.0019
0.0024
0.0039
0.002
0.0022
0.0024
0.002
0.002
0.002
0.0022
0.002
0.0034
0.0034
0.0025
0.002
0.0026
0.002
0.002
0.0021
0.0019
0.0019
0.0019
0.0026
0.002
0.0032
0.0032
0.0025
0.0027
0.002
0.0026
0.002
0.0021
0.0018
0.0018
0.0019
0.0017
0.0017
0.0018
0.0018
0.0031
0.0021
0.0024
0.0026
0.0022
0.002
0.0024
0.0028
0.002
0.0017
0.0024
0.0023
0.0019
0.0019
0.0024
0.0024
0.0024
0.0019
0.0019
0.0018
0.002
0.0017
0.0018
0.0018
0.0017
0.0026
0.0018
0.0019
0.0018
0.002
0.0019
0.0019
0.0019
0.0018
0.002
0.0021
0.0021
0.0028
0.0036
0.0019
0.0019
0.0018
0.002
0.0019
0.0021
0.0019
0.0027
0.0028
0.0038
0.0025
0.0025
0.0032
0.0024
0.0029
0.0022
0.0029
0.0027
0.0023
0.0021
0.002
0.0021
0.0018
0.0017
0.0017
0.0018
0.0018
0.0017
0.0018
0.0019
0.0018
0.0017
0.0018
0.0045
0.0018

----------------------------
VideoDecoderEndFrame_D3D11_1
----------------------------
0.0435
0.0601
0.0887
0.1015
0.0654
0.0666
0.0676
0.0653
0.0599
0.073
0.0651
0.0606
0.0702
0.067
0.0677
0.0663
0.0618
0.0709
0.0689
0.0638
0.0721
0.0624
0.0618
0.0618
0.0598
0.0608
0.0642
0.0561
0.0641
0.0611
0.0599
0.0584
0.0608
0.0609
0.059
0.0607
0.0645
0.0603
0.0642
0.0607
0.0638
0.0631
0.0625
0.0612
0.063
0.06
0.0584
0.0717
0.0586
0.0599
0.0649
0.0619
0.0606
0.0613
0.062
0.0625
0.0654
0.063
0.0598
0.0617
0.0606
0.0684
0.0602
0.0691
0.062
0.0623
0.0541
0.0624
0.0588
0.0568
0.0573
0.0626
0.0567
0.0605
0.0597
0.0605
0.069
0.0623
0.059
0.0617
0.0651
0.0591
0.0657
0.0647
0.0608
0.0602
0.0603
0.0605
0.0606
0.064
0.0597
0.062
0.0615
0.0604
0.0624
0.0599
0.0601
0.0573
0.0594
0.0585
0.0588
0.0635
0.058
0.0613
0.0633
0.0591
0.0562
0.1321
0.065
0.0591
0.0536
0.0894
0.0626
0.0639
0.0673
0.0602
0.0617
0.0569
0.0605
0.0609
0.0675
0.0645
0.0583
0.0602
0.06
0.0616
0.0592
0.0575
0.0727
0.0603

---------------------------------
VideoDecoderSubmitBuffers_D3D11_1
---------------------------------
11.6263
8.6763
11.0871
10.6396
4.5743
1.1081
0.8283
0.8521
0.6289
0.7039
0.5726
0.6344
0.6472
0.6193
0.5921
0.6414
4.9841
5.1359
0.5792
0.606
0.5907
0.5776
0.598
0.5846
0.4469
0.4446
0.4534
0.4513
0.4524
0.5229
0.4594
0.4487
0.4552
0.4184
0.4495
0.4493
0.4116
0.4556
0.4538
0.4515
0.4488
0.5185
0.4433
0.489
0.499
0.4398
0.4637
0.4588
0.4575
0.4582
0.4287
0.4299
0.4457
0.4324
0.4326
0.4432
0.4734
0.4684
0.4743
0.4593
0.4435
0.4492
0.5041
0.4525
0.5161
0.4214
0.4197
0.4897
0.4526
0.4474
0.4833
0.5113
0.4537
0.4159
0.4414
0.4348
0.4269
0.4443
0.4419
0.4363
0.4105
0.441
0.4241
0.4379
0.444
0.4349
0.4441
0.4415
0.4384
0.408
0.4392
0.421
0.4491
0.4667
0.4426
0.4526
0.4499
0.4009
0.433
0.4245
0.4505
3.6025
0.9389
8.8363
4.6999
4.5501
0.4252
0.5274
0.4782
4.8269
0.4448
0.4746
0.4692
0.4742
0.471
0.4484
0.4638
0.4206
0.4543
0.4143
0.4393
0.4399
0.4348
0.4432
0.4613
0.4082
0.4492
0.439
0.4241
0.4444

