---------------------------------------------
CalcPrivateVideoDecoderOutputViewSize_D3D11_1
---------------------------------------------
0.0038
0.0015
0.0028
0.0017
0.0018
0.001
0.0029
0.0012
0.0013
0.0018
0.0009
0.001
0.0009
0.0016
0.0009
0.0007
0.0013
0.0008
0.0006
0.0017
0.0007
0.0007
0.0008
0.0007
0.0006
0.0006
0.0006
0.0006
0.0016
0.0007
0.0008
0.0006
0.0006
0.0007
0.0008
0.0007
0.0011
0.0007
0.0009
0.0007
0.0007
0.0006
0.0023
0.0006
0.0006
0.0007
0.0006
0.0007
0.0007
0.0006
0.0006
0.0007
0.0007
0.0007
0.0007
0.0006
0.0006
0.0006
0.0007
0.0007
0.0007
0.0007
0.0007
0.0031
0.0019
0.001
0.0008
0.0007
0.0007
0.0012
0.0006
0.0007
0.0015
0.001
0.0008
0.0019
0.0009
0.0008
0.0007
0.0007
0.0005
0.0006
0.0007
0.0005
0.0007
0.0006
0.0005
0.0006
0.0006
0.0005
0.0006
0.0006
0.0006
0.0006
0.002
0.0006
0.0009
0.0005
0.0007
0.0005
0.0006
0.0005
0.0005
0.0006
0.0006
0.0006
0.0005
0.0007
0.0006
0.0006
0.0008
0.0005
0.0005
0.0006
0.0006
0.0005
0.0006
0.0011
0.0011
0.0006
0.0016
0.0014
0.001
0.0017
0.0011
0.001
0.0011
0.0009
0.0012
0.001
0.0007
0.0008
0.0017
0.0009
0.0008
0.0007
0.0006
0.0006
0.0006
0.0008
0.0007
0.0082
0.0009
0.0008
0.0006
0.0011
0.0007
0.0006
0.0007
0.0007
0.0006
0.0006
0.0006
0.0007
0.0006
0.0007
0.0007
0.0006
0.0005
0.0006
0.0006
0.0006
0.0006
0.0006
0.0006
0.0007
0.0006
0.0006
0.0006
0.0016
0.0014
0.0009
0.0007
0.001
0.0007
0.0006
0.0007
0.0007
0.0008
0.0012
0.0008
0.0019
0.0014
0.0009
0.0013
0.0009
0.0009
0.0009
0.0007
0.0007
0.0007
0.0011
0.0009
0.001
0.0006
0.0009
0.0006
0.0016
0.0009
0.0013
0.0008
0.0015
0.0009
0.0008
0.0008
0.0009
0.0007
0.0008
0.0007
0.0016
0.001
0.0027
0.0007
0.0008
0.0008
0.0012
0.0007
0.0015
0.001
0.0008
0.0008
0.0008
0.0009
0.0008
0.001
0.0015
0.0008
0.0007
0.0009
0.0007
0.0016
0.0009
0.0016
0.0008
0.0008
0.0007
0.0009
0.001
0.0011
0.0006
0.0013
0.0007
0.001
0.0006
0.0006
0.0018
0.0015
0.0009
0.001
0.0007
0.0017
0.0017
0.0009
0.0009
0.0006
0.0015
0.0009
0.0007
0.0015
0.001
0.0008
0.0017
0.0011
0.0008
0.0009
0.0007
0.0006
0.0007
0.0013
0.0008
0.0009
0.0016
0.0008
0.0009
0.0017
0.0009
0.0011
0.0012
0.0009
0.0015
0.0009
0.0029
0.0009
0.0007
0.0016
0.0009
0.0015
0.0009
0.0013
0.0006
0.0017
0.001
0.0011
0.0008
0.0009
0.0006
0.0017
0.0007
0.0009
0.0007
0.0014
0.0008
0.0012
0.0013
0.0017
0.0008
0.0015
0.0009
0.001
0.0007
0.0013
0.0008
0.0009
0.0008
0.0013
0.0009
0.0035
0.0009
0.0017
0.0009
0.0007
0.0007
0.0008
0.0007
0.0015
0.0009
0.0012
0.0006
0.0007
0.0015
0.0009
0.0021
0.001
0.0017
0.0009
0.0008
0.0007
0.0016
0.0008
0.0013
0.0007
0.0018
0.0009
0.001
0.0007
0.0018
0.001
0.0009
0.0006
0.0014
0.0009
0.0008
0.0017
0.0008
0.0014
0.0009
0.0008
0.001
0.0012
0.0007
0.0007
0.0008
0.0006
0.0007
0.0018
0.001
0.0017
0.0009
0.0008
0.0013
0.0008
0.0007
0.001
0.0007
0.0007
0.0008
0.0007
0.0007
0.0007
0.0011
0.0007
0.0008
0.0007
0.0006
0.0008
0.0009
0.0007
0.0008
0.0006
0.0006
0.0006
0.0005
0.0007
0.0006
0.0007
0.0006
0.0007
0.0007
0.0006
0.002
0.0012
0.0008
0.0008
0.0008
0.001
0.0007
0.0007
0.0008
0.0006
0.0006
0.0007
0.0009
0.0006
0.0007
0.0006
0.0007
0.0006
0.0007
0.0006
0.0006
0.0007
0.0005
0.0006
0.0006
0.0006
0.0006
0.0006
0.0007
0.0006
0.0006
0.0007
0.0006
0.0006
0.0006
0.0006
0.0007
0.0007
0.0006
0.0007
0.0006
0.0006
0.0006
0.0006
0.0007
0.0006
0.0006
0.0006
0.0006
0.0006
0.0006
0.0008
0.0007
0.0009
0.0012
0.001
0.0007
0.0013
0.0008
0.0006
0.0007
0.0008
0.0007
0.0008
0.0007
0.0009
0.0008
0.0011
0.0006
0.0006
0.0006
0.0007
0.0006
0.0013
0.0008
0.0205
0.0008
0.0007
0.0016
0.0014
0.0007
0.0009
0.0009
0.0006
0.0007
0.0009
0.0008
0.0007
0.0006
0.0008
0.0008
0.0006
0.0008
0.0007
0.0007
0.0006
0.0006
0.0018
0.0009
0.0007
0.0007
0.0006
0.0007
0.0008
0.0006
0.0008
0.0006
0.0007
0.0007
0.0007
0.0006
0.0006
0.0006
0.0007
0.0007
0.0007
0.0008
0.0008
0.0007
0.0006
0.0006
0.0006
0.0006
0.0009
0.0007
0.0006
0.0007
0.0013
0.0007
0.0006
0.0007
0.0007
0.0006
0.0006
0.0006
0.0007
0.0007
0.0007
0.0006
0.0006
0.0008
0.0006
0.0007
0.0009
0.0006
0.0015
0.0009
0.0006
0.0007
0.0005
0.0006
0.0007
0.0006
0.0006
0.0013
0.0007
0.0006
0.0015
0.0008
0.0017
0.0015
0.0011
0.0009
0.0007
0.0007
0.0007
0.0009
0.0007
0.0007
0.0013
0.0007
0.0006
0.0006
0.0007
0.0006
0.0006
0.0015
0.0016
0.0013
0.0078
0.0013
0.0008
0.0009
0.0009
0.0006
0.0008
0.0007
0.0007
0.0008
0.0006
0.0007
0.0019
0.0028
0.0013
0.0009
0.0015
0.0007
0.0007
0.0019
0.0009
0.0008

-----------------------
CodechalDecode::Execute
-----------------------
16.9736
41.4818
24.6336
95.9961
36.3099
0.7138
0.9022
0.7455
0.592
0.634
0.6946
0.7819
0.6464
0.6513
0.6405
0.7355
0.8486
0.7537
0.6407
0.782
0.5669
0.6007
0.5672
0.6742
0.4364
0.4172
0.4118
0.4269
0.4071
0.4228
0.4136
0.4204
0.4133
0.4122
0.4168
0.4142
0.4096
0.425
0.4216
0.427
0.4346
0.4191
0.3927
0.4296
0.4252
0.4252
0.4194
0.4104
0.4108
0.4135
0.4085
1.014
0.4465
0.3811
0.4173
0.4124
0.4078
0.4101
0.4163
0.4223
0.3894
0.4191
0.4111
0.4748
0.5072
0.4651
0.4759
0.4028
0.4253
0.3929
0.4027
0.418
0.4407
0.4437
0.392
0.5421
0.4046
0.419
0.4153
0.4044
0.4178
0.4091
0.4325
0.4102
0.4089
0.4133
0.4054
0.4112
0.4308
0.3998
0.4217
0.4179
0.4059
0.4218
0.4319
0.4031
0.3902
0.4226
0.3884
0.4189
0.3941
0.4185
0.427
0.4224
0.4208
0.4268
0.4235
0.3884
0.4255
0.4078
0.4146
0.4148
0.415
0.4152
0.4138
0.408
0.4167
0.393
0.4145
0.3817
0.4614
0.4486
0.4965
0.4996
0.4132
0.4427
0.4484
0.4579
0.4533
0.4824
0.3923
0.4136
0.5282
0.4117
0.4279
0.4228
0.412
0.4225
0.3928
0.4221
0.3912
0.428
0.4051
0.3896
0.4188
0.416
0.3832
0.4155
0.3893
0.4152
0.4194
0.4191
0.4183
0.4216
0.378
0.3982
0.4254
0.3912
0.3843
0.4121
0.4163
0.4063
0.4206
0.4221
0.4062
0.4179
0.4221
0.4011
0.4154
0.4739
0.4027
0.4184
0.404
0.4235
0.41
0.431
0.4281
0.404
0.435
0.5263
0.4271
0.4298
0.6058
0.462
0.52
0.4598
0.4296
0.4442
0.3892
0.4189
0.4365
0.4064
0.3967
0.4064
0.4001
0.3868
0.4264
0.5015
0.4073
0.4303
0.4023
0.4626
0.4018
0.4068
0.4116
0.3929
0.4189
0.4364
0.3758
0.4605
0.3879
0.4126
0.3939
0.403
0.3992
0.4145
0.3769
0.4644
0.4193
0.3801
0.398
0.4096
0.4067
0.4068
0.3927
0.4326
0.3994
0.3925
0.4284
0.381
0.4524
0.3853
0.4549
0.3993
0.4293
0.3767
0.4014
0.377
0.3667
0.3927
0.3787
0.4102
0.4221
0.3841
0.3953
0.402
0.4176
0.4093
0.3854
0.3912
0.4649
0.4786
0.416
0.3741
0.3831
0.4206
0.3845
0.383
9.3142
0.4046
0.4345
0.4897
0.4253
0.3896
0.4222
0.4032
0.3912
0.4316
0.4252
0.4166
0.4602
0.4486
0.4168
0.3839
0.4268
0.4026
0.4189
0.4226
0.3676
0.4276
0.4176
0.3842
0.4409
0.4079
0.473
0.3887
0.4273
0.4258
0.4003
0.4347
0.4476
0.4447
0.4138
0.4135
0.3887
0.4314
0.4101
0.3874
0.433
0.3969
0.4314
0.4391
0.4175
0.4051
0.4944
0.3818
0.4475
0.4181
0.399
0.4337
0.4243
0.3909
0.4379
0.4267
0.4435
0.4419
0.4748
0.424
0.4883
0.4512
0.4195
0.4375
0.4035
0.419
0.4308
0.428
0.4614
0.4053
0.4312
0.4348
0.4311
0.4942
0.4259
0.4873
0.4485
0.438
0.4381
0.424
0.4347
0.4613
0.4149
0.4996
0.4527
0.4349
0.4176
0.5079
0.4336
0.3917
0.4266
0.4422
0.4432
0.4444
0.4671
0.4301
0.4534
0.4498
0.433
0.3869
0.3765
0.4163
0.4376
0.4243
0.4144
0.4027
0.4811
0.4249
0.446
0.4405
0.4286
0.4113
0.4248
0.4005
0.4245
0.4164
0.4207
0.3974
0.4091
0.407
0.4025
0.3955
0.3571
0.3975
0.3917
0.4083
0.4187
0.3963
0.4107
0.431
0.3822
0.4181
0.4203
0.414
0.391
0.4209
0.3897
0.3904
0.4042
0.3851
0.4257
0.4888
0.3971
0.3992
0.4237
0.4087
0.4411
0.4131
0.3903
0.4377
0.4253
0.4374
0.4169
0.426
0.4035
0.3852
0.4161
0.3786
0.428
0.4411
0.4251
0.4125
0.3957
0.4017
0.423
0.3835
0.4399
0.3839
0.4214
0.3749
0.4151
0.3912
0.3949
0.4057
0.3857
0.396
0.4161
0.4147
0.3895
0.3923
0.4094
0.3872
0.4256
0.4009
0.4322
0.3999
0.3917
0.4351
0.3968
0.4311
0.4014
0.4089
0.4199
0.3832
0.4438
0.4416
0.4149
0.3882
0.3867
0.425
0.4043
0.3891
0.4187
0.3886
0.4226
0.3939
0.4011
0.4254
0.4377
0.4048
0.4065
0.4099
0.3969
0.4265
0.3987
0.4094
0.4019
0.4221
0.4151
0.4579
0.401
0.4246
0.3957
0.4416
0.3953
0.4302
0.4145
0.4102
0.4145
0.4196
0.4296
0.4254
0.4183
0.4655
0.4234
0.4195
0.4152
0.3895
0.4448
0.404
0.4299
0.3975
0.4163
0.4299
0.3943
0.4265
0.3848
0.4156
0.4134
0.4045
0.4141
0.4107
0.413
0.4156
0.4151
0.4118
0.4309
0.4101
0.4147
0.4165
0.4066
0.4388
0.3877
0.4104
0.4064
0.4064
0.4153
0.3758
0.3901
0.4265
0.4116
0.4078
0.4016
0.4224
0.4127
0.4373
0.4207
0.4091
0.4212
0.3841
0.4178
0.4189
0.4252
0.4119
0.4099
0.4201
0.4181
0.4103
0.4239
0.4101
0.3996
0.423
0.4212
0.4124
0.4119
0.4373
0.396
0.445
0.4449
0.3958
0.4889
0.4357
0.4153
0.4345
0.4173
0.3933
0.4439
0.4345
0.4234
0.418
0.4082
0.3838
0.4089
0.4207
0.3772
0.4181
0.3989
0.6968
0.6255
0.5066
0.4224
0.4245
0.4328
0.4025
0.4317
0.4139
0.3849
0.4329
0.4108
0.4206
0.417
0.4332
0.4837
0.5254
0.4078
0.4025
0.4057
0.4086
0.4249
0.487
0.4081
0.4259

---------------------------------------
CodechalDecodeHevcG12::DecodeStateLevel
---------------------------------------
0.4833
15.1548
8.9008
32.06
0.7456
1.09
22.8672
41.5249
0.4067
23.0711
0.2034
0.1894
0.336
0.2039
0.2421
0.1893
0.2427
0.1833
0.2435
0.1955
0.2866
0.2057
0.2868
0.2979
0.2723
0.2026
0.2416
0.2018
0.2693
0.2195
0.2448
0.2131
0.2825
0.2219
0.2908
0.2427
0.2347
0.2407
0.2488
0.2159
0.2174
0.1771
0.2409
0.19
0.222
0.1887
0.2494
0.2266
0.1816
0.1267
0.1561
0.1275
0.1534
0.133
0.1617
0.1336
0.1611
0.123
0.1605
0.1357
0.1564
0.1241
0.1561
0.139
0.1569
0.1314
0.1584
0.1267
0.1582
0.1332
0.1571
0.1307
0.1591
0.1264
0.1676
0.1255
0.1643
0.1294
0.1603
0.1375
0.1755
0.1259
0.1656
0.1256
0.1474
0.1188
0.1643
0.1348
0.157
0.138
0.1653
0.1272
0.1568
0.1227
0.1555
0.1319
0.1572
0.1248
0.1543
0.1333
0.1543
0.1335
0.7347
0.1338
0.186
0.1267
0.1501
0.1187
0.1541
0.1387
0.1564
0.1295
0.1551
0.1239
0.1557
0.1332
0.1583
0.1254
0.1572
0.1391
0.1461
0.1289
0.1544
0.1247
0.1557
0.1336
0.1782
0.1361
0.1935
0.1366
0.1808
0.1389
0.1928
0.1331
0.1566
0.1254
0.1559
0.1281
0.15
0.1197
0.1493
0.13
0.1551
0.1369
0.174
0.128
0.1718
0.1341
0.1521
0.1242
0.2301
0.134
0.1507
0.1295
0.1574
0.1335
0.1594
0.1276
0.1486
0.1363
0.1608
0.1351
0.1552
0.1261
0.1655
0.126
0.1549
0.131
0.1567
0.1243
0.1536
0.1325
0.156
0.1279
0.1572
0.1243
0.1668
0.1338
0.1544
0.1243
0.1574
0.1389
0.1649
0.1238
0.1549
0.1249
0.1584
0.138
0.1653
0.1254
0.1549
0.1239
0.1489
0.1211
0.1594
0.1256
0.1461
0.1277
0.1597
0.127
0.1465
0.1312
0.1551
0.1379
0.1575
0.1264
0.1656
0.1249
0.1608
0.1317
0.1506
0.1577
0.1679
0.1252
0.1458
0.1279
0.1651
0.1271
0.1548
0.127
0.1544
0.1363
0.1633
0.1258
0.1574
0.1244
0.1556
0.1356
0.1566
0.1329
0.156
0.123
0.1551
0.1377
0.1506
0.1211
0.1498
0.1151
0.1377
0.123
0.1776
0.1319
0.1786
0.1312
0.1977
0.1512
0.2112
0.1245
0.158
0.1218
0.1805
0.1287
0.1801
0.1274
0.1678
0.1409
0.1856
0.1263
0.2048
0.1307
0.1527
0.1227
0.1604
0.1283
0.2206
0.1328
0.1583
0.1228
0.162
0.1252
0.1575
0.1328
0.1554
0.1259
0.1636
0.1354
0.1491
0.1285
0.1637
0.1261
0.1448
0.1312
0.1622
0.1266
0.1548
0.1219
0.1487
0.1188
0.1639
0.1266
0.1614
0.1255
0.1443
0.1267
0.1571
0.1334
0.147
0.121
0.1574
0.1343
0.1621
0.1269
0.1591
0.126
0.1614
0.133
0.1613
0.1349
0.1439
0.12
0.1557
0.1248
0.1628
0.1346
0.1518
0.1201
0.1496
0.1193
0.1553
0.1317
0.1571
0.1291
0.1579
0.1246
0.1573
0.1349
0.1627
0.1271
0.1579
0.1244
0.1596
0.1314
0.1606
0.1297
0.1535
0.1232
0.1592
0.1341
0.1882
0.1323
0.1522
0.1205
0.1594
0.1297
0.1581
0.1214
0.1586
0.1338
0.1574
0.1262
0.1582
0.1429
0.1608
0.137
0.1549
0.122
0.1629
0.1368
0.2237
0.1428
0.1648
0.1266
0.1627
0.1267
0.2703
0.1632
0.1767
0.1302
0.227
0.1347
0.1697
0.1391
0.1651
0.135
0.1635
0.1406
0.1483
0.1227
0.1593
0.1283
0.163
0.1262
0.1566
0.1224
0.1494
0.1289
0.1607
0.1251
0.1556
0.1264
0.1487
0.121
0.1636
0.1357
0.1983
0.1449
0.156
0.1235
0.1617
0.1342
0.1542
0.1282
0.1862
0.1357
0.1567
0.123
0.1555
0.1278
0.1541
0.138
0.1485
0.1243
0.1614
0.134
0.165
0.1363
0.1424
0.1179
0.1696
0.1442
0.1458
0.1204
0.1499
0.1306
0.147
0.1276
0.1504
0.1317
0.1502
0.1201
0.157
0.1245
0.1446
0.1186
0.1808
0.1317
0.1592
0.128
0.1444
0.1221
0.149
0.1305
0.1517
0.1363
0.1562
0.1224
0.1574
0.1233
0.1476
0.126
0.1667
0.1413
0.1492
0.1205
0.1505
0.1292
0.1656
0.1311
0.144
0.1189
0.1726
0.1294
0.1463
0.1202
0.1728
0.1345
0.1519
0.1229
0.1699
0.1288
0.1411
0.1195
0.1534
0.1273
0.1452
0.119
0.1457
0.1114
0.1434
0.1243
0.1479
0.1198
0.1608
0.126
0.1576
0.136
0.1453
0.1212
0.1484
0.1328
0.1526
0.1292
0.1644
0.1218
0.1582
0.1213
0.145
0.1269
0.1442
0.123
0.1708
0.1421
0.1824
0.1308
0.1601
0.1283
0.146
0.1201
0.1459
0.1234
0.1588
0.1234
0.1429
0.1276
0.1456
0.1252
0.2125
8.9549
0.1549
0.1298
0.1478
0.1529
0.2005
0.1351
0.1594
0.1267
0.1434
0.1302
0.1636
0.1301
0.1485
0.1261
0.1513
0.1221
0.1645
0.1353
0.1595
0.1248
0.155
0.1304
0.1921
0.1287
0.1697
0.1306
0.1578
0.1265
0.1482
0.1219
0.1585
0.1285
0.1475
0.137
0.1733
0.1222
0.1623
0.1237
0.1399
0.1176
0.1662
0.1243
0.1614
0.1224
0.1456
0.1195
0.1667
0.1329
0.152
0.127
0.1783
0.1396
0.1447
0.1194
0.1594
0.1301
0.1599
0.1311
0.1576
0.1231
0.1628
0.1362
0.1683
0.1327
0.1672
0.1319
0.1541
0.1192
0.151
0.1267
0.1456
0.1253
0.1607
0.145
0.1523
0.1294
0.1466
0.1253
0.1635
0.137
0.1497
0.126
0.1668
0.1269
0.1683
0.1305
0.1565
0.1271
0.1628
0.1222
0.1816
0.1544
0.1468
0.1208
0.169
0.1306
0.1586
0.1237
0.1567
0.1276
0.163
0.135
0.1574
0.1217
0.1493
0.1214
0.1716
0.1374
0.1617
0.1256
0.166
0.1279
0.1642
0.1384
0.178
0.1345
0.1608
0.1303
0.1877
0.1315
0.1669
0.1294
0.1587
0.13
0.1726
0.1287
0.1546
0.1218
0.1557
0.1314
0.1609
0.1308
0.1602
0.1264
0.1766
0.1285
0.1554
0.1291
0.1645
0.1335
0.1647
0.1249
0.1594
0.1385
0.1983
0.1324
0.1616
0.1282
0.1857
0.1278
0.1658
0.1279
0.1657
0.1337
0.1641
0.1358
0.1596
0.1258
0.1534
0.1422
0.1719
0.1311
0.1555
0.1247
0.1879
0.1309
0.1728
0.1403
0.1729
0.1283
0.1575
0.128
0.2031
0.1314
0.1643
0.1288
0.1475
0.1212
0.164
0.1271
0.1642
0.1263
0.1655
0.1375
0.1673
0.1331
0.1717
0.131
0.1624
0.1269
0.1789
0.126
0.1665
0.1366
0.1683
0.1263
0.1471
0.1202
0.1471
0.1157
0.1536
0.1254
0.1717
0.126
0.1617
0.1286
0.1648
0.1267
0.1549
0.1254
0.1821
0.1347
0.1635
0.1292
0.1655
0.1275
0.169
0.1282
0.1642
0.1328
0.1551
0.1312
0.1667
0.1257
0.1515
0.1329
0.1605
0.1363
0.1635
0.1261
0.159
0.1406
0.1498
0.1272
0.1585
0.1218
0.1534
0.1312
0.15
0.1285
0.1494
0.1235
0.136
0.1159
0.154
0.1271
0.1453
0.1196
0.1575
0.129
0.1584
0.1297
0.15
0.1223
0.1507
0.1223
0.1702
0.1262
0.1422
0.1265
0.155
0.1348
0.1645
0.1334
0.1615
0.1269
0.1459
0.1287
0.1625
0.1296
0.1455
0.123
0.1492
0.1283
0.1523
0.1289
0.1477
0.1226
0.1793
0.124
0.197
0.1267
0.1516
0.1186
0.147
0.1251
0.1666
0.1278
0.1577
0.122
0.167
0.1266
0.158
0.125
0.1482
0.1186
0.1618
0.1322
0.1614
0.1341
0.1654
0.1269
0.1653
0.1293
0.1615
0.1376
0.155
0.1246
0.1436
0.1217
0.1749
0.122
0.145
0.1176
0.1807
0.125
0.1657
0.1398
0.1607
0.1302
0.1638
0.1267
0.1499
0.1273
0.1538
0.131
0.1589
0.1356
0.1469
0.1203
0.1871
0.1249
0.1453
0.1234
0.1666
0.1315
0.1403
0.1194
0.1673
0.126
0.1445
0.1292
0.1475
0.1256
0.1517
0.1259
0.1526
0.1231
0.1473
0.1334
0.1642
0.1301
0.158
0.1299
0.1446
0.1236
0.1507
0.1261
0.1549
0.1275
0.1455
0.1229
0.1638
0.1392
0.153
0.1274
0.1626
0.1301
0.1529
0.1274
0.1488
0.1254
0.1616
0.1344
0.1531
0.1208
0.1633
0.1391
0.1524
0.1245
0.1589
0.1353
0.1633
0.1256
0.1457
0.1179
0.1767
0.129
0.1779
0.1292
0.1684
0.1249
0.148
0.1286
0.1491
0.1198
0.1857
0.122
0.163
0.1255
0.1518
0.1214
0.1607
0.1249
0.1481
0.1286
0.1634
0.1252
0.1523
0.1264
0.1538
0.1291
0.1687
0.1275
0.1648
0.125
0.1566
0.1281
0.1584
0.1265
0.1468
0.1381
0.1542
0.128
0.1704
0.1267
0.15
0.1244
0.155
0.1319
0.1496
0.121
0.1682
0.1267
0.1648
0.1276
0.1766
0.1246
0.1637
0.1152
0.1678
0.1303
0.1559
0.1222
0.1809
0.1265
0.1509
0.123
0.1656
0.1311
0.1533
0.1273
0.1592
0.1254
0.1643
0.1267
0.1586
0.128
0.1706
0.1367
0.159
0.1332
0.165
0.1245
0.209
0.1301
0.1664
0.1307
0.1626
0.1241
0.1631
0.1252
0.149
0.1238
0.1819
0.1211
0.1527
0.129
0.1673
0.1273
0.1471
0.1227
0.1549
0.1365
0.1648
0.1252
0.1478
0.1286
0.1578
0.1396
0.151
0.1205
0.1541
0.1371
0.1551
0.1339
0.155
0.1237
0.1565
0.134
0.1561
0.1316
0.1576
0.1273
0.1558
0.1355
0.1557
0.1335
0.1584
0.1247
0.1573
0.1472
0.1542
0.1329
0.1578
0.1259
0.1615
0.1253
0.1578
0.1254
0.1619
0.1393
0.1454
0.1274
0.1611
0.1287
0.1535
0.1303
0.1544
0.1291
0.1662
0.1255
0.1434
0.1205
0.1481
0.1189
0.1559
0.1411
0.1552
0.1347
0.1558
0.1298
0.1554
0.124
0.1592
0.1403
0.1541
0.1332
0.164
0.1394
0.1583
0.1226
0.1521
0.1354
0.1652
0.1315
0.1477
0.1198
0.1554
0.1376
0.1602
0.1335
0.1601
0.1357
0.155
0.13
0.1564
0.1247
0.1574
0.1357
0.1644
0.1267
0.1596
0.1237
0.1597
0.1338
0.1554
0.1318
0.1556
0.1227
0.1573
0.1355
0.1648
0.126
0.1586
0.126
0.1563
0.1325
0.1605
0.1332
0.1481
0.1293
0.1602
0.1453
0.1773
0.1297
0.1576
0.1216
0.1899
0.1404
0.1748
0.1216
0.1526
0.1381
0.1741
0.1282
0.1639
0.1282
0.1494
0.1279
0.1621
0.1399
0.1648
0.1332
0.1651
0.1319
0.1615
0.1259
0.1575
0.1318
0.142
0.1282
0.1517
0.1235
0.1568
0.1384
0.1435
0.1239
0.1676
0.123
0.149
0.1259
0.2337
0.2706
0.2382
0.1976
0.2059
0.1362
0.1632
0.1323
0.1622
0.1218
0.1721
0.1272
0.1519
0.1226
0.1647
0.1386
0.1603
0.124
0.1462
0.1214
0.1655
0.1319
0.1626
0.1241
0.1595
0.1282
0.1583
0.133
0.1703
0.1303
0.1767
0.1402
0.209
0.1429
0.1643
0.1186
0.1586
0.127
0.1525
0.1244
0.1514
0.1292
0.1582
0.1338
0.1997
0.1274
0.1516
0.1288
0.1586
0.1329

-------------------------------------
CodechalDecodeHevcG12::SetFrameStates
-------------------------------------
1.0263
0.3502
22.644
31.4319
12.6343
0.1198
0.1806
0.1331
0.0397
0.0358
0.0377
0.0382
0.0373
0.0397
0.0352
0.0323
0.0365
0.0372
0.036
0.0352
0.0327
0.0354
0.0329
0.0347
0.0363
0.0347
0.0331
0.0343
0.0329
0.0337
0.0385
0.0334
0.0337
0.0336
0.034
0.0331
0.0338
0.0347
0.0336
0.0339
0.0353
0.0338
0.0326
0.0343
0.0342
0.0339
0.0341
0.0324
0.0388
0.0323
0.0323
0.041
0.0356
0.0313
0.0331
0.0333
0.0419
0.0328
0.0389
0.0335
0.031
0.0397
0.0321
0.0431
0.0457
0.0408
0.0392
0.032
0.0331
0.0316
0.0315
0.0335
0.0373
0.0385
0.0316
0.0479
0.034
0.0363
0.0346
0.0316
0.0334
0.034
0.0351
0.0331
0.0335
0.0338
0.0324
0.0335
0.0337
0.0325
0.0328
0.0337
0.0338
0.0327
0.0363
0.0328
0.0315
0.034
0.0314
0.0375
0.0308
0.0335
0.0484
0.0341
0.0345
0.0311
0.0342
0.0309
0.0333
0.0334
0.0329
0.0331
0.0342
0.0329
0.0322
0.0374
0.0329
0.0319
0.0274
0.0294
0.0402
0.0382
0.0387
0.0457
0.0396
0.0366
0.0355
0.0372
0.0357
0.038
0.0326
0.0342
0.0436
0.0389
0.0352
0.0341
0.0345
0.033
0.0312
0.0343
0.0309
0.036
0.0324
0.0319
0.034
0.035
0.0308
0.0331
0.0315
0.0327
0.0341
0.0344
0.0332
0.0337
0.0298
0.0309
0.035
0.0318
0.0305
0.033
0.0336
0.033
0.0331
0.0342
0.0331
0.0337
0.034
0.0325
0.0336
0.0406
0.035
0.0348
0.0333
0.0334
0.038
0.0335
0.0343
0.0323
0.0355
0.0483
0.0367
0.0387
0.0513
0.0454
0.048
0.0467
0.0339
0.0344
0.0318
0.0402
0.0388
0.0335
0.0323
0.0323
0.033
0.0315
0.0354
0.0431
0.0401
0.0358
0.0315
0.039
0.0336
0.0313
0.0331
0.0315
0.0335
0.0356
0.0326
0.0391
0.0328
0.0347
0.0316
0.0309
0.0403
0.0381
0.0301
0.0456
0.0352
0.0315
0.0321
0.0321
0.0326
0.0359
0.0317
0.035
0.0331
0.0311
0.0357
0.0328
0.039
0.0322
0.0393
0.0332
0.0352
0.0324
0.0336
0.0303
0.0229
0.0311
0.0342
0.0339
0.0333
0.0299
0.0313
0.0325
0.0363
0.0351
0.0321
0.0359
0.0407
0.0421
0.0376
0.0305
0.0331
0.0367
0.0319
0.0313
0.0372
0.0357
0.0368
0.0415
0.0382
0.0319
0.0348
0.0319
0.0346
0.0344
0.041
0.0405
0.0372
0.0399
0.0436
0.0315
0.0373
0.0335
0.0324
0.0366
0.0304
0.0369
0.0389
0.0325
0.0354
0.0333
0.04
0.0323
0.0373
0.0386
0.0319
0.0358
0.0386
0.0374
0.0369
0.0448
0.0305
0.0354
0.0335
0.0311
0.0359
0.0326
0.0395
0.0376
0.0336
0.0318
0.0503
0.0314
0.0378
0.0356
0.0324
0.0359
0.0393
0.0321
0.0356
0.0408
0.0435
0.0363
0.0415
0.0366
0.0461
0.0463
0.0368
0.0338
0.036
0.0341
0.0393
0.0386
0.0448
0.0314
0.0361
0.0421
0.0384
0.0409
0.0353
0.0518
0.0377
0.0369
0.0354
0.0394
0.0378
0.0374
0.0335
0.0476
0.037
0.0385
0.0423
0.0417
0.0374
0.036
0.0399
0.0437
0.0421
0.0364
0.0458
0.0407
0.0402
0.0362
0.0414
0.0316
0.0231
0.0381
0.0361
0.035
0.0331
0.0331
0.041
0.0353
0.0448
0.0427
0.0344
0.0339
0.0359
0.0317
0.034
0.0348
0.0332
0.0315
0.0355
0.0332
0.031
0.0317
0.0285
0.031
0.0336
0.033
0.0348
0.033
0.0468
0.0353
0.0292
0.0335
0.0332
0.0337
0.0311
0.0341
0.0311
0.0304
0.0345
0.031
0.0341
0.0416
0.0333
0.0321
0.0351
0.0325
0.0389
0.0321
0.0325
0.0346
0.0356
0.0457
0.0341
0.0341
0.0338
0.0299
0.0343
0.0303
0.0342
0.0342
0.032
0.0324
0.0308
0.0317
0.0333
0.0303
0.0349
0.0295
0.0344
0.03
0.0336
0.0306
0.0304
0.0309
0.0307
0.0313
0.0347
0.0319
0.0341
0.031
0.0355
0.0304
0.034
0.0317
0.0334
0.0324
0.0315
0.0353
0.031
0.0336
0.0314
0.0325
0.0346
0.0344
0.0367
0.0351
0.034
0.0314
0.0324
0.0321
0.0322
0.0315
0.0367
0.0306
0.0395
0.0317
0.0329
0.0341
0.0364
0.0341
0.0333
0.0299
0.0312
0.0356
0.0341
0.0349
0.0377
0.0341
0.0335
0.0406
0.0259
0.0342
0.0327
0.0378
0.0323
0.0391
0.0403
0.0336
0.0337
0.0356
0.0335
0.0338
0.0354
0.0344
0.0339
0.0347
0.0343
0.0318
0.0357
0.0334
0.0358
0.033
0.0333
0.0403
0.0311
0.0341
0.0318
0.0331
0.0324
0.0377
0.0336
0.0322
0.0377
0.0326
0.0333
0.0379
0.0328
0.0331
0.0376
0.0334
0.0326
0.0336
0.031
0.0342
0.0322
0.0323
0.0331
0.0295
0.0317
0.0332
0.0331
0.0328
0.0334
0.0332
0.0334
0.0337
0.0336
0.0324
0.0346
0.032
0.034
0.0335
0.0339
0.0327
0.0327
0.0336
0.0335
0.0342
0.0337
0.0327
0.0321
0.033
0.0338
0.0338
0.0334
0.0349
0.0319
0.0327
0.0354
0.0314
0.0418
0.0423
0.0339
0.0384
0.035
0.0325
0.0342
0.0345
0.0347
0.0347
0.0346
0.0309
0.0349
0.0341
0.0299
0.033
0.0366
0.046
0.0501
0.0527
0.0369
0.0333
0.0359
0.0324
0.0348
0.0334
0.0315
0.0341
0.0325
0.0349
0.0337
0.0343
0.0414
0.0492
0.0339
0.0316
0.0367
0.0344
0.0351
0.0405
0.0347
0.0364

--------------------------
CreateVideoDecoder_D3D11_1
--------------------------
20.9982

---------------------------
DestroyVideoDecoder_D3D11_1
---------------------------
0

----------------
First Frame Time
----------------
93.7899

--------------------------------------
VideoDecoderBeginFrame_WDDM2_4_D3D11_1
--------------------------------------
0.0078
0.0033
0.0041
0.0028
0.003
0.0028
0.0054
0.0027
0.0025
0.0022
0.0023
0.003
0.0024
0.0029
0.0019
0.0018
0.0032
0.002
0.0019
0.0026
0.0018
0.0018
0.0018
0.0019
0.0019
0.0018
0.0017
0.0021
0.0025
0.0041
0.0017
0.0018
0.0017
0.0017
0.0017
0.0018
0.0019
0.0019
0.0018
0.0019
0.0018
0.0019
0.0028
0.0018
0.002
0.0018
0.0019
0.0018
0.0017
0.0017
0.0018
0.0017
0.0018
0.0018
0.0018
0.0016
0.0018
0.0017
0.0018
0.0018
0.0018
0.0018
0.0016
0.0045
0.0042
0.0024
0.0024
0.0021
0.0016
0.0026
0.0016
0.0018
0.0028
0.0023
0.0018
0.0037
0.0022
0.0018
0.0019
0.0017
0.0018
0.0017
0.0019
0.0046
0.0019
0.0018
0.0018
0.0017
0.0026
0.0018
0.0017
0.0017
0.0018
0.0017
0.0032
0.0019
0.0019
0.0017
0.0017
0.0018
0.0016
0.0016
0.0018
0.0018
0.0017
0.0016
0.0017
0.0017
0.0017
0.0018
0.0017
0.0017
0.0018
0.0018
0.0018
0.0017
0.0017
0.0024
0.0019
0.0016
0.0028
0.0031
0.0031
0.0036
0.0026
0.0021
0.0026
0.0024
0.0025
0.0023
0.0019
0.0019
0.0038
0.0023
0.0019
0.0018
0.0046
0.0018
0.0018
0.0017
0.0017
0.0039
0.0019
0.0021
0.002
0.0019
0.002
0.0017
0.0018
0.0017
0.0019
0.0018
0.0021
0.0018
0.0017
0.0017
0.0018
0.0018
0.0017
0.0015
0.0018
0.0017
0.0017
0.0018
0.0039
0.0018
0.0017
0.0017
0.0017
0.0031
0.0022
0.002
0.0021
0.0018
0.0017
0.0018
0.002
0.002
0.0018
0.0026
0.0019
0.0032
0.003
0.0024
0.0027
0.0021
0.0018
0.0023
0.002
0.0018
0.002
0.0026
0.0021
0.0021
0.0018
0.0018
0.0018
0.0032
0.0022
0.0023
0.0017
0.0029
0.002
0.002
0.0016
0.0023
0.0017
0.0021
0.0018
0.0027
0.0021
0.0035
0.0019
0.0019
0.0018
0.002
0.0017
0.0028
0.0021
0.0021
0.0017
0.002
0.0019
0.0019
0.0018
0.0017
0.0019
0.0017
0.0021
0.0018
0.0027
0.002
0.0028
0.0019
0.0018
0.0019
0.0019
0.0023
0.0026
0.0017
0.0025
0.0018
0.002
0.0017
0.0015
0.0018
0.0028
0.002
0.0018
0.0017
0.0031
0.0037
0.0022
0.0018
0.0016
0.0026
0.0018
0.0018
0.0029
0.0033
0.002
0.0036
0.0023
0.0019
0.0018
0.0017
0.0017
0.0018
0.0032
0.0019
0.005
0.0064
0.0021
0.002
0.0031
0.002
0.0023
0.0025
0.0017
0.0026
0.0018
0.0021
0.002
0.0017
0.0028
0.0022
0.0027
0.0018
0.0025
0.0018
0.0032
0.0024
0.0024
0.0019
0.0018
0.0017
0.002
0.0019
0.002
0.0017
0.0036
0.0022
0.0024
0.0021
0.0031
0.002
0.0027
0.002
0.0023
0.0018
0.0034
0.0021
0.0017
0.0018
0.0033
0.0021
0.0048
0.0021
0.0031
0.002
0.0019
0.0018
0.0022
0.0018
0.0034
0.0019
0.0023
0.0018
0.0017
0.0029
0.002
0.0038
0.002
0.004
0.0022
0.0024
0.0018
0.0036
0.002
0.0027
0.0015
0.0033
0.0022
0.0028
0.0019
0.0033
0.0023
0.0021
0.0017
0.0036
0.0019
0.0021
0.0029
0.0032
0.0028
0.0022
0.0019
0.0023
0.0026
0.0017
0.002
0.0017
0.0018
0.0016
0.0033
0.0022
0.0034
0.002
0.0019
0.0024
0.0019
0.0017
0.0023
0.002
0.0018
0.0021
0.0018
0.0017
0.0019
0.0022
0.0018
0.0017
0.0018
0.0016
0.0024
0.0019
0.0018
0.002
0.0019
0.0016
0.0028
0.0019
0.0016
0.0017
0.0019
0.0016
0.0019
0.0016
0.0017
0.0037
0.0022
0.002
0.002
0.0018
0.0023
0.0016
0.0023
0.0019
0.002
0.002
0.0018
0.0024
0.0019
0.0016
0.0017
0.0016
0.0017
0.0018
0.0017
0.0019
0.0017
0.0017
0.0016
0.0016
0.0016
0.0017
0.0017
0.0016
0.0016
0.0017
0.0019
0.0017
0.0017
0.0017
0.0017
0.0017
0.0018
0.0015
0.0016
0.0016
0.0015
0.0016
0.0017
0.0016
0.0019
0.0017
0.0017
0.0016
0.0016
0.0018
0.002
0.0017
0.0022
0.0026
0.0019
0.0021
0.0024
0.0018
0.0018
0.0019
0.002
0.0019
0.0019
0.0017
0.0019
0.0018
0.0023
0.0018
0.0019
0.0019
0.0017
0.0018
0.002
0.0017
0.0085
0.0017
0.0017
0.004
0.0029
0.0021
0.0019
0.002
0.0018
0.0019
0.0018
0.0018
0.0018
0.0017
0.0018
0.0019
0.0018
0.0018
0.002
0.0018
0.0018
0.0019
0.0035
0.0019
0.0019
0.0021
0.0017
0.0018
0.0018
0.0018
0.0019
0.0017
0.0019
0.0027
0.0018
0.0017
0.0046
0.0018
0.0018
0.002
0.0018
0.0018
0.0017
0.0018
0.0016
0.0018
0.0018
0.0017
0.0022
0.0018
0.0017
0.0018
0.0024
0.0022
0.002
0.0018
0.0018
0.0018
0.0017
0.0017
0.0017
0.0018
0.0018
0.0016
0.0018
0.0016
0.0017
0.0016
0.0019
0.0018
0.0016
0.0016
0.0018
0.0017
0.0018
0.0019
0.0019
0.0018
0.0017
0.0026
0.0016
0.0017
0.0029
0.0018
0.0034
0.0035
0.0023
0.0024
0.0019
0.0021
0.0018
0.002
0.0018
0.0018
0.0019
0.0015
0.0016
0.002
0.0017
0.0016
0.0019
0.003
0.0033
0.0028
0.0022
0.0025
0.002
0.0018
0.0018
0.0017
0.0018
0.0017
0.002
0.0018
0.0018
0.0019
0.0032
0.0046
0.0022
0.0019
0.0022
0.0017
0.0018
0.0033
0.0022
0.0018

----------------------------
VideoDecoderEndFrame_D3D11_1
----------------------------
0.044
0.0772
0.0588
0.087
0.0742
0.0876
0.0723
0.0695
0.0609
0.0638
0.0656
0.0679
0.0653
0.0669
0.0656
0.0659
0.0614
0.0678
0.0777
0.0627
0.0578
0.0654
0.0605
0.0641
0.0605
0.0628
0.063
0.0652
0.06
0.0583
0.0603
0.0646
0.0575
0.0686
0.0608
0.0633
0.0701
0.0612
0.0602
0.0658
0.0596
0.0674
0.0587
0.0608
0.0623
0.0589
0.0607
0.0596
0.0642
0.0582
0.0606
0.0699
0.0602
0.068
0.0599
0.0608
0.0617
0.0632
0.0619
0.0612
0.0592
0.0605
0.0591
0.0675
0.0673
0.0693
0.0642
0.0604
0.0665
0.0584
0.0626
0.0687
0.0602
0.0616
0.0579
0.0638
0.0658
0.0624
0.0586
0.0631
0.0605
0.0616
0.0692
0.06
0.0589
0.0657
0.0608
0.0731
0.0606
0.0675
0.064
0.0605
0.0687
0.0696
0.0629
0.0599
0.06
0.0662
0.0574
0.0585
0.0649
0.0593
0.059
0.0586
0.0601
0.0615
0.0603
0.0664
0.0591
0.0662
0.0676
0.0632
0.0614
0.0705
0.0577
0.0644
0.0672
0.0559
0.0598
0.0588
0.0656
0.0596
0.0623
0.0603
0.0616
0.0603
0.0633
0.0596
0.0607
0.0606
0.0614
0.0647
0.0718
0.058
0.0627
0.0606
0.0615
0.0595
0.057
0.0689
0.0645
0.0649
0.0555
0.0578
0.0618
0.0684
0.0563
0.0608
0.0593
0.0629
0.0624
0.0595
0.0593
0.0617
0.0552
0.0651
0.0609
0.0605
0.0567
0.0602
0.0631
0.0638
0.0599
0.0609
0.0624
0.0627
0.0611
0.0625
0.0635
0.063
0.0614
0.0674
0.0602
0.0621
0.0693
0.0634
0.0609
0.059
0.0616
0.0599
0.0681
0.0605
0.0757
0.0766
0.0706
0.0564
0.0715
0.0681
0.0691
0.0674
0.0567
0.0705
0.0591
0.0559
0.054
0.0547
0.0613
0.0632
0.0649
0.0586
0.0547
0.0566
0.0556
0.0591
0.0578
0.0538
0.0554
0.0648
0.0578
0.0702
0.0553
0.0628
0.0531
0.0648
0.0538
0.0556
0.0608
0.0646
0.0633
0.0572
0.0624
0.0602
0.0643
0.0564
0.0535
0.0552
0.0541
0.0549
0.0598
0.0532
0.0701
0.0542
0.0637
0.058
0.063
0.0536
0.06
0.0537
0.0562
0.0612
0.0532
0.0596
0.0571
0.053
0.0579
0.0578
0.0661
0.0542
0.0531
0.0586
0.0655
0.0609
0.0582
0.0593
0.0538
0.0719
0.0536
0.0598
0.0667
0.0575
0.0773
0.1203
0.0562
0.0537
0.058
0.0598
0.0555
0.0807
0.062
0.056
0.0579
0.0662
0.0591
0.0598
0.0664
0.0535
0.0615
0.0544
0.0599
0.0549
0.0577
0.0556
0.0696
0.055
0.0683
0.0585
0.0602
0.057
0.0572
0.0679
0.0641
0.0556
0.0686
0.0577
0.058
0.0578
0.0609
0.0612
0.0605
0.0852
0.0592
0.0646
0.0552
0.0589
0.0633
0.0552
0.0601
0.0691
0.0559
0.0893
0.0559
0.0632
0.0556
0.097
0.0557
0.0573
0.0639
0.0561
0.059
0.0581
0.0584
0.066
0.0562
0.0897
0.0591
0.0569
0.0558
0.0551
0.055
0.0652
0.0658
0.0583
0.0578
0.0633
0.0676
0.0571
0.0882
0.0571
0.0579
0.0627
0.0581
0.0603
0.0731
0.0557
0.059
0.0608
0.0559
0.0557
0.0843
0.0565
0.0553
0.0594
0.0713
0.0878
0.0575
0.0622
0.065
0.0601
0.0561
0.0617
0.0558
0.0584
0.0566
0.0584
0.0597
0.0914
0.0614
0.0691
0.055
0.0547
0.0705
0.0573
0.0633
0.0677
0.0578
0.0554
0.0611
0.0606
0.0562
0.0528
0.0596
0.0541
0.0568
0.0568
0.0613
0.0551
0.056
0.0588
0.0547
0.0716
0.0564
0.0565
0.0587
0.0663
0.0533
0.0612
0.0536
0.0556
0.055
0.058
0.0652
0.0535
0.0603
0.055
0.0607
0.0688
0.0589
0.0662
0.0541
0.0554
0.0542
0.0558
0.0674
0.053
0.0535
0.056
0.0547
0.0679
0.0578
0.0616
0.0547
0.0566
0.0564
0.0589
0.0536
0.0591
0.0538
0.0576
0.0582
0.0605
0.0534
0.0551
0.0526
0.0573
0.0569
0.0604
0.0528
0.0601
0.0597
0.0595
0.0596
0.0564
0.0598
0.0598
0.061
0.0658
0.0536
0.0569
0.0548
0.0585
0.0651
0.053
0.0603
0.056
0.0571
0.058
0.0534
0.0587
0.0614
0.0551
0.0574
0.0588
0.0654
0.0576
0.0628
0.0621
0.0563
0.0592
0.0601
0.0649
0.0643
0.0598
0.0559
0.0586
0.0656
0.0595
0.0586
0.065
0.0594
0.0649
0.0612
0.0634
0.0583
0.0592
0.0607
0.0595
0.0623
0.0601
0.062
0.0615
0.06
0.0617
0.0603
0.0608
0.0623
0.0589
0.0583
0.0615
0.0681
0.0641
0.0596
0.0584
0.0582
0.0608
0.0578
0.0627
0.0612
0.0637
0.0665
0.06
0.0592
0.0646
0.0598
0.0604
0.0629
0.0626
0.0602
0.0604
0.0621
0.061
0.0586
0.0598
0.0685
0.0621
0.0608
0.0634
0.0612
0.0623
0.0599
0.0616
0.058
0.0617
0.0576
0.0606
0.0652
0.0612
0.0604
0.0579
0.0636
0.0669
0.0591
0.0621
0.0676
0.0693
0.0617
0.0684
0.063
0.059
0.0587
0.0603
0.0599
0.0688
0.0607
0.0621
0.0578
0.0588
0.0634
0.0582
0.0781
0.0611
0.0606
0.0592
0.0666
0.0603
0.0665
0.0647
0.0648
0.0666
0.0577
0.0569
0.0597
0.0617
0.0574
0.0604
0.0563
0.0893
0.0865
0.0649
0.065
0.065
0.0655
0.062
0.0593
0.0621
0.063
0.0603
0.0592
0.0591
0.0622
0.0589
0.0656
0.0624
0.0566
0.0598
0.0613
0.0562
0.061
0.0601
0.0577
0.0633

---------------------------------
VideoDecoderSubmitBuffers_D3D11_1
---------------------------------
17.1482
41.5142
24.6711
96.0141
36.3325
0.738
0.9301
0.7663
0.6095
0.6789
0.7104
0.8051
0.6636
0.6697
0.6561
0.753
0.8672
0.7699
0.6572
0.7995
0.5809
0.6188
0.5832
0.6906
0.4522
0.4342
0.4256
0.4451
0.423
0.4368
0.4272
0.4342
0.4274
0.4271
0.4323
0.4292
0.4241
0.4419
0.4366
0.4424
0.4512
0.4332
0.4095
0.4451
0.4403
0.4418
0.435
0.4237
0.4251
0.4276
0.4211
1.029
0.4632
0.3941
0.4348
0.4273
0.4223
0.4237
0.4309
0.4365
0.4024
0.433
0.4244
0.502
0.5334
0.4814
0.492
0.4176
0.4416
0.4089
0.4163
0.4319
0.4589
0.4615
0.405
0.57
0.4205
0.4322
0.4295
0.417
0.431
0.4232
0.4489
0.4239
0.4272
0.4263
0.4181
0.4253
0.4469
0.4129
0.4354
0.4325
0.4194
0.4357
0.4476
0.4159
0.4059
0.4383
0.4038
0.4329
0.4074
0.4342
0.4409
0.4376
0.4348
0.4399
0.4388
0.401
0.4395
0.4216
0.4281
0.4291
0.4301
0.4289
0.4269
0.4212
0.4295
0.4089
0.4361
0.4008
0.4816
0.468
0.5161
0.525
0.4305
0.4609
0.4675
0.477
0.4716
0.5033
0.406
0.4282
0.5546
0.4278
0.4435
0.4369
0.4303
0.4363
0.4061
0.438
0.4046
0.4464
0.4207
0.4059
0.433
0.4325
0.3959
0.4318
0.4017
0.428
0.4336
0.4349
0.432
0.4352
0.3905
0.4108
0.4395
0.4055
0.3973
0.4283
0.4308
0.4219
0.4347
0.4369
0.4234
0.4328
0.4367
0.4141
0.4289
0.497
0.4205
0.4373
0.4192
0.439
0.4233
0.4459
0.4434
0.4201
0.7679
0.8246
0.7183
0.6129
0.9324
0.6228
0.6988
0.7182
0.7882
0.6319
0.7341
0.817
0.8185
0.7023
0.8093
0.4234
0.4137
0.401
0.8259
0.7334
0.7109
0.7834
0.8264
0.7568
0.7623
0.8379
0.8735
0.7589
0.8944
0.8001
0.7742
0.8009
0.7393
0.8451
0.8361
0.79
0.8193
0.8601
0.8123
0.786
0.8118
0.7324
0.8864
0.8388
0.424
0.4231
0.4075
0.7401
0.776
0.8689
0.8126
0.7625
0.7547
0.7379
0.7483
0.7799
0.8293
0.767
0.8734
0.3916
0.3841
0.4053
0.3947
0.4948
0.8771
0.8434
0.8509
0.919
0.4368
0.4251
0.3998
0.6726
0.4865
0.5016
0.4321
0.3873
0.9954
0.4405
0.3986
0.6225
9.3341
0.4214
0.448
0.5133
0.4443
0.5288
0.8596
0.864
0.8266
0.8874
0.7055
0.8627
0.7743
0.6305
0.8587
0.7787
0.4455
0.4562
0.7649
0.4434
0.3804
0.4467
0.6578
0.8461
0.774
0.7749
0.8154
0.7257
0.7604
0.9004
0.7452
0.8651
0.6832
0.7731
0.668
0.8245
0.7662
0.8796
0.8183
0.7897
0.8336
0.859
0.7191
0.8285
0.8031
0.4214
0.5187
0.3949
0.4682
0.707
0.7369
0.8457
0.6029
0.8862
0.8294
0.7664
0.817
0.8304
0.6996
0.8391
0.7093
0.7477
0.8007
0.8062
0.6761
0.9231
0.6943
0.8248
0.8522
0.7522
0.8455
0.4545
0.4466
0.5178
0.4407
0.586
0.735
0.7721
0.8272
0.6198
0.9
0.7627
0.7513
0.7989
0.7359
0.4545
0.4329
0.5315
0.4507
0.408
0.7249
0.6963
0.8824
0.8025
0.677
0.8373
0.4745
0.4676
0.4478
0.4085
0.3926
0.5606
0.5159
0.6775
0.8106
0.8534
0.7619
0.8302
0.759
0.8358
0.8838
0.4272
0.5736
0.7924
0.8741
0.7631
0.8826
0.6948
0.8003
0.8653
0.7879
0.4113
0.369
0.4105
0.7179
0.8763
0.608
0.4169
0.4254
0.5772
0.7787
0.9159
0.8076
0.763
0.4047
0.7751
0.6516
0.7668
0.8103
0.7569
0.9228
0.5122
0.4142
0.4124
0.4379
0.5598
0.8629
0.7438
0.6119
0.8052
0.6696
0.8425
0.8386
0.4431
0.5211
0.8104
0.9169
0.752
0.9451
0.8089
0.8245
0.8088
0.7949
0.7965
0.9087
0.7231
0.8967
0.7652
0.913
0.7635
0.9538
0.7622
0.4108
0.4194
0.3994
0.5642
0.8913
0.7794
0.7687
0.8429
0.8517
0.7477
0.9291
0.7508
0.8553
0.7698
0.7854
0.7833
0.7352
0.7494
0.8233
0.8771
0.4368
0.5048
0.4619
0.4598
0.4296
0.4015
0.4026
0.4395
0.418
0.4036
0.4411
0.4018
0.4408
0.4073
0.4147
0.4403
0.4576
0.4184
0.4204
0.4236
0.4113
0.443
0.4166
0.4225
0.4195
0.4379
0.4302
0.4809
0.4198
0.4385
0.4094
0.4589
0.4082
0.4465
0.4308
0.4249
0.4353
0.4352
0.4448
0.4395
0.4371
0.4803
0.439
0.4365
0.4305
0.4044
0.468
0.4183
0.4465
0.4128
0.43
0.4448
0.4074
0.4401
0.4013
0.4368
0.4267
0.4179
0.4278
0.4237
0.4263
0.4321
0.4286
0.4249
0.4447
0.4237
0.429
0.4317
0.4208
0.4532
0.3998
0.4237
0.4187
0.4202
0.4289
0.3886
0.4065
0.4434
0.4265
0.4245
0.4192
0.4365
0.4271
0.4532
0.4376
0.4228
0.4349
0.3988
0.4315
0.4333
0.4415
0.427
0.4247
0.4349
0.4322
0.4254
0.4394
0.4236
0.4119
0.4378
0.4355
0.4273
0.4264
0.4569
0.4103
0.4595
0.4639
0.4097
0.5125
0.4553
0.433
0.4517
0.4334
0.4065
0.4585
0.4526
0.4381
0.4351
0.4222
0.3957
0.4233
0.4356
0.3907
0.4323
0.4208
0.7226
0.6511
0.5283
0.4368
0.4415
0.4489
0.4164
0.4462
0.4298
0.3971
0.4475
0.4259
0.437
0.4311
0.4497
0.5047
0.5567
0.4246
0.4162
0.4859
0.4232
0.438
0.5092
0.423
0.4395

