---------------------------------------------
CalcPrivateVideoDecoderOutputViewSize_D3D11_1
---------------------------------------------
0.0028
0.0053
0.002
0.0019
0.0017
0.0026
0.0026
0.0015
0.0012
0.0022
0.001
0.0013
0.0009
0.002
0.0008
0.001
0.0009
0.001
0.0008
0.0018
0.0008
0.0008
0.0007
0.001
0.0009
0.0009
0.0019
0.0022
0.005
0.0012
0.0013
0.001
0.0012
0.0011
0.0009
0.001
0.0007
0.0008
0.0007
0.001
0.0009
0.001
0.0039
0.001
0.001
0.0009
0.0019
0.0012
0.0015
0.0013
0.0012
0.0012
0.0011
0.0009
0.0017
0.0016
0.0016
0.0014
0.0016
0.0017
0.0017
0.0016
0.0014
0.0026
0.0013
0.001
0.0008
0.0009
0.001
0.0009
0.0009
0.001
0.0017
0.0012
0.0012
0.0026
0.0013
0.001
0.0011
0.0014
0.001
0.0008
0.001
0.0011
0.001
0.001
0.0012
0.0009
0.0009
0.0008
0.0011
0.0008
0.0011
0.0009
0.005
0.0013
0.001
0.001
0.0011
0.0012
0.0012
0.0008
0.0016
0.0012
0.0012
0.001
0.0009
0.0011
0.0009
0.0008
0.0018
0.0012
0.0011
0.001
0.001
0.0009
0.0011
0.0009
0.0013
0.001
0.0007
0.0019
0.0013
0.0011
0.0011
0.0019
0.0033
0.0015
0.0013
0.0016
0.0015
0.0016
0.0011
0.0012
0.0009
0.001
0.0009
0.001
0.0011
0.001
0.0011
0.0059
0.001
0.0019
0.0017
0.0014
0.0011
0.0011
0.0009
0.001
0.0009
0.0008
0.0009
0.0007
0.0007
0.0016
0.0013
0.0009
0.001
0.0011
0.0017
0.0011
0.0011
0.0009
0.001
0.0011
0.0018
0.0018
0.0018
0.0015
0.0009
0.0017
0.0016
0.0012
0.002
0.0016
0.001
0.0015
0.0011
0.0009
0.0009
0.0016
0.0011
0.001
0.0009
0.0008
0.0008
0.0009
0.0009
0.001
0.001
0.0009
0.0008
0.0008
0.0008
0.0017
0.002
0.0013
0.0012
0.0009
0.0009
0.0007
0.001
0.0008
0.0007
0.0016
0.0016
0.0011
0.001
0.001
0.0014
0.0076
0.001
0.001
0.0012
0.0007
0.0007
0.0015
0.0038
0.0012
0.001
0.0008
0.001
0.0011
0.0009
0.0007
0.0008
0.0008
0.0008
0.0008
0.0008
0.0007
0.0008
0.0009
0.0008
0.0007
0.0008
0.001
0.0017
0.0009
0.0006
0.0008
0.0007
0.0008
0.0009
0.0009
0.0007
0.001
0.001
0.001
0.0008
0.0009
0.0012
0.001
0.0007
0.0007
0.0018
0.0011
0.0011
0.001
0.0008
0.0008
0.0007
0.0007
0.0019
0.0007
0.0007
0.0007
0.0009
0.0009
0.0007
0.0006
0.0007
0.0006
0.0017
0.0024
0.0017
0.0013
0.0008
0.0009
0.001
0.0016
0.0011
0.0007
0.0007
0.0007
0.0016
0.0011
0.0009
0.001
0.0008
0.0009
0.0011
0.001
0.001
0.0049
0.0012
0.0007
0.001
0.0009
0.001
0.0017
0.0015
0.0016
0.0012
0.0016
0.0016
0.0015
0.0017
0.0013
0.001
0.0013
0.0017
0.0014
0.0011
0.0011
0.0054
0.0016
0.0011
0.0011
0.0018
0.0013
0.0011
0.0008
0.001
0.0011
0.001
0.001
0.0018
0.0012
0.0011
0.001
0.001
0.0009
0.001
0.0008
0.0011
0.001
0.0015
0.0012
0.0018
0.0012
0.0012
0.0011
0.0007
0.0016
0.0015
0.0011
0.0015
0.0012
0.001
0.0016
0.001
0.0011
0.001
0.0009
0.0009
0.0008
0.002
0.0011
0.0008
0.0017
0.0013
0.0013
0.0011
0.001
0.0008
0.0011
0.001
0.0018
0.0017
0.0012
0.001
0.001
0.0009
0.0007
0.0016
0.0013
0.0016
0.0013
0.0012
0.001
0.0011
0.0018
0.0014
0.0011
0.0012
0.0012
0.0012
0.0012
0.0019
0.0011
0.0012
0.0016
0.0013
0.001
0.0018
0.0013
0.0011
0.0009
0.0008
0.0017
0.0017
0.0012
0.0016
0.0014
0.0015
0.0012
0.001
0.0008
0.0008
0.0008
0.0008
0.0017
0.0019
0.0018
0.0017
0.001
0.0022
0.0018
0.0019
0.001
0.001
0.001
0.0017
0.0016
0.0012
0.0016
0.0014
0.001
0.0011
0.0011
0.0007
0.0006
0.0019
0.0021
0.0014
0.0009
0.0009
0.0009
0.0009
0.001
0.0007
0.0011
0.0007
0.0006
0.0007
0.0007
0.0007
0.0007
0.0007
0.0008
0.0009
0.0007
0.0007
0.0008
0.0009
0.0007
0.0015
0.0022
0.0013
0.0011
0.0024
0.0014
0.0011
0.0017
0.0016
0.0011
0.001
0.0011
0.0009
0.0011
0.0008
0.0017
0.014
0.0014
0.0012
0.0011
0.0016
0.0012
0.0012
0.0009
0.0009
0.0008
0.0009
0.0007
0.0008
0.0009
0.0008
0.0009
0.001
0.0008
0.0009
0.0008
0.001
0.0008
0.0009
0.0008
0.0007
0.0008

-----------------------
CodechalDecode::Execute
-----------------------
1.2205
2.5575
3.3495
0.4387
1.1036
0.5438
0.429
0.4181
0.3493
0.3254
0.3471
0.3251
0.3566
0.3206
0.352
0.326
0.3423
0.316
0.35
0.3203
0.3384
0.3135
0.3474
0.3041
0.3335
0.3151
0.3265
0.3861
0.3813
0.3296
0.3386
0.3199
0.3159
0.3398
0.3178
0.3241
0.3123
0.3261
0.3003
0.3132
0.3163
0.3217
0.3213
0.3024
0.3404
0.3316
0.3846
0.3544
0.3763
0.2124
0.3245
0.3276
0.3073
0.3092
0.3532
0.3299
0.3385
0.3317
0.3197
0.3507
0.3619
0.3392
0.3186
0.3151
0.3202
0.3179
0.3102
0.3052
0.3363
0.3046
0.2965
0.316
0.3523
0.3469
0.3153
0.3598
0.3115
0.3052
0.3081
0.3174
0.3392
0.3072
0.343
0.3167
0.3136
0.3573
0.3236
0.3044
0.3358
0.3154
0.3195
0.314
0.3174
0.302
0.3402
0.3423
0.3287
0.3092
0.2313
0.3399
0.3172
0.3057
0.3691
0.3308
0.3311
0.3152
0.3132
0.3208
0.3181
0.3476
0.3327
0.3149
0.3231
0.3215
0.3385
0.3039
0.3477
0.3354
0.3179
0.3284
0.3106
0.3563
0.3393
0.3207
0.3079
0.359
0.3306
0.3384
0.3342
0.362
0.3302
0.3183
0.3169
0.3179
0.3329
0.3374
0.3193
0.3037
0.336
0.3151
0.3016
0.3398
0.3141
0.3555
0.3709
0.3268
0.307
0.2352
0.3346
0.3319
0.3195
0.3378
0.297
0.3034
0.3152
0.375
0.3296
0.3344
0.3423
0.3176
0.3318
0.329
0.3299
0.3194
0.3201
0.3009
0.3573
0.3071
0.3626
0.3416
0.3195
0.3392
0.3583
0.3301
0.3737
0.3661
1.1266
0.3456
0.3206
0.3561
0.3016
0.3627
0.332
0.314
0.3006
0.3134
0.3451
0.3313
0.3327
0.31
0.3272
0.3396
0.3143
0.3377
0.3253
0.3609
0.2723
0.3586
0.3329
0.3442
0.3209
0.2996
0.3094
0.3185
0.3019
0.3526
0.3501
0.3294
0.3185
0.339
0.3304
0.3365
0.3283
0.313
0.3457
0.306
0.3312
0.3363
0.3368
0.3418
0.3338
0.3322
0.307
0.3379
0.2994
0.3193
0.327
0.3122
0.3434
0.3411
0.3521
0.3461
0.3122
0.304
0.3343
0.3135
0.3529
0.3532
0.318
0.347
0.346
0.3477
0.3112
0.3456
0.3064
0.2462
0.3131
0.3386
0.3118
0.3365
0.3115
0.3531
0.3098
0.3456
0.3352
0.3106
0.3618
0.3213
0.3606
0.3437
0.3133
0.341
0.3138
0.3446
0.3108
0.3404
0.2956
0.3261
0.3228
0.3108
0.3464
0.3248
0.3309
0.3101
0.3822
0.42
0.3459
0.351
0.3055
0.3177
0.3048
0.3558
0.3316
0.3133
0.312
0.355
0.3375
0.3194
0.3471
0.3151
0.3303
0.3233
0.3245
0.3416
0.2176
0.3133
0.3306
0.3265
0.3132
0.3244
0.3103
0.3632
0.362
0.3166
0.3096
0.3536
0.3584
0.3357
0.3462
0.3396
0.3138
0.3085
0.3353
0.3327
0.3126
0.3218
0.3043
0.3446
0.3284
0.3114
0.3576
0.3229
0.3154
0.3055
0.3269
0.3152
0.345
0.3236
0.3914
0.3277
0.3397
0.3237
0.3138
0.3132
0.3113
0.3129
0.3121
0.3108
0.3398
0.3501
0.3794
0.3293
0.3171
0.217
0.3099
0.364
0.3179
0.3061
0.3457
0.3099
0.3242
0.3381
0.3394
0.3129
0.3357
0.2993
0.3306
0.3247
0.3837
0.2993
0.3087
0.3785
0.328
0.3038
0.3529
0.3203
0.311
0.3396
0.3032
0.341
0.3758
0.3222
0.3026
0.3224
0.3171
0.3017
0.3412
0.3353
0.3517
0.3208
0.3237
0.3115
0.3236
0.3701
0.343
0.3322
0.3093
0.3089
0.3187
0.3576
0.3822
0.3318
0.2076
0.4754
0.3443
0.3282
0.3408
0.3361
0.341
0.3233
0.3091
0.3594
0.3406
0.3186
0.358
0.3351
0.3245
0.3391
0.3222
0.3184
0.3212
0.316
0.3494
0.3537
0.3585
0.3784
0.3607
0.3165
0.4182
0.3363
0.336
0.3347
0.3149
0.301
0.3581
0.3336
0.3084
0.3346
0.3407
0.3006
0.3196
0.3484
0.301
0.3196
0.3684
0.4017
0.3418
0.3134
0.341
0.3085
0.3074
0.2317
0.3019
0.3173
0.3112
0.3037
0.3366
0.3286
0.301
0.3221
0.3187
0.3242
0.3166
0.3636
0.3309
0.3148
0.3423
0.3098
0.3396
0.4182
0.3514
0.339
0.4161
0.3669
0.3092
0.3191
0.3415
0.3356
0.3253
0.3341
0.325
0.3683
0.3373
0.3743
0.3954
0.3486
0.3237
0.319
0.356
0.3305
0.3577
0.313
0.3356
0.3344
0.3255
0.3314
0.3118
0.3342
0.3158
0.3426
0.2158
0.3646
0.3364
0.3213
0.3007
0.3434
0.3163
0.3525
0.354
0.3505

---------------------------------------
CodechalDecodeHevcG12::DecodeStateLevel
---------------------------------------
0.3258
0.2027
0.1522
0.135
0.1163
0.1656
0.1073
0.1066
0.1122
0.1026
0.111
0.1043
0.1158
0.1022
0.111
0.1012
0.1113
0.101
0.1113
0.1036
0.1067
0.0999
0.1115
0.0962
0.1059
0.1017
0.1054
0.135
0.1312
0.1076
0.1129
0.1027
0.1012
0.1117
0.101
0.1019
0.1042
0.1067
0.0952
0.0986
0.1005
0.1007
0.1017
0.0967
0.1105
0.1093
0.1278
0.1169
0.1296
0.0945
0.1071
0.1123
0.1018
0.1003
0.116
0.1095
0.1105
0.1079
0.1036
0.1176
0.1164
0.113
0.1007
0.1046
0.1066
0.1006
0.0962
0.0962
0.1109
0.0989
0.0952
0.102
0.1197
0.1141
0.1001
0.1221
0.1002
0.0971
0.1024
0.1008
0.1079
0.1002
0.1118
0.1008
0.0987
0.1176
0.0993
0.0981
0.1098
0.1067
0.1005
0.0994
0.1065
0.0962
0.1056
0.1099
0.1025
0.1012
0.1021
0.1116
0.1003
0.0967
0.1251
0.1084
0.1029
0.103
0.1048
0.0984
0.1039
0.1104
0.1093
0.1007
0.1019
0.1042
0.1114
0.0961
0.1117
0.1074
0.1012
0.1036
0.1001
0.1106
0.1158
0.1015
0.096
0.119
0.1106
0.1145
0.1067
0.1232
0.1126
0.1068
0.1075
0.1012
0.1079
0.1135
0.1041
0.0983
0.1123
0.1021
0.0952
0.1034
0.1002
0.1103
0.126
0.1095
0.0986
0.1125
0.1061
0.1044
0.1002
0.1082
0.0947
0.0953
0.1016
0.1272
0.1057
0.1169
0.1054
0.1009
0.1098
0.1084
0.1073
0.1085
0.1027
0.0957
0.1186
0.1003
0.1212
0.1105
0.1047
0.1094
0.1236
0.1069
0.1306
0.1238
0.1069
0.1128
0.1037
0.1206
0.0971
0.1235
0.1084
0.1018
0.0968
0.1033
0.1112
0.1082
0.1068
0.0982
0.1086
0.1075
0.098
0.1096
0.1038
0.1331
0.1194
0.1218
0.1081
0.1112
0.0999
0.0965
0.0981
0.0979
0.0968
0.1158
0.1159
0.1062
0.1009
0.1103
0.1076
0.1066
0.1044
0.0988
0.1111
0.0984
0.1082
0.1107
0.1132
0.1137
0.1112
0.1064
0.1011
0.1118
0.0965
0.104
0.1058
0.1022
0.111
0.1061
0.1189
0.1143
0.0988
0.0961
0.1107
0.1024
0.1197
0.1192
0.0995
0.1113
0.1133
0.1189
0.0996
0.1115
0.0963
0.1026
0.1002
0.1093
0.102
0.1098
0.1011
0.1187
0.0977
0.1107
0.108
0.0985
0.1186
0.1043
0.1277
0.123
0.1005
0.1105
0.0995
0.1143
0.0979
0.1097
0.0957
0.1038
0.1081
0.099
0.1171
0.1079
0.1069
0.0971
0.1265
0.1517
0.1164
0.1153
0.0968
0.1041
0.0985
0.1121
0.107
0.1023
0.0991
0.1215
0.1117
0.107
0.1167
0.099
0.11
0.1053
0.1122
0.1107
0.0924
0.0999
0.1058
0.1076
0.0972
0.1038
0.0984
0.1168
0.1229
0.102
0.0979
0.1178
0.1158
0.1115
0.1161
0.1135
0.1022
0.1015
0.1108
0.1163
0.1027
0.1
0.0974
0.1138
0.1094
0.0997
0.115
0.1025
0.0985
0.0979
0.1038
0.1005
0.1109
0.1066
0.1297
0.1073
0.1117
0.1037
0.1001
0.1003
0.1001
0.0998
0.0995
0.1009
0.1123
0.1216
0.1285
0.1096
0.106
0.0935
0.1
0.1227
0.1024
0.0977
0.1139
0.1026
0.1077
0.1101
0.1092
0.1048
0.1165
0.096
0.106
0.1075
0.1319
0.0963
0.0969
0.1282
0.1083
0.0975
0.112
0.1026
0.1007
0.1139
0.0963
0.1125
0.1213
0.1021
0.0966
0.108
0.105
0.0952
0.1159
0.1141
0.1204
0.1035
0.1053
0.0998
0.0958
0.1268
0.1129
0.1052
0.0996
0.0991
0.1006
0.1153
0.1295
0.1201
0.0923
0.1546
0.1086
0.1068
0.1136
0.1133
0.1104
0.1016
0.0998
0.1218
0.1115
0.1032
0.1109
0.108
0.1024
0.1117
0.1073
0.0979
0.1003
0.0993
0.1139
0.1162
0.1177
0.1257
0.1264
0.0996
0.1525
0.1117
0.1076
0.1115
0.1029
0.0967
0.1213
0.11
0.1008
0.1098
0.1127
0.0973
0.0996
0.1132
0.0976
0.1041
0.1223
0.1448
0.1114
0.1006
0.108
0.0962
0.0977
0.0996
0.0946
0.1013
0.1004
0.0943
0.1101
0.1073
0.0938
0.1067
0.1038
0.1097
0.1014
0.1293
0.1087
0.1023
0.1101
0.0974
0.1151
0.1524
0.1202
0.1134
0.1495
0.1233
0.1008
0.1056
0.1139
0.1113
0.1079
0.1076
0.1008
0.1309
0.1142
0.1314
0.1411
0.114
0.1034
0.1026
0.1207
0.1047
0.1294
0.0979
0.1119
0.1126
0.1088
0.1107
0.1018
0.1107
0.1029
0.1114
0.0939
0.1311
0.1086
0.0996
0.0958
0.1209
0.1068
0.1161
0.1164
0.1192

-------------------------------------
CodechalDecodeHevcG12::SetFrameStates
-------------------------------------
0.6616
2.2411
2.6966
0.2187
0.494
0.2424
0.218
0.2145
0.1561
0.1477
0.1555
0.1459
0.1554
0.1436
0.1543
0.1461
0.1516
0.1437
0.1552
0.143
0.1516
0.1423
0.1553
0.1397
0.1476
0.1453
0.1473
0.155
0.1548
0.1483
0.1477
0.1482
0.144
0.1524
0.1479
0.1462
0.1409
0.1405
0.1396
0.1438
0.147
0.1527
0.1501
0.142
0.1489
0.147
0.162
0.1558
0.1544
0.0494
0.1452
0.1465
0.1396
0.1421
0.154
0.1444
0.1495
0.1485
0.1446
0.1471
0.1617
0.1467
0.1459
0.143
0.1431
0.1456
0.15
0.1443
0.1486
0.14
0.1389
0.1443
0.1509
0.1507
0.1423
0.1516
0.1451
0.1445
0.1392
0.1467
0.1547
0.1429
0.1509
0.1451
0.1421
0.1578
0.1523
0.1414
0.1508
0.142
0.1469
0.1461
0.1417
0.1394
0.152
0.1581
0.1565
0.1432
0.0536
0.1492
0.1454
0.1456
0.155
0.1516
0.1577
0.145
0.1441
0.1543
0.1413
0.1594
0.1458
0.147
0.1451
0.1446
0.1586
0.1432
0.1548
0.1523
0.1458
0.1541
0.1431
0.1604
0.1473
0.1436
0.1437
0.151
0.1418
0.1465
0.1512
0.1524
0.1454
0.1436
0.1416
0.1464
0.1442
0.1475
0.1439
0.1404
0.1467
0.1436
0.1428
0.1614
0.1461
0.1644
0.1532
0.1449
0.1413
0.0491
0.1507
0.153
0.1439
0.1544
0.1397
0.1435
0.1475
0.1596
0.1545
0.1442
0.161
0.1482
0.144
0.148
0.1501
0.1436
0.148
0.1408
0.1532
0.1405
0.1524
0.1511
0.1482
0.1511
0.1493
0.1517
0.1499
0.1531
0.1674
0.1524
0.1458
0.1556
0.1375
0.1517
0.1449
0.143
0.1383
0.1423
0.1538
0.1488
0.149
0.1412
0.1415
0.1545
0.1418
0.1504
0.1443
0.1445
0.055
0.1521
0.1462
0.1526
0.1402
0.1409
0.1429
0.1484
0.1397
0.1519
0.1488
0.1486
0.1476
0.1494
0.1475
0.1523
0.1471
0.1446
0.1539
0.1401
0.1463
0.148
0.1504
0.1494
0.1484
0.1533
0.1381
0.1495
0.1406
0.1431
0.1486
0.1424
0.1541
0.1526
0.1534
0.1538
0.1441
0.141
0.147
0.1425
0.1543
0.1537
0.1465
0.1533
0.1537
0.1512
0.1438
0.1545
0.1421
0.0618
0.1423
0.1506
0.1421
0.151
0.1423
0.154
0.1433
0.1515
0.1502
0.1433
0.1564
0.1464
0.1539
0.1451
0.1452
0.1524
0.1457
0.1527
0.1471
0.1532
0.1383
0.1495
0.1412
0.1432
0.1517
0.145
0.1488
0.1441
0.1637
0.1612
0.1471
0.1543
0.1447
0.144
0.1384
0.1596
0.1516
0.1474
0.1468
0.1551
0.1456
0.1427
0.1535
0.1515
0.1464
0.1469
0.1429
0.1536
0.0517
0.1435
0.1484
0.1455
0.1445
0.1478
0.1457
0.1626
0.1527
0.1438
0.146
0.1502
0.1576
0.1471
0.1473
0.1494
0.1449
0.1399
0.1466
0.1429
0.1425
0.1501
0.1415
0.1459
0.149
0.1421
0.156
0.1451
0.1485
0.1425
0.1484
0.1414
0.1518
0.1462
0.159
0.1476
0.1548
0.1442
0.1445
0.1444
0.1427
0.1454
0.1428
0.1415
0.1431
0.1497
0.155
0.1484
0.1427
0.0515
0.1454
0.148
0.145
0.1444
0.1487
0.1406
0.1433
0.1498
0.1566
0.1394
0.1485
0.1399
0.16
0.1425
0.1663
0.141
0.1454
0.1564
0.1459
0.1416
0.1541
0.1429
0.1442
0.1525
0.1425
0.1481
0.1555
0.1503
0.1421
0.1437
0.1436
0.1415
0.1446
0.1493
0.149
0.1473
0.1391
0.1445
0.1569
0.152
0.1508
0.1531
0.1404
0.1383
0.1449
0.1555
0.159
0.1429
0.0467
0.225
0.1578
0.1466
0.149
0.1471
0.1488
0.1474
0.1447
0.1509
0.1492
0.1445
0.1619
0.1444
0.1404
0.1493
0.1428
0.1484
0.1461
0.1433
0.1554
0.1509
0.1544
0.1561
0.1474
0.1493
0.1583
0.1446
0.1488
0.1488
0.1425
0.1407
0.1511
0.145
0.1415
0.1462
0.1462
0.1395
0.1476
0.1546
0.14
0.1429
0.1543
0.1535
0.1466
0.1446
0.1435
0.1438
0.1424
0.0577
0.1437
0.1462
0.1435
0.1397
0.1502
0.1483
0.1418
0.1435
0.146
0.1402
0.147
0.1533
0.1473
0.143
0.1575
0.1424
0.145
0.1604
0.1476
0.1515
0.159
0.1573
0.1399
0.144
0.1474
0.148
0.143
0.1524
0.1536
0.1546
0.1447
0.1516
0.1545
0.1515
0.1506
0.1447
0.1476
0.1525
0.1543
0.1425
0.1495
0.1446
0.1441
0.1454
0.1391
0.1465
0.1416
0.153
0.0519
0.1528
0.1513
0.145
0.1358
0.1465
0.1426
0.1518
0.1534
0.153

--------------------------
CreateVideoDecoder_D3D11_1
--------------------------
15.7672

---------------------------
DestroyVideoDecoder_D3D11_1
---------------------------
0

----------------
First Frame Time
----------------
61.0461

--------------------------------------
VideoDecoderBeginFrame_WDDM2_4_D3D11_1
--------------------------------------
0.006
0.0031
0.003
0.0032
0.0028
0.0052
0.0031
0.0032
0.0029
0.0027
0.0023
0.0028
0.0022
0.0031
0.0022
0.0025
0.0035
0.0025
0.0019
0.0031
0.0022
0.0024
0.0023
0.0025
0.0024
0.0025
0.003
0.0044
0.0072
0.0024
0.0024
0.0022
0.0027
0.0023
0.0024
0.0023
0.0018
0.002
0.002
0.0022
0.0023
0.0026
0.004
0.0023
0.0022
0.0021
0.0033
0.0028
0.0032
0.0024
0.0021
0.0024
0.0021
0.0021
0.0028
0.003
0.0027
0.0026
0.0025
0.0029
0.0028
0.0027
0.0022
0.0041
0.0023
0.0022
0.0018
0.0019
0.0023
0.002
0.0018
0.002
0.0028
0.0024
0.0027
0.0031
0.0024
0.0022
0.0021
0.0024
0.0024
0.0019
0.0024
0.0022
0.0018
0.0024
0.0022
0.0019
0.0021
0.0019
0.0021
0.002
0.002
0.0018
0.0054
0.0025
0.0021
0.0021
0.0023
0.0025
0.0021
0.0019
0.003
0.0022
0.0021
0.0019
0.0018
0.0022
0.002
0.0019
0.0031
0.0024
0.002
0.002
0.0024
0.002
0.0025
0.0028
0.0025
0.0023
0.0019
0.0034
0.0032
0.0021
0.0023
0.0034
0.0028
0.0024
0.0025
0.0062
0.0023
0.0026
0.0019
0.0022
0.0021
0.0023
0.0022
0.002
0.0023
0.0023
0.0022
0.009
0.002
0.0033
0.003
0.0024
0.0023
0.0022
0.0023
0.0024
0.0021
0.0022
0.0024
0.0017
0.0018
0.0029
0.0023
0.0023
0.0023
0.0025
0.0029
0.0024
0.0022
0.0019
0.002
0.0019
0.0028
0.0022
0.0036
0.0026
0.0018
0.0027
0.0028
0.0024
0.0034
0.0035
0.0025
0.0028
0.002
0.0023
0.002
0.0027
0.0024
0.0022
0.0021
0.002
0.0022
0.002
0.0021
0.0023
0.0019
0.0022
0.002
0.002
0.0018
0.0036
0.0035
0.0026
0.0054
0.0025
0.0021
0.0018
0.002
0.0018
0.0018
0.0032
0.0028
0.0026
0.0023
0.0023
0.0019
0.0039
0.0021
0.0019
0.0021
0.0018
0.002
0.0028
0.0032
0.0025
0.0023
0.0019
0.0018
0.0021
0.0021
0.0018
0.0019
0.002
0.002
0.0019
0.0023
0.0021
0.002
0.002
0.0019
0.0025
0.0023
0.0023
0.0019
0.002
0.0019
0.0018
0.0022
0.002
0.0021
0.0034
0.0021
0.0024
0.0023
0.002
0.002
0.0037
0.002
0.0021
0.0018
0.0022
0.0028
0.0027
0.0021
0.0021
0.0023
0.0025
0.0016
0.002
0.002
0.0018
0.0018
0.0017
0.0019
0.0022
0.0023
0.0018
0.0023
0.0017
0.004
0.0039
0.0032
0.0023
0.0018
0.002
0.0022
0.0026
0.0023
0.0018
0.0018
0.002
0.0029
0.0022
0.0023
0.0018
0.0019
0.0022
0.0018
0.0021
0.002
0.0021
0.0021
0.0021
0.0019
0.0019
0.0022
0.0029
0.0029
0.0024
0.002
0.0028
0.0028
0.0028
0.0028
0.0026
0.002
0.0019
0.0028
0.0025
0.0021
0.002
0.0042
0.0028
0.0023
0.0023
0.0031
0.0024
0.0023
0.0022
0.0021
0.0027
0.0024
0.0021
0.0037
0.0024
0.0023
0.0019
0.0023
0.002
0.0025
0.002
0.0022
0.0024
0.0027
0.0025
0.0034
0.0025
0.0026
0.0023
0.0018
0.0029
0.0027
0.0022
0.0028
0.0026
0.0021
0.0029
0.0023
0.0021
0.0021
0.0018
0.0019
0.0019
0.0029
0.003
0.0019
0.0038
0.0023
0.0028
0.0024
0.0023
0.002
0.0019
0.0022
0.0031
0.0031
0.0024
0.0022
0.0022
0.002
0.002
0.0028
0.0026
0.0041
0.0025
0.0022
0.0021
0.0024
0.0033
0.0026
0.0023
0.0022
0.0022
0.0022
0.0025
0.0033
0.0022
0.002
0.0035
0.0025
0.0024
0.003
0.0023
0.0022
0.002
0.002
0.0029
0.0031
0.0026
0.0028
0.0028
0.0024
0.0022
0.0022
0.0018
0.0018
0.0021
0.0024
0.0031
0.0032
0.0034
0.0034
0.0023
0.0037
0.003
0.0039
0.0022
0.0021
0.002
0.003
0.0027
0.0023
0.0027
0.0025
0.0021
0.0021
0.0024
0.002
0.002
0.0038
0.0034
0.0028
0.0022
0.0022
0.0019
0.0018
0.0023
0.002
0.0023
0.0018
0.0017
0.0029
0.002
0.0018
0.002
0.0018
0.0023
0.0022
0.002
0.002
0.0023
0.0023
0.002
0.0027
0.0035
0.0025
0.0024
0.0039
0.0023
0.0021
0.002
0.0027
0.0023
0.0023
0.0021
0.0024
0.0026
0.0019
0.0031
0.0078
0.0031
0.0025
0.0023
0.003
0.0029
0.0026
0.002
0.0021
0.0019
0.0021
0.002
0.0019
0.0021
0.0018
0.0023
0.0024
0.0021
0.0025
0.002
0.0019
0.0019
0.0023
0.0025
0.0023
0.002

----------------------------
VideoDecoderEndFrame_D3D11_1
----------------------------
0.0356
0.0598
0.0587
0.0553
0.0651
0.0681
0.0615
0.0611
0.0595
0.0577
0.0612
0.0575
0.0624
0.0556
0.06
0.0608
0.0622
0.0565
0.0621
0.0587
0.0605
0.0592
0.0625
0.0551
0.0628
0.0544
0.067
0.0632
0.067
0.056
0.0572
0.0556
0.0561
0.0566
0.0555
0.0549
0.0531
0.0575
0.0584
0.0563
0.0607
0.0555
0.0647
0.0531
0.0592
0.0597
0.0631
0.0577
0.0619
0.0567
0.0553
0.0544
0.0571
0.058
0.0603
0.0572
0.0639
0.0568
0.0556
0.0623
0.0589
0.0605
0.0604
0.0531
0.0527
0.0615
0.057
0.0656
0.0557
0.0549
0.054
0.0543
0.0635
0.0599
0.0582
0.0626
0.054
0.0535
0.0576
0.0572
0.0573
0.0583
0.0572
0.0607
0.0545
0.0557
0.0574
0.0528
0.0561
0.0557
0.0561
0.0523
0.0535
0.0545
0.0671
0.055
0.0548
0.0579
0.0543
0.0521
0.0574
0.0522
0.0577
0.0557
0.0552
0.0573
0.054
0.054
0.0578
0.0658
0.0595
0.0582
0.057
0.0576
0.0547
0.0555
0.0615
0.0611
0.0541
0.0558
0.0582
0.0608
0.0567
0.0577
0.0563
0.0597
0.0589
0.0628
0.0592
0.0619
0.0615
0.0545
0.0544
0.0613
0.0555
0.0555
0.0546
0.0566
0.0546
0.0544
0.0547
0.0588
0.0551
0.0599
0.0601
0.0591
0.0577
0.0528
0.0571
0.0581
0.0603
0.0592
0.0561
0.0555
0.0566
0.0599
0.059
0.06
0.0552
0.0569
0.0827
0.0574
0.0553
0.054
0.0546
0.057
0.0579
0.0593
0.0656
0.0579
0.0567
0.0566
0.0569
0.0598
0.0604
0.0666
0.0678
0.0576
0.0554
0.0567
0.0561
0.0625
0.0584
0.0684
0.0591
0.056
0.0725
0.0636
0.0584
0.0674
0.0557
0.0643
0.0563
0.0682
0.0548
0.0615
0.0584
0.0571
0.0552
0.0533
0.0547
0.0549
0.0542
0.0531
0.0585
0.0622
0.0623
0.0572
0.0533
0.0624
0.0531
0.0589
0.0575
0.0546
0.0572
0.0545
0.0556
0.0602
0.0568
0.0607
0.0594
0.0593
0.0644
0.0606
0.0542
0.059
0.0608
0.0577
0.0642
0.0626
0.0592
0.0629
0.0583
0.0558
0.0655
0.0576
0.0633
0.0641
0.0577
0.061
0.0643
0.0594
0.0583
0.0607
0.0558
0.0629
0.0583
0.0609
0.0608
0.0601
0.0584
0.0631
0.0572
0.0599
0.0597
0.0606
0.0619
0.0617
0.0681
0.0658
0.0624
0.0609
0.0657
0.0643
0.0613
0.0667
0.0541
0.0621
0.0554
0.0625
0.0707
0.0647
0.0659
0.0586
0.0631
0.063
0.0597
0.0604
0.0541
0.0546
0.0562
0.0582
0.0567
0.0553
0.0598
0.0599
0.0646
0.06
0.069
0.0634
0.0587
0.0604
0.0553
0.0671
0.0565
0.0638
0.0677
0.0563
0.0611
0.0555
0.054
0.0615
0.0604
0.0615
0.0545
0.0575
0.0568
0.056
0.0603
0.0569
0.0559
0.056
0.0601
0.0546
0.0538
0.0543
0.0601
0.0596
0.0583
0.0524
0.0611
0.0546
0.058
0.0561
0.0639
0.0577
0.0667
0.0592
0.0625
0.0585
0.0578
0.055
0.0568
0.0565
0.0562
0.0568
0.0549
0.0521
0.0588
0.0635
0.0668
0.0543
0.0577
0.0557
0.0591
0.0635
0.0526
0.0598
0.0594
0.0551
0.0686
0.0628
0.0582
0.0539
0.0555
0.0561
0.057
0.0731
0.0585
0.0555
0.0581
0.06
0.0586
0.0541
0.0579
0.0538
0.0539
0.0549
0.0596
0.0692
0.0622
0.0581
0.0519
0.0522
0.0549
0.0591
0.0653
0.0579
0.0582
0.0559
0.0545
0.0574
0.0555
0.058
0.0578
0.0556
0.0646
0.0582
0.0604
0.0615
0.0595
0.0543
0.0599
0.0791
0.0608
0.0561
0.0593
0.0575
0.0613
0.055
0.0552
0.0664
0.0613
0.0576
0.0592
0.0546
0.0547
0.0559
0.0546
0.0528
0.0562
0.0552
0.0546
0.0618
0.0612
0.0688
0.0579
0.056
0.0652
0.0612
0.0553
0.0547
0.0626
0.0544
0.0624
0.0597
0.0581
0.0591
0.0569
0.0567
0.0597
0.0637
0.0573
0.0597
0.0589
0.062
0.0563
0.053
0.058
0.0553
0.0536
0.0559
0.0587
0.0589
0.0541
0.0519
0.0541
0.0559
0.0566
0.0606
0.0615
0.0576
0.0636
0.0624
0.062
0.0604
0.0607
0.0583
0.0615
0.062
0.0545
0.0611
0.0657
0.0642
0.0542
0.0564
0.062
0.0673
0.0635
0.059
0.0573
0.0627
0.0654
0.0604
0.067
0.0608
0.0572
0.0571
0.0608
0.0635
0.0616
0.0582
0.0655
0.0586
0.0651
0.0624
0.0642
0.0605
0.058
0.0631
0.0617
0.0643
0.0578
0.06
0.0676
0.0646
0.06
0.0651
0.0667
0.0655

---------------------------------
VideoDecoderSubmitBuffers_D3D11_1
---------------------------------
1.3225
2.5786
3.3789
0.4591
1.1246
0.5785
0.4516
0.4383
0.3707
0.3438
0.368
0.344
0.3784
0.3389
0.3737
0.3449
0.3627
0.3343
0.3715
0.339
0.3592
0.331
0.3685
0.322
0.3535
0.3329
0.3498
0.4148
0.4095
0.3492
0.3599
0.3387
0.3351
0.3609
0.336
0.3415
0.3314
0.3447
0.3169
0.3308
0.3338
0.3394
0.3402
0.3186
0.362
0.3505
0.4112
0.3766
0.4028
0.2308
0.344
0.3471
0.3243
0.3265
0.3746
0.3503
0.3613
0.3514
0.339
0.3731
0.3847
0.36
0.3364
0.3331
0.339
0.3361
0.3266
0.3216
0.3561
0.3211
0.3156
0.3347
0.3753
0.3722
0.3361
0.3837
0.329
0.3239
0.326
0.3367
0.3595
0.3234
0.367
0.3362
0.331
0.3797
0.3432
0.321
0.3557
0.334
0.3382
0.3326
0.3377
0.3188
0.3587
0.3637
0.3475
0.326
0.2521
0.3612
0.3357
0.3215
0.3926
0.3493
0.3526
0.3327
0.3296
0.3387
0.336
0.3682
0.3541
0.3322
0.3442
0.3392
0.3592
0.3199
0.3698
0.3549
0.3364
0.3473
0.3275
0.3824
0.359
0.3396
0.3241
0.3831
0.3526
0.3593
0.3559
0.3863
0.3501
0.3369
0.3342
0.3359
0.3515
0.3569
0.3379
0.3205
0.3564
0.3332
0.3178
0.3604
0.3314
0.38
0.398
0.3472
0.325
0.255
0.3547
0.3513
0.3374
0.3582
0.3135
0.3195
0.3316
0.4013
0.3469
0.353
0.3619
0.3365
0.3533
0.348
0.3494
0.3365
0.3397
0.3178
0.38
0.3264
0.3877
0.3623
0.342
0.3611
0.3807
0.3493
0.4021
0.3902
1.1479
0.3674
0.338
0.3769
0.3189
0.3852
0.3511
0.3315
0.317
0.3305
0.3654
0.3498
0.3522
0.3271
0.3442
0.3586
0.3313
0.3572
0.3465
0.3834
0.3161
0.38
0.3523
0.3645
0.3385
0.3156
0.3264
0.3345
0.3176
0.3739
0.3724
0.3488
0.3362
0.3636
0.3488
0.3617
0.3476
0.3304
0.3661
0.3222
0.3497
0.3574
0.356
0.3623
0.3517
0.3499
0.3246
0.3569
0.315
0.3363
0.3467
0.3288
0.3638
0.3595
0.3718
0.367
0.3291
0.3211
0.3531
0.3305
0.3732
0.3735
0.3348
0.3672
0.3664
0.3676
0.328
0.3658
0.3234
0.2686
0.3297
0.3578
0.3295
0.3562
0.3285
0.3736
0.3267
0.3656
0.3543
0.3278
0.3874
0.3396
0.3811
0.3633
0.3304
0.3617
0.3345
0.3651
0.3277
0.3604
0.3109
0.3459
0.3407
0.3279
0.3666
0.3421
0.3497
0.3261
0.4075
0.4495
0.3688
0.3724
0.3217
0.3363
0.3233
0.3761
0.3498
0.3299
0.331
0.3806
0.3603
0.3375
0.3665
0.3305
0.348
0.3428
0.3431
0.3604
0.2359
0.3316
0.3508
0.3464
0.3305
0.3422
0.3277
0.3862
0.3838
0.3353
0.3263
0.3753
0.3806
0.3568
0.3683
0.3602
0.3308
0.3262
0.3565
0.3526
0.3297
0.3419
0.3343
0.3664
0.3472
0.3289
0.3818
0.3409
0.3372
0.3232
0.3445
0.3335
0.3657
0.3403
0.4177
0.3462
0.3581
0.3417
0.331
0.3311
0.3287
0.3301
0.3295
0.3285
0.3608
0.3711
0.4063
0.3479
0.3351
0.2353
0.3269
0.3867
0.3368
0.3226
0.3669
0.328
0.3425
0.3598
0.3584
0.3303
0.3537
0.3153
0.3491
0.3419
0.4077
0.3157
0.3248
0.4053
0.3472
0.3201
0.3755
0.3389
0.3297
0.3628
0.3201
0.3634
0.4018
0.3414
0.3198
0.3408
0.335
0.3179
0.3631
0.3556
0.3747
0.3389
0.3418
0.3291
0.3448
0.3947
0.3638
0.3525
0.3286
0.3276
0.3376
0.3806
0.409
0.3502
0.2263
0.502
0.3647
0.347
0.3626
0.3564
0.3615
0.342
0.3257
0.3819
0.3623
0.3379
0.3806
0.3564
0.3427
0.3589
0.3408
0.3351
0.3378
0.3337
0.3699
0.3772
0.3815
0.4043
0.3845
0.3344
0.4482
0.3578
0.3565
0.3543
0.3329
0.3172
0.3818
0.3575
0.3252
0.3559
0.3614
0.3167
0.3373
0.3701
0.3162
0.3371
0.3938
0.4303
0.3631
0.3304
0.3593
0.325
0.3235
0.2526
0.3187
0.3457
0.3272
0.3199
0.3555
0.3469
0.317
0.3405
0.336
0.3419
0.3339
0.3841
0.3496
0.3328
0.3624
0.3271
0.3613
0.4484
0.3818
0.3578
0.4462
0.3896
0.3264
0.337
0.3632
0.3548
0.3435
0.3525
0.3424
0.3901
0.356
0.3981
0.4267
0.37
0.3417
0.3374
0.3784
0.349
0.3788
0.3315
0.3551
0.3532
0.3437
0.3499
0.3295
0.3525
0.3354
0.3634
0.2345
0.386
0.3564
0.3389
0.3177
0.3622
0.334
0.3731
0.375
0.372

