---------------------------------------------
CalcPrivateVideoDecoderOutputViewSize_D3D11_1
---------------------------------------------
0.0021
0.0024
0.0017
0.0014
0.0027
0.0021
0.0032
0.0015
0.0021
0.002
0.0008
0.0018
0.0015
0.0028
0.0009
0.0014
0.0009
0.0008
0.0015
0.002
0.0008
0.0007
0.0011
0.001
0.0015
0.0009
0.0009
0.0017
0.0034
0.0012
0.001
0.0011
0.0009
0.0009
0.0007
0.0006
0.0012
0.0008
0.0014
0.0011
0.0011
0.0012
0.0023
0.0008
0.0014
0.0009
0.0012
0.001
0.001
0.0006
0.0007
0.0007
0.0007
0.0008
0.0007
0.0017
0.001
0.0007
0.0008
0.0007
0.001
0.0007
0.0008
0.0027
0.0016
0.001
0.0014
0.0009
0.0008
0.0007
0.0011
0.0009
0.0008
0.0009
0.0009
0.0007
0.0008
0.0024
0.0011
0.0007
0.002
0.0015
0.001
0.0008
0.001
0.0007
0.0021
0.0006
0.0008
0.0017
0.0009
0.0013
0.0011
0.0018
0.003
0.0018
0.0011
0.0008
0.0015
0.0007
0.0008
0.0007
0.0007
0.0007
0.0006
0.0018
0.0013
0.0012
0.0019
0.001
0.0019
0.0011
0.0012
0.0007
0.0007
0.0007
0.0006
0.0016
0.0009
0.0007
0.001
0.0014
0.0013
0.0019
0.0009
0.0019
0.0011
0.0012
0.0019
0.0011
0.0012
0.0011
0.0016
0.0009
0.0018
0.001
0.0014
0.0009
0.0014
0.0008
0.0016
0.0139
0.0016
0.0011
0.0016
0.0011
0.0022
0.0011
0.0018
0.0008
0.0008
0.0016
0.0013
0.0012
0.0009
0.0013
0.001
0.0008
0.0008
0.0008
0.0007
0.0007
0.0008
0.001
0.001
0.0022
0.0012
0.0011
0.0008
0.0008
0.0007
0.0007
0.0007
0.0007
0.0011
0.0016
0.0018
0.0026
0.0014
0.0013
0.0009
0.0008
0.0007
0.0009
0.0018
0.0013
0.0018
0.0008
0.0012
0.0011
0.0017
0.001
0.0019
0.0013
0.0016
0.0014
0.0017
0.0009
0.0017
0.0009
0.0016
0.001
0.0019
0.0019
0.0016
0.0009
0.0011
0.0007
0.0018
0.0009
0.0013
0.0166
0.002
0.0009
0.0015
0.0009
0.001
0.0015
0.001
0.0013
0.001
0.0008
0.0011
0.0007
0.0006
0.001
0.0008
0.0007
0.0008
0.001
0.0007
0.0007
0.0006
0.0011
0.0009
0.0009
0.0007
0.0012
0.0011
0.0008
0.0008
0.0008
0.0007
0.0006
0.001
0.0007
0.0006
0.0008
0.0007
0.0022
0.0021
0.0009
0.0008
0.0015
0.001
0.0022
0.001
0.0013
0.0008
0.0013
0.001
0.0009
0.0013
0.0007
0.0007
0.0014
0.001
0.0009
0.0027
0.0017
0.0008
0.0016
0.0007
0.001
0.0016
0.0012
0.0014
0.0011
0.0008
0.0016
0.0009
0.0008
0.0017
0.0009
0.0009
0.0013
0.0008
0.0007
0.0007
0.0009
0.0007
0.0008
0.0007
0.0007
0.0009
0.0012
0.0007
0.0012
0.001
0.002
0.001
0.0007
0.0012
0.0007
0.001
0.0007
0.0012
0.0007
0.001
0.0009
0.001
0.0007
0.0011
0.0006
0.0011
0.0007
0.0053
0.0012
0.0015
0.0007
0.0006
0.0011
0.0007
0.0006
0.0006
0.0011
0.0007
0.001
0.0009
0.0012
0.0019
0.0018
0.0016
0.0011
0.0009
0.0007
0.0009
0.0009
0.0007
0.0007
0.0006
0.0007
0.0007
0.0014
0.001
0.0018
0.0012
0.001
0.0011
0.0013
0.0013
0.0018
0.0009
0.0008
0.0017
0.0009
0.0011
0.0008
0.0017
0.0008
0.0016
0.0011
0.0008
0.0008
0.0007
0.0007
0.0018
0.001
0.0021
0.0013
0.0013
0.0011
0.0016
0.0012
0.0009
0.001
0.0006
0.001
0.001
0.0007
0.0018
0.0009
0.0015
0.0009
0.0013
0.0007
0.0015
0.0008
0.0014
0.0007
0.0014
0.0009
0.0007
0.0012
0.001
0.001
0.0008
0.0006
0.0006
0.0006
0.0006
0.0006
0.0016
0.0011
0.0008
0.0015
0.0008
0.0008
0.0012
0.0008
0.0007
0.0007
0.0007
0.0007
0.0006
0.0009
0.0008
0.0008
0.0007
0.0007
0.0007
0.0006
0.0006
0.0011
0.0009
0.0007
0.0007
0.0008
0.0009
0.0015
0.0015
0.0014
0.0007
0.0022
0.001
0.0021
0.0012
0.0016
0.0009
0.0023
0.0009
0.0007
0.0015
0.0009
0.0011
0.0007
0.0011
0.0016
0.0008
0.0017
0.0013
0.0013
0.0007
0.0009
0.0017
0.0015
0.0009
0.0016
0.001
0.0014
0.0008
0.0011
0.0007
0.0007
0.0015
0.0015
0.0011
0.0008
0.0015
0.0011
0.0021
0.001
0.0012
0.001
0.0169
0.0007
0.001
0.001
0.0007
0.0014
0.0012
0.0013
0.0009
0.0007
0.0016
0.001
0.0009
0.0011
0.0021
0.0009
0.001
0.0007
0.0014
0.0016
0.0015
0.0018
0.0021
0.0015
0.0012
0.0008
0.0016
0.0009
0.0008
0.0007
0.0016
0.001
0.0008
0.0015
0.0011
0.0008
0.001
0.0016
0.0014
0.0016
0.0011
0.0018
0.0013
0.0017
0.001
0.0008
0.0016
0.0013
0.0013
0.0008
0.0007
0.0019
0.0012
0.0009
0.0009
0.0007
0.0006
0.0013
0.001
0.0012
0.0012
0.0016
0.0038
0.0022
0.0009
0.0019
0.0014
0.0018
0.0013
0.0007
0.0007
0.0015
0.0013
0.0019
0.0011
0.002
0.0011
0.0013
0.0007
0.0012
0.0017
0.0013
0.0008
0.0008
0.0016
0.0011
0.0016
0.0015
0.0009
0.0011
0.0007
0.0007
0.0017
0.0012
0.0012
0.0008
0.0009
0.001
0.0016
0.001
0.0016
0.001
0.0017
0.0008
0.004
0.001
0.0008
0.0008
0.0016
0.0014
0.0016
0.0009
0.0016
0.0012
0.0013
0.0007
0.0011
0.0012
0.0016
0.0013
0.0016
0.0009
0.0017
0.001
0.0008
0.0012

-----------------------
CodechalDecode::Execute
-----------------------
9.9757
0.7864
0.7683
0.7618
3.2937
3.7924
0.7911
0.9989
0.8977
0.6039
0.669
1.0254
1.0025
0.7691
0.7271
0.8583
4.0584
3.2484
0.643
0.5231
0.5148
0.5575
0.5832
0.6204
0.4936
0.4899
0.7211
0.4931
0.5345
0.571
0.4622
0.4583
0.4995
0.6853
0.4225
0.4631
0.6874
0.4519
0.6845
0.6314
0.6496
0.4857
0.4326
0.4161
0.4854
0.4901
0.6533
0.4513
0.4453
0.4234
0.4702
0.4236
0.4379
0.4579
0.4149
0.5055
0.4553
0.4713
0.4231
0.4382
0.6909
0.4368
0.4677
0.656
0.4741
0.4849
0.6385
0.4185
0.4187
0.4443
0.6168
0.4775
0.4627
0.4492
0.4752
0.439
0.4421
0.5041
0.4737
0.4378
0.669
0.6733
0.4644
0.4694
0.4702
0.4454
0.6384
0.4392
0.5947
0.5367
0.4437
0.6423
0.4866
0.6921
0.4787
0.4491
0.4396
1.8336
0.4641
0.4514
0.4344
0.421
0.4256
0.4377
0.4443
0.5153
2.5628
0.5192
0.5745
0.6865
0.4431
0.4529
0.4425
0.41
0.4395
0.4753
0.4323
0.4906
0.4862
0.4585
0.4607
0.4693
0.5833
0.6043
0.4527
0.4929
0.6047
0.5071
0.6725
0.4746
3.6474
0.483
0.4971
0.4759
0.5064
0.4406
0.4827
0.489
0.5762
0.4903
0.5102
0.4422
0.4838
0.6006
0.47
0.4718
0.5849
0.4491
0.5233
0.4731
0.4254
0.5001
0.4492
0.4705
0.4693
0.5146
0.4316
0.4508
0.4431
0.4241
0.4554
0.4636
0.4237
3.7769
0.4988
0.5076
0.4725
0.4752
0.4781
0.465
0.4128
0.4315
0.4268
0.4209
0.4576
0.5021
0.5501
0.7256
0.6005
0.4613
0.4795
0.4433
0.4726
0.552
0.4906
0.5913
0.5166
0.4437
0.4903
0.6009
0.482
0.4831
0.6271
0.472
0.5007
0.5906
0.4966
0.4805
0.5863
0.4285
0.5183
0.4645
0.6265
0.4986
0.5096
0.4513
0.5809
0.4633
0.5346
0.4579
0.4666
0.4202
0.6247
0.4488
0.4782
0.483
0.5797
0.5019
0.4261
0.4533
0.4614
0.4578
0.4682
0.4577
0.4471
0.4245
0.4254
0.4216
0.8257
0.4565
0.4125
0.443
0.4266
0.6333
0.6788
0.4203
0.4285
0.6382
0.6552
0.6472
0.4711
0.4142
0.4317
0.4731
0.65
0.434
0.443
0.4634
0.4459
0.5807
0.6682
0.434
0.4852
0.4793
0.4542
0.7356
0.4582
0.6645
0.4455
0.6475
0.4444
0.4818
0.4347
0.4625
0.4428
0.4642
0.4532
0.5081
0.7641
0.5162
0.4435
0.4318
0.438
0.4712
0.4738
0.4702
0.4637
0.4234
0.4177
0.5006
0.4469
0.4353
0.5302
0.4757
0.467
0.6835
0.4435
0.4369
0.4603
0.4433
0.4635
0.467
0.4332
0.4573
0.4363
0.4558
0.4483
0.4977
0.4879
0.5004
0.4772
0.4683
0.6417
0.443
0.6457
0.4417
0.6446
0.4195
0.64
0.454
0.6558
0.4373
0.6665
0.4481
0.6349
0.4362
0.6797
0.6384
0.5251
0.4761
0.4292
0.6533
0.4725
0.4337
0.4631
0.6476
0.4154
0.4341
0.4187
0.5137
0.5063
0.566
0.6942
0.4749
0.4423
0.4447
0.4419
0.4777
0.4225
0.4376
0.4336
0.4292
0.4538
0.4812
0.4689
0.571
0.4651
0.5366
0.4923
0.4971
0.5102
0.5238
0.4386
0.4692
0.5006
0.4564
0.4499
0.4347
0.5235
0.4658
0.4623
0.4679
0.4515
0.4418
0.4677
0.4672
0.4869
0.4714
0.5137
0.6655
0.4684
0.6145
0.5279
0.4505
0.4236
0.4397
0.4544
0.5956
0.443
0.4675
0.4796
0.4612
0.4646
0.4261
0.6063
0.4398
0.4699
0.5096
0.4532
0.4196
0.4685
0.4244
0.4289
0.4524
0.4388
0.6536
0.4467
0.4906
0.4708
0.4275
0.4318
0.4467
0.4995
0.4929
0.435
0.6021
0.4873
0.4301
0.6727
0.4395
0.4375
0.4711
0.4245
0.4356
0.4231
0.4447
0.4386
0.4632
0.4428
0.4427
0.4735
0.439
0.4435
0.6619
0.426
0.4289
0.485
0.412
0.5067
0.4869
0.5132
0.6693
0.4447
0.7094
0.4408
0.5389
1.4616
0.5022
0.4522
0.4913
0.4474
0.4642
0.4779
0.4488
0.4478
0.4806
0.5025
0.4788
0.4491
0.5096
0.4414
0.484
0.4397
0.4735
0.4979
0.4764
0.5416
0.5036
0.4711
0.4299
0.4097
0.4864
0.4693
0.4865
0.4792
0.4519
0.4456
0.4233
0.4791
0.4718
0.4768
0.498
0.5684
0.4942
0.4477
0.4331
0.4915
0.5778
0.4222
0.5076
0.5779
0.4368
0.4408
0.4568
0.4911
0.4837
0.4683
0.5222
0.5081
0.4995
0.4594
0.468
0.45
0.4931
0.5871
0.6169
0.5298
0.4886
0.4882
0.4889
0.5127
0.4683
0.425
0.487
0.4843
0.5014
0.4238
0.4759
0.423
0.4563
0.4877
0.5104
0.5597
0.4778
0.4772
0.4851
0.5897
0.4964
0.4625
0.4846
0.4759
0.5769
0.4374
0.4786
0.4649
0.4924
0.4331
0.4419
0.4754
0.4862
0.4466
0.4224
0.4317
0.4971
0.5983
0.532
0.4631
0.5375
0.4339
0.609
0.4525
0.5328
0.4772
0.448
0.4772
0.5034
0.6174
0.6241
0.48
0.6486
0.5679
0.4596
0.4873
0.6911
0.4934
0.4352
0.4356
0.4923
0.5138
0.4626
0.5393
0.5637
0.4384
0.459
0.4469
0.4904
0.4691
0.4748
0.4242
0.4672
0.6178
0.4969
0.5144
0.4441
0.5036
0.4888
0.5037
0.4359
0.5004
0.426
0.4627
0.4427
0.5115
1.5242
0.5162
0.4874
0.4872
0.4864
0.4452
0.444
0.5018
0.5235
0.4651
0.5184
0.4627
0.4632
0.5345
0.4754
0.4578
0.4363

---------------------------------------
CodechalDecodeHevcG12::DecodeStateLevel
---------------------------------------
0.3096
0.3348
3.2913
0.2094
0.2025
0.1858
0.2026
0.1796
0.186
0.1597
0.1972
0.2073
0.2194
0.1716
0.1882
0.2414
0.2013
0.2298
0.1559
0.1585
0.1718
0.2383
0.2191
0.301
0.2155
0.2373
0.2157
0.1441
0.1422
0.195
0.1589
0.1338
0.2496
0.2555
0.2246
0.3457
0.2212
0.2101
0.3718
0.2189
0.1529
0.1912
0.1447
0.1634
0.2289
0.231
0.2014
0.2139
0.1368
0.1634
3.3389
0.1125
0.1524
2.7297
0.1639
0.1571
0.1787
0.1117
0.1331
0.156
0.1128
0.1333
0.1547
0.1167
0.1546
0.1685
0.1324
0.1348
0.1788
0.1409
0.153
0.173
0.0857
0.1537
0.1277
0.0833
0.1474
0.1415
0.1091
0.2409
0.2137
0.0851
0.1557
0.1269
0.1029
0.1567
0.1416
0.0969
0.165
0.1791
0.0817
0.1377
0.1336
0.0787
0.1346
0.131
0.0896
0.1523
0.1425
0.1019
0.2126
0.2097
0.071
0.1334
0.1203
0.0772
0.1455
0.1378
0.1113
0.2189
0.1969
0.075
0.1447
0.1234
0.1134
0.2204
0.1967
0.0922
0.2038
0.1929
0.0963
0.2011
0.201
0.0802
0.1547
0.1363
0.0698
0.1336
0.1229
0.0652
0.1253
0.1258
0.0853
0.152
0.1287
0.0803
0.1468
0.1479
0.0995
0.2114
0.1928
0.0742
0.138
0.1331
0.0692
0.1373
0.1228
0.0674
0.1316
0.1267
0.0771
0.1521
0.1284
0.067
0.1296
0.1208
0.068
0.1471
0.1235
0.0789
0.1456
0.1235
0.0652
0.1355
0.1195
0.0877
0.1584
0.1337
0.0727
0.1469
0.1229
0.0757
0.1509
0.1325
0.0655
0.1353
0.126
0.0704
0.138
0.131
0.1013
0.2236
0.2083
0.0693
0.1369
0.1275
0.0752
0.1514
0.1273
0.0977
0.2095
0.1946
0.0814
0.1458
0.118
0.0802
0.1601
0.1285
0.0933
0.2032
0.1897
0.0686
0.1298
0.1223
0.0659
0.1317
0.1211
0.0729
0.1346
0.1326
0.1058
0.1838
0.166
0.0741
0.1614
0.1289
0.0749
0.1485
0.1286
0.0692
0.1323
0.1265
0.0884
0.1481
0.1279
0.0683
0.1338
0.1324
0.0693
0.1318
0.1437
0.0864
0.1624
0.1241
0.0845
0.144
0.127
0.0678
0.1455
0.1244
0.1152
0.2204
0.1715
0.1013
0.2095
0.1976
0.0706
0.1609
0.1253
0.0761
0.1468
0.1268
0.0768
0.1408
0.1403
0.0703
0.1407
0.1268
0.1006
0.2122
0.1776
0.0677
0.1397
0.129
0.0858
0.1841
0.1856
0.0952
0.1648
0.1378
0.0719
0.1339
0.1319
0.096
0.1993
0.1924
0.0785
0.1542
0.1312
0.1074
0.2199
0.1969
0.0785
0.1439
0.1345
0.0772
0.1392
0.1291
0.0685
0.1393
0.1283
0.1032
0.1668
1.1783
0.0822
0.1396
0.123
0.0737
0.1471
0.1266
0.0715
0.1388
0.1209
0.0671
0.1364
0.1206
0.0659
0.1325
0.1251
0.0702
0.14
0.1249
0.0639
0.1329
0.145
0.0946
0.1539
0.1323
0.0849
0.1447
2.0264
0.092
0.1539
0.1452
0.098
0.192
0.1413
0.0846
0.1543
0.1292
0.0727
0.1432
0.12
0.0751
0.1355
0.1272
0.078
0.1344
0.1203
0.0642
0.1289
0.1186
0.0678
0.137
0.1222
0.0834
0.1462
0.1266
0.0652
0.1454
0.1203
0.0901
0.1492
0.1263
0.0848
0.1494
0.1275
0.0746
0.1389
0.1315
0.0892
0.1405
0.1172
0.0823
0.1393
0.1223
0.097
0.2158
0.1376
0.1065
0.2124
0.1373
0.0808
0.1359
0.1221
0.091
0.1438
0.1232
0.0896
0.1849
0.1871
0.0848
0.1556
0.1273
0.1041
0.207
0.1938
0.078
0.1441
0.1271
0.0849
0.1466
3.0334
0.0785
0.1563
0.1297
0.0913
0.1452
0.1289
0.0827
0.1428
0.1261
0.1039
0.1485
0.1215
0.0763
0.1289
0.1178
0.0818
0.1442
0.1305
0.0903
0.1512
0.1251
0.0911
0.2042
0.1514
0.0867
0.1461
0.1283
0.0868
0.146
0.1361
0.0732
0.1334
0.1226
0.0818
0.1487
0.1285
0.1032
0.2155
0.1361
0.081
0.1393
0.1223
0.0822
0.1401
0.1294
0.1049
0.1931
0.1339
0.073
0.1347
0.1215
0.0955
0.1515
0.142
0.0788
0.1464
0.1277
0.0674
0.1327
0.1196
0.0856
0.1521
0.1282
0.0708
0.1379
0.1326
0.0786
0.1385
0.1401
0.0798
0.1425
0.1317
0.0949
0.1616
0.1278
0.0687
0.1354
0.1229
0.0763
0.1397
0.1248
0.0853
0.1326
0.1217
0.0702
0.1338
0.1209
0.0772
0.141
0.1268
0.0751
0.1446
0.1264
0.0661
0.1357
0.1205
0.0847
0.1457
3.1475
0.0845
0.1608
0.131
0.1018
0.1473
0.1259
0.0854
0.1502
0.1223
0.0806
0.1432
0.1269
0.0835
0.1462
0.1292
0.0764
0.1417
0.1315
0.0656
0.1332
0.1186
0.0698
0.1374
0.1228
0.0692
0.133
0.1232
0.0711
0.1317
0.1205
0.0765
0.1406
0.1251
0.089
0.1541
0.1278
0.0962
0.1814
0.1307
0.1248
0.2293
0.1962
0.111
0.2141
0.1322
0.0756
0.1459
0.1258
0.0818
0.1453
0.1325
0.0724
0.1337
0.1239
0.0797
0.1454
0.1316
0.1036
0.1837
0.1292
0.084
0.1433
0.1242
0.0971
0.2078
0.1444
0.0904
0.1503
0.1287
0.0722
0.1356
0.1275
0.0831
0.1468
0.134
0.1072
0.2056
0.1439
0.0821
0.1382
0.1229
0.0873
0.1423
0.1322
0.1041
0.2196
0.1435
0.094
0.1329
0.1205
0.0859
0.1482
0.1347
0.1001
0.2084
0.1446
0.0902
0.1405
0.1207
0.0831
0.1489
0.1296
0.1027
0.1917
0.1492
0.0689
0.1347
0.1218
0.0898
0.1571
0.1375
0.076
0.1418
0.1281
0.1093
0.2121
0.1571
0.0969
0.1411
0.1226
0.0912
0.1438
0.1344
0.075
0.1342
0.128
0.1068
0.2156
0.1299
0.0764
0.1417
0.1311
0.0943
0.1549
0.1308
0.0794
0.1396
0.1262
0.0757
0.1425
0.1325
0.0662
0.1303
0.1186
0.1143
0.2072
0.1354
0.0858
0.1318
0.1202
0.0835
0.1409
0.1296
0.0816
0.1463
0.13
0.0931
0.2064
0.147
0.0848
0.1541
0.1299
0.0674
0.1324
0.1217
0.0807
0.1358
0.1213
0.0762
0.1438
0.1276
0.0771
0.1417
0.1296
0.0812
0.1441
0.1287
0.0782
0.1433
0.126
0.0735
0.1414
0.1237
0.0675
0.1344
0.1198
0.0698
0.1338
0.1198
0.0687
0.1328
0.1212
0.0772
0.1289
0.1232
0.0764
0.1374
0.1283
0.0669
0.1296
0.1209
0.0716
0.1374
0.1217
0.0675
0.1348
0.123
0.088
0.2035
0.2051
0.0922
0.2528
0.1927
0.068
0.129
0.1211
0.0698
0.1318
0.1276
0.1059
0.2052
0.1825
0.0986
0.2092
0.1962
0.093
0.2134
0.1985
0.0759
0.155
0.1336
0.0644
0.1353
0.1205
0.0665
0.1379
0.1236
0.0767
0.1556
0.1309
0.1076
0.2153
0.1771
0.0684
0.1376
0.1257
0.0702
0.142
0.124
0.0792
0.1483
0.125
0.0673
0.134
0.1469
0.1126
0.1851
0.1308
0.1163
0.2052
0.1921
0.071
0.1401
0.1216
0.0681
0.1405
0.1362
0.0845
0.1485
0.1234
0.0723
0.1387
0.1379
0.1252
0.226
0.2019
0.0745
0.1356
0.1349
0.0995
0.2161
0.1964
0.0712
0.1338
0.1319
0.1067
0.1979
0.1805
0.0714
0.1329
0.1247
0.0915
0.1435
0.1265
0.0738
0.1253
0.1232
0.077
0.1467
0.1282
0.069
0.1327
0.1367
0.0808
0.1387
0.1237
0.074
0.139
0.1286
0.0745
0.1447
0.1736
0.1233
0.2463
0.1994
0.0898
0.1636
0.1293
0.0736
0.1362
0.1273
0.0699
0.1307
0.1252
0.0702
0.1399
0.1274
0.0809
0.1437
0.1294
0.0905
0.1388
0.1219
0.0797
0.147
0.1258
0.0769
0.1442
0.1257
0.0701
0.1304
0.1193
0.0669
0.1303
0.1246
0.0862
0.1577
0.1275
0.0724
0.1387
0.1281
0.0701
0.1347
0.1235
0.0963
0.1687
0.1289
0.0825
0.1469
0.1267
0.0744
0.1456
0.1308
0.104
0.2201
0.1992
0.0711
0.1405
0.1236
0.0716
0.1353
0.1241
0.0749
0.1446
0.1276
0.07
0.1408
0.1277
0.0777
0.1443
0.1292
0.077
0.1505
0.1289
0.0695
0.1334
0.1252
0.0743
0.1403
0.1326
0.0757
0.1348
0.1211
0.081
0.1329
0.1189
0.0715
0.1432
0.1274
0.0911
0.1478
0.1361
0.0866
0.1508
0.1261
0.0854
0.1483
0.1335
0.0794
0.1434
0.1296
0.0783
0.145
0.1268
0.1016
0.2166
0.1805
0.0712
0.144
0.1243
0.0946
0.2086
0.1921
0.0683
0.135
0.1326
0.0972
0.2029
0.1943
0.066
0.129
0.1281
0.0899
0.2086
0.1964
0.0739
0.1388
0.1316
0.0972
0.213
0.1934
0.0689
0.1327
0.1362
0.0984
0.2217
0.1963
0.0746
0.1359
0.1366
0.1019
0.208
0.176
0.07
0.1329
0.1322
0.1079
0.2096
0.2021
0.0958
0.1954
0.1941
0.1047
0.155
0.1275
0.0822
0.1503
0.129
0.0676
0.1334
0.1209
0.1001
0.2123
0.1911
0.0783
0.1518
0.1282
0.0673
0.1315
0.1334
0.0749
0.1463
0.1255
0.0971
0.2116
0.19
0.0655
0.1287
0.1223
0.071
0.1326
0.1201
0.0715
0.1262
0.1147
0.097
0.1557
0.1283
0.0974
0.1486
0.1258
0.1052
0.1821
0.1325
0.1067
0.2247
0.1971
0.0781
0.1492
0.1318
0.0734
0.1376
0.1245
0.0735
0.1361
0.1282
0.0699
0.1381
0.1296
0.0814
0.1628
0.1223
0.0657
0.1293
0.1304
0.07
0.1339
0.1298
0.0702
0.1325
0.1266
0.0666
0.134
0.1267
0.073
0.14
0.135
0.0813
0.141
0.1308
0.0743
0.1377
0.1393
0.0991
0.188
0.1389
0.0751
0.1459
0.1237
0.0931
0.1727
0.1313
0.078
0.1672
0.1254
0.0823
0.1638
0.1276
0.0808
0.1685
0.1274
0.0963
0.1645
0.1271
0.0705
0.1403
0.1229
0.0834
0.1418
0.1364
0.0878
0.1509
0.1287
0.0802
0.1462
0.1222
0.0706
0.1356
0.1294
0.0703
0.1337
0.1282
0.0972
0.1545
0.1282
0.0775
0.1439
0.1326
0.0782
0.1394
0.1226
0.0838
0.1388
0.122
0.0708
0.1442
0.1255
0.0721
0.135
0.1226
0.0822
0.1457
0.1251
0.0737
0.1409
0.1368
0.0843
0.1484
0.1264
0.0804
0.1439
0.1278
0.0847
0.1727
0.1246
0.1002
0.2098
0.194
0.0813
0.1553
0.1196
0.0892
0.2032
0.1888
0.0933
0.1571
0.1382
0.0783
0.1442
0.1198
0.0691
0.133
0.1214
0.0723
0.1324
0.1212
0.0724
0.1412
0.132
0.0892
0.1884
0.1774
0.0695
0.135
0.1222
0.0791
0.1448
0.1263
0.0852
0.149
0.1228
0.0703
0.1316
0.1391
0.0818
0.1428
0.1221
0.0676
0.1298
0.1202
0.0929
0.2007
0.1769
0.0699
0.1338
0.1306
0.0809
0.1389
0.1261
0.0744
0.1645
0.1515
0.0723
0.1408
0.1389
0.0665
0.1272
0.1261
0.0808
0.1434
0.1273
0.0689
0.1315
0.1213
0.0686
0.1388
0.123
0.0718
0.1441
0.1238
0.0724
0.1421
0.1142
0.0965
0.2141
0.198
0.0744
0.1413
0.1235
0.0814
0.1551
0.1359
0.0761
0.1419
0.131
0.0685
0.1328
0.1235
0.0692
0.1403
0.1205
0.0737
0.142
0.1266
0.0896
0.1529
0.1301
0.0827
0.15
0.1339
0.0707
0.1349
0.1214
0.0965
0.1907
0.1695
0.0889
0.1586
0.1242
0.0703
0.1352
0.1215
0.102
0.2142
0.2
0.0694
0.1384
0.1269
0.0713
0.142
0.1229
0.0793
0.1544
0.1241
0.0648
0.1387
0.1237
0.0666
0.1361
0.1325
0.0657
0.1296
0.1302
0.0714
0.1373
0.1314
0.0693
0.1419
0.1232
0.0787
0.1443
0.1284
0.0686
0.1476
0.1239
0.0711
0.1364
0.1268
0.079
0.1537
0.1269
0.066
0.1309
0.1407
0.0703
0.1482
0.1244
0.107
0.2002
0.1936
0.0679
0.1345
0.1177
0.0681
0.1345
0.1234
0.0804
0.1461
0.1263
0.0681
0.1247
0.1104
0.1145
0.1479
0.1279
0.0859
0.1465
0.1265
0.104
0.1446
0.1283
0.1126
0.2169
0.1968
0.0758
0.1422
0.123
0.1217
0.2088
0.1925
0.0718
0.1394
0.1245
0.1007
0.1673
0.13
0.0892
1.1028
0.1288
0.0863
0.1428
0.1363
0.0735
0.1356
0.1239
0.0887
0.1395
0.1261
0.0713
0.1374
0.1279
0.0827
0.1398
0.1276
0.0841
0.1431
0.1241
0.0747
0.1385
0.1262
0.0738
0.1377
0.1242
0.0829
0.1431
0.1398
0.0942
0.1469
0.1334
0.0826
0.1509
0.1253
0.0722
0.1375
0.122
0.0855
0.1625
0.1323
0.0739
0.1332
0.1216
0.0855
0.1451
0.1318
0.0737
0.1321
0.1217
0.0857
0.1476
0.1276
0.0824
0.1427
0.1499
0.0805
0.1471
0.1282
0.0903
0.1793
0.1466
0.084
0.1533
0.1394
0.0909
0.1362
0.1279
0.0692
0.1364
0.1229
0.0708
0.1204
0.1165
0.09
0.1548
0.1257
0.0885
0.1432
0.1239
0.0804
0.1567
0.1338
0.0803
0.1539
0.1235
0.0714
0.1343
0.1221
0.072
0.1309
0.139
0.0682
0.128
0.1227
0.0836
0.1422
0.1251
0.0826
0.1405
0.1303
0.0824
0.1394
0.1236
0.0842
0.159
0.1315
0.1023
0.174
0.1679
0.0942
0.1642
0.1193
0.0709
0.1371
0.1226
0.0711
0.1344
0.1226
0.0827
0.1484
0.141
0.0988
0.207
0.1421
0.0664
0.1282
0.1221
0.0894
0.1473
0.1403
0.0918
0.2099
0.1426
0.0678
0.1338
0.1192
0.0678
0.1287
0.1254
0.0802
0.137
0.1257
0.0862
0.1502
0.1268
0.0821
0.1465
0.1382
0.0761
0.143
0.1331
0.084
0.1811
0.143
0.0857
0.1501
0.1357
0.0882
0.1474
0.1349
0.0757
0.1418
0.1255
0.0856
0.1412
0.1233
0.0706
0.1319
0.1237
0.0873
0.1401
0.1338
0.1048
0.2065
0.1324
0.0953
0.1951
0.1745
0.0801
0.1378
0.1676
0.0871
0.1442
0.1246
0.0804
0.1364
0.1265
0.0885
0.1427
0.1355
0.0896
0.1511
0.1383
0.0793
0.1401
0.1262
0.0721
0.1278
0.1223
0.0898
0.1452
0.136
0.0846
0.1379
0.1322
0.0915
0.1459
0.136
0.0658
0.1385
0.1209
0.0811
0.1481
0.1251
0.0698
0.1286
0.1191
0.0789
0.1432
0.1249
0.0877
0.147
0.1282
0.0906
0.1511
0.1368
0.1083
0.1787
0.1307
0.0887
0.1401
0.1242
0.0862
0.1388
0.1305
0.0853
0.1423
0.1321
0.0976
0.2105
0.1449
0.0855
0.1383
0.1309
0.0802
0.1348
0.1297
0.0879
0.1501
0.128
0.0815
0.1391
0.1275
0.0948
0.1939
0.153
0.0697
0.1322
0.1199
0.0802
0.1383
0.1299
0.0758
0.1423
0.1324
0.0906
0.1411
0.1315
0.0748
0.1266
0.1151
0.0734
0.1371
0.1214
0.0816
0.1418
0.1308
0.0833
0.1475
0.1301
0.0715
0.1406
0.1243
0.0725
0.1294
0.1174
0.0693
0.1349
0.1208
0.1145
0.1377
0.1282
0.1063
0.187
0.1572
0.0927
0.1669
0.1311
0.0766
0.1365
0.1232
0.0941
0.1637
0.1357
0.0669
0.1314
0.1297
0.1166
0.2004
0.1331
0.0717
0.1362
0.1225
0.0981
0.1544
0.1356
0.0802
0.1439
0.1309
0.0721
0.1353
0.1342
0.0789
0.1476
0.1368
0.0839
0.1522
0.1394
0.1078
0.2275
0.1379
0.1095
0.2
0.1599
0.0922
0.14
0.1261
0.1128
0.2148
0.1647
0.0984
0.2094
0.1283
0.0719
0.136
0.13
0.0826
0.1519
0.1335
0.1059
0.215
0.2035
0.0843
0.1535
0.1273
0.0671
0.1351
0.1288
0.0715
0.136
0.1231
0.0913
0.1491
0.1272
0.0881
0.1477
0.1382
0.0803
0.1352
0.119
0.0974
0.1637
0.1383
0.0941
0.2029
0.138
0.0768
0.1328
0.1206
0.0744
0.1405
0.1252
0.0786
0.1355
0.1218
0.0823
0.1536
0.1371
0.0807
0.1379
0.1229
0.0869
0.1449
0.1269
0.0689
0.1306
0.1198
0.0803
0.1418
0.1269
0.1018
0.1869
0.1913
0.1007
0.1461
0.1271
0.0857
0.1575
0.1348
0.0732
0.1429
0.1219
0.085
0.1456
0.1449
0.0841
0.1421
0.125
0.0854
0.1614
0.1275
0.0694
0.1321
0.121
0.0861
0.1539
0.1306
0.0687
0.1298
0.1192
0.0748
0.1362
0.1248
0.0707
0.1336
0.1311
0.0887
0.1501
0.1357
1.0845
0.1641
0.1323
0.0871
0.157
0.1268
0.0814
0.1552
0.1308
0.0838
0.1497
0.1247
0.0886
0.1538
0.1234
0.0694
0.1392
0.1218
0.0771
0.134
0.1202
0.0834
0.1467
0.1344
0.1042
0.1557
0.1281
0.0797
0.1427
0.1168
0.0959
0.1652
0.1252
0.0802
0.1383
0.1228
0.0794
0.1433
0.1239
0.0964
0.1565
0.1374
0.0779
0.1423
0.1254
0.0807
0.1391
0.1325
0.0708
0.1372
0.1245

-------------------------------------
CodechalDecodeHevcG12::SetFrameStates
-------------------------------------
5.7011
0.0654
0.0675
0.0643
2.5689
2.9485
0.1661
0.0818
0.017
0.0104
0.0081
0.0136
0.0118
0.0141
0.0097
0.0114
0.2802
0.1387
0.0118
0.0125
0.0078
0.0077
0.008
0.0092
0.0104
0.0105
0.0117
0.0119
0.0138
0.0095
0.0104
0.0096
0.0089
0.0115
0.0077
0.0075
0.0125
0.0089
0.0122
0.0102
0.0106
0.0089
0.0096
0.0073
0.0104
0.0089
0.0123
0.0086
0.0082
0.0074
0.0079
0.0073
0.0072
0.0088
0.007
0.0109
0.0092
0.0086
0.0073
0.0073
0.0118
0.0075
0.0081
0.0111
0.0106
0.0097
0.011
0.0076
0.0071
0.0073
0.0116
0.0086
0.0084
0.0078
0.0081
0.0076
0.0074
0.0133
0.0091
0.0078
0.0144
0.012
0.0085
0.0083
0.0087
0.0076
0.0115
0.0073
0.0098
0.0119
0.0087
0.0109
0.0091
0.013
0.0109
0.0087
0.0078
0.2463
0.0127
0.0082
0.0082
0.0075
0.007
0.0076
0.0072
0.0115
0.1741
0.0116
0.0129
0.1998
0.0104
0.0087
0.0088
0.0072
0.0076
0.0084
0.0071
0.0106
0.0107
0.0084
0.0099
0.0125
0.0112
0.0138
0.0095
0.0114
0.0106
0.0105
0.0131
0.0098
0.2502
0.011
0.011
0.0147
0.0129
0.0151
0.0115
0.013
0.0108
0.0122
0.0117
0.0095
0.0129
0.0129
0.0185
0.0127
0.0145
0.0104
0.0124
0.0093
0.0074
0.011
0.009
0.0087
0.0084
0.0144
0.009
0.0086
0.0076
0.0077
0.0085
0.0084
0.0074
0.2713
0.0115
0.0124
0.0104
0.0093
0.0089
0.0087
0.0088
0.0077
0.0078
0.0075
0.0085
0.0113
0.0125
0.0174
0.0142
0.0095
0.0098
0.0082
0.0089
0.0107
0.0147
0.012
0.0204
0.0088
0.0099
0.0117
0.0118
0.0122
0.0139
0.0142
0.0112
0.0123
0.012
0.0095
0.0122
0.0084
0.011
0.0095
0.0147
0.0147
0.011
0.0091
0.0127
0.0086
0.0128
0.0088
0.0086
0.0088
0.018
0.0097
0.0104
0.01
0.0122
0.0137
0.0082
0.0098
0.0088
0.0094
0.0091
0.0085
0.008
0.0079
0.0078
0.0076
0.009
0.0086
0.0072
0.0076
0.0075
0.0099
0.0091
0.0075
0.0072
0.0102
0.0112
0.0108
0.0088
0.007
0.0074
0.0087
0.0118
0.0075
0.0078
0.0085
0.0076
0.0141
0.0128
0.0084
0.0081
0.011
0.0086
0.0159
0.009
0.0118
0.0076
0.0115
0.0078
0.0094
0.0083
0.0081
0.0076
0.0095
0.009
0.0087
0.017
0.0115
0.009
0.0077
0.0076
0.0088
0.0102
0.0089
0.0092
0.0077
0.0078
0.0107
0.009
0.0079
0.0119
0.0103
0.0084
0.0113
0.0077
0.0075
0.0087
0.0077
0.0085
0.0085
0.0075
0.0082
0.0078
0.009
0.0079
0.0092
0.0109
0.0112
0.0088
0.0089
0.0113
0.0076
0.0106
0.0075
0.0116
0.0071
0.0103
0.0082
0.011
0.0075
0.0116
0.0076
0.0117
0.0075
0.0142
0.0106
0.012
0.0089
0.0074
0.01
0.0089
0.0072
0.0081
0.0111
0.007
0.0081
0.0081
0.0112
0.0129
0.0127
0.0138
0.0095
0.0085
0.0078
0.0077
0.0086
0.0067
0.0071
0.0072
0.0071
0.0072
0.0104
0.0086
0.0131
0.0089
0.0102
0.0095
0.0091
0.0121
0.0118
0.0088
0.0082
0.0117
0.0089
0.0084
0.0078
0.012
0.0096
0.0102
0.0101
0.0081
0.0079
0.0087
0.0081
0.0108
0.0096
0.0117
0.0123
0.0099
0.0103
0.0113
0.0088
0.0082
0.0076
0.008
0.0098
0.0081
0.008
0.0109
0.0081
0.0103
0.0106
0.0127
0.0084
0.0103
0.0081
0.0078
0.0072
0.01
0.0085
0.0073
0.008
0.0082
0.0102
0.0079
0.0086
0.0081
0.0072
0.0072
0.008
0.0108
0.0102
0.0082
0.0107
0.0082
0.0076
0.012
0.0079
0.0079
0.0091
0.0072
0.0074
0.0074
0.0078
0.0072
0.0089
0.0078
0.0085
0.0087
0.007
0.0076
0.0123
0.0079
0.0074
0.011
0.0074
0.0076
0.0109
0.0128
0.0123
0.0085
0.0157
0.0093
0.012
0.0087
0.0106
0.0088
0.013
0.009
0.0085
0.0104
0.0092
0.0079
0.009
0.0111
0.0104
0.0091
0.0109
0.009
0.0098
0.0105
0.0105
0.0105
0.0104
0.0109
0.0109
0.0125
0.0083
0.0084
0.0097
0.0115
0.0089
0.0103
0.011
0.0082
0.0072
0.0107
0.0095
0.0197
0.0116
0.0096
0.0101
0.0117
0.0088
0.0092
0.0105
0.009
0.011
0.0113
0.01
0.0078
0.0105
0.011
0.01
0.0082
0.009
0.0111
0.0158
0.0085
0.0106
0.0116
0.011
0.0128
0.012
0.0143
0.0122
0.0132
0.0104
0.011
0.0101
0.0078
0.0116
0.0103
0.0136
0.0076
0.0103
0.0085
0.0102
0.012
0.0113
0.0138
0.011
0.0149
0.0109
0.0121
0.0139
0.014
0.009
0.0106
0.0109
0.0128
0.0106
0.0089
0.0112
0.0094
0.0087
0.0117
0.0136
0.0079
0.0075
0.0079
0.009
0.012
0.0113
0.0172
0.0134
0.0085
0.0146
0.0124
0.0128
0.01
0.0084
0.0092
0.0109
0.0139
0.0137
0.0122
0.0145
0.0129
0.008
0.0111
0.0122
0.0109
0.0085
0.008
0.0129
0.0115
0.0123
0.0119
0.0116
0.011
0.0087
0.0093
0.0094
0.0102
0.0094
0.0081
0.0107
0.0092
0.0124
0.011
0.0089
0.0108
0.019
0.0113
0.0104
0.011
0.0088
0.0112
0.0076
0.0114
0.0224
0.0112
0.0096
0.0109
0.0133
0.008
0.0102
0.0091
0.0123
0.0105
0.0124
0.0105
0.0115
0.0126
0.0111
0.0078
0.0078

--------------------------
CreateVideoDecoder_D3D11_1
--------------------------
18.2896

---------------------------
DestroyVideoDecoder_D3D11_1
---------------------------
0

----------------
First Frame Time
----------------
64.1492

--------------------------------------
VideoDecoderBeginFrame_WDDM2_4_D3D11_1
--------------------------------------
0.0058
0.0061
0.0035
0.003
0.0048
0.0044
0.0056
0.0026
0.0044
0.0027
0.0019
0.0032
0.0034
0.0039
0.0021
0.0029
0.0026
0.0018
0.0027
0.0029
0.002
0.0021
0.0019
0.0025
0.0027
0.0022
0.0026
0.0027
0.0043
0.0022
0.0025
0.0024
0.0021
0.0024
0.0017
0.0018
0.0028
0.0023
0.0029
0.0027
0.0026
0.0022
0.0026
0.0018
0.0028
0.0021
0.0028
0.0019
0.0019
0.0016
0.0018
0.0016
0.0016
0.0018
0.0016
0.0029
0.0025
0.0019
0.002
0.0017
0.0049
0.0016
0.0018
0.0042
0.003
0.0022
0.0027
0.0019
0.0017
0.0017
0.0025
0.0018
0.0018
0.0018
0.0019
0.0015
0.0016
0.0029
0.002
0.0019
0.0037
0.0029
0.002
0.0018
0.0018
0.0017
0.0024
0.0018
0.002
0.0033
0.0022
0.0027
0.0021
0.003
0.0037
0.0021
0.0019
0.0018
0.0031
0.002
0.002
0.0017
0.0017
0.0018
0.0016
0.0031
0.0027
0.0027
0.0032
0.0027
0.0027
0.0022
0.0025
0.0017
0.0018
0.0022
0.0017
0.003
0.0024
0.0052
0.0028
0.0029
0.0029
0.0035
0.0021
0.0033
0.0023
0.0029
0.0035
0.0028
0.0023
0.0026
0.0029
0.0024
0.0035
0.0023
0.0027
0.0021
0.0027
0.0021
0.003
0.0063
0.0027
0.0027
0.0028
0.0023
0.0039
0.0025
0.0032
0.002
0.0021
0.0028
0.0025
0.0023
0.002
0.003
0.0033
0.0022
0.0019
0.003
0.0021
0.0019
0.0021
0.0018
0.0028
0.0034
0.0023
0.0021
0.002
0.0019
0.0018
0.0016
0.0018
0.0016
0.0024
0.003
0.0033
0.0043
0.0031
0.0025
0.0022
0.0019
0.002
0.0021
0.0032
0.0027
0.0036
0.0021
0.0023
0.0026
0.0031
0.0022
0.0036
0.0032
0.0028
0.003
0.0038
0.0021
0.003
0.0021
0.0028
0.0026
0.0045
0.0035
0.0029
0.0023
0.0027
0.0018
0.0033
0.002
0.003
0.0044
0.0035
0.0022
0.0025
0.0021
0.0027
0.0028
0.0023
0.0023
0.0021
0.0023
0.0021
0.0019
0.002
0.002
0.002
0.002
0.0021
0.0019
0.0017
0.0018
0.0019
0.0022
0.0023
0.002
0.0021
0.0024
0.0025
0.0019
0.0022
0.0017
0.0019
0.0021
0.0027
0.0018
0.0018
0.002
0.0017
0.0036
0.0033
0.0021
0.002
0.0031
0.002
0.0041
0.0022
0.0026
0.0018
0.0027
0.0017
0.002
0.0024
0.0017
0.0017
0.0023
0.002
0.0019
0.0047
0.0034
0.0021
0.0019
0.0017
0.002
0.0028
0.0023
0.0024
0.0025
0.0022
0.0026
0.0022
0.0017
0.0033
0.0022
0.0021
0.0029
0.0018
0.0019
0.0018
0.0018
0.0024
0.0018
0.0017
0.0016
0.002
0.0027
0.0016
0.002
0.0019
0.0035
0.0022
0.0019
0.0026
0.0017
0.0024
0.0019
0.0024
0.0017
0.0023
0.0018
0.0025
0.0015
0.0027
0.0018
0.0024
0.0018
0.0115
0.0025
0.0025
0.0018
0.0017
0.0021
0.0019
0.0018
0.0018
0.0022
0.0016
0.002
0.0023
0.0026
0.0035
0.0035
0.0033
0.0023
0.0021
0.0017
0.0017
0.0018
0.0017
0.0016
0.0016
0.0018
0.0017
0.0027
0.0024
0.0031
0.0025
0.0023
0.0023
0.0026
0.0021
0.0029
0.0021
0.0019
0.0032
0.002
0.0026
0.0019
0.0031
0.0021
0.0029
0.0025
0.0019
0.0022
0.002
0.0018
0.0033
0.0023
0.0039
0.0028
0.0025
0.0025
0.003
0.0021
0.0018
0.002
0.0018
0.0025
0.0019
0.0017
0.0036
0.002
0.0025
0.0019
0.0027
0.0017
0.0029
0.0024
0.003
0.0017
0.0041
0.002
0.0017
0.0022
0.0025
0.0023
0.0022
0.0021
0.0019
0.0017
0.0017
0.0017
0.0028
0.0025
0.0022
0.0027
0.0021
0.0431
0.0025
0.0018
0.0018
0.0019
0.0017
0.0019
0.0017
0.0018
0.0017
0.0044
0.0018
0.0021
0.002
0.0016
0.0017
0.003
0.0025
0.0021
0.0022
0.0018
0.0018
0.0029
0.003
0.0041
0.0021
0.0042
0.0026
0.0035
0.0024
0.0028
0.0022
0.0035
0.0022
0.002
0.0026
0.0019
0.0021
0.0018
0.0023
0.0027
0.002
0.003
0.0026
0.0023
0.0017
0.0017
0.0029
0.0035
0.0021
0.003
0.0023
0.0021
0.002
0.0023
0.0018
0.0018
0.0025
0.0027
0.0028
0.0018
0.0028
0.0021
0.0034
0.0022
0.0024
0.0022
0.0125
0.0019
0.002
0.0021
0.0018
0.0026
0.0026
0.0028
0.0023
0.0019
0.0028
0.002
0.002
0.003
0.0035
0.0023
0.0021
0.0018
0.0029
0.0027
0.0032
0.003
0.0062
0.0027
0.003
0.0021
0.0029
0.0023
0.0017
0.0019
0.0026
0.0022
0.0017
0.0026
0.0027
0.0019
0.0022
0.0027
0.0029
0.0029
0.002
0.0032
0.0027
0.0032
0.0022
0.0019
0.0029
0.0025
0.0025
0.0019
0.0019
0.0032
0.0025
0.0021
0.002
0.0022
0.0018
0.0019
0.0024
0.0033
0.0024
0.0029
0.0023
0.0033
0.0022
0.0034
0.0032
0.0033
0.0024
0.0021
0.0018
0.0027
0.0026
0.0037
0.0025
0.0036
0.0022
0.002
0.0019
0.0028
0.0028
0.0021
0.0018
0.002
0.0034
0.0025
0.0028
0.0027
0.002
0.002
0.0019
0.0019
0.0028
0.0022
0.0022
0.0018
0.0019
0.0026
0.0028
0.002
0.0028
0.0026
0.0028
0.0021
0.0063
0.0021
0.0018
0.0019
0.0028
0.0029
0.0029
0.0022
0.0029
0.0025
0.0022
0.0019
0.002
0.0029
0.0026
0.0028
0.0031
0.002
0.003
0.0021
0.0016
0.0025

----------------------------
VideoDecoderEndFrame_D3D11_1
----------------------------
0.0538
0.0547
0.0811
0.1143
0.1343
0.1448
0.1044
0.1502
0.1487
0.0678
0.0696
0.082
0.0667
0.0635
0.0856
0.0669
0.0645
0.0594
0.0603
0.0596
0.0535
0.0554
0.0611
0.0665
0.0659
0.0579
0.0972
0.0855
0.098
0.079
0.0602
0.0667
0.0889
0.101
0.0725
0.0821
0.0882
0.0535
0.0912
0.0847
0.08
0.0747
0.0615
0.0576
0.0767
0.087
0.0874
0.0543
0.0557
0.0623
0.0616
0.0574
0.0609
0.0571
0.0676
0.0626
0.0569
0.0557
0.0539
0.0572
0.0918
0.062
0.0577
0.0875
0.0634
0.0623
0.0864
0.0567
0.0611
0.0599
0.0794
0.0601
0.0605
0.0587
0.0585
0.062
0.0549
0.0704
0.0587
0.0593
0.0709
0.0909
0.0632
0.0627
0.0582
0.0556
0.0827
0.057
0.0862
0.0658
0.0566
0.0827
0.0537
0.0831
0.0633
0.0529
0.0558
0.0607
0.0578
0.0604
0.0567
0.0643
0.055
0.0648
0.0607
0.0709
0.0606
0.0819
0.0648
0.059
0.053
0.0865
0.0536
0.0642
0.053
0.0612
0.0576
0.0625
0.0598
0.0578
0.0645
0.0644
0.0594
0.0647
0.067
0.0602
0.0775
0.0644
0.0574
0.0681
0.0594
0.0624
0.0599
0.0723
0.0676
0.0639
0.0699
0.0558
0.0687
0.0753
0.0673
0.058
0.0617
0.0586
0.0703
0.0587
0.0655
0.0721
0.0621
0.0639
0.0536
0.0723
0.0668
0.0542
0.0905
0.0579
0.058
0.056
0.0573
0.059
0.0567
0.0625
0.0548
0.0673
0.0572
0.1012
0.0562
0.0586
0.0555
0.0543
0.0594
0.0593
0.0586
0.0533
0.0614
0.0652
0.0638
0.0712
0.0678
0.0741
0.0599
0.0539
0.0538
0.0677
0.0575
0.0694
0.062
0.0709
0.0642
0.0664
0.0716
0.0656
0.0687
0.0635
0.0616
0.0616
0.0583
0.0814
0.0605
0.0688
0.0708
0.0869
0.0642
0.0673
0.0632
0.0641
0.0685
0.0718
0.0572
0.0644
0.064
0.0564
0.0617
0.0593
0.0692
0.0674
0.0628
0.06
0.0624
0.06
0.0619
0.0551
0.0572
0.0614
0.0566
0.0544
0.0563
0.0587
0.0572
0.056
0.054
0.0561
0.0539
0.0815
0.0665
0.0547
0.0559
0.078
0.0937
0.0915
0.061
0.0567
0.053
0.0617
0.0866
0.0538
0.058
0.0609
0.0661
0.0767
0.0846
0.0589
0.063
0.0573
0.0619
0.0845
0.0563
0.0899
0.0573
0.089
0.0578
0.0603
0.0661
0.0625
0.0581
0.0634
0.0565
0.0644
0.0873
0.0678
0.0566
0.0578
0.059
0.0617
0.0598
0.0585
0.0691
0.0602
0.0571
0.0595
0.0645
0.0596
0.0635
0.0603
0.0608
0.0846
0.0598
0.0621
0.0602
0.0605
0.0613
0.0615
0.0578
0.0601
0.0623
0.0612
0.0649
0.0611
0.0658
0.0613
0.056
0.0627
0.0642
0.0583
0.0869
0.0542
0.0855
0.0572
0.0865
0.0575
0.0912
0.0545
0.083
0.0554
0.0863
0.0625
0.0851
0.0807
0.0614
0.0602
0.0614
0.0833
0.0607
0.057
0.064
0.0751
0.0523
0.0604
0.0608
0.0614
0.0607
0.0719
0.0762
0.0573
0.0682
0.0604
0.0586
0.0582
0.0558
0.0579
0.0578
0.0581
0.0682
0.0616
0.0566
0.0619
0.0547
0.0633
0.0583
0.0664
0.0615
0.0657
0.0577
0.0551
0.0629
0.0559
0.0559
0.0539
0.0644
0.0609
0.0624
0.0577
0.0564
0.0656
0.061
0.064
0.0628
0.0582
0.0656
0.0672
0.0557
0.0579
0.0653
0.0665
0.0651
0.0599
0.0615
0.0848
0.0538
0.0592
0.06
0.0741
0.0642
0.0689
0.0795
0.0528
0.0629
0.0632
0.0553
0.0572
0.0608
0.0579
0.0622
0.0606
0.0579
0.0763
0.0582
0.0599
0.0627
0.0544
0.0582
0.058
0.0599
0.0612
0.0589
0.0837
0.0554
0.0569
0.0895
0.054
0.0606
0.055
0.0526
0.0543
0.0562
0.0596
0.0594
0.0611
0.0603
0.0598
0.0632
0.0574
0.0591
0.0867
0.057
0.0571
0.0634
0.0576
0.0637
0.0641
0.0669
0.059
0.0669
0.0635
0.0631
0.0715
0.0696
0.063
0.0543
0.0558
0.0599
0.0572
0.0628
0.0539
0.0599
0.0606
0.0604
0.0563
0.0569
0.0615
0.0536
0.056
0.0647
0.0695
0.0569
0.0556
0.0537
0.0569
0.0555
0.0521
0.0519
0.053
0.0664
0.0536
0.0652
0.0564
0.0571
0.0768
0.0687
0.0722
0.0774
0.0645
0.0548
0.0545
0.07
0.055
0.0605
0.0593
0.0681
0.0698
0.0535
0.0532
0.054
0.0673
0.065
0.0553
0.0738
0.0586
0.0606
0.0553
0.08
0.0666
0.0652
0.0602
0.0629
0.0728
0.0727
0.0562
0.0907
0.0773
0.0635
0.0557
0.0657
0.0548
0.0681
0.0554
0.0739
0.0565
0.0688
0.065
0.0635
0.0657
0.0723
0.0712
0.0594
0.0647
0.0634
0.0676
0.0552
0.0705
0.0577
0.0704
0.0779
0.0547
0.0567
0.0564
0.0646
0.0542
0.0697
0.0599
0.0611
0.0625
0.0535
0.0535
0.0571
0.0588
0.0678
0.0586
0.0613
0.0722
0.0686
0.0612
0.0587
0.0615
0.0672
0.0629
0.0659
0.073
0.0661
0.0625
0.0637
0.0682
0.0703
0.0775
0.0572
0.0569
0.0523
0.063
0.0661
0.069
0.0596
0.066
0.059
0.0551
0.0556
0.0686
0.0569
0.0641
0.0669
0.0598
0.0779
0.0656
0.0729
0.0668
0.057
0.072
0.0588
0.0544
0.0639
0.0646
0.0626
0.0555
0.0679
0.078
0.0639
0.087
0.0599
0.0552
0.0546
0.0536
0.0539
0.0591
0.0618
0.0712
0.0692
0.0655
0.0569
0.0608
0.0604
0.0592

---------------------------------
VideoDecoderSubmitBuffers_D3D11_1
---------------------------------
10.0619
0.8049
0.785
0.7769
3.3201
3.823
0.8223
1.0193
0.9272
0.6219
0.682
1.0552
1.022
0.7934
0.7421
0.8769
4.0744
3.2622
0.6628
0.538
0.5282
0.5724
0.5993
0.6393
0.5138
0.5082
0.741
0.5155
0.5576
0.5889
0.4795
0.4754
0.5152
0.7053
0.4357
0.4764
0.7091
0.4674
0.7064
0.6493
0.6686
0.5022
0.4471
0.4288
0.5045
0.5048
0.6732
0.4671
0.4591
0.4359
0.4841
0.4362
0.4507
0.4727
0.4294
0.5267
0.4724
0.4903
0.4349
0.4507
0.711
0.45
0.4818
0.676
0.4948
0.5018
0.6587
0.4322
0.4312
0.4577
0.6368
0.4928
0.4766
0.463
0.4895
0.4515
0.4545
0.5242
0.4886
0.4546
0.6956
0.694
0.479
0.4833
0.4861
0.4586
0.6579
0.4527
0.612
0.5605
0.458
0.6628
0.5026
0.7158
0.4966
0.4638
0.4545
1.8485
0.4851
0.466
0.4484
0.4341
0.4389
0.4517
0.4582
0.5375
2.5851
0.5378
0.5984
0.7028
0.4601
0.4698
0.4595
0.4227
0.4532
0.4922
0.4478
0.5114
0.5061
0.4747
0.5128
0.6913
0.8608
0.6284
0.5265
0.7416
0.7292
0.532
0.6962
0.4929
3.6668
0.5014
0.5183
0.4953
0.5304
0.5943
0.7318
0.8455
0.7734
0.6989
0.7068
0.7203
0.7109
0.9305
0.5632
0.7088
0.7381
0.6573
0.5508
0.8269
0.7476
0.5244
0.4674
0.487
0.4856
0.5369
0.4469
0.4666
0.457
0.4377
0.4713
0.4789
0.4377
3.7959
0.5173
0.5328
0.491
0.4918
0.4928
0.481
0.4295
0.4453
0.441
0.4344
0.4753
0.527
0.5736
0.7586
0.6292
0.479
0.4966
0.4589
0.7274
0.6996
0.5177
0.8287
0.5472
0.7474
0.8397
0.8255
0.5433
0.8188
0.7067
0.5292
0.7553
0.6111
0.5212
0.4971
0.6096
0.4426
0.5405
0.481
0.653
0.607
0.6922
0.7497
0.8539
0.7336
0.6926
0.7906
0.8082
0.7484
0.8432
0.6456
0.7355
0.8783
0.8533
0.5226
0.4437
0.4755
0.4771
0.4781
0.4845
0.4728
0.4617
0.4396
0.4395
0.4353
0.8426
0.4747
0.4256
0.4567
0.4407
0.6503
0.6951
0.4347
0.4529
0.6595
0.6755
0.6649
0.4862
0.427
0.4453
0.4883
0.6767
0.4474
0.4571
0.4799
0.459
0.6065
0.6913
0.4505
0.5001
0.4994
0.4739
0.7675
0.4741
0.6846
0.4603
0.6677
0.4594
0.5018
0.4518
0.4767
0.4567
0.4824
0.4676
0.5231
0.7941
0.5376
0.4583
0.4452
0.4507
0.4906
0.4928
0.4882
0.4818
0.4384
0.4332
0.5204
0.4627
0.4488
0.5544
0.4932
0.4806
0.7029
0.4576
0.4505
0.4744
0.4568
0.4776
0.4811
0.4477
0.4709
0.4511
0.4758
0.462
0.5148
0.5053
0.5211
0.4933
0.4842
0.6601
0.4563
0.6648
0.4558
0.6641
0.4327
0.6574
0.4683
0.6762
0.451
0.686
0.4619
0.6546
0.4506
0.7024
0.6581
0.5449
0.4916
0.4419
0.6714
0.4884
0.446
0.4764
0.666
0.4316
0.4504
0.4356
0.5327
0.5305
0.5906
0.7165
0.4929
0.4573
0.4588
0.4556
0.4943
0.4346
0.4497
0.4467
0.4416
0.4671
0.5005
0.4849
0.5941
0.4821
0.5569
0.5097
0.5151
0.5274
0.5454
0.4536
0.482
0.5226
0.4707
0.4659
0.4487
0.5467
0.4809
0.4815
0.488
0.4664
0.4573
0.4832
0.4808
0.507
0.4886
0.5355
0.6853
0.4856
0.6321
0.5506
0.4681
0.4374
0.4549
0.469
0.6129
0.4585
0.4819
0.5003
0.4744
0.4844
0.4406
0.6256
0.4549
0.4892
0.5297
0.4697
0.4317
0.4872
0.4385
0.4416
0.4687
0.4564
0.6716
0.462
0.5064
0.4847
0.4404
0.4467
0.46
0.5197
0.5104
0.4491
0.6217
0.5042
0.4441
0.695
0.4544
0.4515
0.4873
0.4375
0.4485
0.4364
0.4589
0.4516
0.4782
0.4559
0.4559
0.4894
0.4516
0.4567
0.6842
0.4408
0.4419
0.5027
0.4275
0.5223
0.5101
0.5368
0.6914
0.459
0.7392
0.4567
0.7029
1.7425
0.5232
0.4673
0.5132
0.4631
0.5821
0.497
0.4877
0.8183
0.9182
0.8588
0.4989
0.5088
0.8232
0.7329
0.8834
0.8737
0.8823
0.5175
0.4956
0.6672
0.5241
0.5069
0.4455
0.4273
0.8255
0.8376
0.8657
0.499
0.4724
0.4618
0.4376
0.4992
0.4923
0.5016
0.5593
0.6912
0.5104
0.9378
0.7455
0.857
0.8537
0.6756
0.8104
0.7457
0.4552
0.4555
0.4923
0.5117
0.5217
0.7773
0.7559
0.6691
0.8187
0.7452
0.804
0.6392
0.6533
0.8923
0.6423
0.6276
0.6621
0.7164
0.7191
0.5376
0.4894
0.6284
0.903
0.7196
0.8369
0.8025
0.4953
0.4389
0.4737
0.5773
0.6745
0.5813
0.4994
0.6374
0.7291
0.821
0.5306
0.8236
0.7852
0.6201
0.921
0.6116
0.8366
0.8664
0.5176
0.4513
0.4567
0.5481
0.6205
0.8302
0.4384
0.4468
0.662
0.8276
0.5542
0.4856
0.7224
0.7258
0.8394
0.5327
0.7119
0.7166
0.7077
0.8275
0.8069
0.8007
0.6484
0.5539
0.7701
0.685
0.6963
0.8322
0.8951
0.5137
0.4512
0.4501
0.6128
0.5941
0.4849
0.7794
0.5828
0.5355
0.8334
0.7687
0.7546
0.6147
0.4923
0.4435
0.6385
0.8446
0.5178
0.5357
0.4597
0.5238
0.646
0.5252
0.4557
0.8117
0.4416
0.7137
0.8384
0.7699
1.7516
0.5377
0.5039
0.5071
0.5225
0.7417
0.8611
0.8789
0.5453
0.4855
0.5377
0.4834
0.5339
0.8244
0.7997
0.8481
0.8662

