---------------------------------------------
CalcPrivateVideoDecoderOutputViewSize_D3D11_1
---------------------------------------------
0.0031
0.0014
0.0011
0.0053
0.0013
0.0013
0.003
0.0017
0.0045
0.0029
0.0016
0.0017
0.0018
0.0037
0.0012
0.0011
0.001
0.001
0.0009
0.0024
0.001
0.0009
0.0046
0.0016
0.0013
0.0009
0.0016
0.0011
0.0034
0.0015
0.0021
0.0014
0.0014
0.0014
0.0016
0.004
0.0015
0.0029
0.0014
0.0011
0.0037
0.001
0.0033
0.0017
0.0011
0.0016
0.0015
0.007
0.0016
0.0016
0.0009
0.0011
0.0016
0.0013
0.002
0.001
0.001
0.0015
0.001
0.0017
0.0019
0.0009
0.0009
0.002
0.0014
0.0013
0.0015
0.0013
0.0011
0.001
0.0007
0.0016
0.0015
0.0007
0.001
0.0013
0.0017
0.0016
0.0014
0.001
0.0014
0.0016
0.0021
0.001
0.0015
0.0011
0.0007
0.0013
0.0015
0.0014
0.0013
0.0013
0.0013
0.0011
0.0044
0.0012
0.0009
0.001
0.0008
0.0013
0.0022
0.0016
0.0011
0.0022
0.0013
0.0023
0.0012
0.0016
0.0013
0.0018
0.0013
0.0042
0.0012
0.0019
0.0016
0.0011
0.0025
0.0019
0.0015
0.0024
0.0013
0.0016
0.0027
0.001
0.0025
0.0012
0.0014
0.0014
0.0013
0.0014
0.0014
0.0026
0.0019
0.0013
0.0022
0.0012
0.0017
0.0015
0.0018
0.002
0.0011
0.0026
0.0011
0.0015
0.0009
0.0016
0.0023
0.0017
0.0018
0.0019
0.0015
0.0011
0.0018
0.0014
0.0013
0.0015
0.0012
0.0022
0.0017
0.0016
0.0018
0.0015
0.0026
0.002
0.0021
0.0015
0.0018
0.0019
0.002
0.0022
0.0019
0.002
0.002
0.0016
0.002
0.0017
0.0042
0.0018
0.002
0.0019
0.0018
0.0014
0.0021
0.0021
0.0022
0.0017
0.0017
0.0019
0.0021
0.0024
0.0015
0.0021
0.0038
0.0019
0.0018
0.0021
0.0016
0.0023
0.0021
0.0018
0.0021
0.002
0.0019
0.0016
0.0021
0.0023
0.0022
0.0017
0.0015
0.0019
0.0042
0.0071
0.0017
0.002
0.0021
0.0021
0.0024
0.0019
0.0021
0.0012
0.0017
0.0022
0.0019
0.002
0.002
0.0021
0.0019
0.0018
0.0021
0.0024
0.0021
0.0021
0.002
0.0017
0.0021
0.0023
0.0021
0.002
0.0021
0.002
0.0016
0.0019
0.002
0.0022
0.0021
0.0014
0.0015
0.0019
0.0023
0.0011
0.0019
0.002
0.0014
0.0021
0.0019
0.0019
0.0018
0.0022
0.0016
0.0016
0.0011
0.0019
0.0019
0.0021
0.0019
0.0015
0.0016
0.0017
0.0029
0.0027
0.0016
0.0013
0.0015
0.0018
0.0015
0.0011
0.0022
0.0016
0.0015
0.002
0.0019
0.0016
0.0019
0.002
0.0015
0.0018
0.0022
0.0016
0.0019
0.0018
0.002
0.0016
0.0015
0.0016
0.0018
0.0021
0.0025
0.0019
0.0016
0.0019

-----------------------
CodechalDecode::Execute
-----------------------
1.0384
0.8511
0.9062
0.3068
0.721
0.3408
0.3537
0.3475
0.3163
0.2681
0.2796
0.2836
0.2846
0.2872
0.3016
0.2791
0.2806
0.2568
0.2985
0.2883
0.2379
0.2463
0.4324
0.2647
0.2632
0.2599
0.2827
0.2526
0.2608
0.2515
0.2839
0.275
0.2697
0.2425
0.2656
0.2888
0.2735
0.2837
0.255
0.2589
0.2791
0.2682
0.2972
0.271
0.2612
0.2663
0.2629
0.2596
0.2612
0.2758
0.255
0.2437
0.2616
0.2536
0.2438
0.2516
0.259
0.2452
0.2348
0.2604
0.2604
0.2302
0.2493
0.2508
0.2859
0.2565
0.2588
0.2523
0.2656
0.2702
0.2361
0.2819
0.2632
0.2403
0.2372
0.2491
0.2743
0.2725
0.2717
0.2581
0.2618
0.2688
0.2627
0.2448
0.2692
0.2686
0.2465
0.2751
0.2678
0.2692
0.271
0.2462
0.2576
0.2558
0.2605
0.2672
0.2521
0.2481
0.2444
0.2537
0.2998
0.2981
0.2508
0.2945
0.2654
0.3018
0.2681
0.3177
0.2637
0.2755
0.2583
0.2806
0.2664
0.2669
0.2538
0.2596
0.3474
0.3024
0.2463
0.2524
0.2544
0.2713
0.3458
0.2535
0.3413
0.2665
0.2451
0.286
0.2717
0.2455
0.2661
0.3429
0.3066
0.256
0.3472
0.2659
0.2893
0.246
0.2775
0.2938
0.2828
0.2591
0.2353
0.2486
0.2428
0.3327
0.3275
0.2634
0.2674
0.2582
0.2737
0.2871
0.3574
0.2611
0.3321
0.2498
0.2663
0.2795
0.3256
0.7711
1.202
0.9064
0.7445
0.9855
0.2768
0.2408
0.2881
0.2707
0.305
0.2973
0.2979
0.3013
0.3057
0.26
0.2722
0.263
0.3349
0.2576
0.2519
0.3555
0.3228
0.2445
0.3701
0.283
0.306
0.2595
0.3031
0.298
0.2786
0.4191
0.3492
0.3044
0.2569
0.2771
0.2794
0.2799
0.2621
0.2972
0.2833
0.2843
0.2712
0.3543
0.2703
0.2612
0.3139
0.2873
0.2822
0.3084
0.2582
0.2959
0.3071
0.274
0.2498
0.278
0.2775
0.3087
0.3031
0.2888
0.2813
0.2661
0.3142
0.3823
0.3572
0.3451
0.3736
0.3594
0.3847
0.3176
0.3736
0.3896
0.2984
0.3691
0.3038
0.2665
0.2912
0.2817
0.3823
0.2732
0.3187
0.3018
0.3468
0.3583
0.2708
0.28
0.2721
0.3406
0.3237
0.2869
0.3605
0.3601
0.2801
0.2787
0.2527
0.2954
0.4073
0.2825
0.3468
0.281
0.3449
0.2752
0.2641
0.2751
0.28
0.2988
0.2991
0.273
0.3839
0.2695
0.2559
0.3537
0.3258
0.3401
0.2431
0.2808
0.2735
0.2889
0.3943
0.3164
0.2492
0.3042
0.2726
0.244
0.2947
0.2805
0.3386
0.2697
0.2825
0.2521
0.3003
0.3041
0.2673
0.3508
0.2516
0.2847
0.2776
0.2732
0.2816
0.2776
0.3134
0.2971

---------------------------------------
CodechalDecodeHevcG12::DecodeStateLevel
---------------------------------------
0.1513
0.2602
0.5335
0.1925
0.6428
0.1528
0.066
0.1361
0.3884
0.2028
0.0739
0.15
0.0748
0.161
0.0705
0.1529
0.0395
0.1332
0.0382
0.1256
0.0404
0.1287
0.0404
0.13
0.0428
0.1279
0.0421
0.1301
0.0425
0.1497
0.0465
0.1219
0.0359
0.145
0.0369
0.1189
0.0353
0.1457
0.044
0.1234
0.0326
0.1139
0.0364
0.1131
0.1854
0.1287
0.0421
0.1245
0.0366
0.1215
0.0362
0.1209
0.0408
0.1302
0.0389
0.1163
0.0395
0.108
0.0378
0.1178
0.0446
0.1281
0.0397
0.1238
0.04
0.1236
0.0336
0.1129
0.0432
0.1167
0.0411
0.1324
0.0424
0.1272
0.0397
0.1274
0.0362
0.1161
0.041
0.1184
0.0418
0.1275
0.0377
0.127
0.0424
0.1416
0.0387
0.1263
0.0357
0.1227
0.0393
0.1226
0.0387
0.1211
0.0451
0.1151
0.0411
0.1196
0.0408
0.1269
0.0336
0.1233
0.0336
0.1153
0.0361
0.1225
0.0373
0.1177
0.0346
0.1123
0.0403
0.1162
0.0348
0.1239
0.0364
0.1154
0.0358
0.1009
0.0369
0.1206
0.0365
0.124
0.0334
0.1047
0.0356
0.1118
0.039
0.1098
0.0407
0.1308
0.0338
0.1243
0.0342
0.1234
0.0347
0.119
0.0355
0.1249
0.0381
0.123
0.0334
0.1143
0.0432
0.1289
0.0356
0.1281
0.0308
0.1138
0.0316
0.1131
0.0347
0.119
0.0364
0.1268
0.035
0.1227
0.0413
0.1244
0.0401
0.1168
0.0358
0.1221
0.0402
0.1254
0.0363
0.1194
0.0313
0.1135
0.0368
0.1293
0.0389
0.1238
0.04
0.1107
0.0434
0.1207
0.0404
0.1108
0.0387
0.1278
0.0359
0.1248
0.0351
0.1119
0.0333
0.121
0.0365
0.1183
0.0381
0.1167
0.0395
0.1228
0.0381
0.1176
0.0339
0.1171
0.0362
0.1119
0.0338
0.1155
0.0404
0.1357
0.0344
0.1225
0.0374
0.1103
0.0463
0.1282
0.0391
0.1243
0.0413
0.1375
0.0356
0.129
0.039
0.1259
0.0356
0.1229
0.0387
0.1274
0.0353
0.1219
0.0449
0.1249
0.0391
0.1271
0.0376
0.124
0.0349
0.1196
0.0367
0.1208
0.0848
0.1415
0.047
0.1344
0.0455
0.0983
0.0369
0.1148
0.0365
0.1219
0.0393
0.1233
0.0422
0.1297
0.0372
0.1148
0.0855
0.1334
0.0361
0.1207
0.0348
0.1163
0.0451
0.1298
0.0376
0.1237
0.033
0.1196
0.0392
0.1239
0.0852
0.1396
0.0514
0.1335
0.037
0.1236
0.0873
0.1375
0.044
0.1231
0.043
0.1326
0.034
0.1198
0.0399
0.1263
0.0433
0.1421
0.0394
0.1318
0.0337
0.1199
0.0414
0.1065
0.0345
0.1168
0.0322
0.1204
0.0402
0.1664
0.0451
0.1545
0.0364
0.1272
0.0444
0.108
0.0373
0.1214
0.0445
0.1185
0.0469
0.1294
0.0912
0.1408
0.0371
0.1222
0.0479
0.1573
0.0341
0.1146
0.0372
0.1248
0.046
0.1266
0.0629
0.1325
0.0397
0.1249
0.0419
0.1316
0.0366
0.1164
0.0463
0.1278
0.0378
0.1188
0.0418
0.1239
0.0348
0.1109
0.0466
0.1213
0.0423
0.1205
0.0473
0.128
0.0453
0.1308
0.0488
0.1251
0.0488
0.1259
0.0744
0.1239
0.0408
0.1203
0.0408
0.1215
0.0418
0.118
0.0449
0.1627
0.0389
0.1216
0.0384
0.1057
0.0483
0.1668
0.0514
0.1431
0.0364
0.1098
0.0533
0.1719
0.0463
0.1227
0.051
0.1245
0.0427
0.1166
0.0466
0.123
0.0474
0.1366
0.0407
0.1278
0.0427
0.2462
0.0511
0.1621
0.0527
0.1303
0.0346
0.1241
0.0418
0.1226
0.0421
0.1239
0.0429
0.1245
0.0363
0.1192
0.0534
0.1256
0.0479
0.123
0.0425
0.1316
0.0404
0.1218
0.0523
0.1675
0.0397
0.123
0.0387
0.1173
0.0551
0.1287
0.0427
0.1259
0.0397
0.1276
0.0421
0.1574
0.0406
0.1111
0.0471
0.1268
0.0408
0.1584
0.04
0.1238
0.0389
0.1147
0.0412
0.1236
0.044
0.1231
0.0539
0.1308
0.0493
0.1315
0.0423
0.1317
0.0463
0.1204
0.0363
0.1267
0.0355
0.1426
0.05
0.1821
0.0524
0.1597
0.046
0.1815
0.0523
0.1796
0.0457
0.1781
0.0561
0.1812
0.0542
0.1362
0.052
0.1794
0.0576
0.1786
0.0478
0.1327
0.0559
0.1714
0.0434
0.1436
0.0356
0.124
0.0472
0.1322
0.0418
0.1298
0.0465
0.2007
0.0452
0.123
0.0525
0.1391
0.0545
0.1271
0.0463
0.1653
0.0531
0.1716
0.0403
0.1232
0.0421
0.1212
0.0405
0.1229
0.0461
0.1606
0.0384
0.161
0.0441
0.1307
0.0518
0.1688
0.0428
0.1901
0.0421
0.1275
0.0419
0.1276
0.0359
0.1135
0.049
0.1232
0.0512
0.2144
0.0425
0.1241
0.0446
0.1384
0.0408
0.1276
0.0505
0.1621
0.0443
0.1193
0.0379
0.1232
0.0408
0.1252
0.047
0.122
0.049
0.1303
0.0503
0.1272
0.0353
0.1378
0.0505
0.1903
0.0499
0.1208
0.0399
0.112
0.0447
0.1786
0.0434
0.1694
0.05
0.1572
0.0356
0.1101
0.041
0.1305
0.0449
0.1199
0.0491
0.1261
0.0561
0.1796
0.038
0.154
0.0371
0.1128
0.0525
0.1252
0.0404
0.1222
0.0339
0.113
0.0478
0.1256
0.0415
0.1255
0.0445
0.162
0.0394
0.1207
0.0486
0.1225
0.0376
0.1126
0.0507
0.1265
0.0526
0.1275
0.0402
0.1206
0.0451
0.157
0.0356
0.1142
0.0392
0.1249
0.0484
0.1213
0.0437
0.1213
0.0422
0.1253
0.0398
0.1307
0.0517
0.1302
0.0425
0.1324

-------------------------------------
CodechalDecodeHevcG12::SetFrameStates
-------------------------------------
0.3857
0.0106
0.0095
0.0142
0.0083
0.0136
0.0126
0.0165
0.0119
0.0108
0.0104
0.0094
0.0114
0.0118
0.0155
0.0082
0.0073
0.007
0.0088
0.0106
0.0064
0.0085
0.0102
0.0081
0.009
0.0096
0.0109
0.0078
0.0097
0.0074
0.0107
0.0088
0.0097
0.0082
0.0086
0.0117
0.0101
0.0131
0.0084
0.0076
0.0097
0.0092
0.0102
0.0099
0.0095
0.009
0.0082
0.0097
0.0079
0.0091
0.0082
0.0078
0.0115
0.0083
0.0072
0.0067
0.0085
0.0077
0.0075
0.0121
0.0082
0.0067
0.0072
0.0105
0.0095
0.0079
0.0084
0.0078
0.0126
0.0077
0.0065
0.0097
0.0101
0.0101
0.0078
0.0078
0.0106
0.0131
0.0084
0.0072
0.0095
0.0092
0.0095
0.0076
0.0087
0.0084
0.0082
0.0077
0.0105
0.0091
0.0092
0.008
0.0083
0.0072
0.0121
0.0082
0.0086
0.0067
0.0069
0.0074
0.0112
0.0093
0.0071
0.0105
0.0079
0.0108
0.0078
0.0102
0.009
0.0101
0.0081
0.0098
0.0083
0.009
0.009
0.0082
0.011
0.0101
0.0087
0.0087
0.0085
0.0099
0.0114
0.0077
0.0114
0.0092
0.0094
0.0095
0.0081
0.0075
0.0089
0.0102
0.0101
0.0078
0.0117
0.008
0.0116
0.0079
0.0093
0.0103
0.0108
0.0092
0.0063
0.0104
0.0072
0.0087
0.0112
0.0087
0.0104
0.0091
0.0138
0.01
0.0112
0.0093
0.0113
0.0095
0.0087
0.0088
0.0136
0.0113
0.0118
0.0097
0.0108
0.0089
0.0102
0.0092
0.0124
0.0099
0.013
0.0108
0.0125
0.0135
0.0098
0.0099
0.0094
0.0089
0.0101
0.0083
0.0097
0.0114
0.0129
0.0095
0.0122
0.0102
0.0133
0.0102
0.0124
0.0102
0.01
0.0132
0.0124
0.0123
0.0088
0.0102
0.0101
0.0101
0.0096
0.0113
0.0101
0.0097
0.0097
0.0132
0.0096
0.0113
0.0127
0.011
0.0099
0.0106
0.0127
0.0122
0.0099
0.0107
0.0096
0.0101
0.0096
0.0126
0.0116
0.0107
0.0106
0.0113
0.013
0.0124
0.0124
0.0103
0.0128
0.0127
0.0133
0.0133
0.0133
0.0137
0.0114
0.0131
0.0111
0.0114
0.0128
0.0103
0.0124
0.0097
0.0092
0.0158
0.0119
0.0128
0.0099
0.0099
0.0102
0.0097
0.0101
0.0099
0.0128
0.0117
0.0101
0.0102
0.0107
0.013
0.0137
0.0101
0.0134
0.0124
0.0125
0.014
0.0111
0.01
0.01
0.0107
0.0118
0.0094
0.0099
0.0093
0.0097
0.0178
0.0107
0.0105
0.0092
0.0101
0.0099
0.011
0.0139
0.0106
0.0097
0.0126
0.0108
0.0092
0.0135
0.0147
0.0118
0.0098
0.0101
0.0099
0.0121
0.0126
0.0096
0.0119
0.0097
0.0103
0.01
0.0097
0.0103
0.0097
0.0129
0.0117

--------------------------
CreateVideoDecoder_D3D11_1
--------------------------
23.1329
15.9761
16.672
14.0134

---------------------------
DestroyVideoDecoder_D3D11_1
---------------------------
14.5171
14.6418
43.0423
0

---------------------
DxvaEncodeHEVC_Create
---------------------
22.9494
15.8114
16.5128

-----------------------
DxvaEncodeHEVC_EndFrame
-----------------------
0.0018
0.0015
0.0014
0.0015
0.0012
0.0008
0.0017
0.0007
0.0009
0.0023
0.0008
0.0007
0.0007
0.0023
0.0008
0.0007
0.0008
0.0009
0.0007
0.0026
0.0008
0.0009
0.0007
0.0008
0.0007
0.0008
0.0007
0.0009
0.0036
0.0007
0.0006
0.0013
0.0006
0.0007
0.0008
0.0008
0.0008
0.0008
0.0008
0.0008
0.0007
0.0008
0.0031
0.0007
0.0005
0.0008
0.0006
0.0007
0.0007
0.0005
0.0006
0.0006
0.0007
0.0007
0.0008
0.0007
0.0006
0.0007
0.0006
0.0006
0.0008
0.0007
0.0007
0.0027
0.0007
0.0007
0.0007
0.0005
0.0005
0.0008
0.0008
0.0008
0.0009
0.0007
0.0007
0.0007
0.0009
0.0007
0.0006
0.0008
0.0008
0.0007
0.0007
0.0007
0.0008
0.0008
0.0007
0.0008
0.0006
0.0007
0.0008
0.0007
0.0006
0.0006
0.0072
0.0006
0.0006
0.001
0.0007
0.0008
0.0006
0.0006
0.0006
0.0009
0.001
0.0007
0.0007
0.0007
0.0008
0.0005
0.0009
0.001
0.001
0.0008
0.0007
0.001
0.0007
0.0012
0.0006
0.001
0.0007
0.0006
0.0009
0.0009
0.0009
0.0007
0.001
0.0007
0.0007
0.0007
0.0007
0.0007
0.0008
0.001
0.0009
0.0009
0.0008
0.0009
0.0007
0.0009
0.0006
0.0037
0.0008
0.0008
0.0007
0.0008
0.0009
0.0009
0.0009
0.0009
0.001
0.0008
0.0012
0.0009
0.0009
0.0008
0.0009
0.0008
0.0009
0.0011
0.0009
0.0009
0.0008
0.0017
0.0008
0.0008
0.0007
0.0009
0.0009
0.0007
0.0008
0.0008
0.0008
0.0008
0.0008
0.0008
0.0008
0.0009
0.0009
0.0012
0.001
0.0008
0.0009
0.0009
0.0007
0.0009
0.001
0.001
0.0008
0.0036
0.0007
0.0009
0.0009
0.0008
0.0009
0.0009
0.001
0.0009
0.0009
0.0009
0.0009
0.0009
0.0008
0.0008
0.0008
0.001
0.0008
0.0008
0.0007
0.0008
0.0009
0.0042
0.0008
0.0009
0.001
0.0008
0.0008
0.0009
0.0009
0.001
0.0008
0.0008
0.0012
0.0009
0.0013
0.0021
0.001
0.0013
0.0008
0.001
0.0008
0.0011
0.001
0.0009
0.0011
0.0013
0.0008
0.001
0.001
0.0008
0.0008
0.0009
0.0009
0.0011
0.0008
0.0008
0.0009
0.0007
0.0009
0.0009
0.001
0.0008
0.0011
0.001
0.0008
0.001
0.0008
0.0008
0.0008
0.0009
0.0008
0.0008
0.0009
0.0009
0.001
0.0009
0.0008
0.0007
0.0008
0.0009
0.0008
0.0008
0.0008
0.0008
0.0009
0.0009
0.001
0.0008
0.0008
0.0011
0.0008
0.0008
0.0009
0.0008
0.0008
0.0009
0.0008
0.0008
0.0008
0.0009
0.0011
0.0009
0.0008
0.0009
0.0008
0.0008
0.0008
0.001
0.0009
0.001

----------------------
DxvaEncodeHEVC_Execute
----------------------
0.0043
0.0015
15.8677
9.6914
0.9367
6.9954
0.5429
3.3824
0.5399
1.3611
0.2889
1.3066
0.3521
1.34
0.2913
1.3143
0.0213
0.9411
0.044
0.9171
0.0301
0.8561
0.0319
0.9563
0.0161
0.8164
0.0158
0.9201
0.0194
0.882
0.0341
0.9001
0.0208
0.8098
0.0267
0.8682
0.0155
0.809
0.0177
0.8418
0.0195
0.7896
0.026
0.8653
0.0363
0.856
0.0251
0.8529
0.0199
0.8158
0.0215
0.8647
0.0242
0.8031
0.0217
0.967
0.0182
0.8323
0.0232
0.8979
0.0249
0.7733
0.0178
0.9744
0.0158
0.8071
0.0182
0.8439
0.016
0.8615
0.0237
0.8504
0.0218
0.7996
0.0202
0.8377
0.02
0.8143
0.0252
0.8473
0.0239
0.7796
0.0162
0.8186
0.0154
0.8278
0.0259
0.7813
0.0196
0.7952
0.0151
0.8592
0.023
0.8451
0.034
0.8663
0.022
0.797
0.0228
0.8369
0.0195
0.7907
0.022
0.8379
0.0206
0.8295
0.0251
0.8266
0.0197
0.7999
0.0223
0.8589
0.0236
0.7989
0.0208
0.8251
0.0334
0.7998
0.0222
0.805
0.0326
0.7933
0.0226
0.886
0.0165
0.7948
0.0228
0.8435
0.0214
0.8181
0.0274
0.8413
0.0215
0.811
0.0327
0.8011
0.0163
0.7775
0.0163
0.8141
0.0319
0.7818
0.0194
0.8758
0.0238
0.8494
0.0396
0.8034
0.0226
0.7815
0.0154
0.8007
0.0207
0.897
0.0253
0.8202
0.0253
0.8293
0.0219
0.8035
0.0226
0.8571
0.0226
0.8054
0.0204
0.8149
0.0327
0.8017
0.0209
0.7955
0.0192
0.7744
0.0158
0.7628
0.016
0.8479
0.0244
0.829
0.0196
0.813
0.022
0.8925
0.0243
0.7962
0.0209
0.7927
0.0324
0.7891
0.0214
0.7981
0.0334
0.8015
0.0246
0.7911
0.0182
0.885
0.0363
0.8223
0.0317
0.8137
0.0166
0.8035
0.0175
0.9035
0.0144
0.7863
0.0154
0.8719
0.0275
0.8595
0.0247
0.8459
0.0289
0.7859
0.0163
0.8015
0.0172
0.7763
0.0161
0.8175
0.0164
0.8969
0.0194
0.8986
0.0233
0.8032
0.0163
0.8206
0.0183
0.8252
0.0235
0.9567
0.0264
0.7803
0.0149
0.9433
0.0244
0.7992
0.0174
0.839
0.0223
0.7553
0.0176
0.7434
0.0153
0.9107
0.0193
0.8946
0.0184
0.8824
0.0181
0.8034
0.015
0.9529
0.0261
0.791
0.0163
0.7928
0.0184
0.8241
0.0402
0.7904
0.0175
0.7932
0.0158
0.9438
0.028
0.9344
0.0238
0.8724
0.0214
0.8949
0.02
0.8756
0.0166
0.8998
0.02
0.7707
0.0126
0.8539
0.0175
0.7688
0.013
0.9012
0.0183
0.8342
0.0206
0.8291
0.0153
0.7997
0.0186
0.8356
0.0166
0.8413
0.0172
0.8592
0.0137
1.0019
0.0298
0.8264
0.0156
1.1435
0.0219
0.8328
0.014
1.1763
0.02
0.8675
0.0234
0.9528
0.0198
0.9204
0.0189
1.0559
0.0186
0.993
0.022
0.8528
0.0179
1.0416
0.0163
0.851
0.0153
1.0076
0.0149
0.8865
0.0145
0.8801
0.0139
0.9532
0.0136
0.9112
0.0167
0.8531
0.0151
0.8944
0.0142
0.9147
0.0176
0.8613
0.0165
0.8848
0.0143
0.8584
0.0148
0.9021
0.0154
0.8461
0.0146
0.9277
0.0153
0.8653
0.0157
0.8823
0.0149
0.8724
0.014
0.8988
0.0152
1.2353
0.0261
0.9043
0.0158
0.8658
0.0162
0.8923
0.0145
0.9471
0.0162
0.8886
0.0153
1.0162
0.0149
1.1902
0.03
0.9279
0.9863
0.0174
0.8939
0.0156
1.2124
0.0187
0.8933
0.016
1.1102
0.0168
0.9317
0.0305
0.882
0.018
0.9272
0.0203
0.8873
0.0147
1.0198
0.0157
0.9096
0.0153
0.8975
0.0183
0.8492
0.0167
0.915
0.0165
0.9104
0.0146
0.8565
0.0201
0.8291
0.0142
0.9235
0.0145
0.8596
0.0146
0.8533
0.0148
0.8615
0.0143
0.919
0.0143
0.8369
0.015
0.8368
0.015
0.9035
0.018
0.8981
0.0189
0.8741
0.0157
0.9041
0.0141
0.8897
0.0155
0.8338
0.014
0.8683
0.0152
0.8811
0.0295
0.9263
0.0172
1.0027
0.0154
1.2118
0.0181
0.9262
0.0155
1.0914
0.0185
1.2803
0.0206
1.1437
0.0203
1.1701
0.0328
0.9333
0.0165
0.867
0.0158
0.8588
0.0169
1.1329
0.0193
0.9318
0.0182
1.0084
0.0156
0.8803
0.0199
0.9082
0.0178
0.8834
0.0173
0.9734
0.0178
0.9828
0.0156
0.9691
0.0185
0.7791
0.0164
0.8836
0.017
0.8964
0.0164
1.0283
0.0186
0.9143
0.0162
0.8546
0.015
0.8979
0.0197
0.8274
0.0173
1.0399
0.019
1.0214
0.0226
0.8785
0.0143
1.157
0.0183
1.1883
0.0196
0.9482
0.0156
0.869
0.0147
0.8693
0.0159
1.0337
0.0156
0.8472
0.0142
0.8425
0.0177
0.901
0.0158
0.8664
0.0166
0.8431
0.0178
0.8542
0.015
0.8938
0.0144
0.9105
0.018
1.1823
0.021
1.0242
0.0162
0.8721
0.0147
0.8704
0.0161
0.8722
0.0143
0.8963
0.014
0.8473
0.0146
0.9233
0.0182
0.8546
0.0164
1.0351
0.0179
0.8623
0.0143
1.0326
0.015
0.8654
0.0143
1.007
0.0178
0.9046
0.0174
0.8546
0.0146
0.8623
0.0153
1.0396
0.0178
0.8887
0.0171
0.8465
0.0151
0.8495
0.0163
0.8449
0.0158
0.9464
0.0144
0.8447
0.0142
0.902
0.0147
0.8729
0.0173
0.8397
0.0166
0.8549
0.0207
0.8621
0.0147
0.9762
0.0162
1.1885
0.0148
0.9312
0.0165
0.8382
0.015
0.7995
0.0159
1.1393
0.0199
0.0188

----------------
First Frame Time
----------------
147.424

----------------------
HEVC_QueryStatusReport
----------------------
0.932
0.5402
0.5382
0.2872
0.3502
0.2897
0.0196
0.0423
0.0285
0.0308
0.0148
0.0146
0.0156
0.033
0.0198
0.0253
0.0143
0.0163
0.0181
0.023
0.0349
0.0238
0.0185
0.0204
0.0225
0.0206
0.0168
0.0217
0.0235
0.0166
0.0145
0.0171
0.0148
0.0222
0.0205
0.0188
0.0188
0.024
0.0225
0.0151
0.014
0.0246
0.0179
0.0135
0.0217
0.0293
0.0208
0.0216
0.0182
0.0207
0.0195
0.0239
0.0184
0.0209
0.0225
0.0196
0.0322
0.0209
0.0316
0.0215
0.0153
0.0215
0.0201
0.026
0.0201
0.0316
0.0152
0.0151
0.0308
0.0183
0.0226
0.038
0.0216
0.0142
0.0193
0.0241
0.0239
0.0206
0.0212
0.0213
0.0191
0.0317
0.0197
0.0179
0.0146
0.0149
0.023
0.0184
0.0207
0.0229
0.0196
0.0313
0.0203
0.0322
0.0233
0.0172
0.0349
0.0304
0.0153
0.0162
0.0132
0.0143
0.0262
0.0232
0.0249
0.0151
0.0151
0.0135
0.0152
0.0181
0.0219
0.0149
0.0169
0.0222
0.0249
0.0139
0.0228
0.0161
0.021
0.0162
0.0142
0.0179
0.0168
0.0167
0.0139
0.0245
0.015
0.0171
0.0393
0.0161
0.0147
0.0264
0.0223
0.0187
0.0183
0.0153
0.0184
0.0114
0.0159
0.0119
0.0168
0.0191
0.0141
0.0171
0.0151
0.0159
0.0124
0.0284
0.0135
0.02
0.0127
0.018
0.0218
0.0185
0.0172
0.0168
0.0155
0.0165
0.0147
0.0141
0.0136
0.0132
0.0126
0.0125
0.0154
0.0139
0.0129
0.0163
0.0153
0.013
0.0136
0.0142
0.0131
0.0139
0.0142
0.0137
0.0127
0.0138
0.0239
0.0145
0.0148
0.0131
0.0145
0.0137
0.0137
0.0272
0.0159
0.0144
0.0173
0.0146
0.0154
0.0292
0.0167
0.019
0.0133
0.0144
0.0141
0.0168
0.0153
0.0152
0.0132
0.0187
0.0128
0.0132
0.0132
0.0136
0.013
0.0131
0.0138
0.0138
0.0167
0.0174
0.0143
0.0128
0.014
0.0127
0.0137
0.0278
0.0157
0.0142
0.0161
0.0141
0.0165
0.0185
0.0184
0.0308
0.0151
0.0142
0.0144
0.0176
0.0163
0.0139
0.018
0.016
0.0159
0.0161
0.0141
0.0165
0.0136
0.0155
0.0142
0.0165
0.0147
0.0137
0.0183
0.0162
0.0176
0.0212
0.013
0.0171
0.0177
0.0141
0.0134
0.0139
0.0143
0.0129
0.0164
0.0144
0.0152
0.0165
0.0138
0.0132
0.0164
0.0196
0.0143
0.0133
0.0148
0.0132
0.0127
0.0132
0.0169
0.0151
0.014
0.0131
0.0136
0.013
0.0138
0.0158
0.0132
0.0138
0.0161
0.0156
0.0135
0.0148
0.0146
0.0129
0.0128
0.0135
0.0156
0.0143
0.014
0.0134
0.0148
0.0134
0.0149
0.0138
0.0145
0.0183
0.0164

--------------------------------------
VideoDecoderBeginFrame_WDDM2_4_D3D11_1
--------------------------------------
0.0063
0.0023
0.0022
0.003
0.0067
0.003
0.0039
0.0049
0.0037
0.0035
0.0032
0.0029
0.0034
0.0045
0.0024
0.0024
0.0025
0.0021
0.0022
0.0035
0.002
0.002
0.0033
0.0023
0.0029
0.0024
0.0032
0.0025
0.0031
0.0021
0.003
0.0025
0.0031
0.0048
0.0048
0.0031
0.0053
0.0035
0.0022
0.0023
0.0028
0.0025
0.004
0.0032
0.0031
0.0025
0.0026
0.0022
0.0029
0.0025
0.0022
0.0049
0.0027
0.0021
0.0021
0.0027
0.0021
0.0024
0.0019
0.0027
0.0023
0.002
0.0022
0.0033
0.0025
0.0024
0.0023
0.0024
0.0025
0.0022
0.0018
0.0027
0.0021
0.0019
0.0018
0.0028
0.0027
0.0023
0.0025
0.0025
0.0021
0.0023
0.0024
0.0029
0.0024
0.0024
0.0022
0.0026
0.0027
0.0024
0.0027
0.0027
0.0022
0.0022
0.0041
0.0023
0.002
0.0019
0.0018
0.0021
0.0027
0.0027
0.0023
0.0039
0.003
0.0034
0.0029
0.0031
0.0024
0.0031
0.0031
0.0038
0.0029
0.0025
0.0024
0.0022
0.0039
0.0036
0.0029
0.0032
0.0028
0.0023
0.0045
0.0023
0.0033
0.0026
0.0022
0.0028
0.0023
0.0029
0.0027
0.0043
0.0038
0.0027
0.0035
0.0027
0.0032
0.0023
0.0028
0.0027
0.0024
0.0034
0.0021
0.0021
0.0023
0.0032
0.0045
0.0029
0.0037
0.0026
0.003
0.003
0.0034
0.0034
0.0031
0.0027
0.0032
0.0034
0.0033
0.0037
0.0035
0.0032
0.0041
0.0033
0.0034
0.0032
0.0037
0.0037
0.0039
0.0043
0.0038
0.004
0.0029
0.0031
0.0034
0.0028
0.0028
0.0028
0.0037
0.0033
0.0034
0.0053
0.004
0.0033
0.0042
0.0031
0.0036
0.0035
0.0038
0.0031
0.0035
0.0041
0.0056
0.0036
0.0035
0.0038
0.0029
0.0138
0.0042
0.0065
0.0038
0.0041
0.0034
0.0033
0.004
0.004
0.0034
0.0029
0.0027
0.004
0.0033
0.0055
0.0035
0.0036
0.0035
0.0038
0.0048
0.004
0.0039
0.0036
0.0034
0.0041
0.0039
0.0042
0.0039
0.0037
0.0039
0.0041
0.0039
0.0047
0.0035
0.004
0.003
0.0033
0.0034
0.0044
0.0048
0.0041
0.0029
0.0039
0.0032
0.0035
0.0037
0.0038
0.0043
0.0033
0.0035
0.0033
0.0035
0.003
0.0033
0.012
0.0038
0.0039
0.0035
0.0035
0.0039
0.0043
0.0036
0.0029
0.0027
0.0036
0.0042
0.0044
0.0032
0.0034
0.0034
0.0052
0.003
0.0214
0.0031
0.0026
0.0031
0.0036
0.0034
0.0032
0.0059
0.0032
0.003
0.0038
0.0037
0.0034
0.0066
0.0038
0.0033
0.004
0.0044
0.0032
0.0037
0.0039
0.0039
0.0028
0.0033
0.0039
0.0036
0.0036
0.004
0.0036
0.0042
0.0038

----------------------------
VideoDecoderEndFrame_D3D11_1
----------------------------
0.0362
0.0563
0.0882
0.1087
0.116
0.1037
0.0044
0.1413
0.0063
0.005
0.0639
0.0036
0.067
0.0052
0.0568
0.0029
0.0613
0.0048
0.0607
0.0051
0.0618
0.0034
0.0606
0.0043
0.0025
0.0552
0.0027
0.059
0.0061
0.055
0.0046
0.0577
0.0034
0.0539
0.0025
0.0567
0.0025
0.0299
0.0026
0.0631
0.0026
0.0994
0.0063
0.0315
0.0029
0.0577
0.0033
0.0339
0.0028
0.0617
0.0026
0.0567
0.0022
0.0329
0.0028
0.0592
0.0022
0.0327
0.0025
0.0603
0.0053
0.0369
0.0024
0.058
0.0024
0.0348
0.0031
0.0599
0.0024
0.0349
0.0022
0.0577
0.0028
0.0326
0.0026
0.0571
0.0027
0.034
0.0023
0.0589
0.0024
0.0382
0.0023
0.0591
0.0024
0.0328
0.0023
0.0597
0.0058
0.0314
0.0023
0.0557
0.0022
0.0588
0.0055
0.0593
0.0022
0.0325
0.0035
0.0565
0.0023
0.0342
0.0021
0.0555
0.002
0.0302
0.0019
0.0584
0.0023
0.0327
0.0023
0.0579
0.0026
0.0315
0.0023
0.059
0.002
0.0564
0.0023
0.0329
0.0021
0.0578
0.0024
0.0309
0.0022
0.0619
0.0022
0.0572
0.0024
0.033
0.0044
0.0568
0.0022
0.0363
0.0022
0.0022
0.0665
0.0319
0.002
0.0583
0.0022
0.06
0.003
0.0563
0.0022
0.0303
0.0028
0.0589
0.0026
0.0583
0.0024
0.0331
0.0022
0.0593
0.0025
0.0653
0.0027
0.0573
0.0027
0.0332
0.0022
0.0556
0.0024
0.0311
0.0024
0.0586
0.0022
0.0571
0.0024
0.0315
0.002
0.0588
0.0026
0.0331
0.0027
0.0591
0.0022
0.0575
0.0026
0.0318
0.0021
0.0574
0.0025
0.0345
0.0026
0.0578
0.0023
0.0597
0.0025
0.0312
0.0021
0.0578
0.0089
0.0327
0.002
0.0623
0.0023
0.0349
0.0029
0.0975
0.0025
0.0311
0.0026
0.064
0.0024
0.0296
0.002
0.0595
0.0023
0.0311
0.0029
0.1073
0.0031
0.0352
0.0024
0.0588
0.0025
0.0313
0.0022
0.0588
0.0025
0.0334
0.0022
0.0653
0.003
0.0559
0.0029
0.0589
0.0029
0.0698
0.0022
0.0632
0.0023
0.0328
0.0033
0.0563
0.0025
0.034
0.0031
0.0593
0.0024
0.0389
0.0029
0.06
0.0026
0.1121
0.0021
0.032
0.0027
0.0568
0.003
0.0691
0.0035
0.0605
0.0026
0.0319
0.0032
0.0561
0.0024
0.0374
0.0023
0.064
0.002
0.0312
0.0021
0.1101
0.0021
0.0345
0.0027
0.06
0.0036
0.0586
0.0027
0.0669
0.003
0.0606
0.0031
0.0631
0.0032
0.0021
0.0591
0.055
0.003
0.0563
0.0021
0.0328
0.0055
0.062
0.0027
0.0623
0.0027
0.0612
0.0023
0.0606
0.0027
0.0584
0.0029
0.0627
0.0026
0.0633
0.003
0.0627
0.0027
0.0647
0.0036
0.0786
0.0025
0.0347
0.0038
0.0596
0.0028
0.0622
0.0029
0.0346
0.0031
0.0627
0.0071
0.059
0.0026
0.0657
0.0029
0.0673
0.0033
0.0632
0.0029
0.0632
0.0027
0.0598
0.0025
0.0616
0.0034
0.0617
0.0027
0.0642
0.0028
0.0628
0.0024
0.079
0.0027
0.0697
0.0029
0.0605
0.0025
0.0606
0.0026
0.0609
0.0027
0.0643
0.0027
0.0813
0.0027
0.0677
0.0027
0.0598
0.0027
0.082
0.0026
0.0346
0.0028
0.0599
0.0027
0.0885
0.0038
0.0653
0.0029
0.0623
0.0027
0.0685
0.0027
0.0782
0.003
0.0474
0.0026
0.084
0.0029
0.0035
0.0485
0.1164
0.0029
0.0545
0.0026
0.0734
0.0055
0.0645
0.0028
0.0652
0.0027
0.0778
0.0038
0.0801
0.0027
0.0312
0.0027
0.0646
0.0029
0.0556
0.0028
0.0612
0.0029
0.0619
0.0027
0.0656
0.0028
0.0605
0.0028
0.0635
0.0028
0.0619
0.0027
0.0635
0.0027
0.0028
0.0637
0.0584
0.0029
0.0625
0.0026
0.0621
0.0027
0.0645
0.0027
0.0559
0.0027
0.0594
0.0029
0.0612
0.0061
0.0608
0.0029
0.0609
0.0027
0.0602
0.0029
0.0616
0.0028
0.0604
0.0028
0.0827
0.0026
0.0507
0.0027
0.0836
0.0033
0.0603
0.0028
0.1022
0.0026
0.0855
0.0037
0.0498
0.0036
0.0737
0.0039
0.0955
0.0049
0.0503
0.0034
0.0677
0.004
0.0833
0.0026
0.0752
0.0033
0.0651
0.0027
0.0797
0.0035
0.0411
0.0036
0.1269
0.0029
0.0382
0.0036
0.0846
0.0091
0.0319
0.0027
0.0813
0.0035
0.0675
0.0029
0.0664
0.0027
0.067
0.0025
0.0622
0.0028
0.0887
0.0029
0.0803
0.0035
0.0738
0.0024
0.0984
0.0028
0.081
0.0031
0.0641
0.0025
0.062
0.0029
0.0765
0.0027
0.0644
0.0027
0.0877
0.003
0.0624
0.0038
0.0951
0.0031
0.0612
0.0026
0.0831
0.0031
0.0609
0.0026
0.0592
0.0025
0.0621
0.0028
0.0622
0.0029
0.0628
0.0027
0.0696
0.0025
0.0691
0.0029
0.0961
0.0026
0.0392
0.0033
0.0679
0.003
0.003
0.0749
0.0027
0.0684
0.0779
0.0027
0.0649
0.0028
0.0587
0.0027
0.0609
0.0028
0.0701
0.0027
0.0858
0.0026
0.079
0.0028
0.0612
0.0028
0.0617
0.003
0.0612
0.0026
0.0598
0.0027
0.0648
0.0033
0.0621
0.0028
0.0818
0.0027
0.0604
0.003
0.0624
0.0026
0.0592
0.0027
0.0615
0.0027
0.0613
0.0027
0.0685
0.0026
0.0814
0.0025
0.0606
0.0028
0.0591
0.0034
0.0665
0.0028
0.077
0.0026
0.0601
0.0027
0.0631
0.0026
0.0694
0.0029
0.0626
0.0026
0.0028
0.003
0.0032

---------------------------------
VideoDecoderSubmitBuffers_D3D11_1
---------------------------------
1.1225
0.8662
0.9216
0.4411
0.7417
0.3613
0.3768
0.3688
0.3389
0.2863
0.2988
0.3127
0.3044
0.3058
0.3154
0.2979
0.3016
0.2817
0.3119
0.3071
0.2502
0.2607
0.4543
0.2858
0.281
0.275
0.3024
0.2692
0.2769
0.2676
0.3049
0.293
0.2898
0.2569
0.2826
0.3097
0.2942
0.3051
0.2708
0.2773
0.2983
0.2859
0.3179
0.2903
0.2779
0.285
0.2815
0.2752
0.2782
0.2944
0.272
0.2591
0.28
0.2703
0.2594
0.2679
0.2754
0.2604
0.2489
0.282
0.277
0.2454
0.2634
0.2654
0.3046
0.2714
0.2779
0.2677
0.2843
0.2867
0.2487
0.3045
0.2781
0.2608
0.2503
0.2647
0.2974
0.2899
0.2903
0.2734
0.2809
0.2875
0.2822
0.2593
0.2874
0.2868
0.2594
0.2947
0.2888
0.289
0.293
0.2676
0.276
0.2715
0.2771
0.2856
0.2663
0.2638
0.2574
0.2707
0.3226
0.3173
0.2672
0.3164
0.283
0.3239
0.285
0.3384
0.282
0.2943
0.2778
0.304
0.2836
0.2862
0.2734
0.2772
0.3703
0.3285
0.2644
0.2701
0.272
0.2925
0.3706
0.2708
0.3632
0.284
0.2613
0.3051
0.2876
0.2644
0.2881
0.3699
0.3279
0.2721
0.3695
0.2819
0.3115
0.2639
0.2983
0.3151
0.3051
0.276
0.2482
0.2666
0.257
0.3523
0.3511
0.2802
0.2893
0.2772
0.2916
0.3066
0.3818
0.2786
0.3542
0.2696
0.2857
0.2976
0.3475
0.7918
1.2241
0.9269
0.7678
1.0039
0.2985
0.2573
0.3111
0.2903
0.3287
0.3206
0.3209
0.3254
0.325
0.2771
0.2916
0.2811
0.3548
0.2746
0.2738
0.3806
0.3469
0.2619
0.3941
0.304
0.3315
0.2773
0.3266
0.318
0.3
0.4466
0.3711
0.3271
0.2754
0.2978
0.2994
0.3038
0.284
0.3203
0.3034
0.3039
0.2907
0.3777
0.2895
0.285
0.3386
0.3106
0.3016
0.3282
0.2781
0.3217
0.3265
0.2956
0.2693
0.2984
0.2973
0.3335
0.3321
0.3102
0.3032
0.2848
0.3339
0.406
0.382
0.3671
0.3993
0.3831
0.4105
0.345
0.3993
0.4162
0.3217
0.3944
0.3249
0.2873
0.3192
0.3039
0.4035
0.2965
0.3382
0.3257
0.3682
0.3818
0.294
0.2998
0.2941
0.3625
0.3442
0.3092
0.3842
0.3802
0.3043
0.302
0.2736
0.3189
0.4308
0.3023
0.3709
0.3043
0.3666
0.296
0.2859
0.296
0.3021
0.3223
0.3221
0.2934
0.4048
0.288
0.2757
0.3844
0.3471
0.3603
0.2625
0.3005
0.2958
0.3122
0.4216
0.3394
0.2669
0.332
0.2931
0.2609
0.3205
0.2995
0.3595
0.2902
0.307
0.2724
0.3229
0.3272
0.2896
0.3717
0.269
0.3058
0.2991
0.2944
0.3189
0.297
0.3378
0.32

