---------------------------------------------
CalcPrivateVideoDecoderOutputViewSize_D3D11_1
---------------------------------------------
0.0027
0.0014
0.0019
0.0012
0.0029
0.001
0.0039
0.0008
0.0008
0.0014
0.0007
0.0008
0.0008
0.0029
0.0009
0.0017
0.0013
0.0009
0.001
0.0015
0.0016
0.0008
0.0014
0.0009
0.001
0.0007
0.0013
0.0006
0.0016
0.0007
0.0008
0.0007
0.001
0.0012
0.0009
0.0018
0.0011
0.0009
0.0009
0.0007
0.0007
0.0009
0.0021
0.0006
0.0007
0.0006
0.0007
0.0006
0.0007
0.0005
0.0006
0.0007
0.0009
0.0007
0.0007
0.0006
0.0006
0.0016
0.0011
0.001
0.0011
0.0011
0.0011
0.002
0.0007
0.0007
0.0012
0.0007
0.0006
0.0007
0.0011
0.0008
0.0009
0.0008
0.0006
0.002
0.0012
0.0012
0.001
0.0007
0.0009
0.0006
0.0007
0.0006
0.0007
0.0007
0.0006
0.0006
0.0006
0.0006
0.0008
0.0008
0.0007
0.0006
0.0017
0.0006
0.0007
0.0005
0.0008
0.001
0.0007
0.0006
0.0008
0.0009
0.0008
0.002
0.001
0.001
0.001
0.0009
0.0009
0.0007
0.0009
0.0008
0.0008
0.001
0.0008
0.0008
0.0015
0.001
0.0012
0.0012
0.0006
0.0007
0.0008
0.0007
0.0006
0.0007
0.0006
0.0006
0.0009
0.0007
0.0009
0.0007
0.0006
0.0015
0.001
0.0009
0.0021
0.0016
0.001
0.0047
0.0008
0.0015
0.0009
0.0015
0.0009
0.0019
0.0016
0.0016
0.001
0.0008
0.0014
0.0008
0.0008
0.0007
0.0007
0.0007
0.0008
0.0009
0.0006
0.0009
0.0006
0.0007
0.0007
0.0007
0.0009
0.0021
0.0016
0.001
0.0012
0.0012
0.0015
0.0013
0.0016
0.0009
0.0013
0.0015
0.0009
0.0014
0.0009
0.0018
0.0016
0.0016
0.0009
0.0012
0.0011
0.0008
0.0016
0.0009
0.0015
0.0009
0.0013
0.0008
0.001
0.0006
0.0009
0.0007
0.0015
0.0009
0.0009
0.0013
0.0017
0.001
0.0016
0.0011
0.0007
0.0007
0.0009
0.0006
0.0006
0.0086
0.0015
0.001
0.0015
0.0009
0.0018
0.0009
0.001
0.0006
0.0014
0.0009
0.0016
0.001
0.0011
0.001
0.0017
0.0008
0.0016
0.0009
0.0015
0.0016
0.001
0.0008
0.0019
0.0009
0.001
0.001
0.0011
0.0006
0.0017
0.0009
0.0008
0.0007
0.0015
0.001
0.0008
0.0007
0.001
0.0006
0.0006
0.0017
0.0012
0.0017
0.001
0.0012
0.0011
0.0006
0.0008
0.0016
0.0008
0.0018
0.0008
0.0013
0.0012
0.0008
0.0005
0.0016
0.0009
0.0016
0.001
0.0008
0.0007
0.0007
0.0006
0.0015
0.0009
0.0007
0.0006
0.0007
0.0044
0.001
0.0015
0.0009
0.0008
0.0011
0.0008
0.0007
0.0008
0.0008
0.0007
0.0006
0.0007
0.0034
0.0007
0.0008
0.0008
0.001
0.0018
0.0013
0.0017
0.0013
0.0011
0.001
0.0007
0.0008
0.0006
0.0007
0.0006
0.0007
0.0017
0.0008
0.001
0.0008
0.0007
0.0007
0.007
0.0007
0.0007
0.001
0.0008
0.001
0.0007
0.0007
0.0007
0.0009
0.0007
0.0007
0.0007
0.0009
0.001
0.0009
0.0009
0.0015
0.0011
0.001
0.0008
0.0009
0.0008
0.0008
0.0006
0.0009
0.0009
0.0007
0.0008
0.0009
0.0006
0.0007
0.0007
0.0007
0.0006
0.0007
0.0007
0.0006
0.0006
0.0007
0.0007
0.001
0.0007
0.0015
0.0022
0.0011
0.001
0.001
0.0007
0.0007
0.0007
0.0006
0.0007
0.0007
0.001
0.0007
0.0021
0.0015
0.001
0.0008
0.0012
0.0012
0.0008
0.0009
0.0016
0.0009
0.0007
0.0043
0.0008
0.0007
0.0008
0.0008
0.0006
0.0007
0.0008
0.0013
0.0009
0.0008
0.0007
0.0008
0.0011
0.0016
0.0016
0.0018
0.0011
0.001
0.0008
0.0012
0.0016
0.0012
0.001
0.0008
0.0009
0.0007
0.0008
0.0016
0.0009
0.0017
0.001
0.0007
0.0008
0.0015
0.0009
0.0006
0.0007
0.0007
0.0007
0.0007
0.0007
0.0006
0.0015
0.0007
0.0006
0.0012
0.001
0.0008
0.0016
0.0012
0.001
0.0008
0.0007
0.001
0.0009
0.0006
0.0012
0.0009
0.0008
0.0007
0.0007
0.0006
0.0008
0.0006
0.0008
0.0006
0.0007
0.0007
0.0009
0.0007
0.0009
0.0007
0.0009
0.0007
0.0007
0.0007
0.0007
0.0009
0.001
0.0008
0.0009
0.0007
0.0008
0.0008
0.0011
0.0007
0.0007
0.0009
0.0015
0.001
0.0219
0.001
0.0012
0.0017
0.001
0.0007
0.001
0.0072
0.0019
0.0008
0.0008
0.0007
0.0007
0.0007
0.0008
0.0007
0.0006
0.0009
0.0008
0.0007
0.0008
0.0009
0.0007
0.0007
0.0009
0.0008
0.0009
0.0007
0.0007
0.0006
0.0006
0.0006
0.002
0.001
0.0008
0.0009
0.0009
0.0007
0.0014
0.001
0.0008
0.0009
0.0008
0.0009
0.0031
0.0006
0.0007
0.0008
0.0007
0.0009
0.0007
0.0007
0.0008
0.0009
0.0009
0.0006
0.0008
0.0007
0.0008
0.0007
0.0008
0.0008
0.0008
0.0008
0.0008
0.0006
0.0017
0.001
0.0018
0.0016
0.001
0.0009
0.0007
0.0009
0.0006
0.0015
0.0012
0.001
0.0009
0.0008
0.0009
0.0006
0.0008
0.0006
0.0017
0.0009
0.0011
0.0009
0.001
0.0008
0.0009
0.0006
0.001
0.0033
0.0008
0.0008
0.0009
0.0008
0.0008
0.0007
0.0009
0.0006
0.0009
0.0006
0.0015
0.0009
0.0009
0.0007
0.0016
0.0009
0.0016
0.001
0.0007
0.0008
0.0015
0.0009
0.0016
0.001
0.0017
0.0012
0.0014
0.0011
0.0017
0.0012
0.0012
0.0007

-----------------------
CodechalDecode::Execute
-----------------------
7.6182
17.3583
13.9828
1.3429
7.2643
0.7864
1.055
0.9708
0.6075
0.6275
0.9101
0.7612
0.896
0.8353
0.8503
0.7018
0.6585
0.6507
0.665
0.8623
0.6319
0.9636
0.7394
0.6354
0.4058
0.4197
0.4249
0.3796
0.4001
0.3797
0.408
0.435
0.3908
0.3856
0.4167
0.4912
0.3989
0.4209
0.4101
0.3975
0.4055
0.3853
0.4386
0.3979
0.4233
0.4046
0.3968
0.425
0.3957
0.4224
0.4223
0.3794
0.3838
0.4174
0.3759
0.4028
0.4154
2.8086
0.501
2.175
3.3079
0.3902
0.3977
0.4149
0.4096
0.3864
0.3703
0.3926
0.4027
0.3979
0.4018
0.4188
0.4238
0.384
0.4995
0.5012
0.4345
0.4335
0.4065
0.3684
0.4127
0.3834
0.4215
0.3997
0.4118
0.4268
0.4116
0.415
0.3795
0.4279
0.3979
0.4048
0.3818
0.387
0.4103
0.4154
0.4031
0.3932
0.4003
0.3488
0.3913
0.3764
0.409
0.3753
0.4096
0.4665
0.4326
0.3966
0.3895
0.4206
0.423
0.4066
0.4231
0.3784
0.525
0.5219
0.521
0.5738
0.5418
0.5521
0.5453
0.5738
0.363
0.3687
0.3885
0.3833
0.3786
0.376
0.3711
0.3817
0.3681
0.3694
0.3487
0.3709
0.3642
0.455
0.4216
0.3879
0.6216
0.4397
0.3903
0.4152
0.404
0.4318
0.449
0.4141
0.4389
0.5589
0.5407
0.3995
0.3883
0.4073
0.3903
0.3974
0.4075
0.4083
0.3769
0.3727
0.4167
0.4212
0.4067
0.3892
0.3799
0.3934
0.4025
0.3844
0.4158
0.5601
0.513
0.3795
0.4012
0.4026
0.4176
0.4191
0.4467
0.386
0.411
0.4266
0.43
0.4315
0.4231
0.42
0.4038
0.4711
0.3889
0.417
0.426
0.4064
0.4878
0.3812
0.4449
0.4351
0.4177
0.4303
0.4222
0.3825
0.4417
0.4021
0.4473
0.4006
0.4203
0.389
0.4911
0.4258
0.4705
0.4307
0.3752
0.3799
0.425
0.4029
0.4441
0.4244
0.4733
0.3764
0.453
0.4052
0.5129
0.399
0.4119
0.4176
0.4607
0.4217
0.5013
0.4109
0.4506
0.4041
0.4391
0.3918
0.4415
0.4307
0.4605
0.358
0.3716
0.3811
0.5509
0.3972
0.4469
0.422
0.3841
0.3898
0.4338
0.4361
0.383
0.46
0.4576
0.4314
0.4015
0.4147
0.3972
0.3986
0.3897
0.479
0.3964
0.4574
0.3946
0.3925
0.3801
0.3918
1.3845
0.4281
0.3961
0.4493
0.4046
0.3739
0.3765
0.3803
0.372
0.4876
0.3878
0.4416
0.4507
0.442
0.4068
0.3752
0.4078
0.4857
0.431
0.4512
0.4144
0.3846
0.4923
0.4124
0.4229
0.4361
0.4295
0.3917
0.3668
0.3691
0.4018
0.3794
0.4012
0.3959
0.4711
0.4019
0.3956
0.401
0.4209
0.3955
0.4657
0.4277
0.4547
0.4331
0.4286
0.3824
0.3723
0.3903
0.3849
0.4019
0.3877
0.4095
0.3938
0.3897
0.4172
0.4026
0.4065
0.4359
0.3912
0.4048
0.4226
0.4147
0.4066
0.4126
0.4111
0.4098
0.4029
0.4209
0.44
0.3841
0.4109
0.3909
0.3694
0.4329
0.4356
0.4359
0.4244
0.4283
0.417
0.4107
0.4099
0.3922
0.4114
0.3832
0.4135
0.4129
0.4194
0.3762
0.3947
0.3747
0.4023
0.4019
0.4059
0.3803
0.4072
0.3785
0.4047
0.4298
0.4018
0.388
0.4133
0.4673
0.5433
0.3953
0.4313
0.3535
0.3926
0.4142
0.399
0.4041
0.4156
0.4047
0.5764
0.4107
0.6867
0.6044
0.4214
0.376
0.6041
0.409
0.4014
0.3972
0.399
0.3709
0.3933
0.4264
0.3813
0.3761
0.404
0.3823
0.3698
0.4098
0.3818
0.6016
0.4369
0.3902
0.4147
0.39
0.408
0.6299
0.4394
0.6474
0.4083
0.4368
0.3898
0.6352
0.4227
0.3963
0.4071
0.405
0.3757
0.3928
0.3867
0.4341
0.416
0.4388
0.384
0.4066
0.3898
0.6172
0.3918
0.381
0.3991
0.3964
0.3982
0.3755
0.4003
0.3806
0.3841
0.3924
0.3699
0.3803
0.4184
0.3863
0.5269
0.4222
0.3929
0.3865
0.3929
0.4052
0.4246
0.3827
0.5789
0.3853
0.3801
0.4436
0.377
0.388
0.3751
0.3938
0.3903
0.3748
0.3936
0.4379
0.4329
0.3884
0.4188
0.4153
0.4108
0.3838
0.42
0.4064
0.4204
0.3876
0.3957
0.4388
0.4349
0.4138
0.3678
0.4086
0.4312
0.4193
0.4063
0.4133
0.4598
0.4287
0.5289
0.4331
0.41
0.4972
0.3983
0.4265
0.4005
0.4558
0.4541
0.389
0.41
0.4154
0.3805
0.4069
0.4156
0.3885
0.4174
0.389
0.4119
0.3768
0.4275
0.3715
0.4136
0.4216
0.3892
0.4134
0.4361
0.3859
0.4077
0.4275
0.3802
0.4208
0.4458
0.4414
0.4014
0.3845
0.4407
0.4012
0.4573
0.4081
0.3983
0.3986
0.4055
0.3974
0.3684
0.415
0.3972
0.4042
0.4016
0.3978
0.4043
0.4005
0.3677
0.3806
0.3579
0.4145
0.4119
0.4068
0.4159
0.4448
0.4094
0.3745
0.3829
0.3918
0.4109
0.3902
0.4594
0.3739
0.4816
0.432
0.4242
0.4
0.4174
0.388
0.4235
0.4168
0.4709
0.404
0.4135
0.4078
0.3692
0.3791
0.3785
0.4103
0.4758
0.3778
0.4057
0.395
0.405
0.373
0.388
0.4055
0.3888
0.3848
0.3842
0.4358
0.4033
0.3783
0.399
0.3805
0.3718
0.3896
0.3832
0.3927
0.4242
0.4004
0.3751
0.3909
0.4439
0.3877
0.4552
0.4345
0.4173
0.4171
0.447
0.3824
0.4503
0.4306
0.4486
0.4452
0.4116
0.4085
0.4564
0.431
0.4489
0.4004

---------------------------------------
CodechalDecodeHevcG12::DecodeStateLevel
---------------------------------------
0.4857
6.0027
8.8563
5.8954
0.273
6.8239
0.2141
0.3432
0.3219
6.3939
0.2251
0.2728
0.2334
0.1951
0.2292
0.1967
0.2346
0.1918
0.2339
0.1904
0.5203
0.1913
0.4073
0.1816
0.5135
0.2062
0.4239
0.1959
0.4656
0.1913
0.299
0.1936
0.2612
0.1896
0.2458
0.1849
0.2755
0.1917
0.4975
0.1911
0.2419
0.1922
0.6088
0.1953
0.2928
0.2206
0.2422
0.1846
0.1533
0.119
0.1608
0.125
0.1666
0.1206
0.1393
0.1253
0.1507
0.1258
0.1366
0.125
0.1492
0.1306
0.1582
0.1401
0.1468
0.1178
0.1496
0.1153
0.1578
0.1219
0.2006
0.1291
0.1518
0.1165
0.1652
0.1245
0.1659
0.1163
0.1479
0.1266
0.1526
0.1195
0.1479
0.1177
0.1693
0.1312
0.1399
0.1261
0.157
0.1321
0.1459
0.1308
0.1417
0.1263
0.1613
0.1308
0.1475
0.1166
0.159
0.1274
0.1552
0.1229
0.1379
0.1228
0.143
0.1222
0.1574
0.1223
0.1391
0.1199
0.1471
0.1259
0.1642
0.1216
0.2143
2.4259
0.1762
0.1392
1.3737
0.1637
0.1629
0.1203
0.1488
0.1226
0.1479
0.124
0.1579
0.1265
0.1568
0.1211
0.1396
0.1211
0.1381
0.1196
0.1452
0.1254
0.1522
0.1225
0.1542
0.1221
0.1508
0.1263
0.1617
0.1155
0.166
0.1241
0.1432
0.1181
0.1937
0.1327
0.1977
0.1303
0.1678
0.1222
0.1654
0.1282
0.1543
0.1241
0.1445
0.1146
0.1503
0.1318
0.1441
0.1212
0.1655
0.127
0.1491
0.1253
0.1574
0.1269
0.1622
0.1249
0.158
0.1216
0.1529
0.1359
0.1423
0.1158
0.1643
0.1402
0.1543
0.124
0.1542
0.1188
0.1413
0.118
0.1523
0.1172
0.1557
0.1199
0.1552
0.1294
0.1558
0.122
0.1446
0.1304
0.1481
0.1275
0.1326
0.1141
0.1498
0.1195
0.1409
0.122
0.1544
0.1298
0.1402
0.1162
0.1543
0.1273
0.1815
0.1344
0.1661
0.1269
0.1539
0.1251
0.1473
0.1187
0.1625
0.1228
0.1627
0.1221
0.1593
0.1216
0.1668
0.1291
0.1471
0.117
0.1875
0.187
0.1891
0.179
0.1984
0.1703
0.2182
0.1642
0.2048
0.1703
0.2096
0.173
0.2078
0.1746
0.2098
0.1721
0.14
0.114
0.1406
0.1147
0.1474
0.1174
0.1441
0.1225
0.1459
0.1169
0.1446
0.1169
0.1423
0.1188
0.1463
0.1182
0.1403
0.1142
0.1404
0.1174
0.1366
0.1091
0.1403
0.1168
0.1362
0.1166
0.1729
0.1221
0.1623
0.1262
0.1464
0.1217
0.2417
0.1755
0.1831
0.118
0.1424
0.1198
0.1622
0.1195
0.1511
0.1153
0.1685
0.1205
0.1708
0.1419
0.1552
0.1188
0.1628
0.135
0.2349
0.1447
0.2048
0.1782
0.1518
0.1199
0.1534
0.1159
0.1521
0.1329
0.1479
0.1183
0.1501
0.126
0.158
0.1228
0.1571
0.1232
0.1441
0.1178
0.1424
0.1169
0.169
0.1228
0.162
0.1234
0.1532
0.1246
0.1536
0.1194
0.1448
0.1186
0.1511
0.1195
0.1585
0.1202
0.1432
0.1165
0.159
0.1223
0.2516
0.13
0.2094
0.1378
0.1418
0.1159
0.1507
0.1204
0.1447
0.1321
0.1619
0.1193
0.1499
0.1389
0.1719
0.1225
0.1446
0.1246
0.1521
0.1204
0.1634
0.1231
0.1666
0.136
0.1594
0.1315
0.1598
0.127
0.1588
0.1228
0.1496
0.1192
0.1697
0.1415
0.1469
0.1191
0.159
0.1253
0.1602
0.1284
0.1512
0.1186
0.1798
0.1469
0.1443
0.118
0.1667
0.1255
0.1644
0.1392
0.1583
0.121
0.1634
0.1287
0.1626
0.1325
0.1457
0.1209
0.1718
0.1354
0.1547
0.1216
0.1718
0.1263
0.148
0.1181
0.1614
0.1241
0.1463
0.115
0.1784
0.1328
0.1559
0.1239
0.1774
0.1322
0.1673
0.1255
0.1428
0.1186
0.1473
0.118
0.1641
0.1254
0.157
0.1219
0.1772
0.1423
0.1623
0.1219
0.1741
0.1356
0.1414
0.1186
0.1705
0.1294
0.1538
0.1239
0.1979
0.1498
0.15
0.1254
0.1575
0.1219
0.154
0.1299
0.1729
0.1305
0.161
0.1284
0.1961
0.1359
0.158
0.1225
0.1703
0.1447
0.1551
0.1219
0.164
0.1299
0.1466
0.1213
0.165
0.1285
0.1739
0.1245
0.1785
0.1261
0.137
0.1131
0.1411
0.1163
0.1454
0.117
0.2341
0.1367
0.1534
0.1218
0.1642
0.1262
0.1571
0.1303
0.1408
0.115
0.1477
0.1231
0.162
0.1247
0.1616
0.1447
0.1466
0.119
0.1749
0.1504
0.172
0.1267
0.1665
0.1313
0.1516
0.1198
0.1695
0.1188
0.1521
0.1181
0.1466
0.1236
0.148
0.1173
0.1848
0.1379
0.1554
0.119
0.1735
0.1238
0.147
0.1252
0.1513
0.1177
0.1418
0.1194
0.1483
0.1242
1.0913
0.149
0.1643
0.1206
0.1511
0.1239
0.1675
0.1303
0.1549
0.1211
0.1421
0.1164
0.1521
0.1113
0.1431
0.1204
0.1461
0.1165
0.1913
0.1392
0.149
0.1197
0.1676
0.1216
0.1748
0.1277
0.1723
0.1259
0.1563
0.1239
0.1405
0.1212
0.1598
0.1273
0.1851
0.138
0.1605
0.128
0.1666
0.1521
0.1567
0.1252
0.141
0.1265
0.1818
0.1441
0.1538
0.1267
0.1568
0.1198
0.1604
0.1414
0.16
0.1452
0.1453
0.124
0.1372
0.1198
0.1382
0.1214
0.1398
0.1139
0.1385
0.1272
0.1542
0.1276
0.1539
0.1217
0.204
0.139
0.1585
0.1209
0.1498
0.1195
0.1544
0.123
0.1649
0.1231
0.1516
0.1192
0.1886
0.1233
0.1591
0.1285
0.1798
0.1232
0.1745
0.1201
0.1697
0.1229
0.144
0.1129
0.1384
0.1171
0.1484
0.1244
0.1421
0.1249
0.1464
0.1297
0.1427
0.123
0.1488
0.1325
0.1464
0.117
0.1435
0.1272
0.1515
0.1356
0.1499
0.1302
0.1522
0.1331
0.1539
0.1481
0.1441
0.1179
0.1562
0.1219
0.1545
0.1388
0.163
0.1232
0.1543
0.1244
0.1525
0.1352
0.1601
0.1235
0.1565
0.1209
0.1508
0.1278
0.1672
0.1221
0.1602
0.1468
0.1415
0.1245
0.1526
0.1216
0.1538
0.1176
0.1464
0.1094
0.1644
0.1259
0.1557
0.1533
0.1649
0.123
0.1593
0.1304
0.1699
0.1249
0.1573
0.1288
0.1535
0.1308
0.1545
0.1314
0.1466
0.1205
0.1545
0.1304
0.1465
0.1178
0.1558
0.1235
0.1566
0.126
0.1643
0.1243
0.1396
0.1223
0.151
0.1204
0.1424
0.1189
0.1499
0.128
0.1501
0.1288
0.1564
0.1228
0.1406
0.1237
0.15
0.1287
0.1449
0.1172
0.1518
0.1206
0.1574
0.1423
0.156
0.1203
0.1439
0.1159
0.1575
0.1255
0.1683
0.1235
0.2295
0.1375
0.1476
0.1274
0.1766
0.1252
0.1362
0.1086
0.1418
0.1297
0.1514
0.1361
0.1477
0.1295
0.1485
0.1298
0.1581
0.1286
0.1483
0.1353
0.2133
0.1974
0.156
0.1297
0.261
0.2029
0.2321
0.1953
0.1705
0.1187
0.1396
0.1213
0.2305
0.1921
0.1609
0.1214
0.1546
0.1209
0.1488
0.1248
0.1481
0.1265
0.1408
0.1149
0.1445
0.126
0.1576
0.1315
0.1442
0.1211
0.1408
0.1173
0.154
0.1242
0.1561
0.115
0.14
0.1171
0.157
0.124
0.1421
0.1216
0.2325
0.193
0.1768
0.124
0.1457
0.1179
0.1587
0.1224
0.1519
0.1183
0.1544
0.1242
0.2383
0.1999
0.1704
0.1283
0.2484
0.1912
0.1596
0.1219
0.1642
0.1343
0.1442
0.1235
0.2412
0.2087
0.1655
0.1201
0.1486
0.1197
0.1488
0.1269
0.1574
0.1218
0.1443
0.1181
0.1428
0.1284
0.1463
0.1247
0.1665
0.1237
0.1584
0.1309
0.1792
0.1211
0.1472
0.1192
0.1491
0.1252
0.149
0.1271
0.2435
0.1964
0.1491
0.1264
0.146
0.1154
0.1497
0.1249
0.1491
0.126
0.1508
0.127
0.1425
0.1167
0.1497
0.1218
0.1433
0.1231
0.1446
0.1277
0.1476
0.1201
0.1383
0.1218
0.1413
0.1146
0.1604
0.1219
0.1437
0.1228
0.2077
0.1518
0.1622
0.1223
0.1499
0.1178
0.149
0.1229
0.1477
0.1172
0.1546
0.1295
0.1551
0.137
0.1472
0.1231
0.2255
0.1917
0.145
0.124
0.1412
0.1235
0.1786
0.134
0.1414
0.1181
0.143
0.13
0.1408
0.1244
0.1445
0.1335
0.144
0.1173
0.1415
0.1214
0.1439
0.1277
0.1652
0.1361
0.1713
0.1258
0.1493
0.118
0.1593
0.1215
0.1641
0.1229
0.1603
0.1232
0.1439
0.1237
0.1596
0.125
0.1537
0.1254
0.1601
0.1298
0.1463
0.1172
0.1535
0.1139
0.1844
0.1227
0.1755
0.1252
0.1614
0.1241
0.1392
0.1127
0.1588
0.1209
0.1679
0.1315
0.1616
0.1277
0.1566
0.1215
0.155
0.1311
0.1774
0.1281
0.1643
0.1261
0.2184
0.1257
0.1713
0.1223
0.1567
0.1223
0.1959
0.1315
0.1532
0.1192
0.1679
0.1273
0.1522
0.1252
0.182
0.1203
0.1864
0.1214
0.1522
0.1187
0.1551
0.1254
0.1583
0.1311
0.1465
0.1165
0.1557
0.1283
0.1602
0.1225
0.1422
0.129
0.1562
0.1216
0.1459
0.124
0.1623
0.1228
0.1457
0.116
0.1738
0.122
0.1388
0.1094
0.1514
0.1325
0.1628
0.1323
0.1399
0.134
0.1611
0.1204
0.1693
0.1314
0.151
0.1172
0.1556
0.1207
0.1616
0.1316
0.1422
0.1169
0.158
0.1324
0.1752
0.1223
0.1605
0.1376
0.1502
0.1233
0.1454
0.1163
0.1567
0.1556
0.1544
0.1227
0.1795
0.1317
0.1569
0.1242
0.1507
0.1256
0.1524
0.1249
0.1559
0.1288
0.1501
0.1248
0.1407
0.113
0.1592
0.1244
0.1546
0.1215
0.1554
0.1262
0.1544
0.122
0.1538
0.1216
0.1566
0.1221
0.1541
0.1226
0.1402
0.1155
0.1473
0.1156
0.1388
0.1099
0.1614
0.1217
0.1634
0.1219
0.1595
0.1225
0.1691
0.1221
0.1982
0.1225
0.1583
0.1281
0.1437
0.114
0.1459
0.1153
0.1506
0.1222
0.1587
0.122
0.149
0.1212
0.1737
0.1351
0.143
0.1163
0.1847
0.1348
0.1596
0.1291
0.1679
0.1239
0.1603
0.1206
0.1597
0.1344
0.1448
0.1227
0.1597
0.1299
0.1609
0.1207
0.1805
0.1288
0.1488
0.1289
0.1554
0.1283
0.1531
0.1242
0.1422
0.1118
0.1423
0.1192
0.1417
0.117
0.1592
0.1302
0.1746
0.1417
0.1429
0.1167
0.1482
0.1317
0.145
0.1252
0.1521
0.1189
0.1381
0.1247
0.144
0.1263
0.1476
0.1343
0.1461
0.1221
0.141
0.1228
0.142
0.1238
0.1656
0.1345
0.1479
0.123
0.1413
0.1245
0.1442
0.1337
0.14
0.1233
0.1371
0.1194
0.159
0.1177
0.1415
0.1211
0.1476
0.128
0.1551
0.1271
0.147
0.1291
0.1378
0.1233
0.1462
0.1223
0.1775
0.1217
0.1438
0.1213
0.1695
0.137
0.1622
0.1244
0.1559
0.1288
0.1514
0.119
0.1616
0.1277
0.1476
0.1161
0.1728
0.1256
0.1658
0.1241
0.1615
0.1307
0.1662
0.1254
0.1706
0.114
0.1527
0.124
0.1798
0.123
0.1663
0.1269
0.163
0.1392
0.1495
0.1206

-------------------------------------
CodechalDecodeHevcG12::SetFrameStates
-------------------------------------
0.8469
2.4726
6.7596
0.6544
0.3404
0.1167
0.4518
0.3712
0.0369
0.038
0.0367
0.0379
0.036
0.0444
0.0393
0.0466
0.041
0.0401
0.0425
0.0378
0.0396
0.0372
0.0401
0.0394
0.0342
0.0358
0.0365
0.0324
0.033
0.0362
0.033
0.0369
0.035
0.0266
0.036
0.0444
0.0357
0.0366
0.0362
0.0329
0.0375
0.0328
0.04
0.0444
0.036
0.0364
0.038
0.0363
0.0323
0.0357
0.0338
0.0357
0.0334
0.0343
0.0321
0.0394
0.0383
0.0447
0.08
0.0371
2.933
0.0334
0.0346
0.0359
0.0351
0.0394
0.0239
0.0338
0.0332
0.0335
0.0328
0.0462
0.0362
0.0363
0.0498
0.0467
0.0386
0.0396
0.0336
0.0312
0.0334
0.0328
0.0362
0.034
0.0333
0.0458
0.0365
0.0369
0.0326
0.0358
0.0331
0.0365
0.0315
0.0323
0.0364
0.0344
0.036
0.0338
0.0336
0.0219
0.0337
0.0316
0.0357
0.0322
0.0341
0.0421
0.0393
0.0346
0.0334
0.0438
0.0362
0.0355
0.0361
0.0329
0.0348
0.0442
0.0425
0.0437
0.0443
0.0482
0.0489
0.0668
0.031
0.0329
0.0328
0.0325
0.033
0.0332
0.032
0.0334
0.0322
0.0329
0.0223
0.0322
0.0357
0.0389
0.0364
0.0335
0.0523
0.0395
0.0338
0.0364
0.0497
0.0385
0.04
0.0389
0.0469
0.0543
0.049
0.0363
0.0351
0.0345
0.0342
0.035
0.0361
0.0383
0.034
0.0334
0.0356
0.0376
0.0356
0.0328
0.0334
0.0355
0.0347
0.0244
0.0374
0.0554
0.0475
0.0371
0.0357
0.0377
0.0388
0.0369
0.0393
0.0335
0.0481
0.0395
0.0394
0.0393
0.0422
0.0396
0.0442
0.0439
0.0358
0.0375
0.0405
0.0458
0.0459
0.0376
0.0411
0.0371
0.0382
0.0366
0.0342
0.0318
0.0373
0.0347
0.0297
0.0368
0.0393
0.0358
0.056
0.0485
0.0438
0.0386
0.0329
0.032
0.0371
0.0329
0.0369
0.0379
0.0419
0.0348
0.0416
0.0359
0.0449
0.036
0.0345
0.0354
0.0415
0.0373
0.0452
0.0363
0.0379
0.0342
0.0404
0.0349
0.0413
0.0388
0.0416
0.0236
0.0337
0.0369
0.0461
0.0353
0.0378
0.0345
0.0349
0.0322
0.0403
0.0396
0.0329
0.036
0.0419
0.0373
0.0382
0.0369
0.0333
0.033
0.0372
0.0435
0.0357
0.0486
0.0352
0.0358
0.0327
0.0334
0.0412
0.0392
0.0339
0.0421
0.0371
0.0328
0.0257
0.0343
0.0322
0.0432
0.0349
0.0415
0.0403
0.0493
0.0354
0.0324
0.0355
0.0464
0.0386
0.038
0.0395
0.0343
0.0447
0.0362
0.039
0.0384
0.0363
0.0341
0.032
0.0318
0.0324
0.0348
0.0329
0.0336
0.0337
0.0356
0.0339
0.0339
0.0379
0.0267
0.0421
0.037
0.0416
0.0381
0.038
0.0345
0.0352
0.0326
0.0336
0.0338
0.034
0.0339
0.0368
0.0345
0.0356
0.0344
0.0345
0.0358
0.0389
0.0333
0.0346
0.0349
0.035
0.0353
0.0349
0.0348
0.0347
0.0356
0.0362
0.0324
0.0397
0.0331
0.0231
0.0437
0.0354
0.0403
0.0393
0.0363
0.0364
0.0343
0.0344
0.0339
0.0356
0.0331
0.0379
0.0355
0.0357
0.0329
0.0325
0.0318
0.0332
0.0332
0.0345
0.0326
0.0329
0.0314
0.0329
0.0353
0.0346
0.035
0.0354
0.0674
0.0484
0.0345
0.0358
0.0254
0.0353
0.0336
0.0338
0.0352
0.0352
0.0336
0.0446
0.0337
0.0581
0.0504
0.0383
0.032
0.049
0.0355
0.0355
0.0344
0.0337
0.0325
0.0327
0.0363
0.0341
0.034
0.0329
0.0343
0.0314
0.0342
0.0332
0.0483
0.0376
0.0327
0.0409
0.0337
0.0273
0.0503
0.0398
0.0547
0.0359
0.0375
0.033
0.05
0.0394
0.0358
0.0356
0.0364
0.0322
0.0334
0.033
0.0441
0.0359
0.0414
0.0343
0.0339
0.0334
0.0498
0.0347
0.034
0.0335
0.0339
0.0333
0.0317
0.0342
0.0323
0.0317
0.0336
0.0314
0.0232
0.0366
0.0331
0.0447
0.0382
0.0358
0.0324
0.0343
0.0336
0.0361
0.0315
0.0449
0.0334
0.0333
0.0354
0.0322
0.0334
0.0328
0.0318
0.0329
0.0323
0.0329
0.0376
0.037
0.0335
0.0358
0.0354
0.0364
0.0325
0.0354
0.0351
0.0361
0.0342
0.0277
0.035
0.0375
0.0354
0.0325
0.0337
0.037
0.0357
0.0367
0.035
0.0423
0.0375
0.05
0.0383
0.0359
0.0492
0.0371
0.0368
0.035
0.0438
0.0377
0.0338
0.0375
0.0345
0.0321
0.0335
0.0408
0.0323
0.0454
0.0324
0.0345
0.0323
0.0362
0.0235
0.0345
0.0346
0.0319
0.0348
0.0361
0.0325
0.035
0.035
0.0364
0.0364
0.0398
0.0368
0.0354
0.038
0.0353
0.0327
0.0434
0.0376
0.0343
0.0342
0.0351
0.0338
0.0327
0.0356
0.0341
0.035
0.0362
0.0343
0.0352
0.0343
0.032
0.033
0.0233
0.0345
0.0359
0.0358
0.0353
0.0352
0.035
0.033
0.0354
0.034
0.0344
0.0359
0.0421
0.0336
0.044
0.0396
0.0375
0.0329
0.0349
0.0332
0.0404
0.0399
0.0459
0.0356
0.0344
0.0385
0.0316
0.0322
0.0382
0.0356
0.0451
0.0336
0.0352
0.0245
0.0356
0.0335
0.0323
0.0344
0.0329
0.0365
0.0326
0.0374
0.0352
0.0323
0.0349
0.0325
0.0341
0.0327
0.0342
0.033
0.039
0.0357
0.0322
0.033
0.0423
0.0343
0.042
0.0374
0.0351
0.0333
0.0469
0.0342
0.0412
0.0376
0.0444
0.0402
0.0291
0.0384
0.0445
0.0375
0.0375
0.0364

--------------------------
CreateVideoDecoder_D3D11_1
--------------------------
22.2683

---------------------------
DestroyVideoDecoder_D3D11_1
---------------------------
0

----------------
First Frame Time
----------------
72.6634

--------------------------------------
VideoDecoderBeginFrame_WDDM2_4_D3D11_1
--------------------------------------
0.0067
0.0024
0.0035
0.0023
0.0036
0.002
0.0023
0.002
0.0022
0.0024
0.0019
0.002
0.0019
0.004
0.0024
0.0035
0.0029
0.0023
0.0024
0.0032
0.0024
0.0019
0.0021
0.0022
0.002
0.0022
0.0024
0.0016
0.0025
0.0019
0.0015
0.0019
0.0023
0.0022
0.0018
0.0033
0.0023
0.0022
0.0019
0.0018
0.002
0.0019
0.0057
0.0018
0.0017
0.0017
0.0017
0.0017
0.0018
0.0018
0.0019
0.0017
0.002
0.0017
0.0016
0.0015
0.0018
0.0029
0.0025
0.0024
0.0028
0.0019
0.0022
0.003
0.0021
0.0018
0.0024
0.0017
0.0017
0.0018
0.0018
0.0019
0.0019
0.0018
0.0017
0.0035
0.0023
0.0025
0.0019
0.0015
0.0018
0.0017
0.0018
0.0017
0.0017
0.0018
0.0019
0.0015
0.0018
0.0017
0.002
0.002
0.0016
0.0016
0.0034
0.0018
0.0018
0.0017
0.0018
0.0021
0.0015
0.0018
0.0019
0.0019
0.002
0.0035
0.0023
0.0019
0.0019
0.0021
0.0019
0.0018
0.0019
0.0019
0.0019
0.0022
0.0019
0.0022
0.0026
0.0023
0.0024
0.0029
0.0018
0.0016
0.0017
0.0017
0.0017
0.0017
0.0016
0.0017
0.002
0.0018
0.002
0.0017
0.0015
0.0028
0.002
0.0018
0.004
0.003
0.002
0.0102
0.0022
0.0028
0.0021
0.0052
0.002
0.0036
0.0029
0.0027
0.0021
0.0024
0.0026
0.0018
0.002
0.0019
0.0018
0.0016
0.0018
0.0019
0.0017
0.0018
0.0015
0.0018
0.002
0.0023
0.0019
0.0037
0.0033
0.002
0.0022
0.0022
0.0027
0.0023
0.0027
0.0021
0.0026
0.0027
0.0021
0.0026
0.002
0.0033
0.0027
0.0029
0.0019
0.0026
0.0024
0.002
0.0032
0.002
0.0028
0.0023
0.0023
0.0019
0.0021
0.0015
0.0022
0.0023
0.0032
0.002
0.0021
0.002
0.0032
0.0022
0.003
0.0022
0.0018
0.0017
0.0019
0.0016
0.0019
0.0082
0.0029
0.0021
0.0027
0.002
0.0042
0.002
0.0022
0.0018
0.0029
0.0021
0.0032
0.0019
0.0026
0.0018
0.0033
0.0019
0.0029
0.0021
0.003
0.0025
0.0019
0.0017
0.0033
0.0019
0.0023
0.0023
0.0021
0.0023
0.0032
0.0019
0.0019
0.0017
0.0029
0.0022
0.0025
0.0017
0.002
0.0017
0.0017
0.0033
0.0023
0.0033
0.0021
0.0024
0.002
0.0017
0.002
0.0027
0.0019
0.0034
0.0023
0.0026
0.0023
0.0019
0.002
0.003
0.002
0.0032
0.0021
0.0021
0.0018
0.0017
0.0015
0.0029
0.002
0.0023
0.0018
0.0019
0.0029
0.0019
0.0029
0.002
0.0018
0.0028
0.0017
0.0017
0.0018
0.0015
0.0016
0.0017
0.0017
0.0021
0.0018
0.002
0.0021
0.0022
0.0028
0.0021
0.0038
0.0023
0.0023
0.0022
0.0017
0.0017
0.0019
0.0017
0.0026
0.0017
0.0039
0.0107
0.002
0.0018
0.002
0.0018
0.0063
0.0017
0.0044
0.0019
0.0056
0.0019
0.0018
0.0018
0.0019
0.002
0.0018
0.0017
0.0017
0.0017
0.0025
0.002
0.0017
0.0028
0.0025
0.0021
0.0018
0.002
0.0018
0.0017
0.0018
0.0022
0.0024
0.0016
0.0018
0.0017
0.0017
0.0018
0.0018
0.0018
0.0017
0.0018
0.0016
0.0017
0.0016
0.0019
0.0018
0.0018
0.0019
0.003
0.0036
0.0024
0.002
0.002
0.0017
0.0017
0.0018
0.0017
0.0018
0.0019
0.0023
0.0017
0.0038
0.0028
0.0024
0.0019
0.0021
0.0022
0.0017
0.0019
0.0019
0.002
0.0017
0.0023
0.0018
0.0019
0.0017
0.002
0.0016
0.0017
0.0016
0.0026
0.0019
0.0018
0.0018
0.0018
0.0022
0.0028
0.003
0.0033
0.002
0.0024
0.0018
0.0025
0.003
0.0025
0.0019
0.0022
0.0017
0.0018
0.0018
0.0032
0.0019
0.0031
0.002
0.002
0.0018
0.0025
0.0023
0.0017
0.0018
0.0018
0.0017
0.0018
0.0018
0.0018
0.0016
0.0016
0.0019
0.002
0.0021
0.0016
0.0029
0.0026
0.0025
0.0017
0.0018
0.0019
0.0019
0.0015
0.0024
0.0019
0.0016
0.0018
0.0017
0.0021
0.0015
0.0017
0.0019
0.0016
0.0017
0.0019
0.002
0.0018
0.0017
0.0018
0.002
0.0028
0.0018
0.0017
0.0021
0.002
0.0018
0.0017
0.0018
0.0018
0.0018
0.0016
0.0018
0.0018
0.0018
0.0019
0.0031
0.0023
0.0192
0.0022
0.002
0.0034
0.0022
0.002
0.0017
0.0028
0.0022
0.002
0.0017
0.0019
0.0019
0.0017
0.0019
0.0018
0.0018
0.002
0.0016
0.0018
0.002
0.0022
0.0021
0.0017
0.0018
0.0018
0.0018
0.0019
0.0016
0.0018
0.0017
0.0016
0.0034
0.002
0.0021
0.0021
0.0017
0.0018
0.0031
0.0022
0.0019
0.002
0.0019
0.0018
0.0019
0.0018
0.0016
0.0018
0.0017
0.0074
0.0018
0.0019
0.0017
0.002
0.002
0.0019
0.0018
0.0018
0.0018
0.0018
0.0021
0.002
0.002
0.0017
0.0018
0.0033
0.0035
0.0019
0.0034
0.0029
0.0022
0.002
0.0017
0.0019
0.0016
0.0032
0.0028
0.0025
0.0019
0.002
0.0018
0.0017
0.0017
0.0016
0.0032
0.0021
0.0022
0.0024
0.0023
0.0015
0.0017
0.0018
0.0024
0.0017
0.0017
0.0022
0.0019
0.0019
0.0017
0.0017
0.0017
0.0015
0.0017
0.0016
0.0028
0.0019
0.0058
0.0017
0.0032
0.0021
0.0034
0.0022
0.0018
0.0019
0.0034
0.002
0.003
0.0023
0.0033
0.0026
0.003
0.0026
0.0034
0.0025
0.0023
0.002

----------------------------
VideoDecoderEndFrame_D3D11_1
----------------------------
0.0362
0.058
0.0618
0.0738
0.066
0.0721
0.0639
0.0614
0.0624
0.0637
0.0625
0.0624
0.0626
0.0647
0.0597
0.0635
0.0661
0.0689
0.0628
0.0619
0.0585
0.0613
0.0701
0.0732
0.0618
0.0541
0.059
0.0613
0.0565
0.0538
0.0606
0.0646
0.0571
0.0594
0.0616
0.0631
0.0673
0.0629
0.0599
0.0572
0.0556
0.0554
0.0651
0.059
0.0564
0.0628
0.0557
0.0628
0.0556
0.0621
0.0558
0.0614
0.0618
0.0601
0.0574
0.0547
0.068
0.0621
0.0614
0.1024
0.0534
0.0772
0.1072
0.0576
0.0614
0.0579
0.0621
0.0585
0.0541
0.0534
0.0545
0.059
0.0546
0.0558
0.0596
0.0599
0.0571
0.0664
0.0605
0.0527
0.06
0.0564
0.0615
0.0557
0.0647
0.0551
0.0564
0.0549
0.0598
0.0551
0.0562
0.0633
0.0576
0.0536
0.0612
0.0594
0.069
0.055
0.055
0.053
0.0583
0.06
0.056
0.0611
0.0611
0.0591
0.0638
0.059
0.0606
0.0609
0.059
0.0591
0.0604
0.0637
0.0828
0.0796
0.0837
0.0971
0.0881
0.0853
0.0798
0.0613
0.0586
0.0565
0.0562
0.0568
0.057
0.0617
0.0536
0.0624
0.0578
0.0547
0.0544
0.0555
0.0575
0.064
0.0582
0.0524
0.0896
0.0603
0.0736
0.069
0.065
0.0626
0.0551
0.0687
0.0614
0.0642
0.0624
0.0581
0.0638
0.0588
0.0578
0.0548
0.0666
0.0558
0.0539
0.0576
0.0566
0.0554
0.0685
0.0565
0.0535
0.059
0.0586
0.0551
0.0641
0.0652
0.063
0.0538
0.0586
0.0634
0.0665
0.0704
0.0641
0.0589
0.0603
0.0658
0.0618
0.0623
0.0554
0.0624
0.0644
0.0607
0.0615
0.063
0.0645
0.0654
0.0582
0.0536
0.0656
0.0596
0.0566
0.057
0.0576
0.0535
0.0599
0.0653
0.0625
0.0547
0.0592
0.0613
0.0599
0.0586
0.0598
0.0577
0.0603
0.0541
0.0623
0.0679
0.055
0.0703
0.0684
0.0625
0.0612
0.0574
0.0693
0.0616
0.058
0.0627
0.0626
0.0576
0.0629
0.0603
0.0659
0.0619
0.0578
0.057
0.0588
0.0762
0.0626
0.0586
0.0559
0.0551
0.0692
0.0543
0.0534
0.0629
0.0533
0.0586
0.0597
0.0618
0.0538
0.0686
0.0603
0.0703
0.056
0.0618
0.0539
0.0543
0.0538
0.0665
0.0613
0.0651
0.0567
0.0599
0.0534
0.0545
0.0657
0.0649
0.0579
0.0645
0.0543
0.0587
0.0564
0.0581
0.0574
0.0631
0.0543
0.063
0.0626
0.0542
0.0582
0.0578
0.0579
0.0607
0.0724
0.0714
0.0602
0.0524
0.0695
0.07
0.0652
0.0538
0.0534
0.0534
0.0522
0.0541
0.0565
0.0576
0.0617
0.0608
0.0618
0.0625
0.0594
0.0602
0.0588
0.0604
0.0588
0.056
0.0592
0.0567
0.0626
0.0616
0.0579
0.0573
0.0694
0.063
0.0578
0.0595
0.065
0.0568
0.0566
0.0545
0.0583
0.0614
0.0716
0.0648
0.0638
0.0617
0.0701
0.0667
0.0624
0.0667
0.0657
0.068
0.0676
0.06
0.0603
0.0667
0.0585
0.0677
0.0588
0.0665
0.0608
0.062
0.0593
0.0614
0.0604
0.0584
0.0645
0.0571
0.0594
0.0578
0.0592
0.0578
0.0603
0.0585
0.062
0.0581
0.0598
0.0556
0.0623
0.0551
0.0592
0.0601
0.0634
0.0579
0.0642
0.0632
0.0702
0.0556
0.0598
0.0536
0.0561
0.0567
0.0554
0.056
0.0558
0.0555
0.0862
0.0662
0.0829
0.0848
0.0559
0.0573
0.0874
0.0651
0.0666
0.0643
0.0598
0.0553
0.0581
0.0604
0.0538
0.0575
0.0616
0.0583
0.0572
0.0593
0.0596
0.0836
0.0645
0.0573
0.0748
0.0572
0.0642
0.0837
0.0584
0.0701
0.0577
0.0606
0.06
0.0749
0.056
0.0726
0.0716
0.0557
0.0612
0.0564
0.0594
0.0637
0.0573
0.0582
0.0699
0.0596
0.0597
0.0932
0.0565
0.0566
0.0598
0.0627
0.0634
0.0592
0.0606
0.07
0.071
0.0597
0.0565
0.0803
0.0605
0.0607
0.1062
0.0568
0.0669
0.0765
0.0567
0.0592
0.076
0.0637
0.0781
0.0624
0.0761
0.0969
0.0564
0.0547
0.0692
0.0765
0.0519
0.0545
0.059
0.0633
0.0617
0.0579
0.0612
0.0603
0.0615
0.0566
0.0595
0.062
0.0588
0.0586
0.0676
0.0599
0.06
0.0627
0.0555
0.0609
0.0607
0.0596
0.0619
0.0675
0.062
0.0545
0.0682
0.0607
0.0663
0.071
0.0562
0.059
0.0557
0.0592
0.0612
0.057
0.0593
0.06
0.0579
0.0571
0.0596
0.0598
0.0608
0.0627
0.0599
0.0563
0.0654
0.0654
0.0586
0.0647
0.0607
0.0689
0.0662
0.0598
0.0584
0.0541
0.0534
0.0619
0.0591
0.0671
0.0537
0.0549
0.0554
0.0841
0.0624
0.0682
0.0596
0.0612
0.0649
0.0598
0.0554
0.0584
0.062
0.0624
0.0622
0.0659
0.0629
0.0616
0.0562
0.057
0.0559
0.0636
0.0594
0.0623
0.0637
0.061
0.0603
0.0551
0.0547
0.0663
0.0614
0.0568
0.0643
0.058
0.0705
0.0574
0.0585
0.0589
0.0652
0.0535
0.0963
0.0618
0.0648
0.0551
0.055
0.0635
0.0548
0.0563
0.0546
0.0663
0.061
0.0608
0.0593
0.0549
0.0589
0.0582
0.0592
0.0592
0.0596
0.0529
0.0605
0.058
0.0562
0.057
0.0578
0.053
0.0541
0.0594
0.0596
0.0551
0.065
0.0561
0.0618
0.0542
0.0619
0.0556
0.0669
0.0562
0.0571
0.0855
0.0568
0.0659
0.0597
0.0675
0.0582
0.0844
0.0602
0.0593
0.0619
0.0659
0.0663
0.0549

---------------------------------
VideoDecoderSubmitBuffers_D3D11_1
---------------------------------
7.7587
17.3745
14.0043
1.359
7.2859
0.8041
1.0715
0.9899
0.6256
0.6456
0.9259
0.7762
0.9118
0.8601
0.868
0.7268
0.6783
0.6713
0.6846
0.8793
0.6523
0.9797
0.7596
0.6544
0.4203
0.4348
0.4432
0.3921
0.4152
0.7184
0.8514
0.8481
0.4079
0.404
0.4333
0.5155
0.4149
0.437
0.4263
0.411
0.421
0.3985
0.8066
0.7632
0.8481
0.8056
0.7827
0.8713
0.7604
0.8866
0.7567
0.7787
0.3996
0.432
0.3899
0.7853
0.7948
2.8308
0.5196
2.192
3.327
0.4046
0.414
0.5399
0.7769
0.7271
0.3868
0.4122
0.4158
0.411
0.4165
0.7483
0.4402
0.3978
0.8438
0.7207
0.6315
0.4536
0.4215
0.381
0.5344
0.8092
0.8612
0.8
0.7216
0.8377
0.7497
0.8649
0.7497
0.9104
0.4132
0.4234
0.4072
0.9276
0.843
0.4314
0.6837
0.8198
0.7303
0.3668
0.7355
0.907
0.7293
0.3902
0.4253
0.4894
0.4506
0.4108
0.403
0.4371
0.4388
0.4213
0.4383
0.3916
0.54
0.5385
0.5368
0.612
0.5609
0.5713
0.5639
0.5938
0.3774
0.3814
0.4028
0.396
0.3916
0.3888
0.3838
0.3959
0.3827
0.3829
0.3641
0.3858
0.3764
0.4738
0.4394
0.4033
0.6479
0.459
0.4044
0.4362
0.5331
0.7954
0.8802
0.6999
0.8554
0.7479
0.6722
0.417
0.4042
0.4221
0.4065
0.4139
0.4226
0.4229
0.39
0.386
0.4312
0.438
0.4217
0.4036
0.3932
0.4075
0.4177
0.4019
0.4327
0.5845
0.5366
0.3976
0.4233
0.4187
0.4378
0.4367
0.4669
0.3992
0.5314
0.7533
0.869
0.7463
0.875
0.69
0.7792
0.7976
0.7741
0.7931
0.8127
0.7947
0.5099
0.3967
0.7977
0.8355
0.7907
0.8725
0.7934
0.8135
0.8645
0.4965
0.4702
0.4171
0.435
0.4046
0.5124
0.4425
0.4959
0.4481
0.3895
0.6678
0.901
0.8273
0.8351
0.7867
0.7409
0.7174
0.7573
0.8146
0.7948
0.7276
0.8256
0.873
0.7633
0.813
0.8014
0.7652
0.8047
0.7727
0.6292
0.7421
0.6523
0.8725
0.4817
0.3732
0.3857
0.3942
0.5765
0.4116
0.4639
0.4379
0.5172
0.9052
0.7295
0.8804
0.7466
0.9475
0.721
0.815
0.7112
0.8664
0.7923
0.8274
0.8332
0.5015
0.4118
0.4809
0.4206
0.7648
0.396
0.4058
1.4113
0.4474
0.4101
0.4709
0.4254
0.3892
0.3945
0.3954
0.3876
0.51
0.4018
0.4627
0.4707
0.6107
0.8526
0.8085
0.9337
0.8312
0.7854
0.8
0.8191
0.7957
0.8197
0.7244
0.4451
0.4594
0.448
0.4073
0.3797
0.3825
0.4147
0.3925
0.4148
0.41
0.4853
0.417
0.4093
0.4145
0.4392
0.4149
0.4868
0.4448
0.4759
0.4505
0.4464
0.3993
0.3868
0.4027
0.3987
0.4146
0.4005
0.4528
0.4178
0.4046
0.4359
0.4169
0.4207
0.4509
0.4064
0.4254
0.4373
0.4291
0.4204
0.4266
0.4255
0.4245
0.4166
0.4669
0.4548
0.3971
0.4244
0.4054
0.3863
0.4496
0.4502
0.459
0.4399
0.4435
0.4328
0.4257
0.423
0.4053
0.4249
0.4045
0.4326
0.4278
0.4338
0.389
0.4073
0.3894
0.4155
0.4153
0.4187
0.392
0.4197
0.3907
0.4175
0.4442
0.4156
0.4036
0.4276
0.4869
0.5727
0.4102
0.4477
0.3679
0.4067
0.4287
0.4133
0.4189
0.4313
0.4196
0.5954
0.4251
0.7151
0.625
0.4385
0.3896
0.6225
0.4241
0.4164
0.4105
0.4121
0.3833
0.4059
0.4442
0.3952
0.389
0.4173
0.3956
0.3827
0.4244
0.3959
0.6236
0.4547
0.4041
0.428
0.4039
0.427
0.6555
0.4594
0.6705
0.4231
0.455
0.4039
0.657
0.4423
0.4139
0.4226
0.4212
0.3898
0.4066
0.4006
0.4543
0.431
0.4591
0.3989
0.4206
0.4026
0.6392
0.4069
0.3938
0.4129
0.4103
0.4111
0.3876
0.4127
0.3924
0.3956
0.4049
0.3832
0.3994
0.4357
0.4016
0.5501
0.4405
0.4104
0.3999
0.408
0.4211
0.4465
0.3957
0.5994
0.3999
0.3939
0.4588
0.3902
0.4028
0.3885
0.4075
0.4079
0.3887
0.4069
0.4574
0.45
0.4028
0.4344
0.4329
0.426
0.3979
0.4358
0.4211
0.4355
0.4026
0.4176
0.4534
0.4508
0.4285
0.3824
0.4241
0.4466
0.4337
0.4203
0.4278
0.4811
0.445
0.5638
0.4505
0.4251
0.5213
0.4133
0.441
0.4143
0.4759
0.4727
0.4025
0.4234
0.4307
0.3929
0.4202
0.4301
0.4011
0.4316
0.4041
0.4264
0.3902
0.4443
0.3878
0.4278
0.4367
0.4016
0.4271
0.4519
0.3993
0.4226
0.4435
0.4023
0.8725
0.4675
0.4584
0.6116
0.8396
0.9201
0.8448
0.4803
0.4234
0.4117
0.4119
0.4194
0.4105
0.3836
0.4291
0.4103
0.4244
0.4157
0.4116
0.4182
0.4144
0.3794
0.3954
0.3741
0.4292
0.4271
0.4215
0.4306
0.4592
0.4278
0.3895
0.399
0.4056
0.4248
0.4022
0.4817
0.3878
0.5042
0.4516
0.4395
0.6937
0.9514
0.4025
0.5515
0.4369
0.4976
0.4187
0.4286
0.6461
0.3847
0.7237
0.8376
0.9075
0.8282
0.7348
0.6472
0.4134
0.4803
0.8422
0.6843
0.8478
0.725
0.8214
0.6097
0.4627
0.711
0.7677
0.8879
0.8497
0.788
0.9149
0.8556
0.9119
0.7751
0.8564
0.3902
0.7906
0.7864
0.8173
0.7538
0.7686
0.8233
0.8169
0.6908
0.7757
0.7668
0.7658
0.665
0.5995
0.4329
0.4269
0.4803
0.4935
0.8045
0.8069

