---------------------------------------------
CalcPrivateVideoDecoderOutputViewSize_D3D11_1
---------------------------------------------
0.0019
0.0014
0.0014
0.0012
0.0027
0.0016
0.0023
0.001
0.0015
0.0015
0.0009
0.0008
0.0016
0.0027
0.0027
0.0009
0.0009
0.001
0.0016
0.0023
0.0014
0.001
0.0018
0.001
0.0009
0.0007
0.0015
0.0011
0.0022
0.0009
0.0008
0.0006
0.0012
0.0008
0.0017
0.0012
0.0009
0.0008
0.001
0.0008
0.0014
0.001
0.0022
0.0008
0.0011
0.0008
0.0007
0.0007
0.0007
0.0008
0.0006
0.0008
0.0009
0.0008
0.0007
0.0007
0.0006
0.0006
0.0007
0.0011
0.0009
0.0009
0.0007
0.0017
0.0009
0.0009
0.001
0.0007
0.0018
0.0025
0.0019
0.0009
0.0013
0.0016
0.0011
0.0008
0.0015
0.0009
0.0008
0.0007
0.0007
0.001
0.0006
0.0007
0.001
0.0011
0.0007
0.0006
0.001
0.0013
0.0006
0.0009
0.0007
0.0007
0.003
0.0009
0.0008
0.0007
0.0012
0.001
0.0008
0.0009
0.0008
0.0008
0.0017
0.0016
0.0021
0.0011
0.0012
0.0008
0.0013
0.001
0.0015
0.0008
0.0009
0.0008
0.0009
0.0007
0.0009
0.0007
0.0007
0.001
0.0007
0.0006
0.0007
0.0007
0.0007
0.0007
0.0028
0.0009
0.001
0.0012
0.0009
0.0009
0.0009
0.0009
0.0008
0.0008
0.0007
0.0008
0.0009
0.0131
0.0011
0.0017
0.0017
0.0012
0.0009
0.0007
0.0017
0.0008
0.0014
0.0014
0.0012
0.0017
0.0013
0.001
0.0008
0.0009
0.001
0.0007
0.0009
0.0008
0.0011
0.0013
0.0015
0.0031
0.0019
0.0013
0.0013
0.0009
0.001
0.0011
0.0008
0.0008
0.001
0.0008
0.0008
0.001
0.0013
0.0007
0.0007
0.0008
0.0006
0.0007
0.0006
0.0008
0.0007
0.0007
0.0007
0.001
0.0006
0.0008
0.0006
0.0007
0.0006
0.0009
0.0011
0.0012
0.0007
0.0008
0.0007
0.001
0.001
0.0006
0.0033
0.0008
0.0006
0.0015
0.001
0.001
0.0011
0.0155
0.0008
0.0007
0.0007
0.001
0.0007
0.0012
0.0008
0.0012
0.0008
0.0009
0.0008
0.0009
0.0006
0.0009
0.0006
0.0007
0.0015
0.0012
0.0015
0.0012
0.0011
0.0008
0.001
0.0007
0.0011
0.0006
0.0009
0.0007
0.0009
0.0008
0.0009
0.0006
0.0016
0.0009
0.0007
0.0008
0.0008
0.0007
0.0019
0.0008
0.0007
0.0007
0.001
0.0006
0.0007
0.0018
0.001
0.0008
0.0007
0.0016
0.0012
0.0011
0.0009
0.0007
0.0007
0.0007
0.0007
0.0006
0.0012
0.0007
0.0023
0.0011
0.001
0.0007
0.0014
0.0008
0.0007
0.0027
0.0008
0.0006
0.0007
0.0018
0.0007
0.0007
0.0007
0.0006
0.0015
0.0009
0.001
0.0007
0.0017
0.0008
0.0011
0.0016
0.0008
0.0009
0.0009
0.0009
0.0012
0.0014
0.0009
0.0009
0.0019
0.0011
0.0008
0.0017
0.001
0.0011
0.0007
0.0008
0.0015
0.0009
0.0014
0.001
0.0038
0.0009
0.0008
0.0017
0.0013
0.0012
0.0011
0.0009
0.0015
0.001
0.0008
0.0012
0.0016
0.001
0.001
0.0008
0.0016
0.001
0.0012
0.0009
0.0007
0.0015
0.001
0.0009
0.0008
0.001
0.0006
0.001
0.0007
0.0006
0.0015
0.001
0.0008
0.0015
0.0008
0.001
0.0011
0.0016
0.001
0.0008
0.0007
0.0007
0.0007
0.0033
0.0008
0.001
0.0008
0.0019
0.0011
0.0015
0.0012
0.0009
0.0017
0.0009
0.0008
0.0017
0.001
0.001
0.0011
0.0017
0.0017
0.0013
0.0008
0.0009
0.0006
0.0015
0.001
0.001
0.0009
0.0017
0.0018
0.0017
0.001
0.0011
0.0008
0.0009
0.0006
0.0016
0.0016
0.0017
0.0012
0.001
0.0006
0.0009
0.0007
0.0016
0.0009
0.001
0.0007
0.0008
0.0017
0.001
0.0009
0.0016
0.0009
0.001
0.0015
0.001
0.0016
0.0011
0.001
0.0007
0.0011
0.0007
0.0018
0.0009
0.0008
0.0007
0.0007
0.0006
0.0009
0.0016
0.0009
0.0009
0.0009
0.0016
0.0008
0.0017
0.0011
0.0012
0.0009
0.0016
0.0011
0.0011
0.0007
0.0015
0.0009
0.0014
0.0009
0.0011
0.0008
0.0016
0.001
0.0011
0.0008
0.0015
0.0009
0.0015
0.0009
0.0015
0.001
0.0013
0.0011
0.0016
0.0011
0.0018
0.0009
0.0019
0.001
0.0016
0.0012
0.0014
0.0009
0.0011
0.0008
0.0009
0.0007
0.0014
0.0036
0.0012
0.0007
0.0015
0.0012
0.0016
0.001
0.0008
0.0009
0.0012
0.0008
0.0006
0.0007
0.0008
0.0007
0.0008
0.0007
0.0007
0.0007
0.0008
0.0007
0.0007
0.0009
0.0008
0.0008
0.0008
0.0008
0.0008
0.0009
0.0008
0.0008
0.0008
0.0007
0.0011
0.0011
0.0007
0.0008
0.001
0.0009
0.001
0.0008
0.0007
0.0007
0.0008
0.0007
0.0007
0.0008
0.0008
0.0009
0.0008
0.0008
0.0007
0.0008
0.0007
0.0007
0.0008
0.0006
0.0013
0.0012
0.0009
0.0006
0.0007
0.0009
0.0007
0.0008
0.0008
0.001
0.0007
0.0008
0.001
0.0008
0.0007
0.0009
0.0007
0.0008
0.0007
0.0008
0.0008
0.0008
0.0008
0.0007
0.0008
0.0011
0.0008
0.0009
0.001
0.0008
0.0009
0.0008
0.0009
0.0007
0.001
0.0008
0.0011
0.0009
0.0009
0.0009
0.0007
0.0008
0.0007
0.0008
0.0007
0.001
0.0007
0.0008
0.0007
0.001
0.0008
0.0008
0.0007
0.001
0.0008
0.0008
0.0008
0.0007
0.0022
0.0011
0.0014
0.0012
0.0016
0.0013
0.001
0.0016
0.0018
0.0011
0.0019

-----------------------
CodechalDecode::Execute
-----------------------
1.8092
0.6938
0.6949
0.7762
0.7489
0.7935
0.7226
0.6004
1.6983
0.8889
1.0323
1.1142
1.0434
1.0597
1.2017
1.1161
5.3114
4.8668
5.2764
0.6083
0.5287
0.7481
2.6158
0.5453
0.3714
0.3779
0.4819
0.4296
0.4262
0.4092
0.4213
1.1614
0.4522
0.416
0.5209
0.4313
0.6419
0.3909
0.4288
0.4007
0.4366
0.3757
0.3949
0.3952
0.4336
0.4267
0.3954
0.4286
0.4126
0.4326
0.3892
0.4215
0.3933
0.4471
0.4006
0.4291
0.3945
0.4294
0.4054
0.4192
0.3764
0.4011
0.4414
0.4094
0.4162
0.4048
0.3771
0.3907
0.4751
0.5107
0.4898
0.3967
0.5572
0.4773
0.3919
0.4591
0.4353
0.391
0.3858
0.3754
0.3755
0.5556
0.4158
0.3932
0.5923
0.5657
0.4272
0.4142
0.607
0.6018
0.4297
0.3889
0.4173
0.4226
0.5817
0.426
0.4004
3.5451
0.4242
0.4213
0.3978
0.3947
0.3769
0.3879
0.4275
0.6342
6.8097
0.4449
0.3996
3.5602
0.4336
0.3901
0.4331
0.4023
0.4496
0.4168
0.4404
0.4023
0.4358
0.4302
0.4203
0.4264
0.3944
0.4253
0.4101
0.4236
0.3849
0.4239
0.3851
0.426
5.0255
0.4273
0.4362
0.419
0.4282
0.4254
0.4062
0.434
0.3973
0.4396
0.386
0.4735
0.4004
0.5345
0.4843
0.4483
0.395
0.4278
0.385
0.4064
0.4803
0.3988
0.4825
0.4985
0.4335
0.4279
0.3879
0.4204
0.439
0.4121
0.3902
0.4228
0.4318
4.5
0.455
0.3921
0.5376
0.4112
0.3988
0.3929
0.423
0.4813
0.3906
0.4174
0.3729
0.3906
0.4249
0.4221
0.41
0.4253
0.4216
0.4316
0.3956
0.3955
0.4047
0.4153
0.3831
0.428
0.4154
0.3838
0.4306
0.4211
0.3984
0.3961
0.4175
0.3942
0.4149
0.3867
0.4219
0.4193
0.4038
0.4346
0.4356
0.387
0.4264
0.4062
0.3937
0.4491
0.4105
0.4295
0.4403
0.4167
0.437
0.4253
0.4451
0.441
0.4252
0.4006
0.4213
0.4238
0.4097
0.404
0.3867
0.4403
0.4015
0.3879
0.4011
0.4317
0.4303
0.3929
0.4231
0.4058
0.3969
0.4086
0.4005
0.3983
0.3879
0.4364
0.389
0.3979
0.3879
0.4228
0.4423
0.372
0.4445
0.4085
0.4016
0.41
0.3866
0.4084
0.4775
0.3907
0.4031
0.41
0.4206
0.4351
0.3911
0.5029
0.4043
0.4362
0.4409
0.4379
0.3727
0.4248
0.4234
0.3904
0.376
0.405
0.3913
0.4084
0.3838
0.4094
0.5127
0.3903
0.424
0.3969
0.42
0.3845
0.4092
0.3743
0.3748
0.4037
0.3847
0.376
0.4034
0.3737
0.4293
0.3717
0.4197
0.408
0.4481
0.4047
0.429
0.4053
0.3773
0.3922
0.3966
0.4176
0.3898
0.3865
0.3934
0.429
0.4001
0.4048
0.4736
0.4254
0.4261
0.4727
0.4156
0.4054
0.4052
0.4317
0.4334
0.3976
0.439
0.407
0.462
0.4101
0.4361
0.4687
0.3859
0.3955
0.3973
0.4119
0.45
0.4149
0.4195
0.4438
0.4071
0.4196
0.4361
0.3981
0.4565
0.4391
0.4264
0.4486
0.423
0.4566
0.4469
0.4356
0.4472
0.4144
0.4386
0.4152
0.4337
0.4244
0.4408
0.4244
0.399
0.4309
0.4072
0.3953
0.3814
0.4455
0.3903
0.3772
0.378
0.3653
0.4019
0.3735
0.4328
0.3575
0.3791
0.4851
0.4389
0.427
0.408
0.4154
0.4698
0.3917
0.4266
0.4636
0.4028
0.4217
0.3797
0.5114
0.3817
0.4067
0.381
0.406
0.4153
0.4544
0.4521
0.4083
0.4194
0.4786
0.499
0.4601
0.4441
0.4296
0.4188
0.4049
0.4501
0.4629
0.3834
0.4727
0.4429
0.3847
0.3907
0.3933
0.446
0.4422
0.4423
0.3728
0.3811
0.3958
0.4405
0.4306
0.3852
0.4329
0.415
0.381
0.4592
0.3939
0.4413
0.3956
0.3962
0.3871
0.3757
0.3779
0.5189
0.4031
0.3755
0.3984
0.4183
0.3997
0.4022
0.3891
0.3883
0.4146
0.4169
0.461
0.3826
0.4546
0.4028
0.4253
0.3767
0.4697
0.4091
0.3922
0.4131
0.4258
0.4363
0.4451
0.4447
0.4103
0.4419
0.4583
0.4701
0.4121
0.4275
0.4334
0.4355
0.4828
0.4328
0.425
0.4158
0.4263
0.3863
0.4512
0.3927
0.4773
0.4229
0.4873
0.3826
0.4826
0.3839
0.4427
0.4436
0.4156
0.4356
0.3926
0.4277
0.4403
0.4461
0.4191
0.4247
0.4368
0.4476
0.4677
0.436
0.4217
0.3774
0.3831
0.3713
0.3779
0.3764
0.3811
0.3881
0.4366
0.3817
0.4102
0.4006
0.4046
0.4106
0.407
0.4126
0.4066
0.4159
0.4146
0.4283
0.4152
0.4449
0.3858
0.382
0.5055
0.4187
0.5988
0.4037
0.3798
0.41
0.3948
0.4224
0.3877
0.4252
0.4009
0.4319
0.4354
0.4078
0.4188
0.4186
0.3918
0.4353
0.4084
0.4167
0.3887
0.3685
0.4766
0.4337
0.4126
0.3941
0.4383
0.3934
0.4404
0.3916
0.4178
0.3893
0.42
0.425
0.3889
0.4105
0.3922
0.4216
0.3828
0.4224
0.4048
0.4479
0.4237
0.4107
0.4093
0.4106
0.3813
0.4147
0.3795
0.4094
0.4026
0.3774
0.3975
0.4005
0.3608
0.4109
0.4258
0.3876
0.4076
0.378
0.4219
0.4151
0.4219
0.4311
0.4239
0.4217
0.4084
0.4096
0.3934
0.4264
0.4215
0.3965
0.4135
0.3911
0.4075
0.3678
0.3942
0.4173
0.3911
0.4164
0.4514
0.4021
0.4389
0.4205
0.4549
0.4085
0.4453
0.4201
0.4703
0.4301
0.4374
0.4915
0.6363
0.4014
0.5176

---------------------------------------
CodechalDecodeHevcG12::DecodeStateLevel
---------------------------------------
0.46
0.2583
0.2772
0.186
0.257
0.1805
0.2749
0.2011
0.2778
0.19
0.303
0.1896
0.2339
0.1902
0.2017
0.1804
1.0799
0.2986
0.5479
0.1978
0.6522
0.2168
0.74
0.2388
0.6367
0.2407
0.6876
0.2019
0.6194
0.3528
0.7079
0.1889
0.2422
4.6069
0.236
4.3565
0.3591
4.6433
0.2378
0.2015
0.2194
0.1571
0.2056
0.1696
0.2511
1.9886
0.2249
0.1813
0.1429
0.1184
0.1422
0.1259
0.2022
0.1273
0.1608
0.1364
0.175
0.1225
0.1636
0.1248
0.1633
0.1303
0.1665
0.7387
0.1804
0.1317
0.1684
0.1228
0.218
0.1292
0.1713
0.1282
0.164
0.3356
0.1536
0.1197
0.1733
0.129
0.1599
0.1225
0.1618
0.1252
0.1425
0.1147
0.146
0.1263
0.1437
0.1185
0.1754
0.1254
0.1705
0.1261
0.157
0.1205
0.1732
0.1278
0.164
0.1234
0.169
0.1365
0.1498
0.121
0.1676
0.126
0.156
0.1223
0.1825
0.1368
0.158
0.1246
0.1716
0.1287
0.1536
0.1249
0.1718
0.1291
0.1615
0.1201
0.1591
0.1345
0.1475
0.1192
0.1536
0.129
0.1738
0.1283
0.1592
0.1257
0.1768
0.119
0.1569
0.1243
0.1423
0.119
0.1463
0.1214
0.1784
0.1292
0.2117
0.1306
0.192
0.1355
0.1497
0.1247
0.2092
0.1868
0.1939
0.1293
0.1508
0.1256
0.2122
0.1249
0.1689
0.1271
0.1507
0.1208
0.1528
0.1231
0.1445
0.12
0.1414
0.1255
0.2214
0.1789
0.1564
0.1331
0.1502
0.127
0.2305
0.1942
0.2171
0.1774
0.1661
0.1327
0.1494
0.1429
0.2396
0.196
0.2239
0.2002
0.1665
0.1312
0.1474
0.1189
0.1626
0.1282
0.1704
0.1256
0.2139
0.1835
0.1775
0.1235
0.1476
0.1221
0.1865
3.0011
0.159
0.128
0.1631
0.1238
0.1494
0.1246
0.1586
0.122
0.1495
0.1191
0.1476
0.1239
0.1671
0.1269
0.1828
0.1355
0.1904
3.0016
0.164
0.1391
0.1437
0.1171
0.1978
2.9244
0.1589
0.1334
0.155
0.1202
0.1666
0.1267
0.152
0.1297
0.1797
0.1352
0.1608
0.1251
0.1778
0.1265
0.1503
0.1211
0.1729
0.1257
0.1581
0.1382
0.1607
0.1221
0.1699
0.1245
0.1475
0.1273
0.167
0.1243
0.1527
0.1371
0.1618
0.1338
0.149
0.1197
0.1676
0.1264
0.1519
0.119
0.164
0.1239
0.1723
4.4909
0.1599
0.1274
0.1657
0.1343
0.156
0.1234
0.1747
0.126
0.1651
0.1262
0.1477
0.1351
0.1699
0.1338
0.1548
0.1203
0.1816
0.1255
0.1456
0.1201
0.1869
0.1303
0.1527
0.1226
0.2187
0.1321
0.1999
0.1296
0.1836
0.1266
0.1508
0.1276
0.1752
0.1246
0.1531
0.1195
0.1537
0.1288
0.1927
0.1263
0.1498
0.1242
0.181
0.1581
0.1988
0.1376
0.1757
0.1259
0.1643
0.137
0.1484
0.1205
0.1599
0.1298
0.1793
0.1304
0.1609
0.1252
0.1549
0.1182
0.1668
0.1272
0.1637
0.1344
0.1659
4.0339
0.1843
0.1235
0.1522
0.121
0.2281
0.1323
0.1657
0.1226
0.1586
0.1185
0.1521
0.1208
0.158
0.1305
0.1999
0.1281
0.1481
0.1176
0.1598
0.1334
0.1418
0.1158
0.1488
0.1245
0.1607
0.1373
0.1619
0.1303
0.1572
0.1217
0.1657
0.1351
0.1617
0.1271
0.1671
0.1249
0.1473
0.1303
0.1523
0.1212
0.1499
0.1315
0.1581
0.1322
0.1453
0.1198
0.1587
0.1379
0.1606
0.1296
0.1458
0.1186
0.1577
0.1396
0.1611
0.1338
0.1533
0.1222
0.1474
0.1304
0.1623
0.1312
0.1475
0.1282
0.1547
0.1318
0.1473
0.1173
0.1671
0.1276
0.1637
0.1245
0.1531
0.1292
0.1704
0.1244
0.1729
0.1278
0.1473
0.1187
0.1608
0.1325
0.1516
0.1281
0.1472
0.1261
0.164
0.1389
0.152
0.1275
0.1632
0.1356
0.1666
0.138
0.1569
0.1206
0.1689
0.1354
0.159
0.133
0.1683
0.1385
0.1689
0.1365
0.1644
0.1309
0.1511
0.1251
0.1629
0.1262
0.159
0.1261
0.1522
0.1324
0.1501
0.1294
0.145
0.1247
0.1667
0.1392
0.153
0.1248
0.1488
0.1163
0.1538
0.1265
0.1648
0.1269
0.1664
0.1265
0.149
0.1199
0.1586
0.1219
0.1604
0.1204
0.1521
0.1212
0.1568
0.1292
0.149
0.1248
0.1521
0.1261
0.1488
0.1189
0.1656
0.1457
0.147
0.1169
0.1561
0.1273
0.1445
0.126
0.1614
0.1366
0.1648
0.139
0.1409
0.1163
0.1752
0.1244
0.1547
0.1257
0.1494
0.1384
0.1565
0.132
0.1465
0.1251
0.1651
0.1228
0.1911
0.1257
0.1548
0.1198
0.1559
0.123
0.1596
0.122
0.157
0.1197
0.1642
0.1333
0.1488
0.1209
0.1905
0.1446
0.1538
0.1217
0.1714
0.1314
0.1725
0.1306
0.1695
0.1285
0.1444
0.1121
0.1624
0.126
0.1667
0.1243
0.1544
0.1201
0.1442
0.12
0.1595
0.1244
0.152
0.1184
0.16
0.1314
0.1563
0.1186
0.1569
0.1306
0.211
0.1325
0.1549
0.1198
0.1702
0.1241
0.1501
0.1187
0.1634
0.1233
0.1511
0.1186
0.1645
0.1235
0.1441
0.1193
0.1451
0.1172
0.1577
0.1239
0.1491
0.1264
0.1455
0.1188
0.1587
0.1245
0.1447
0.1187
0.1657
0.1235
0.1391
0.1188
0.1621
0.1228
0.1612
0.122
0.1658
0.1396
0.1521
0.1335
0.1579
0.1277
0.1516
0.1252
0.1445
0.1164
0.1541
0.115
0.149
0.1265
0.1626
0.126
0.1491
0.1183
0.1445
0.1193
0.1564
0.1175
0.172
0.1223
0.1502
0.1224
0.1574
0.1242
0.1839
0.1268
0.1632
0.1351
0.1606
0.1366
0.187
0.1316
0.1581
0.1288
0.1568
0.1299
0.1532
0.1287
0.1659
0.1319
0.1731
0.1247
0.1482
0.1214
0.1667
0.128
0.1573
0.1209
0.1736
0.128
0.1562
0.1269
0.1701
0.1385
0.1804
0.1362
0.1486
0.1209
0.1547
0.1203
0.1554
0.1211
0.1604
0.125
0.1754
0.1239
0.1607
0.1214
0.1583
0.1356
0.1709
0.1317
0.1597
0.1157
0.1639
0.1252
0.1801
0.121
0.1503
0.1226
0.1782
0.1299
0.167
0.1307
0.1662
0.1245
0.1742
0.1336
0.1664
0.1249
0.1736
0.1282
0.1772
0.135
0.166
0.1374
0.1689
0.1417
0.158
0.1246
0.1674
0.1435
0.1582
0.123
0.1595
0.1476
0.162
0.1283
0.163
0.1351
0.1621
0.1259
0.1506
0.1258
0.1633
0.1261
0.1557
0.1234
0.1519
0.1186
0.1478
0.1188
0.1695
0.1334
0.1484
0.1207
0.1409
0.1263
0.1449
0.1215
0.1416
0.1168
0.1529
0.1251
0.1452
0.1181
0.1586
0.1485
0.1405
0.1114
0.1483
0.1182
0.1984
0.1291
0.1813
0.1212
0.1635
0.1238
0.1555
0.1262
0.1615
0.1191
0.183
0.1333
0.1519
0.1196
0.1642
0.1326
0.1884
0.1278
0.1547
0.1226
0.1639
0.1252
0.1453
0.1193
0.206
0.1401
0.1498
0.1168
0.1525
0.125
0.1443
0.1245
0.1614
0.1203
0.1603
0.1249
0.1751
0.1274
0.1746
0.1328
0.1558
0.1254
0.1617
0.1356
0.1842
0.1402
0.1963
0.1345
0.1763
0.1275
0.1654
0.137
0.1622
0.124
0.1661
0.1259
0.1557
0.123
0.1624
0.1437
0.1777
0.1322
0.1503
0.1147
0.1873
0.1312
0.1804
0.126
0.147
0.1181
0.1529
0.1197
0.1464
0.1229
0.1619
0.1413
0.1651
0.1255
0.1671
0.1251
0.1402
0.1154
0.1452
0.1179
0.151
0.1216
0.166
0.1264
0.1642
0.1318
0.1466
0.1196
0.164
0.1248
0.1564
0.1303
0.1437
0.1253
0.1779
0.1314
0.1521
0.1202
0.1694
0.1264
0.1493
0.1189
0.1487
0.1189
0.1509
0.1233
0.1454
0.1184
0.1428
0.1233
0.2057
0.1339
0.1537
0.1212
0.1462
0.1176
0.1503
0.1236
0.1657
0.1247
0.1491
0.1222
0.154
0.1192
0.1521
0.1115
0.149
0.1197
0.1622
0.1267
0.1602
0.1247
0.1731
0.126
0.1489
0.1182
0.1698
0.1338
0.1564
0.1224
0.1641
0.1237
0.1454
0.1187
0.1897
0.1277
0.1597
0.1212
0.1518
0.1191
0.1618
0.1223
0.1616
0.1229
0.166
0.13
0.1693
0.1307
0.171
0.1256
0.1585
0.1232
0.1616
0.1341
0.1776
0.1277
0.1674
0.1482
0.1597
0.1233
0.162
0.1391
0.1653
0.1218
0.1639
0.1312
0.1818
0.1411
0.1652
0.1273
0.1588
0.1278
0.1651
0.1224
0.1567
0.1265
0.1429
0.1264
0.1713
0.1284
0.15
0.1139
0.1984
0.1258
0.1629
0.1255
0.187
0.1317
0.1462
0.1186
0.1868
0.1307
0.1453
0.1209
0.1641
0.1371
0.1728
0.1332
0.1574
0.1233
0.1868
0.1245
0.1508
0.1187
0.1767
0.1232
0.1676
0.1304
0.1661
0.1306
0.1626
0.1229
0.1629
0.1324
0.1646
0.13
0.1708
0.1327
0.1762
0.1356
0.1661
0.1267
0.1595
0.128
0.1401
0.1137
0.143
0.1259
0.1432
0.1207
0.1449
0.1202
0.1491
0.1179
0.1449
0.1252
0.153
0.1197
0.192
0.1245
0.1485
0.1188
0.1601
0.1253
0.1534
0.1214
0.1576
0.116
0.1562
0.131
0.1583
0.1235
0.1652
0.1232
0.1624
0.1243
0.1583
0.1259
0.1656
0.1226
0.1614
0.1443
0.1611
0.1264
0.1754
0.129
0.1472
0.1267
0.1483
0.1199
0.2101
0.1581
0.1653
0.1356
0.2335
0.1924
0.1482
0.1356
0.1391
0.1211
0.1585
0.1249
0.1511
0.1183
0.1714
0.1271
0.1518
0.1196
0.1674
0.1273
0.1642
0.1216
0.1747
0.128
0.1758
0.1264
0.1586
0.1272
0.1651
0.1242
0.1633
0.1271
0.1505
0.1227
0.1771
0.1283
0.1609
0.1208
0.1621
0.1285
0.148
0.119
0.1428
0.1133
0.2188
0.1302
0.1825
0.1245
0.1595
0.1268
0.147
0.1275
0.1719
0.1328
0.1567
0.1182
0.1792
0.1252
0.1559
0.1208
0.1653
0.1252
0.1489
0.1275
0.1687
0.1258
0.1718
0.1277
0.1501
0.1265
0.1632
0.1232
0.1541
0.1217
0.1717
0.1266
0.1476
0.1209
0.1704
0.1251
0.1554
0.1248
0.2018
0.1234
0.1727
0.1245
0.1628
0.1238
0.1574
0.1234
0.1592
0.126
0.1472
0.1217
0.164
0.1256
0.1466
0.1207
0.1562
0.1298
0.1586
0.1237
0.1506
0.1152
0.1578
0.1231
0.1545
0.1241
0.1412
0.1111
0.1563
0.136
0.1665
0.1257
0.1536
0.1173
0.1584
0.1311
0.1479
0.1181
0.167
0.1268
0.1642
0.1261
0.1669
0.1248
0.1644
0.1311
0.1738
0.1239
0.1708
0.1258
0.1631
0.1245
0.1606
0.1252
0.1526
0.1265
0.1697
0.1286
0.1694
0.128
0.1595
0.1224
0.1615
0.1282
0.1475
0.1329
0.1597
0.1247
0.1405
0.1162
0.1471
0.1304
0.1604
0.1313
0.1464
0.1307
0.1655
0.1261
0.1628
0.1616
0.1575
0.1249
0.1763
0.1249
0.1571
0.1388
0.1821
0.1246
0.1588
0.1195
0.163
0.1338
0.1669
0.124
0.1862
0.1347
0.1667
0.1317
0.1716
0.1282
0.1963
0.1271
0.2444
0.1917
0.1552
0.1222
0.2182
0.1334

-------------------------------------
CodechalDecodeHevcG12::SetFrameStates
-------------------------------------
0.7657
0.116
0.1384
0.1956
0.1338
0.1735
0.1584
0.107
0.04
0.0358
0.0452
0.033
0.0405
0.0486
0.0583
0.0346
0.3148
0.1503
0.1443
0.0409
0.0382
0.0365
0.2412
0.0363
0.0319
0.0305
0.0408
0.0392
0.036
0.0329
0.0357
0.1503
0.0417
0.0334
0.0472
0.038
0.0349
0.0327
0.035
0.0313
0.0369
0.0321
0.0325
0.0337
0.0342
0.0371
0.0333
0.0359
0.0336
0.0362
0.0333
0.035
0.0312
0.0348
0.0316
0.0351
0.0317
0.0367
0.0321
0.0345
0.0305
0.0315
0.0353
0.0342
0.0266
0.0335
0.0316
0.0342
0.0454
0.0465
0.0447
0.0357
0.0439
0.0419
0.0325
0.035
0.039
0.0343
0.031
0.0321
0.0307
0.0454
0.0347
0.0318
0.0443
0.0486
0.035
0.0312
0.047
0.0458
0.0343
0.0328
0.0341
0.0346
0.0498
0.0372
0.0317
0.2338
0.0383
0.043
0.0348
0.0341
0.0315
0.0324
0.0385
0.1939
3.4942
0.0407
0.0322
0.3139
0.0395
0.0331
0.0388
0.0335
0.0365
0.0332
0.0357
0.032
0.0374
0.0345
0.0341
0.0356
0.0322
0.0348
0.0327
0.0341
0.0321
0.0337
0.0307
0.0345
0.2316
0.0381
0.0363
0.0399
0.0338
0.0359
0.032
0.0351
0.032
0.0342
0.0308
0.0427
0.0354
0.0457
0.0421
0.0397
0.033
0.0355
0.0308
0.0318
0.0405
0.0347
0.0368
0.0422
0.0374
0.0353
0.0357
0.0366
0.0356
0.0351
0.0319
0.0383
0.0355
0.1901
0.0362
0.0322
0.0492
0.0386
0.0315
0.0334
0.0334
0.039
0.0342
0.0335
0.0309
0.0317
0.0345
0.0349
0.034
0.033
0.0339
0.0353
0.0307
0.0357
0.0318
0.0334
0.0316
0.0335
0.033
0.0311
0.0329
0.0329
0.0319
0.0315
0.0326
0.0316
0.0272
0.0337
0.0332
0.0362
0.0345
0.0356
0.0335
0.0355
0.0346
0.0316
0.0341
0.0411
0.0385
0.036
0.0343
0.0367
0.0338
0.0381
0.0382
0.0353
0.036
0.0354
0.0342
0.0406
0.0343
0.0328
0.031
0.037
0.0334
0.0309
0.0312
0.0462
0.0397
0.0273
0.0383
0.0357
0.0332
0.0421
0.033
0.0331
0.0336
0.0342
0.0316
0.0326
0.031
0.0353
0.0348
0.0332
0.04
0.0354
0.0312
0.0337
0.0309
0.0354
0.0405
0.0322
0.0321
0.0368
0.0465
0.0408
0.0371
0.0437
0.038
0.0366
0.0342
0.0404
0.0239
0.0357
0.0362
0.033
0.03
0.0342
0.0323
0.0333
0.0296
0.0347
0.0438
0.033
0.035
0.0414
0.0361
0.0314
0.034
0.0309
0.0313
0.0348
0.0302
0.031
0.0333
0.0308
0.0344
0.0334
0.0378
0.0371
0.0358
0.0336
0.0403
0.0391
0.0349
0.0274
0.0352
0.0343
0.0347
0.0314
0.0331
0.0365
0.0334
0.0356
0.0425
0.0374
0.0324
0.0419
0.0353
0.0338
0.0308
0.0349
0.0374
0.0401
0.0432
0.0358
0.0445
0.0337
0.0355
0.0409
0.033
0.0339
0.0339
0.0375
0.0376
0.0378
0.034
0.0376
0.0293
0.0356
0.0426
0.0346
0.0394
0.0396
0.0353
0.0413
0.039
0.0405
0.0378
0.0364
0.0361
0.0332
0.0346
0.0334
0.0366
0.0347
0.0388
0.0404
0.0332
0.0372
0.0379
0.0362
0.0339
0.0383
0.0321
0.0303
0.0313
0.03
0.0326
0.0315
0.0344
0.0226
0.0314
0.0414
0.0397
0.0378
0.0351
0.0371
0.041
0.0349
0.0364
0.0415
0.0347
0.0403
0.0313
0.0453
0.0332
0.0337
0.03
0.0326
0.0329
0.0407
0.0381
0.0336
0.0343
0.0425
0.0546
0.0425
0.0367
0.034
0.0344
0.0333
0.034
0.04
0.0262
0.042
0.038
0.0335
0.0346
0.0333
0.0353
0.0446
0.0414
0.0316
0.036
0.0329
0.0391
0.036
0.032
0.0378
0.034
0.031
0.04
0.0347
0.039
0.0365
0.0399
0.0315
0.0337
0.0324
0.0505
0.0347
0.0306
0.0347
0.0335
0.0403
0.0364
0.0272
0.0336
0.0332
0.0361
0.0496
0.033
0.041
0.0356
0.0394
0.0311
0.0401
0.0337
0.0336
0.0361
0.0379
0.0386
0.0414
0.0379
0.0347
0.0358
0.0403
0.0361
0.0343
0.0351
0.0383
0.0357
0.0405
0.0375
0.0398
0.0346
0.0431
0.033
0.0402
0.0276
0.043
0.0355
0.0452
0.0323
0.0436
0.0331
0.0381
0.0371
0.0343
0.0337
0.031
0.0351
0.0384
0.0399
0.0347
0.0349
0.0382
0.0378
0.0405
0.0365
0.0417
0.0365
0.0313
0.0308
0.0312
0.0306
0.0314
0.0309
0.0324
0.0318
0.0334
0.031
0.026
0.0329
0.0342
0.0353
0.0329
0.0331
0.0341
0.0335
0.0352
0.0386
0.031
0.0313
0.0355
0.0309
0.0492
0.0314
0.0295
0.0365
0.0344
0.0334
0.0323
0.0351
0.0322
0.0354
0.0355
0.0347
0.0348
0.0352
0.0311
0.0355
0.0325
0.0336
0.0328
0.0238
0.0341
0.0348
0.0356
0.0315
0.0352
0.031
0.0355
0.032
0.0347
0.0313
0.0349
0.0342
0.0305
0.0347
0.0321
0.0333
0.0314
0.0337
0.0338
0.0332
0.033
0.0332
0.0343
0.034
0.0307
0.0339
0.032
0.032
0.0335
0.0301
0.0327
0.0331
0.0235
0.0325
0.0424
0.0327
0.032
0.0312
0.0343
0.0338
0.0344
0.0361
0.0348
0.0337
0.0333
0.0347
0.0313
0.0342
0.0342
0.0309
0.0344
0.0306
0.0343
0.0307
0.0337
0.035
0.0312
0.0359
0.0353
0.0316
0.0347
0.0312
0.0411
0.0391
0.037
0.0272
0.0418
0.0354
0.0397
0.0421
0.0579
0.0351
0.0437

--------------------------
CreateVideoDecoder_D3D11_1
--------------------------
23.202

---------------------------
DestroyVideoDecoder_D3D11_1
---------------------------
0

----------------
First Frame Time
----------------
62.6952

--------------------------------------
VideoDecoderBeginFrame_WDDM2_4_D3D11_1
--------------------------------------
0.0065
0.0026
0.0024
0.0025
0.005
0.0035
0.0047
0.0022
0.0029
0.0022
0.0024
0.0018
0.0027
0.0041
0.0048
0.0021
0.0032
0.0035
0.0028
0.0038
0.0029
0.0023
0.0028
0.0026
0.0023
0.0017
0.0029
0.0025
0.0034
0.0019
0.0021
0.0019
0.0027
0.0024
0.0036
0.004
0.0021
0.0019
0.0023
0.0019
0.0028
0.0021
0.0028
0.002
0.0023
0.002
0.0019
0.0021
0.0019
0.0021
0.0019
0.002
0.0017
0.0021
0.0016
0.0021
0.0018
0.0021
0.0019
0.0019
0.0019
0.0018
0.0023
0.0028
0.0033
0.0019
0.002
0.0018
0.0031
0.0037
0.0034
0.0024
0.0028
0.0032
0.0021
0.0018
0.003
0.0022
0.0018
0.0017
0.0017
0.0027
0.002
0.0017
0.0028
0.0025
0.0022
0.0018
0.0025
0.0028
0.0021
0.002
0.0021
0.002
0.0043
0.0026
0.002
0.0019
0.0023
0.0022
0.002
0.002
0.0019
0.0017
0.0027
0.003
0.0037
0.0028
0.0022
0.0038
0.0029
0.0025
0.0025
0.002
0.0021
0.0019
0.0019
0.0019
0.0022
0.0019
0.0024
0.0023
0.0018
0.0025
0.0018
0.0019
0.0021
0.0018
0.0018
0.0023
0.0022
0.0028
0.0027
0.0026
0.002
0.002
0.0019
0.0021
0.0022
0.002
0.0021
0.0075
0.0022
0.0033
0.003
0.0027
0.0022
0.0045
0.0018
0.0019
0.0029
0.0021
0.0023
0.0034
0.0025
0.002
0.0022
0.0021
0.0021
0.0023
0.0022
0.0019
0.0023
0.0029
0.0032
0.0019
0.0038
0.0024
0.0026
0.0016
0.002
0.0027
0.0022
0.0019
0.0022
0.0019
0.0018
0.002
0.0021
0.0019
0.0017
0.002
0.0019
0.002
0.0019
0.0019
0.0019
0.0019
0.0019
0.0022
0.0021
0.0023
0.0018
0.002
0.0017
0.005
0.0025
0.0022
0.0021
0.0032
0.0019
0.0019
0.0021
0.0018
0.0018
0.0017
0.0018
0.0027
0.0023
0.0021
0.0021
0.0072
0.0021
0.002
0.0022
0.0021
0.0022
0.0024
0.0019
0.0028
0.0022
0.0022
0.002
0.0022
0.0018
0.002
0.0018
0.002
0.0029
0.0022
0.0028
0.0022
0.0022
0.002
0.0019
0.0018
0.0026
0.0018
0.0018
0.0017
0.0018
0.0017
0.0025
0.0018
0.0028
0.0024
0.0018
0.0019
0.0021
0.0019
0.0035
0.0021
0.002
0.0018
0.0023
0.0019
0.0018
0.0034
0.0023
0.0021
0.002
0.0036
0.0022
0.0019
0.0029
0.0019
0.0019
0.0018
0.0018
0.0018
0.0018
0.0017
0.0037
0.0022
0.0023
0.0023
0.0025
0.0036
0.0021
0.0018
0.002
0.0021
0.0018
0.0024
0.002
0.0016
0.0019
0.0019
0.0027
0.0022
0.0027
0.0018
0.0028
0.0018
0.0025
0.0028
0.002
0.0021
0.0028
0.0019
0.0023
0.0026
0.0022
0.0022
0.0034
0.0023
0.004
0.0031
0.0023
0.0021
0.0016
0.0019
0.003
0.002
0.0026
0.0025
0.005
0.0021
0.0021
0.0032
0.0025
0.0026
0.0023
0.0021
0.0028
0.0023
0.0025
0.0023
0.0029
0.0021
0.0024
0.0019
0.0029
0.0024
0.0025
0.0019
0.003
0.0029
0.0025
0.0021
0.0019
0.0022
0.0019
0.0019
0.0017
0.0019
0.0028
0.002
0.0019
0.0027
0.0021
0.002
0.0026
0.0027
0.002
0.0019
0.0019
0.0018
0.0018
0.0019
0.0021
0.0018
0.0021
0.0033
0.0025
0.0028
0.0022
0.0023
0.0037
0.0023
0.0018
0.003
0.0022
0.0022
0.0019
0.0032
0.002
0.0028
0.002
0.0023
0.002
0.0029
0.0023
0.0021
0.0021
0.0028
0.0032
0.0032
0.0021
0.0022
0.0021
0.002
0.0017
0.0031
0.0025
0.0031
0.0026
0.002
0.0019
0.0018
0.0019
0.0033
0.0021
0.0023
0.0017
0.002
0.0032
0.0021
0.0022
0.0029
0.0021
0.0019
0.0027
0.0023
0.0029
0.0023
0.002
0.0019
0.0017
0.0022
0.0031
0.0022
0.0023
0.0018
0.0019
0.0018
0.0025
0.0028
0.0021
0.0021
0.0019
0.0029
0.0019
0.0031
0.0023
0.0025
0.0021
0.0028
0.0023
0.0023
0.0019
0.0027
0.0019
0.0031
0.0022
0.0022
0.0018
0.0029
0.0022
0.0022
0.002
0.0027
0.002
0.0028
0.0022
0.0034
0.0021
0.0032
0.0024
0.0028
0.0027
0.0032
0.0021
0.0031
0.0024
0.003
0.0024
0.0027
0.0024
0.0022
0.002
0.0018
0.0018
0.0027
0.0045
0.0023
0.0018
0.0028
0.0022
0.0029
0.0023
0.0023
0.0021
0.0018
0.0017
0.0017
0.0018
0.0017
0.0018
0.0019
0.0019
0.0017
0.0017
0.0022
0.0023
0.0044
0.0022
0.0022
0.0021
0.0022
0.002
0.0021
0.0021
0.0019
0.0021
0.002
0.0018
0.0025
0.0037
0.0016
0.002
0.0023
0.002
0.0021
0.0019
0.0016
0.0022
0.0021
0.0021
0.0019
0.0019
0.0017
0.0024
0.002
0.002
0.0023
0.0022
0.0022
0.002
0.002
0.0018
0.0022
0.002
0.0019
0.0017
0.002
0.0018
0.0019
0.0022
0.0018
0.0019
0.0022
0.002
0.0022
0.0021
0.002
0.0019
0.0018
0.0019
0.002
0.0018
0.0021
0.002
0.0019
0.0017
0.0019
0.0019
0.0021
0.0025
0.0022
0.0018
0.0019
0.0021
0.0019
0.0022
0.0021
0.0021
0.0021
0.0023
0.0022
0.0021
0.0019
0.002
0.0016
0.0019
0.0021
0.0018
0.0018
0.0018
0.0019
0.0019
0.0018
0.0025
0.0019
0.0019
0.0024
0.002
0.0023
0.0018
0.0033
0.0024
0.0028
0.0022
0.0034
0.0025
0.0024
0.0034
0.0041
0.0027
0.0032

----------------------------
VideoDecoderEndFrame_D3D11_1
----------------------------
0.0493
0.0551
0.0828
0.1043
0.1346
0.1368
0.1098
0.104
0.1435
0.0773
0.0714
0.0671
0.0657
0.0654
0.0684
0.0618
0.0637
0.0698
0.0732
0.0706
0.0621
0.0642
0.08
0.0593
0.056
0.0573
0.0593
0.0654
0.0592
0.0603
0.0608
0.0612
0.0533
0.0817
0.0639
0.0606
0.062
0.0645
0.0665
0.0597
0.063
0.0562
0.0586
0.3426
0.0349
0.0588
0.0601
0.0625
0.0602
0.0586
0.0623
0.0608
0.063
0.0617
0.0657
0.0586
0.0623
0.0616
0.0601
0.0614
0.0555
0.0801
0.0679
0.0605
0.062
0.0645
0.0559
0.0578
0.0664
0.068
0.0644
0.0586
0.0857
0.0632
0.0532
0.0592
0.0629
0.0576
0.0653
0.0601
0.0621
0.0764
0.0619
0.0611
0.0874
0.0815
0.0605
0.0595
0.0861
0.0837
0.058
0.0624
0.0609
0.0669
0.0825
0.0564
0.0586
0.0574
0.0634
0.0811
0.0623
0.0604
0.062
0.0621
0.0643
0.0586
0.0671
0.0543
0.0567
0.0599
0.0611
0.0567
0.0621
0.0695
0.0645
0.058
0.0626
0.0612
0.0619
0.0607
0.0603
0.0613
0.0564
0.0671
0.0655
0.0646
0.0559
0.0637
0.0634
0.0627
0.0657
0.0548
0.0956
0.0602
0.0595
0.0622
0.0569
0.0608
0.0609
0.0603
0.0594
0.0654
0.0599
0.06
0.0634
0.0613
0.0607
0.0587
0.0565
0.0618
0.0616
0.0604
0.0637
0.0649
0.0603
0.0618
0.0604
0.0607
0.0605
0.0605
0.0587
0.0609
0.0599
0.0574
0.0529
0.0864
0.065
0.057
0.0578
0.0566
0.0607
0.0622
0.0654
0.0614
0.0573
0.0617
0.0627
0.0593
0.0698
0.061
0.0614
0.0653
0.0588
0.0575
0.0639
0.0659
0.0578
0.0626
0.0603
0.06
0.0604
0.0591
0.0605
0.0577
0.0601
0.0594
0.06
0.0564
0.0614
0.0593
0.0578
0.0624
0.0543
0.0612
0.0603
0.0598
0.0572
0.0595
0.0595
0.0597
0.0633
0.0606
0.062
0.0608
0.0611
0.0568
0.0666
0.0544
0.0809
0.0593
0.0552
0.06
0.054
0.0566
0.0532
0.0572
0.0532
0.0743
0.0563
0.0617
0.0588
0.0658
0.0685
0.0564
0.0542
0.0537
0.0573
0.0564
0.0555
0.0587
0.0581
0.0542
0.0658
0.0546
0.0651
0.0555
0.0597
0.0569
0.0591
0.0542
0.0598
0.0526
0.0546
0.0737
0.0605
0.0557
0.0536
0.0586
0.0566
0.0565
0.087
0.0547
0.053
0.054
0.0767
0.0552
0.059
0.0587
0.0536
0.059
0.0606
0.0522
0.0736
0.0642
0.0602
0.0564
0.0677
0.0785
0.0565
0.0569
0.0556
0.0628
0.0526
0.0564
0.0567
0.0574
0.0534
0.0573
0.0597
0.0541
0.0695
0.0647
0.065
0.0583
0.062
0.0608
0.0552
0.055
0.0605
0.0687
0.0584
0.0581
0.0609
0.0651
0.0567
0.0624
0.0569
0.0613
0.0611
0.0542
0.0539
0.0645
0.0569
0.0545
0.0612
0.0542
0.0614
0.0552
0.0538
0.0671
0.0563
0.0606
0.0608
0.059
0.0615
0.0735
0.0547
0.0707
0.0595
0.0759
0.0581
0.0691
0.0576
0.0549
0.0548
0.0587
0.0605
0.076
0.0622
0.0546
0.0599
0.0666
0.0636
0.0542
0.0649
0.0598
0.0574
0.0718
0.0647
0.0571
0.0585
0.0543
0.0609
0.0592
0.0576
0.0573
0.0549
0.0578
0.0617
0.0549
0.0602
0.0557
0.0565
0.064
0.0595
0.0682
0.0586
0.0649
0.0644
0.0629
0.0603
0.0607
0.0614
0.0542
0.0566
0.0662
0.0537
0.0546
0.0536
0.0552
0.0556
0.066
0.0659
0.0601
0.0546
0.0652
0.0578
0.0609
0.0625
0.0563
0.0646
0.0641
0.0611
0.0621
0.055
0.0702
0.0559
0.0587
0.0525
0.0563
0.093
0.064
0.0723
0.0568
0.0524
0.0679
0.061
0.0633
0.058
0.0559
0.0566
0.0556
0.0602
0.0555
0.0577
0.0577
0.0593
0.0557
0.056
0.0603
0.0714
0.055
0.055
0.0591
0.0552
0.0543
0.0526
0.0589
0.0541
0.0571
0.0564
0.0602
0.0588
0.0573
0.0546
0.0573
0.0564
0.0646
0.0547
0.0619
0.0593
0.0614
0.0918
0.0569
0.0569
0.0681
0.0613
0.0643
0.0618
0.067
0.0568
0.0593
0.0668
0.0613
0.0918
0.0567
0.0906
0.0566
0.0587
0.062
0.0603
0.0627
0.0572
0.0702
0.059
0.0625
0.0624
0.0618
0.0627
0.0599
0.0588
0.0538
0.0545
0.0631
0.0764
0.0584
0.0557
0.0627
0.0741
0.0666
0.0589
0.0548
0.06
0.0555
0.0557
0.0586
0.0548
0.0577
0.0539
0.0578
0.0616
0.0579
0.0574
0.0587
0.0601
0.0673
0.0619
0.06
0.0639
0.066
0.058
0.0615
0.0612
0.0577
0.0646
0.0725
0.0731
0.0816
0.0581
0.0719
0.0612
0.0583
0.0609
0.0562
0.0594
0.0605
0.0606
0.0607
0.0596
0.0614
0.0628
0.0613
0.062
0.0606
0.0621
0.0588
0.0584
0.0613
0.06
0.0606
0.0574
0.0621
0.0576
0.0598
0.0612
0.0626
0.0631
0.0612
0.059
0.0578
0.0627
0.0591
0.0583
0.0617
0.0591
0.0579
0.0583
0.0628
0.0591
0.0603
0.0593
0.0556
0.0604
0.0561
0.0601
0.0627
0.0579
0.061
0.0599
0.0639
0.0597
0.0612
0.0597
0.0581
0.0603
0.0595
0.0594
0.059
0.0613
0.0649
0.0604
0.0637
0.0603
0.0593
0.0588
0.0613
0.0592
0.0607
0.0566
0.0625
0.0594
0.0583
0.0604
0.0578
0.0611
0.0621
0.0581
0.0624
0.0608
0.0589
0.0645
0.0644
0.0608
0.064
0.0623
0.062
0.0681
0.0827
0.0625
0.0654

---------------------------------
VideoDecoderSubmitBuffers_D3D11_1
---------------------------------
1.9265
0.7099
0.7087
0.7915
0.7724
0.8172
0.7547
0.6148
1.7196
0.9039
1.0475
1.1269
1.0633
1.0779
1.2327
1.1311
5.3293
4.8854
5.2975
0.6277
0.5479
0.7642
2.6379
0.5625
0.3851
0.3904
0.5039
0.4452
0.4431
0.4258
0.4362
1.1759
0.4713
0.4298
0.5486
0.4478
0.6579
0.4048
0.4442
0.4145
0.4547
0.391
0.4094
0.41
0.4531
0.4419
0.4087
0.4437
0.4265
0.447
0.4024
0.4364
0.4066
0.4618
0.414
0.4439
0.4083
0.4446
0.4193
0.4354
0.3921
0.4148
0.4561
0.4237
0.4329
0.4188
0.3927
0.4037
0.4962
0.5347
0.5129
0.4109
0.5753
0.4999
0.4073
0.4748
0.4555
0.4047
0.3984
0.3878
0.3878
0.5744
0.4301
0.4061
0.6112
0.591
0.4423
0.4272
0.6272
0.6221
0.4438
0.4051
0.4325
0.4378
0.6036
0.4436
0.4152
3.5631
0.4426
0.4396
0.4118
0.4089
0.3899
0.402
0.4463
0.6566
6.8336
0.468
0.425
3.5784
0.4547
0.4057
0.4537
0.4166
0.4677
0.4333
0.4577
0.4169
0.4542
0.4459
0.4359
0.4435
0.4074
0.4414
0.4244
0.4385
0.3985
0.4434
0.3976
0.4435
5.0471
0.4449
0.4541
0.4426
0.4425
0.4418
0.4204
0.4508
0.4116
0.4562
0.3995
0.5009
0.4153
0.5662
0.5075
0.4673
0.4087
0.4438
0.3987
0.4204
0.5023
0.4162
0.5021
0.5224
0.4513
0.4428
0.4011
0.4353
0.4542
0.4259
0.4045
0.4376
0.4497
4.5194
0.4741
0.408
0.5648
0.4282
0.4145
0.4067
0.4384
0.5024
0.4053
0.4314
0.3884
0.4043
0.4391
0.4368
0.425
0.4396
0.4371
0.4486
0.4082
0.4092
0.419
0.4293
0.3971
0.4437
0.4299
0.4011
0.4451
0.4353
0.4163
0.4092
0.4316
0.4091
0.435
0.4025
0.4368
0.4344
0.4181
0.4487
0.4517
0.4005
0.836
0.7776
0.8636
0.7719
0.7847
0.8648
0.8499
0.7186
0.88
0.7889
0.8197
0.8077
0.826
0.7234
0.8868
0.7602
0.8194
0.8334
0.8407
0.8429
0.8457
0.4033
0.4152
0.5157
0.4493
0.4123
0.4422
0.4218
0.664
0.9064
0.8046
0.8467
0.7882
0.9128
0.7372
0.9118
0.8089
0.8831
0.8248
0.7557
0.7835
0.8332
0.8305
0.8486
0.7928
0.8666
0.5003
0.4043
0.4162
0.5594
0.7689
0.852
0.7744
0.8394
0.7362
0.8354
0.9003
0.5345
0.3898
0.7607
0.4431
0.4045
0.3886
0.6674
0.7233
0.9277
0.7901
0.8839
0.5386
0.405
0.4404
0.4143
0.4393
0.3979
0.4293
0.3868
0.3878
0.42
0.3972
0.3894
0.4196
0.3863
0.4501
0.3845
0.4387
0.4237
0.4652
0.6615
0.6977
0.8474
0.5902
0.412
0.4106
0.4326
0.4052
0.5792
0.4099
0.4501
0.4137
0.6436
0.4975
0.4418
0.5804
0.4981
0.431
0.4192
0.6279
0.9259
0.4531
0.4188
0.4635
0.4237
0.4838
0.4242
0.4787
0.4914
0.3996
0.4125
0.4127
0.4319
0.4709
0.4308
0.4432
0.4634
0.4288
0.4341
0.4545
0.4119
0.478
0.4578
0.4442
0.7542
0.7906
0.7024
0.8028
0.7757
0.8592
0.7772
0.8734
0.7654
0.9049
0.8471
0.4615
0.4439
0.7855
0.4499
0.4641
0.415
0.3996
0.4664
0.4062
0.3901
0.3915
0.3773
0.4154
0.3861
0.4499
0.3741
0.3932
0.5077
0.458
0.4467
0.424
0.5913
0.4964
0.4071
0.8108
0.4861
0.4209
0.4397
0.3932
0.5344
0.3959
0.4245
0.3931
0.4206
0.6751
0.7748
0.8145
0.787
0.8659
0.7599
0.8255
0.6786
0.7921
0.8101
0.8462
0.7598
0.9041
0.484
0.4012
0.4964
0.461
0.6246
0.8978
0.8284
0.8895
0.7366
0.8157
0.3879
0.7057
0.5947
0.4619
0.4455
0.4987
0.4521
0.4296
0.5446
0.8084
0.7828
0.4622
0.425
1.3592
0.401
0.391
0.3911
0.543
0.4188
0.3892
0.8056
0.8001
0.8436
0.6723
0.4093
0.4073
0.4293
0.5089
0.6892
0.768
0.477
0.4183
0.4484
0.3902
0.4913
0.4246
0.4076
0.6341
0.6868
0.8766
0.7129
0.8276
0.7441
0.8849
0.7509
0.826
0.7404
0.8721
0.7557
0.9112
0.8081
0.8297
0.6503
0.8479
0.7214
0.402
0.5958
0.4666
0.8117
0.813
0.8047
0.7366
0.7661
0.5733
0.7584
0.8395
0.7703
0.9011
0.7545
0.9087
0.7541
0.8276
0.7337
0.8541
0.7146
0.8439
0.7214
0.7723
0.7061
0.3931
0.3978
0.3881
0.3909
0.3896
0.3951
0.4015
0.4521
0.3966
0.4238
0.4149
0.4225
0.4252
0.4218
0.4282
0.4205
0.4304
0.4311
0.4432
0.4299
0.4604
0.3989
0.3947
0.5239
0.4323
0.6189
0.4189
0.3932
0.4256
0.4114
0.4366
0.4013
0.4412
0.4146
0.4479
0.4531
0.4248
0.4336
0.4344
0.405
0.451
0.4234
0.4318
0.4062
0.3846
0.4911
0.45
0.4282
0.4073
0.4553
0.4093
0.4569
0.4049
0.4334
0.4022
0.435
0.4397
0.4015
0.4249
0.4064
0.4372
0.3965
0.438
0.4188
0.4649
0.4382
0.4248
0.4238
0.4252
0.394
0.4292
0.3929
0.4256
0.4194
0.3925
0.411
0.4158
0.3769
0.4242
0.4399
0.4013
0.421
0.3912
0.4378
0.4302
0.4389
0.4515
0.44
0.4371
0.4225
0.4235
0.4062
0.4415
0.4359
0.409
0.4282
0.4038
0.4216
0.3826
0.407
0.4321
0.4039
0.4299
0.466
0.4166
0.4561
0.4341
0.4778
0.4242
0.464
0.44
0.4928
0.4468
0.4529
0.5142
0.6669
0.4168
0.5415

