---------------------------------------------
CalcPrivateVideoDecoderOutputViewSize_D3D11_1
---------------------------------------------
0.0021
0.0021
0.0014
0.0014
0.0014
0.0008
0.0026
0.0012
0.0011
0.0019
0.0012
0.0007
0.0008
0.0015
0.0008
0.0007
0.0016
0.0012
0.0015
0.002
0.0011
0.0007
0.0015
0.0016
0.0019
0.0009
0.0016
0.0013
0.0021
0.0008
0.0011
0.0007
0.0014
0.0007
0.002
0.001
0.001
0.0008
0.0006
0.0007
0.0018
0.0014
0.0027
0.001
0.0008
0.0008
0.0007
0.0007
0.0008
0.0006
0.0007
0.0007
0.0018
0.0009
0.0008
0.0017
0.001
0.0008
0.0008
0.0007
0.0007
0.0006
0.0007
0.0018
0.0008
0.0007
0.001
0.0007
0.0007
0.0006
0.0006
0.0019
0.001
0.0015
0.0008
0.0008
0.0007
0.0007
0.0006
0.0015
0.001
0.0016
0.001
0.0008
0.0017
0.001
0.0012
0.0015
0.0008
0.0007
0.0006
0.0009
0.0007
0.0006
0.0031
0.0007
0.0008
0.0007
0.0018
0.0015
0.0011
0.0009
0.0007
0.0006
0.0011
0.001
0.0009
0.001
0.0012
0.0009
0.0017
0.0012
0.0013
0.0014
0.0009
0.0009
0.0017
0.0009
0.0018
0.0009
0.0007
0.0014
0.0008
0.001
0.0009
0.0008
0.0007
0.0007
0.0007
0.0008
0.0014
0.001
0.0009
0.0012
0.001
0.0013
0.0009
0.0008
0.0007
0.0008
0.0007
0.0029
0.0009
0.0015
0.0008
0.0006
0.0007
0.0006
0.0008
0.0007
0.0017
0.0019
0.001
0.0015
0.0007
0.0007
0.0008
0.0007
0.0014
0.0008
0.0007
0.0007
0.001
0.001
0.0007
0.001
0.0018
0.0011
0.0008
0.0016
0.0011
0.0009
0.0007
0.0009
0.0007
0.0007
0.0008
0.0007
0.0017
0.0011
0.0009
0.0009
0.0008
0.0007
0.0016
0.001
0.0008
0.0008
0.0007
0.001
0.0007
0.0015
0.001
0.001
0.0008
0.0009
0.0019
0.0017
0.0015
0.0011
0.0008
0.0015
0.001
0.001
0.0013
0.001
0.0011
0.0009
0.0009
0.0016
0.0009
0.0154
0.0009
0.0008
0.0006
0.0007
0.0007
0.0007
0.0006
0.0007
0.0007
0.0007
0.0007
0.0007
0.0009
0.0006
0.0006
0.0007
0.0007
0.0009
0.0023
0.0011
0.0019
0.0012
0.0015
0.001
0.0013
0.0014
0.0011
0.0012
0.0014
0.0008
0.0007
0.0007
0.0016
0.0009
0.0008
0.0011
0.0007
0.001
0.0011
0.0006
0.0008
0.0008
0.0007
0.0007
0.0006
0.0007
0.0007
0.0007
0.0006
0.0007
0.0008
0.0006
0.0006
0.0007
0.0007
0.0007
0.0006
0.0006
0.0006
0.0007
0.0007
0.0009
0.0007
0.002
0.0016
0.0014
0.0009
0.0022
0.0011
0.0016
0.0012
0.0012
0.0011
0.0053
0.0009
0.0008
0.0007
0.0008
0.0006
0.0007
0.0007
0.0007
0.0008
0.0012
0.0007
0.0012
0.001
0.0012
0.0007
0.0008
0.0007
0.0008
0.0015
0.001
0.0008
0.0008
0.0008
0.0018
0.001
0.0008
0.0018
0.001
0.0007
0.0012
0.0037
0.0008
0.0011
0.0007
0.0008
0.0006
0.0006
0.0005
0.0007
0.0006
0.0006
0.0008
0.0012
0.0007
0.0008
0.0006
0.0006
0.0006
0.0007
0.0006
0.0006
0.0006
0.0006
0.0006
0.0007
0.0006
0.0009
0.0007
0.0006
0.0007
0.0006
0.001
0.0007
0.0007
0.0007
0.0009
0.0007
0.0007
0.0009
0.0005
0.0006
0.0006
0.0006
0.0006
0.0006
0.001
0.0007
0.0007
0.0007
0.0006
0.0006
0.0011
0.0006
0.0008
0.0006
0.0006
0.0007
0.0006
0.0006
0.0006
0.0006
0.0006
0.0006
0.0005
0.001
0.0006
0.0006
0.0005
0.0006
0.0006
0.0033
0.0006
0.0008
0.0006
0.0006
0.0008
0.0006
0.0036
0.001
0.0007
0.0007
0.0007
0.0006
0.0006
0.0005
0.0006
0.0007
0.0007
0.0006
0.0008
0.0006
0.0006
0.0009
0.0007
0.0006
0.0008
0.0009
0.0006
0.0006
0.0006
0.0006
0.0008
0.0007
0.0007
0.0008
0.0007
0.0007
0.0008
0.0007
0.0007
0.0009
0.0009
0.0009
0.0008
0.0007
0.0007
0.0007
0.0008
0.0006
0.0006
0.0007
0.0032
0.0007
0.0017
0.001
0.001
0.0006
0.0006
0.0006
0.0006
0.002
0.0014
0.001
0.0008
0.0008
0.0006
0.0006
0.0006
0.0009
0.0005
0.0006
0.0006
0.0007
0.0008
0.0008
0.0006
0.0007
0.0014
0.0008
0.0007
0.0007
0.0006
0.0007
0.0006
0.0006
0.0007
0.0009
0.0007
0.0182
0.0007
0.0008
0.0007
0.0007
0.0006
0.0008
0.0006
0.0009
0.0007
0.0006
0.0009
0.0006
0.0021
0.001
0.0015
0.001
0.0008
0.0007
0.0015
0.0008
0.0008
0.0008
0.0006
0.0006
0.0007
0.0006
0.0007
0.0006
0.0008
0.0007
0.0006
0.0007
0.001
0.0015
0.0006
0.0008
0.001
0.0008
0.0013
0.0008
0.0007
0.0007
0.0008
0.0007
0.0007
0.0006
0.0007
0.0007
0.0006
0.0007
0.0007
0.0013
0.0007
0.0006
0.0007
0.0009
0.001
0.0008
0.0007
0.0006
0.0008
0.0006
0.0007
0.0006
0.0007
0.0007
0.0007
0.0007
0.0006
0.0006
0.0007
0.0006
0.0007
0.0005
0.0007
0.0006
0.0007
0.0005
0.0007
0.0006
0.0009
0.0007
0.0008
0.0007
0.0035
0.0007
0.0007
0.0005
0.0006
0.0007
0.0008
0.0007
0.0007
0.0009
0.0007
0.0007
0.0006
0.0006
0.0007
0.0006
0.0006
0.0006
0.0008
0.0006
0.0007
0.0008
0.0006
0.0009
0.0006
0.0006
0.0006
0.0007
0.0007
0.0008
0.0007
0.0007
0.0011
0.0009
0.0007
0.0008
0.0006
0.0007
0.0007
0.0007
0.0008

-----------------------
CodechalDecode::Execute
-----------------------
10.6814
3.844
7.1149
4.2746
12.5448
4.0756
5.4485
1.1524
1.008
0.8292
1.1576
1.0335
0.6908
1.238
1.0038
0.826
3.2678
2.8675
0.6879
0.5212
0.6497
0.7756
0.6115
0.5537
0.5317
0.4305
0.5532
0.46
0.495
0.4605
0.4794
0.4334
0.4415
0.5538
0.524
0.495
0.4497
0.4507
0.4707
0.4316
0.4929
0.4714
0.457
0.4382
0.4473
0.4154
0.4558
0.4273
0.4605
0.4545
0.4558
0.429
0.5841
0.4461
0.4876
0.5232
0.4587
0.4311
0.4342
0.4624
0.4629
0.429
0.4207
0.4548
0.4222
0.452
0.4424
0.4189
0.423
0.4463
0.4587
0.5596
0.4894
0.4758
0.5029
0.4754
0.496
0.4294
0.4628
0.4807
0.4908
0.4962
0.4913
0.4752
0.528
0.496
0.4905
0.524
0.4144
0.4365
0.4681
0.4312
0.412
0.4408
0.4563
0.4817
0.4344
0.5747
1.8307
0.5055
0.4962
0.4407
0.48
0.4598
0.4909
0.5046
1.7048
0.4638
0.4791
0.6254
0.815
0.4752
2.1917
0.4911
0.44
1.669
0.4951
0.4795
0.6245
0.6847
0.4395
0.5211
0.432
0.4892
0.4784
0.4617
0.4691
0.4628
0.4563
0.4162
0.71
1.0341
0.4765
0.4818
0.4744
0.494
0.4433
0.4224
0.4251
0.4643
0.4211
0.4636
0.4224
0.4469
0.4549
0.4754
0.4238
0.4519
0.4404
0.4184
0.5698
0.5291
0.4578
0.4124
0.4344
0.4728
0.4345
0.4647
0.495
0.4368
0.4857
0.4478
0.4559
0.5447
1.6601
0.4781
0.5695
0.4851
0.4858
0.4954
0.4671
0.465
0.4676
0.4198
0.4495
0.4588
0.461
0.4806
0.5247
0.4427
0.4844
0.4472
0.4425
0.477
0.5045
0.4731
0.4638
0.4801
0.4705
0.6125
0.4503
0.4919
0.6635
0.4729
0.5448
0.4765
0.5075
0.4854
0.5028
0.4371
0.4564
0.4706
0.4335
0.4556
0.6646
0.4346
0.6279
0.453
0.4421
0.5232
0.432
0.4874
0.4553
0.4334
0.4647
0.4528
0.4521
0.4658
0.4191
0.4554
0.4258
0.4536
0.4461
0.4443
0.4737
0.4536
0.4669
0.4471
0.4724
0.4468
0.4883
0.5743
0.5981
0.5017
0.5515
0.4669
0.446
0.492
0.4926
0.4853
0.5284
0.4352
0.438
0.4705
0.4891
0.4879
0.4341
0.478
0.4054
0.4554
0.4579
0.4709
0.4733
0.4712
0.4267
0.4707
0.4726
0.4484
0.4649
0.4656
0.4262
0.4734
0.4274
0.4603
0.4276
0.4568
0.4479
0.4591
0.479
0.4386
0.4673
0.4707
0.4231
0.4745
0.441
0.4313
0.482
0.6799
0.4588
0.5964
0.4817
0.5768
0.4621
0.54
0.4853
0.5735
0.4936
0.4893
0.4726
0.4672
0.4602
0.4539
0.4625
0.4579
0.4461
0.4189
0.4699
0.4774
0.4936
0.4425
0.469
0.4587
0.4242
0.4739
0.509
0.4732
0.4443
0.4827
0.4575
0.5086
0.455
0.4619
0.5309
0.4483
0.4601
0.4641
0.4421
0.4646
0.4245
0.4661
0.4272
0.4546
0.4334
0.4572
0.4515
0.4384
0.4587
0.4419
0.4326
0.4669
0.4789
0.4564
0.4454
0.4589
0.4281
0.4448
0.4545
0.4521
0.46
0.4768
0.4316
0.4452
0.428
0.459
0.4415
0.4623
0.4514
0.4541
0.4712
0.4727
0.4524
0.4709
0.42
0.4614
0.4324
0.4717
0.451
0.4582
0.4521
0.4628
0.454
0.4164
0.4726
0.4822
0.4792
0.4544
0.4526
0.4488
0.4539
0.4525
0.4553
0.4381
0.4528
0.4534
0.4518
0.4695
0.4278
0.4512
0.4333
0.461
0.4581
0.4305
0.4628
0.4545
0.4406
0.4655
0.4576
0.453
0.4727
0.4693
0.4293
0.4622
0.45
0.4306
0.4145
0.4571
0.475
0.4675
0.4632
0.4315
0.4547
0.4524
0.4659
0.4222
0.459
0.4294
0.4668
0.4605
0.4635
0.4607
0.456
0.4404
0.4697
0.4291
0.4648
0.4231
0.453
0.4164
0.4622
0.4229
0.4511
0.4354
0.4566
0.4241
0.474
0.4708
0.4413
0.4548
0.4349
0.4599
0.4712
0.4607
0.4169
0.4634
0.4279
0.4677
0.4441
0.4543
0.4371
0.5821
0.4757
0.5204
0.4407
0.4649
0.4762
0.4394
0.5724
0.488
0.4787
0.4404
0.4787
0.4412
0.4802
0.4409
0.4406
0.4722
0.4456
0.4867
0.409
0.4123
0.4165
0.4507
0.4365
0.4191
0.4359
0.4205
0.4435
0.4322
0.473
0.4061
0.4389
0.4569
0.4264
0.4837
0.4267
0.4424
0.4429
0.4172
0.438
0.4446
0.4141
0.4186
0.4141
0.4469
0.4302
0.5153
0.4639
0.541
0.4716
0.4892
0.4706
0.4545
0.4256
0.4812
0.4518
0.438
0.4413
0.4718
0.4301
0.455
0.467
0.4241
0.4375
0.4444
0.4286
0.4726
0.4639
0.4261
0.4538
0.4372
0.456
0.471
0.4456
0.5226
0.45
0.4725
0.4394
0.4744
0.4628
0.4444
0.4803
0.4435
0.4728
0.4521
0.4481
0.4333
0.4342
0.4205
0.4226
0.4296
0.4332
0.449
0.4292
0.451
0.4258
0.499
0.4109
0.4391
0.4462
0.4262
0.4732
0.45
0.4325
0.4325
0.4475
0.4361
0.4645
0.4423
0.4509
0.4321
0.4558
0.4356
0.4507
0.4361
0.4473
0.4173
0.4522
0.4341
0.4846
0.4317
0.451
0.4737
0.4603
0.4591
0.4433
0.4632
0.4459
0.4451
0.4446
0.4302
0.4476
0.4478
0.4275
0.4701
0.4578
0.4712
0.4192
0.4128
0.4456
0.431
0.4559
0.4189
0.4675
0.4728
0.4535
0.4693
0.4463
0.4697
0.4262
0.4804
0.4633
0.4372
0.4273
0.4544
0.4414
0.437
0.4541
0.4547
0.4053
0.4404

---------------------------------------
CodechalDecodeHevcG12::DecodeStateLevel
---------------------------------------
0.2541
0.3639
4.1092
0.5088
0.2152
0.5385
2.9473
0.184
2.6161
0.3673
0.1877
0.1937
4.1679
0.2008
4.0996
0.1758
0.1694
0.1825
0.752
0.2074
4.249
0.5902
0.158
0.1908
0.4648
0.1584
0.1884
0.1172
0.141
0.3767
0.5681
0.1642
0.2228
0.5611
0.1443
0.1739
0.1292
0.1473
0.2454
0.7198
0.1588
0.1712
0.5032
0.1466
0.1854
0.1328
0.1447
0.3629
0.3055
0.1935
2.4707
0.1279
0.157
2.2902
0.1894
0.1555
0.1748
0.1102
0.1361
0.1505
0.135
0.1451
0.1719
0.1332
0.1348
0.1596
0.1582
0.1502
0.1649
0.1223
0.1403
0.159
0.094
0.1753
0.1233
0.0684
0.139
0.1212
0.1037
0.1789
0.1334
0.0819
0.1358
0.1211
0.0893
0.1461
0.1368
0.0831
0.1371
0.131
0.0808
0.1471
0.1257
0.0833
0.1305
0.1159
0.072
0.1305
0.1258
0.118
0.183
0.1294
0.0966
0.1601
0.1234
0.0913
0.1482
0.1317
0.0731
0.1359
0.1212
0.0846
0.1314
0.1258
0.0793
0.1428
0.1301
0.0706
0.1309
0.1201
0.0856
0.1479
0.1239
0.0797
0.1424
0.1246
0.0772
0.1355
0.1265
0.0695
0.1348
0.1274
0.0771
0.1356
0.1235
0.0678
0.1276
0.1185
0.0771
0.1341
0.1296
0.0721
0.1323
0.12
0.0783
0.1428
0.126
0.0707
0.1412
0.1283
0.0727
0.1362
0.1387
0.0698
0.1317
0.1186
0.1085
0.1884
0.1315
0.0731
0.1344
0.1283
0.081
0.149
0.1399
0.0918
0.1654
0.1281
0.0814
0.1412
0.1247
0.0671
0.1359
0.1234
0.0677
0.1342
0.1299
0.0778
0.1418
0.1313
0.0724
0.1354
0.128
0.0688
0.1307
0.1201
0.0663
0.129
0.1214
0.0734
0.1382
0.1264
0.0704
0.126
0.1202
0.074
0.1407
0.1268
0.0702
0.133
0.119
0.0635
0.1262
0.1328
0.0677
0.1319
0.1239
0.0732
0.1389
0.1264
0.0774
0.1407
0.1288
0.1011
0.1788
0.1333
0.0806
0.1665
0.1258
0.0845
0.1454
0.1256
0.0837
0.1524
0.1319
0.077
0.1368
0.1475
0.0894
0.1505
0.1367
0.0712
0.133
0.1194
0.0789
0.1429
0.1257
0.0859
0.1396
0.1302
0.0813
0.1571
0.1311
0.0851
0.1596
0.1269
0.084
0.148
0.1253
0.085
0.1462
0.1245
0.0978
0.1521
0.1357
0.0813
0.1588
0.135
0.0903
0.1455
0.1313
0.0953
0.1676
0.1205
0.0644
0.1318
0.1206
0.0727
0.1341
0.1264
0.0766
0.1501
0.1248
0.0745
0.1301
0.1182
0.0641
0.1321
0.1186
0.0704
0.1336
0.129
0.0851
0.1369
0.1216
0.0932
0.1414
0.1298
0.068
0.1412
0.122
0.0699
0.1385
0.1326
1.2709
0.217
0.15
0.0888
0.1493
0.1301
0.0848
0.1445
0.1345
0.0713
0.1331
0.1247
0.0924
0.1417
0.1283
0.0771
0.1388
0.1246
0.0849
0.1471
0.1453
0.083
0.1519
0.1364
0.0983
0.1731
1.06
0.0764
0.1464
0.1269
0.0861
0.1454
0.1268
0.078
0.1584
0.1281
0.3226
0.1997
0.1457
0.081
0.1481
0.1252
0.0996
0.1827
1.543
0.0821
0.159
0.123
0.0717
0.1351
0.1209
0.0813
0.1609
1.1594
0.0862
0.1537
0.1223
0.082
0.151
0.1242
0.0911
0.1672
0.1307
0.3248
0.1338
0.1205
0.068
0.1449
0.1225
0.0906
0.1727
0.1263
0.0719
0.1352
0.1234
0.0881
0.1518
0.1258
0.0832
0.1445
0.1288
0.0805
0.1423
0.1282
0.0814
0.145
0.1293
0.0812
0.1421
0.1239
0.0757
0.1487
0.1235
0.0675
0.1271
0.118
0.0798
0.1379
0.1525
0.6454
0.1469
0.1258
0.0803
0.1547
0.1264
0.0824
0.1428
0.1251
0.0801
0.1498
0.1313
0.0894
0.1551
0.125
0.0694
0.1363
0.1326
0.0691
0.1318
0.1211
0.0691
0.1337
0.1205
0.0806
0.1398
0.1263
0.0691
0.1316
0.1195
0.0767
0.1394
0.1278
0.069
0.1304
0.1189
0.0749
0.139
0.124
0.0756
0.1463
0.1243
0.0798
0.1554
0.1262
0.0675
0.1314
0.1198
0.0761
0.1386
0.1274
0.0728
0.1309
0.1248
0.0707
0.1305
0.1193
0.0976
0.1765
0.1324
0.094
0.1624
0.1324
0.0752
0.14
0.1259
0.0672
0.1269
0.1151
0.0681
0.1376
0.1219
0.0809
0.1504
0.1263
0.0691
0.136
0.1226
0.0773
0.1446
0.1302
0.0881
0.1539
0.1273
0.0712
0.1317
0.1193
0.0803
0.1433
0.1383
0.0692
0.137
0.122
0.0715
0.1429
0.1211
0.0694
0.133
0.1149
1.1934
0.1929
0.1425
0.0832
0.1452
0.1264
0.1129
0.1742
0.1288
0.0818
0.1508
0.1271
0.0767
0.1464
0.1417
0.0865
0.1468
0.1301
0.0833
0.1424
0.1235
0.0775
0.1445
0.1247
0.0768
0.1457
0.125
0.0685
0.1278
0.1166
0.0732
0.1364
0.1281
0.0772
0.1438
0.1268
0.0764
0.1416
0.1284
0.082
0.1467
0.1268
0.0934
0.162
0.1281
0.0704
0.1408
0.1258
0.0804
0.1465
0.1401
0.0714
0.1407
0.1216
0.071
0.1354
0.12
0.0804
0.1427
0.1397
0.0842
0.1654
0.1242
0.0792
0.151
0.1239
0.074
0.1504
0.1233
0.0794
0.1417
0.1328
0.0816
0.1527
0.1255
0.0869
0.1817
0.1977
0.0713
0.1311
0.134
0.0833
0.153
0.1257
0.0988
0.2133
0.1897
0.0795
0.1334
0.1253
0.0938
0.1867
0.1335
0.0847
0.1448
0.1233
0.0859
0.1591
0.1179
0.0847
0.1445
0.134
0.0905
0.147
0.1366
0.0734
0.1321
0.12
0.0696
0.1385
0.1369
0.0795
0.1368
0.1283
0.0725
0.1303
0.1194
0.0741
0.1419
0.1241
0.0977
0.1986
0.1994
0.0709
0.1338
0.1276
0.0914
0.2077
0.1862
0.0749
0.1416
0.1315
0.0707
0.1313
0.1328
0.0923
0.1584
0.1322
0.0716
0.1328
0.1231
0.0779
0.1513
0.127
0.0733
0.1363
0.1325
0.0684
0.1313
0.1305
0.0777
0.1412
0.1312
0.0741
0.1379
0.1306
0.0725
0.1423
0.1273
0.0771
0.1479
0.125
0.0675
0.1311
0.121
0.0739
0.1382
0.1331
0.073
0.1323
0.1204
0.0709
0.1442
0.1299
0.0733
0.1366
0.1253
0.0757
0.1367
0.1233
0.0786
0.1395
0.1231
0.0737
0.14
0.1292
0.0778
0.1478
0.1259
0.0734
0.1382
0.1225
0.0781
0.145
0.1334
0.0884
0.1242
0.1229
0.0807
0.1584
0.1266
0.1905
0.1382
0.1213
0.1183
0.1898
0.1305
0.0878
0.1637
0.1257
0.0963
0.1803
0.1277
0.0768
0.1561
0.1233
0.073
0.1427
0.1202
0.0861
0.1565
0.1224
0.0833
0.1432
0.1395
0.0822
0.1512
0.131
0.0871
0.1751
0.132
0.0688
0.1322
0.1298
0.0699
0.1341
0.1314
0.0786
0.1412
0.1352
0.0851
0.1505
0.125
0.0789
0.144
0.1482
0.0712
0.1336
0.1234
0.0835
0.1572
0.1258
0.0625
0.1236
0.1177
0.0736
0.1419
0.1235
0.0762
0.1349
0.1197
0.0788
0.1518
0.126
0.0786
0.1413
0.1341
0.0805
0.147
0.1261
0.0676
0.1345
0.1222
0.0804
0.1402
0.1305
0.0756
0.1524
0.1256
0.0708
0.1413
0.1257
0.0772
0.1403
0.1343
0.0786
0.1471
0.1264
0.0682
0.1307
0.123
0.0808
0.1493
0.125
0.0718
0.1227
0.1195
0.074
0.1459
0.1271
0.0706
0.1325
0.1216
0.0743
0.1462
0.1255
0.0733
0.1401
0.1249
0.0749
0.1465
0.1262
0.0793
0.1495
0.1274
0.0765
0.1317
0.1281
0.0782
0.1409
0.1322
0.0793
0.1481
0.1291
0.072
0.1314
0.1194
0.0774
0.1437
0.1376
0.0688
0.1327
0.1364
0.0719
0.1309
0.1194
0.0832
0.1394
0.1286
0.1056
0.2183
0.1902
0.0796
0.1402
0.1286
0.1298
0.1887
0.1288
0.0798
0.1578
0.1241
0.1021
0.1911
0.1316
0.0754
0.1452
0.1281
0.0907
0.1808
0.1257
0.0807
0.1493
0.1375
0.1031
0.1751
0.132
0.0832
0.1528
0.1277
0.0901
0.1496
0.1347
0.0781
0.1556
0.1264
0.0782
0.1419
0.1319
0.0759
0.1478
0.1258
0.0749
0.1394
0.1231
0.0782
0.1444
0.1282
0.0747
0.1408
0.1252
0.071
0.1498
0.1182
0.071
0.1237
0.1142
0.0782
0.1483
0.1266
0.0905
0.1437
0.1252
0.0942
0.1449
0.1278
0.0764
0.1333
0.1243
0.0916
0.1393
0.1287
0.0759
0.1462
0.123
0.068
0.1318
0.1205
0.0829
0.1457
0.1358
0.0869
0.1517
0.134
0.0769
0.1461
0.1309
0.0693
0.1387
0.1269
0.0757
0.1595
0.1295
0.0741
0.1376
0.1349
0.1093
0.1443
0.1233
0.0756
0.1347
0.1271
0.0852
0.1385
0.1245
0.0993
0.1646
0.1284
0.0716
0.1365
0.1283
0.0765
0.1382
0.1367
0.079
0.1446
0.1231
0.0704
0.1312
0.1316
0.0742
0.1509
0.1273
0.0702
0.1317
0.1208
0.0759
0.1504
0.1263
0.068
0.1297
0.1257
0.0747
0.1416
0.1249
0.0674
0.1298
0.1316
0.0751
0.1454
0.1247
0.0753
0.1405
0.1246
0.069
0.1291
0.1329
0.0743
0.1448
0.1263
0.0717
0.129
0.1169
0.0714
0.1308
0.1151
0.073
0.1488
0.1282
0.0809
0.1514
0.1265
0.0739
0.1441
0.1237
0.0736
0.1395
0.1242
0.0746
0.1393
0.1347
0.0695
0.135
0.1183
0.0721
0.1408
0.123
0.0726
0.1381
0.1328
0.0733
0.1431
0.1242
0.0743
0.1456
0.1258
0.0779
0.142
0.1436
0.0706
0.1363
0.1212
0.0726
0.1399
0.1255
0.0672
0.1302
0.1288
0.074
0.1463
0.1271
0.0706
0.1373
0.1239
0.0742
0.1408
0.1361
0.0727
0.143
0.1224
0.0752
0.1405
0.1234
0.0797
0.146
0.1311
0.0757
0.1487
0.1351
0.0716
0.1377
0.133
0.0857
0.1478
0.1264
0.0674
0.1307
0.1186
0.0723
0.1415
0.1391
0.0696
0.1311
0.122
0.0739
0.1453
0.1341
0.0754
0.1405
0.1246
0.0756
0.1401
0.1312
0.0743
0.143
0.1233
0.0774
0.1476
0.124
0.0727
0.1482
0.1256
0.0713
0.1233
0.1134
0.0774
0.155
0.1257
0.0808
0.1599
0.1244
0.0846
0.1442
0.126
0.0726
0.1408
0.1345
0.0753
0.1445
0.1245
0.0751
0.1378
0.123
0.0728
0.1442
0.1295
0.0735
0.1385
0.124
0.0731
0.1444
0.1231
0.072
0.1366
0.1237
0.073
0.1376
0.1342
0.0749
0.1435
0.1251
0.0729
0.1394
0.1239
0.0747
0.1375
0.1316
0.0669
0.1346
0.1209
0.072
0.1427
0.1251
0.0669
0.1336
0.1297
0.0767
0.147
0.1259
0.0772
0.1399
0.1221
0.0674
0.1333
0.1273
0.0777
0.1379
0.1299
0.0712
0.1395
0.1252
0.0725
0.138
0.1215
0.0747
0.1482
0.1289
0.0734
0.1469
0.1235
0.0741
0.1382
0.1232
0.0807
0.1513
0.1253
0.0765
0.1407
0.1412
0.0689
0.1375
0.1193
0.0748
0.1379
0.1236
0.0712
0.1441
0.1271
0.0688
0.1372
0.1197
0.0698
0.1232
0.1128
0.0724
0.1368
0.1265
0.0791
0.1539
0.126
0.083
0.1478
0.1238
0.0733
0.1396
0.1372
0.0684
0.132
0.123
0.0725
0.1425
0.1234
0.0707
0.1372
0.1374
0.0747
0.1484
0.1308
0.0676
0.1297
0.1185
0.0711
0.1392
0.1404
0.067
0.1292
0.1288
0.0878
0.1385
0.1243
0.0729
0.1421
0.1358
0.0733
0.1497
0.128
0.0745
0.1468
0.1265
0.0732
0.1391
0.1327
0.0694
0.1356
0.1254
0.081
0.1476
0.1249
0.0682
0.1307
0.1212
0.0753
0.1512
0.1256
0.0687
0.1283
0.1187
0.0712
0.1467
0.1256
0.0673
0.1313
0.118
0.0734
0.1431
0.1346
0.0664
0.1308
0.1208
0.0752
0.1403
0.1243
0.0683
0.1299
0.131
0.0736
0.1469
0.1268
0.0692
0.1301
0.1201
0.0754
0.1575
0.1262
0.0738
0.1535
0.1258
0.0699
0.1443
0.1197
0.0834
0.1352
0.1182
0.0675
0.1324
0.1183
0.075
0.1471
0.1253
0.0796
0.1395
0.1346
0.0762
0.1461
0.1263
0.0663
0.1316
0.1195
0.0767
0.146
0.127
0.0668
0.1316
0.1206
0.0823
0.1499
0.1247
0.0688
0.1294
0.1384
0.0727
0.1392
0.127
0.0713
0.1316
0.1287
0.1178
0.1791
0.1284
0.081
0.1493
0.1264
0.0941
0.1598
0.1375
0.0751
0.1326
0.1216
0.0821
0.1422
0.1273
0.0779
0.1421
0.1362
0.068
0.1406
0.1207
0.102
0.1812
0.1375
0.0841
0.1494
0.1203
0.0821
0.1448
0.13
0.0672
0.1378
0.1303
0.0887
0.1467
0.13
0.0681
0.1331
0.1317
0.0808
0.1507
0.1307
0.0676
0.1365
0.127
0.0737
0.1317
0.128
0.0775
0.1502
0.1368
0.0686
0.1343
0.132
0.0798
0.1479
0.1468
0.0657
0.1282
0.1197
0.0673
0.1271
0.118
0.0731
0.1243
0.1131
0.0756
0.1394
0.1247
0.0693
0.1329
0.1258
0.0647
0.1265
0.1243
0.0674
0.1371
0.1279
0.064
0.129
0.125
0.0712
0.1332
0.1297
0.0692
0.1326
0.1241
0.0783
0.1407
0.132
0.0653
0.1264
0.116
0.0693
0.1312
0.1348
0.0785
0.1389
0.1313
0.0675
0.1382
0.118
0.0787
0.1601
0.135
0.0658
0.1384
0.1198
0.0711
0.1329
0.1339
0.0694
0.1343
0.1317
0.0655
0.1279
0.1234
0.0701
0.1323
0.1308
0.0714
0.1353
0.1314
0.0632
0.1282
0.1177
0.0642
0.1286
0.1232
0.0663
0.1324
0.1169
0.0791
0.1412
0.1176
0.0726
0.1276
0.1227
0.0868
0.1574
0.1484
0.084
0.141
0.1244
0.0956
0.1644
0.1336
0.0827
0.1469
0.1268
0.0856
0.1455
0.1327
0.0806
0.1445
0.1269
0.0783
0.1402
0.1238
0.0668
0.1339
0.1216
0.0822
0.1463
0.1281
0.0745
0.1389
0.1247
0.0708
0.1378
0.1229
0.0696
0.1415
0.1215
0.0792
0.1439
0.1308
0.0689
0.1322
0.126
0.0778
0.1413
0.1206
0.0769
0.139
0.1237
0.0727
0.1282
0.1177
0.074
0.1344
0.1228
0.0734
0.1364
0.1221
0.0662
0.1328
0.1265
0.0784
0.1433
0.1379
0.0756
0.1506
0.1273
0.0668
0.1361
0.1218
0.0767
0.1349
0.1246
0.0683
0.1381
0.1276
0.0732
0.1451
0.1232
0.084
0.1377
0.1338
0.0758
0.1341
0.1199
0.1039
0.1546
0.1308
0.0718
0.1395
0.1228
0.0939
0.1405
0.1277
0.0699
0.1369
0.1213
0.0872
0.1422
0.1271
0.0746
0.1387
0.1304
0.0741
0.1377
0.1234
0.0786
0.1426
0.1354
0.0683
0.1364
0.1303
0.0792
0.1431
0.1368
0.0725
0.1353
0.1322
0.0702
0.1357
0.1368
0.07
0.1314
0.1261
0.0748
0.1294
0.1183
0.0665
0.1279
0.1285
0.0671
0.1312
0.1236
0.0645
0.1285
0.1246
0.0702
0.1364
0.1252
0.0737
0.1297
0.1265
0.0674
0.1387
0.1206
0.083
0.1351
0.125
0.0702
0.1329
0.1205
0.0791
0.1584
0.1413
0.0634
0.1274
0.1189
0.0683
0.1326
0.1348
0.0716
0.136
0.1319
0.066
0.1318
0.1242
0.0768
0.141
0.1448
0.0737
0.1368
0.1267
0.0678
0.1312
0.1244
0.0686
0.1293
0.1286
0.0741
0.136
0.1261
0.0761
0.1318
0.1248
0.0791
0.1418
0.1328
0.0717
0.1337
0.1216
0.0738
0.1431
0.128
0.0703
0.1315
0.125
0.0739
0.1367
0.1317
0.0689
0.1309
0.1359
0.0714
0.1371
0.1319
0.0713
0.1276
0.116
0.0685
0.1438
0.1268
0.0659
0.1306
0.1171
0.0808
0.1404
0.1189
0.0723
0.1331
0.1192
0.0813
0.142
0.1417
0.0735
0.126
0.1151
0.0748
0.1303
0.136
0.0749
0.141
0.1336
0.0762
0.1374
0.1311
0.0766
0.1403
0.1336
0.0726
0.1343
0.1267
0.0759
0.1375
0.1315
0.0777
0.1309
0.1249
0.0731
0.1337
0.1258
0.0765
0.1345
0.122
0.0693
0.1391
0.1205
0.0685
0.1376
0.1209
0.0731
0.1346
0.1281
0.0679
0.1311
0.1249
0.077
0.1467
0.1346
0.0759
0.1379
0.1279
0.0776
0.141
0.1355
0.0699
0.1279
0.1202
0.0644
0.135
0.1166
0.0707
0.1361
0.1245
0.0679
0.1328
0.1247
0.0764
0.1506
0.1259
0.0661
0.1291
0.1203
0.0787
0.1403
0.1424
0.0761
0.1402
0.1314
0.0735
0.1388
0.1301
0.0754
0.1406
0.1398
0.0707
0.1375
0.1231
0.0789
0.148
0.1285
0.0652
0.1322
0.124
0.0838
0.1498
0.1252
0.0756
0.1408
0.1303
0.0704
0.1389
0.1216
0.0728
0.1296
0.115
0.0719
0.1458
0.131
0.0701
0.1328
0.1209
0.0748
0.1317
0.1205
0.0756
0.1403
0.1274
0.0722
0.1381
0.1383
0.0641
0.1258
0.1182
0.0753
0.1347
0.1231

-------------------------------------
CodechalDecodeHevcG12::SetFrameStates
-------------------------------------
5.6617
2.4481
1.1849
3.3696
3.9353
3.1925
0.078
0.071
0.008
0.0079
0.0114
0.0074
0.0088
0.0086
0.0077
0.0081
0.1251
0.1426
0.0113
0.0096
0.009
0.0079
0.011
0.0101
0.0135
0.0086
0.0117
0.009
0.0103
0.0076
0.0119
0.0082
0.0081
0.0091
0.0156
0.0105
0.008
0.0089
0.0089
0.0085
0.0144
0.0121
0.0112
0.0085
0.0082
0.0074
0.0077
0.0074
0.0085
0.0078
0.0079
0.0106
0.0147
0.009
0.009
0.0118
0.0085
0.0075
0.0074
0.0088
0.0077
0.0106
0.0071
0.009
0.0077
0.0082
0.0079
0.007
0.0071
0.0079
0.0078
0.0123
0.0101
0.0113
0.0102
0.0084
0.0091
0.0079
0.009
0.0116
0.0103
0.0111
0.0103
0.0087
0.0116
0.0098
0.0111
0.0109
0.0074
0.0073
0.0081
0.008
0.007
0.0073
0.0096
0.0093
0.0078
0.1335
0.0162
0.0119
0.0098
0.0087
0.009
0.0102
0.0107
0.0095
0.2401
0.0108
0.0093
0.1413
0.0109
0.0109
0.2176
0.0094
0.0085
0.1618
0.0094
0.0091
0.0918
0.0102
0.0076
0.0107
0.0079
0.0091
0.0094
0.0086
0.0093
0.0092
0.0083
0.0071
0.2143
0.01
0.009
0.0099
0.0089
0.01
0.0083
0.0075
0.0077
0.009
0.0075
0.0102
0.0078
0.0081
0.0087
0.009
0.0073
0.0089
0.0077
0.0074
0.0127
0.0122
0.009
0.0079
0.0076
0.0092
0.0075
0.0085
0.0099
0.0082
0.009
0.0079
0.008
0.1185
0.0081
0.0116
0.0119
0.01
0.0088
0.0108
0.0097
0.0086
0.0085
0.008
0.0074
0.0077
0.0085
0.0089
0.0113
0.0087
0.0091
0.0083
0.0102
0.0086
0.0108
0.0096
0.0084
0.0103
0.0088
0.0099
0.0102
0.0107
0.0123
0.0108
0.0107
0.0121
0.0113
0.0109
0.0105
0.0088
0.008
0.0106
0.0086
0.0082
0.0132
0.0084
0.0101
0.0087
0.0082
0.0114
0.0087
0.0134
0.0079
0.0074
0.0083
0.0079
0.0081
0.0084
0.0073
0.0103
0.0073
0.0081
0.0078
0.0079
0.0095
0.0083
0.0087
0.0082
0.0089
0.0094
0.0102
0.01
0.0146
0.0104
0.0115
0.0087
0.0104
0.0102
0.0094
0.0089
0.0105
0.0088
0.0076
0.0079
0.0107
0.0097
0.0077
0.0091
0.0069
0.012
0.0089
0.0084
0.0086
0.0088
0.0073
0.0084
0.0082
0.0078
0.0082
0.0086
0.0072
0.0085
0.0081
0.0081
0.0077
0.0083
0.0081
0.0085
0.0086
0.0072
0.0099
0.0087
0.0074
0.0081
0.0075
0.0078
0.0103
0.0132
0.0084
0.0146
0.0096
0.0139
0.0094
0.0114
0.0085
0.0143
0.0111
0.0088
0.0091
0.0087
0.0081
0.0081
0.0079
0.008
0.0075
0.0078
0.0099
0.009
0.0096
0.0081
0.0075
0.0082
0.0111
0.0079
0.011
0.0096
0.0077
0.0086
0.0081
0.0117
0.0089
0.0086
0.0118
0.0091
0.0083
0.0086
0.0092
0.0079
0.0072
0.0081
0.0071
0.012
0.0075
0.0079
0.0081
0.0074
0.0078
0.008
0.008
0.008
0.0091
0.0083
0.0081
0.0082
0.0075
0.0077
0.0079
0.0082
0.0107
0.0084
0.0076
0.0089
0.0074
0.0081
0.0077
0.008
0.0081
0.0081
0.0081
0.0084
0.0078
0.0082
0.0079
0.0078
0.0078
0.0075
0.0081
0.0085
0.008
0.008
0.0077
0.0082
0.0081
0.009
0.0087
0.0077
0.0079
0.008
0.0078
0.008
0.008
0.0078
0.0078
0.008
0.0079
0.0079
0.0075
0.0092
0.007
0.0082
0.0088
0.0072
0.0085
0.0077
0.008
0.0082
0.009
0.0082
0.0087
0.0087
0.0077
0.0082
0.0079
0.0075
0.008
0.0114
0.0087
0.0085
0.0078
0.0072
0.0115
0.0077
0.008
0.0074
0.0078
0.0075
0.0083
0.008
0.0082
0.0083
0.0081
0.0076
0.0086
0.0072
0.0081
0.0072
0.0078
0.0073
0.0082
0.0072
0.0081
0.0075
0.0078
0.0073
0.0083
0.0119
0.0077
0.0087
0.0077
0.0079
0.0086
0.0091
0.0074
0.0084
0.0075
0.0081
0.0072
0.0079
0.0076
0.0155
0.0108
0.0104
0.008
0.0084
0.0096
0.0074
0.0131
0.011
0.0095
0.0075
0.0087
0.0074
0.0084
0.0074
0.0081
0.0086
0.01
0.0088
0.0074
0.0074
0.0086
0.0084
0.0075
0.0079
0.0074
0.0072
0.0081
0.0076
0.0088
0.0076
0.0074
0.0086
0.0077
0.0078
0.0095
0.008
0.0077
0.0072
0.0079
0.0078
0.0071
0.0079
0.0073
0.011
0.0097
0.009
0.0107
0.013
0.0097
0.0112
0.0107
0.0102
0.0075
0.0097
0.0086
0.0078
0.0089
0.0089
0.0076
0.0082
0.0114
0.0116
0.0077
0.0079
0.0074
0.0089
0.0085
0.0072
0.0103
0.011
0.0107
0.0115
0.0095
0.0106
0.008
0.008
0.0088
0.0092
0.0085
0.0086
0.0091
0.0074
0.0082
0.0079
0.0075
0.0079
0.0084
0.0071
0.0073
0.0084
0.0073
0.0074
0.0072
0.0102
0.0076
0.0087
0.0069
0.0074
0.0078
0.0072
0.0084
0.008
0.0075
0.0073
0.0082
0.0074
0.0087
0.0078
0.0082
0.0072
0.0081
0.0072
0.0082
0.0082
0.0075
0.0075
0.0106
0.0097
0.0091
0.0083
0.0082
0.0087
0.0081
0.0079
0.0075
0.0086
0.0088
0.0082
0.008
0.0076
0.0075
0.0079
0.0069
0.0081
0.0086
0.008
0.0069
0.0071
0.0075
0.0074
0.0081
0.0089
0.0081
0.0087
0.0075
0.0085
0.0079
0.0081
0.007
0.0088
0.0083
0.0078
0.008
0.0083
0.0083
0.0082
0.0093
0.0078
0.007
0.0075

--------------------------
CreateVideoDecoder_D3D11_1
--------------------------
14.0232

---------------------------
DestroyVideoDecoder_D3D11_1
---------------------------
0

----------------
First Frame Time
----------------
62.4945

--------------------------------------
VideoDecoderBeginFrame_WDDM2_4_D3D11_1
--------------------------------------
0.0064
0.0034
0.0035
0.0025
0.0024
0.0023
0.0049
0.0022
0.002
0.0022
0.0025
0.0017
0.0019
0.0026
0.0019
0.0019
0.0029
0.0026
0.0026
0.0029
0.0023
0.0021
0.0054
0.003
0.003
0.0022
0.0026
0.0029
0.0034
0.0018
0.002
0.0019
0.0027
0.0016
0.0035
0.0021
0.0021
0.0019
0.0017
0.0019
0.0031
0.0023
0.0034
0.0019
0.0024
0.0019
0.0018
0.0019
0.0019
0.0018
0.0017
0.0019
0.0034
0.002
0.0019
0.003
0.002
0.0019
0.0018
0.0018
0.0017
0.0019
0.0016
0.0026
0.0017
0.0019
0.0019
0.0017
0.0017
0.0017
0.0017
0.0037
0.0021
0.0028
0.0021
0.0021
0.0019
0.0021
0.002
0.0033
0.0022
0.0035
0.0022
0.002
0.0033
0.0025
0.0028
0.0033
0.0018
0.0017
0.0018
0.0022
0.0015
0.0017
0.0033
0.0018
0.0019
0.0018
0.0032
0.0026
0.0023
0.0019
0.002
0.0019
0.0026
0.0022
0.002
0.0025
0.0029
0.002
0.0029
0.0027
0.0024
0.0024
0.0021
0.0023
0.0028
0.002
0.0031
0.002
0.0018
0.0029
0.0018
0.0024
0.0024
0.0019
0.0021
0.002
0.0019
0.0018
0.003
0.0024
0.0022
0.0025
0.0021
0.0023
0.0018
0.0018
0.0018
0.0021
0.0019
0.0035
0.0018
0.0018
0.0019
0.002
0.0018
0.0018
0.0021
0.0046
0.0032
0.0033
0.002
0.0028
0.0018
0.0019
0.0019
0.0016
0.0032
0.0019
0.002
0.0018
0.0028
0.0023
0.0019
0.0027
0.0034
0.0025
0.0021
0.0029
0.0025
0.0019
0.0018
0.002
0.0017
0.0018
0.0017
0.0019
0.0032
0.0048
0.0019
0.0021
0.0017
0.0017
0.003
0.0022
0.0021
0.0017
0.0023
0.0021
0.0019
0.0029
0.0028
0.0023
0.002
0.0025
0.0031
0.0027
0.0027
0.0021
0.0016
0.0026
0.002
0.0019
0.0027
0.002
0.0026
0.0021
0.0019
0.0028
0.0022
0.0072
0.0018
0.0015
0.0018
0.0019
0.0018
0.0019
0.0019
0.0018
0.0018
0.0017
0.0017
0.002
0.0024
0.0019
0.0018
0.0019
0.0019
0.0023
0.0028
0.0029
0.0039
0.0021
0.0027
0.0021
0.0022
0.0022
0.0022
0.002
0.0022
0.0018
0.0017
0.002
0.0028
0.0023
0.0018
0.0023
0.0017
0.0019
0.0025
0.002
0.0019
0.002
0.0016
0.0016
0.0018
0.0018
0.0019
0.0018
0.002
0.0019
0.0022
0.0018
0.0018
0.0019
0.0019
0.0029
0.0018
0.0018
0.0018
0.0017
0.0019
0.002
0.0016
0.002
0.003
0.0029
0.002
0.0037
0.0023
0.0035
0.0023
0.0023
0.0022
0.0035
0.0024
0.0021
0.0021
0.0019
0.0019
0.0019
0.0018
0.0019
0.002
0.0022
0.002
0.0023
0.0022
0.0023
0.0018
0.0021
0.0016
0.0019
0.0028
0.0022
0.002
0.0018
0.0018
0.0035
0.0024
0.0019
0.0043
0.0024
0.0018
0.0026
0.0045
0.0019
0.0019
0.0018
0.0019
0.0017
0.0017
0.0019
0.0022
0.0016
0.0018
0.0019
0.0025
0.0022
0.002
0.0019
0.0023
0.0017
0.002
0.0019
0.002
0.0018
0.0023
0.0018
0.0019
0.0018
0.0021
0.0019
0.0025
0.0019
0.0018
0.0018
0.0018
0.0019
0.0018
0.0021
0.0019
0.0018
0.0019
0.0017
0.0016
0.003
0.0018
0.0021
0.0019
0.0023
0.0019
0.0021
0.0021
0.0017
0.002
0.0019
0.0017
0.0023
0.0019
0.0019
0.0019
0.0018
0.0026
0.0017
0.0019
0.0019
0.0015
0.0019
0.0024
0.0017
0.0018
0.0017
0.0047
0.0019
0.0019
0.0017
0.0019
0.0018
0.0018
0.0018
0.0018
0.0022
0.0023
0.0018
0.002
0.0019
0.0017
0.0018
0.0017
0.0018
0.002
0.0019
0.0019
0.0019
0.0018
0.0018
0.0019
0.0018
0.0039
0.0019
0.0018
0.0018
0.0017
0.0019
0.0018
0.0019
0.0017
0.002
0.0018
0.0019
0.0017
0.002
0.0019
0.002
0.0058
0.002
0.0019
0.0019
0.002
0.0019
0.0024
0.002
0.0049
0.0017
0.0017
0.0015
0.0019
0.0032
0.0023
0.0022
0.0017
0.0017
0.0016
0.0017
0.0035
0.0028
0.0021
0.002
0.0018
0.0018
0.0017
0.0018
0.0022
0.0016
0.0018
0.0017
0.0018
0.002
0.0019
0.0017
0.0017
0.0017
0.0016
0.0019
0.0018
0.0017
0.0019
0.0018
0.0017
0.0018
0.0018
0.0015
0.0045
0.0016
0.0016
0.0018
0.0017
0.0017
0.0018
0.0016
0.0019
0.0018
0.0019
0.0018
0.0016
0.0033
0.002
0.0033
0.0028
0.0023
0.0022
0.0028
0.0019
0.0017
0.0022
0.0017
0.0018
0.0044
0.0029
0.0017
0.0016
0.0018
0.002
0.0053
0.0018
0.002
0.0016
0.0018
0.0018
0.0019
0.0019
0.0031
0.0022
0.0017
0.0021
0.0019
0.0017
0.0019
0.0017
0.0016
0.0018
0.0016
0.0016
0.002
0.0022
0.0016
0.0015
0.0018
0.0017
0.002
0.0026
0.0019
0.0017
0.0018
0.0018
0.0018
0.0018
0.0017
0.0016
0.0019
0.0016
0.0018
0.0017
0.0029
0.0018
0.0018
0.0017
0.0018
0.0017
0.0016
0.0017
0.0019
0.0016
0.0019
0.002
0.0017
0.0019
0.002
0.0016
0.0018
0.0014
0.0017
0.0018
0.0018
0.0017
0.0018
0.0018
0.0019
0.0017
0.0043
0.0017
0.0018
0.0016
0.0019
0.0017
0.0019
0.0017
0.0018
0.0019
0.0015
0.0019
0.0017
0.0017
0.0018
0.0017
0.0017
0.0016
0.0016
0.0019
0.0019
0.002
0.0016
0.0019
0.0015
0.0016
0.0019
0.0018
0.0016

----------------------------
VideoDecoderEndFrame_D3D11_1
----------------------------
0.0396
0.064
0.1268
0.0829
0.0832
0.0858
0.0867
0.0669
0.0713
0.0648
0.064
0.0641
0.0695
0.0664
0.0632
0.0628
0.0754
0.0663
0.0632
0.0656
0.072
0.059
0.0651
0.0638
0.0598
0.0556
0.0582
0.0703
0.0571
0.0541
0.0623
0.0555
0.0615
0.0759
0.0619
0.0619
0.0549
0.0627
0.0593
0.0539
0.0599
0.0592
0.0628
0.061
0.0618
0.0624
0.0553
0.0577
0.0595
0.058
0.0581
0.0544
0.0575
0.0544
0.0572
0.0652
0.0617
0.0539
0.0574
0.0783
0.0584
0.058
0.0539
0.0574
0.057
0.0598
0.0543
0.0524
0.0549
0.0559
0.0542
0.0646
0.088
0.0726
0.0663
0.0594
0.0623
0.0622
0.0857
0.0664
0.086
0.0579
0.0675
0.0549
0.0638
0.0847
0.0645
0.0561
0.0525
0.0556
0.0706
0.0554
0.0553
0.0543
0.0596
0.0552
0.0541
0.0668
0.0609
0.0812
0.0952
0.0586
0.0553
0.0745
0.0586
0.0677
0.0586
0.0538
0.0877
0.0598
0.0594
0.0926
0.086
0.0532
0.0835
0.0542
0.0548
0.0891
0.0611
0.053
0.0782
0.1115
0.0629
0.0591
0.0606
0.0598
0.0607
0.0601
0.0605
0.0565
0.0592
0.0553
0.0883
0.1144
0.0602
0.0637
0.0593
0.0572
0.0604
0.0591
0.0575
0.0607
0.0581
0.0601
0.0587
0.0596
0.0569
0.0583
0.0568
0.0563
0.0622
0.0599
0.0554
0.0592
0.0709
0.0553
0.0549
0.064
0.0589
0.054
0.0617
0.066
0.0632
0.0591
0.0598
0.0782
0.1243
0.0621
0.0576
0.071
0.061
0.0571
0.0581
0.0562
0.0621
0.0544
0.0543
0.0576
0.0611
0.058
0.0636
0.0544
0.0553
0.0618
0.0618
0.0638
0.0601
0.0658
0.0667
0.0706
0.0525
0.0614
0.0649
0.0609
0.0657
0.0527
0.062
0.0578
0.068
0.0593
0.0684
0.0561
0.0534
0.0538
0.0799
0.0526
0.0817
0.0571
0.0683
0.0624
0.0611
0.0637
0.0625
0.0577
0.0591
0.0617
0.0656
0.0608
0.0602
0.0604
0.0604
0.0626
0.0702
0.06
0.0602
0.0592
0.0615
0.0632
0.0599
0.0587
0.0589
0.0553
0.0698
0.0581
0.0635
0.0556
0.0644
0.0541
0.0552
0.0595
0.0639
0.0559
0.0564
0.0667
0.0624
0.0566
0.0574
0.0531
0.0681
0.06
0.0653
0.0624
0.0621
0.0618
0.065
0.0601
0.0601
0.0623
0.062
0.059
0.0599
0.0621
0.0581
0.0627
0.0583
0.0612
0.0675
0.0628
0.0611
0.057
0.0617
0.0605
0.0574
0.0621
0.0603
0.0609
0.0842
0.0917
0.0564
0.0716
0.06
0.0679
0.0624
0.0604
0.0648
0.0666
0.0636
0.0616
0.0608
0.0618
0.0622
0.0612
0.0677
0.0596
0.0582
0.0585
0.062
0.0624
0.0571
0.0534
0.0586
0.0619
0.0539
0.0623
0.0624
0.0576
0.0554
0.0575
0.0703
0.0609
0.0615
0.0599
0.0631
0.057
0.0686
0.0565
0.0646
0.0618
0.0649
0.0613
0.0563
0.0671
0.0622
0.0596
0.0677
0.0641
0.0599
0.0588
0.0594
0.0619
0.0621
0.0604
0.0651
0.06
0.0595
0.0619
0.0608
0.0597
0.0639
0.0615
0.0586
0.0681
0.0589
0.0622
0.0681
0.0625
0.0613
0.0619
0.0621
0.0579
0.0621
0.0608
0.0637
0.0614
0.0579
0.0622
0.0676
0.0625
0.0616
0.0638
0.062
0.0595
0.0611
0.0635
0.0611
0.0618
0.0616
0.0674
0.0572
0.0667
0.0596
0.0711
0.0659
0.0615
0.0643
0.0609
0.0561
0.0687
0.0574
0.0617
0.0587
0.0628
0.0612
0.0587
0.0707
0.0624
0.0586
0.0612
0.0578
0.0601
0.0674
0.0639
0.0593
0.0622
0.059
0.0596
0.0622
0.0592
0.0601
0.0566
0.0714
0.0614
0.0598
0.0639
0.0607
0.0616
0.0593
0.0595
0.0643
0.0585
0.0604
0.0623
0.0597
0.0574
0.0637
0.0622
0.0599
0.0639
0.0626
0.0582
0.0684
0.0602
0.0657
0.0616
0.0614
0.0616
0.0592
0.0613
0.0573
0.0586
0.06
0.0621
0.0677
0.06
0.0579
0.0669
0.0588
0.0593
0.0626
0.0625
0.0679
0.0621
0.058
0.0595
0.0562
0.0583
0.0574
0.0571
0.0565
0.0601
0.0576
0.0613
0.0555
0.0614
0.0593
0.0602
0.0614
0.0602
0.0576
0.0533
0.0584
0.0566
0.056
0.0538
0.0646
0.0548
0.0584
0.06
0.0616
0.0577
0.061
0.0537
0.0542
0.0553
0.0637
0.0592
0.06
0.0626
0.0597
0.0567
0.055
0.0563
0.0527
0.0631
0.0537
0.0721
0.0608
0.0586
0.105
0.0582
0.0644
0.0539
0.0666
0.0621
0.063
0.0571
0.0595
0.0571
0.054
0.0528
0.0591
0.0528
0.0547
0.0545
0.0629
0.0533
0.062
0.063
0.0617
0.0555
0.0601
0.0571
0.0531
0.0572
0.0595
0.0579
0.0546
0.0654
0.0553
0.0599
0.0615
0.0623
0.0613
0.0618
0.0561
0.0582
0.062
0.0524
0.0526
0.0543
0.0529
0.0541
0.0533
0.0588
0.0564
0.0644
0.0546
0.0602
0.0614
0.0596
0.0542
0.0601
0.053
0.0549
0.0599
0.0594
0.0608
0.0555
0.0558
0.0555
0.0526
0.0583
0.0563
0.0521
0.0547
0.0529
0.0556
0.0547
0.0593
0.0549
0.0545
0.0662
0.0565
0.0651
0.056
0.0593
0.0608
0.056
0.0578
0.0645
0.0593
0.0615
0.0532
0.0672
0.056
0.0629
0.0536
0.0648
0.0554
0.0535
0.0526
0.0584
0.0545
0.0571
0.0603
0.0579
0.0548
0.0562
0.0538
0.0604
0.0696
0.0529
0.0619
0.0572
0.0608
0.0537
0.0563
0.0539
0.0577
0.0609

---------------------------------
VideoDecoderSubmitBuffers_D3D11_1
---------------------------------
10.801
3.8625
7.134
4.2905
12.5607
4.4622
5.4691
1.1687
1.0227
0.8509
1.1771
1.0472
0.7059
1.2545
1.0178
0.841
3.2888
2.8865
0.7076
0.5374
0.6676
0.7914
0.6351
0.5714
0.5551
0.4454
0.5772
0.5708
0.7425
0.7696
0.4972
0.6849
0.7151
0.9346
0.5525
0.782
0.7261
0.8339
0.8122
0.7716
0.6973
0.49
0.4759
0.4527
0.462
0.681
0.8031
0.7912
0.8079
0.8059
0.7746
0.788
0.6093
0.4609
0.6268
0.5512
0.4746
0.444
0.4477
0.4825
0.7372
0.7818
0.776
0.8727
0.7392
0.8574
0.4582
0.4317
0.436
0.6439
0.8442
0.5857
0.5065
0.4966
0.7709
0.7095
0.8389
0.6871
0.8418
0.7067
0.7888
0.6913
0.803
0.7847
0.5513
0.5136
0.5122
0.5437
0.4271
0.4491
0.5971
0.4473
0.4244
0.4536
0.4745
0.7392
0.449
0.5889
1.944
0.525
0.5154
0.4556
0.6076
0.7909
0.5112
0.5213
1.724
0.4831
0.4976
0.6458
0.8376
0.4937
2.2118
0.5127
0.4555
1.6896
0.5126
0.4958
0.6483
0.6995
0.4544
0.5432
0.446
0.5054
0.4968
0.477
0.4855
0.4804
0.4707
0.4326
0.7302
1.0518
0.493
0.5021
0.4896
0.5123
0.4581
0.4357
0.4391
0.4805
0.4339
0.4841
0.4359
0.4612
0.4696
0.4926
0.4368
0.4664
0.4583
0.4316
0.5921
0.5511
0.4724
0.4275
0.4483
0.4903
0.4479
0.7931
0.514
0.4511
0.6899
0.7512
0.4721
0.5663
1.6772
0.4992
0.5939
0.5024
0.5009
0.5157
0.4845
0.482
0.7313
0.4358
0.463
0.4746
0.4755
0.7473
0.5467
0.4583
0.7736
0.4628
0.461
0.8433
0.5256
0.4899
0.5957
0.8401
0.7527
0.9306
0.6674
0.517
0.6851
0.5337
0.9369
0.6178
0.5304
0.5103
0.5223
0.4533
0.47
0.4901
0.4486
0.826
0.6834
0.4498
0.6495
0.4681
0.4569
0.5469
0.4468
0.5057
0.469
0.4462
0.4791
0.4666
0.4668
0.4808
0.4314
0.4683
0.4387
0.4696
0.4592
0.4581
0.4936
0.4675
0.4818
0.4604
0.4885
0.4657
0.5075
0.5915
0.6251
0.5197
0.5719
0.4834
0.4619
0.5101
0.5113
0.5018
0.5477
0.4493
0.4512
0.4843
0.5102
0.5048
0.4504
0.4936
0.4172
0.4737
0.4759
0.4849
0.4895
0.4857
0.4393
0.4846
0.4875
0.4623
0.4785
0.4817
0.4387
0.4896
0.4431
0.4744
0.4414
0.4705
0.4611
0.4733
0.4947
0.4514
0.481
0.486
0.4355
0.4901
0.4545
0.4478
0.5014
0.7021
0.4733
0.6233
0.502
0.6024
0.4793
0.5604
0.5011
0.6003
0.5138
0.5054
0.4875
0.4828
0.4738
0.4672
0.4766
0.472
0.4605
0.4349
0.4869
0.4943
0.5121
0.4586
0.4826
0.4755
0.437
0.4878
0.5313
0.4902
0.4584
0.4979
0.4714
0.5325
0.4702
0.4754
0.555
0.4638
0.4741
0.4818
0.4582
0.479
0.4378
0.4806
0.4406
0.4683
0.4471
0.4713
0.4653
0.452
0.4716
0.458
0.45
0.4809
0.4966
0.4712
0.46
0.4734
0.4421
0.4619
0.4689
0.4664
0.4773
0.4916
0.4447
0.4622
0.4406
0.4729
0.4553
0.4762
0.4651
0.468
0.4854
0.4883
0.4662
0.4848
0.4326
0.4773
0.4487
0.4854
0.4679
0.4724
0.4663
0.4772
0.4688
0.434
0.4877
0.4991
0.4957
0.4681
0.4663
0.4645
0.4671
0.4672
0.4692
0.4512
0.4665
0.4674
0.4672
0.4836
0.441
0.465
0.4459
0.4752
0.4765
0.4436
0.4777
0.4711
0.4548
0.4801
0.4718
0.4671
0.4876
0.4838
0.4427
0.4766
0.4642
0.4456
0.4324
0.4708
0.4959
0.4824
0.4773
0.4442
0.4691
0.4655
0.4793
0.4352
0.4725
0.4469
0.483
0.4748
0.4788
0.4758
0.4712
0.4539
0.4853
0.4421
0.4797
0.4372
0.4661
0.4297
0.4784
0.4353
0.4694
0.4485
0.4706
0.4382
0.4897
0.4851
0.456
0.4727
0.4495
0.474
0.4875
0.4752
0.43
0.4785
0.4405
0.4867
0.4575
0.4678
0.4511
0.6072
0.4922
0.5408
0.5798
0.8679
0.874
0.7553
0.9771
0.7552
0.7663
0.8128
0.8622
0.8376
0.8831
0.7961
0.8292
0.9139
0.7682
0.9109
0.7076
0.4276
0.4334
0.9004
0.7863
0.8185
0.8642
0.7556
0.7
0.8014
0.8174
0.7528
0.8557
0.8407
0.7822
0.9434
0.6644
0.8692
0.8136
0.7963
0.8612
0.8873
0.7144
0.8101
0.4286
0.6416
0.7923
0.9486
0.7633
0.5652
0.488
0.5105
0.4887
0.4763
0.4396
0.5005
0.4664
0.4528
0.6092
0.8399
0.7508
0.7104
0.8438
0.7157
0.873
0.8389
0.8299
0.8346
0.8601
0.4414
0.6883
0.8267
0.6847
0.6725
0.7837
0.5457
0.6109
0.861
0.7588
0.7969
0.8106
0.7321
0.8521
0.7795
0.8538
0.7421
0.8814
0.6577
0.4521
0.4337
0.5067
0.443
0.4474
0.4642
0.4443
0.5097
0.8012
0.8421
0.7785
0.843
0.8842
0.798
0.897
0.7373
0.8227
0.794
0.8358
0.7847
0.8494
0.7472
0.8887
0.7776
0.8513
0.8056
0.8585
0.7105
0.8937
0.432
0.5553
0.8323
0.8211
0.4488
0.9047
0.8356
0.8239
0.83
0.7872
0.7556
0.8181
0.631
0.4623
0.4453
0.6494
0.8042
0.8548
0.8743
0.8179
0.8403
0.7958
0.4275
0.8305
0.8538
0.4716
0.5074
0.4822
0.6363
0.8354
0.8577
0.7341
0.8554
0.7322
0.9098
0.8098
0.452
0.4451
0.4872
0.4573
0.6763
0.9417
0.469
0.5092
0.8945

