---------------------------------------------
CalcPrivateVideoDecoderOutputViewSize_D3D11_1
---------------------------------------------
0.0022
0.0011
0.001
0.0015
0.0014
0.0009
0.0027
0.0019
0.0016
0.0031
0.0015
0.0012
0.0012
0.0027
0.0018
0.001
0.001
0.0008
0.0012
0.0019
0.0015
0.0016
0.001
0.001
0.0016
0.0015
0.002
0.0014
0.0036
0.0019
0.0019
0.0038
0.0015
0.0019
0.0019
0.0023
0.0018
0.0018
0.0022
0.0025
0.0017
0.0051
0.0044
0.0013
0.002
0.0014
0.0015
0.0013
0.0017
0.002
0.0019
0.0016
0.0012
0.0024
0.0014
0.0023
0.0012
0.0022
0.0026
0.0013
0.0021
0.0011
0.0019
0.0059
0.0015
0.0013
0.0018
0.0019
0.0014
0.0016
0.0012
0.0026
0.0021
0.0013
0.001
0.0011
0.0015
0.0021
0.0019
0.0012
0.0012
0.0011
0.0014
0.0035
0.0013
0.0015
0.0013
0.0016
0.0016
0.0017
0.0019
0.0012
0.0015
0.0016
0.0042
0.0035
0.0011
0.001
0.0012
0.0008
0.0008
0.0012
0.0008
0.0016
0.0009
0.0014
0.0008
0.001
0.0015
0.0011
0.0033
0.0015
0.0015
0.0015
0.0016
0.0013
0.0013
0.0011
0.0013
0.0012
0.0017
0.001
0.0013
0.0009
0.001
0.0011
0.0016
0.0011
0.0015
0.001
0.0016
0.001
0.0012
0.0011
0.0012
0.0012
0.0013
0.0014
0.0012
0.0014
0.0014
0.0024
0.0007
0.0054
0.0009
0.0007
0.0014
0.0016
0.0013
0.0014
0.0028
0.0016
0.0015
0.0012
0.0013
0.0013
0.0014
0.0013
0.0012
0.001
0.0018
0.0018
0.0014
0.0011
0.002
0.001
0.0013
0.001
0.0011
0.0052
0.001
0.0008
0.0014
0.0016
0.0014
0.0012
0.0008
0.0014
0.0007
0.0017
0.0009
0.0013
0.0014
0.0008
0.0009
0.0008
0.0008
0.0011
0.0009
0.0015
0.0011
0.0011
0.0013
0.002
0.0013
0.0014
0.0013
0.0035
0.0012
0.0034
0.0017
0.0016
0.002
0.0018
0.0016
0.0016
0.0013
0.0016
0.001
0.001
0.0043
0.0041
0.001
0.0012
0.0008
0.0011
0.0008
0.001
0.0009
0.0011
0.001
0.0011
0.0008
0.0015
0.0015
0.001
0.0012
0.0014
0.0011
0.001
0.0023
0.0026
0.0021
0.0016
0.0018
0.0016
0.0011
0.0016
0.0012
0.0009
0.0014
0.0012
0.0016
0.0009
0.002
0.0011
0.0021
0.0013
0.0013
0.001
0.0009
0.0015
0.001
0.0013
0.0014
0.0009
0.0008
0.001
0.0008
0.0014
0.001
0.0012
0.0014
0.0013
0.0007
0.0014
0.0011
0.0019
0.0023
0.0014
0.0014
0.0013
0.0011
0.0033
0.001
0.0011
0.0016
0.0037
0.0009
0.0014
0.0017
0.0016
0.0021
0.0022
0.0019
0.0016
0.0018
0.0011
0.001
0.0017
0.0021
0.0016
0.0021
0.002
0.0018
0.0018
0.0022
0.0018
0.0011
0.0013

-----------------------
CodechalDecode::Execute
-----------------------
1.071
0.7609
0.8801
0.4685
0.4843
0.295
0.3307
0.324
0.8608
0.7464
0.7069
0.7826
0.2718
0.2645
0.2959
0.7576
0.3086
0.41
0.2646
0.2664
0.2371
0.2656
0.2442
0.2797
0.2725
0.2596
0.2817
0.2998
0.2793
0.3011
0.2771
0.2849
0.2653
0.2928
0.2695
0.302
0.273
0.2965
0.3141
0.3243
0.2677
0.2544
0.3053
0.2508
0.2883
0.2704
0.2651
0.2417
0.3766
0.2797
0.2646
0.2838
0.2489
0.3278
0.3102
0.2752
0.2472
0.2906
0.27
0.2693
0.2657
0.2433
0.3609
0.352
0.2531
0.2493
0.2835
0.2548
0.2729
0.2666
0.2251
0.2532
0.2689
0.2483
0.2571
0.2593
0.2805
0.2636
0.2627
0.2433
0.2419
0.231
0.286
0.2401
0.2704
0.2782
0.238
0.2329
0.2232
0.2611
0.3438
0.236
0.2688
0.2568
0.261
0.2605
0.2506
0.2515
0.2704
0.2427
0.2535
0.2624
0.2436
0.2926
0.2439
0.2776
0.2477
0.2506
0.2746
0.2617
0.2598
0.2735
0.2666
0.2711
0.2564
0.2713
0.2645
0.2475
0.2456
0.2519
0.2645
0.2537
0.2528
0.257
0.256
0.2627
0.2553
0.2937
0.2631
0.247
0.2611
0.2521
0.2532
0.2668
0.2527
0.2663
0.264
0.2577
0.264
0.2734
0.2549
0.2515
0.2269
0.2751
0.2639
0.237
0.2822
0.2573
0.2393
0.2591
0.2659
0.2536
0.262
0.2426
0.2534
0.2608
0.2642
0.2516
0.2621
0.2562
0.2762
0.3448
0.2707
0.245
0.2818
0.2596
0.2642
0.2558
0.2592
0.2425
0.2471
0.26
0.2918
0.3101
0.3002
0.278
0.2394
0.2623
0.2393
0.27
0.2511
0.2458
0.2556
0.264
0.2416
0.2502
0.2402
0.2554
0.2404
0.2921
0.2622
0.2522
0.2488
0.2675
0.2524
0.3017
0.2445
0.3587
0.2683
0.2744
0.2762
0.2672
0.2902
0.3256
0.314
0.2693
0.3458
0.2984
0.2617
0.2425
0.29
0.2509
0.2322
0.2475
0.2629
0.2565
0.2485
0.2541
0.238
0.2523
0.2385
0.2403
0.2524
0.2663
0.2412
0.2743
0.2452
0.2524
0.2529
0.2478
0.3202
0.3163
0.3039
0.2566
0.2907
0.3091
0.2521
0.2633
0.2383
0.2405
0.2497
0.2404
0.242
0.2356
0.295
0.2492
0.3186
0.2527
0.2628
0.2482
0.2504
0.2775
0.2492
0.2391
0.2638
0.2525
0.241
0.2529
0.2428
0.2852
0.2493
0.2608
0.2616
0.2692
0.2529
0.2606
0.3032
0.2971
0.2369
0.2606
0.2477
0.3082
0.231
0.2608
0.352
0.2463
0.2667
0.2536
0.2486
0.2836
0.2944
0.2557
0.31
0.2856
0.2854
0.246
0.2599
0.6636
0.6671
0.6787
0.9933
0.7316
1.039
0.9767
1.0162
1.0087
0.9944
1.1406
0.2728
0.2446

---------------------------------------
CodechalDecodeHevcG12::DecodeStateLevel
---------------------------------------
0.157
0.261
0.468
0.1833
0.6184
0.1442
0.1981
0.1579
0.1805
0.1538
0.0504
0.142
0.0737
0.1402
0.0775
0.1408
0.0407
0.1259
0.0368
0.1217
0.0421
0.1208
0.0423
0.1315
0.0393
0.1233
0.0368
0.1212
0.041
0.1449
0.5139
0.1336
0.0453
0.1584
0.137
0.1527
0.0362
0.125
0.0379
0.1246
0.0332
0.1129
0.043
0.122
0.0364
0.1157
0.0452
0.1273
0.0451
0.13
0.0349
0.1251
0.0413
0.1253
0.0479
0.131
0.0398
0.1109
0.0452
0.1377
0.0438
0.121
0.0506
0.1201
0.0397
0.121
0.043
0.1316
0.0396
0.1169
0.0442
0.1372
0.0382
0.1258
0.0417
0.1383
0.0478
0.1386
0.0574
0.137
0.0437
0.1194
0.0363
0.1157
0.0468
0.1336
0.0351
0.1153
0.0467
0.1232
0.0408
0.1264
0.0398
0.1179
0.0369
0.1099
0.0456
0.1906
0.0362
0.131
0.0381
0.1183
0.0442
0.1254
0.0351
0.1163
0.0513
0.1444
0.0576
0.13
0.0421
0.1248
0.0346
0.115
0.0417
0.1292
0.043
0.1081
0.0427
0.1158
0.0351
0.1251
0.0403
0.1077
0.0943
0.1393
0.0936
0.1347
0.0378
0.1147
0.0346
0.1158
0.043
0.1303
0.0364
0.1183
0.0405
0.1274
0.0389
0.1194
0.0329
0.1053
0.0385
0.1167
0.0396
0.1218
0.0344
0.118
0.035
0.1221
0.0375
0.1242
0.042
0.1283
0.0383
0.1256
0.0396
0.1201
0.0368
0.1129
0.0339
0.1134
0.0308
0.1082
0.0431
0.1246
0.0317
0.1151
0.0424
0.1185
0.0405
0.128
0.033
0.1106
0.0344
0.1063
0.0338
0.0957
0.0365
0.1229
0.0869
0.1374
0.0373
0.1054
0.0401
0.1171
0.0395
0.1175
0.0377
0.1176
0.0381
0.1189
0.0342
0.1174
0.035
0.1177
0.0365
0.1297
0.0318
0.1121
0.0371
0.1169
0.0352
0.1216
0.0387
0.1072
0.0458
0.1276
0.0318
0.1125
0.0406
0.1308
0.0343
0.1171
0.0333
0.12
0.041
0.1237
0.0379
0.1218
0.0358
0.1205
0.0403
0.1186
0.0389
0.1262
0.0385
0.1262
0.033
0.1212
0.0398
0.1251
0.0361
0.1277
0.0339
0.1178
0.0384
0.1024
0.0361
0.1195
0.0389
0.1238
0.0364
0.1124
0.0336
0.1172
0.034
0.1223
0.034
0.1216
0.0366
0.1251
0.0357
0.1175
0.047
0.131
0.0365
0.1236
0.0329
0.1154
0.038
0.1217
0.0342
0.1164
0.0342
0.1161
0.037
0.1234
0.0364
0.1176
0.0373
0.1206
0.0366
0.1263
0.0364
0.1209
0.0359
0.1229
0.0375
0.1278
0.034
0.119
0.0327
0.1159
0.0315
0.1064
0.0432
0.1251
0.0349
0.1237
0.0326
0.1118
0.0418
0.1298
0.0354
0.1212
0.0373
0.1002
0.0357
0.1205
0.0386
0.1232
0.0386
0.1132
0.0379
0.1201
0.0334
0.1117
0.0348
0.1185
0.0355
0.1236
0.0368
0.1235
0.0351
0.1165
0.0392
0.1214
0.0399
0.1116
0.0384
0.1273
0.0456
0.1644
0.0353
0.1342
0.033
0.1161
0.0424
0.1298
0.0368
0.1246
0.0375
0.1229
0.0388
0.1173
0.0373
0.121
0.0326
0.1155
0.0336
0.1181
0.0403
0.1169
0.0451
0.1263
0.0361
0.1622
0.0408
0.1573
0.0422
0.123
0.0311
0.1119
0.0376
0.1205
0.0379
0.0988
0.0383
0.1244
0.0348
0.1167
0.0353
0.1103
0.0372
0.1172
0.0387
0.1185
0.0319
0.1126
0.0328
0.1167
0.0322
0.1118
0.0351
0.1199
0.0318
0.1133
0.0434
0.1357
0.038
0.1181
0.0389
0.1132
0.0342
0.1184
0.0371
0.1231
0.0337
0.1206
0.046
0.1335
0.034
0.1147
0.046
0.1747
0.0418
0.1209
0.0459
0.1204
0.0379
0.1257
0.0366
0.1215
0.0413
0.1305
0.0452
0.1521
0.0503
0.1356
0.0398
0.1245
0.0456
0.1662
0.0432
0.1375
0.0413
0.1057
0.0326
0.1129
0.0403
0.1343
0.034
0.1114
0.0326
0.1055
0.0353
0.1142
0.0416
0.1194
0.0379
0.1179
0.0359
0.1136
0.0347
0.1154
0.0313
0.1115
0.0352
0.119
0.032
0.1123
0.0318
0.1122
0.0389
0.116
0.0397
0.1223
0.0326
0.1138
0.0408
0.1216
0.0336
0.1141
0.0341
0.1201
0.0361
0.1198
0.0366
0.1168
0.0485
0.14
0.0534
0.1274
0.0459
0.1301
0.0372
0.1122
0.0421
0.134
0.0466
0.1365
0.0328
0.1229
0.0424
0.12
0.0378
0.0996
0.0355
0.1096
0.0366
0.1151
0.0354
0.1058
0.0333
0.1092
0.0333
0.1074
0.0414
0.1299
0.0361
0.1194
0.0506
0.1335
0.0425
0.1137
0.0382
0.1197
0.0319
0.1164
0.0352
0.1181
0.0415
0.1283
0.034
0.115
0.0324
0.1136
0.0403
0.1223
0.0367
0.1151
0.0327
0.1147
0.0327
0.1229
0.0319
0.1142
0.0429
0.1279
0.0323
0.118
0.0368
0.1209
0.0374
0.1237
0.0384
0.1253
0.0353
0.1143
0.0369
0.121
0.0466
0.1375
0.0371
0.1221
0.0382
0.0987
0.0349
0.1239
0.0376
0.1124
0.0444
0.151
0.0334
0.1082
0.0386
0.118
0.0501
0.1702
0.0355
0.1162
0.0395
0.1217
0.0372
0.1154
0.0384
0.1115
0.038
0.1436
0.0418
0.133
0.0361
0.1179
0.0523
0.1291
0.0436
0.1243
0.0415
0.1269
0.0357
0.1141
0.0376
0.1177
0.0418
0.1175
0.031
0.1079
0.0391
0.1232
0.0554
0.1731
0.0397
0.1227
0.0413
0.1345
0.0432
0.1367
0.0418
0.1169
0.0478
0.1208
0.0429
0.1267
0.0417
0.1223
0.0422
0.1266
0.0377
0.111

-------------------------------------
CodechalDecodeHevcG12::SetFrameStates
-------------------------------------
0.4149
0.0109
0.0092
0.0087
0.0156
0.0096
0.0167
0.0099
0.0103
0.0093
0.0103
0.0096
0.0118
0.0098
0.011
0.0081
0.0104
0.0075
0.0083
0.009
0.0064
0.008
0.0065
0.0083
0.0096
0.0092
0.011
0.0106
0.0121
0.0122
0.0101
0.0105
0.0093
0.0119
0.0091
0.0105
0.0088
0.0121
0.0112
0.0114
0.0092
0.0106
0.012
0.0092
0.0126
0.01
0.0105
0.0075
0.0126
0.0097
0.0099
0.0115
0.0084
0.0116
0.0135
0.0107
0.0094
0.0106
0.0105
0.0114
0.0086
0.0093
0.0117
0.0111
0.0094
0.0093
0.0114
0.0098
0.0093
0.0123
0.0072
0.0087
0.0093
0.0086
0.0089
0.0087
0.0093
0.0087
0.0104
0.0077
0.0072
0.0084
0.0108
0.0091
0.0089
0.0145
0.0077
0.0076
0.0079
0.0085
0.0111
0.0071
0.0106
0.0086
0.0098
0.0091
0.0092
0.007
0.0089
0.0085
0.0077
0.0086
0.0078
0.0111
0.0111
0.0079
0.0071
0.007
0.0112
0.0078
0.0114
0.0114
0.0087
0.0086
0.0131
0.0092
0.0082
0.0071
0.0084
0.0072
0.0091
0.0084
0.0081
0.0077
0.0077
0.0076
0.0097
0.0091
0.0085
0.0074
0.0092
0.0075
0.0089
0.0083
0.0089
0.0088
0.0084
0.0085
0.0079
0.0109
0.0088
0.0089
0.0063
0.01
0.0091
0.0066
0.0098
0.0071
0.0073
0.0086
0.0085
0.0075
0.0094
0.0075
0.0083
0.0079
0.0082
0.0078
0.0095
0.0072
0.009
0.0107
0.0085
0.0071
0.0098
0.0078
0.0119
0.0074
0.0076
0.0073
0.007
0.0097
0.0109
0.0119
0.0084
0.0081
0.0088
0.0076
0.0078
0.0099
0.0074
0.0073
0.0082
0.008
0.007
0.0087
0.0074
0.0071
0.0075
0.0099
0.0083
0.0067
0.0079
0.0085
0.0078
0.0107
0.0072
0.0101
0.008
0.0103
0.0094
0.009
0.0104
0.0139
0.0128
0.0091
0.0105
0.0096
0.0093
0.0071
0.0109
0.0094
0.0087
0.0081
0.0092
0.0084
0.0083
0.0067
0.0073
0.008
0.0078
0.0074
0.0082
0.0094
0.0074
0.0102
0.0073
0.0091
0.0096
0.0072
0.0109
0.0127
0.0166
0.0093
0.0106
0.0127
0.0074
0.0079
0.0083
0.0075
0.0089
0.007
0.0105
0.007
0.0105
0.0072
0.014
0.0073
0.0088
0.0076
0.0068
0.0095
0.0084
0.0065
0.0091
0.0092
0.0066
0.0079
0.0074
0.0107
0.0081
0.0085
0.0089
0.0087
0.0086
0.0079
0.0099
0.0098
0.0076
0.0087
0.0077
0.0116
0.008
0.0083
0.0102
0.0075
0.0113
0.0084
0.0089
0.0098
0.0104
0.0084
0.0121
0.0102
0.0103
0.0089
0.0101
0.0099
0.009
0.0098
0.0132
0.0098
0.0103
0.0105
0.0096
0.0114
0.0102
0.0106
0.0094
0.011

--------------------------
CreateVideoDecoder_D3D11_1
--------------------------
24.1459
21.6269
15.9397
12.88

---------------------------
DestroyVideoDecoder_D3D11_1
---------------------------
14.8834
15.133
42.9222
0

---------------------
DxvaEncodeHEVC_Create
---------------------
23.9232
21.4662
15.776

-----------------------
DxvaEncodeHEVC_EndFrame
-----------------------
0.0019
0.0011
0.0012
0.0015
0.0014
0.0008
0.0014
0.0009
0.0008
0.0017
0.001
0.0007
0.0008
0.0031
0.0008
0.0008
0.0008
0.0007
0.0006
0.0032
0.0006
0.0008
0.0007
0.0007
0.0009
0.0009
0.0009
0.0011
0.0034
0.0009
0.0008
0.0011
0.001
0.0008
0.0008
0.0007
0.0009
0.0008
0.0007
0.0008
0.0011
0.0011
0.0029
0.0006
0.0007
0.001
0.0005
0.001
0.0006
0.001
0.0009
0.0011
0.0008
0.0008
0.0007
0.0008
0.0007
0.0007
0.0006
0.0008
0.0011
0.001
0.0009
0.0031
0.0009
0.0008
0.0008
0.0007
0.0008
0.0007
0.0008
0.0006
0.0009
0.0005
0.0009
0.0008
0.0009
0.0008
0.0007
0.001
0.0006
0.0008
0.0009
0.0008
0.0008
0.0008
0.0008
0.0007
0.0009
0.0005
0.0008
0.0007
0.0007
0.0007
0.0035
0.0008
0.0007
0.0008
0.0006
0.0008
0.0005
0.0006
0.0006
0.0006
0.0005
0.0006
0.0009
0.0006
0.0007
0.0006
0.0009
0.0008
0.0007
0.0006
0.0006
0.0007
0.0006
0.0008
0.0006
0.0007
0.0006
0.0005
0.0007
0.0007
0.0006
0.0006
0.0006
0.0006
0.0006
0.0006
0.0006
0.0006
0.0006
0.0006
0.0006
0.0008
0.0006
0.0005
0.0008
0.0006
0.0007
0.0038
0.0008
0.0005
0.0006
0.0007
0.0006
0.0005
0.0007
0.0005
0.0006
0.0005
0.0007
0.0006
0.0006
0.0005
0.0006
0.0006
0.0006
0.0007
0.0006
0.0006
0.001
0.0006
0.0009
0.0008
0.0005
0.0005
0.0005
0.0007
0.0008
0.0005
0.001
0.0006
0.0006
0.0005
0.0007
0.0006
0.0007
0.0006
0.0007
0.0006
0.0006
0.0005
0.0006
0.0006
0.0007
0.0005
0.0007
0.0005
0.0007
0.0007
0.001
0.0007
0.0007
0.0008
0.0007
0.0005
0.0006
0.0006
0.0007
0.001
0.0008
0.0006
0.001
0.0006
0.0009
0.0006
0.0007
0.0006
0.0007
0.0055
0.0007
0.0005
0.0007
0.0006
0.0005
0.0005
0.0005
0.0009
0.0005
0.0005
0.0011
0.0009
0.0006
0.0006
0.0006
0.0005
0.0009
0.0006
0.0005
0.0006
0.0009
0.0005
0.0005
0.0006
0.0009
0.0005
0.0008
0.0006
0.0007
0.0006
0.0006
0.0006
0.0006
0.0009
0.0005
0.0009
0.0005
0.0008
0.0006
0.0007
0.0007
0.0006
0.0007
0.0009
0.0005
0.0006
0.0019
0.0006
0.0007
0.0006
0.0008
0.0009
0.0013
0.0007
0.0009
0.0011
0.0008
0.0009
0.0008
0.0009
0.001
0.0009
0.0012
0.0009
0.0008
0.0009
0.001
0.0008
0.0007
0.0006
0.001
0.0009
0.0008
0.0008
0.001
0.0009
0.0008
0.0011
0.0011
0.0011
0.0009
0.0011
0.0008
0.0009
0.0008
0.0008
0.0007
0.0006

----------------------
DxvaEncodeHEVC_Execute
----------------------
0.0045
0.0012
16.0105
10.2778
0.5501
7.859
0.6264
3.1203
0.7167
2.4796
0.3298
2.3374
0.3667
1.7048
0.2866
1.9899
0.0213
0.8782
0.0241
0.812
0.0193
0.8833
0.0323
1.443
0.0201
1.4828
0.041
0.8588
0.0254
0.878
0.0242
0.8734
0.0185
1.4791
0.0212
0.854
0.0225
1.4574
0.02
0.8393
0.0191
0.7727
0.0192
0.8515
0.0215
0.8521
0.0154
0.8193
0.0201
1.4929
0.023
1.4424
0.0187
1.4839
0.0241
1.751
0.0169
0.9469
0.0171
0.9172
0.018
0.8285
0.024
1.1088
0.0174
0.9002
0.0212
0.8742
0.0185
0.8783
0.0247
0.8461
0.0253
1.0124
0.0229
0.8093
0.0163
0.8686
0.027
0.849
0.0194
0.9738
0.0298
0.9431
0.0187
0.9302
0.0175
0.8151
0.0166
0.7942
0.0137
1.0058
0.0251
0.7733
0.0151
1.0525
0.022
0.7978
0.0172
0.8973
0.0225
1.0436
0.0245
0.9568
0.016
0.8427
0.0193
0.8544
0.028
0.8178
0.0182
0.8513
0.0177
0.7907
0.0136
0.8033
0.0184
0.8112
0.02
0.8928
0.0338
0.9465
0.029
0.8964
0.0212
0.9418
0.0175
0.8964
0.0184
0.9398
0.0224
0.7952
0.0145
0.7923
0.0248
0.7667
0.0144
0.9241
0.0242
0.8272
0.0159
0.9625
0.0233
0.7845
0.0138
0.9476
0.0231
0.7916
0.0148
0.9301
0.0222
0.8877
0.0185
0.9061
0.0171
0.8624
0.0166
0.7635
0.0146
1.0097
0.0247
0.7752
0.0135
0.853
0.0251
0.9045
0.0223
0.8568
0.0168
0.8937
0.0174
0.8105
0.0209
0.8421
0.0152
0.786
0.0241
0.8465
0.0224
0.7928
0.0171
0.9005
0.0228
0.8096
0.0227
0.8786
0.0213
0.7965
0.0224
0.8598
0.0315
0.8513
0.0288
0.7936
0.0324
0.8141
0.0234
0.7875
0.0324
0.7908
0.0216
0.7606
0.0253
0.8189
0.0259
0.779
0.0323
0.8036
0.0266
0.7633
0.0128
0.8207
0.0148
0.8866
0.0241
0.8211
0.0231
0.7686
0.0155
0.8047
0.014
0.8419
0.0277
0.834
0.0226
0.816
0.0241
0.8216
0.0183
0.8194
0.0266
0.8552
0.0173
0.8093
0.0246
0.8318
0.0196
0.8043
0.0223
0.8277
0.0185
0.7801
0.0267
0.7997
0.0193
0.8111
0.025
0.8279
0.0201
0.8111
0.0309
0.8328
0.0229
0.7915
0.023
0.8185
0.0194
0.7927
0.0224
0.778
0.0197
0.8463
0.0251
0.8361
0.0212
0.8328
0.0246
0.8378
0.0195
0.7907
0.0227
0.8875
0.0212
0.7881
0.0175
0.8162
0.0158
0.8369
0.0201
0.8213
0.0354
0.8302
0.0266
0.7639
0.0305
0.8077
0.0313
0.8669
0.0154
0.7863
0.0183
0.8636
0.0225
0.7927
0.0257
0.8726
0.0173
0.8031
0.0225
0.881
0.017
0.7691
0.0186
0.852
0.0198
0.7968
0.0219
0.8757
0.0216
0.8163
0.0255
0.8426
0.019
0.7877
0.0225
0.9011
0.0229
0.8246
0.0126
0.8288
0.0181
0.8274
0.0254
0.8399
0.0197
0.8014
0.0226
0.824
0.0185
0.8043
0.0214
0.8158
0.0344
0.7988
0.0221
0.8081
0.021
0.7929
0.0212
0.783
0.0182
0.8287
0.0189
0.8085
0.0278
0.8802
0.0327
0.7855
0.0223
0.791
0.0337
0.7894
0.0216
0.8264
0.0196
0.7919
0.0213
0.8982
0.0241
0.797
0.0212
0.8075
0.0333
0.8008
0.0213
0.8361
0.0397
0.7815
0.021
0.8407
0.0332
0.7924
0.0254
0.8274
0.0192
0.7914
0.0228
0.8888
0.0297
0.7918
0.0207
0.8337
0.0265
0.7838
0.0186
0.8699
0.0217
0.8105
0.0183
0.844
0.0198
0.8063
0.0178
0.776
0.0145
0.7898
0.0194
0.7933
0.0158
0.8698
0.0175
0.7711
0.0137
0.922
0.0231
0.8461
0.0212
0.8775
0.0206
0.8527
0.0329
0.8212
0.0211
0.8678
0.7742
0.0186
0.8368
0.0341
0.8053
0.0225
0.7959
0.0328
0.791
0.0227
0.7928
0.0334
0.7969
0.0267
0.852
0.0331
0.799
0.0222
0.7951
0.0325
0.7909
0.0222
0.7673
0.0148
0.926
0.0301
0.7839
0.0148
0.8041
0.0155
0.9118
0.0216
0.9078
0.0211
0.8112
0.0141
0.8058
0.0135
0.7729
0.0178
0.7923
0.0166
0.8476
0.0228
0.7731
0.0187
0.7707
0.0194
0.8284
0.017
0.8469
0.0325
0.8107
0.022
0.7516
0.0123
0.8047
0.0174
0.9261
0.0286
0.7923
0.013
0.8873
0.0209
0.7989
0.0134
0.704
0.0138
0.7626
0.0221
0.8144
0.0149
0.7806
0.0168
0.7956
0.0148
0.8757
0.0333
0.76
0.0153
0.9111
0.0281
0.8395
0.0207
0.8211
0.0251
0.836
0.0225
0.8266
0.0244
0.7882
0.0326
0.7993
0.0228
0.804
0.0328
0.8002
0.0241
0.8417
0.0205
0.7966
0.0224
0.8741
0.0244
0.7966
0.0211
0.7824
0.0325
0.7922
0.0229
0.7824
0.0153
0.9058
0.0213
0.8388
0.0174
0.7685
0.0328
0.8226
1.064
0.0199
0.8146
0.0152
0.886
0.0228
0.8222
0.0154
0.8087
0.0171
0.8854
0.0229
0.8466
0.0185
1.1767
0.0235
1.1162
0.0242
0.8036
0.0195
0.8872
0.0297
0.8282
0.0203
1.0007
0.0265
0.792
0.0156
0.7659
0.013
0.9195
0.0218
0.8047
0.0154
1.9085
0.0167
1.9176
0.0154
1.0506
0.0148
1.9602
0.0173
1.0298
0.0142
1.0457
0.0191
0.9998
0.0198
0.9041
0.0209
1.0649
0.0166
1.0513
0.0189
0.7646
0.0137
1.9459
0.0142
0.9407
0.015
0.7673
0.0137
0.7811
0.0164
0.7743
0.0129
0.0192

----------------
First Frame Time
----------------
152.977

----------------------
HEVC_QueryStatusReport
----------------------
0.5472
0.6209
0.7141
0.3282
0.365
0.2849
0.0198
0.0226
0.0179
0.0311
0.0172
0.0396
0.022
0.0229
0.0169
0.0199
0.0213
0.0188
0.0178
0.0164
0.0198
0.0142
0.0185
0.0211
0.0172
0.0211
0.0152
0.0157
0.0165
0.0218
0.0156
0.0198
0.017
0.0234
0.024
0.0211
0.0151
0.0248
0.0181
0.0282
0.0172
0.0159
0.0156
0.0124
0.0235
0.0115
0.0205
0.0161
0.0211
0.023
0.0146
0.0179
0.0266
0.0171
0.016
0.0126
0.017
0.0179
0.0322
0.0272
0.0196
0.0159
0.0166
0.0208
0.0133
0.0235
0.0132
0.0228
0.0147
0.0216
0.0128
0.0214
0.0137
0.0207
0.0169
0.0154
0.0153
0.0135
0.023
0.0124
0.0238
0.0209
0.0152
0.0159
0.0197
0.014
0.0222
0.0196
0.0159
0.0211
0.0213
0.02
0.021
0.03
0.0274
0.0314
0.0222
0.0313
0.0204
0.0242
0.0246
0.0312
0.0255
0.0117
0.0137
0.0227
0.022
0.0144
0.0129
0.0262
0.0215
0.023
0.0171
0.0253
0.0162
0.0233
0.0183
0.0211
0.0173
0.0253
0.0182
0.0237
0.0188
0.0296
0.0217
0.0218
0.0181
0.0211
0.0185
0.0239
0.0199
0.0232
0.0181
0.0215
0.0198
0.0164
0.0145
0.019
0.0336
0.0253
0.0293
0.029
0.0143
0.0167
0.0213
0.0244
0.016
0.0213
0.0158
0.0176
0.0186
0.0206
0.0205
0.0243
0.0178
0.0204
0.0177
0.0116
0.0171
0.0242
0.0185
0.0214
0.0172
0.0202
0.0325
0.0208
0.02
0.0197
0.0169
0.0174
0.0266
0.0315
0.0211
0.0326
0.0205
0.0184
0.02
0.023
0.02
0.0322
0.0202
0.0355
0.0199
0.0322
0.0241
0.018
0.0216
0.0285
0.0195
0.0253
0.0175
0.0202
0.0169
0.0184
0.0166
0.0134
0.0182
0.0147
0.0158
0.0126
0.0214
0.02
0.0192
0.0316
0.0191
0.0172
0.0332
0.0213
0.0316
0.0214
0.0322
0.0255
0.0319
0.0209
0.0314
0.021
0.0138
0.0285
0.0139
0.0145
0.0202
0.0194
0.0131
0.0123
0.0165
0.0155
0.0213
0.017
0.0184
0.0159
0.0308
0.0208
0.0113
0.0163
0.0267
0.012
0.0195
0.0123
0.0127
0.0208
0.0138
0.0155
0.0138
0.0312
0.0133
0.0265
0.0197
0.0235
0.0213
0.0229
0.0315
0.0215
0.0317
0.0228
0.0192
0.021
0.0231
0.0197
0.0313
0.0215
0.0139
0.0196
0.016
0.0298
0.0178
0.0139
0.0207
0.0142
0.0157
0.0215
0.017
0.0214
0.0222
0.0179
0.0282
0.019
0.023
0.0144
0.0119
0.0203
0.0142
0.0156
0.014
0.0137
0.016
0.0129
0.0173
0.018
0.0192
0.0154
0.017
0.0124
0.013
0.0137
0.0124
0.0152
0.0119
0.0167

--------------------------------------
VideoDecoderBeginFrame_WDDM2_4_D3D11_1
--------------------------------------
0.0065
0.0027
0.0019
0.0024
0.0022
0.0023
0.0044
0.0036
0.004
0.0049
0.0034
0.0043
0.0041
0.004
0.0036
0.0023
0.002
0.0019
0.003
0.0037
0.0031
0.0024
0.0025
0.0085
0.0045
0.0032
0.0036
0.0028
0.0049
0.0037
0.0077
0.0035
0.0063
0.004
0.0035
0.0039
0.0035
0.003
0.0034
0.0045
0.0034
0.0029
0.0053
0.0033
0.0033
0.0029
0.0026
0.0025
0.0035
0.0031
0.003
0.0031
0.0033
0.0038
0.0036
0.0033
0.0023
0.0042
0.0038
0.0033
0.0028
0.0021
0.0041
0.008
0.0036
0.0027
0.0029
0.0027
0.003
0.0026
0.0024
0.0031
0.0027
0.0026
0.0023
0.0028
0.0032
0.0027
0.003
0.0025
0.0044
0.0026
0.003
0.002
0.0026
0.0035
0.0024
0.0027
0.0026
0.003
0.0039
0.0025
0.009
0.0028
0.0066
0.0027
0.0022
0.0024
0.0027
0.0021
0.002
0.0022
0.0022
0.0031
0.0023
0.0022
0.0021
0.002
0.003
0.0031
0.0027
0.0033
0.003
0.0025
0.0026
0.0023
0.0026
0.0019
0.003
0.0023
0.0024
0.0022
0.0022
0.0023
0.0021
0.0019
0.0025
0.0024
0.0035
0.0019
0.0026
0.0022
0.0023
0.0021
0.0022
0.0022
0.0021
0.0023
0.0022
0.0026
0.0027
0.0034
0.002
0.0022
0.0025
0.002
0.0026
0.0023
0.0023
0.0025
0.0022
0.0024
0.0024
0.0021
0.0022
0.0022
0.0021
0.0047
0.0023
0.0025
0.0024
0.0033
0.0031
0.0028
0.0025
0.0022
0.0023
0.0021
0.0025
0.0024
0.002
0.0022
0.0024
0.0035
0.0029
0.0026
0.0021
0.0029
0.0022
0.0028
0.0021
0.002
0.0022
0.0022
0.002
0.0023
0.0024
0.0022
0.0023
0.0027
0.0023
0.0022
0.0021
0.0022
0.002
0.0025
0.0027
0.0023
0.0026
0.0031
0.0027
0.0034
0.0041
0.0028
0.0032
0.0028
0.0032
0.0032
0.0023
0.0022
0.005
0.0044
0.0023
0.0023
0.0021
0.0021
0.002
0.002
0.0022
0.0023
0.0021
0.0019
0.0022
0.003
0.0023
0.0026
0.002
0.0023
0.0023
0.0026
0.0044
0.0049
0.004
0.0024
0.0039
0.0028
0.0021
0.004
0.003
0.0021
0.0023
0.0025
0.0024
0.0025
0.0035
0.0022
0.0043
0.0022
0.0028
0.0019
0.002
0.0027
0.0023
0.002
0.0024
0.0023
0.0019
0.0031
0.0023
0.0027
0.0025
0.002
0.0022
0.0022
0.002
0.0023
0.0029
0.0032
0.0038
0.0029
0.0075
0.0045
0.0028
0.003
0.0032
0.0022
0.0035
0.0029
0.0022
0.0028
0.0034
0.0024
0.0032
0.0035
0.0057
0.003
0.0032
0.003
0.0023
0.0033
0.0045
0.0031
0.0042
0.0034
0.0038
0.0033
0.0038
0.0034
0.0023
0.0024

----------------------------
VideoDecoderEndFrame_D3D11_1
----------------------------
0.0359
0.0556
0.0957
0.1207
0.1089
0.1018
0.0047
0.1409
0.0034
0.0047
0.0628
0.0054
0.0684
0.0062
0.07
0.0033
0.0647
0.0044
0.0653
0.0052
0.066
0.0027
0.0577
0.0033
0.0025
0.0025
0.0575
0.0543
0.0947
0.1222
0.0026
0.005
0.082
0.0029
0.0634
0.0025
0.0569
0.0028
0.0609
0.0026
0.0585
0.0027
0.0575
0.005
0.066
0.0021
0.0602
0.0025
0.0771
0.0024
0.0583
0.0025
0.0577
0.0029
0.0646
0.0027
0.0628
0.0029
0.0647
0.0034
0.0618
0.0053
0.0632
0.0043
0.0593
0.0027
0.0654
0.0034
0.0596
0.0031
0.0621
0.0028
0.0629
0.0027
0.0614
0.0023
0.0619
0.0031
0.0618
0.0029
0.0673
0.0024
0.0585
0.0035
0.0566
0.0035
0.0718
0.0032
0.0616
0.005
0.0596
0.002
0.0817
0.002
0.0622
0.0032
0.0567
0.002
0.0598
0.0033
0.0585
0.0024
0.1643
0.0027
0.0349
0.0032
0.0561
0.0031
0.0587
0.0023
0.0619
0.0024
0.1066
0.002
0.0588
0.003
0.0594
0.0024
0.0564
0.0029
0.037
0.0019
0.1089
0.0025
0.0367
0.0033
0.0585
0.0033
0.0368
0.0031
0.0592
0.0053
0.0358
0.003
0.0023
0.0024
0.0586
0.0548
0.0025
0.0329
0.0026
0.0662
0.0022
0.0335
0.0031
0.0603
0.002
0.034
0.0033
0.0655
0.002
0.0342
0.0029
0.0595
0.0031
0.0307
0.0029
0.0557
0.0029
0.0572
0.0023
0.0407
0.003
0.0583
0.0022
0.0556
0.0026
0.057
0.003
0.0553
0.0027
0.0326
0.0027
0.0581
0.0027
0.0601
0.0024
0.1085
0.0022
0.028
0.0027
0.0631
0.0022
0.0318
0.0031
0.0571
0.0023
0.031
0.0025
0.0566
0.0022
0.0299
0.0052
0.0599
0.0025
0.0584
0.0023
0.0315
0.0028
0.0597
0.0023
0.032
0.0022
0.0602
0.0022
0.0585
0.0021
0.0599
0.0023
0.0311
0.0022
0.0612
0.002
0.0285
0.0021
0.0571
0.0032
0.0345
0.0022
0.0597
0.0022
0.0339
0.0021
0.0588
0.0026
0.0315
0.0022
0.0582
0.0025
0.0311
0.0019
0.0584
0.0023
0.0566
0.0022
0.0576
0.0021
0.0318
0.0031
0.0583
0.002
0.0335
0.0022
0.0621
0.0024
0.0596
0.002
0.0577
0.0023
0.0314
0.0021
0.06
0.0026
0.058
0.0022
0.0574
0.0021
0.0315
0.002
0.0556
0.002
0.0601
0.0021
0.062
0.0022
0.0325
0.0022
0.0604
0.0022
0.0317
0.0022
0.0571
0.0021
0.0343
0.0023
0.06
0.0027
0.035
0.0021
0.0039
0.0557
0.0561
0.0021
0.0574
0.0022
0.0583
0.0055
0.055
0.0027
0.0604
0.002
0.0575
0.0019
0.0583
0.0023
0.0569
0.0021
0.0625
0.0021
0.0575
0.0027
0.0635
0.002
0.0577
0.0021
0.0351
0.0019
0.0581
0.0023
0.0641
0.0021
0.0549
0.0024
0.0554
0.0019
0.0568
0.0064
0.0616
0.0023
0.0789
0.002
0.0307
0.0025
0.0572
0.0024
0.0573
0.0021
0.0576
0.0026
0.0601
0.0019
0.0558
0.0026
0.0568
0.0025
0.0318
0.002
0.0539
0.0022
0.058
0.0021
0.0584
0.0023
0.138
0.0026
0.0337
0.002
0.0622
0.0034
0.0319
0.002
0.0561
0.0023
0.0315
0.0021
0.0599
0.0024
0.0567
0.0023
0.0339
0.0024
0.0584
0.0019
0.0595
0.0028
0.0303
0.0022
0.0613
0.0022
0.0304
0.002
0.0587
0.0026
0.0568
0.0022
0.065
0.0024
0.058
0.002
0.0334
0.0025
0.0576
0.002
0.0617
0.0024
0.031
0.0024
0.0617
0.0027
0.0572
0.0025
0.0874
0.0031
0.0354
0.0026
0.0658
0.0023
0.0609
0.0024
0.0366
0.002
0.0854
0.0023
0.0732
0.0022
0.0801
0.0029
0.033
0.003
0.0832
0.0022
0.0027
0.036
0.0023
0.0583
0.0329
0.0028
0.0629
0.0023
0.0594
0.0025
0.0312
0.0023
0.0569
0.0026
0.0316
0.0069
0.0612
0.0026
0.0325
0.0022
0.0602
0.0025
0.0558
0.0022
0.0559
0.0025
0.0314
0.0021
0.058
0.0024
0.0303
0.0032
0.0609
0.0018
0.0541
0.0021
0.0565
0.0031
0.0562
0.0033
0.0564
0.0019
0.06
0.0021
0.0599
0.0021
0.068
0.0019
0.0353
0.0024
0.06
0.002
0.0315
0.0022
0.0569
0.0025
0.0622
0.003
0.0595
0.0019
0.0608
0.002
0.0585
0.008
0.0314
0.003
0.0585
0.0019
0.0564
0.0031
0.0582
0.002
0.0576
0.0021
0.0664
0.002
0.0282
0.0019
0.0598
0.0022
0.0332
0.0022
0.0588
0.003
0.0565
0.0022
0.056
0.003
0.0339
0.0021
0.0592
0.0027
0.0313
0.0026
0.0599
0.0025
0.0568
0.0023
0.0325
0.0022
0.0579
0.0026
0.032
0.0026
0.0589
0.0021
0.0564
0.0022
0.0343
0.0035
0.0587
0.0019
0.0587
0.0025
0.0563
0.0019
0.0328
0.0024
0.0621
0.003
0.0616
0.0031
0.0024
0.0564
0.0026
0.0587
0.0035
0.0553
0.0023
0.0313
0.0689
0.0029
0.0602
0.0029
0.0424
0.0032
0.0604
0.0029
0.0333
0.0026
0.0592
0.0044
0.0588
0.0032
0.093
0.0027
0.0364
0.0028
0.0574
0.0026
0.0345
0.0026
0.0634
0.0025
0.0615
0.0023
0.0614
0.0031
0.0616
0.0024
0.0314
0.0025
0.0597
0.0029
0.0764
0.0027
0.0395
0.0028
0.068
0.0024
0.0775
0.0033
0.0745
0.0038
0.0778
0.0033
0.0642
0.0031
0.0665
0.0035
0.0022
0.0709
0.0666
0.0569
0.0029
0.0026
0.0022
0.0022
0.0018

---------------------------------
VideoDecoderSubmitBuffers_D3D11_1
---------------------------------
1.1599
0.7762
0.8933
0.4848
0.5143
0.3108
0.352
0.3451
0.8811
0.7648
0.727
0.8044
0.2907
0.2825
0.3167
0.7721
0.3237
0.4242
0.2824
0.2825
0.252
0.281
0.2577
0.2943
0.2927
0.2774
0.3014
0.3198
0.3007
0.3216
0.2969
0.3086
0.2865
0.3144
0.2885
0.3293
0.2901
0.3186
0.3381
0.35
0.2858
0.2761
0.3295
0.2663
0.3086
0.2919
0.2838
0.2574
0.4008
0.2978
0.2859
0.3026
0.2654
0.3552
0.3319
0.2942
0.2685
0.3129
0.2927
0.2898
0.2834
0.2588
0.3846
0.3756
0.27
0.2664
0.3059
0.273
0.2932
0.283
0.2377
0.2706
0.2875
0.2644
0.2761
0.2763
0.2992
0.2803
0.2836
0.2617
0.2593
0.245
0.3068
0.2568
0.2873
0.2973
0.253
0.2497
0.2391
0.2795
0.367
0.2509
0.2885
0.277
0.2803
0.2782
0.2662
0.2669
0.2895
0.2573
0.27
0.277
0.2573
0.3138
0.2591
0.2959
0.2641
0.2652
0.2948
0.2785
0.2777
0.2932
0.286
0.2905
0.275
0.2898
0.2816
0.2642
0.2627
0.2679
0.2838
0.2713
0.2711
0.274
0.2718
0.2796
0.2734
0.3118
0.2815
0.2625
0.2797
0.2694
0.2704
0.2841
0.2689
0.2836
0.2815
0.274
0.2818
0.2917
0.2737
0.2682
0.2382
0.291
0.2842
0.253
0.3038
0.2743
0.2554
0.2773
0.2842
0.2707
0.2796
0.2586
0.271
0.2789
0.2823
0.2678
0.281
0.2735
0.2968
0.3672
0.2896
0.2594
0.302
0.2769
0.2826
0.2721
0.2754
0.2576
0.2616
0.2753
0.3132
0.3315
0.3183
0.2951
0.2533
0.2806
0.2555
0.2905
0.2688
0.2611
0.2729
0.2815
0.2581
0.2637
0.253
0.2711
0.2532
0.3135
0.2782
0.2681
0.2663
0.2861
0.2697
0.3238
0.2615
0.38
0.2883
0.2933
0.2956
0.2862
0.3106
0.346
0.3356
0.2885
0.3655
0.3181
0.2813
0.2549
0.3121
0.2689
0.2454
0.2661
0.2777
0.2709
0.2621
0.2693
0.2504
0.2666
0.2521
0.2544
0.2677
0.2847
0.2552
0.2932
0.261
0.2695
0.2697
0.2636
0.3453
0.3415
0.3279
0.2722
0.3107
0.3324
0.268
0.2803
0.2559
0.2531
0.2679
0.2565
0.2601
0.2507
0.3183
0.266
0.3447
0.2691
0.281
0.2654
0.267
0.2989
0.2658
0.2543
0.2816
0.2691
0.2568
0.267
0.2555
0.3081
0.2657
0.2764
0.2782
0.2855
0.2661
0.2787
0.3219
0.3177
0.2607
0.2774
0.2666
0.3279
0.2445
0.2873
0.3721
0.264
0.2883
0.2725
0.2637
0.3035
0.315
0.2737
0.333
0.3066
0.3064
0.2619
0.2805
0.684
0.6813
0.7009
1.0184
0.7538
1.0611
0.999
1.0341
1.0311
1.0163
1.2149
0.2893
0.5799

