---------------------------------------------
CalcPrivateVideoDecoderOutputViewSize_D3D11_1
---------------------------------------------
0.0021
0.0017
0.0013
0.0017
0.0017
0.0023
0.0016
0.0008
0.0017
0.0022
0.0009
0.0009
0.0009
0.0019
0.0008
0.0007
0.0007
0.0015
0.0008
0.0033
0.0008
0.0008
0.0013
0.0008
0.0015
0.0008
0.0008
0.0008
0.0018
0.0008
0.0007
0.0006
0.0009
0.0007
0.0008
0.0007
0.0007
0.0009
0.0017
0.0017
0.0009
0.0014
0.002
0.0009
0.0007
0.0016
0.001
0.0014
0.0009
0.0016
0.0011
0.0016
0.0008
0.0016
0.001
0.0017
0.0009
0.0009
0.0005
0.0007
0.0017
0.001
0.0008
0.0026
0.001
0.001
0.0008
0.0011
0.0005
0.0015
0.0009
0.001
0.0007
0.0011
0.0006
0.0009
0.0006
0.0008
0.0006
0.0009
0.0006
0.0017
0.001
0.0011
0.0008
0.0008
0.0008
0.002
0.001
0.0008
0.0008
0.001
0.0007
0.0007
0.0027
0.0015
0.0009
0.0011
0.0007
0.0009
0.0007
0.0009
0.0007
0.0011
0.001
0.0011
0.0015
0.0011
0.0015
0.001
0.0021
0.001
0.001
0.0008
0.0007
0.0016
0.001
0.0018
0.0011
0.0017
0.0008
0.0015
0.0012
0.0014
0.0007
0.0009
0.0016
0.0011
0.0008
0.0019

-----------------------
CodechalDecode::Execute
-----------------------
7.4372
22.4033
19.0327
20.0548
6.1284
1.606
1.1844
1.3242
1.1095
1.0632
1.1079
1.0387
1.0751
0.9715
1.0378
0.9114
1.8861
3.44
0.5193
0.6011
0.535
0.5361
0.5472
0.5535
0.4421
0.4374
0.4197
0.4329
0.4169
0.4311
0.4122
0.4252
0.4179
0.4183
0.4161
0.4146
0.3803
0.4213
0.4485
0.4819
0.444
0.399
0.3975
0.4229
0.3853
0.4635
0.402
0.4462
0.4376
0.4375
0.4054
0.4642
0.395
0.4444
0.4023
0.454
0.4463
0.4277
0.3761
0.3961
2.8107
0.4304
0.4175
0.433
0.3975
0.4024
0.3997
0.3869
0.3761
0.4338
0.4079
0.4172
0.3867
0.4407
0.3937
0.4105
0.4064
0.3812
0.4173
0.4196
0.4107
0.4813
0.4267
0.3973
0.419
0.4058
0.4336
0.4711
0.3794
0.4173
0.3694
0.392
0.3862
0.374
0.4433
0.4361
0.4006
0.4025
0.4237
0.4132
0.3829
0.5044
2.8099
2.503
2.9828
0.6855
2.4411
0.4261
0.4313
0.397
0.4277
0.445
0.3955
0.3833
0.4205
0.439
0.415
0.4362
0.3946
0.4729
0.4421
0.448
0.429
0.4577
0.4103
0.4211
0.4589
0.4375
0.3967
0.4444

---------------------------------------
CodechalDecodeHevcG12::DecodeStateLevel
---------------------------------------
0.5247
5.6852
13.1447
0.2392
8.6815
9.2389
9.9827
5.4912
0.1906
0.1641
0.3421
0.3156
0.2451
0.1948
0.2312
0.2886
0.6986
0.2579
0.6517
0.2485
0.7364
0.2329
0.6566
0.1952
0.6617
0.204
0.5623
0.1989
0.6387
0.1991
0.5459
0.2007
0.4147
1.1911
0.2509
2.5553
0.2093
0.1614
0.2594
0.1696
0.217
0.1703
0.2152
0.1686
0.2234
0.1669
0.2212
0.168
0.1686
0.1257
0.1683
0.1283
0.1661
0.1252
0.1763
0.1263
0.1646
0.1249
0.1742
0.126
0.1618
0.1254
0.1677
0.1309
0.1635
0.125
0.163
0.1264
0.1623
0.1262
0.1598
0.1264
0.1463
0.1201
0.1636
0.1291
0.1738
0.1273
0.1957
0.1247
0.1694
0.1372
0.1565
0.1189
0.1474
0.1291
0.1611
0.1272
0.1532
0.1197
0.1738
0.1308
0.1518
0.1229
0.1704
0.1254
0.1664
0.1304
0.1656
0.1285
0.1562
0.1229
0.1807
0.1296
0.1526
0.1198
0.1664
0.127
0.1511
0.1207
0.167
0.128
0.1684
0.14
0.1652
0.1307
0.1407
0.1184
0.1472
0.1327
0.2139
2.4352
0.1585
0.1475
0.1525
0.1411
0.164
0.1292
0.1507
0.1236
0.1537
0.1244
0.1553
0.119
0.1456
0.1242
0.1414
0.1218
0.17
0.1214
0.1506
0.1279
0.1553
0.1298
0.1498
0.1211
0.1654
0.1319
0.1498
0.1248
0.155
0.1262
0.1562
0.1249
0.1436
0.1219
0.1635
0.126
0.1609
0.128
0.1563
0.1294
0.1827
0.1338
0.1611
0.1329
0.1506
0.1205
0.1588
0.1331
0.1533
0.1185
0.1594
0.1272
0.1822
0.1299
0.1456
0.1183
0.1636
0.1282
0.1421
0.1177
0.1496
0.1235
0.1473
0.1237
0.1421
0.118
0.1662
0.132
0.1604
0.1337
0.1549
0.1244
0.152
0.1209
0.1619
0.1275
0.1518
0.1329
0.1473
0.1196
0.1551
0.1276
0.1687
0.1226
0.1695
0.1238
0.1717
0.1256
0.1713
0.1265
0.1722
0.1331
0.1726
0.1253
0.1618
0.1253
0.1495
0.1212
0.1638
0.1235
0.1674
0.1432
0.1557
0.1187
0.146
0.1189
0.1676
0.124
0.1698
0.128
0.1555
0.1331
0.1664
0.1247
0.1444
0.1194
0.1887
0.1277
0.1789
0.1305
0.1717
0.1326
0.1617
0.1295
0.1886
0.1277
0.153
0.1276
0.1617
0.1247
0.1708
0.1373
0.1709
0.1272
0.1521
0.122
0.1726
0.1248

-------------------------------------
CodechalDecodeHevcG12::SetFrameStates
-------------------------------------
0.9672
8.9024
0.9861
4.4522
5.3485
0.783
0.6294
0.6315
0.04
0.0363
0.0354
0.0328
0.0413
0.0387
0.0365
0.0428
0.1498
0.507
0.035
0.0412
0.0366
0.04
0.0382
0.0364
0.0435
0.0396
0.0366
0.0374
0.0351
0.0363
0.0358
0.0353
0.0346
0.0367
0.0348
0.036
0.0319
0.0356
0.0415
0.0432
0.0375
0.0359
0.0338
0.0344
0.0324
0.0497
0.035
0.0458
0.0385
0.0405
0.036
0.0463
0.0352
0.041
0.0411
0.0521
0.0393
0.0379
0.0368
0.033
0.0399
0.0381
0.0344
0.0395
0.0356
0.0349
0.034
0.0325
0.0314
0.0412
0.036
0.036
0.0332
0.0381
0.0335
0.0387
0.0352
0.033
0.0356
0.0344
0.0351
0.0456
0.0369
0.0339
0.0363
0.0371
0.0481
0.0436
0.0349
0.0361
0.0318
0.0327
0.0331
0.0357
0.0405
0.0388
0.0347
0.0332
0.0367
0.035
0.0324
0.1333
2.4154
2.1066
2.5852
0.2773
2.0345
0.0392
0.0383
0.0349
0.0403
0.0394
0.0331
0.0324
0.0344
0.0389
0.0354
0.0407
0.0424
0.0414
0.0374
0.0404
0.0414
0.0395
0.0346
0.0365
0.0435
0.0395
0.0334
0.0403

--------------------------
CreateVideoDecoder_D3D11_1
--------------------------
20.17

---------------------------
DestroyVideoDecoder_D3D11_1
---------------------------
0

----------------
First Frame Time
----------------
68.9548

--------------------------------------
VideoDecoderBeginFrame_WDDM2_4_D3D11_1
--------------------------------------
0.0066
0.0026
0.0025
0.0035
0.0023
0.0037
0.0025
0.002
0.0022
0.0028
0.002
0.0017
0.0021
0.0034
0.0017
0.0023
0.0041
0.0025
0.0022
0.0027
0.0019
0.002
0.0024
0.0019
0.0029
0.0023
0.0019
0.0019
0.0033
0.002
0.0019
0.0018
0.0019
0.002
0.0019
0.0019
0.0017
0.0018
0.0029
0.0039
0.0019
0.0024
0.0031
0.0018
0.0017
0.0027
0.0022
0.0031
0.0022
0.0034
0.0025
0.0028
0.0023
0.0031
0.0021
0.0035
0.0021
0.0021
0.0016
0.0016
0.0028
0.0023
0.002
0.0038
0.0021
0.002
0.0018
0.0023
0.0017
0.003
0.002
0.0021
0.0018
0.002
0.0016
0.0018
0.0017
0.0017
0.0016
0.0019
0.0015
0.003
0.002
0.0024
0.002
0.0021
0.0019
0.0029
0.0021
0.0021
0.0018
0.0019
0.0021
0.0019
0.0038
0.0027
0.0022
0.0021
0.0017
0.0025
0.0019
0.0018
0.0019
0.0024
0.0026
0.0026
0.0026
0.0029
0.0027
0.002
0.0029
0.0022
0.0022
0.0018
0.0016
0.0028
0.0027
0.0037
0.0023
0.0027
0.0023
0.0027
0.0021
0.0024
0.0018
0.002
0.0029
0.0024
0.0018
0.0032

----------------------------
VideoDecoderEndFrame_D3D11_1
----------------------------
0.039
0.061
0.094
0.0905
0.0673
0.0608
0.0619
0.0651
0.069
0.0735
0.0673
0.075
0.068
0.0658
0.0645
0.0668
0.0643
0.0679
0.0609
0.0683
0.0562
0.0551
0.0585
0.0615
0.0687
0.0608
0.0653
0.0602
0.0617
0.0608
0.0608
0.0619
0.0575
0.0627
0.0596
0.0625
0.0633
0.0557
0.066
0.0601
0.0568
0.0586
0.055
0.0665
0.0596
0.0646
0.0818
0.0658
0.0696
0.0695
0.0565
0.0615
0.0562
0.0604
0.0836
0.0657
0.0621
0.0638
0.0596
0.065
0.0634
0.0529
0.0771
0.1089
0.0604
0.0697
0.0562
0.0526
0.0554
0.0619
0.0588
0.0593
0.0551
0.0614
0.0599
0.0566
0.0568
0.0598
0.0647
0.057
0.0568
0.0596
0.0595
0.0563
0.0583
0.0664
0.0567
0.0634
0.0555
0.0627
0.0602
0.0532
0.0588
0.061
0.0681
0.0675
0.0603
0.054
0.0656
0.0568
0.0537
0.0593
0.0579
0.0572
0.0588
0.0821
0.0564
0.0894
0.1087
0.0574
0.0634
0.0609
0.0533
0.0589
0.0662
0.0562
0.0566
0.0625
0.0565
0.0665
0.0759
0.0616
0.0645
0.0671
0.0643
0.0569
0.0588
0.0608
0.0563
0.0569

---------------------------------
VideoDecoderSubmitBuffers_D3D11_1
---------------------------------
7.5473
22.4194
19.0481
20.0747
6.1448
1.6316
1.2002
1.341
1.1265
1.0807
1.1216
1.054
1.0937
0.9888
1.0515
0.9255
1.9057
3.464
0.5357
0.622
0.5502
0.5581
0.5664
0.5697
0.4628
0.4548
0.4351
0.4482
0.4322
0.4463
0.4274
0.4405
0.4324
0.4337
0.4301
0.4292
0.3934
0.4361
0.469
0.5065
0.46
0.4164
0.4123
0.4375
0.4582
0.7632
0.7509
0.7591
0.7972
0.6263
0.4205
0.5235
0.739
0.7066
0.7675
0.7616
0.7942
0.7334
0.776
0.8596
2.8339
0.4473
0.4329
0.4536
0.4129
0.6847
0.4155
0.4023
0.3887
0.5119
0.7985
0.7778
0.8087
0.8121
0.7724
0.7849
0.8165
0.7602
0.8699
0.7565
0.8152
0.7288
0.7441
0.7154
0.8444
0.7465
0.8022
0.4951
0.3945
0.4346
0.3824
0.4082
0.4029
0.3932
0.4647
0.4557
0.4157
0.5755
0.8373
0.7603
0.7849
0.8395
3.0332
2.5223
3.0023
0.7046
2.462
0.446
0.4508
0.413
0.4521
0.8166
0.4114
0.3978
0.5721
0.4588
0.4318
0.4573
0.4118
0.4969
0.463
0.4701
0.4472
0.5378
0.4265
0.738
0.48
0.4595
0.7082
0.4656

