---------------------------------------------
CalcPrivateVideoDecoderOutputViewSize_D3D11_1
---------------------------------------------
0.0022
0.0016
0.0017
0.0035
0.0022
0.0017
0.0022
0.0011
0.0013
0.0019
0.001
0.0012
0.0008
0.0029
0.001
0.001
0.001
0.0011
0.0017
0.0043
0.0015
0.0008
0.001
0.0033
0.0062
0.0008
0.0011
0.001
0.0033
0.0016
0.001
0.001
0.0029
0.0009
0.0018
0.0014
0.002
0.0014
0.0019
0.0016
0.0023
0.0016
0.0038
0.0015
0.0012
0.0016
0.0015
0.0017
0.0019
0.0017
0.0021
0.0018
0.0017
0.0012
0.0008
0.0009
0.0021
0.0014
0.0016
0.002
0.0011
0.0022
0.0019
0.0037
0.002
0.0017
0.0019
0.0016
0.0019
0.0019
0.0017
0.0017
0.0015
0.0011
0.002
0.0021
0.0014
0.0015
0.0015
0.0017
0.002
0.0017
0.0011
0.0011
0.0015
0.001
0.0011
0.002
0.0011
0.0014
0.0011
0.0013
0.0011
0.0013
0.0051
0.0014
0.0018
0.0019
0.0008
0.001
0.0013
0.0014
0.0012
0.0018
0.0021
0.0024
0.0019
0.0022
0.0019
0.0012
0.002
0.0021
0.0021
0.0023
0.002
0.0025
0.0021
0.0022
0.0019
0.0021
0.0021
0.0017
0.0019
0.0017
0.0019
0.0026
0.002
0.0026
0.002
0.0021
0.0021
0.0018
0.0023
0.0027
0.0021
0.002
0.0019
0.002
0.0022
0.0024
0.002
0.0061
0.0021
0.0019
0.0023
0.002
0.002
0.0019
0.0025
0.0019
0.0021
0.002
0.002
0.002
0.0023
0.0023
0.0026
0.0024
0.002
0.0018
0.0015
0.0022
0.0023
0.0015
0.0009
0.0022
0.0019
0.0024
0.0013
0.0016
0.0021
0.0026
0.0017
0.0018
0.0019
0.0018
0.0023
0.0017
0.0021
0.002
0.0016
0.0039
0.001
0.0009
0.001
0.0018
0.0019
0.0022
0.0023
0.002
0.0016
0.0019
0.0015
0.0009
0.0017
0.002
0.0018
0.002
0.0116
0.0019
0.0017
0.0017
0.0022
0.0019
0.0017
0.0021
0.0016
0.002
0.0016
0.0024
0.0016
0.0029
0.0009
0.0015
0.0015
0.0016
0.0017
0.0018
0.0017
0.0025
0.0017
0.0017
0.0025
0.0021
0.0015
0.002
0.0019
0.0017
0.0022
0.0017
0.0019
0.0017
0.0017
0.0018
0.0016
0.0021
0.002
0.0022
0.0018
0.0019
0.0019
0.0016
0.0012
0.002
0.0022
0.0015
0.0014
0.0021
0.0016
0.002
0.0043
0.002
0.0019
0.0021
0.002
0.0022
0.0019
0.0021
0.0019
0.0018
0.0018
0.0019
0.0021
0.002
0.0019
0.0014
0.002
0.002
0.0015
0.0019
0.0017
0.0011
0.0008
0.0018
0.0015
0.0019
0.0019
0.0019
0.002
0.002
0.0019
0.0019
0.0019
0.0016
0.0019
0.0018
0.0017
0.0019
0.0015
0.0021
0.0014
0.0016
0.0017
0.0021
0.0019
0.0017
0.0012
0.0015
0.0019
0.002
0.0024
0.0023
0.0016
0.0017
0.0018
0.0018
0.0024
0.0022
0.012
0.0018
0.0021
0.002
0.0018
0.0018
0.0022
0.0018
0.0065
0.0014
0.0012
0.0025
0.0019
0.0022
0.0016
0.0016
0.0015
0.0018
0.002
0.0016
0.0016
0.0019
0.0019
0.0021
0.0021
0.0019
0.0024
0.0029
0.002
0.0024
0.002
0.0022
0.0017
0.0023
0.0017
0.0021
0.0021
0.0017
0.0019
0.0022
0.0024
0.0026
0.0015
0.0021
0.0026
0.0021
0.0022
0.0021
0.002
0.0014
0.0012
0.0014
0.0013
0.0018
0.0014
0.0012
0.001
0.0009
0.002
0.0017
0.0015
0.0022
0.0016
0.0018
0.0023
0.0019
0.002
0.0024
0.0026
0.0021
0.0015
0.0008
0.0018
0.002
0.0019
0.0018
0.0021
0.0023
0.0023
0.002
0.002
0.002
0.0021
0.002
0.0019
0.0021
0.002
0.002
0.002
0.0021
0.0022
0.0014
0.0012
0.0017
0.0018
0.002
0.0026
0.0014
0.0019
0.0021
0.0018
0.0021
0.0022
0.0016
0.0023
0.002
0.0019
0.0019
0.002
0.0019
0.0021
0.0021
0.0021
0.0022
0.0019
0.002
0.0019
0.0021
0.0021
0.0018
0.0025
0.002
0.0017
0.0019
0.0021
0.0019
0.0078
0.0025
0.0124
0.0023
0.0022
0.0023
0.0021
0.0023
0.0021
0.002
0.0022
0.001
0.0013
0.0017
0.0024
0.0022
0.0021
0.0019
0.002
0.002
0.002
0.0019
0.0016
0.0019
0.0022
0.0018
0.0013
0.0013
0.0021
0.0017
0.001
0.0019
0.001
0.0019
0.0021
0.0019
0.0016
0.002
0.0012
0.0017
0.0052
0.0017
0.0012
0.0013
0.001
0.0024
0.001
0.0015
0.0015
0.0017
0.0016
0.0011
0.0016
0.0025
0.002
0.0018
0.0017
0.002
0.002
0.0019
0.0014
0.0031
0.0015
0.0016
0.0023
0.002
0.0021
0.002
0.002
0.0019
0.002
0.002
0.0021
0.0023
0.0021
0.002
0.0014
0.0016
0.002
0.0022
0.0017
0.002
0.0018
0.0017
0.0018
0.0026
0.0018
0.0022
0.002
0.002
0.002
0.0018
0.0022
0.0034
0.0022
0.0021
0.0022
0.0023
0.0023
0.002
0.002
0.002
0.0012
0.0019
0.0022
0.0021
0.0022
0.0025
0.0022
0.0022
0.0025
0.0021
0.0021
0.002
0.0022
0.0021
0.002
0.0016
0.0018
0.002
0.0021
0.002
0.0023
0.0022
0.0023
0.0029
0.002
0.0019
0.0023
0.0022
0.0011
0.0011
0.0012
0.0012
0.0017
0.0019
0.0025
0.0024
0.0021
0.0021
0.002
0.0019
0.0021
0.0021
0.0022
0.0021
0.002
0.0017
0.0017
0.0023
0.0021
0.0019
0.0019
0.0022
0.0021
0.0018
0.0021
0.0028
0.0014
0.002
0.0017
0.0022
0.002
0.0021
0.0019
0.0019

-----------------------
CodechalDecode::Execute
-----------------------
10.641
3.6471
5.8205
3.6713
10.5619
6.04
1.0439
0.8868
0.7702
0.6969
0.6993
0.7661
0.7639
0.7828
0.7098
0.788
0.7854
0.817
1.7887
1.7422
1.2044
1.5895
1.1972
1.6147
0.9781
0.984
0.5802
1.032
0.5845
0.9669
1.0217
1.0384
1.0511
1.0476
1.045
1.0132
0.9678
0.945
0.6694
1.0384
1.0384
1.0114
0.9638
1.1397
0.554
0.5532
0.5927
0.582
0.5859
0.5227
0.5875
0.5019
0.5717
0.5091
0.524
0.5649
0.5625
0.533
0.5524
0.5187
0.5511
0.5947
0.5453
0.5853
0.808
0.6424
0.7811
0.5471
0.6235
0.5665
0.8511
0.663
0.5298
0.5193
0.5882
0.6263
0.5662
0.5916
0.529
0.5823
0.5965
0.5342
0.5641
0.5574
0.526
0.5855
0.5303
0.5839
0.5215
0.5483
0.5386
0.5438
0.5361
0.5492
0.5744
0.589
0.5649
0.5727
1.8114
0.5568
0.5246
0.5421
0.5758
0.5994
0.5583
0.6239
0.5932
0.6343
0.5934
0.5241
0.6421
0.5803
0.6612
0.6108
0.5875
0.6228
0.6585
0.6551
0.6045
0.6426
2.7079
0.5947
0.6109
0.5846
0.5687
0.637
0.621
0.6797
0.5762
0.6311
0.6056
0.6243
0.6182
0.6325
0.5778
0.643
0.6165
0.6437
0.585
0.6307
0.6495
0.646
0.6528
0.5994
0.6289
0.6035
0.5812
0.6327
0.6507
0.6482
0.5799
0.6551
0.6054
0.6295
0.5812
0.6278
0.585
0.6119
0.6591
0.5957
0.5852
0.6237
0.6364
0.5731
0.5188
0.5883
0.611
0.5895
0.5424
0.5901
0.581
0.6616
0.6127
0.6192
0.6131
0.6258
0.608
0.5892
0.624
0.5879
0.6164
1.6013
1.6109
0.7012
0.5387
1.0099
0.9813
1.0032
0.5844
0.5813
1.0158
0.5794
1.1399
0.4951
1.0267
0.9557
0.9941
0.9978
0.9622
0.6514
0.9981
0.981
0.9975
1.009
0.6182
0.9723
1.0225
1.0111
1.0259
1.0389
1.0066
0.5064
0.5179
0.5501
0.5599
1.1356
0.9982
0.972
0.995
1.0109
0.6198
0.9781
0.9583
0.9656
1.0236
1.0617
0.9924
1.0156
0.9831
0.9986
0.9978
0.9868
0.6492
1.5751
1.4848
0.9942
0.6347
1.0035
1.0071
1.0068
0.9909
2.548
0.5564
1.0003
0.9928
0.6515
1.1196
0.9646
0.9854
1.0041
1.0115
1.0126
0.9874
0.5914
0.6237
1.0235
0.9814
0.9679
0.9982
1.0024
0.7111
1.0023
0.9927
0.9489
0.9932
0.5391
0.9558
1.0224
0.6177
1.0597
0.6868
0.521
0.5378
1.0548
0.6902
0.9827
0.7028
0.6506
0.6366
0.6469
0.6448
0.6563
0.5988
0.9972
0.9883
1.0015
0.6677
0.9741
0.6657
0.9958
0.9387
1.0212
1.0086
0.6947
0.7088
0.6394
1.4886
1.016
0.9965
0.6579
0.9812
1.0014
1.0184
1.0162
0.8907
0.9916
0.9962
0.5986
0.6365
0.7409
0.6238
0.7385
0.9723
0.9766
0.9878
1.0088
0.9781
0.9925
0.9491
1.0061
0.5774
0.578
0.5719
0.5907
0.5267
0.6373
0.5756
0.5564
0.5313
0.685
0.6149
0.5887
0.5993
0.5756
0.6071
0.6374
0.5748
0.6406
0.541
0.5906
0.6458
0.6304
0.6156
0.6055
0.6377
0.5303
0.6513
0.5974
0.5931
0.6396
0.5287
0.5588
0.63
0.6421
0.607
0.5925
0.5649
0.5544
0.5689
0.5532
0.5503
0.5898
0.5639
0.5604
0.5151
0.5599
0.6296
0.6043
0.5898
0.6492
0.6033
0.5949
0.6201
0.6253
0.5959
0.6262
0.5731
0.651
0.5358
0.5447
0.5591
0.6206
0.6427
0.6143
0.6291
0.6223
0.584
0.6027
0.6127
0.6184
0.6321
0.5873
0.636
0.5833
0.6217
0.5872
0.6105
0.6306
0.5633
0.5493
0.6198
0.6084
0.6295
0.6071
0.6538
0.5308
0.6348
0.6107
0.6046
0.578
0.6268
0.623
0.6323
0.6091
0.5757
0.6121
0.5938
0.6154
0.6105
0.6054
0.5852
0.6203
0.6416
0.5673
0.6182
0.6105
0.6374
0.5898
0.5866
0.6232
0.6089
0.5663
0.6329
0.5846
0.6287
0.5918
0.6227
0.587
0.63
0.6314
0.5999
0.6347
0.5865
0.5818
0.5931
0.553
0.5942
0.5933
0.6324
0.6479
0.5997
0.617
0.5917
0.6299
0.6386
0.5887
0.5312
0.6111
0.606
0.5641
0.5497
0.5255
0.9943
1.1066
0.544
1.1271
0.5135
1.0156
1.0136
0.9775
0.9751
1.5607
0.5419
1.0294
0.6193
1.5943
1.5595
0.7176
0.5451
0.6
0.4973
0.5474
0.5467
0.7829
0.5451
0.5068
0.5607
0.634
0.6308
0.5645
0.5944
0.5632
0.6515
0.6044
0.5525
0.6278
0.5623
0.5436
0.6047
0.6175
0.6096
0.6293
0.6253
0.5969
0.6165
0.6083
0.5926
0.6389
0.6479
0.6113
0.5454
0.543
0.5885
0.6296
0.5682
0.6348
0.8047
0.5588
0.5587
0.5945
0.5698
0.6673
0.5932
0.6327
0.6127
0.5891
0.5948
0.6353
0.6278
0.6063
0.6599
0.6207
0.6609
0.6126
0.5863
0.6245
0.5232
0.657
0.653
0.6086
0.5836
0.634
0.6556
0.5909
0.6262
0.5985
0.6341
0.6076
0.6569
0.6331
0.5996
0.544
0.6176
0.6479
0.6115
0.5874
0.6202
0.6303
0.6011
0.6194
0.6279
0.5786
0.6298
0.6091
0.5464
0.519
0.6034
0.5169
0.6276
0.5895
0.5811
0.6234
0.5667
0.6117
0.6121
0.612
0.5643
0.6271
0.6486
0.6227
0.6133
0.5961
0.5868
0.6116
0.6464
0.5599
0.6401
0.6167
0.5949
0.584
0.6225
0.568
0.5629
0.6395
0.5522
0.5837
0.605
0.6282
0.6284
0.6126

---------------------------------------
CodechalDecodeHevcG12::DecodeStateLevel
---------------------------------------
0.3449
0.4298
3.9573
0.448
0.2629
0.4022
1.9057
0.2229
2.3062
0.4936
0.2832
2.2963
4.8353
0.2511
4.8246
0.5487
0.2475
4.9661
0.2661
0.2247
0.2663
0.2335
0.1889
0.2255
0.1895
0.1747
0.2129
0.1339
0.1781
0.2099
0.1491
0.1726
0.2098
0.1542
0.1848
0.2166
0.1556
0.1795
0.2154
0.1625
0.1822
0.2299
0.1395
0.1673
0.209
0.1415
0.1722
0.2635
0.1615
0.1834
0.2285
0.176
0.1948
0.2191
1.0957
0.1914
0.2612
1.1076
0.1884
0.214
0.5605
0.1864
0.2223
0.9645
0.1835
0.2212
0.5665
0.1776
0.2311
0.9872
0.1864
0.2301
0.0984
0.1962
0.1624
0.0948
0.1891
0.1642
0.0802
0.1803
0.1632
0.0807
0.166
0.1611
0.0989
0.1694
0.1686
0.0855
0.1917
0.1559
0.0857
0.1816
0.1628
0.09
0.1726
0.1592
0.0788
0.1721
0.1619
0.0762
0.1689
0.1606
0.0937
0.1792
0.1633
0.0827
0.1698
0.1578
0.1059
0.1866
0.1691
0.0892
0.1931
0.1566
0.1099
0.2146
0.1853
0.0924
0.1754
0.162
0.094
0.1782
0.16
0.0867
0.1794
0.1561
0.0864
0.1712
0.1672
0.0994
0.1835
0.1608
0.0801
0.1773
0.1551
0.0881
0.1742
0.1533
0.1078
0.1763
0.1606
0.1086
0.172
0.1555
0.09
0.1928
0.1579
0.081
0.1733
0.1522
0.094
0.1808
0.1648
0.0744
0.1613
0.1498
0.0912
0.1879
0.1545
0.0748
0.1612
0.1506
0.0735
0.1671
0.1636
0.0906
0.1792
0.1551
0.0877
0.1772
0.1608
0.0928
0.1681
0.153
0.0856
0.1722
0.16
0.0828
0.1651
0.1516
0.0863
0.172
0.1591
0.1115
0.1733
0.1538
0.083
0.1676
0.1652
0.0964
0.1742
0.1621
0.1139
0.2597
0.2436
0.0935
0.172
0.221
0.1108
0.2592
0.2344
0.093
0.1679
0.1527
0.0994
0.1749
0.1654
0.0933
0.1754
0.1591
0.1247
0.2691
0.2502
0.1059
0.208
0.1858
0.0791
0.176
0.1543
0.076
0.1609
0.1502
0.09
0.1985
0.1609
0.1021
0.2026
0.1637
0.1015
0.175
0.1576
0.0997
0.1792
0.1577
0.0822
0.1677
0.1525
0.0957
0.1822
0.1586
0.0945
0.19
0.1658
0.0786
0.1745
0.1554
0.0889
0.1737
0.1626
0.0868
0.1747
0.1601
0.0785
0.1694
0.1514
0.1008
0.1841
0.1559
0.0777
0.1641
0.1683
0.0967
0.1897
0.1573
0.0753
0.1704
0.1562
0.0861
0.1769
0.1587
0.0814
0.1766
0.1549
0.0803
0.1764
0.1607
0.0865
0.1663
0.1575
0.0831
0.1757
0.159
0.0926
0.1761
0.1608
0.093
0.1862
0.1636
0.0869
0.182
0.1568
0.094
0.1811
0.1679
0.0871
0.1859
1.1148
0.0892
0.1906
0.1568
0.0804
0.1651
0.1573
0.0807
0.172
0.1524
0.0924
0.1869
0.1623
0.0995
0.1873
0.161
0.0877
0.173
0.1593
0.1003
0.2096
0.1616
0.1039
0.1742
0.1637
0.108
0.1896
0.1794
0.0996
0.1854
0.157
0.0782
0.1665
0.1587
0.1166
0.1863
0.1619
0.0959
0.1744
0.1645
0.1192
0.1968
0.174
0.0984
0.1944
0.1629
0.0927
0.179
0.1678
0.109
0.1954
0.1605
0.1156
0.2048
0.1627
0.1179
0.1868
0.1771
0.1025
0.1815
0.1622
0.1135
0.1841
0.1702
0.0994
0.1932
1.9795
0.0972
0.186
0.1643
0.1035
0.1889
0.1646
0.1101
0.1741
0.1526
0.0947
0.1719
0.1609
0.1093
0.2009
0.1628
0.1104
0.1804
0.1666
0.1219
0.1932
0.185
0.0932
0.1772
0.1624
0.111
0.1917
0.1602
0.1031
0.1878
0.1559
0.1059
0.194
0.1652
0.1115
0.1776
0.1621
0.1077
0.192
0.1587
0.0965
0.1743
0.1644
0.1204
0.1827
0.1584
0.1048
0.1965
0.1628
0.1099
0.1895
0.1568
0.0941
0.1851
0.1606
0.1073
0.188
0.1754
0.122
0.1991
0.1633
0.1142
0.1947
0.1602
0.1192
0.1878
0.1718
0.0997
0.1782
0.1562
0.1029
0.1924
0.1702
0.0988
0.1918
0.1595
0.0927
0.1782
0.1608
0.1076
0.1985
0.1688
0.1152
0.1995
0.1611
0.1078
0.1844
0.1843
0.0947
0.1853
0.1558
0.1221
0.1863
0.1581
0.0956
0.195
0.1621
0.1023
0.1879
0.1743
0.0933
0.1844
0.1596
0.1084
0.1875
0.1745
0.0965
0.186
0.1587
0.1048
0.1827
0.1649
0.123
0.1895
0.1723
0.1008
0.1756
0.1594
0.092
0.1823
0.1667
0.1101
0.1991
0.1606
0.1091
0.187
0.1677
0.0896
0.1794
0.1567
0.0793
0.1712
0.1538
0.0987
0.1755
0.1688
0.1052
0.1878
0.157
0.0963
0.1764
0.1703
0.0879
0.1732
0.1549
0.0951
0.1874
0.1555
0.0926
0.1799
0.1667
0.1131
0.2177
0.16
0.0994
0.184
0.1739
0.1102
0.1922
0.1602
0.0989
0.1822
0.1694
0.1091
0.1954
0.1652
0.096
0.1863
0.1727
0.0934
0.1811
0.1659
0.103
0.1887
0.175
0.0958
0.1873
0.1591
0.0929
0.174
0.1626
0.1067
0.1834
0.156
0.1045
0.1802
0.1554
0.0929
0.1854
0.1593
0.0786
0.1804
0.1569
0.1123
0.1875
0.1586
0.0949
0.1863
0.1575
0.1054
0.1873
0.1719
0.0953
0.1749
0.168
0.0945
0.1726
0.1683
0.1033
0.1828
0.1657
0.0948
0.1738
0.166
0.0737
0.1652
0.1501
0.0698
0.1625
0.1537
0.0927
0.1768
0.1637
0.1074
0.1858
0.1686
0.0916
0.1747
0.1614
0.0885
0.1693
0.1595
0.1027
0.1847
0.169
0.1033
0.2117
0.1855
0.0922
0.1762
0.1667
0.0918
0.1769
0.1667
0.0915
0.1789
0.1622
0.0884
0.1695
0.1587
0.0905
0.1734
0.1655
0.0912
0.1669
0.1589
0.0912
0.1661
0.1598
0.1037
0.176
0.1546
0.0899
0.1782
0.1558
0.0953
0.1827
0.1616
0.0898
0.1731
0.1618
0.0733
0.1598
0.1576
0.0733
0.1666
0.1522
0.086
0.1785
0.1528
0.0885
0.1687
0.1684
0.0987
0.1816
0.1751
0.0914
0.1717
0.1601
0.0846
0.1765
0.1548
0.088
0.1884
0.1621
0.1092
0.243
0.2135
0.0899
0.1728
0.159
0.0938
0.1725
0.1654
0.1014
0.1876
0.1715
0.1661
0.1927
0.1684
0.0858
0.1678
0.1605
0.0863
0.1846
0.1578
0.0909
0.1929
0.1594
0.0922
0.1702
0.1607
0.0975
0.1919
0.1603
0.0928
0.1685
0.1616
0.0994
0.1783
0.1708
0.1108
0.1754
0.1674
0.0861
0.1692
0.1636
0.1199
0.1954
0.1595
0.0817
0.1705
0.1519
0.0865
0.178
0.1521
0.0876
0.1697
0.1547
0.0989
0.1734
0.1679
0.0961
0.1833
0.1659
0.1029
0.1693
0.152
0.0828
0.1773
0.1453
2.0058
0.2222
0.1708
0.0886
0.1844
0.1526
0.0942
0.1697
0.1568
0.1073
0.1869
0.1626
0.091
0.1695
0.1564
0.6906
0.1633
0.1538
0.0877
0.1737
0.1541
0.1099
0.1823
0.1554
0.0953
0.1697
0.1591
0.0848
0.1707
0.1603
0.0877
0.1708
0.1685
0.0908
0.1731
0.1661
0.0968
0.1774
0.1661
0.1051
0.1748
0.1619
0.094
0.1791
0.1707
0.1048
0.1704
0.1506
0.0957
0.1807
0.1667
0.0914
0.1852
0.1582
0.0855
0.1683
0.1574
0.095
0.1744
0.1536
0.0886
0.1702
0.1591
0.0916
0.1789
0.1518
0.1028
0.2142
0.1926
0.0831
0.1777
0.1554
0.0845
0.1746
0.1504
0.0947
0.1801
0.1695
0.0904
0.1745
0.1646
0.0875
0.1684
0.1508
0.0956
0.1792
0.1587
0.0961
0.1714
0.1564
0.0868
0.1676
0.1511
0.0782
0.1817
0.157
0.0861
0.1698
0.1523
0.0921
0.1741
0.153
0.0761
0.1665
0.1504
0.0936
0.1735
0.1533
0.0871
0.1707
0.1643
0.1018
0.1812
0.1572
0.0951
0.1705
0.1559
0.0855
0.1695
0.154
0.0906
0.1746
0.1599
0.0941
0.1768
0.1562
0.095
0.1767
0.1643
0.0946
0.1756
0.1646
0.0909
0.1749
0.1648
0.1081
0.1736
0.1563
0.101
0.1916
0.1632
0.0916
0.1712
0.1554
0.1073
0.1799
0.1587
0.0761
0.1713
0.1609
0.0824
0.172
0.1587
0.106
0.2225
0.1995
0.1005
0.1741
0.1535
0.0973
0.179
0.1703
0.1042
0.1807
0.1528
0.0824
0.1707
0.1524
0.0989
0.1768
0.1628
0.0912
0.1822
0.1598
0.1236
0.1931
0.168
0.0914
0.1734
0.1626
0.108
0.1723
0.1623
0.0814
0.1687
0.1548
0.0907
0.1694
0.1608
0.0912
0.181
0.1656
0.0865
0.1777
0.1558
0.0939
0.1783
0.1693
0.0941
0.177
0.1667
0.1019
0.1944
0.1896
0.0947
0.1805
0.1596
0.1051
0.1872
0.1784
0.1012
0.1783
0.1551
0.1083
0.1876
0.1644
0.0904
0.1746
0.1608
0.0945
0.1807
0.1687
0.0935
0.1957
0.1579
0.1063
0.2194
0.1644
0.0914
0.1795
0.1606
0.0918
0.1834
0.1855
0.0926
0.181
0.1547
0.0904
0.1814
0.1596
0.0902
0.1765
0.1677
0.0924
0.1762
0.161
0.0971
0.1869
0.1587
0.0791
0.1657
0.1531
0.1038
0.2098
0.162
0.0938
0.1816
0.1614
0.0852
0.1812
0.1553
0.075
0.173
0.1542
0.1281
0.214
0.1595
0.1015
0.1961
0.1607
0.0961
0.1755
0.1718
0.1056
0.182
0.1574
0.0938
0.1828
0.1577
0.1044
0.1784
0.1712
0.1212
0.1887
0.16
0.0927
0.1853
0.1559
0.1114
0.1909
0.1614
0.0837
0.1719
0.1602
0.0977
0.1907
0.1544
0.1177
0.1898
0.1588
0.1076
0.1852
0.1707
0.1038
0.1818
0.1625
0.1029
0.1901
0.1597
0.1079
0.1918
0.1714
0.0794
0.1675
0.1595
0.107
0.2022
0.173
0.0964
0.1808
0.1675
0.1012
0.1742
0.1717
0.1119
0.1929
0.1602
0.0772
0.1701
0.1598
0.0837
0.182
0.1521
0.1051
0.1948
0.1705
0.1118
0.201
0.1606
0.0981
0.1836
0.1713
0.0947
0.1851
0.1579
0.0947
0.1738
0.1578
0.096
0.1681
0.1529
0.0831
0.1824
0.1665
0.0816
0.1743
0.1534
0.0925
0.1724
0.1467
0.0932
0.1828
0.1644
0.0924
0.1829
0.1567
0.0924
0.173
0.1615
0.0756
0.1678
0.1522
0.094
0.1744
0.1555
0.1083
0.1983
0.1666
0.0994
0.1803
0.1711
0.1033
0.1783
0.152
0.1153
0.2
0.1619
0.0982
0.185
0.1564
0.0962
0.1917
0.1627
0.1041
0.1932
0.1666
0.1141
0.1832
0.1564
0.0994
0.1925
0.1586
0.1045
0.1851
0.1754
0.092
0.1848
0.1542
0.1117
0.1974
0.1635
0.0793
0.1741
0.1514
0.0817
0.1782
0.1578
0.0956
0.1719
0.1549
0.1034
0.1897
0.1719
0.1103
0.1914
0.1647
0.1045
0.1915
0.1622
0.1039
0.1905
0.1722
0.1018
0.2019
0.1625
0.0933
0.1812
0.1681
0.1098
0.1802
0.1608
0.0997
0.1908
0.1691
0.101
0.1873
0.1781
0.1146
0.1896
0.1597
0.0975
0.1837
0.1599
0.1069
0.1933
0.1664
0.0931
0.1802
0.1677
0.1042
0.1878
0.1584
0.0962
0.1895
0.1574
0.0997
0.1845
0.1711
0.1061
0.1947
0.1624
0.0909
0.1718
0.163
0.0865
0.1751
0.1566
0.0921
0.1932
0.18
0.0991
0.1905
0.1617
0.1147
0.1827
0.1557
0.1031
0.1863
0.1554
0.114
0.1917
0.1799
0.0827
0.1687
0.1518
0.1093
0.2054
0.1589
0.1005
0.1854
0.1699
0.1042
0.1833
0.1593
0.0924
0.1848
0.1582
0.103
0.1889
0.1823
0.112
0.1881
0.1593
0.0992
0.183
0.1875
0.0999
0.1942
0.1595
0.094
0.174
0.166
0.1106
0.1789
0.1615
0.0942
0.192
0.1581
0.1019
0.187
0.1719
0.097
0.1974
0.1621
0.1016
0.1828
0.1703
0.0963
0.1859
0.1552
0.1066
0.184
0.1695
0.1148
0.1876
0.1576
0.0911
0.1779
0.1597
0.1025
0.1879
0.174
0.0957
0.1951
0.1644
0.1084
0.186
0.1676
0.0968
0.1793
0.1675
0.1038
0.1796
0.1596
0.1092
0.1827
0.1661
0.1101
0.1814
0.1578
0.0914
0.1727
0.1644
0.1074
0.1938
0.1713
0.0928
0.1881
0.1618
0.1047
0.1874
0.1757
0.0953
0.1883
0.1599
0.1031
0.1884
0.1762
0.1
0.1841
0.1594
0.1118
0.1866
0.1707
0.117
0.189
0.1596
0.0931
0.1866
0.1724
0.1048
0.1968
0.175
0.0931
0.1869
0.1572
0.0948
0.1756
0.1675
0.1078
0.1813
0.159
0.0875
0.1817
0.1552
0.1041
0.1806
0.1644
0.0961
0.1911
0.157
0.1059
0.192
0.1705
0.1118
0.2038
0.1611
0.0979
0.184
0.1649
0.1076
0.1836
0.159
0.0971
0.1898
0.16
0.1087
0.1895
0.1718
0.1166
0.188
0.1591
0.0971
0.1761
0.1693
0.0771
0.1758
0.1547
0.0958
0.1942
0.1715
0.1025
0.1889
0.1591
0.0901
0.1794
0.1542
0.0862
0.1766
0.156
0.0775
0.1653
0.1602
0.1153
0.1999
0.1636
0.1018
0.1885
0.1578
0.0831
0.1724
0.1615
0.1045
0.1939
0.1605
0.0711
0.1664
0.1587
0.1154
0.1905
0.159
0.0874
0.1697
0.1622
0.0898
0.17
0.1594
0.0914
0.1754
0.1635
1.0639
0.1856
0.1592
0.0828
0.1736
0.1562
0.0784
0.1853
0.1577
0.1084
0.1967
0.1598
0.0985
0.1875
0.16
0.0801
0.1701
0.1525
0.0958
0.1739
0.162
0.0823
0.169
0.156
0.1008
0.1799
0.164
0.0789
0.1547
0.1429
0.0933
0.1701
0.1524
0.0875
0.1707
0.1587
0.1166
0.2491
0.2348
0.0865
0.1747
0.1533
0.0762
0.161
0.1594
0.093
0.1708
0.153
0.1103
0.2033
0.1625
0.1048
0.1881
0.1839
0.091
0.1829
0.1566
0.0948
0.183
0.1567
0.0903
0.1857
0.1519
0.1233
0.1864
0.1598
0.1023
0.1815
0.1684
0.0892
0.1687
0.1549
0.1051
0.2014
0.1636
0.0817
0.1784
0.1544
0.0747
0.1704
0.1609
0.0942
0.1802
0.1821
0.1091
0.1834
0.1614
0.1046
0.1817
0.1689
0.1116
0.1869
0.1692
0.1192
0.185
0.1576
0.0993
0.1953
0.1566
0.103
0.1871
0.1654
0.1025
0.1843
0.1597
0.0969
0.1934
0.16
0.1078
0.1889
0.1826
0.1157
0.1972
0.1652
0.1036
0.1867
0.1701
0.0949
0.1657
0.1516
0.0837
0.1708
0.1569
0.0903
0.1862
0.1542
0.1068
0.2023
0.163
0.1242
0.1637
0.1489
0.1095
0.2107
0.1634
0.116
0.2578
0.2361
0.0845
0.1728
0.1636
0.089
0.1753
0.1584
0.0958
0.1772
0.1702
0.0883
0.1733
0.1606
0.1149
0.2019
0.1754
0.0958
0.1878
0.1645
0.1078
0.1848
0.1733
0.1008
0.1927
0.1644
0.0965
0.1763
0.169
0.0998
0.1877
0.1598
0.1102
0.1944
0.1658
0.1076
0.1927
0.1632
0.0977
0.1989
0.1604
0.1152
0.1947
0.1643
0.1073
0.1874
0.1718
0.1174
0.1871
0.169
0.1119
0.1917
0.1586
0.0966
0.1756
0.1692
0.109
0.1996
0.1602
0.0772
0.1682
0.1536
0.1144
0.2155
0.1655
0.1175
0.1958
0.1614
0.1018
0.181
0.1755
0.0956
0.1754
0.1666
0.111
0.1865
0.1758
0.1131
0.2004
0.1621
0.0985
0.1896
0.158
0.105
0.1904
0.1703
0.0985
0.1871
0.1558
0.1047
0.1889
0.1809
0.1014
0.1795
0.1792
0.1134
0.1898
0.1732
0.1052
0.2023
0.1608
0.1011
0.1784
0.1672
0.0869
0.1703
0.1545
0.0944
0.2056
0.1628
0.1149
0.192
0.1669
0.0987
0.1984
0.1628
0.0969
0.1782
0.1682
0.1038
0.1975
0.1598
0.1112
0.1907
0.1675
0.0975
0.1775
0.1632
0.1084
0.1776
0.1596
0.1156
0.1811
0.1625
0.0923
0.1838
0.1589
0.1063
0.1893
0.1746
0.0985
0.1986
0.1605
0.0826
0.1745
0.1579
0.0782
0.1634
0.1564
0.0955
0.2003
0.1644
0.077
0.1673
0.1547
0.1076
0.1983
0.1578
0.0927
0.1894
0.1569
0.0939
0.1769
0.1657
0.1112
0.1858
0.1585
0.0906
0.1818
0.1572
0.1056
0.181
0.1598
0.104
0.1921
0.1605
0.1025
0.1833
0.17
0.0858
0.1813
0.1619
0.1065
0.189
0.1739
0.1121
0.2017
0.1586
0.1044
0.1843
0.1674
0.1099
0.1875
0.1579
0.1012
0.1793
0.1617
0.0969
0.1765
0.1638
0.1042
0.1826
0.1672
0.1117
0.1909
0.1736
0.0878
0.1728
0.1634
0.0985
0.2187
0.1689
0.1033
0.1858
0.1694
0.0973
0.1887
0.1619
0.0964
0.1745
0.1695
0.1154
0.1834
0.1587
0.0916
0.1822
0.1526
0.0893
0.1811
0.1564
0.1053
0.2045
0.166
0.0835
0.17
0.1599
0.0938
0.1803
0.1585
0.1006
0.1829
0.1586
0.1077
0.1902
0.1584
0.1072
0.184
0.1725
0.1021
0.1904
0.157

-------------------------------------
CodechalDecodeHevcG12::SetFrameStates
-------------------------------------
5.6124
2.3732
1.2278
0.4075
0.4057
0.0869
0.1084
0.0754
0.0087
0.0086
0.008
0.0089
0.0095
0.0095
0.0076
0.0114
0.0094
0.0088
0.0136
0.0093
0.0105
0.0078
0.0077
0.0087
0.0129
0.0119
0.0091
0.008
0.0158
0.0108
0.0086
0.0115
0.01
0.0076
0.011
0.0096
0.0128
0.0112
0.0123
0.0127
0.0112
0.0104
0.0116
0.0113
0.0111
0.0109
0.0138
0.0135
0.0135
0.0098
0.0116
0.0083
0.0129
0.0091
0.0095
0.0112
0.011
0.0099
0.0105
0.0091
0.0097
0.0141
0.0102
0.0142
0.0139
0.0106
0.0136
0.0117
0.011
0.0102
0.0139
0.012
0.0108
0.0157
0.0141
0.013
0.0118
0.012
0.0104
0.0128
0.0115
0.0115
0.0116
0.0102
0.0088
0.0125
0.0078
0.011
0.0084
0.0082
0.0079
0.0089
0.0093
0.0081
0.014
0.0127
0.0129
0.0089
0.2916
0.0108
0.0084
0.0105
0.0108
0.0115
0.0104
0.0115
0.0143
0.0124
0.0118
0.0088
0.0142
0.011
0.0153
0.0108
0.0112
0.0117
0.0154
0.0153
0.0111
0.0148
0.2681
0.0112
0.0124
0.0134
0.0107
0.0125
0.014
0.0152
0.0111
0.0119
0.0139
0.0118
0.0164
0.0245
0.0109
0.0168
0.0116
0.0144
0.011
0.0123
0.0143
0.018
0.0155
0.0136
0.0123
0.0119
0.0159
0.0126
0.0182
0.0144
0.0112
0.0144
0.0112
0.0146
0.0109
0.0125
0.0112
0.0146
0.0155
0.0111
0.011
0.012
0.0182
0.0099
0.0081
0.0113
0.0139
0.0109
0.0094
0.0117
0.0113
0.0156
0.0115
0.0116
0.0126
0.0117
0.011
0.0112
0.0122
0.011
0.0114
1.0172
0.0111
0.0109
0.0091
0.0125
0.011
0.0118
0.0112
0.0112
0.0111
0.0111
0.0128
0.0082
0.0111
0.0126
0.0107
0.0108
0.0115
0.0123
0.0111
0.0109
0.0109
0.0107
0.011
0.0111
0.0108
0.0138
0.0113
0.0116
0.0115
0.0095
0.0077
0.0106
0.0103
0.0116
0.0116
0.0107
0.012
0.0139
0.0108
0.012
0.014
0.0181
0.0109
0.0103
0.011
0.0108
0.0182
0.0111
0.0118
0.0142
0.0116
0.0112
0.9635
0.0107
0.0122
0.0126
0.0112
0.0133
0.1747
0.0103
0.0116
0.0107
0.0142
0.0104
0.0087
0.0107
0.0143
0.0138
0.0105
0.0113
0.0124
0.0116
0.0124
0.0128
0.0119
0.0116
0.0113
0.0107
0.0118
0.012
0.0112
0.0123
0.0123
0.0107
0.0144
0.011
0.0115
0.011
0.0182
0.0091
0.0089
0.0146
0.0114
0.0102
0.0114
0.0105
0.0125
0.0104
0.012
0.0113
0.0109
0.011
0.0111
0.0111
0.0122
0.0117
0.0103
0.0135
0.0103
0.0129
0.0125
0.0108
0.0115
0.0121
0.0125
0.0145
0.0111
0.0224
0.0134
0.0143
0.0135
0.0111
0.0114
0.0105
0.0116
0.0112
0.0117
0.0133
0.0117
0.011
0.0156
0.0135
0.0115
0.0121
0.0151
0.0116
0.0119
0.0135
0.011
0.011
0.0113
0.0115
0.0101
0.0124
0.0106
0.0108
0.0101
0.0169
0.0116
0.011
0.0113
0.0106
0.0117
0.0114
0.0115
0.0153
0.0101
0.0121
0.0159
0.0169
0.0113
0.0111
0.0122
0.0095
0.0131
0.0111
0.0111
0.015
0.0098
0.0116
0.0127
0.0146
0.0113
0.0111
0.0123
0.012
0.0142
0.0133
0.0142
0.0115
0.0101
0.009
0.0077
0.0083
0.0123
0.0134
0.0136
0.0155
0.0109
0.0111
0.0121
0.0142
0.0109
0.0118
0.0114
0.0154
0.0093
0.0121
0.0104
0.0117
0.0175
0.0112
0.0132
0.0123
0.0109
0.011
0.011
0.0114
0.0123
0.0111
0.0175
0.0109
0.0123
0.0108
0.0137
0.0141
0.0106
0.01
0.0125
0.011
0.0142
0.0145
0.0124
0.0094
0.0125
0.011
0.011
0.011
0.0116
0.0154
0.0176
0.0112
0.0109
0.0139
0.011
0.0118
0.0139
0.011
0.011
0.0146
0.0144
0.0106
0.0115
0.011
0.0151
0.0108
0.0111
0.014
0.011
0.0106
0.0116
0.011
0.0143
0.0111
0.0118
0.011
0.0123
0.0117
0.0109
0.0123
0.0111
0.0124
0.0112
0.0096
0.0131
0.0116
0.0122
0.0158
0.011
0.0111
0.0111
0.0122
0.0118
0.0108
0.0096
0.0116
0.0113
0.0107
0.0099
0.0111
0.0126
0.0151
0.0096
0.0126
0.0089
0.0125
0.0105
0.0107
0.0107
0.0121
0.0099
0.0107
0.0154
0.0105
0.0077
0.0272
0.0101
0.0142
0.0096
0.0107
0.0103
0.0202
0.0111
0.0083
0.0107
0.0123
0.0125
0.0105
0.0112
0.0106
0.0177
0.0111
0.0132
0.0116
0.01
0.0128
0.0116
0.0117
0.0113
0.0121
0.0108
0.011
0.0121
0.0111
0.0111
0.0124
0.0155
0.0113
0.0117
0.0105
0.0108
0.0123
0.01
0.0119
0.0138
0.0113
0.0112
0.0181
0.0105
0.0174
0.0114
0.0143
0.0111
0.011
0.0111
0.0125
0.0141
0.0117
0.018
0.0114
0.0176
0.0113
0.0111
0.0117
0.0116
0.0135
0.0157
0.0112
0.0112
0.0128
0.0184
0.0112
0.0121
0.0134
0.0122
0.011
0.0156
0.0144
0.0109
0.0099
0.0145
0.0183
0.0112
0.0111
0.0123
0.0118
0.011
0.0141
0.0142
0.011
0.0122
0.0116
0.0105
0.0085
0.0127
0.0077
0.0122
0.0111
0.0111
0.0123
0.0105
0.0112
0.0136
0.0113
0.0106
0.0116
0.0158
0.0148
0.0111
0.0109
0.0111
0.0119
0.0151
0.0106
0.0116
0.0168
0.0111
0.0112
0.0141
0.0105
0.0111
0.0117
0.0118
0.011
0.0112
0.014
0.0143
0.014

--------------------------
CreateVideoDecoder_D3D11_1
--------------------------
24.2462
21.2435
22.6909
15.9869

---------------------------
DestroyVideoDecoder_D3D11_1
---------------------------
15.6453
15.079
66.4728
0

---------------------
DxvaEncodeHEVC_Create
---------------------
24.0328
21.079
22.5143

-----------------------
DxvaEncodeHEVC_EndFrame
-----------------------
0.0017
0.0011
0.0014
0.0017
0.0013
0.0008
0.0017
0.0008
0.0009
0.0014
0.0008
0.0008
0.0007
0.0024
0.0008
0.0007
0.0007
0.0007
0.0007
0.0042
0.0006
0.0009
0.0008
0.0008
0.0007
0.0008
0.0006
0.0009
0.0032
0.0009
0.0007
0.0006
0.0018
0.0007
0.001
0.0011
0.0008
0.0008
0.0008
0.001
0.0009
0.0007
0.0017
0.0007
0.0008
0.0009
0.0009
0.0008
0.0008
0.0009
0.0008
0.0009
0.0006
0.0008
0.0008
0.0009
0.0008
0.0017
0.0011
0.0008
0.0011
0.0008
0.0008
0.0032
0.0009
0.0008
0.0009
0.0009
0.0019
0.0009
0.0008
0.0008
0.0009
0.0009
0.0009
0.0007
0.001
0.0005
0.0008
0.0007
0.0009
0.0012
0.0009
0.0009
0.0009
0.0008
0.0011
0.0008
0.0008
0.0008
0.0009
0.0008
0.001
0.0008
0.0054
0.0007
0.0008
0.0007
0.0008
0.0009
0.0007
0.0008
0.0008
0.0009
0.0006
0.0007
0.0006
0.0007
0.0007
0.0006
0.0007
0.0007
0.0007
0.0008
0.0006
0.0005
0.0005
0.0006
0.0006
0.0007
0.0005
0.0006
0.0005
0.0009
0.0005
0.0006
0.0005
0.0011
0.0005
0.001
0.0005
0.0006
0.0006
0.0006
0.0006
0.0006
0.0014
0.0007
0.0006
0.0007
0.0005
0.0033
0.0005
0.0008
0.0006
0.0006
0.0007
0.0006
0.0006
0.0006
0.0006
0.0006
0.0008
0.0007
0.0006
0.0017
0.0007
0.0006
0.0007
0.0006
0.0005
0.0008
0.0005
0.0007
0.0005
0.0007
0.0007
0.0006
0.0008
0.0006
0.0006
0.0007
0.0007
0.0005
0.0007
0.0006
0.0005
0.001
0.0006
0.0008
0.0008
0.0005
0.0006
0.0007
0.0007
0.0007
0.0006
0.0009
0.0006
0.001
0.0006
0.0008
0.0008
0.0009
0.0008
0.0007
0.0008
0.0008
0.0007
0.0007
0.0005
0.0006
0.0008
0.0008
0.0008
0.0008
0.0008
0.0009
0.001
0.0007
0.0009
0.005
0.0009
0.0009
0.0009
0.0009
0.0009
0.0011
0.0012
0.0009
0.0012
0.0008
0.0011
0.0008
0.0008
0.0009
0.0009
0.0009
0.0009
0.0009
0.0009
0.0009
0.0008
0.0008
0.0008
0.0009
0.0009
0.0009
0.0012
0.0013
0.0009
0.0009
0.0009
0.0007
0.0006
0.0009
0.0009
0.0009
0.0009
0.0009
0.0009
0.0007
0.0007
0.0009
0.0009
0.0009
0.0009
0.0007
0.0007
0.0009
0.0008
0.0008
0.0009
0.0006
0.001
0.0011
0.0007
0.0006
0.0008
0.0007
0.0008
0.0006
0.001
0.0006
0.0006
0.0006
0.0005
0.0006
0.0005
0.0005
0.0008
0.0009
0.0007
0.0006
0.0009
0.0006
0.0009
0.0009
0.0009
0.0008
0.0005
0.0006
0.0006
0.0005
0.0016
0.0008
0.001
0.0008
0.0012
0.0008
0.0009
0.0009
0.0008
0.0008
0.0013
0.0006
0.0007
0.0006
0.0006
0.0005
0.0008
0.0008
0.0007
0.0008
0.0006
0.0009
0.0055
0.0008
0.0006
0.0006
0.0007
0.0009
0.0009
0.0009
0.0009
0.001
0.0009
0.0007
0.0008
0.0008
0.0007
0.0007
0.0007
0.0008
0.0006
0.0007
0.0006
0.0008
0.0007
0.0006
0.0008
0.0008
0.0006
0.0007
0.001
0.0007
0.0006
0.0008
0.0006
0.0006
0.0006
0.0007
0.0007
0.0007
0.0009
0.0009
0.0009
0.0007
0.0009
0.0007
0.0006
0.0006
0.0009
0.0006
0.0007
0.0013
0.0006
0.0006
0.0005
0.0007
0.0006
0.0005
0.0005
0.0007
0.0006
0.0007
0.0005
0.0006
0.0006
0.0005
0.0006
0.0007
0.001
0.0017
0.0006
0.0007
0.0006
0.0009
0.0007
0.0007
0.0006
0.0007
0.0005
0.0007
0.0005
0.0007
0.0006
0.0006
0.0009
0.0006
0.0007
0.0007
0.0006
0.0006
0.0005
0.0007
0.0007
0.0006
0.0007
0.0006
0.0006
0.0005
0.0007
0.0004
0.0033
0.0007
0.0005
0.0006
0.0007
0.0007
0.0006
0.0006
0.0008
0.0009
0.0008
0.0006
0.001
0.0006
0.0006
0.0006
0.0005
0.0008
0.0005
0.0006
0.0006
0.0008
0.0006
0.0006
0.0008
0.0005
0.0006
0.0006
0.0006
0.0007
0.0006
0.0005
0.0006
0.0006
0.0005
0.0005
0.0006
0.0008
0.0006
0.0005
0.0005
0.0005
0.0007
0.0005
0.0005
0.001
0.0006
0.0006
0.0005
0.0006
0.0006
0.0008
0.0006
0.0009
0.0006
0.0005
0.0008
0.0009
0.0011
0.0009
0.0054
0.0009
0.0009
0.0009
0.0009
0.0008
0.0011
0.0009
0.0009
0.0007
0.0009
0.0007
0.0008
0.0006
0.0007
0.0006
0.0006
0.0005
0.0009
0.0008
0.0008
0.0009
0.0008
0.0008
0.0006
0.0009
0.0007
0.0008
0.0006
0.0007
0.0007
0.0007
0.0005
0.0007
0.0007
0.0009
0.0005
0.0007
0.0007
0.001
0.0008
0.001
0.0009
0.0008
0.0007
0.0008
0.0007
0.001
0.0006
0.0008
0.0007
0.0006
0.0009
0.0009
0.0007
0.0008
0.0006
0.0008
0.0007
0.0009
0.0006
0.0005
0.0006
0.0008
0.0007
0.001
0.0009
0.0008
0.0005
0.0006
0.0006
0.0006
0.0005
0.0006
0.0005
0.0006
0.0005
0.0005
0.0008
0.0008
0.0005
0.0006
0.0006
0.0006
0.0005
0.0009
0.0006
0.0007
0.0006
0.0008
0.0007
0.0005
0.0007
0.0009
0.0007
0.0009
0.0007
0.0007
0.0007
0.0007
0.0006
0.0006
0.0007
0.0007
0.0006
0.0006
0.0005
0.0007
0.0006
0.0006
0.0006
0.0007
0.0009
0.0009
0.0006
0.0006
0.0008
0.0007
0.001
0.0008
0.0007
0.0009
0.0006
0.001
0.0006
0.0008

----------------------
DxvaEncodeHEVC_Execute
----------------------
0.0041
0.0021
37.5299
19.4891
5.42
21.0615
5.5917
0.5809
6.9554
0.6137
1.2526
0.5321
1.3104
0.5327
1.343
0.4771
0.0172
0.6627
0.0211
0.5637
0.0215
0.5006
0.0279
0.5626
0.0254
0.5074
0.0224
0.5552
0.0253
0.5069
0.0281
0.5503
0.0256
0.4646
0.0245
0.4961
0.0185
1.0666
0.0175
0.6279
0.0247
1.075
0.0236
0.638
0.0233
0.645
0.019
1.0543
0.0287
1.4965
0.0226
1.0615
0.0197
1.5301
0.0255
1.0415
0.0156
1.057
0.0151
1.0605
0.0262
0.9763
0.0174
1.0931
0.0132
0.9542
0.0149
1.0925
0.015
0.9936
0.0244
1.0838
0.0208
1.5191
0.0247
0.945
0.0152
0.9887
0.0169
1.0822
0.0278
1.071
0.0193
1.0671
0.0137
0.4155
0.0127
1.0551
0.0156
0.4921
0.0149
0.5115
0.0159
0.5446
0.0182
0.6596
0.0156
0.5633
0.0194
0.5273
0.0153
0.5786
0.0153
0.5117
0.0155
0.4236
0.0131
0.4891
0.0145
0.4491
0.0147
0.5424
0.0259
0.5147
0.0146
0.5079
0.0143
0.7523
0.0198
0.5507
0.0235
0.5357
0.0188
0.6982
0.0156
0.5572
0.0145
0.6313
0.0159
0.5556
0.0182
0.5871
0.0176
0.4993
0.0147
0.5052
0.0134
0.6188
0.0246
0.5176
0.017
0.558
0.0146
0.5541
0.0147
0.5268
0.0165
0.607
0.0181
0.5868
0.0198
0.4528
0.0186
0.586
0.0276
0.4298
0.0128
0.5902
0.0206
0.5828
0.0204
0.5374
0.0341
0.5255
0.0178
0.5443
0.0161
0.5919
0.0156
0.5505
0.0167
0.5479
0.0215
0.4903
0.0141
0.543
0.0247
0.6146
0.0191
0.5969
0.0206
0.6206
0.0202
0.5791
0.0171
0.5081
0.0192
0.6497
0.0326
0.5796
0.0196
0.4661
0.0237
0.5218
0.0234
0.4397
0.0262
0.4607
0.6314
0.0204
0.4727
0.0156
0.5322
0.0182
0.4919
0.0156
0.5822
0.0223
0.4682
0.0178
0.4777
0.0294
0.4746
0.0169
0.5039
0.0179
0.4708
0.0154
0.4689
0.0195
0.4925
0.0243
0.487
0.0189
0.4848
0.0239
0.5504
0.0237
0.487
0.0229
0.5433
0.0216
0.463
0.0236
0.4526
0.0163
0.507
0.0208
0.4586
0.0204
0.4221
0.015
0.4871
0.0137
0.4353
0.013
0.49
0.025
0.4684
0.0195
0.5129
0.0162
0.4526
0.0156
0.4896
0.0242
0.5664
0.0191
0.5164
0.033
0.4715
0.0198
0.4978
0.0307
0.5288
0.0288
0.4669
0.0185
0.47
0.022
0.4609
0.0194
0.4883
0.0225
0.4788
0.0244
0.5213
0.0202
0.4931
0.0232
0.5393
0.029
0.4521
0.014
0.4753
0.0243
0.4566
0.0202
0.4776
0.022
0.4819
0.0241
0.5082
0.0225
0.4658
0.0191
0.4784
0.02
0.451
0.0161
0.4878
0.0255
0.4594
0.0195
0.4893
0.0234
0.4732
0.024
0.5648
0.0232
0.4744
0.0248
0.4617
0.0164
0.4728
0.0209
0.542
0.0191
0.4777
0.0315
0.4731
0.0172
0.4979
0.0192
0.4495
0.0183
0.4973
0.0227
0.4898
0.0196
0.5518
0.0235
0.4641
0.0129
0.469
0.0126
0.5077
0.0248
0.4808
0.0233
0.4761
0.0197
0.4702
0.0223
0.4772
0.02
0.4729
0.0231
0.5033
0.0204
0.4645
0.02
0.5526
0.0241
0.4671
0.0237
1.0411
0.0244
1.0454
0.0214
0.7014
0.0393
0.4556
0.0156
0.4267
0.0134
1.3193
0.034
1.0489
0.0152
1.055
0.0203
1.0441
0.0151
1.1756
0.0331
1.0386
0.0124
1.5227
0.0398
1.054
0.0153
0.5668
0.0251
1.3673
0.0156
1.0439
0.0189
1.0415
0.033
1.0304
0.0139
1.0524
0.0167
1.5207
0.0273
0.9629
0.0164
1.0561
0.0145
1.0378
0.0147
1.0416
0.0124
1.4625
0.0206
1.0675
0.0167
1.0645
0.0149
1.0798
0.0185
1.05
0.016
0.8698
0.0195
1.0514
0.0156
0.4374
0.0125
1.4989
0.0204
0.9736
0.0167
0.4774
0.0154
1.0544
0.0186
1.0512
0.0152
1.0597
0.0153
1.0596
0.0218
1.585
0.0236
1.0546
0.0259
0.9928
0.0286
0.9903
0.021
1.0159
0.0143
1.5831
0.0235
0.493
0.0182
1.0558
0.0153
1.043
0.0157
1.0621
0.0176
1.0654
0.0152
1.0692
0.0163
1.0375
0.0149
1.4445
0.0149
1.0364
0.0186
0.7436
0.0163
0.7397
0.0187
1.4277
0.015
1.0214
0.031
1.047
0.0159
0.8222
0.0174
1.0571
0.015
0.5128
0.0176
1.2005
0.0192
0.9925
0.0208
1.0465
0.0161
0.4799
0.0191
1.4051
0.0148
0.733
0.0173
1.0641
0.022
1.0588
0.0192
1.0669
0.0194
1.0179
0.0167
1.0497
0.0176
1.4307
0.0158
1.402
0.0169
1.0144
0.023
1.0544
0.0193
1.0676
0.017
1.0414
0.0203
1.048
0.0133
1.3792
0.0133
1.0611
0.025
1.0819
0.0177
1.0891
0.0217
0.9759
0.0176
1.3941
0.0209
1.067
0.0426
1.0735
0.0158
1.3614
0.0213
1.3618
0.0158
0.4918
0.019
0.5243
0.0152
1.4076
0.0173
1.3928
0.013
1.0732
0.023
1.3847
0.0136
1.3989
0.0181
1.4143
0.0242
1.4147
0.0223
1.4748
0.0209
1.4576
0.0188
1.4365
0.0155
1.0576
0.0223
1.0487
0.0163
1.0561
0.0145
1.3987
0.0158
1.0493
0.0309
1.3769
0.0183
1.0712
0.036
1.0592
0.0368
1.0749
0.0183
1.0646
0.0159
1.3768
0.0153
1.3778
0.0154
1.0075
0.0124
1.4033
0.0153
1.0245
0.0217
0.6971
0.0187
1.0311
0.0174
1.38
0.0171
1.0376
0.0349
1.0431
0.0224
1.0556
0.0167
0.9941
0.0159
1.0749
0.0208
1.0763
0.0197
1.0323
0.0183
1.3418
0.0147
1.3634
0.0224
1.0329
0.0136
1.3647
0.0161
1.0254
0.0208
1.0692
0.0236
1.0523
0.0171
1.064
0.0158
0.9855
0.0249
1.0378
0.0156
1.0531
0.0217
0.8681
0.0181
1.0552
0.0191
1.4631
0.0234
1.4676
0.0151
1.0579
0.0289
0.5395
0.0217
0.5843
0.0286
0.5217
0.0217
0.5697
0.0153
0.5581
0.0287
0.5357
0.0208
0.551
0.0168
0.5187
0.0217
0.5101
0.0238
0.4668
0.0201
0.4624
0.0169
0.54
0.0247
0.4736
0.0223
0.5619
0.0238
0.4756
0.0248
0.5751
0.0267
0.6036
0.0149
0.6709
0.014
0.4697
0.0126
0.506
0.0218
0.5166
0.0218
0.4975
0.0221
0.537
0.0275
0.5151
0.0366
0.4522
0.0171
0.5578
0.0238
0.474
0.0319
0.5919
0.0242
0.4792
0.0156
0.4546
0.0153
0.5258
0.0205
0.493
0.0214
0.4953
0.0216
0.4802
0.0243
0.55
0.0345
0.5652
0.0205
0.4968
0.016
0.5646
0.03
0.4878
0.0181
0.432
0.0163
0.4513
0.0153
0.5227
0.0231
0.4719
0.0209
0.5722
0.0338
0.4724
0.0212
0.4589
0.0144
0.469
0.0248
0.4619
0.0169
0.571
0.0245
0.4719
0.0239
0.4443
0.0141
0.5098
0.0201
0.4781
0.0241
0.5767
0.0245
0.4687
0.0244
0.55
0.0196
0.4483
0.0197
0.4752
0.0165
0.4938
0.0152
0.4685
0.0198
0.4673
0.0207
0.4737
0.0223
0.5753
0.0242
0.4956
0.0246
0.47
0.0194
0.4558
0.0206
0.5361
0.0197
0.4796
0.0231
0.5804
0.0247
0.4561
0.0208
0.5085
0.0369
0.4767
0.0241
0.5538
0.0232
0.4587
0.0197
0.5255
0.0194
0.4911
0.0236
0.4987
0.0173
0.5736
0.0314
0.4654
0.0208
0.4439
0.0143
0.5149
0.0196
0.4798
0.024
0.5083
0.0332
0.4747
0.0326
0.4936
0.0215
0.4748
0.0165
0.4929
0.0194
0.495
0.0239
0.4604
0.0204
0.4719
0.0205
0.4599
0.0175
0.4597
0.0224
0.4451
0.0147
0.4928
0.0202
0.4783
0.0272
0.4786
0.0204
0.4642
0.0196
0.573
0.0228
0.4718
0.0248
0.4468
0.0149
0.4772
0.0182
0.5168
0.0184
0.471
0.0195
0.5043
0.024
0.4547
0.0128
0.4859
0.0217
0.4593
0.0197
0.4782
0.03
0.4577
0.02
0.4549
0.0195
0.5751
0.026
0.461
0.0203
0.5222
0.0232
0.4662
0.0242
0.545
0.023
0.48
0.0243
0.4591
0.0158
0.4425
0.0135
0.5637
0.0221
0.4718
0.0171
0.5104
0.0238
0.455
0.0415
0.5198
0.0269
0.5833
0.0163
0.4908
0.0373
0.4962
0.0235
0.4955
0.0303
0.528
0.0199
0.4599
0.02
0.5641
0.024
0.4666
0.0246
0.4575
0.0161
0.4468
0.0232
0.5643
0.0239
0.4513
0.0156
0.4838
0.0205
0.4679
0.0171
0.5219
0.0213
0.5605
0.0357
0.6798
0.0176
1.4322
0.0351
0.4399
0.0177
1.332
0.0159
0.436
0.0159
0.9824
0.019
1.0523
0.0126
1.0646
0.0285
1.0618
0.0161
1.0594
0.0149
0.5416
0.0237
0.6761
0.0205
1.0373
0.018
0.6883
0.0183
0.6805
0.0143
0.6865
0.0169
0.5033
0.0239
0.6241
0.0191
0.4738
0.0145
0.4948
0.0145
0.595
0.0199
0.531
0.0152
0.4669
0.0158
0.4187
0.0127
0.4742
0.0147
0.4623
0.0166
0.561
0.0257
0.5263
0.0169
0.4662
0.0253
0.474
0.015
0.4415
0.0173
0.4347
0.0144
0.6204
0.0219
0.4705
0.0208
0.5596
0.0194
0.546
0.016
0.4971
0.0161
0.5169
0.0345
0.4538
0.0175
0.5803
0.023
0.4767
0.0202
0.5753
0.0244
0.4928
0.0251
0.4855
0.0194
0.4921
0.0226
0.4896
0.0425
0.4832
0.0235
0.5099
0.0174
0.4597
0.0279
0.5315
0.0266
0.4655
0.013
0.4839
0.0247
0.4632
0.0165
0.5689
0.0319
0.5585
0.0159
0.5493
0.0328
0.5181
0.0225
0.4967
0.0169
0.4802
0.0185
0.5134
0.0224
0.4843
0.0171
0.4715
0.0208
0.4759
0.0195
0.4939
0.034
0.5712
0.0246
0.4651
0.0238
0.453
0.0142
0.5179
0.0217
0.4945
0.0233
0.4808
0.021
0.49
0.0248
0.4809
0.0217
0.4712
0.0231
0.5586
0.0243
0.4858
0.0338
0.512
0.0152
0.5369
0.0172
0.4813
0.02
0.4536
0.0191
0.547
0.0238
0.4751
0.0299
0.5458
0.0196
0.4802
0.0243
0.5501
0.0173
0.4736
0.0246
0.4317
0.0137
0.5524
0.0226
0.5339
0.0155
0.4771
0.0195
0.4833
0.0323
0.4521
0.0385
0.4633
0.0151
0.482
0.0189
0.4725
0.0247
0.5467
0.0241
0.4703
0.0227
0.4744
0.0173
0.4271
0.0148
0.4326
0.0133
0.5249
0.0245
0.4762
0.0241
0.557
0.0212
0.4365
0.0169
0.7915
0.0229
0.5604
0.0234
0.5475
0.0161
0.4859
0.0336
0.52
0.0275
0.4779
0.0179
0.5095
0.0443
0.502
0.0206
0.4613
0.0201
0.4725
0.0199
0.4827
0.0184
0.4763
0.0176
0.4683
0.0213
0.4799
0.0224
0.492
0.0208
0.4536
0.015
0.4629
0.0196
0.5619
0.0196
0.4804
0.025
0.5038
0.0225
0.4491
0.0205
0.4543
0.0294
0.4647
0.023
0.4601
0.0194
0.5649
0.0238
0.4655
0.0199
0.4709
0.0186
0.512
0.0186
0.4549
0.017
0.5857
0.037
0.4703
0.0345
0.4946
0.0208
0.476
0.0192
0.4996
0.0196
0.4784
0.0193
0.5459
0.0238
0.4654
0.0334
0.0344

----------------
First Frame Time
----------------
173.65

----------------------
HEVC_QueryStatusReport
----------------------
5.4122
5.5894
6.9538
1.2507
1.3089
1.3417
0.0157
0.0197
0.0201
0.0264
0.0238
0.021
0.0218
0.0267
0.0242
0.0232
0.0171
0.0164
0.0234
0.0213
0.0211
0.0169
0.0271
0.0215
0.0171
0.0202
0.014
0.0141
0.025
0.0156
0.012
0.0136
0.0121
0.023
0.019
0.0232
0.0137
0.0155
0.0262
0.0178
0.0123
0.0115
0.0142
0.0134
0.0147
0.015
0.0142
0.0177
0.014
0.014
0.0142
0.012
0.0132
0.0133
0.0243
0.0133
0.013
0.0176
0.0221
0.017
0.0137
0.0131
0.0145
0.0168
0.0162
0.0133
0.0122
0.0226
0.0156
0.0134
0.0134
0.015
0.0167
0.0178
0.0175
0.0259
0.0116
0.0184
0.0174
0.0327
0.0163
0.0146
0.0143
0.0153
0.0198
0.0129
0.0206
0.0175
0.0191
0.0188
0.0155
0.0179
0.0309
0.018
0.0198
0.0222
0.0247
0.019
0.0145
0.0168
0.0145
0.0206
0.0165
0.0243
0.0157
0.0166
0.0141
0.0183
0.023
0.0177
0.0226
0.0222
0.0217
0.0204
0.0222
0.0151
0.0194
0.019
0.0139
0.0124
0.0115
0.0238
0.0183
0.015
0.0145
0.0231
0.0177
0.0314
0.0186
0.0294
0.0231
0.0173
0.0207
0.018
0.0211
0.0231
0.0187
0.0218
0.0277
0.0128
0.0232
0.0191
0.0206
0.0229
0.0211
0.0178
0.0189
0.0147
0.0242
0.0183
0.0222
0.0227
0.0219
0.0236
0.0154
0.0193
0.0181
0.0306
0.016
0.0179
0.0173
0.0215
0.0185
0.0223
0.0118
0.0116
0.0235
0.022
0.0186
0.0211
0.0186
0.0215
0.019
0.0185
0.0226
0.0226
0.0233
0.0191
0.0377
0.0144
0.0123
0.0326
0.014
0.0191
0.014
0.0315
0.0113
0.0384
0.0143
0.0237
0.0145
0.0166
0.0318
0.0128
0.0154
0.0259
0.0152
0.0132
0.0135
0.0113
0.0191
0.0154
0.0136
0.0171
0.0146
0.0181
0.0141
0.0114
0.0163
0.0149
0.0139
0.0174
0.0138
0.0141
0.0146
0.0217
0.024
0.0265
0.0197
0.0129
0.022
0.017
0.014
0.0143
0.0161
0.014
0.015
0.0137
0.0136
0.0172
0.0151
0.0172
0.0137
0.0293
0.0145
0.016
0.0137
0.0162
0.0177
0.0191
0.0147
0.0154
0.0138
0.0159
0.0206
0.0178
0.018
0.0152
0.0162
0.0147
0.0157
0.0211
0.0175
0.0157
0.0189
0.0122
0.012
0.0232
0.0162
0.0202
0.0158
0.0198
0.041
0.0145
0.0201
0.0147
0.0177
0.012
0.0159
0.0119
0.0215
0.0124
0.0171
0.023
0.021
0.02
0.0177
0.0145
0.0209
0.0149
0.0134
0.0147
0.0294
0.0173
0.0346
0.0353
0.0167
0.0145
0.0144
0.0144
0.0114
0.0142
0.0199
0.0173
0.0157
0.0159
0.0318
0.0204
0.0148
0.0145
0.0196
0.018
0.017
0.0137
0.0213
0.0126
0.0151
0.0198
0.0221
0.0159
0.0146
0.0233
0.0144
0.0205
0.0167
0.0178
0.0221
0.0141
0.0278
0.0202
0.0269
0.019
0.0137
0.0272
0.0195
0.0156
0.0201
0.0222
0.0186
0.0155
0.0233
0.0211
0.0226
0.0234
0.0255
0.0138
0.0128
0.0116
0.0204
0.0204
0.0206
0.0263
0.0353
0.0158
0.0226
0.0306
0.0222
0.0145
0.0143
0.0191
0.02
0.0205
0.0227
0.0252
0.0188
0.0149
0.0284
0.0168
0.0145
0.0141
0.0218
0.0197
0.0325
0.0198
0.0135
0.0232
0.0158
0.0229
0.0226
0.0128
0.0188
0.0229
0.023
0.0232
0.0185
0.0186
0.0154
0.0141
0.0183
0.0189
0.021
0.0228
0.0232
0.0181
0.0194
0.0185
0.0218
0.0232
0.0196
0.0354
0.0228
0.022
0.0184
0.018
0.0222
0.0163
0.029
0.0191
0.0128
0.0184
0.0228
0.0322
0.0316
0.02
0.0155
0.0183
0.0224
0.0194
0.0193
0.0162
0.0213
0.0135
0.0189
0.0261
0.0192
0.0183
0.0217
0.0235
0.0136
0.0169
0.0174
0.0184
0.0225
0.0117
0.0205
0.0184
0.0291
0.018
0.0184
0.0235
0.019
0.022
0.023
0.0216
0.023
0.0144
0.0124
0.021
0.0161
0.0224
0.038
0.0257
0.0151
0.0361
0.0222
0.0291
0.0185
0.0186
0.0226
0.0233
0.0149
0.0221
0.0226
0.0145
0.019
0.016
0.02
0.0277
0.0164
0.034
0.0166
0.0149
0.0149
0.0178
0.0115
0.0271
0.0151
0.0138
0.0214
0.0191
0.0162
0.0167
0.0131
0.0153
0.0224
0.0177
0.0133
0.0132
0.0182
0.0137
0.0143
0.0117
0.0134
0.0154
0.0242
0.0157
0.0241
0.0139
0.0159
0.0131
0.0206
0.0195
0.0183
0.0144
0.0145
0.0332
0.0163
0.0216
0.0189
0.023
0.0236
0.0182
0.0214
0.0411
0.0222
0.016
0.0268
0.025
0.012
0.0234
0.0153
0.0301
0.0146
0.0314
0.0211
0.0154
0.0172
0.0209
0.0158
0.0194
0.0184
0.0323
0.0232
0.0227
0.0131
0.0203
0.022
0.0197
0.0232
0.0202
0.0218
0.0228
0.0327
0.0142
0.016
0.0187
0.0179
0.0224
0.0288
0.0183
0.0229
0.016
0.0234
0.0127
0.0213
0.0143
0.0185
0.0312
0.0374
0.0139
0.0177
0.0236
0.0228
0.0216
0.016
0.0137
0.0122
0.023
0.0228
0.0198
0.0159
0.0214
0.0222
0.0151
0.0324
0.0255
0.0165
0.0429
0.0194
0.0187
0.0187
0.0173
0.0164
0.0201
0.0211
0.0194
0.0138
0.0182
0.0184
0.0236
0.0212
0.0194
0.0283
0.0217
0.0182
0.0225
0.0187
0.0172
0.0175
0.0158
0.0356
0.0335
0.0194
0.0179
0.0182
0.0182
0.0224
0.0322
0.0322

--------------------------------------
VideoDecoderBeginFrame_WDDM2_4_D3D11_1
--------------------------------------
0.0065
0.003
0.0028
0.0062
0.005
0.0067
0.003
0.0026
0.0028
0.0025
0.0028
0.0029
0.0021
0.0029
0.0021
0.0022
0.0024
0.0023
0.0037
0.0038
0.0023
0.0024
0.0023
0.0024
0.0055
0.005
0.0025
0.0021
0.0048
0.0034
0.0021
0.0021
0.002
0.0066
0.0033
0.0023
0.0036
0.0027
0.0035
0.0031
0.0043
0.0029
0.0058
0.0028
0.0025
0.0031
0.0038
0.0031
0.0036
0.0033
0.0038
0.0026
0.0035
0.0023
0.0019
0.0018
0.0039
0.003
0.003
0.0029
0.0025
0.0049
0.0043
0.0044
0.006
0.0034
0.003
0.0033
0.0035
0.0031
0.0034
0.0033
0.0034
0.0026
0.0031
0.0047
0.0032
0.0032
0.0027
0.004
0.004
0.0025
0.0025
0.0023
0.0028
0.0023
0.0025
0.0031
0.0023
0.0023
0.0021
0.0023
0.0038
0.0023
0.0045
0.0033
0.0024
0.0035
0.0018
0.0023
0.0023
0.0027
0.0023
0.004
0.0033
0.004
0.0054
0.004
0.0032
0.0021
0.0041
0.0035
0.0047
0.0035
0.0102
0.0043
0.0046
0.007
0.0034
0.0043
0.0038
0.0035
0.0036
0.0044
0.0029
0.0041
0.0047
0.0048
0.004
0.0049
0.0042
0.0036
0.004
0.0047
0.0032
0.0041
0.0035
0.004
0.0036
0.0044
0.0044
0.007
0.0045
0.004
0.0046
0.0038
0.0039
0.0038
0.0044
0.0039
0.0035
0.0042
0.0033
0.0044
0.0037
0.0046
0.0066
0.0041
0.0045
0.0035
0.0029
0.0043
0.0047
0.0025
0.002
0.0042
0.0043
0.0042
0.0029
0.0033
0.0036
0.0047
0.0035
0.0038
0.004
0.0035
0.0036
0.0035
0.0045
0.0037
0.0043
0.0032
0.0031
0.002
0.0027
0.0035
0.0049
0.0105
0.0046
0.0036
0.0043
0.0045
0.0039
0.0021
0.0032
0.0046
0.0037
0.0036
0.0101
0.0036
0.0038
0.0032
0.0034
0.0037
0.0033
0.0034
0.0029
0.0047
0.0061
0.0036
0.003
0.0038
0.0018
0.0033
0.0029
0.003
0.0031
0.003
0.0035
0.0037
0.0037
0.0033
0.0044
0.0041
0.003
0.0038
0.0045
0.0031
0.0049
0.0032
0.004
0.0032
0.0032
0.0034
0.0029
0.0042
0.0039
0.0036
0.0035
0.0036
0.0041
0.0029
0.0029
0.003
0.0042
0.0036
0.0022
0.003
0.0032
0.0038
0.0031
0.0032
0.0039
0.0042
0.0047
0.0035
0.0037
0.0044
0.0064
0.0036
0.0038
0.0032
0.0042
0.0046
0.0034
0.0028
0.0041
0.0041
0.0036
0.003
0.003
0.0021
0.002
0.0034
0.0036
0.0037
0.0035
0.0038
0.0042
0.0037
0.0031
0.0042
0.0041
0.0033
0.0048
0.0045
0.0032
0.0038
0.0036
0.0033
0.003
0.0029
0.0033
0.0034
0.0042
0.0039
0.0024
0.0038
0.0039
0.0043
0.0039
0.004
0.003
0.0033
0.0034
0.0032
0.013
0.0041
0.0038
0.0041
0.0035
0.0041
0.0037
0.0036
0.0037
0.0037
0.0078
0.0033
0.0026
0.0035
0.0051
0.005
0.0039
0.0028
0.0021
0.0034
0.0037
0.0032
0.0027
0.0042
0.004
0.0042
0.0033
0.0034
0.0044
0.0042
0.0042
0.0046
0.0032
0.0036
0.0042
0.0044
0.0039
0.004
0.0047
0.0029
0.0045
0.0034
0.0046
0.0047
0.0034
0.0033
0.0049
0.0041
0.0034
0.0039
0.0028
0.003
0.003
0.0029
0.0031
0.0038
0.0035
0.0026
0.0019
0.0028
0.0043
0.0033
0.0037
0.0044
0.0043
0.0041
0.0043
0.0041
0.004
0.0047
0.0041
0.0048
0.0024
0.0019
0.0039
0.0039
0.0039
0.0034
0.004
0.004
0.0043
0.0036
0.0039
0.0038
0.0043
0.0041
0.0041
0.0036
0.0042
0.0035
0.0036
0.0038
0.0041
0.0028
0.0022
0.0037
0.0041
0.004
0.0045
0.0058
0.0047
0.0034
0.0039
0.0035
0.0048
0.0036
0.0033
0.004
0.0049
0.0039
0.0036
0.0045
0.0036
0.0034
0.0038
0.0047
0.0038
0.0033
0.0043
0.0038
0.0047
0.0063
0.0043
0.0043
0.0038
0.0034
0.0042
0.0037
0.0042
0.0048
0.0043
0.0044
0.0044
0.0042
0.0033
0.0043
0.004
0.0042
0.0074
0.0031
0.0024
0.0038
0.0045
0.0046
0.0032
0.0039
0.004
0.0045
0.0043
0.0036
0.0031
0.0038
0.0041
0.0032
0.0033
0.0026
0.0038
0.0032
0.0022
0.0035
0.002
0.0036
0.0032
0.0036
0.0031
0.0035
0.0029
0.0032
0.0106
0.0028
0.003
0.0024
0.0024
0.0084
0.0026
0.0033
0.0034
0.0033
0.0029
0.0021
0.0036
0.0038
0.0036
0.0037
0.0043
0.0028
0.0143
0.0038
0.0035
0.0043
0.0031
0.003
0.004
0.0079
0.0034
0.0044
0.004
0.0035
0.0043
0.0038
0.004
0.0039
0.0046
0.0039
0.003
0.003
0.0032
0.0048
0.0035
0.0035
0.003
0.0035
0.003
0.0038
0.0036
0.0043
0.0053
0.0041
0.0034
0.0034
0.0044
0.0044
0.0041
0.0035
0.0047
0.0039
0.005
0.0041
0.004
0.0036
0.0027
0.0049
0.0045
0.0039
0.0035
0.0044
0.005
0.0033
0.0044
0.0038
0.0044
0.0039
0.0044
0.0041
0.004
0.0034
0.0041
0.0052
0.0048
0.0038
0.0044
0.0044
0.0043
0.0038
0.0044
0.0041
0.0045
0.0038
0.0045
0.0033
0.0029
0.0023
0.0068
0.0041
0.0047
0.0037
0.0038
0.0037
0.0034
0.0035
0.0042
0.0042
0.0043
0.0042
0.0037
0.0034
0.0034
0.0042
0.0045
0.0033
0.0048
0.0038
0.0035
0.0037
0.0041
0.0033
0.0029
0.0041
0.0038
0.0044
0.0038
0.0042
0.0043
0.0045

----------------------------
VideoDecoderEndFrame_D3D11_1
----------------------------
0.0405
0.0568
0.1024
0.0046
0.1061
0.0035
0.0839
0.0034
0.0662
0.0046
0.0675
0.0037
0.0636
0.0046
0.0582
0.004
0.0025
0.0629
0.0038
0.0622
0.0035
0.0663
0.0026
0.0625
0.0027
0.0612
0.0024
0.065
0.0068
0.0622
0.0027
0.0695
0.0025
0.0643
0.0023
0.0662
0.0027
0.0682
0.0028
0.0637
0.0064
0.0714
0.0055
0.0686
0.003
0.0641
0.003
0.0664
0.003
0.0665
0.0026
0.0597
0.0027
0.0686
0.0023
0.0682
0.003
0.0669
0.0045
0.0627
0.003
0.0836
0.0027
0.0385
0.0025
0.081
0.0037
0.0381
0.0028
0.0647
0.0031
0.0644
0.0037
0.0775
0.0029
0.0672
0.003
0.0908
0.0023
0.0423
0.0032
0.067
0.0028
0.0655
0.0021
0.0029
0.0657
0.0669
0.0024
0.059
0.0026
0.0641
0.0028
0.0702
0.0068
0.0638
0.0027
0.0589
0.0028
0.075
0.0028
0.0572
0.003
0.0602
0.0029
0.0024
0.0558
0.056
0.0028
0.0605
0.0024
0.0601
0.003
0.0592
0.0032
0.0602
0.0037
0.0753
0.004
0.0829
0.0031
0.0686
0.0031
0.0608
0.0029
0.0616
0.0028
0.0864
0.0052
0.0796
0.0028
0.0729
0.0029
0.0692
0.003
0.0759
0.0026
0.0617
0.0044
0.0868
0.0029
0.0966
0.0025
0.0593
0.0032
0.0558
0.0033
0.0624
0.0035
0.0647
0.0054
0.0606
0.0022
0.0593
0.0032
0.0588
0.002
0.0629
0.0027
0.06
0.0028
0.0597
0.0033
0.0605
0.0038
0.0635
0.003
0.0612
0.0028
0.063
0.003
0.0593
0.0032
0.06
0.0037
0.0636
0.0029
0.0658
0.0031
0.0618
0.003
0.0616
0.0032
0.0599
0.0031
0.0606
0.0035
0.0582
0.003
0.0634
0.0079
0.0597
0.0025
0.0027
0.0673
0.0022
0.0648
0.0571
0.0025
0.06
0.0032
0.0622
0.0024
0.0643
0.0029
0.0639
0.0025
0.0659
0.0038
0.0607
0.002
0.0731
0.0022
0.0655
0.0018
0.0025
0.0639
0.0624
0.002
0.0709
0.0022
0.0636
0.0023
0.07
0.0021
0.0678
0.0021
0.0704
0.0022
0.0609
0.002
0.064
0.0017
0.0709
0.0017
0.064
0.0022
0.0714
0.0026
0.07
0.0021
0.0651
0.0018
0.0659
0.0019
0.0706
0.0017
0.0686
0.0025
0.0637
0.0018
0.0636
0.0019
0.071
0.0019
0.0625
0.0026
0.0697
0.0019
0.0612
0.0028
0.0659
0.0018
0.0704
0.0028
0.0672
0.0021
0.0583
0.0024
0.0698
0.0019
0.0644
0.0018
0.0688
0.0029
0.0623
0.0023
0.07
0.0021
0.0654
0.0022
0.0666
0.0019
0.0712
0.0045
0.0615
0.0018
0.0714
0.0024
0.064
0.0024
0.0682
0.002
0.0638
0.0022
0.0647
0.0018
0.0717
0.0019
0.066
0.0018
0.0747
0.0018
0.0654
0.0019
0.0726
0.0027
0.0611
0.002
0.0711
0.0019
0.062
0.0031
0.0637
0.0025
0.0698
0.0048
0.0653
0.0022
0.0603
0.0021
0.0716
0.0018
0.0695
0.0023
0.0019
0.0678
0.0632
0.0021
0.0697
0.0024
0.0625
0.002
0.0606
0.0021
0.0643
0.0023
0.0617
0.0024
0.0683
0.0019
0.0661
0.0021
0.0734
0.0024
0.0607
0.0023
0.0768
0.0018
0.0668
0.0022
0.0716
0.0018
0.0647
0.0019
0.0727
0.0022
0.0648
0.0022
0.0762
0.0025
0.0706
0.0028
0.002
0.0634
0.0019
0.0625
0.0693
0.0024
0.0702
0.0022
0.0656
0.0021
0.0667
0.0021
0.0641
0.0028
0.0707
0.0019
0.067
0.0029
0.0751
0.002
0.0031
0.0602
0.0817
0.0049
0.0683
0.0031
0.0718
0.0028
0.0739
0.0022
0.0703
0.0029
0.0739
0.0028
0.0705
0.0025
0.0736
0.0023
0.0765
0.0018
0.0696
0.0019
0.0614
0.0028
0.0628
0.0029
0.0633
0.0028
0.064
0.0029
0.0625
0.0026
0.0768
0.003
0.0668
0.0034
0.0023
0.0677
0.0542
0.0552
0.0698
0.0059
0.062
0.0069
0.0028
0.0705
0.0028
0.0671
0.0028
0.0663
0.0027
0.0664
0.0029
0.0799
0.0037
0.0713
0.0039
0.074
0.0031
0.0722
0.0039
0.088
0.0026
0.0672
0.0036
0.0027
0.0635
0.0027
0.0742
0.0028
0.0725
0.0053
0.0626
0.0029
0.0645
0.0028
0.0731
0.003
0.0712
0.0028
0.0649
0.003
0.0688
0.003
0.0571
0.0029
0.0631
0.0023
0.0628
0.0028
0.0689
0.007
0.0689
0.0028
0.0672
0.0062
0.0579
0.0036
0.0588
0.081
0.0025
0.0649
0.0032
0.0628
0.0028
0.0026
0.0649
0.0022
0.0612
0.003
0.0639
0.0029
0.063
0.0031
0.0639
0.003
0.0647
0.003
0.0639
0.003
0.0703
0.0025
0.0656
0.0023
0.0659
0.0029
0.0656
0.003
0.0647
0.0031
0.0716
0.003
0.0666
0.0023
0.0589
0.002
0.0665
0.0064
0.0638
0.0031
0.0656
0.0029
0.0692
0.0038
0.0022
0.0892
0.03
0.0029
0.0642
0.0035
0.0639
0.0021
0.0022
0.0857
0.0036
0.036
0.0022
0.0632
0.064
0.0668
0.0027
0.065
0.0022
0.0586
0.0031
0.0618
0.0021
0.0686
0.0021
0.0669
0.002
0.0763
0.0019
0.0674
0.0019
0.0706
0.0019
0.0705
0.002
0.0728
0.0029
0.0693
0.0027
0.0672
0.0024
0.0634
0.0021
0.0745
0.003
0.0721
0.0019
0.0597
0.0029
0.0636
0.0031
0.0642
0.003
0.0655
0.0028
0.0591
0.002
0.073
0.002
0.0017
0.0771
0.0019
0.0651
0.0058
0.0791
0.0029
0.0659
0.0029
0.0707
0.0026
0.0638
0.0033
0.0617
0.0029
0.0743
0.0031
0.0691
0.0029
0.0613
0.0029
0.0642
0.0031
0.0628
0.0042
0.073
0.002
0.0021
0.0815
0.0452
0.0019
0.0022
0.0819
0.032
0.0018
0.0653
0.003
0.0644
0.003
0.0625
0.0024
0.0775
0.0029
0.072
0.0024
0.0727
0.003
0.0645
0.0078
0.0672
0.003
0.0731
0.0022
0.0632
0.0026
0.0674
0.0025
0.0682
0.0029
0.0676
0.0031
0.0551
0.0029
0.067
0.0028
0.0637
0.0036
0.0594
0.003
0.059
0.0026
0.0671
0.0023
0.0685
0.0024
0.0608
0.0024
0.0747
0.0021
0.0649
0.0023
0.0634
0.0023
0.0694
0.0021
0.063
0.0022
0.0639
0.0021
0.0599
0.0025
0.0596
0.0024
0.0725
0.002
0.0629
0.0025
0.0705
0.0027
0.063
0.002
0.0677
0.0022
0.0595
0.0032
0.0704
0.0021
0.0642
0.0022
0.068
0.0023
0.0631
0.0021
0.0601
0.0024
0.0613
0.0019
0.0731
0.0021
0.0641
0.0022
0.0672
0.0023
0.0677
0.0025
0.0657
0.0033
0.0591
0.0031
0.0602
0.0028
0.0589
0.0032
0.0688
0.0036
0.0632
0.0027
0.063
0.0024
0.0705
0.0032
0.0621
0.0022
0.0765
0.0023
0.0666
0.003
0.0637
0.0018
0.0672
0.0022
0.0656
0.0017
0.0696
0.0025
0.0629
0.002
0.0616
0.0023
0.0717
0.0019
0.0658
0.0022
0.0701
0.0021
0.063
0.0022
0.0642
0.0019
0.0023
0.0691
0.0609
0.0019
0.0608
0.0018
0.0628
0.002
0.0704
0.0019
0.0679
0.0025
0.0702
0.0031
0.0626
0.0019
0.0643
0.002
0.0642
0.0019
0.0636
0.0024
0.0628
0.0021
0.0706
0.0021
0.0624
0.0019
0.0677
0.0023
0.0625
0.0018
0.0698
0.0021
0.0625
0.0017
0.0731
0.0019
0.0639
0.0019
0.0602
0.0045
0.0688
0.0033
0.0725
0.0021
0.0641
0.0023
0.072
0.002
0.0641
0.0018
0.0635
0.0021
0.0646
0.002
0.063
0.0022
0.0645
0.0022
0.0672
0.0031
0.0656
0.0021
0.0736
0.0018
0.0629
0.0018
0.0641
0.0021
0.0697
0.0024
0.0635
0.0016
0.0816
0.0046
0.0623
0.0022
0.0699
0.0018
0.0679
0.0018
0.0692
0.0022
0.0678
0.0021
0.063
0.0022
0.081
0.0018
0.0629
0.0023
0.0734
0.0022
0.0648
0.0023
0.0664
0.0019
0.0644
0.0025
0.075
0.0018
0.0663
0.002
0.068
0.0018
0.0601
0.0018
0.0662
0.0021
0.0613
0.0019
0.072
0.002
0.0633
0.002
0.0717
0.0022
0.0635
0.002
0.0635
0.0024
0.0679
0.0022
0.0629
0.0019
0.0699
0.0019
0.0636
0.0021
0.0682
0.0021
0.0024
0.0615
0.0621
0.0018
0.0641
0.0019
0.0637
0.002
0.0692
0.0018
0.0628
0.0018
0.0665
0.0017
0.07
0.0021
0.0622
0.0021
0.0639
0.0024
0.0702
0.0019
0.0622
0.0022
0.0605
0.002
0.0652
0.0022
0.0689
0.0017
0.0581
0.0019
0.073
0.0032
0.0606
0.0022
0.0022
0.0952
0.0018
0.0386
0.0019
0.0887
0.002
0.0371
0.0619
0.0026
0.0631
0.0019
0.0701
0.0029
0.0663
0.002
0.0727
0.0018
0.003
0.0653
0.062
0.003
0.0753
0.0035
0.0611
0.0028
0.0573
0.007
0.0609
0.0031
0.0028
0.0633
0.0551
0.066
0.0665
0.003
0.0026
0.0618
0.0027
0.0666
0.004
0.0894
0.0028
0.0031
0.0021
0.0603
0.0571
0.0028
0.0704
0.0026
0.0658
0.0029
0.0718
0.0021
0.0597
0.0023
0.064
0.0018
0.065
0.0019
0.0722
0.0017
0.0638
0.0031
0.0583
0.0024
0.0655
0.0024
0.0625
0.0033
0.0605
0.0035
0.0636
0.0028
0.068
0.002
0.061
0.0026
0.0623
0.0022
0.0717
0.0024
0.0631
0.0021
0.0666
0.0019
0.0732
0.0021
0.0628
0.0022
0.0678
0.0019
0.0642
0.002
0.062
0.0022
0.0605
0.0031
0.0639
0.0019
0.0668
0.0029
0.0648
0.002
0.063
0.0033
0.0821
0.0023
0.0853
0.0031
0.0702
0.0027
0.0643
0.0026
0.0723
0.0023
0.0613
0.0026
0.0748
0.0023
0.0625
0.0026
0.0692
0.0019
0.0627
0.0022
0.0729
0.0024
0.0624
0.0021
0.0632
0.0025
0.0681
0.0026
0.0647
0.0023
0.0692
0.0023
0.0635
0.0021
0.0641
0.0021
0.0658
0.0098
0.0681
0.0024
0.0644
0.0019
0.0623
0.0024
0.064
0.002
0.0637
0.0021
0.0724
0.0021
0.061
0.0026
0.0754
0.0027
0.0654
0.0026
0.0599
0.0019
0.0688
0.002
0.0637
0.0019
0.071
0.002
0.0655
0.0021
0.0698
0.0019
0.0657
0.0016
0.0611
0.0019
0.0677
0.0019
0.0638
0.0019
0.0688
0.0027
0.0628
0.0022
0.0704
0.002
0.0628
0.002
0.0622
0.0025
0.0751
0.0022
0.0659
0.0017
0.0728
0.0025
0.0624
0.0021
0.0699
0.0023
0.0632
0.0019
0.003
0.0631
0.0594
0.0025
0.0657
0.0022
0.0576
0.0023
0.0718
0.0027
0.0646
0.0023
0.0645
0.0025
0.0719
0.0021
0.0602
0.0022
0.0672
0.0021
0.0633
0.002
0.0708
0.0021
0.0639
0.002
0.0698
0.0033
0.064
0.0026
0.0643
0.0019
0.0755
0.0018
0.0633
0.0046
0.0674
0.0022
0.0658
0.0022
0.0727
0.0021
0.0688
0.0018
0.0642
0.0027
0.0724
0.0024
0.0652
0.0024
0.0614
0.0018
0.0696
0.002
0.0635
0.0024
0.0594
0.0022
0.0641
0.0029
0.0595
0.0023
0.0633
0.0022
0.0726
0.0028
0.0643
0.0021
0.0693
0.0027
0.0626
0.0022
0.0029

---------------------------------
VideoDecoderSubmitBuffers_D3D11_1
---------------------------------
10.7237
3.6677
5.8392
3.7161
10.5876
6.0651
1.0673
0.9092
0.7941
0.7186
0.7198
0.7851
0.7865
0.8017
0.7269
0.8044
0.804
0.835
1.9214
1.8113
1.2237
1.6064
1.2146
1.632
1.0028
1.0092
0.5971
1.0526
0.6068
0.9869
1.04
1.0547
1.0663
1.0643
1.07
1.0349
0.9944
0.9656
0.6912
1.0614
1.0669
1.0335
0.9873
1.6361
0.5703
0.5739
0.6142
0.6077
0.6099
0.5395
0.6137
0.5243
0.5938
0.5251
0.5369
0.5891
0.5828
0.5504
0.5745
0.5361
0.5754
0.6211
0.5648
0.6113
0.8336
0.6636
0.8046
0.5683
0.6457
0.5845
0.8753
0.691
0.5514
0.5366
0.6083
0.6531
0.5895
0.6138
0.55
0.6044
0.6199
0.5514
0.582
0.579
0.5447
0.6057
0.5447
0.6051
0.5393
0.5675
0.5563
0.5627
0.5534
0.5675
0.5963
0.6143
0.5887
0.5907
1.8287
0.5733
0.5427
0.5675
0.5975
0.6223
0.5826
0.6476
0.617
0.6592
0.6168
0.5391
0.6685
0.6022
0.6995
0.6337
0.6099
0.6472
0.6869
0.6841
0.6268
0.6712
2.7312
0.6175
0.6366
0.6087
0.5882
0.663
0.6498
0.7129
0.5979
0.6562
0.6332
0.6484
0.6451
0.6661
0.5988
0.669
0.64
0.6696
0.6067
0.6564
0.6778
0.6785
0.6845
0.6228
0.6546
0.6283
0.6028
0.6603
0.6793
0.6747
0.6025
0.6824
0.6275
0.6581
0.603
0.6547
0.6074
0.6395
0.6899
0.6178
0.608
0.6467
0.6672
0.5916
0.532
0.6098
0.6371
0.6107
0.5591
0.6149
0.6086
0.6917
0.6342
0.6446
0.6361
0.651
0.6303
0.6109
0.6498
0.6099
0.6395
1.6229
1.6307
0.7219
0.5542
1.0338
1.0035
1.0278
0.6071
0.6041
1.0379
0.6011
1.3606
0.5087
1.0495
0.9833
1.0166
1.0214
0.9869
0.6747
1.0212
1.0031
1.0191
1.0304
0.6479
0.9941
1.0436
1.0363
1.0497
1.0649
1.0271
0.5265
0.6134
0.5697
0.5785
1.5015
1.0229
0.9926
1.0184
1.0387
0.6407
1.0021
0.9842
0.9973
1.044
1.0814
1.0145
1.0474
1.0071
1.0214
1.0238
1.0114
0.6719
1.5962
1.5021
1.0145
0.6561
1.026
1.0301
1.031
1.0148
2.5712
0.5761
1.0217
1.0208
0.6719
1.1351
0.9846
1.0085
1.0272
1.0375
1.0337
1.0159
0.6263
0.6504
1.0468
1.0048
0.9912
1.0211
1.0238
0.7319
1.0232
1.0162
0.9733
1.0246
0.5588
0.9827
1.0435
0.643
1.0855
0.7083
0.5355
0.6601
1.0775
0.7107
1.0034
0.7239
0.6721
0.6612
0.6672
0.6656
0.6778
0.6211
1.0198
1.0109
1.0237
0.6898
1.0009
0.6857
1.0188
0.9585
1.0411
1.0333
0.7162
0.7486
0.6644
1.5057
1.0455
1.0194
0.6866
1.01
1.0266
1.0398
1.0367
0.9178
1.0114
1.0191
0.6258
0.6597
0.7647
0.6473
0.7619
0.9994
1.001
1.0164
1.0354
1.0053
1.0137
0.9724
1.0329
0.5987
0.6
0.5948
0.6148
0.5459
0.6625
0.597
0.5757
0.5524
0.7167
0.6388
0.6101
0.6218
0.5956
0.6302
0.6616
0.5969
0.6717
0.5584
0.6134
0.6747
0.6565
0.6379
0.628
0.6626
0.5477
0.6764
0.6198
0.615
0.6695
0.5444
0.5777
0.6561
0.669
0.6291
0.6145
0.5846
0.5746
0.5927
0.5746
0.615
0.6112
0.5831
0.5849
0.5321
0.5772
0.6561
0.6266
0.6138
0.6788
0.6255
0.6169
0.6449
0.6544
0.6206
0.6501
0.5948
0.6823
0.5534
0.5598
0.5815
0.6443
0.6696
0.6361
0.6545
0.6473
0.6071
0.6255
0.6347
0.641
0.6595
0.6089
0.6646
0.6047
0.6494
0.6088
0.6393
0.6576
0.5833
0.5683
0.6468
0.6303
0.6554
0.633
0.6823
0.5475
0.6609
0.6333
0.6274
0.5996
0.6512
0.6496
0.6548
0.6325
0.5972
0.6376
0.6162
0.6446
0.6319
0.632
0.6071
0.6461
0.6677
0.5869
0.6838
0.6326
0.6688
0.6119
0.6084
0.6496
0.6308
0.5862
0.6568
0.6057
0.6542
0.6132
0.6472
0.6086
0.6552
0.6553
0.6218
0.6618
0.608
0.6037
0.6162
0.5725
0.6189
0.6159
0.6635
0.6779
0.6218
0.6392
0.6135
0.6551
0.6636
0.6106
0.5516
0.6348
0.6286
0.5865
0.569
0.545
1.0194
1.1315
0.5593
1.4329
0.5278
1.0423
1.0363
0.9979
0.9951
1.585
0.5574
1.0508
1.6549
1.61
1.5759
0.7406
0.5598
0.6233
0.5597
0.5672
0.5667
0.8067
0.5659
0.5214
0.5811
0.6594
0.6686
0.5849
0.6177
0.583
0.6795
0.6262
0.5747
0.6513
0.5795
0.5646
0.7151
0.6416
0.6326
0.6563
0.648
0.6188
0.6411
0.6309
0.6143
0.6646
0.677
0.6361
0.5651
0.5613
0.6096
0.6553
0.5866
0.6606
0.8299
0.5825
0.5802
0.6155
0.5899
0.7051
0.6151
0.6683
0.6344
0.6108
0.6166
0.6611
0.6534
0.6315
0.6881
0.6437
0.6913
0.6352
0.6082
0.6486
0.5432
0.6837
0.6845
0.6378
0.6054
0.6596
0.6852
0.6125
0.6578
0.6223
0.6604
0.6299
0.6894
0.6607
0.6218
0.5625
0.641
0.6764
0.6337
0.6141
0.6458
0.6552
0.6232
0.6462
0.6537
0.6009
0.655
0.6325
0.5646
0.5345
0.6284
0.532
0.6512
0.6118
0.6025
0.6486
0.5865
0.635
0.6366
0.639
0.5845
0.6508
0.6802
0.6485
0.6356
0.6186
0.6088
0.6359
0.6865
0.5801
0.6632
0.6402
0.6175
0.606
0.6485
0.588
0.5873
0.6626
0.573
0.6064
0.6301
0.6539
0.6573
0.6388

