---------------------------------------------
CalcPrivateVideoDecoderOutputViewSize_D3D11_1
---------------------------------------------
0.0029
0.001
0.0014
0.0014
0.0021
0.0011
0.0018
0.0009
0.0012
0.0013
0.0009
0.0007
0.0009
0.0015
0.0012
0.0007
0.0016
0.0009
0.0015
0.0023
0.0017
0.001
0.0009
0.0006
0.0016
0.0009
0.0007
0.0008
0.0023
0.0009
0.0017
0.001
0.0025
0.0011
0.0008
0.0016
0.0016
0.001
0.0009
0.0008
0.0007
0.001
0.0018
0.0009
0.0006
0.0008
0.0008
0.001
0.0015
0.0015
0.0016
0.0017
0.0019
0.001
0.0009
0.0016
0.0009
0.0008
0.0006
0.0016
0.0008
0.0018
0.0009
0.0026
0.0009
0.0011
0.0006
0.0009
0.0006
0.0009
0.0007
0.0009
0.0007
0.0007
0.0019
0.0017
0.0016
0.0009
0.0008
0.0016
0.0009
0.0012
0.0007
0.0016
0.0009
0.0016
0.0009
0.0007
0.0007
0.0009
0.0008
0.0009
0.0006
0.0014
0.002
0.001
0.0007
0.0007
0.0006
0.0006
0.0017
0.0012
0.0008
0.0014
0.0009
0.0009
0.0007
0.0009
0.0006
0.0009
0.0006
0.001
0.0006
0.0015
0.0009
0.0007
0.0015
0.0013
0.0011
0.0008
0.0009
0.0006
0.0008
0.0017
0.0013
0.0014
0.001
0.0013
0.0009
0.0008
0.0008
0.0007
0.0008
0.0009
0.0009
0.0008
0.0008
0.0009
0.0007
0.0008
0.0008
0.0024
0.0024
0.0013
0.0016
0.001
0.0008
0.0017
0.001
0.0009
0.0007
0.0012
0.001
0.0008
0.0007
0.0008
0.0008
0.0014
0.0009
0.001
0.0007
0.001
0.0011
0.0013
0.0008
0.0011
0.0012
0.0008
0.0011
0.0009
0.0011
0.0008
0.0012
0.0009
0.0013
0.0011
0.0016
0.0008
0.0021
0.0011
0.0008
0.0008
0.0009
0.0008
0.0008
0.0007
0.0008
0.001
0.0006
0.0015
0.0014
0.001
0.001
0.0016
0.0009
0.0015
0.0014
0.0009
0.0008
0.0008
0.0016
0.0012
0.0008
0.0008
0.0017
0.001
0.0008
0.0007
0.0007
0.001
0.0006
0.0027
0.0008
0.0007
0.0007
0.0006
0.0007
0.0007
0.0009
0.0008
0.0015
0.0009
0.0014
0.0008
0.0008
0.0007
0.0007
0.0008
0.0008
0.0007
0.0007
0.0006
0.0008
0.0016
0.0011
0.0008
0.0008
0.0011
0.0009
0.0007
0.0026
0.0012
0.0008
0.0022
0.0008
0.0007
0.0012
0.0008
0.0008
0.0007
0.0006
0.0005
0.0017
0.0009
0.0009
0.001
0.0007
0.0007
0.0007
0.0008
0.0007
0.0009
0.0007
0.001
0.0008
0.0008
0.0007
0.0008
0.0008
0.0008
0.001
0.0011
0.0007
0.0006
0.0009
0.0006
0.0007
0.0009
0.0006
0.0007
0.0007
0.0006
0.0007
0.0007
0.0009
0.0009
0.0013
0.0013
0.0011
0.0008
0.0008
0.0008
0.0007
0.0007
0.0008
0.0007
0.0006
0.0007
0.0009
0.0009
0.0016
0.0018
0.0011
0.0014
0.0009
0.0016
0.0009
0.0007
0.0008
0.0016
0.0009
0.0008
0.0012
0.0007
0.0011
0.0007
0.0028
0.0009
0.0007
0.0008
0.0008
0.0007
0.0007
0.0007
0.0007
0.0011
0.0006
0.0006
0.0008
0.0008
0.0015
0.0017
0.001
0.0011
0.0015
0.0019
0.0015
0.001
0.0019
0.0015
0.0016
0.0015
0.001
0.0015
0.0022
0.0017
0.0015
0.0014
0.0016
0.0023
0.0021
0.0017
0.0014
0.0009
0.0011
0.0017
0.0015
0.0015
0.0016
0.0011
0.0014
0.0021
0.0014
0.0009
0.0009
0.002
0.001
0.0008
0.0014
0.001
0.0018
0.0007
0.0019
0.001
0.0011
0.0016
0.001
0.0007
0.0025
0.0011
0.0007
0.001
0.0008
0.0007
0.0008
0.0013
0.0016
0.0012
0.0011
0.0008
0.0007
0.001
0.0008
0.0007
0.0008
0.0007
0.0007
0.0008
0.0007
0.0008
0.0009
0.0007
0.0012
0.001
0.0008
0.0007
0.0017
0.001
0.0008
0.0007
0.0007
0.0006
0.0007
0.0006
0.0007
0.0006
0.0006
0.0008
0.0007
0.0017
0.0009
0.0008
0.0008
0.0006
0.0008
0.0006
0.0007
0.0011
0.0006
0.0007
0.0007
0.0008
0.0006
0.0007
0.0015
0.0009
0.001
0.0008
0.001
0.0006
0.0009
0.0007
0.0019
0.0007
0.0017
0.0009
0.0016
0.001
0.0011
0.0006
0.0014
0.0012
0.0016
0.0009
0.0009
0.0016
0.001
0.0013
0.0007
0.0011
0.0009
0.0006
0.0007
0.0006
0.0011
0.0007
0.0008
0.0007
0.0007
0.0006
0.0016
0.001
0.0016
0.0011
0.0042
0.001
0.0009
0.0016
0.0012
0.001
0.0008
0.0008
0.0007
0.0016
0.0009
0.0007
0.0017
0.001
0.0015
0.0009
0.0016
0.0018
0.0009
0.0007
0.0007
0.0007
0.0008
0.0007
0.0008
0.0007
0.0008
0.0008
0.001
0.0006
0.0006
0.0007
0.0007
0.0006
0.0007
0.0006
0.0007
0.0006
0.0006
0.0006
0.0006
0.0006
0.0016
0.0011
0.0007
0.0016
0.0009
0.001
0.0016
0.0011
0.0016
0.0009
0.0011
0.0008
0.0011
0.0007
0.0011
0.001
0.0011
0.0006
0.0007
0.0007
0.0008
0.0007
0.0009
0.0006
0.0015
0.0008
0.0018
0.001
0.0016
0.0008
0.0012
0.0008
0.0016
0.0009
0.0015
0.001
0.0016
0.0008
0.0008
0.0017
0.0012
0.0008
0.0015
0.0009
0.0017
0.0014
0.0017
0.0011
0.0017
0.001
0.0012
0.001
0.0016
0.0009
0.0019
0.001
0.0014
0.0008
0.0007
0.0017
0.001
0.0009
0.0045
0.0012
0.0009
0.0015
0.0008
0.0013
0.0009
0.0018
0.0009
0.0017
0.0008
0.0008
0.0016
0.001
0.0009
0.0016
0.0009
0.0012
0.0006
0.0009
0.0006
0.0015

-----------------------
CodechalDecode::Execute
-----------------------
8.1788
9.3341
30.7592
8.6633
46.7905
15.038
0.7868
0.871
0.901
0.5296
1.257
0.5006
1.1046
0.7502
1.0313
0.9737
0.6707
0.8803
0.7592
0.8841
0.6353
0.6075
0.8739
0.6381
0.4413
0.4113
0.4279
6.9561
0.4274
0.4258
0.4864
0.4663
0.4763
0.4474
0.4085
0.4405
0.4572
0.405
0.4231
0.4178
0.3919
0.4064
0.3895
0.3987
0.4162
0.4161
0.4137
0.3876
0.4319
0.4484
0.4702
0.4485
0.4765
0.4443
0.4251
0.4532
0.4253
0.4312
0.407
0.4376
0.4355
0.4301
0.4073
0.456
0.3811
0.4113
0.408
0.3986
0.3881
0.4222
0.4224
0.3981
0.4728
0.4011
0.4926
0.4198
0.4287
0.4042
0.3928
0.4465
0.4219
0.4341
0.4126
0.4376
0.4062
0.4521
0.4119
0.4021
0.4307
0.4094
0.4099
0.3899
0.4113
0.3937
0.4087
0.401
0.41
0.3746
0.3947
0.4508
0.4813
0.3946
0.426
0.4348
0.452
0.4158
0.4091
0.3895
0.4562
0.4171
0.4444
0.414
0.3892
0.4544
0.437
0.442
0.4352
0.3972
0.3718
0.3797
0.4458
0.3981
0.4125
0.4523
0.4197
0.4227
0.4068
0.4078
0.421
0.3787
0.4334
0.4034
0.4622
0.4025
0.4358
0.3953
0.4214
0.4005
0.4351
0.3904
0.4139
0.392
0.53
0.3993
0.4861
0.4506
0.587
0.515
0.4281
0.4228
0.4386
0.4125
0.5654
0.4325
0.3996
0.4884
0.4309
0.4522
0.4569
0.5577
0.3753
0.4062
0.634
0.4854
0.4775
0.4141
0.5062
0.4157
0.6198
0.4004
0.3804
0.4019
0.5905
0.4422
0.563
0.4355
0.4416
0.3944
0.6584
0.4605
0.4102
0.4269
0.4378
0.4292
0.4409
0.4425
0.4339
0.4279
0.404
0.4325
0.4596
0.396
0.4069
0.444
0.4521
0.4323
0.5599
0.3931
0.4015
0.3846
0.4462
0.412
0.4128
0.3945
0.5004
0.4157
0.4196
0.4248
0.4113
0.4463
0.3979
0.4374
0.4083
0.4323
0.3966
0.4217
0.4223
0.4208
0.4258
0.4289
0.4597
0.4413
0.406
0.4198
0.4204
0.4124
0.4238
0.401
0.3873
0.3901
0.3989
0.4112
0.397
0.4689
0.4404
0.4325
0.4221
0.4099
0.3875
0.4133
0.5529
0.4141
0.4133
0.4179
0.4084
0.4039
0.4324
0.3861
0.4027
0.4168
0.4024
0.4048
0.4842
0.3984
0.4194
0.4168
0.421
0.4077
0.3947
0.4209
0.4062
0.432
0.4266
0.4141
0.406
0.412
0.4166
0.3959
0.4179
0.4275
0.4023
0.4388
0.3902
0.4241
0.3965
0.4158
0.3863
0.4097
0.4181
0.434
0.3949
0.4152
0.4234
0.4509
0.5935
0.4507
0.5685
0.6053
0.4135
0.4399
0.38
0.4106
0.4138
0.3849
0.4072
0.4039
0.3793
0.4149
0.3921
0.3925
0.4689
0.5106
0.4035
0.4374
0.3793
0.4608
0.3996
0.4249
0.388
0.4321
0.3948
0.3848
0.4024
0.3774
0.3963
0.3759
0.4065
0.3982
0.3902
0.3969
0.4154
0.4211
0.4206
0.4083
0.3966
0.4544
0.3853
0.4053
0.397
0.3912
0.444
0.4298
0.4035
0.4001
0.5037
0.5991
0.5943
0.5309
0.617
0.4789
0.4327
0.5932
0.4997
0.4678
0.5657
0.5908
0.5348
0.5304
0.5055
0.6126
0.6487
0.6582
0.4539
0.4325
0.4731
0.6182
0.5963
0.4087
0.4316
0.4202
0.4545
0.6114
0.6265
0.4001
0.4132
0.5339
0.4006
0.3793
0.4256
0.3957
0.4083
0.4294
0.4907
0.4182
0.4942
0.4495
0.4142
0.4132
0.5205
0.411
0.4238
0.4416
0.4029
0.4109
0.4094
0.3995
0.4804
0.4318
0.4287
0.4085
0.424
0.4291
0.3922
0.4253
0.4067
0.4245
0.436
0.4237
0.4132
0.4017
0.3769
0.4055
0.4366
0.4371
0.4281
0.4298
0.4841
0.4649
0.4463
0.3836
0.4158
0.3967
0.4388
0.4076
0.4059
0.4405
0.4443
0.4426
0.4174
0.4611
0.4394
0.4219
0.4552
0.3859
0.4052
0.4061
0.3987
0.4327
0.4148
0.397
0.4145
0.3878
0.4104
0.3983
0.4431
0.436
0.4231
0.4165
0.4175
0.4141
0.4139
0.3909
0.4475
0.3984
0.4291
0.423
0.437
0.4247
0.4072
0.4065
0.4508
1.4572
0.4437
0.4011
0.4029
0.4354
0.4293
0.4238
0.4107
0.4136
0.3923
0.4014
0.3788
0.4174
0.4663
0.4046
0.4048
0.4015
0.3945
0.4103
0.4534
0.426
0.4415
0.4198
0.4366
0.4021
0.3899
0.4214
0.3753
0.4143
0.3829
0.4282
0.3946
0.4477
0.4071
0.4218
0.4594
0.3849
0.434
0.395
0.4171
0.4125
0.3803
0.4069
0.374
0.3744
0.4142
0.4055
0.4155
0.4267
0.4047
0.3843
0.3941
0.3856
0.3784
0.4064
0.4096
0.3697
0.3692
0.3915
0.3996
0.3836
0.3663
0.3654
0.3977
0.3739
0.4659
0.4364
0.3926
0.457
0.4312
0.4151
0.478
0.4278
0.4322
0.4192
0.3939
0.4397
0.4276
0.4445
0.4474
0.4278
0.4476
0.3884
0.3879
0.4209
0.4161
0.4277
0.4255
0.4011
0.4444
0.4328
0.4325
0.4085
0.4313
0.418
0.4192
0.439
0.4793
0.3927
0.471
0.431
0.4445
0.4102
0.4263
0.4464
0.4138
0.4179
0.4524
0.4437
0.5743
0.571
0.503
0.4186
0.4664
0.4192
0.4168
0.4749
0.5534
0.4881
0.5152
0.453
0.4558
0.4234
0.4785
0.5047
0.4117
0.4653
0.4893
0.4282
0.4477
0.4345
0.4139
0.4193
0.4244
0.4978
0.433
0.4495
0.4355
0.3772
0.4793
0.4204
0.4289
0.4227
0.4203
0.4092
0.4451
0.4215
0.4505
0.467

---------------------------------------
CodechalDecodeHevcG12::DecodeStateLevel
---------------------------------------
0.4762
6.5198
0.5118
0.5328
18.9297
6.6279
0.6708
0.3909
9.7367
14.6097
0.2949
0.5828
0.2504
0.2643
0.2249
0.2262
0.4993
0.25
0.2216
0.1696
0.8542
0.2514
0.1991
0.1618
0.2299
0.7221
0.2027
0.4037
0.639
0.2348
0.5877
0.1945
0.2717
0.1984
0.5043
0.1842
0.3781
0.2127
0.4848
0.1848
0.263
0.1833
0.2397
0.1739
0.5137
0.195
0.2291
0.2529
0.1745
0.1262
0.1563
0.124
0.1615
0.1281
0.1849
6.6386
0.1698
0.1245
0.1525
0.1498
0.1981
0.1304
0.1934
0.1316
0.1914
0.1276
0.1677
0.1358
0.1496
0.1316
0.1643
0.1326
0.1796
0.1318
0.155
0.1261
0.1636
0.1299
0.1621
0.1262
0.1505
0.1216
0.1561
0.1249
0.1489
0.1245
0.155
0.1225
0.164
0.1261
0.1604
0.1252
0.1612
0.1255
0.1502
0.1236
0.1631
0.1315
0.1689
0.1304
0.179
0.1384
0.1697
0.1297
0.1887
0.1317
0.1674
0.1327
0.1547
0.1405
0.1722
0.1306
0.1673
0.1295
0.1696
0.1347
0.1533
0.1271
0.1655
0.1267
0.1597
0.1256
0.1614
0.1256
0.1574
0.1273
0.1682
0.1365
0.1453
0.1198
0.1526
0.134
0.1591
0.1274
0.1505
0.1239
0.1422
0.1247
0.1562
0.1275
0.1573
0.1391
0.1503
0.1291
0.1959
0.1318
0.1521
0.1278
0.1932
0.1416
0.1594
0.1243
0.1591
0.1338
0.152
0.1266
0.1481
0.128
0.1672
0.138
0.1623
0.1345
0.1687
0.1292
0.159
0.128
0.1624
0.1317
0.1542
0.1272
0.1671
0.1392
0.1602
0.1259
0.1567
0.1292
0.1648
0.1264
0.156
0.1286
0.1591
0.1262
0.1454
0.1226
0.1681
0.122
0.1512
0.1202
0.1587
0.122
0.1498
0.1288
0.1556
0.1313
0.1406
0.1241
0.1478
0.1267
0.1898
0.1348
0.1892
0.1385
0.1544
0.1222
0.1634
0.1266
0.1608
0.1325
0.1738
0.1339
0.1557
0.1326
0.1522
0.1297
0.1512
0.1203
0.1767
0.1359
0.1619
0.1244
0.17
0.1483
0.1583
0.1257
0.1487
0.1241
0.1676
0.133
0.1656
0.1305
0.174
0.1343
0.1645
0.1342
0.1502
0.121
0.1477
0.1141
0.1386
0.1222
0.171
0.1444
0.1502
0.123
0.1676
0.1288
0.1779
0.1317
0.1578
0.1272
0.1654
0.124
0.1597
0.1248
0.1591
0.1205
0.1576
0.1316
0.1436
0.1255
0.183
0.135
0.1545
0.128
0.1968
0.1393
0.16
0.1246
0.1719
0.1359
0.1542
0.1236
0.167
0.1291
0.154
0.1251
0.1802
0.1282
0.1519
0.1216
0.1583
0.1297
0.1543
0.1219
0.212
0.1337
0.153
0.1196
0.1954
0.1312
0.1873
0.1257
0.2471
0.1911
0.2214
0.137
0.1542
0.1395
0.1623
0.1307
0.17
0.1466
0.1691
0.119
0.2095
0.1943
0.1625
0.1395
0.1481
0.1325
0.2055
0.1567
0.1655
0.1374
0.1739
0.1341
0.1707
0.15
0.2036
0.1917
0.143
0.1176
0.155
0.1327
0.2189
0.2062
0.2139
0.1281
0.2066
0.1379
0.1655
0.1223
0.218
0.1313
0.1595
0.1265
0.2417
0.2025
0.152
0.1266
0.1453
0.1184
0.1513
0.1319
0.2284
0.1972
0.1702
0.1301
0.2403
0.1594
0.1664
0.1363
0.1686
0.1344
0.1482
0.1266
0.2704
0.1859
0.1854
0.1351
0.1524
0.1379
0.1588
0.1315
0.1688
0.1373
0.1625
0.1377
0.1774
0.1295
0.1719
0.1383
0.1732
0.1306
0.1791
0.1246
0.1659
0.1213
0.1624
0.1282
0.1819
0.1251
0.1492
0.1262
0.1611
0.1263
0.1749
0.1274
0.1647
0.141
0.1662
0.1263
0.2234
0.174
0.148
0.1268
0.1478
0.1356
0.1416
0.1296
0.1752
0.1296
0.1557
0.1287
0.1581
0.1283
0.1521
0.1242
0.1853
0.1541
0.1536
0.1363
0.1586
0.1293
0.1581
0.13
0.1611
0.1283
0.1533
0.123
0.1544
0.1253
0.1635
0.1374
0.1576
0.1262
0.1698
0.1298
0.1507
0.1242
0.168
0.1289
0.1654
0.131
0.1614
0.1337
0.1647
0.1289
0.1655
0.1328
0.1732
0.1408
0.1668
0.1416
0.1568
0.1218
0.1599
0.127
0.1597
0.1332
0.1587
0.1274
0.1619
0.1359
0.1525
0.1328
0.1428
0.1336
0.1436
0.1328
0.1528
0.1268
0.1552
0.1321
0.1479
0.1319
0.1788
0.1305
0.1691
0.1355
0.1647
0.1359
0.1599
0.1365
0.1552
0.1222
0.1549
0.1139
0.152
0.1364
0.2411
0.1343
0.1569
0.1228
0.1549
0.1352
0.1587
0.1363
0.1566
0.1252
0.1515
0.1258
0.16
0.1237
0.15
0.121
0.147
0.1385
0.16
0.1353
0.1577
0.124
0.1548
0.1284
0.1912
0.1347
0.1544
0.1227
0.1542
0.1369
0.1584
0.1363
0.1591
0.126
0.1536
0.1327
0.1475
0.1332
0.1576
0.1374
0.1593
0.1258
0.1594
0.1381
0.1663
0.1255
0.1568
0.1339
0.1551
0.1278
0.1564
0.1333
0.157
0.1382
0.1511
0.1294
0.1632
0.1258
0.1621
0.1377
0.1563
0.1287
0.1706
0.1285
0.1472
0.1304
0.1615
0.126
0.1479
0.1313
0.1558
0.1358
0.149
0.1211
0.1507
0.1298
0.1613
0.1339
0.1648
0.1398
0.1462
0.1294
0.1524
0.1378
0.1685
0.1281
0.1726
0.1415
0.2304
0.1883
0.1628
0.1515
0.2081
0.1966
0.2289
0.2045
0.1572
0.1314
0.1671
0.139
0.1435
0.1225
0.1518
0.136
0.1732
0.1198
0.1441
0.1231
0.1567
0.1315
0.1538
0.129
0.1434
0.1208
0.1526
0.137
0.1471
0.1313
0.15
0.1264
0.1815
0.1334
0.2067
0.1367
0.1605
0.1246
0.1727
0.1276
0.1431
0.1193
0.1736
0.1456
0.1517
0.1294
0.1573
0.1382
0.1472
0.125
0.169
0.1262
0.1475
0.1293
0.1469
0.1203
0.15
0.131
0.1452
0.1251
0.1537
0.1282
0.1454
0.1218
0.1523
0.1266
0.151
0.1334
0.1539
0.122
0.1518
0.1291
0.1578
0.135
0.1615
0.1372
0.1609
0.1277
0.1581
0.1275
0.1469
0.1308
0.1816
0.1336
0.1525
0.1234
0.1536
0.1347
0.1564
0.1243
0.149
0.1241
0.1623
0.1402
0.1573
0.1394
0.1562
0.1215
0.1512
0.1309
0.2108
0.1297
0.2292
0.1969
0.2291
0.1895
0.2228
0.17
0.2369
0.1976
0.1853
0.1458
0.1656
0.129
0.2274
0.197
0.2025
0.1616
0.198
0.1326
0.2145
0.1779
0.2213
0.1978
0.199
0.192
0.2243
0.149
0.187
0.152
0.2316
0.1978
0.2882
0.1769
0.2592
0.2069
0.1664
0.1527
0.1584
0.1387
0.1817
0.1558
0.2366
0.2029
0.227
0.1968
0.1606
0.1237
0.1622
0.1333
0.157
0.1306
0.1793
0.1293
0.2393
0.1918
0.2478
0.2012
0.1483
0.1335
0.1542
0.1402
0.2237
0.1489
0.1549
0.125
0.144
0.1256
0.1626
0.1257
0.1529
0.1284
0.154
0.1289
0.1582
0.156
0.1872
0.1411
0.1681
0.125
0.2053
0.1418
0.1731
0.1285
0.1603
0.1235
0.1557
0.1319
0.2158
0.1324
0.1543
0.126
0.1621
0.1339
0.1737
0.1296
0.1576
0.1233
0.1548
0.1315
0.1563
0.131
0.1529
0.122
0.1914
0.1362
0.1679
0.1246
0.1604
0.1309
0.1561
0.1265
0.1698
0.1287
0.1629
0.1271
0.1474
0.1301
0.1587
0.1309
0.1592
0.124
0.1638
0.1295
0.1603
0.1463
0.1669
0.127
0.1597
0.1264
0.1512
0.1276
0.142
0.1169
0.1476
0.1327
0.1655
0.1297
0.1665
0.1356
0.1659
0.1304
0.166
0.1322
0.1951
0.1363
0.1785
0.1384
0.1763
0.1349
0.1428
0.1188
0.1539
0.1391
0.1483
0.1309
0.1649
0.1355
0.1485
0.1315
0.1466
0.1419
0.1685
0.1432
0.1728
0.1331
0.169
0.1383
0.1537
0.1381
0.1819
0.1318
0.172
0.1298
0.1683
0.1235
0.1694
0.1402
0.1459
0.1207
0.1527
0.1232
0.1542
0.1296
0.1462
0.128
0.1719
0.1274
0.1576
0.1309
0.1506
0.1291
0.159
0.1321
0.151
0.1208
0.1551
0.1346
0.1503
0.1214
0.165
0.1371
0.1667
0.1345
0.1551
0.1378
0.158
0.1361
0.1565
0.131
0.1575
0.1361
0.1542
0.133
0.1488
0.1276
0.1661
0.1359
0.1562
0.1232
0.161
0.1242
0.1555
0.1392
0.1597
0.1318
0.1596
0.1349
0.151
0.1265
0.1548
0.1307
0.1676
0.139
1.1171
0.1629
0.1724
0.1288
0.149
0.1332
0.155
0.1244
0.1664
0.1328
0.1605
0.1254
0.1637
0.1272
0.1645
0.1286
0.1537
0.1342
0.1528
0.1216
0.1545
0.1313
0.1453
0.1228
0.1625
0.1289
0.1679
0.1616
0.153
0.1292
0.1547
0.1235
0.1556
0.126
0.1504
0.1213
0.1556
0.1298
0.1725
0.1305
0.1607
0.1268
0.1715
0.1246
0.1649
0.1278
0.1595
0.1331
0.1519
0.1232
0.1506
0.125
0.1627
0.1249
0.15
0.1115
0.1566
0.1328
0.144
0.1308
0.1546
0.1319
0.1549
0.1261
0.176
0.1298
0.1525
0.1335
0.1633
0.1311
0.186
0.1282
0.1461
0.1206
0.1613
0.1374
0.153
0.1224
0.1595
0.1233
0.1613
0.1298
0.1457
0.1205
0.1598
0.1232
0.1441
0.1215
0.1451
0.1198
0.1621
0.1269
0.1589
0.1269
0.1619
0.1286
0.1643
0.1306
0.1578
0.1265
0.1499
0.1206
0.1485
0.1243
0.1468
0.1247
0.1447
0.1233
0.1566
0.1289
0.1605
0.1257
0.1453
0.1197
0.1436
0.1191
0.1505
0.1268
0.1541
0.1267
0.1451
0.1276
0.1421
0.1197
0.1422
0.1182
0.1522
0.128
0.1401
0.1194
0.1784
0.1356
0.1746
0.1302
0.153
0.124
0.1735
0.1344
0.1633
0.1284
0.1592
0.1295
0.1841
0.1402
0.1619
0.1287
0.1645
0.1301
0.1571
0.1238
0.1496
0.1213
0.1693
0.1392
0.1651
0.1341
0.1799
0.1333
0.1756
0.1389
0.1638
0.1295
0.1885
0.1258
0.1489
0.1269
0.1453
0.1215
0.1623
0.1256
0.1613
0.1258
0.1631
0.1267
0.1654
0.127
0.1511
0.1257
0.1688
0.1256
0.1664
0.128
0.1653
0.1273
0.1557
0.1233
0.1599
0.13
0.1645
0.1282
0.1569
0.1281
0.1647
0.139
0.1783
0.1456
0.1497
0.1207
0.1877
0.1316
0.1668
0.1297
0.1678
0.1337
0.1623
0.1222
0.169
0.1301
0.1691
0.1356
0.1536
0.1236
0.1592
0.1308
0.1774
0.1259
0.1648
0.1411
0.2147
0.1793
0.2174
0.1843
0.1912
0.1351
0.1577
0.1268
0.1838
0.1267
0.1497
0.1218
0.1543
0.1257
0.1863
0.1381
0.1973
0.2009
0.202
0.1496
0.1967
0.1326
0.1825
0.1326
0.1751
0.1367
0.1618
0.1227
0.1982
0.1394
0.2028
0.1378
0.1564
0.125
0.1758
0.1393
0.1968
0.1353
0.1755
0.1275
0.1667
0.127
0.1649
0.134
0.1567
0.1243
0.1558
0.1225
0.1631
0.127
0.1956
0.1326
0.1724
0.1275
0.1679
0.1382
0.1655
0.1301
0.1465
0.1189
0.1849
0.1388
0.1599
0.133
0.1631
0.1327
0.1607
0.1253
0.16
0.1253
0.1511
0.1315
0.1761
0.1311
0.1604
0.1269
0.1628
0.1525
0.1759
0.1303

-------------------------------------
CodechalDecodeHevcG12::SetFrameStates
-------------------------------------
0.929
8.1627
5.0821
7.4731
21.7446
14.0198
0.1382
0.2939
0.0348
0.0357
0.0353
0.0305
0.0337
0.0325
0.0363
0.0316
0.0518
0.038
0.0384
0.0375
0.0389
0.0375
0.035
0.0353
0.0389
0.0335
0.0347
0.0307
0.0433
0.0338
0.0424
0.0408
0.0465
0.0377
0.0409
0.038
0.0406
0.0355
0.0369
0.0348
0.0329
0.0335
0.0334
0.0336
0.035
0.0368
0.0346
0.0334
0.037
0.042
0.041
0.0408
0.0431
0.0373
0.0337
0.0385
0.0371
0.0359
0.0337
0.0401
0.0394
0.0408
0.0337
0.0404
0.0338
0.0337
0.0329
0.0329
0.0305
0.0339
0.0339
0.0321
0.0429
0.0352
0.0414
0.0376
0.0373
0.0398
0.0315
0.0384
0.0359
0.0373
0.0333
0.0403
0.0343
0.0395
0.0346
0.0333
0.0354
0.0329
0.0337
0.032
0.035
0.0308
0.0364
0.0321
0.0318
0.0308
0.0363
0.0346
0.0413
0.0345
0.0352
0.0384
0.0371
0.0342
0.036
0.0309
0.0348
0.0332
0.0339
0.0328
0.0299
0.0429
0.042
0.0365
0.0371
0.0333
0.0231
0.0298
0.0345
0.0413
0.0326
0.0393
0.0357
0.0377
0.0345
0.0394
0.0335
0.0305
0.0307
0.0358
0.0345
0.0325
0.035
0.0311
0.0339
0.0327
0.0339
0.0319
0.0328
0.0325
0.0551
0.0348
0.044
0.039
0.0338
0.0503
0.0359
0.0393
0.0308
0.0342
0.0433
0.0357
0.0331
0.0356
0.0348
0.0389
0.0349
0.0431
0.0359
0.0333
0.0615
0.0458
0.0359
0.0341
0.0488
0.0346
0.0481
0.0381
0.0317
0.0321
0.0433
0.037
0.0454
0.0393
0.0376
0.0336
0.0539
0.0397
0.0332
0.0331
0.034
0.034
0.0346
0.035
0.0339
0.034
0.0317
0.0372
0.0456
0.0336
0.0313
0.0404
0.0375
0.0428
0.0482
0.033
0.0323
0.0315
0.0387
0.035
0.0328
0.0329
0.0436
0.0352
0.0329
0.0334
0.0322
0.0319
0.0317
0.0367
0.0339
0.0351
0.0325
0.0321
0.0339
0.0347
0.0391
0.0342
0.0399
0.0372
0.0345
0.034
0.0339
0.0346
0.0342
0.0314
0.0301
0.0307
0.0316
0.0331
0.0317
0.0437
0.0371
0.0351
0.0339
0.0379
0.0251
0.0323
0.0486
0.044
0.032
0.0335
0.0338
0.0339
0.0351
0.0309
0.0339
0.0321
0.0329
0.0331
0.0421
0.0341
0.0325
0.0327
0.0386
0.032
0.0308
0.0322
0.0326
0.0343
0.0351
0.0325
0.0323
0.0328
0.033
0.0307
0.034
0.034
0.0316
0.0352
0.031
0.0391
0.0313
0.0327
0.0311
0.0325
0.0326
0.0347
0.0351
0.0345
0.0344
0.0346
0.0448
0.038
0.0453
0.0454
0.0328
0.0391
0.0299
0.0356
0.0342
0.0309
0.032
0.0342
0.0322
0.0342
0.0306
0.031
0.0401
0.042
0.034
0.0367
0.0346
0.0382
0.0341
0.0349
0.0377
0.0373
0.0334
0.0362
0.0321
0.0304
0.0318
0.03
0.0341
0.0321
0.0329
0.0315
0.0319
0.0356
0.0338
0.0326
0.0346
0.0428
0.0297
0.0318
0.0321
0.0313
0.0388
0.0416
0.0363
0.0324
0.0517
0.0486
0.05
0.0375
0.0527
0.0459
0.0388
0.0497
0.0362
0.0444
0.0524
0.0508
0.0363
0.0507
0.0386
0.0536
0.0528
0.0547
0.037
0.0425
0.0357
0.048
0.0475
0.0349
0.0317
0.0367
0.0399
0.0546
0.0488
0.0345
0.0338
0.0419
0.0344
0.0312
0.0373
0.0329
0.0359
0.032
0.0442
0.0341
0.047
0.0391
0.0354
0.037
0.0466
0.0372
0.0342
0.0412
0.0337
0.0335
0.0332
0.0341
0.0407
0.0443
0.0384
0.0375
0.0338
0.0343
0.0323
0.0398
0.0326
0.0335
0.0342
0.0344
0.0332
0.0327
0.0315
0.0406
0.0426
0.0361
0.0347
0.0351
0.04
0.0372
0.0366
0.0334
0.0315
0.0308
0.0353
0.031
0.0312
0.0348
0.0361
0.0379
0.0352
0.0388
0.0371
0.0342
0.039
0.0342
0.0323
0.0327
0.0374
0.0363
0.0332
0.0313
0.0338
0.0308
0.0316
0.0418
0.0382
0.0382
0.0351
0.034
0.0343
0.0332
0.0335
0.032
0.0453
0.0306
0.0376
0.035
0.0398
0.0356
0.034
0.0323
0.0393
0.0611
0.0387
0.0326
0.0339
0.0377
0.0475
0.0367
0.0328
0.0337
0.0327
0.0316
0.0308
0.0358
0.0361
0.0329
0.0338
0.0332
0.0306
0.0336
0.0384
0.0451
0.0391
0.0367
0.0436
0.038
0.0324
0.0373
0.025
0.0317
0.0307
0.0505
0.0317
0.0382
0.0341
0.037
0.0389
0.0329
0.0374
0.0359
0.0373
0.0346
0.0314
0.0348
0.0307
0.0298
0.0337
0.0331
0.0337
0.0347
0.0325
0.0309
0.032
0.0315
0.031
0.0329
0.0333
0.0297
0.0303
0.0331
0.0332
0.0311
0.0297
0.0299
0.0323
0.0365
0.0399
0.036
0.0322
0.0396
0.044
0.0349
0.0398
0.0371
0.0374
0.0464
0.0334
0.0353
0.0329
0.0348
0.0363
0.0346
0.0347
0.031
0.032
0.0357
0.0326
0.0375
0.0357
0.0327
0.0446
0.0375
0.0378
0.0352
0.0396
0.034
0.0368
0.0346
0.0398
0.0343
0.0394
0.0351
0.0392
0.0376
0.0355
0.039
0.0492
0.0333
0.0391
0.037
0.0533
0.046
0.0534
0.0431
0.0444
0.0427
0.0336
0.0467
0.0451
0.0372
0.0602
0.0408
0.042
0.0439
0.0373
0.0413
0.0367
0.0502
0.0426
0.0347
0.0534
0.0378
0.0405
0.0356
0.0382
0.042
0.0372
0.039
0.0431
0.0308
0.0408
0.0357
0.0371
0.038
0.035
0.0345
0.0354
0.0329
0.038
0.0402

--------------------------
CreateVideoDecoder_D3D11_1
--------------------------
21.4407

---------------------------
DestroyVideoDecoder_D3D11_1
---------------------------
0

----------------
First Frame Time
----------------
78.7967

--------------------------------------
VideoDecoderBeginFrame_WDDM2_4_D3D11_1
--------------------------------------
0.0063
0.0029
0.0026
0.0027
0.0036
0.0027
0.0035
0.0031
0.0023
0.0023
0.0021
0.0019
0.0017
0.0023
0.0023
0.0018
0.003
0.0023
0.0026
0.0032
0.0028
0.0023
0.0023
0.0021
0.0031
0.002
0.0046
0.0016
0.0036
0.0019
0.0032
0.0025
0.0033
0.0025
0.0019
0.0026
0.003
0.0022
0.0022
0.0021
0.002
0.0021
0.0027
0.0019
0.0019
0.0018
0.0019
0.002
0.0027
0.0028
0.0031
0.003
0.0034
0.0024
0.0019
0.0028
0.0026
0.0023
0.0019
0.0028
0.0018
0.006
0.0021
0.0042
0.002
0.002
0.0019
0.0022
0.0016
0.0022
0.0019
0.0018
0.0017
0.0018
0.0031
0.0029
0.0026
0.0018
0.002
0.0028
0.0023
0.0022
0.0018
0.0028
0.002
0.0028
0.0022
0.0022
0.0018
0.0018
0.0016
0.0018
0.0017
0.0017
0.003
0.0023
0.0018
0.002
0.0017
0.0019
0.0031
0.0026
0.0018
0.0027
0.0021
0.0021
0.0019
0.0019
0.0018
0.002
0.0017
0.0019
0.0016
0.0029
0.0022
0.002
0.0036
0.0022
0.0021
0.0018
0.0021
0.0017
0.0016
0.0029
0.0028
0.0027
0.0022
0.0026
0.0018
0.0019
0.0017
0.0018
0.002
0.0017
0.002
0.0022
0.0019
0.0018
0.002
0.0021
0.0018
0.0033
0.0045
0.0028
0.0035
0.0026
0.0021
0.0032
0.0024
0.0021
0.002
0.0025
0.0024
0.0022
0.0019
0.002
0.002
0.003
0.0021
0.0025
0.0019
0.0017
0.0022
0.0029
0.0021
0.0038
0.0028
0.0018
0.0029
0.002
0.0021
0.0018
0.0024
0.0025
0.0029
0.0026
0.0029
0.002
0.0037
0.0029
0.002
0.002
0.0019
0.002
0.0018
0.0018
0.0019
0.0024
0.0018
0.0024
0.003
0.0021
0.0019
0.003
0.0023
0.0027
0.0028
0.002
0.0018
0.0018
0.0028
0.0022
0.002
0.0019
0.0031
0.0022
0.002
0.0018
0.0016
0.0018
0.002
0.0036
0.002
0.0018
0.002
0.0049
0.0018
0.0022
0.0017
0.0019
0.0033
0.0023
0.0027
0.0019
0.0019
0.002
0.0017
0.002
0.0016
0.0018
0.0017
0.0017
0.0052
0.0036
0.0024
0.002
0.0022
0.0026
0.0024
0.0017
0.0037
0.0024
0.002
0.0021
0.002
0.0018
0.0024
0.002
0.002
0.0019
0.0021
0.0017
0.0032
0.0023
0.0018
0.0021
0.002
0.0019
0.0019
0.0018
0.0019
0.002
0.0021
0.0019
0.0019
0.0018
0.0028
0.0018
0.0017
0.002
0.002
0.0022
0.0019
0.0018
0.002
0.0019
0.0019
0.0021
0.0019
0.0019
0.0019
0.0016
0.0019
0.0018
0.0024
0.0025
0.0027
0.0028
0.0025
0.002
0.0016
0.0019
0.0019
0.0017
0.0017
0.0019
0.0016
0.0017
0.0017
0.0017
0.0029
0.0033
0.0024
0.0028
0.0024
0.0031
0.0021
0.002
0.0019
0.0028
0.0021
0.0019
0.0021
0.0017
0.002
0.0017
0.0042
0.0017
0.002
0.0018
0.0016
0.002
0.0018
0.0019
0.0018
0.0025
0.0017
0.0042
0.002
0.0018
0.0029
0.0031
0.0023
0.0021
0.0036
0.0029
0.0031
0.0024
0.0034
0.0029
0.0028
0.0031
0.0022
0.0027
0.0033
0.0032
0.0032
0.0028
0.0029
0.0035
0.0039
0.0039
0.0024
0.0026
0.0024
0.0031
0.003
0.0028
0.0026
0.0023
0.0035
0.0037
0.003
0.0022
0.0021
0.0032
0.0022
0.002
0.0027
0.0021
0.0019
0.0018
0.0031
0.0045
0.0027
0.0031
0.0023
0.0021
0.0036
0.0024
0.0021
0.002
0.0018
0.0018
0.0019
0.0024
0.0032
0.0025
0.002
0.0021
0.0031
0.0021
0.0021
0.0019
0.002
0.002
0.002
0.0019
0.0019
0.0023
0.002
0.0017
0.0029
0.0021
0.002
0.0016
0.0037
0.0025
0.0046
0.0018
0.0017
0.0018
0.0018
0.0018
0.0018
0.0017
0.0022
0.0018
0.0019
0.0036
0.0021
0.0023
0.0019
0.002
0.0017
0.002
0.0017
0.0024
0.0018
0.0016
0.0017
0.0019
0.0018
0.002
0.0027
0.002
0.0021
0.0019
0.002
0.0019
0.0019
0.0017
0.0022
0.0019
0.003
0.0019
0.0028
0.0019
0.002
0.0017
0.0026
0.0022
0.0028
0.002
0.0017
0.0027
0.0021
0.0023
0.0018
0.0023
0.002
0.0017
0.0018
0.002
0.0021
0.0018
0.0022
0.0019
0.0018
0.0017
0.0027
0.0024
0.0031
0.0024
0.0046
0.002
0.0018
0.0028
0.0024
0.002
0.0018
0.0017
0.0018
0.0029
0.0021
0.0018
0.0028
0.0021
0.0026
0.002
0.0027
0.0022
0.0019
0.002
0.0017
0.0017
0.0017
0.002
0.002
0.002
0.5975
0.002
0.0022
0.0019
0.0018
0.0018
0.0047
0.0016
0.0017
0.0016
0.0017
0.0017
0.0016
0.0018
0.0017
0.0019
0.003
0.0021
0.0021
0.0028
0.002
0.0021
0.0028
0.0022
0.0027
0.002
0.0022
0.0018
0.0021
0.002
0.0023
0.0021
0.0021
0.0019
0.0016
0.0017
0.0019
0.0027
0.0022
0.0017
0.0034
0.0021
0.0031
0.0019
0.0028
0.002
0.0027
0.0017
0.0028
0.0024
0.0027
0.0022
0.0028
0.002
0.002
0.0035
0.0025
0.0019
0.0028
0.0024
0.0034
0.0024
0.0031
0.0025
0.0033
0.0026
0.0023
0.0022
0.0028
0.002
0.0033
0.0022
0.0027
0.0019
0.0017
0.0031
0.0024
0.0049
0.0034
0.0027
0.0021
0.0027
0.002
0.0027
0.0025
0.0034
0.0023
0.0028
0.0022
0.0021
0.0031
0.0021
0.0023
0.0029
0.0019
0.0023
0.0018
0.0021
0.0017
0.0028

----------------------------
VideoDecoderEndFrame_D3D11_1
----------------------------
0.043
0.055
0.0775
0.0776
0.118
0.0662
0.0686
0.0617
0.0667
0.0706
0.0556
0.0573
0.0774
0.0774
0.0671
0.0614
0.0704
0.0643
0.0621
0.0666
0.0685
0.0636
0.0638
0.0677
0.0581
0.0541
0.0564
0.0684
0.0538
0.1002
0.1121
0.0552
0.0633
0.0546
0.0592
0.0642
0.0664
0.0525
0.0549
0.0614
0.0609
0.0522
0.0581
0.0548
0.0637
0.0564
0.0592
0.0569
0.0613
0.0599
0.058
0.0607
0.0571
0.0544
0.0565
0.0596
0.0658
0.067
0.0571
0.0576
0.0574
0.0617
0.0554
0.0643
0.0579
0.058
0.0573
0.0552
0.054
0.0543
0.0585
0.0567
0.0693
0.0551
0.0783
0.0606
0.0561
0.0583
0.058
0.0575
0.0616
0.0645
0.058
0.0576
0.0565
0.0642
0.0679
0.0532
0.0614
0.0613
0.0556
0.0541
0.0536
0.0542
0.057
0.0565
0.0593
0.0522
0.0546
0.0571
0.0591
0.0535
0.0549
0.0579
0.062
0.0616
0.0537
0.0549
0.0569
0.0617
0.0624
0.0577
0.0671
0.0653
0.0575
0.0623
0.0562
0.0595
0.0554
0.0584
0.0546
0.0528
0.058
0.0612
0.0599
0.0619
0.0645
0.0608
0.071
0.056
0.0548
0.0635
0.0618
0.061
0.0597
0.0583
0.0614
0.0627
0.0621
0.0553
0.0586
0.0667
0.0646
0.0686
0.0636
0.0617
0.0791
0.0742
0.0584
0.0575
0.0572
0.0586
0.0772
0.0643
0.0583
0.0631
0.0694
0.0633
0.0588
0.0773
0.0553
0.0598
0.0853
0.0606
0.0672
0.0732
0.0643
0.0664
0.087
0.0657
0.0577
0.0592
0.0844
0.0634
0.0646
0.0627
0.0621
0.058
0.0819
0.063
0.0593
0.0595
0.0584
0.0598
0.0616
0.0631
0.0692
0.0589
0.0572
0.0568
0.0592
0.0681
0.0586
0.0633
0.0692
0.0592
0.0611
0.0549
0.0536
0.0595
0.0616
0.0577
0.0573
0.0552
0.065
0.0606
0.0595
0.0589
0.0598
0.0593
0.0595
0.0617
0.0611
0.0608
0.0581
0.0597
0.0645
0.0591
0.0593
0.0608
0.0562
0.0621
0.0551
0.0558
0.0615
0.0557
0.0615
0.0571
0.0579
0.0572
0.054
0.0606
0.0588
0.0613
0.0619
0.0621
0.0656
0.0567
0.0599
0.0611
0.0678
0.0592
0.0608
0.0589
0.0639
0.0682
0.0626
0.0595
0.0569
0.0587
0.0631
0.0646
0.0609
0.065
0.0611
0.0619
0.0596
0.062
0.0591
0.0593
0.06
0.0585
0.064
0.0619
0.0603
0.0586
0.0608
0.0595
0.0611
0.0621
0.0554
0.067
0.0563
0.0666
0.0652
0.0598
0.0566
0.0587
0.0622
0.0636
0.0571
0.0626
0.0572
0.0622
0.0752
0.0579
0.088
0.0822
0.0604
0.0603
0.055
0.0589
0.0566
0.0566
0.0617
0.0551
0.0577
0.0601
0.0561
0.054
0.0656
0.0637
0.0595
0.0617
0.0564
0.0614
0.0584
0.0548
0.0575
0.0707
0.0587
0.0588
0.0603
0.0553
0.0585
0.0653
0.0655
0.0667
0.0583
0.0631
0.062
0.0607
0.0588
0.0665
0.0539
0.0748
0.068
0.0688
0.0668
0.0579
0.064
0.0624
0.056
0.0696
0.0604
0.0836
0.0834
0.0573
0.0813
0.077
0.0764
0.0857
0.0754
0.0626
0.0646
0.0844
0.0766
0.0835
0.1009
0.09
0.0941
0.1047
0.0897
0.0615
0.0698
0.084
0.0802
0.0702
0.0812
0.0592
0.0722
0.0851
0.0855
0.0592
0.0728
0.0854
0.0614
0.0577
0.0591
0.0592
0.0633
0.0737
0.0666
0.061
0.0676
0.0746
0.0604
0.0596
0.0633
0.059
0.0618
0.0646
0.0608
0.0668
0.064
0.06
0.0615
0.0597
0.0621
0.0557
0.064
0.0628
0.0594
0.0632
0.06
0.0595
0.0599
0.0602
0.0639
0.0588
0.0621
0.0791
0.0659
0.0574
0.0567
0.0916
0.0629
0.0621
0.0609
0.0556
0.0611
0.0597
0.0564
0.0619
0.0587
0.0694
0.0541
0.0596
0.0589
0.0593
0.0665
0.0546
0.0654
0.054
0.0691
0.0556
0.056
0.059
0.0574
0.0548
0.0584
0.0593
0.0542
0.0524
0.0633
0.0678
0.0557
0.0574
0.0589
0.0546
0.0621
0.0622
0.0685
0.0545
0.0571
0.0557
0.0611
0.0572
0.0546
0.0701
0.0614
0.0737
0.0699
0.0601
0.0657
0.0693
0.0629
0.0555
0.0546
0.0546
0.0533
0.0615
0.053
0.0606
0.0592
0.0546
0.0607
0.0541
0.0526
0.0553
0.0598
0.0598
0.0622
0.0615
0.0663
0.0598
0.0622
0.0657
0.0614
0.0547
0.0557
0.0548
0.0553
0.0576
0.0542
0.0586
0.0564
0.0605
0.0585
0.0541
0.0652
0.0591
0.0585
0.0603
0.0569
0.0524
0.062
0.0656
0.0638
0.06
0.0706
0.0603
0.053
0.0543
0.0563
0.0546
0.0574
0.0597
0.0553
0.0537
0.0571
0.059
0.0604
0.0537
0.0601
0.0543
0.0645
0.0687
0.0635
0.0571
0.0674
0.0546
0.0588
0.0703
0.0598
0.0553
0.06
0.062
0.0636
0.0601
0.061
0.0558
0.0632
0.0545
0.0532
0.0565
0.0589
0.0653
0.0589
0.0856
0.057
0.057
0.0607
0.0647
0.0571
0.0594
0.0603
0.0653
0.0672
0.0545
0.0798
0.0561
0.0565
0.0541
0.0645
0.0599
0.0589
0.0703
0.0578
0.0733
0.0711
0.0761
0.0696
0.0667
0.0673
0.0539
0.0658
0.0647
0.0724
0.064
0.0654
0.055
0.0614
0.0619
0.0628
0.0608
0.0656
0.0694
0.0617
0.0688
0.0638
0.0578
0.0548
0.0619
0.0606
0.0686
0.0615
0.0612
0.0635
0.0556
0.0644
0.0633
0.0558
0.0664
0.0588
0.0551
0.0633
0.0542
0.0596
0.0614

---------------------------------
VideoDecoderSubmitBuffers_D3D11_1
---------------------------------
8.3203
9.3542
30.7758
8.6819
46.8125
15.057
0.8071
0.8945
0.9181
0.5458
1.273
0.5139
1.1203
0.7662
1.0496
0.9888
0.6932
0.8983
0.7795
0.9034
0.6573
0.6251
0.8909
0.6547
0.4617
0.4261
0.7353
7.1387
0.4472
0.4414
0.509
0.4865
0.5011
0.4653
0.6882
0.46
0.4782
0.4221
0.4385
0.433
0.4065
0.4238
0.4054
0.4135
0.4315
0.4318
0.4295
0.4022
0.4518
0.4686
0.4931
0.469
0.5006
0.4626
0.7163
0.4742
0.4422
0.7397
0.7871
0.7612
0.8538
0.6492
0.8626
0.7611
0.7265
0.8653
0.8291
0.753
0.8801
0.44
0.4381
0.4136
0.7954
0.7385
0.5164
0.4401
0.4488
0.5202
0.8478
0.4668
0.5014
0.7428
0.7806
0.7513
0.8343
0.7791
0.8154
0.6896
0.858
0.7932
0.8407
0.7523
0.8948
0.7735
0.8664
0.4173
0.425
0.3876
0.7846
0.892
0.5048
0.4098
0.8035
0.6605
0.8816
0.7183
0.8332
0.782
0.9146
0.7499
0.8837
0.7246
0.7811
0.8393
0.8543
0.8537
0.4543
0.4142
0.3881
0.3923
0.4616
0.4329
0.9593
0.4724
0.4402
0.4411
0.4227
0.4273
0.4362
0.3919
0.4467
0.4224
0.4775
0.4177
0.4511
0.4089
0.4357
0.4142
0.4505
0.4058
0.4281
0.4066
0.5606
0.4162
0.5084
0.47
0.6047
0.5404
0.4443
0.4369
0.4529
0.4292
0.589
0.4486
0.4131
0.503
0.4468
0.4736
0.472
0.5764
0.3895
0.4202
0.6529
0.5046
0.4929
0.4304
0.5279
0.4315
0.6413
0.4143
0.3955
0.4158
0.6099
0.4594
0.5837
0.4542
0.4633
0.4091
0.6861
0.4783
0.4239
0.4418
0.4531
0.4437
0.4573
0.4577
0.4492
0.4443
0.4206
0.4522
0.4807
0.4103
0.4221
0.4649
0.4682
0.4512
0.5819
0.41
0.4157
0.3977
0.4668
0.4277
0.4282
0.4079
0.5251
0.4308
0.433
0.4396
0.4259
0.4599
0.4122
0.4548
0.4232
0.4493
0.4108
0.4346
0.4368
0.4352
0.44
0.4429
0.4801
0.4588
0.4222
0.4366
0.4351
0.4315
0.4385
0.4143
0.3997
0.4033
0.4118
0.4258
0.4112
0.4904
0.4576
0.4488
0.4363
0.4251
0.4046
0.4257
0.5824
0.4311
0.4272
0.4319
0.4221
0.4179
0.4512
0.4002
0.4161
0.4304
0.4192
0.4193
0.5078
0.4126
0.4334
0.4335
0.4358
0.4236
0.4073
0.4345
0.4199
0.447
0.4442
0.428
0.4196
0.4285
0.4305
0.4098
0.4368
0.4421
0.4163
0.4558
0.4029
0.4394
0.4108
0.4321
0.4001
0.4266
0.4325
0.4511
0.4081
0.4283
0.4386
0.4671
0.6137
0.468
0.5879
0.6253
0.4305
0.4571
0.3924
0.4243
0.43
0.4017
0.421
0.4191
0.3914
0.4285
0.4053
0.4068
0.4909
0.5342
0.4182
0.4573
0.3945
0.4811
0.4146
0.4433
0.401
0.4516
0.4101
0.3971
0.4189
0.3929
0.4121
0.3893
0.4232
0.4116
0.4037
0.4111
0.4287
0.4347
0.4359
0.4219
0.4091
0.4739
0.3976
0.419
0.4117
0.4091
0.4657
0.4518
0.419
0.4157
0.5266
0.6214
0.6172
0.5499
0.6398
0.4994
0.4524
0.6139
0.5174
0.4956
0.5855
0.6124
0.5517
0.5512
0.5256
0.6376
0.674
0.6847
0.4725
0.4497
0.4921
0.6405
0.616
0.4253
0.4522
0.4366
0.4757
0.6359
0.6476
0.4147
0.4272
0.5574
0.4152
0.3925
0.4454
0.4089
0.4232
0.4434
0.5144
0.4332
0.5131
0.4737
0.4306
0.4266
0.5458
0.4313
0.4384
0.4577
0.4183
0.4245
0.4257
0.4166
0.5039
0.4499
0.4442
0.422
0.4392
0.4458
0.4056
0.439
0.421
0.4395
0.4512
0.4386
0.4307
0.4179
0.3929
0.4183
0.4558
0.4532
0.7346
0.7737
0.6474
0.8001
0.7208
0.7313
0.9175
0.8456
0.8634
0.8472
0.8095
0.8759
0.7895
0.8431
0.8064
0.4876
0.4561
0.6687
0.8987
0.6732
0.8678
0.7845
0.8371
0.7574
0.8695
0.8432
0.8725
0.404
0.4254
0.4742
0.751
0.7973
0.7521
0.8498
0.7617
0.8777
0.84
0.7884
0.8271
0.8081
0.6619
0.7844
0.7145
0.7906
0.8195
0.9435
0.7279
1.8197
0.4676
0.4153
0.5202
0.4558
0.4565
0.4442
0.4246
0.4318
0.4109
0.4148
0.3956
0.6856
0.9098
0.4196
0.6021
0.8452
0.6946
0.8644
0.4742
0.4438
0.4628
0.4399
0.4584
0.4168
0.586
0.4406
0.393
0.429
0.3964
0.4773
0.7909
0.4683
0.4231
0.7042
0.4796
0.3996
0.4533
0.4694
0.4364
0.4277
0.3935
0.4234
0.3867
0.3876
0.4297
0.4197
0.4311
0.4448
0.419
0.3975
0.411
0.3991
0.3921
0.4215
0.4242
0.3818
0.3822
0.4047
0.4135
0.3967
0.3788
0.3783
0.4118
0.3889
0.487
0.4528
0.4448
0.4779
0.4913
0.8733
0.8174
0.7882
0.4516
0.4739
0.7576
0.8746
0.7574
0.8238
0.7589
0.4463
0.4655
0.4021
0.4026
0.8273
0.8066
0.8381
0.7581
0.8402
0.7674
0.8247
0.7169
0.8077
0.7284
0.8234
0.7406
0.9055
0.7663
0.6895
0.8209
0.7894
0.4658
0.4273
0.8538
0.4675
0.4314
0.4332
0.4733
0.466
0.8066
0.695
0.6255
0.6917
0.7144
0.7523
0.7917
0.8387
0.6827
0.7483
0.6789
0.7276
0.8122
0.7685
0.8777
0.5306
0.435
0.8069
0.5128
0.4455
0.7457
0.4545
0.4478
0.439
0.4412
0.5218
0.4497
0.4707
0.4778
0.7568
0.5017
0.437
0.6672
0.702
0.829
0.7402
0.8825
0.7425
0.8655
0.7974

