---------------------------------------------
CalcPrivateVideoDecoderOutputViewSize_D3D11_1
---------------------------------------------
0.0022
0.0012
0.0015
0.0013
0.0013
0.0008
0.0014
0.001
0.0014
0.0023
0.0006
0.0015
0.0009
0.0025
0.002
0.0015
0.0011
0.0014
0.001
0.0038
0.0012
0.0011
0.0013
0.0008
0.0019
0.0009
0.0008
0.0007
0.0022
0.0008
0.0008
0.0007
0.0009
0.0007
0.001
0.0007
0.0008
0.0007
0.0007
0.0007
0.0007
0.0009
0.0029
0.001
0.0008
0.0017
0.0017
0.0012
0.0017
0.0009
0.0013
0.0009
0.0008
0.0007
0.0015
0.0007
0.0007
0.0006
0.0007
0.0016
0.0009
0.0008
0.0017
0.0021
0.0015
0.0016
0.0012
0.0008
0.0009
0.0007
0.001
0.0007
0.0006
0.0006
0.0014
0.0021
0.0039
0.0016
0.001
0.0008
0.0015
0.0009
0.001
0.0007
0.0009
0.0007
0.0015
0.0009
0.0008
0.0006
0.0015
0.0012
0.0011
0.0007
0.004
0.0011
0.0009
0.0009
0.0014
0.001
0.0009
0.0008
0.0007
0.0009
0.0007
0.0008
0.0006
0.001
0.0009
0.0015
0.0009
0.0036
0.0015
0.0009
0.0008
0.0012
0.0007
0.0008
0.0008
0.0006
0.0006
0.0015
0.0009
0.0012
0.0008
0.0007
0.0006
0.0013
0.0009
0.0011
0.0013
0.0012
0.0009
0.0014
0.0008
0.0008
0.001
0.0009
0.0016
0.0007
0.0007
0.0102
0.0006
0.0006
0.0008
0.0009
0.0007
0.0007
0.0007
0.0006
0.001
0.0006
0.0006
0.001
0.0005
0.0008
0.0006
0.0006
0.0011
0.0007
0.0008
0.0007
0.001
0.0011
0.0008
0.001
0.001
0.0007
0.0008
0.0007
0.0009
0.0009
0.0007
0.0008
0.0006
0.0008
0.0007
0.0006
0.0007
0.0007
0.0007
0.0007
0.0008
0.001
0.0006
0.0007
0.0005
0.0006
0.0007
0.0006
0.0006
0.0006
0.0007
0.0006
0.0007
0.0006
0.0009
0.0015
0.0012
0.0009
0.0007
0.001
0.0008
0.0008
0.0007
0.0007
0.0006
0.0008
0.0009
0.0009
0.0008
0.003
0.0007
0.0006
0.0006
0.0009
0.0006
0.0009
0.0007
0.0006
0.0008
0.0006
0.0007
0.0012
0.0008
0.0016
0.0009
0.0008
0.0008
0.0011
0.0006
0.0007
0.0035
0.0011
0.0015
0.0013
0.0015
0.0016
0.0016
0.002
0.0011
0.0008
0.0018
0.001
0.0008
0.0008
0.0008
0.0006
0.0007
0.0012
0.0006
0.0008
0.0007
0.0005
0.0006
0.0008
0.0006
0.0009
0.001
0.0006
0.0006
0.0009
0.0007
0.0007
0.0007
0.0007
0.0006
0.0006
0.0007
0.0007
0.0006
0.0006
0.0007
0.0006
0.0006
0.0007
0.0007
0.0006
0.0006
0.0006
0.0005
0.0006
0.0006
0.0007
0.0006
0.0006
0.0009
0.0006
0.0009
0.0007
0.0006
0.0009
0.0006
0.0006
0.0007
0.0011
0.0006
0.0008
0.0009
0.0007
0.0009
0.0006
0.0007
0.0005
0.0007
0.0008
0.0006
0.0006
0.0006
0.0009
0.0006
0.0006
0.0008
0.0006
0.0007
0.0006
0.0032
0.0007
0.0007
0.0009
0.0007
0.0007
0.0006
0.0006
0.0008
0.0006
0.0027
0.0013
0.0011
0.0015
0.0012
0.0009
0.0008
0.0009
0.0015
0.0011
0.0007
0.0019
0.0009
0.0008
0.0007
0.0007
0.0006
0.0007
0.0007
0.0006
0.0009
0.0006
0.0008
0.0006
0.0006
0.0012
0.0008
0.0007
0.0011
0.0006
0.0007
0.0007
0.0008
0.0006
0.0031
0.0012
0.0008
0.001
0.0007
0.0021
0.0008
0.0008
0.0007
0.0007
0.0008
0.0007
0.0007
0.0009
0.0008
0.0008
0.0011
0.001
0.0014
0.0011
0.0017
0.0039
0.0007
0.001
0.0035
0.0007
0.0011
0.0016
0.0009
0.0009
0.0015
0.0016
0.0011
0.0009
0.0015
0.0009
0.0012
0.001
0.0007
0.0007
0.001
0.0008
0.0016
0.001
0.0014
0.001
0.0012
0.0007
0.0016
0.0009
0.001
0.0007
0.0011
0.0007
0.0008
0.0007
0.0012
0.0007
0.0008
0.0008
0.0008
0.0006
0.0007
0.0026
0.0009
0.0015
0.0011
0.001
0.001
0.0012
0.0008
0.0012
0.0006
0.0007
0.0006
0.0011
0.0016
0.001
0.0021
0.0013
0.002
0.0009
0.0012
0.0017
0.0015
0.0011
0.0007
0.0015
0.0012
0.0008
0.0019
0.001
0.0032
0.0012
0.001
0.0008
0.001
0.0009
0.001
0.0006
0.001
0.0007
0.0008
0.0009
0.0008
0.0008
0.0008
0.0008
0.0007
0.0012
0.0008
0.0009
0.0008
0.0008
0.0284
0.0009
0.0006
0.0006
0.0007
0.0006
0.0006
0.001
0.0009
0.0006
0.0006
0.0007
0.0009
0.0009
0.0008
0.0007
0.0009
0.0007
0.0009
0.0007
0.0006
0.0007
0.0007
0.0006
0.0006
0.0006
0.0006
0.0007
0.0006
0.0009
0.0007
0.0011
0.0007
0.0009
0.0006
0.0006
0.0015
0.0011
0.0008
0.0007
0.0008
0.0007
0.0007
0.0006
0.0007
0.0007
0.0007
0.0007
0.0006
0.0017
0.0016
0.0013
0.0016
0.0018
0.001
0.001
0.0014
0.0011
0.001
0.0016
0.0008
0.0008
0.0007
0.0008
0.0009
0.0008
0.0009
0.0008
0.0008
0.0008
0.0006
0.0007
0.0011
0.0007
0.0006
0.0008
0.0008
0.0006
0.0007
0.0007
0.0008
0.0009
0.0007
0.0008
0.0009
0.0013
0.0008
0.0006
0.0006
0.0007
0.0015
0.0006
0.0009
0.0044
0.0015
0.001
0.0011
0.0008
0.0009
0.0006
0.0007
0.0006
0.0007
0.0007
0.0006
0.0008
0.0006
0.0006
0.0006
0.0006
0.0007
0.0007
0.0007
0.0008
0.0007
0.0011
0.0007
0.001
0.0011
0.0006
0.0008
0.0007
0.0007
0.0007
0.0007
0.0006

-----------------------
CodechalDecode::Execute
-----------------------
10.8967
7.7388
4.1879
14.1293
3.3887
5.3707
1.3179
1.1251
1.1319
1.0056
1.0663
1.0693
1.0481
0.8993
1.0031
0.9128
1.8621
4.7204
3.5694
0.6683
2.9257
0.5474
2.7259
0.5751
0.5243
0.4473
0.4261
0.4208
0.42
0.4167
0.419
1.2798
0.4425
0.4228
0.4356
0.3975
0.4426
0.4454
0.4509
0.4548
0.4366
0.4225
0.4858
0.4067
0.4028
2.1955
0.5445
0.5125
0.4722
0.4304
0.464
0.3998
1.317
0.4173
0.422
0.4368
0.4044
0.436
0.4038
0.4954
0.4602
0.3954
0.4919
0.4034
0.4268
0.438
0.3933
0.3958
0.3791
0.3974
0.4065
0.3879
0.3962
0.3977
0.4537
0.4735
0.4025
0.4542
0.4159
0.3962
0.4558
0.4033
0.4026
0.4072
0.3989
0.4273
0.46
0.4439
0.3908
0.4025
0.4577
0.3933
0.4434
0.3693
0.4384
0.3953
0.3922
0.7071
1.6014
0.4126
0.4403
0.404
0.4043
0.3814
0.3984
0.4
0.5392
1.4352
0.4196
1.1824
0.8224
0.4355
2.3948
0.4397
0.4087
0.5178
1.0617
0.3925
0.5075
0.9221
0.4037
0.4493
0.4072
0.4067
0.4257
0.4302
0.4342
0.4685
0.4348
0.4507
2.1979
0.4218
0.5178
0.4857
0.4393
0.4016
0.4302
0.3897
0.4216
0.4354
0.4154
0.4252
0.4247
0.4131
0.4071
0.4185
0.4248
0.408
0.425
0.4095
0.4107
0.4107
0.4234
0.392
0.4398
0.4014
0.4135
0.425
0.4298
0.4179
0.4442
0.4337
0.4011
3.0041
0.4044
0.4442
0.4395
0.4209
0.4286
0.4245
0.4326
0.4231
0.3953
0.4126
0.4285
0.4365
0.4246
0.4096
0.4341
0.389
0.4164
0.4301
0.4206
0.4084
0.4227
0.4198
0.4144
0.4216
0.423
0.3873
0.4417
0.4422
0.3833
0.4241
0.3954
0.4293
0.3535
0.4428
0.4341
0.3977
0.391
0.4397
0.4118
0.4092
0.3989
0.434
0.3894
0.4144
0.767
0.3964
0.423
0.3889
0.4181
0.4205
0.3847
0.4157
0.3847
0.413
0.4181
0.4065
0.4056
0.4219
0.3896
0.3931
0.419
0.4643
0.4136
0.4207
0.43
0.3639
0.3878
0.4036
0.4078
0.613
0.612
0.4306
0.4399
0.5555
0.4877
0.6501
0.4101
0.4335
0.5219
0.4427
0.4364
0.3957
0.4344
0.3932
0.4085
0.4032
0.3854
0.3979
0.4253
0.3851
0.4243
0.4182
0.4089
0.4214
0.3903
0.4204
0.4132
0.4389
0.3742
0.4243
0.4183
0.4336
0.4236
0.4278
0.4024
0.432
0.3864
0.4242
0.4164
0.4163
0.424
0.4217
0.3903
0.4225
0.4105
0.4249
0.4284
0.4029
0.4302
0.4035
0.4219
0.3924
0.4336
0.4133
0.4377
0.4203
0.4097
0.4284
0.435
0.3839
0.4349
0.3921
0.4186
0.4515
0.4334
0.4149
0.3941
0.4266
0.3933
0.4247
0.4191
0.4229
0.4169
0.4141
0.4232
0.4244
0.3838
0.4078
0.408
0.4127
0.4114
0.4225
0.4229
0.4049
0.4339
0.3929
0.4132
0.4212
0.4158
0.4061
0.4205
0.4201
0.4883
0.4119
0.4088
0.4789
0.4555
0.4258
0.3991
0.3917
0.4592
0.4835
0.4152
0.5259
0.4337
0.4278
0.4343
0.4241
0.3903
0.4291
0.4151
0.4043
0.4208
0.41
0.4094
0.4281
0.4083
0.4451
0.4293
0.42
0.4191
0.4154
0.4094
0.3941
0.4382
0.4071
0.4251
0.3618
0.4138
0.4126
0.4306
0.4084
0.4264
0.4167
0.4078
0.411
0.4073
0.3813
0.4241
0.3994
0.3813
0.4162
0.4288
0.3918
0.4264
0.386
0.4703
0.4222
0.3909
0.3915
0.367
0.3909
0.4411
0.4459
0.3961
0.4283
0.4817
0.4228
0.4061
0.4215
0.3974
0.4111
0.3978
0.3762
0.394
0.3913
0.4372
0.3786
0.4827
0.4189
0.4287
0.4068
0.4253
0.3686
0.4865
0.3858
0.4111
0.4299
0.3984
0.4151
0.4166
0.4207
0.3925
0.4161
0.4011
0.4295
0.4332
0.4299
0.4016
0.4534
0.3885
0.479
0.3917
0.3637
0.4099
0.4376
0.4264
0.4078
0.4154
0.4123
0.5738
0.4366
0.4998
0.4259
0.5711
0.5457
0.4351
0.4014
0.4038
0.423
0.4391
0.4058
0.4161
0.4632
0.4305
0.4265
0.6387
0.407
0.6459
0.8449
0.4031
0.3819
0.3842
0.3788
0.3777
0.3935
0.3643
0.3895
0.5294
0.4281
0.3916
0.4278
0.382
0.393
0.5542
0.4153
0.3921
0.4508
0.4401
0.4315
0.4431
0.4256
0.4212
0.4151
0.4419
0.4028
0.4131
0.3923
0.3827
0.4065
0.4379
0.4056
0.4433
0.4328
0.4104
0.4229
0.4213
0.4104
0.4261
0.4065
0.4183
0.4192
0.421
0.4121
0.4319
0.4003
0.4318
0.3861
0.4271
0.4106
0.4099
0.4217
0.4109
0.3772
0.3921
0.4133
0.4517
0.4489
0.3895
0.4044
0.41
0.4272
0.3755
0.3993
0.4132
0.3948
0.4283
0.3824
0.4355
0.48
0.4984
0.4531
0.4347
0.5389
0.4174
0.4942
0.4425
0.4017
0.4383
0.4891
0.4087
0.4416
0.412
0.3992
0.43
0.3926
0.432
0.4267
0.4091
0.4228
0.4102
0.4296
0.4398
0.3836
0.417
0.4204
0.3991
0.4247
0.4151
0.3847
0.423
0.3866
0.4322
0.4254
0.392
0.3841
0.3882
0.3759
0.3893
0.406
0.4266
0.4061
0.4305
0.5032
0.4098
0.4349
0.4457
0.4179
0.3872
0.4037
0.4276
0.4243
0.3846
0.4045
0.422
0.4298
0.4152
0.3852
0.4213
0.3924
0.413
0.4215
0.4157
0.4073
0.4369
0.4231
0.4029
0.3987
0.4095
0.4133
0.4385
0.4213
0.4115
0.4316
0.3842
0.414

---------------------------------------
CodechalDecodeHevcG12::DecodeStateLevel
---------------------------------------
0.4818
4.1901
2.1757
5.0572
0.3286
0.3051
4.4297
6.5192
0.2291
0.649
0.2411
4.3617
0.6959
0.3615
0.236
0.2317
0.7155
0.2618
0.6208
0.2271
0.7432
0.1891
0.5889
0.2386
0.641
0.1928
0.4561
0.2097
0.6202
0.1935
0.4658
0.2197
0.3849
1.1996
0.8498
3.075
0.2877
2.9854
0.2935
0.173
0.2556
2.3971
0.2279
0.1678
0.2383
2.2445
0.2536
0.1719
0.2142
0.1336
0.1825
0.1286
0.1672
0.1317
0.1665
0.1281
0.1679
0.124
0.1652
0.1258
0.1689
0.1255
0.1787
0.8826
0.1677
0.1384
0.1638
0.1281
0.1717
0.1269
0.1491
0.1205
0.1691
0.1437
0.168
0.1461
0.1791
0.135
0.174
0.1397
0.1677
0.1345
0.1649
0.1262
0.1951
0.1327
0.151
0.128
0.1531
0.1236
0.2485
1.7776
0.2193
0.1628
0.2086
0.1565
0.1881
0.1327
0.1701
0.1296
0.1988
0.1248
0.1501
0.1255
0.1726
1.0083
0.1596
0.1259
0.1621
0.1271
0.1682
0.1279
0.1578
0.1218
0.1697
0.135
0.1521
0.1227
0.1884
0.142
0.1756
0.1423
0.149
0.1212
0.1925
0.1391
0.1604
0.122
0.159
0.1352
0.169
0.1279
0.1501
0.1197
0.1531
0.1238
0.149
0.1195
0.1521
0.1278
0.1524
0.1323
0.1478
0.1213
0.1537
0.1288
0.1554
0.1237
0.1681
0.1369
0.1826
0.1411
0.1507
0.1204
0.1781
0.1291
0.1599
0.1241
0.1456
0.1345
0.1788
0.1342
0.1615
0.1243
0.154
0.1226
0.1584
0.1248
0.1462
0.1354
0.1639
0.1336
0.1711
0.1307
0.163
0.1286
0.1474
0.1231
0.1587
0.1284
0.1685
0.1397
0.1527
0.1209
0.1784
0.1364
0.1419
0.1193
0.1675
0.1264
0.1524
0.1229
0.152
0.1218
0.1678
0.1419
0.1668
0.1263
0.1563
0.1336
0.1681
0.1272
0.1515
0.1248
0.1624
0.1248
0.1434
0.1188
0.156
0.125
0.1479
0.1306
0.1666
0.1241
1.1377
0.1536
0.1577
0.1349
0.1831
0.1346
0.1724
0.1284
0.1644
0.1299
0.2096
1.7896
0.1713
0.1394
0.156
0.1266
0.168
0.1268
0.1635
0.1288
0.144
0.1321
0.1718
0.1294
0.1421
0.1181
0.1553
0.1315
0.1676
0.137
0.1558
0.1236
0.1561
0.1212
0.1634
0.126
0.1696
0.1268
0.1744
0.1261
0.1756
0.1382
0.1674
0.1295
0.175
0.1337
0.1798
1.6801
0.1589
0.1324
0.1825
0.1316
0.2085
0.1242
0.1737
0.1309
0.1508
0.1307
0.1668
0.1258
0.1467
0.1282
0.1612
0.1307
0.1609
0.1439
0.1555
0.132
0.1612
0.1248
0.1582
0.1277
0.1568
0.1344
0.1572
0.1254
0.16
0.1338
0.1637
0.1356
0.1607
0.1236
0.1655
0.1291
0.1548
0.1329
0.1603
0.1243
0.1552
0.1309
0.1606
0.1396
0.1498
0.1187
0.1602
0.1321
0.1464
0.1254
0.1536
0.1293
0.1558
0.1414
0.1712
0.128
0.1643
0.1283
0.1759
0.134
0.1696
0.1296
0.1555
0.1218
0.1601
2.4835
0.1526
0.1308
0.1758
0.1291
0.1749
0.1276
0.1574
0.1343
0.1692
0.1292
0.1583
0.136
0.1714
0.1313
0.1614
0.1252
0.1541
0.1216
0.1632
0.1246
0.1605
0.1385
0.1743
0.1317
0.1618
0.1304
0.1596
0.1258
0.1727
0.131
0.1475
0.1272
0.1611
0.1254
0.1668
0.1281
0.1595
0.1264
0.1595
0.1251
0.1688
0.1239
0.1588
0.1319
0.1607
0.1281
0.1598
0.131
0.1621
0.133
0.1489
0.1221
0.1684
0.141
0.1601
0.147
0.1475
0.1206
0.1626
0.1355
0.1479
0.1306
0.1712
0.1285
0.1363
0.1106
0.1684
0.1337
0.1699
0.1286
0.1514
0.1272
0.1526
0.123
0.1684
0.1304
0.1616
0.1256
0.1504
0.1258
0.1521
0.1316
0.1645
0.1424
0.1489
0.1272
0.159
0.1335
0.4768
0.1622
0.1571
0.1251
0.1687
0.1283
0.1529
0.1209
0.1588
0.1348
0.1623
0.1303
0.1498
0.1205
0.1605
0.1323
0.1486
0.1253
0.1635
0.1261
0.1615
0.1363
0.1581
0.1285
0.1585
0.1251
0.1636
0.1351
0.1508
0.1278
0.152
0.1194
0.1663
0.13
0.1823
0.1336
0.1511
0.143
0.1598
0.132
0.1624
0.1355
0.1372
0.119
0.1469
0.1278
0.1588
0.1236
0.1482
0.1431
0.2378
0.1965
0.2285
0.1942
0.1722
0.1348
0.1696
0.1288
0.2057
0.1865
0.1929
0.1447
0.2566
0.1956
0.1631
0.1227
0.1685
0.1339
0.2087
0.1424
0.1788
0.1288
0.1665
0.1329
0.1482
0.1318
0.1761
0.1277
0.1487
0.1294
0.1582
0.1298
0.1578
0.1215
0.1436
0.1268
0.1515
0.1308
0.1625
0.1341
0.1486
0.1205
0.1568
0.1419
0.158
0.1371
0.1571
0.1266
0.1602
0.1377
0.1466
0.1294
0.1584
0.1274
0.1565
0.1348
0.1765
0.1314
0.143
0.1135
0.1609
0.1361
0.1594
0.1266
0.1618
0.1391
0.1598
0.1441
0.1637
0.1271
0.1492
0.134
0.164
0.1417
0.1475
0.1237
0.1592
0.1383
0.1582
0.133
0.1603
0.1266
0.1571
0.1401
0.1632
0.1354
0.1498
0.12
0.1567
0.1372
0.155
0.1341
0.1666
0.1358
0.1627
0.1334
0.1516
0.1333
0.1677
0.1377
0.1571
0.1229
0.1613
0.1377
0.1466
0.131
0.1699
0.1286
0.158
0.1266
0.1777
0.1302
0.1647
0.128
0.1608
0.1248
0.1628
0.1382
0.1756
0.1287
0.1469
0.1216
0.1773
0.1272
0.151
0.1233
0.1606
0.1338
0.1822
0.1284
0.1668
0.1298
0.1546
0.1371
0.1513
0.1204
0.1629
0.137
0.1513
0.1292
0.1638
0.1385
0.1621
0.1249
0.1601
0.1358
0.1601
0.1299
0.1578
0.1308
0.1616
0.1353
0.1623
0.1322
0.1475
0.1199
0.1539
0.1313
0.1569
0.1252
0.1571
0.1322
0.1581
0.1329
0.1613
0.136
0.1658
0.1244
0.1578
0.1246
0.1676
0.1385
0.1543
0.1219
0.1577
0.1297
0.1587
0.1369
0.1626
0.1268
0.1558
0.1268
0.1602
0.1361
0.1578
0.1358
0.2023
0.133
0.1533
0.1187
0.162
0.1209
0.1928
0.1333
0.1844
0.1306
0.1609
0.133
0.1514
0.1246
0.1482
0.1235
0.1799
0.1275
0.2003
0.1374
0.1689
0.1255
0.2074
0.1487
0.1702
0.1291
0.167
0.1328
0.1635
0.1395
0.1618
0.1357
0.1481
0.1206
0.1585
0.1424
0.1547
0.1343
0.1577
0.1263
0.1588
0.1343
0.1563
0.1302
0.1556
0.1261
0.1642
0.1254
0.155
0.1289
0.1729
0.1274
0.1717
0.1259
0.1621
0.1269
0.1617
0.1246
0.1583
0.1315
0.1595
0.1251
0.1516
0.1229
0.1696
0.1302
0.1559
0.1253
0.1674
0.1264
0.1407
0.1137
0.1579
0.1277
0.1615
0.1254
0.171
0.1267
0.1599
0.1262
0.1702
0.1291
0.1623
0.1248
0.1587
0.1274
0.1583
0.1306
0.1591
0.1278
0.1515
0.1215
0.1619
0.1256
0.1535
0.1238
0.1454
0.1247
0.1635
0.1263
0.1662
0.1274
0.154
0.121
0.1605
0.1269
0.1481
0.1205
0.1841
0.1323
0.1641
0.1288
0.1482
0.1263
0.1516
0.1237
0.1419
0.1195
0.15
0.1269
0.1874
0.1282
0.1772
0.128
0.151
0.1247
0.1685
0.1311
0.1831
0.1453
0.1595
0.1248
0.1568
0.126
0.1595
0.1243
0.1547
0.1175
0.156
0.1294
0.155
0.1227
0.144
0.1186
0.1498
0.1268
0.15
0.1299
0.166
0.1371
0.1442
0.12
0.1935
0.1326
0.1615
0.1251
0.1605
0.1226
0.1538
0.1253
0.1579
0.1329
0.1412
0.1183
0.182
0.1434
0.1491
0.1206
0.1494
0.141
0.1669
0.1373
0.1497
0.131
0.1624
0.1267
0.1566
0.1363
0.1646
0.1335
0.1489
0.1215
0.1689
0.1247
0.1505
0.1204
0.1608
0.1375
0.1627
0.1364
0.1635
0.127
0.1566
0.1216
0.1814
0.1261
0.1478
0.1234
0.1839
0.1364
0.1472
0.1274
0.14
0.1148
0.1525
0.1316
0.1794
0.1281
0.1628
0.1265
0.1557
0.1255
0.1556
0.1266
0.149
0.1211
0.2289
0.1817
0.1771
0.1224
0.1893
0.1302
0.1594
0.1247
0.2229
0.173
0.2087
0.175
0.1676
0.1269
0.1524
0.1229
0.1508
0.1256
0.1581
0.1378
0.1662
0.1333
0.1541
0.1274
0.1583
0.1255
0.183
0.1353
0.1517
0.131
0.1782
0.1251
0.2427
0.196
0.151
0.1302
0.2442
0.2146
0.1525
0.1253
0.1636
0.1221
0.1478
0.1211
0.1452
0.1254
0.1467
0.1194
0.1457
0.1203
0.1532
0.1214
0.1369
0.1095
0.152
0.1269
0.1596
0.1389
0.1588
0.1331
0.1523
0.1236
0.1682
0.1299
0.1482
0.1201
0.1522
0.1236
0.2225
0.1449
0.1617
0.1256
0.1508
0.1221
0.1788
0.1318
0.1755
0.1288
0.1603
0.1405
0.171
0.1298
0.1597
0.1338
0.1666
0.1285
0.1599
0.1311
0.1858
0.1328
0.1553
0.1255
0.1656
0.1252
0.1483
0.126
0.1476
0.1169
0.1498
0.1395
0.1718
0.1304
0.1573
0.1261
0.1754
0.1383
0.1646
0.1315
0.1593
0.1253
0.1596
0.1396
0.1665
0.1274
0.1566
0.1284
0.1604
0.1308
0.1635
0.1198
0.1595
0.1259
0.166
0.1281
0.1611
0.1285
0.1522
0.1384
0.1711
0.1273
0.1535
0.1222
0.1733
0.1291
0.1493
0.122
0.1591
0.138
0.1574
0.1308
0.1596
0.1265
0.1595
0.1351
0.1568
0.1326
0.1457
0.1181
0.147
0.1285
0.1644
0.1279
0.1701
0.1394
0.1676
0.1415
0.1458
0.1285
0.1514
0.1303
0.1533
0.1341
0.1624
0.1349
0.1424
0.1238
0.151
0.1303
0.1536
0.1363
0.1504
0.1282
0.1696
0.1295
0.1441
0.1203
0.1624
0.1441
0.1798
0.1389
0.2056
0.1323
0.1854
0.1293
0.1741
0.1249
0.2316
0.1349
0.1606
0.1331
0.2067
0.1386
0.1763
0.1332
0.1584
0.1231
0.1709
0.1269
0.202
0.1296
0.1633
0.1255
0.1815
0.1289
0.1615
0.1257
0.1576
0.1236
0.1708
0.1309
0.1512
0.1299
0.1713
0.1305
0.1676
0.1332
0.1608
0.1255
0.1652
0.1309
0.1604
0.1274
0.1676
0.1304
0.1853
0.1271
0.1499
0.1216
0.1618
0.1323
0.1617
0.1322
0.1631
0.1206
0.1615
0.1332
0.1653
0.1271
0.148
0.1234
0.1706
0.1292
0.1487
0.1235
0.1685
0.1266
0.1705
0.1279
0.1549
0.1205
0.1502
0.115
0.1487
0.1287
0.1431
0.1271
0.1487
0.123
0.1521
0.13
0.1762
0.1213
0.1604
0.1224
0.1684
0.1273
0.2017
0.1375
0.1562
0.1227
0.1763
0.1285
0.1829
0.1262
0.1609
0.1363
0.1465
0.1292
0.155
0.126
0.1636
0.1348
0.1647
0.1336
0.1433
0.1214
0.1538
0.1272
0.1595
0.1339
0.1643
0.1398
0.1633
0.1243
0.1465
0.1223
0.1589
0.138
0.1478
0.13
0.1589
0.1294
0.1561
0.1403
0.166
0.1253
0.1585
0.1256
0.1633
0.147
0.1626
0.1272
0.1544
0.1257
0.1529
0.121
0.1558
0.1227
0.1544
0.1348
0.1666
0.1385
0.1601
0.1322
0.1547
0.1372
0.1642
0.1441
0.148
0.119
0.1529
0.132

-------------------------------------
CodechalDecodeHevcG12::SetFrameStates
-------------------------------------
5.9611
0.3708
3.4361
3.051
2.3851
0.6527
0.0725
0.5247
0.0332
0.0455
0.0315
0.0401
0.0354
0.0488
0.038
0.0504
0.1351
0.6147
0.1597
0.0463
0.1575
0.0376
0.1189
0.0368
0.0521
0.0368
0.0351
0.0348
0.0361
0.0347
0.0344
0.1207
0.0361
0.0321
0.0362
0.032
0.0353
0.035
0.0356
0.0411
0.0377
0.0354
0.0418
0.0344
0.0341
0.0428
0.0469
0.0449
0.0414
0.0355
0.0417
0.0333
0.0391
0.0347
0.0335
0.035
0.0373
0.0348
0.0368
0.0444
0.0382
0.0376
0.0439
0.0351
0.0287
0.0396
0.0341
0.0335
0.0316
0.032
0.0333
0.0314
0.0316
0.0328
0.0397
0.0416
0.0347
0.0392
0.0365
0.0321
0.0389
0.0336
0.034
0.0338
0.0318
0.0329
0.0436
0.0372
0.0325
0.0328
0.0435
0.0342
0.0336
0.0303
0.0393
0.0348
0.0335
0.2846
1.2103
0.0356
0.0504
0.0333
0.0332
0.0333
0.032
0.0312
0.1513
0.0347
0.0377
0.7538
0.414
0.0377
0.2785
0.0359
0.0329
0.113
0.6731
0.0305
0.1056
0.58
0.0314
0.0388
0.0391
0.0366
0.0351
0.0414
0.0359
0.0425
0.0368
0.0368
0.2152
0.0365
0.095
0.0436
0.0367
0.0332
0.0353
0.0309
0.0359
0.0345
0.0346
0.0356
0.0368
0.0332
0.0348
0.0331
0.0339
0.0332
0.0339
0.0326
0.0343
0.0331
0.0325
0.0326
0.0362
0.0306
0.0344
0.0337
0.0357
0.0338
0.0367
0.035
0.0327
0.2544
0.0339
0.0364
0.0383
0.0338
0.0354
0.0345
0.0355
0.0348
0.0321
0.0329
0.0367
0.0351
0.0338
0.0342
0.0348
0.0311
0.0344
0.0339
0.0342
0.0335
0.0348
0.0336
0.0339
0.0343
0.0339
0.0309
0.0382
0.0332
0.032
0.0338
0.0321
0.0346
0.0215
0.0417
0.0403
0.0352
0.0314
0.0364
0.0346
0.0302
0.0317
0.0349
0.0322
0.0336
0.0333
0.0314
0.0344
0.0328
0.0339
0.0349
0.0317
0.0338
0.0314
0.0343
0.033
0.0338
0.0341
0.0339
0.031
0.0339
0.0349
0.041
0.0338
0.034
0.0348
0.0223
0.0305
0.0326
0.0333
0.0477
0.0454
0.0351
0.0393
0.0396
0.0396
0.0525
0.036
0.0363
0.0445
0.0371
0.0361
0.0315
0.038
0.0314
0.0316
0.0331
0.0314
0.0318
0.0348
0.032
0.0355
0.0334
0.0335
0.0325
0.0313
0.0387
0.0332
0.0352
0.0278
0.0329
0.0375
0.0395
0.0322
0.0391
0.0313
0.0352
0.035
0.0331
0.0336
0.0384
0.0331
0.0333
0.0315
0.036
0.0329
0.0333
0.0397
0.0311
0.0337
0.0341
0.033
0.0299
0.0345
0.0331
0.0345
0.0343
0.0331
0.0342
0.035
0.0315
0.0344
0.0233
0.0329
0.0362
0.0377
0.0364
0.0326
0.0331
0.0302
0.0322
0.0356
0.0343
0.0327
0.0336
0.0348
0.0343
0.0313
0.0316
0.0332
0.0335
0.0331
0.033
0.0379
0.0327
0.0341
0.0314
0.0354
0.0327
0.0334
0.0324
0.0338
0.0329
0.0425
0.0352
0.0287
0.04
0.0381
0.0347
0.0321
0.0312
0.0395
0.0384
0.0335
0.0456
0.0366
0.0346
0.0359
0.0343
0.0392
0.0342
0.0337
0.0324
0.0329
0.0332
0.0362
0.0354
0.0338
0.036
0.0351
0.0329
0.0354
0.0337
0.0333
0.0318
0.0352
0.0317
0.04
0.0241
0.0346
0.0336
0.0372
0.0341
0.0342
0.0348
0.0338
0.033
0.0336
0.0311
0.0386
0.0361
0.0313
0.036
0.0366
0.0315
0.0377
0.0342
0.0428
0.0357
0.033
0.0328
0.0303
0.0314
0.0355
0.0395
0.0344
0.0421
0.0402
0.0378
0.0355
0.042
0.0276
0.0406
0.0332
0.0328
0.0321
0.0311
0.0364
0.0307
0.0435
0.0366
0.0418
0.0348
0.0363
0.0307
0.0431
0.0338
0.0319
0.0353
0.0325
0.0348
0.0332
0.0337
0.0319
0.034
0.0311
0.0352
0.0329
0.0445
0.0348
0.0419
0.0338
0.0419
0.0333
0.023
0.0327
0.0338
0.0417
0.0337
0.0419
0.0308
0.0438
0.0466
0.0639
0.0461
0.0519
0.0469
0.041
0.0405
0.0389
0.0346
0.0396
0.0375
0.0421
0.0398
0.0533
0.0364
0.0483
0.0351
0.0506
0.0348
0.034
0.0333
0.0346
0.0316
0.0317
0.0312
0.0215
0.03
0.0325
0.0368
0.0325
0.0361
0.0327
0.0321
0.0503
0.0354
0.0328
0.0367
0.036
0.034
0.0379
0.0349
0.0332
0.034
0.0347
0.0354
0.0339
0.0314
0.0322
0.0314
0.0359
0.033
0.0353
0.0347
0.0339
0.034
0.0351
0.033
0.0353
0.0257
0.0335
0.0337
0.0356
0.0328
0.0347
0.0316
0.0342
0.0306
0.0378
0.0325
0.0344
0.0334
0.0325
0.0309
0.0301
0.0322
0.0397
0.0398
0.0323
0.034
0.033
0.0338
0.0297
0.0317
0.0322
0.0309
0.0339
0.0361
0.0339
0.041
0.0424
0.0372
0.0293
0.0465
0.0349
0.0401
0.0355
0.0324
0.038
0.0453
0.0331
0.0366
0.0345
0.0314
0.0356
0.0312
0.0363
0.0337
0.0343
0.0349
0.0355
0.0347
0.0352
0.031
0.034
0.0331
0.0321
0.0342
0.0332
0.0316
0.0336
0.0308
0.0401
0.035
0.0324
0.0264
0.0317
0.0299
0.0331
0.0318
0.0344
0.0331
0.0358
0.043
0.0361
0.0355
0.0353
0.0336
0.031
0.0314
0.0355
0.0335
0.0372
0.0316
0.0384
0.034
0.0338
0.0303
0.0331
0.0316
0.0354
0.0331
0.0336
0.0322
0.034
0.0375
0.032
0.0331
0.0266
0.0325
0.0336
0.0343
0.0331
0.0334
0.0315
0.0324

--------------------------
CreateVideoDecoder_D3D11_1
--------------------------
15.7976

---------------------------
DestroyVideoDecoder_D3D11_1
---------------------------
0

----------------
First Frame Time
----------------
68.3772

--------------------------------------
VideoDecoderBeginFrame_WDDM2_4_D3D11_1
--------------------------------------
0.0074
0.0026
0.0026
0.0025
0.0023
0.0026
0.0028
0.002
0.0017
0.0022
0.0016
0.003
0.0021
0.0038
0.0025
0.0029
0.0022
0.003
0.0029
0.005
0.0028
0.0024
0.0025
0.0021
0.0038
0.0024
0.0022
0.0023
0.0032
0.0021
0.0021
0.0022
0.0019
0.0019
0.002
0.0019
0.0019
0.0018
0.0021
0.0018
0.0019
0.0024
0.0044
0.0021
0.0019
0.0034
0.003
0.0023
0.0031
0.0021
0.0058
0.002
0.0018
0.0019
0.0017
0.0019
0.0024
0.0018
0.0019
0.0032
0.0022
0.002
0.0032
0.0031
0.0028
0.0028
0.0024
0.0018
0.0019
0.0018
0.0018
0.0018
0.0016
0.0017
0.0027
0.0031
0.0022
0.0028
0.002
0.0018
0.0028
0.0022
0.002
0.0019
0.002
0.0015
0.003
0.0023
0.0019
0.0019
0.0028
0.0022
0.0023
0.0017
0.0076
0.0026
0.0019
0.0023
0.0027
0.0025
0.0021
0.0018
0.002
0.0019
0.0016
0.0018
0.0018
0.0022
0.0027
0.0052
0.002
0.0027
0.0029
0.0024
0.0018
0.0023
0.0017
0.0019
0.0017
0.0018
0.0017
0.003
0.0023
0.0022
0.0021
0.0021
0.002
0.0027
0.0021
0.0025
0.0025
0.0028
0.0022
0.003
0.0024
0.0023
0.0018
0.0018
0.0016
0.0018
0.0019
0.0032
0.002
0.0019
0.0018
0.0019
0.0019
0.0017
0.0018
0.0018
0.0021
0.0017
0.0017
0.0023
0.0018
0.0021
0.0016
0.0017
0.0018
0.002
0.0022
0.0019
0.0023
0.0023
0.002
0.002
0.0024
0.0018
0.0021
0.0022
0.0019
0.0019
0.002
0.0022
0.0017
0.0018
0.0021
0.0021
0.002
0.0019
0.0017
0.0017
0.0019
0.0018
0.0019
0.0021
0.0018
0.0019
0.0021
0.0021
0.002
0.0018
0.0018
0.0017
0.0017
0.0022
0.0024
0.0029
0.0026
0.0022
0.0019
0.0022
0.0022
0.0016
0.0018
0.002
0.0019
0.002
0.0021
0.0019
0.002
0.0042
0.0017
0.0022
0.0018
0.0019
0.0022
0.0016
0.0019
0.002
0.002
0.0018
0.0019
0.0024
0.0018
0.0034
0.0021
0.0021
0.0019
0.0023
0.0022
0.0017
0.0017
0.0025
0.0035
0.0023
0.0032
0.0031
0.0029
0.0037
0.0022
0.0019
0.0038
0.0025
0.0023
0.0018
0.0019
0.0021
0.002
0.0022
0.0017
0.0016
0.0018
0.002
0.002
0.0017
0.0018
0.0017
0.0021
0.002
0.0023
0.002
0.002
0.002
0.002
0.0021
0.0017
0.0018
0.0017
0.0018
0.0017
0.0017
0.0021
0.0022
0.0022
0.0021
0.002
0.0019
0.0018
0.0018
0.002
0.0017
0.0017
0.0019
0.0018
0.0018
0.0026
0.0046
0.0018
0.0019
0.002
0.0018
0.0017
0.0019
0.002
0.0022
0.002
0.0022
0.0023
0.0018
0.002
0.002
0.0018
0.0021
0.002
0.002
0.0017
0.002
0.0022
0.0018
0.0021
0.0019
0.0017
0.002
0.0019
0.0021
0.0079
0.0018
0.002
0.0016
0.0019
0.0018
0.0017
0.0019
0.002
0.0019
0.0034
0.0026
0.0023
0.0028
0.0024
0.002
0.0021
0.002
0.0023
0.0026
0.002
0.0036
0.0025
0.0022
0.0021
0.002
0.0021
0.002
0.0024
0.0019
0.0018
0.0019
0.0017
0.002
0.0017
0.0024
0.002
0.0018
0.0023
0.0017
0.0017
0.0019
0.0019
0.0017
0.0032
0.0024
0.002
0.0027
0.0022
0.0019
0.0019
0.0021
0.0018
0.002
0.002
0.002
0.0019
0.0024
0.0018
0.002
0.0022
0.0019
0.0027
0.0021
0.0037
0.0026
0.0019
0.0017
0.0022
0.0017
0.0024
0.0027
0.0021
0.0019
0.003
0.0031
0.0021
0.002
0.0028
0.0019
0.002
0.0019
0.0016
0.0018
0.0021
0.0016
0.0029
0.0048
0.0026
0.0022
0.0024
0.0017
0.0028
0.0022
0.002
0.0018
0.0024
0.0042
0.0022
0.0018
0.0021
0.0017
0.002
0.0017
0.0019
0.0018
0.0021
0.0033
0.0025
0.0031
0.0022
0.0021
0.002
0.0024
0.0018
0.0021
0.0019
0.0018
0.0017
0.0027
0.0031
0.0024
0.0033
0.0026
0.0035
0.002
0.002
0.0019
0.0026
0.0018
0.0017
0.0028
0.0023
0.0019
0.0035
0.0022
0.0037
0.0023
0.0025
0.002
0.0023
0.0018
0.0018
0.0017
0.0018
0.0016
0.0023
0.0019
0.0019
0.0021
0.0023
0.0017
0.002
0.0028
0.0021
0.0024
0.0021
0.0019
0.005
0.002
0.0019
0.0018
0.0046
0.0018
0.0024
0.002
0.0022
0.0017
0.0018
0.0019
0.0018
0.0021
0.0018
0.0021
0.002
0.0025
0.0019
0.0019
0.002
0.0018
0.0019
0.0021
0.0019
0.0021
0.0029
0.002
0.0016
0.002
0.0019
0.0019
0.002
0.002
0.0017
0.0016
0.003
0.0024
0.0019
0.0018
0.0018
0.0019
0.0018
0.0041
0.0019
0.0019
0.002
0.0017
0.0017
0.003
0.0031
0.0028
0.0027
0.0037
0.0024
0.0027
0.0023
0.0021
0.0025
0.0026
0.0021
0.002
0.0023
0.0019
0.0022
0.0017
0.0023
0.0021
0.002
0.0021
0.0017
0.0021
0.0017
0.0021
0.0016
0.0019
0.002
0.0019
0.0018
0.002
0.0018
0.0019
0.0022
0.0019
0.002
0.0029
0.002
0.002
0.0016
0.0017
0.0026
0.0018
0.0019
0.0033
0.0031
0.0022
0.0022
0.0018
0.0018
0.0018
0.0022
0.0021
0.0019
0.0019
0.0019
0.0018
0.0019
0.0016
0.0017
0.0019
0.0018
0.0019
0.002
0.0022
0.0019
0.0021
0.0024
0.0029
0.0028
0.0021
0.0021
0.0018
0.002
0.0018
0.0018
0.0017

----------------------------
VideoDecoderEndFrame_D3D11_1
----------------------------
0.0399
0.0619
0.0805
0.0823
0.0687
0.0615
0.0658
0.0618
0.0631
0.0656
0.0671
0.066
0.0702
0.0656
0.0605
0.064
0.0639
0.0683
0.0647
0.0673
0.063
0.0619
0.0617
0.063
0.0684
0.0603
0.063
0.0614
0.062
0.0588
0.0598
0.0566
0.0531
0.0805
0.0622
0.0568
0.0564
0.0572
0.0545
0.0572
0.054
0.0704
0.0629
0.0575
0.0552
0.0648
0.0627
0.0934
0.1265
0.0784
0.0584
0.0592
0.0598
0.0541
0.0561
0.0715
0.0547
0.0633
0.0548
0.0593
0.063
0.058
0.0686
0.0665
0.0636
0.0598
0.0589
0.0546
0.058
0.0553
0.0582
0.0553
0.0539
0.0541
0.0573
0.0589
0.0549
0.0624
0.0544
0.0598
0.0647
0.061
0.0557
0.0616
0.0547
0.0653
0.0735
0.0591
0.0546
0.0535
0.0634
0.0584
0.0563
0.0542
0.0641
0.0612
0.0584
0.0635
0.055
0.0916
0.0852
0.0556
0.0549
0.0525
0.0576
0.0592
0.0532
0.0581
0.0792
0.0838
0.0573
0.0832
0.0568
0.0545
0.0784
0.0548
0.052
0.0758
0.1086
0.0553
0.0782
0.081
0.0551
0.0602
0.0692
0.0624
0.0788
0.066
0.0665
0.0603
0.0611
0.0554
0.1225
0.0595
0.0651
0.0565
0.0582
0.0558
0.0613
0.0603
0.0617
0.065
0.0639
0.0655
0.0599
0.0648
0.0589
0.0654
0.0626
0.0637
0.0611
0.0615
0.0609
0.059
0.0609
0.0567
0.0627
0.063
0.0623
0.0636
0.062
0.0616
0.0574
0.0553
0.0525
0.0897
0.0619
0.0658
0.059
0.0676
0.0634
0.061
0.0562
0.0589
0.0615
0.0621
0.0607
0.0699
0.0623
0.0581
0.0584
0.0599
0.0598
0.0701
0.0604
0.0578
0.0703
0.0609
0.0587
0.0609
0.0613
0.0623
0.0605
0.061
0.0629
0.0606
0.0554
0.0622
0.0746
0.0586
0.0569
0.0607
0.0625
0.0564
0.0577
0.0618
0.0577
0.0591
0.0595
0.0585
0.0664
0.0619
0.0625
0.0595
0.0612
0.0601
0.058
0.06
0.0599
0.0591
0.0576
0.06
0.0551
0.0628
0.0629
0.075
0.0636
0.0599
0.0663
0.0617
0.0555
0.0629
0.0586
0.0934
0.0836
0.0588
0.0614
0.0855
0.0943
0.1097
0.0557
0.0608
0.0651
0.0617
0.0656
0.0569
0.0607
0.0609
0.0585
0.0627
0.0564
0.0628
0.0618
0.0567
0.0658
0.0616
0.0621
0.0634
0.0566
0.0599
0.0643
0.0591
0.0613
0.0609
0.0624
0.0605
0.0587
0.059
0.0574
0.0584
0.0568
0.0611
0.0594
0.0593
0.0646
0.0651
0.0576
0.0622
0.0601
0.058
0.061
0.0612
0.0588
0.0595
0.0624
0.0594
0.0579
0.066
0.0621
0.0613
0.0655
0.06
0.0591
0.0655
0.0601
0.063
0.0595
0.0619
0.0654
0.0605
0.0589
0.0593
0.0618
0.0611
0.0666
0.0607
0.0609
0.071
0.06
0.0589
0.0551
0.0609
0.0608
0.0593
0.0607
0.0626
0.0653
0.0682
0.0618
0.0559
0.0688
0.0629
0.0618
0.0592
0.0583
0.0634
0.0638
0.0578
0.0622
0.0653
0.0622
0.0601
0.0567
0.057
0.0639
0.0595
0.0598
0.0747
0.062
0.0692
0.071
0.0601
0.0562
0.0671
0.0596
0.0596
0.0684
0.0626
0.064
0.0659
0.0582
0.0595
0.0539
0.0618
0.0607
0.0668
0.0547
0.0556
0.0564
0.0822
0.0564
0.054
0.0582
0.0621
0.0574
0.0631
0.0555
0.0624
0.0572
0.0554
0.0551
0.0554
0.0603
0.0543
0.0601
0.0591
0.0596
0.0603
0.0559
0.0536
0.0675
0.0588
0.0587
0.0575
0.0629
0.0563
0.0611
0.0628
0.0586
0.0548
0.0699
0.0652
0.0606
0.0626
0.0574
0.0556
0.0582
0.0569
0.06
0.0612
0.0674
0.0548
0.0649
0.0563
0.0564
0.0583
0.0594
0.0579
0.0708
0.0585
0.0597
0.0613
0.0641
0.0665
0.0607
0.0583
0.0547
0.0538
0.0587
0.0631
0.0696
0.0538
0.0558
0.0557
0.0574
0.0587
0.0556
0.053
0.0557
0.0574
0.0593
0.0672
0.0551
0.0595
0.0704
0.0659
0.0964
0.0541
0.0741
0.0764
0.055
0.0528
0.0559
0.0627
0.0621
0.0593
0.0657
0.0572
0.0621
0.0661
0.0899
0.1111
0.0871
0.0544
0.0617
0.0574
0.0542
0.0595
0.0522
0.0526
0.0554
0.0558
0.0604
0.06
0.0569
0.0687
0.0564
0.0528
0.071
0.0592
0.0576
0.0675
0.0612
0.0658
0.0637
0.0646
0.0574
0.0776
0.0551
0.0765
0.0606
0.0583
0.0575
0.0557
0.0611
0.0693
0.0634
0.0599
0.0676
0.0625
0.0613
0.0677
0.0607
0.0586
0.069
0.0616
0.0642
0.0552
0.0588
0.0587
0.0592
0.0659
0.0601
0.0585
0.0635
0.0599
0.0606
0.0645
0.0581
0.0612
0.0615
0.0614
0.0575
0.0587
0.0574
0.06
0.0555
0.0556
0.0576
0.0581
0.0623
0.059
0.0645
0.0574
0.0604
0.059
0.0541
0.0701
0.0628
0.0603
0.0574
0.0607
0.0615
0.0652
0.0598
0.0607
0.0624
0.0581
0.0591
0.0587
0.0592
0.059
0.06
0.0611
0.0592
0.0611
0.0641
0.0554
0.0604
0.0589
0.0568
0.0598
0.06
0.0572
0.0585
0.0558
0.061
0.0636
0.0605
0.0625
0.0663
0.0595
0.0572
0.0598
0.0622
0.0595
0.061
0.0674
0.0574
0.0606
0.0673
0.065
0.0589
0.0586
0.0602
0.0594
0.0584
0.0577
0.0594
0.0592
0.0604
0.0557
0.0628
0.0587
0.0596
0.0617
0.0598
0.07
0.0623
0.0627
0.0594
0.0578
0.0626
0.0638
0.0605
0.0595
0.0634
0.0598
0.0601
0.0631

---------------------------------
VideoDecoderSubmitBuffers_D3D11_1
---------------------------------
11.0198
7.7552
4.2053
14.1441
3.403
5.3956
1.3325
1.1384
1.1467
1.021
1.0793
1.091
1.0636
0.9239
1.0189
0.9343
1.8794
4.7489
3.594
0.6955
2.9466
0.5659
2.7453
0.5912
0.551
0.4637
0.4413
0.4365
0.435
0.4315
0.4337
1.295
0.4588
0.438
0.4523
0.4122
0.7674
0.8086
0.7631
0.8288
0.7429
0.4415
0.5081
0.4217
0.4168
2.2211
0.567
0.53
0.4951
0.4461
0.4872
0.7527
1.6884
0.4332
0.4365
0.6621
0.6599
0.8582
0.7786
0.7486
0.759
0.7538
0.7818
0.6727
0.4478
0.4629
0.4111
0.414
0.3922
0.6402
0.7834
0.8122
0.7896
0.8342
0.4742
0.4964
0.4717
0.4757
0.4357
0.7789
0.4769
0.4183
0.6703
0.8209
0.7701
0.8704
0.6851
0.7733
0.7473
0.8497
0.7502
0.4095
0.4592
0.3816
0.4623
0.4123
0.4066
0.7245
1.6262
0.4299
0.6467
0.6525
0.8098
0.7564
0.876
0.7622
0.9306
1.6263
0.4378
1.2041
0.8385
0.4548
2.4169
0.4574
0.4246
0.5386
1.077
0.4059
0.5247
0.9364
0.4183
0.4712
0.4248
0.4231
0.4433
0.5724
0.7444
0.6668
0.7955
0.557
2.2179
0.4396
0.5356
0.5094
0.455
0.4168
0.4467
0.4024
0.439
0.4509
0.4287
0.4445
0.4435
0.4267
0.4203
0.4334
0.4383
0.4218
0.4415
0.4228
0.4277
0.4241
0.4366
0.4082
0.4537
0.4145
0.427
0.4392
0.444
0.432
0.4608
0.4489
0.4169
3.0223
0.42
0.4647
0.456
0.4346
0.4435
0.4408
0.4478
0.4423
0.4096
0.4293
0.4428
0.4533
0.4394
0.4251
0.4504
0.4026
0.4315
0.446
0.4349
0.4228
0.4386
0.4347
0.4303
0.4369
0.4375
0.4015
0.4556
0.4564
0.3971
0.4393
0.4083
0.4452
0.3691
0.4629
0.4515
0.4129
0.4039
0.4585
0.4283
0.4224
0.4123
0.4497
0.4034
0.4309
0.7819
0.4097
0.4373
0.4046
0.4316
0.4351
0.3979
0.4301
0.3984
0.4303
0.4315
0.4208
0.42
0.4358
0.4024
0.4096
0.4336
0.487
0.4302
0.435
0.4455
0.3795
0.4003
0.4169
0.4213
0.6325
0.6334
0.4474
0.4599
0.5793
0.5118
0.6763
0.4267
0.4501
0.5473
0.4588
0.452
0.4086
0.4483
0.4066
0.4216
0.4197
0.3991
0.411
0.4398
0.399
0.437
0.4317
0.424
0.4352
0.403
0.4347
0.4297
0.4554
0.3899
0.4393
0.4338
0.4486
0.4425
0.4418
0.4158
0.4458
0.3986
0.4384
0.4304
0.4294
0.438
0.4352
0.4065
0.4407
0.4245
0.4388
0.4434
0.4206
0.444
0.4212
0.4354
0.4055
0.449
0.4268
0.4541
0.4368
0.4245
0.4427
0.4511
0.397
0.4521
0.409
0.433
0.4701
0.4528
0.4291
0.4103
0.4413
0.4062
0.4381
0.4359
0.4376
0.4316
0.429
0.4375
0.4383
0.3974
0.4201
0.4209
0.4295
0.4242
0.4372
0.4439
0.4183
0.4485
0.4066
0.4268
0.4357
0.4303
0.4237
0.4344
0.4343
0.5115
0.43
0.4314
0.5022
0.4755
0.4419
0.4123
0.4059
0.4785
0.5031
0.429
0.5524
0.4503
0.4426
0.4499
0.438
0.4028
0.4455
0.4283
0.4214
0.4349
0.4238
0.4223
0.4459
0.4247
0.4637
0.4486
0.8253
0.4373
0.4307
0.4243
0.4106
0.7805
0.8341
0.4452
0.3785
0.4288
0.4292
0.4481
0.423
0.4413
0.4325
0.4217
0.4254
0.4217
0.3946
0.4448
0.4148
0.3946
0.7083
0.7717
0.4078
0.4459
0.4041
0.4941
0.4392
0.4044
0.4049
0.3797
0.4048
0.4601
0.467
0.4118
0.5737
0.5047
0.4461
0.4488
0.7324
0.4175
0.4556
0.4139
0.3902
0.8253
0.8646
0.8395
0.8128
0.8363
0.7685
0.4481
0.4231
0.4437
0.7016
0.7912
0.6951
0.8679
0.8467
0.4145
0.7525
0.7748
0.8655
0.7697
0.8687
0.8026
0.9077
0.7765
0.8211
0.8373
0.4759
0.4036
0.5016
0.407
0.3805
0.4242
0.455
0.4438
0.4243
0.8124
0.8225
1.0507
0.4558
0.7851
0.6891
0.5946
0.5656
0.5038
0.8053
0.8308
0.9144
0.7449
0.8335
0.8943
0.4849
0.4605
0.8582
0.6665
0.4234
0.6714
0.8613
0.4178
0.3956
0.3971
0.3936
0.3928
0.4073
0.38
0.4033
0.5443
0.4432
0.4047
0.4457
0.398
0.4073
0.5872
0.4312
0.4057
0.4682
0.457
0.4465
0.4622
0.4414
0.4353
0.4293
0.4568
0.4197
0.4282
0.4088
0.4027
0.4201
0.4586
0.4219
0.4586
0.4476
0.4248
0.4376
0.436
0.4246
0.4408
0.4236
0.4322
0.4335
0.4368
0.425
0.4469
0.4149
0.4475
0.3991
0.4409
0.4234
0.4245
0.4363
0.4244
0.392
0.4049
0.4267
0.4719
0.4664
0.4023
0.4176
0.4239
0.4409
0.3878
0.4136
0.4262
0.4076
0.4432
0.3952
0.45
0.501
0.5242
0.4723
0.4567
0.5658
0.4333
0.5156
0.461
0.4174
0.4587
0.5121
0.4267
0.4576
0.4271
0.4126
0.4454
0.4051
0.4467
0.4423
0.4232
0.4383
0.4244
0.4444
0.4549
0.3971
0.4307
0.4355
0.4128
0.4388
0.4293
0.3994
0.4367
0.4017
0.4493
0.4415
0.406
0.4076
0.4017
0.3886
0.4026
0.4194
0.4445
0.421
0.4482
0.5278
0.429
0.4522
0.4666
0.4322
0.4003
0.4165
0.4427
0.4382
0.3995
0.4193
0.4355
0.4444
0.4303
0.3977
0.4352
0.4055
0.4259
0.4349
0.4337
0.4213
0.4515
0.4377
0.4199
0.4145
0.4298
0.4295
0.4546
0.436
0.428
0.4463
0.3979
0.4272

