---------------------------------------------
CalcPrivateVideoDecoderOutputViewSize_D3D11_1
---------------------------------------------
0.0029
0.002
0.0013
0.0017
0.0015
0.0008
0.0033
0.0021
0.0009
0.002
0.0008
0.001
0.0007
0.0014
0.0008
0.0008
0.0007
0.0007
0.0006
0.0025
0.0007
0.0007
0.0008
0.0007
0.0007
0.0007
0.0006
0.0006
0.0017
0.0005
0.0016
0.0006
0.001
0.0011
0.0005
0.0007
0.0006
0.0007
0.0007
0.0006
0.0007
0.0006
0.0016
0.0006
0.0006
0.0007
0.0006
0.0006
0.0006
0.0006
0.0009
0.0006
0.0006
0.0015
0.0006
0.0012
0.0006
0.0006
0.0006
0.0005
0.0006
0.0006
0.0006
0.0018
0.0006
0.0008
0.001
0.0006
0.0007
0.0006
0.0007
0.0006
0.0007
0.0006
0.0005
0.0006
0.0007
0.0006
0.0006
0.0006
0.0006
0.0005
0.0006
0.0006
0.0012
0.0007
0.0005
0.0007
0.0006
0.0006
0.0007
0.0006
0.0005
0.0006
0.0052
0.0007
0.0006
0.0006
0.0008
0.0009
0.0006
0.0006
0.0006
0.0007
0.0006
0.0006
0.0006
0.0008
0.0007
0.0006
0.0006
0.0006
0.0006
0.0006
0.0006
0.0011
0.0006
0.0006
0.0006
0.0006
0.0006
0.0007
0.0008
0.0006
0.0006
0.0007
0.0006
0.0007
0.0007
0.0006
0.0007
0.0007
0.0007
0.0007
0.0006
0.0006
0.0006
0.0008
0.0006
0.0007
0.0006
0.0025
0.0007
0.0007
0.0005
0.0006
0.0008
0.0006
0.0011
0.0008
0.0006
0.0006
0.0005
0.0009
0.0005
0.0009
0.0007
0.0006
0.0006
0.0006
0.0007
0.0006
0.0006
0.0006
0.0007
0.0007
0.0006
0.0006
0.0006
0.0006
0.0006
0.0006
0.0008
0.0006
0.0006
0.0009
0.0016
0.0019
0.0009
0.001
0.0009
0.0007
0.0008
0.0011
0.0007
0.0007
0.0006
0.0007
0.0007
0.0006
0.0008
0.0016
0.0015
0.001
0.002
0.0011
0.0007
0.0015
0.001
0.0012
0.0012
0.0011
0.0008
0.0012
0.0007
0.0012
0.0009
0.0016
0.0011
0.0009
0.0008
0.0157
0.0013
0.0014
0.0008
0.0021
0.0016
0.0009
0.0015
0.001
0.0009
0.0011
0.001
0.0016
0.0011
0.001
0.001
0.0015
0.0011
0.0012
0.0008
0.0009
0.0007
0.0012
0.0008
0.0006
0.0006
0.0006
0.0006
0.0006
0.0007
0.0007
0.0007
0.0006
0.0009
0.0007
0.0009
0.0006
0.0009
0.0008
0.0011
0.0007
0.0009
0.0006
0.001
0.0007
0.0006
0.0016
0.0016
0.0009
0.0016
0.0009
0.0009
0.0016
0.0012
0.0008
0.0008
0.0007
0.0006
0.0017
0.0009
0.0008
0.0009
0.0009
0.0017
0.0009
0.0008
0.0008
0.0009
0.0006
0.0007
0.0007
0.0009
0.0007
0.0009
0.0006
0.0007
0.0007
0.0016
0.001
0.0016
0.0021
0.0019
0.0009
0.0008
0.0008
0.0014
0.0012
0.0015
0.001
0.001
0.0007
0.0007
0.0006
0.0008
0.0008
0.0007
0.0006
0.0006
0.0007
0.0019
0.0009
0.0008
0.0007
0.0016
0.0008
0.0032
0.0007
0.0007
0.0008
0.0018
0.0021
0.0009
0.0008
0.0007
0.0007
0.0007
0.0009
0.0007
0.0012
0.0011
0.0009
0.0008
0.0007
0.0009
0.0007
0.0009
0.0006
0.0006
0.0006
0.0006
0.0007
0.0006
0.0007
0.0007
0.0007
0.0012
0.0008
0.0006
0.0006
0.0007
0.0007
0.0007
0.0007
0.0007
0.0007
0.0006
0.0006
0.0009
0.0008
0.0006
0.0007
0.0009
0.0009
0.0007
0.0009
0.0007
0.0007
0.0008
0.0006
0.0006
0.0006
0.0009
0.0013
0.0018
0.0008
0.0008
0.0006
0.0009
0.0007
0.0007
0.0007
0.0006
0.0006
0.0006
0.0013
0.0015
0.0008
0.0008
0.0008
0.0007
0.0008
0.0007
0.0006
0.0014
0.001
0.0009
0.0011
0.0007
0.0005
0.0007
0.0006
0.0011
0.0006
0.0006
0.0006
0.0006
0.0007
0.0005
0.0007
0.0008
0.0006
0.0014
0.0008
0.001
0.0021
0.0012
0.001
0.0009
0.0009
0.0009
0.0013
0.0009
0.001
0.0009
0.0009
0.0016
0.001
0.0014
0.0028
0.0009
0.0012
0.0011
0.0012
0.0009
0.0007
0.0008
0.0007
0.0007
0.0006
0.0005
0.0005
0.0008
0.0006
0.0008
0.0006
0.0011
0.0006
0.0007
0.0006
0.0006
0.0007
0.0015
0.0006
0.0006
0.0007
0.0007
0.0006
0.0006
0.0006
0.0007
0.0009
0.0007
0.0007
0.0008
0.0007
0.0007
0.0007
0.0005
0.0006
0.0011
0.0013
0.0009
0.0006
0.005
0.0008
0.0012
0.001
0.0011
0.0007
0.0008
0.0007
0.0006
0.0007
0.0006
0.0006
0.0008
0.0007
0.0006
0.0006
0.0007
0.0007
0.0006
0.0007
0.0008
0.0008
0.0006
0.0006
0.0006
0.0006
0.0007
0.0006
0.0007
0.0008
0.0008
0.0008
0.0007
0.001
0.0007
0.0008
0.0006
0.0007
0.0017
0.0023
0.0017
0.0009
0.0008
0.0009
0.0006
0.0008
0.0011
0.0009
0.0018
0.001
0.0007
0.0007
0.0007
0.0008
0.0007
0.0007
0.0006
0.0008
0.0008
0.0006
0.001
0.0007
0.0013
0.0006
0.001
0.0009
0.0011
0.0005
0.0008
0.0006
0.0019
0.0009
0.001
0.0008
0.0008
0.0007
0.0015
0.0009
0.0011
0.0008
0.0017
0.0009
0.0018
0.0009
0.001
0.0007
0.0009
0.001
0.0007
0.0007
0.0006
0.0006
0.0007
0.0006
0.0006
0.001
0.0006
0.0007
0.0007
0.0007
0.0006
0.0006
0.0006
0.0007
0.002
0.001
0.0009
0.0013
0.0009
0.0009
0.0007
0.0007
0.0007
0.0008
0.0007
0.0008
0.0007
0.0007
0.0014
0.0008
0.002
0.0009
0.0008
0.0008
0.0007
0.0007

-----------------------
CodechalDecode::Execute
-----------------------
11.5948
25.8591
21.4072
20.3927
0.5751
0.5475
0.7741
0.6077
0.4951
0.6206
0.5011
0.5568
0.4978
0.5708
0.5388
0.5318
0.5574
0.5202
0.5575
0.5142
0.5355
0.5183
0.551
0.5618
0.4209
0.4033
0.3843
0.4104
0.4011
0.4131
0.4142
0.3794
0.3866
0.3894
0.4175
0.3762
0.4091
0.42
0.378
0.3962
0.416
0.4158
0.38
0.4249
0.3832
0.4034
0.3977
0.4258
0.3759
0.4097
0.3831
0.4029
0.3782
0.4109
0.4093
0.4035
0.4146
0.3798
0.4086
0.4168
0.3775
0.4125
0.4063
0.4017
0.4056
0.3831
0.4007
0.3751
0.4173
0.3866
0.4219
0.4001
0.4187
0.3831
0.4041
0.3996
0.3969
0.3996
0.4032
0.4021
0.4006
0.4025
0.4017
0.4125
0.3981
0.4056
0.4099
0.3787
0.402
0.3828
0.4131
0.3986
0.4028
0.4072
0.413
0.4094
0.409
0.4124
0.3773
0.4103
0.3847
0.405
0.4137
0.4136
0.3918
0.431
0.3961
0.4025
0.4108
0.4024
0.3959
0.4052
0.4181
0.4041
0.4065
0.3863
0.4103
0.3893
0.4219
0.3805
0.4085
0.4008
0.3983
0.4113
0.3764
0.4014
0.3967
0.4006
0.4097
0.4048
0.4021
0.4148
0.3634
0.4095
0.412
0.3864
0.4152
0.397
0.4103
0.3825
0.4022
0.4155
0.4062
0.4023
0.4051
0.4011
0.3957
0.4121
0.4172
0.4182
0.4196
0.4123
0.3948
0.4166
0.404
0.3979
0.4189
0.4075
0.4243
0.405
0.4091
0.4061
0.4263
0.3812
0.4072
0.3933
0.4053
0.3973
0.4072
0.4076
0.4086
0.3856
0.4132
0.3992
0.4154
0.404
0.4697
0.5026
0.4338
0.3934
0.4441
0.4186
0.4054
0.4209
0.3739
0.3877
0.4232
0.3906
0.4179
0.3822
0.4061
0.4414
0.4179
0.3896
0.5457
0.4103
0.4032
0.451
0.3759
0.56
0.6155
0.4023
0.4189
0.3876
0.4127
0.4612
0.4118
0.5142
0.4396
0.4016
0.428
0.4146
0.4358
0.4332
0.4078
0.4925
0.5638
0.4135
4.44
0.4161
4.7322
5.2781
0.4478
0.4897
0.4008
0.4869
0.4384
0.4649
0.4441
0.4378
0.3832
0.4579
0.431
0.374
0.4107
0.3916
0.4185
0.4158
0.3961
0.4265
0.4417
0.4154
0.3902
0.3828
0.3949
0.4222
0.4061
0.3857
0.388
0.4089
0.4073
0.3747
0.3828
0.4132
0.4077
0.3722
0.4289
0.448
0.4333
0.4047
0.4428
0.4474
0.3751
0.4273
0.3849
0.4254
0.3933
0.4167
0.4261
0.4761
0.4478
0.4154
0.4257
0.4208
0.4724
0.4469
0.4285
0.4268
0.415
0.3862
0.3937
0.4467
0.416
0.4312
0.3903
0.4053
0.3946
0.426
0.4269
0.3797
0.415
0.3948
0.491
0.4275
0.411
0.4121
0.4333
0.4597
0.4562
0.4177
0.4244
0.4157
0.3752
0.4099
0.3814
0.4022
0.383
0.4032
0.3722
0.4034
0.5367
0.4285
0.416
0.3954
0.4216
0.3792
0.424
0.4144
0.3787
0.447
0.4736
0.5147
0.4389
0.4144
0.4124
0.4107
0.412
0.4091
0.4149
0.3841
0.3609
0.422
0.4064
0.4196
0.3893
0.4081
0.4278
0.4088
0.3671
0.3802
0.4167
0.3816
0.4051
0.4134
0.4126
0.4016
0.4211
0.4147
0.4126
0.4157
0.4142
0.4063
0.4014
0.4087
0.4077
0.4728
0.4093
0.4084
0.4077
0.3984
0.4035
0.4
0.4103
0.355
0.4057
0.3907
0.4098
0.3847
0.4068
0.4027
0.4081
0.4034
0.4001
0.429
0.5167
0.4274
0.4299
0.4127
0.3904
0.4083
0.4116
0.4014
0.4006
0.3816
0.4065
0.3901
0.4083
0.4363
0.4101
0.4188
0.4266
0.376
0.4084
0.413
0.3715
0.3974
0.3633
0.373
0.39
0.3691
0.3849
0.3828
0.3628
0.365
0.3877
0.391
0.3897
0.468
0.411
0.3922
0.3842
0.3576
0.403
0.3821
0.3844
0.5895
0.625
0.499
0.5413
0.5341
0.5027
0.562
0.5174
0.5298
0.4937
0.5251
0.4555
0.4212
0.4644
0.5205
0.5534
0.4717
0.4405
0.4994
0.4334
0.3828
0.3929
0.4078
0.4043
0.4177
0.4171
0.3944
0.4201
0.4062
0.411
0.409
0.4005
0.4078
0.4295
0.404
0.4282
0.381
0.4164
0.4048
0.4158
0.4069
0.3885
0.4086
0.4084
0.4122
0.415
0.3984
0.3942
0.4102
0.3909
0.4258
0.4138
0.3956
0.3775
0.4034
0.5848
0.6484
0.4444
0.385
0.6154
0.4133
0.5999
0.4349
0.3975
0.4218
0.4089
0.3876
0.4018
0.4211
0.4233
0.3757
0.4194
0.4057
0.3961
0.3853
0.4098
0.3786
0.4088
0.4047
0.4096
0.3666
0.4213
0.4089
0.3896
0.4054
0.4088
0.4022
0.4224
0.429
0.4123
0.3938
0.4244
0.397
0.4282
0.4018
0.407
0.3754
0.4668
0.4146
0.5222
0.4296
0.4201
0.4215
0.4277
0.4186
0.4383
0.4392
0.4699
0.4646
0.448
0.3837
0.4116
0.3852
0.3751
0.4294
0.3864
0.3803
0.3784
0.3914
0.3763
0.4018
0.3898
0.4121
0.429
0.4015
0.4228
0.3789
0.3885
0.398
0.4393
0.4385
0.419
0.4259
0.394
0.4075
0.4394
0.415
0.4397
0.4006
0.4855
0.4055
0.4763
0.4336
0.3897
0.405
0.4284
0.345
0.3946
0.3904
0.3844
0.418
0.4054
0.3896
0.3833
0.3993
0.3662
0.3719
0.3988
0.4139
0.3993
0.4207
0.404
0.4183
0.5286
0.4395
0.4241
0.4726
0.4139
0.4159
0.3745
0.3933
0.4167
0.4154
0.3702
0.3935
0.4033
0.3706
0.4558
0.4119
0.5121
0.4055
0.4214
0.3873
0.4377
0.4397

---------------------------------------
CodechalDecodeHevcG12::DecodeStateLevel
---------------------------------------
0.5752
9.948
8.6878
10.384
11.6929
8.982
0.3208
10.992
0.1775
0.1522
0.1786
0.1553
0.2725
0.181
0.2155
0.1628
0.1915
0.165
0.2221
0.2397
0.1988
0.1604
0.2111
0.1876
0.2012
0.1586
0.243
0.1709
0.2093
0.1617
0.2207
0.1626
0.2267
0.1716
0.2064
0.163
0.2249
0.1704
0.1888
0.185
0.2136
0.165
0.2068
0.1609
0.2209
0.1812
0.2288
0.1648
0.1705
0.1239
0.1545
0.1238
0.142
0.1278
0.1519
0.1338
0.1517
0.1206
0.1543
0.1338
0.1562
0.1328
0.1434
0.1186
0.1467
0.1156
0.1671
0.1085
0.1596
0.1344
0.1428
0.1178
0.1538
0.1331
0.1557
0.1355
0.1463
0.1172
0.1483
0.1252
0.1525
0.1357
0.1587
0.1323
0.1422
0.117
0.154
0.1422
0.1433
0.1199
0.1528
0.1236
0.1434
0.1285
0.1697
0.1255
0.1441
0.1182
0.1547
0.1347
0.144
0.1155
0.1536
0.1269
0.1403
0.1248
0.1508
0.1359
0.1515
0.1205
0.1517
0.1345
0.1504
0.14
0.1425
0.1183
0.1507
0.1223
0.1593
0.1324
0.1427
0.117
0.1509
0.1249
0.1538
0.1314
0.1537
0.1193
0.1496
0.1331
0.1445
0.1175
0.1547
0.1168
0.14
0.1216
0.1528
0.1377
0.1425
0.1283
0.1511
0.1436
0.1525
0.1205
0.1559
0.1368
0.1423
0.1264
0.1538
0.1258
0.15
0.1213
0.1493
0.126
0.1516
0.1199
0.1529
0.1293
0.1506
0.1312
0.1506
0.1213
0.1514
0.129
0.1518
0.1279
0.1564
0.1222
0.1471
0.1169
0.152
0.1275
0.1547
0.1303
0.1433
0.1233
0.1554
0.1249
0.1415
0.1262
0.1528
0.1365
0.1499
0.1213
0.1494
0.1249
0.1536
0.1277
0.1515
0.1237
0.155
0.131
0.1529
0.1327
0.1608
0.1231
0.1432
0.1153
0.1552
0.1159
0.144
0.1267
0.1564
0.1249
0.1513
0.1297
0.1609
0.1238
0.1494
0.1207
0.1515
0.152
0.1498
0.1267
0.1527
0.1198
0.1536
0.1309
0.151
0.1293
0.1499
0.1209
0.1517
0.1328
0.1541
0.132
0.1535
0.1202
0.1505
0.1328
0.1446
0.1169
0.1523
0.1323
0.146
0.1279
0.1502
0.1398
0.1429
0.1173
0.1509
0.1242
0.1504
0.1314
0.1514
0.12
0.1545
0.1318
0.1415
0.1214
0.1571
0.1196
0.1491
0.121
0.1512
0.1289
0.1617
0.1199
0.1521
0.1311
0.1482
0.1297
0.1554
0.1197
0.1405
0.1107
0.1516
0.132
0.1562
0.1217
0.1427
0.127
0.1529
0.1354
0.1502
0.1207
0.1521
0.1317
0.1429
0.1239
0.1569
0.1211
0.1515
0.1213
0.1508
0.1296
0.1531
0.1203
0.1511
0.1329
0.1516
0.1297
0.1506
0.1196
0.1549
0.1318
0.1581
0.1189
0.1576
0.1302
0.1594
0.132
0.1553
0.1263
0.1504
0.1188
0.1561
0.1328
0.151
0.1234
0.152
0.1208
0.1541
0.1342
0.1526
0.129
0.176
0.1199
0.1524
0.13
0.161
0.1217
0.1599
0.1203
0.155
0.1365
0.1419
0.1246
0.1543
0.123
0.1486
0.1185
0.1516
0.1294
0.1503
0.12
0.152
0.1307
0.1594
0.1294
0.1567
0.1251
0.1427
0.1289
0.1509
0.1381
0.1523
0.12
0.1547
0.1315
0.1459
0.1218
0.1794
0.1327
0.2021
0.1339
0.1632
0.1351
0.148
0.1262
0.187
0.1222
0.1574
0.1357
0.1537
0.1277
0.1752
0.1192
0.1402
0.1239
0.1445
0.1279
0.1573
0.1348
0.1546
0.1192
0.1598
0.1248
0.143
0.1254
0.1577
0.1227
0.1631
0.1347
0.1684
0.1204
0.148
0.1178
0.2519
0.1295
0.1547
0.1297
0.1537
0.1248
0.1781
0.122
0.1404
0.1232
0.2078
0.1855
0.2361
0.1917
0.1488
0.124
0.1615
0.1252
0.1433
0.1258
0.1502
0.1293
0.1822
0.1341
0.1595
0.1207
0.2185
0.1266
0.1665
0.1244
0.148
0.1181
0.1582
0.1395
0.148
0.1269
0.161
0.1386
0.1633
0.1237
0.1536
0.1314
0.2035
0.1247
0.2097
0.1807
0.1527
0.1303
0.2163
4.0624
0.1585
0.1345
3.9203
0.1613
0.1869
0.1393
0.1762
0.1324
0.1838
0.1434
0.1541
0.1226
0.2027
0.1256
0.1644
0.1345
0.17
0.1337
0.1573
0.13
0.1757
0.1315
0.1496
0.1182
0.1803
0.1405
0.1643
0.1398
0.1419
0.1149
0.1594
0.1227
0.1514
0.1243
0.157
0.123
0.1682
0.1208
0.1528
0.12
0.1587
0.1356
0.168
0.1412
0.1563
0.1317
0.1466
0.1173
0.1412
0.1286
0.1455
0.1276
0.1579
0.1357
0.1509
0.1294
0.1502
0.1255
0.1436
0.1251
0.1554
0.1202
0.1574
0.1221
0.1413
0.1179
0.1404
0.1251
0.1574
0.1397
0.1478
0.1302
0.1427
0.1173
0.1622
0.1391
0.1744
0.1246
0.1642
0.131
0.1516
0.1252
0.1667
0.1311
0.163
0.1452
0.1449
0.116
0.1632
0.1239
0.1494
0.1166
0.161
0.1275
0.1487
0.1271
0.1622
0.1238
0.1639
0.1304
0.1725
0.1321
0.1727
0.1246
0.1614
0.1315
0.1621
0.1234
0.1574
0.1338
0.1744
0.1418
0.1638
0.127
0.1569
0.1378
0.1607
0.137
0.1604
0.1234
0.1371
0.129
0.1491
0.1261
0.1645
0.1541
0.1542
0.1245
0.1653
0.1404
0.1473
0.1185
0.1553
0.1238
0.1471
0.123
0.1576
0.1337
0.1621
0.1295
0.1462
0.1177
0.159
0.1221
0.1499
0.1214
0.2008
0.1245
0.1619
0.1269
0.1533
0.13
0.1549
0.1321
0.1629
0.1302
0.1553
0.1347
0.1819
0.1224
0.1694
0.1197
0.1633
0.1263
0.1664
0.1228
0.1438
0.1185
0.1539
0.1331
0.1498
0.1184
0.1533
0.1261
0.143
0.1266
0.1516
0.1248
0.1426
0.1176
0.1519
0.1262
0.2206
0.1289
0.1612
0.1273
0.1607
0.1237
0.1466
0.1322
0.1665
0.1242
0.1454
0.1166
0.1524
0.1337
0.156
0.1284
0.1439
0.1172
0.1964
0.123
0.204
0.1245
0.2165
0.1268
0.173
0.1325
0.1622
0.1226
0.1581
0.124
0.1608
0.124
0.1568
0.122
0.16
0.123
0.1664
0.1217
0.1467
0.118
0.1381
0.1108
0.1632
0.1271
0.1558
0.1269
0.1608
0.1248
0.1527
0.118
0.1537
0.1249
0.1896
0.1242
0.1588
0.1239
0.1436
0.1154
0.1444
0.123
0.1636
0.125
0.15
0.1179
0.1546
0.1245
0.1598
0.1254
0.1627
0.1231
0.155
0.122
0.1606
0.127
0.1621
0.1232
0.1604
0.1225
0.161
0.122
0.1685
0.1227
0.1626
0.1207
0.1568
0.1234
0.16
0.1244
0.1539
0.1212
0.1943
0.1515
0.1615
0.124
0.1598
0.126
0.1625
0.1229
0.1529
0.1211
0.1607
0.1222
0.1538
0.1223
0.1567
0.1205
0.138
0.1099
0.1542
0.1279
0.1496
0.1197
0.159
0.1267
0.1442
0.1257
0.155
0.1284
0.1565
0.1227
0.1608
0.1256
0.1591
0.1225
0.1523
0.1221
0.1664
0.1209
0.2234
0.1272
0.1601
0.1341
0.1659
0.1369
0.1551
0.1291
0.1472
0.1185
0.1526
0.1232
0.1537
0.1345
0.1504
0.1291
0.1522
0.1287
0.1484
0.1176
0.1536
0.123
0.1488
0.1188
0.1455
0.1167
0.1712
0.1234
0.1557
0.1231
0.1656
0.1249
0.1662
0.1299
0.1425
0.1194
0.151
0.132
0.166
0.1233
0.1413
0.1152
0.1516
0.1221
0.1385
0.1103
0.1412
0.119
0.1468
0.1252
0.1418
0.1157
0.1455
0.1232
0.1449
0.1235
0.1358
0.1151
0.1356
0.12
0.1443
0.124
0.1468
0.1181
0.1435
0.1233
0.1847
0.1453
0.1654
0.1221
0.1473
0.1297
0.148
0.1221
0.1373
0.1159
0.1504
0.126
0.1512
0.1191
0.1505
0.1167
0.2326
0.164
0.2941
0.1645
0.1886
0.1612
0.2088
0.1695
0.2065
0.1652
0.1921
0.1583
0.2075
0.1725
0.1948
0.1639
0.2133
0.162
0.1878
0.1677
0.2032
0.1682
0.1807
0.1236
0.151
0.142
0.1917
0.1238
0.2159
0.159
0.2078
0.1835
0.1895
0.1316
0.1799
0.1253
0.2131
0.1277
0.1639
0.1323
0.1436
0.1235
0.1476
0.1217
0.1513
0.1334
0.1483
0.1341
0.158
0.1281
0.1634
0.1246
0.1441
0.128
0.1641
0.1249
0.1579
0.1236
0.1547
0.1306
0.1545
0.1291
0.157
0.1166
0.1499
0.1332
0.1624
0.1233
0.1529
0.1269
0.158
0.1361
0.1413
0.1255
0.1601
0.1274
0.1512
0.1313
0.1559
0.1268
0.1535
0.1233
0.1436
0.1289
0.1539
0.1325
0.1544
0.1217
0.1529
0.1347
0.1628
0.1227
0.1527
0.1208
0.1591
0.1161
0.1537
0.1302
0.151
0.1198
0.1666
0.1316
0.1628
0.1228
0.1418
0.1319
0.149
0.1168
0.1532
0.1255
0.2202
0.192
0.2471
0.2046
0.161
0.1496
0.1429
0.1294
0.2352
0.1908
0.1536
0.137
0.228
0.1954
0.1639
0.1371
0.1449
0.1276
0.1533
0.1334
0.1528
0.1348
0.1449
0.1266
0.1525
0.1215
0.1566
0.1412
0.1631
0.133
0.1429
0.1181
0.1565
0.1358
0.1523
0.1295
0.1502
0.12
0.1437
0.1276
0.1522
0.1312
0.1431
0.1173
0.1518
0.1237
0.1532
0.1286
0.1557
0.1205
0.1391
0.1103
0.1646
0.1249
0.1567
0.1243
0.145
0.1278
0.1519
0.1312
0.1555
0.1215
0.1488
0.1323
0.1653
0.1277
0.1626
0.1324
0.1603
0.1258
0.151
0.1223
0.1591
0.1356
0.1508
0.1196
0.1667
0.1306
0.1494
0.1318
0.1538
0.1297
0.1446
0.1177
0.1742
0.1349
0.1503
0.1241
0.2166
0.131
0.1643
0.1234
0.1587
0.1221
0.1581
0.1355
0.1606
0.1356
0.157
0.1292
0.1653
0.1308
0.1633
0.1234
0.1832
0.1349
0.1831
0.1365
0.1716
0.1303
0.139
0.1261
0.1532
0.1328
0.1392
0.1273
0.1388
0.1216
0.1584
0.1306
0.1456
0.1189
0.1461
0.1228
0.1405
0.1216
0.1532
0.124
0.1374
0.1211
0.1508
0.1336
0.1437
0.1236
0.1543
0.1353
0.163
0.1316
0.1543
0.1193
0.1661
0.13
0.1416
0.1154
0.151
0.1198
0.1492
0.1294
0.1644
0.1332
0.1643
0.1301
0.1617
0.1212
0.1665
0.1262
0.1468
0.1173
0.1583
0.1252
0.1656
0.1297
0.1535
0.1301
0.164
0.1414
0.1494
0.1242
0.1973
0.128
0.1533
0.1244
0.1856
0.1343
0.1645
0.1246
0.1447
0.1277
0.1535
0.128
0.16
0.1368
0.1313
0.107
0.1488
0.1295
0.1461
0.1281
0.146
0.1199
0.1574
0.1343
0.1508
0.1298
0.158
0.1157
0.1443
0.1186
0.1519
0.1194
0.14
0.1173
0.1403
0.1226
0.1508
0.1297
0.1532
0.1335
0.1533
0.124
0.1545
0.1316
0.1509
0.1225
0.1659
0.1245
0.2144
0.1298
0.1741
0.1278
0.1633
0.132
0.1887
0.1315
0.158
0.1249
0.1635
0.1269
0.1431
0.1183
0.1513
0.1209
0.1594
0.1279
0.1706
0.1216
0.1426
0.1175
0.1536
0.122
0.1571
0.1214
0.1399
0.122
0.1763
0.1352
0.1606
0.1232
0.2117
0.1338
0.1539
0.1232
0.159
0.1298
0.1476
0.1187
0.1721
0.133
0.1721
0.1228

-------------------------------------
CodechalDecodeHevcG12::SetFrameStates
-------------------------------------
0.8057
6.6397
0.5812
8.9078
0.1038
0.0772
0.1436
0.0913
0.0366
0.0383
0.0357
0.0378
0.0327
0.0362
0.0379
0.0367
0.0362
0.0356
0.0395
0.0337
0.0351
0.0349
0.0365
0.0354
0.0373
0.0348
0.0326
0.033
0.0396
0.0349
0.0343
0.0354
0.0349
0.0235
0.0349
0.0328
0.0328
0.0354
0.0317
0.0364
0.0348
0.0349
0.0357
0.0351
0.0326
0.0346
0.0369
0.0347
0.0327
0.0324
0.0341
0.0342
0.0324
0.0344
0.044
0.0325
0.0342
0.0315
0.0361
0.0347
0.0317
0.0326
0.0337
0.0396
0.0338
0.0331
0.0269
0.0323
0.0344
0.0323
0.0338
0.0345
0.0352
0.0324
0.0367
0.0339
0.0334
0.0342
0.0336
0.033
0.0344
0.0329
0.0345
0.0402
0.0336
0.0359
0.0347
0.0312
0.0339
0.0317
0.0332
0.0345
0.0338
0.0334
0.0457
0.0336
0.0342
0.0389
0.0332
0.0276
0.0321
0.0342
0.0345
0.0339
0.034
0.034
0.0336
0.0408
0.0347
0.034
0.0373
0.0331
0.0396
0.0339
0.034
0.0331
0.0338
0.0321
0.0372
0.0353
0.0343
0.0335
0.0385
0.035
0.0318
0.0346
0.0326
0.0331
0.0383
0.034
0.0334
0.0354
0.0232
0.0343
0.035
0.0316
0.0361
0.0394
0.0337
0.032
0.0329
0.0358
0.0334
0.0389
0.0334
0.0341
0.0393
0.0347
0.0363
0.0401
0.0347
0.0346
0.0346
0.0348
0.0349
0.0349
0.0343
0.0337
0.0387
0.0335
0.0345
0.0344
0.0357
0.0319
0.0347
0.0244
0.0339
0.0339
0.0336
0.0334
0.0394
0.0311
0.0337
0.0385
0.0344
0.0338
0.0436
0.0447
0.039
0.0339
0.0382
0.0354
0.0351
0.0383
0.0315
0.0317
0.0363
0.0324
0.0358
0.032
0.0354
0.0401
0.0375
0.0387
0.052
0.0365
0.0343
0.0421
0.0219
0.0455
0.0568
0.0356
0.0349
0.0322
0.0332
0.0433
0.0353
0.0452
0.0385
0.038
0.0353
0.0428
0.0371
0.0483
0.0336
0.0527
0.0481
0.0373
0.04
0.0382
0.039
4.8333
0.0407
0.0423
0.0362
0.0502
0.0387
0.0413
0.0444
0.0369
0.0329
0.0319
0.0395
0.0327
0.0355
0.0333
0.0348
0.0383
0.0363
0.0359
0.0368
0.0347
0.0384
0.0325
0.0328
0.0365
0.0342
0.0324
0.0327
0.0361
0.0352
0.033
0.0322
0.0346
0.034
0.032
0.0373
0.0458
0.0393
0.0349
0.0396
0.0422
0.0353
0.04
0.0254
0.0367
0.0321
0.0353
0.0374
0.0515
0.0414
0.0329
0.0352
0.0372
0.0419
0.0496
0.0347
0.037
0.0338
0.034
0.032
0.0355
0.0336
0.0355
0.0321
0.0362
0.0315
0.0352
0.0384
0.0345
0.0404
0.0376
0.0441
0.0357
0.0345
0.0342
0.0386
0.0276
0.0416
0.0351
0.0367
0.0356
0.0319
0.0339
0.033
0.0345
0.0319
0.0341
0.0322
0.0347
0.0456
0.0378
0.0367
0.0323
0.0384
0.0329
0.0374
0.0359
0.0323
0.0345
0.0416
0.0451
0.0389
0.0356
0.0363
0.0353
0.0349
0.0351
0.0343
0.0336
0.0232
0.0355
0.0337
0.0368
0.0339
0.0343
0.0322
0.0349
0.0309
0.032
0.0357
0.0322
0.0345
0.034
0.0352
0.0341
0.0375
0.036
0.036
0.0355
0.0344
0.0339
0.0346
0.0343
0.0347
0.0346
0.0345
0.0345
0.0344
0.0344
0.0349
0.0344
0.0409
0.0229
0.0353
0.0337
0.0346
0.0323
0.0347
0.0341
0.0338
0.0342
0.0336
0.037
0.043
0.0361
0.0355
0.0349
0.0325
0.034
0.0337
0.0334
0.033
0.032
0.0339
0.0338
0.0348
0.0358
0.0349
0.036
0.0351
0.0317
0.0339
0.0341
0.032
0.0348
0.0257
0.0315
0.0322
0.0308
0.0338
0.0319
0.0303
0.0303
0.032
0.0316
0.0316
0.0503
0.0357
0.0321
0.0323
0.0303
0.0351
0.0326
0.0325
0.0568
0.0497
0.0421
0.045
0.0442
0.0466
0.0498
0.0425
0.0457
0.0392
0.0419
0.0417
0.0361
0.0383
0.0326
0.0559
0.0372
0.0356
0.0472
0.0375
0.0326
0.033
0.0331
0.0323
0.0344
0.0352
0.0321
0.0357
0.0345
0.0342
0.0333
0.0346
0.0336
0.0476
0.0337
0.035
0.0321
0.036
0.0334
0.0341
0.0355
0.032
0.0332
0.0401
0.0338
0.0348
0.034
0.0248
0.0341
0.0362
0.0351
0.0396
0.0316
0.0318
0.0363
0.0447
0.0537
0.038
0.0327
0.053
0.0336
0.0483
0.0376
0.034
0.0378
0.0344
0.0318
0.0354
0.034
0.035
0.0321
0.0348
0.0344
0.0384
0.0311
0.0345
0.0362
0.0322
0.0341
0.0356
0.0222
0.0348
0.0345
0.0326
0.0326
0.039
0.034
0.0345
0.0351
0.035
0.0332
0.036
0.0339
0.0353
0.0331
0.034
0.0333
0.0413
0.0423
0.0451
0.0371
0.0348
0.0358
0.0352
0.0356
0.0425
0.0396
0.0407
0.0388
0.0428
0.0351
0.0328
0.0345
0.0233
0.0354
0.0328
0.0321
0.0336
0.0325
0.0345
0.0318
0.0335
0.0353
0.0363
0.0362
0.0365
0.044
0.0322
0.0336
0.04
0.0388
0.0348
0.0361
0.0324
0.0356
0.04
0.0381
0.0375
0.0358
0.0475
0.0384
0.043
0.0383
0.0327
0.0337
0.0368
0.022
0.0326
0.0327
0.0372
0.0357
0.0338
0.0346
0.0323
0.0342
0.0316
0.031
0.0324
0.0334
0.0344
0.0346
0.033
0.0372
0.0481
0.0395
0.0361
0.0438
0.0368
0.0364
0.0322
0.0343
0.041
0.0345
0.0321
0.0341
0.0352
0.031
0.0375
0.0342
0.0351
0.0403
0.0362
0.0321
0.0365
0.0476

--------------------------
CreateVideoDecoder_D3D11_1
--------------------------
21.4861

---------------------------
DestroyVideoDecoder_D3D11_1
---------------------------
0

----------------
First Frame Time
----------------
80.3591

--------------------------------------
VideoDecoderBeginFrame_WDDM2_4_D3D11_1
--------------------------------------
0.0064
0.0036
0.0025
0.0038
0.0039
0.0021
0.0051
0.0026
0.002
0.0026
0.0018
0.0021
0.0018
0.0033
0.002
0.0021
0.0018
0.0018
0.0017
0.0033
0.0023
0.0018
0.0021
0.0021
0.002
0.0018
0.0018
0.0018
0.0028
0.0019
0.0017
0.0017
0.0025
0.0026
0.0019
0.0018
0.0019
0.0019
0.0019
0.0016
0.0019
0.002
0.0031
0.0019
0.0018
0.0019
0.0018
0.0017
0.0018
0.0017
0.0021
0.002
0.0021
0.002
0.0019
0.0018
0.0022
0.0018
0.0019
0.0017
0.002
0.0019
0.0018
0.003
0.0016
0.0023
0.0022
0.0019
0.0016
0.0017
0.0017
0.002
0.0018
0.0022
0.0019
0.0018
0.0017
0.0023
0.0019
0.0018
0.0019
0.0018
0.002
0.002
0.0027
0.0016
0.0017
0.0021
0.0016
0.0017
0.0018
0.0019
0.002
0.0017
0.0054
0.0018
0.0021
0.0017
0.0019
0.0026
0.0024
0.0016
0.0018
0.0019
0.0017
0.0017
0.0018
0.0021
0.002
0.002
0.0018
0.0019
0.002
0.0019
0.0018
0.002
0.0016
0.0019
0.0017
0.0019
0.0016
0.0017
0.0019
0.0017
0.002
0.0018
0.0017
0.0018
0.002
0.0019
0.0021
0.002
0.0019
0.0017
0.0027
0.0021
0.002
0.0018
0.0016
0.0022
0.0018
0.0033
0.0019
0.0021
0.0017
0.0018
0.0018
0.0019
0.0024
0.0018
0.0018
0.0021
0.0017
0.0019
0.0019
0.0017
0.0018
0.0018
0.0018
0.0021
0.0022
0.0019
0.0019
0.002
0.0017
0.0018
0.0022
0.0023
0.0017
0.0018
0.0019
0.002
0.0019
0.0018
0.0018
0.0021
0.0033
0.0033
0.0023
0.002
0.002
0.0022
0.0021
0.0025
0.0017
0.0019
0.0021
0.0016
0.0018
0.0017
0.0018
0.0031
0.0027
0.0023
0.0032
0.0021
0.002
0.0032
0.0018
0.0025
0.0032
0.0022
0.0018
0.002
0.0018
0.0028
0.0022
0.0032
0.0023
0.0024
0.0021
0.0074
0.002
0.0025
0.0019
0.0043
0.0032
0.0023
0.0031
0.0034
0.0021
0.0026
0.0026
0.0031
0.0024
0.0025
0.0022
0.0029
0.0024
0.0025
0.0017
0.0019
0.002
0.0021
0.0019
0.0017
0.0017
0.0017
0.0018
0.0018
0.002
0.0019
0.0019
0.0017
0.0018
0.0016
0.002
0.0018
0.0019
0.0023
0.0021
0.0017
0.0019
0.0017
0.0018
0.0017
0.0017
0.0031
0.0027
0.0021
0.0029
0.0022
0.0018
0.003
0.0023
0.0019
0.0017
0.0043
0.0019
0.003
0.0023
0.0018
0.0019
0.0017
0.003
0.0022
0.0021
0.0019
0.002
0.0018
0.0018
0.0017
0.0021
0.0018
0.0018
0.0016
0.0017
0.0016
0.0027
0.002
0.0031
0.0021
0.0038
0.0021
0.0018
0.0017
0.0029
0.0025
0.0031
0.0021
0.0019
0.0019
0.002
0.0018
0.002
0.0018
0.0019
0.0019
0.0018
0.0019
0.0037
0.0021
0.0021
0.0017
0.0019
0.0019
0.0132
0.002
0.0023
0.002
0.0029
0.0034
0.0024
0.002
0.0021
0.0022
0.002
0.0019
0.0021
0.0025
0.0024
0.0021
0.0017
0.002
0.0031
0.002
0.0017
0.0018
0.0019
0.0016
0.0017
0.002
0.0016
0.0016
0.002
0.0018
0.0024
0.0019
0.0017
0.002
0.0017
0.0019
0.0018
0.0018
0.0019
0.0018
0.0017
0.0026
0.002
0.002
0.0017
0.0017
0.0023
0.0021
0.0016
0.0018
0.0019
0.0017
0.0019
0.0018
0.0017
0.0018
0.0019
0.0027
0.0033
0.0019
0.0018
0.0017
0.002
0.0021
0.0028
0.0018
0.0017
0.0016
0.0017
0.0025
0.0025
0.0022
0.0021
0.0019
0.0018
0.0019
0.0017
0.0016
0.0024
0.0022
0.0022
0.0017
0.0017
0.0016
0.0018
0.0018
0.0016
0.0015
0.0016
0.0016
0.0017
0.0017
0.0016
0.0016
0.0017
0.0017
0.0025
0.002
0.002
0.0035
0.0025
0.0022
0.0023
0.0022
0.0026
0.0025
0.0021
0.0021
0.0019
0.0023
0.0032
0.0025
0.0021
0.0032
0.0022
0.0023
0.0026
0.0023
0.0022
0.0018
0.0018
0.0019
0.0017
0.002
0.0019
0.0017
0.0019
0.0018
0.0019
0.0018
0.0026
0.0017
0.0018
0.0019
0.0019
0.0018
0.0018
0.0017
0.0017
0.0019
0.0018
0.0019
0.0021
0.002
0.0019
0.0016
0.0023
0.0017
0.0017
0.0017
0.0017
0.0017
0.0018
0.0016
0.0024
0.0028
0.0023
0.0018
0.0111
0.002
0.0023
0.0021
0.0022
0.0019
0.0018
0.0018
0.0016
0.0017
0.0019
0.0018
0.0016
0.0019
0.0017
0.0017
0.0018
0.0017
0.0051
0.0021
0.0019
0.0019
0.0019
0.0019
0.0016
0.0016
0.0019
0.002
0.002
0.0022
0.0019
0.0018
0.0016
0.002
0.0017
0.0018
0.0017
0.0017
0.0029
0.0046
0.0032
0.0022
0.002
0.0017
0.0019
0.0021
0.0028
0.002
0.0033
0.0025
0.0024
0.002
0.0018
0.0023
0.002
0.002
0.0016
0.0016
0.0017
0.0015
0.0019
0.0015
0.0022
0.0016
0.0021
0.0023
0.0023
0.0017
0.0018
0.0017
0.0034
0.0021
0.002
0.0019
0.0019
0.0017
0.0029
0.0021
0.0022
0.0018
0.003
0.002
0.0033
0.0023
0.0021
0.0018
0.0019
0.0021
0.0015
0.0018
0.0026
0.0016
0.0019
0.0018
0.0016
0.0022
0.0016
0.0017
0.0016
0.0016
0.0017
0.0018
0.0017
0.0017
0.0037
0.0021
0.0018
0.0034
0.0021
0.002
0.0018
0.002
0.0017
0.0033
0.0019
0.0017
0.0019
0.0016
0.0031
0.0018
0.0034
0.0021
0.0027
0.0018
0.0022
0.0018

----------------------------
VideoDecoderEndFrame_D3D11_1
----------------------------
0.038
0.0745
0.0644
0.0706
0.0616
0.0585
0.0679
0.0621
0.06
0.069
0.0571
0.0632
0.0611
0.0638
0.0635
0.0634
0.0638
0.0627
0.0621
0.0585
0.0674
0.0605
0.0602
0.0636
0.0606
0.0775
0.0639
0.0598
0.0599
0.0686
0.0622
0.0588
0.0647
0.0677
0.0585
0.0643
0.0663
0.0576
0.0596
0.0696
0.0677
0.0618
0.0616
0.0695
0.0588
0.0588
0.0637
0.0591
0.0623
0.0664
0.0577
0.0612
0.0599
0.0591
0.0607
0.0676
0.0571
0.0571
0.0674
0.0586
0.0556
0.0649
0.0642
0.0698
0.0675
0.0571
0.0706
0.0591
0.0637
0.0605
0.0587
0.0586
0.0693
0.0593
0.0585
0.0658
0.0632
0.06
0.0678
0.0611
0.0596
0.0683
0.0605
0.0644
0.0553
0.0619
0.0607
0.0595
0.0583
0.0657
0.0583
0.059
0.065
0.0595
0.063
0.0699
0.0594
0.0599
0.0651
0.0649
0.0577
0.0655
0.0673
0.0586
0.0637
0.0668
0.0619
0.0616
0.0653
0.0577
0.0619
0.0692
0.0618
0.0626
0.0655
0.0575
0.0601
0.0592
0.0587
0.0604
0.0656
0.0605
0.0604
0.0684
0.058
0.0586
0.0718
0.0632
0.0602
0.0705
0.0593
0.0666
0.0595
0.0612
0.0655
0.0599
0.0605
0.0628
0.0631
0.0553
0.059
0.0642
0.0603
0.063
0.0649
0.061
0.0595
0.063
0.0607
0.0634
0.0602
0.06
0.0613
0.0616
0.0587
0.0687
0.0589
0.0598
0.0597
0.0625
0.0586
0.0679
0.0623
0.0594
0.0575
0.061
0.0614
0.0639
0.0608
0.0585
0.06
0.0605
0.0602
0.0607
0.0614
0.0579
0.0628
0.0626
0.0603
0.061
0.058
0.0584
0.062
0.0572
0.056
0.0584
0.0653
0.059
0.0595
0.0612
0.0628
0.0649
0.0594
0.0676
0.0662
0.0725
0.0618
0.0585
0.0567
0.0744
0.0815
0.0574
0.0626
0.0695
0.0701
0.0576
0.0995
0.057
0.0668
0.0561
0.0625
0.0595
0.0622
0.0596
0.0546
0.0611
0.0744
0.0682
0.0629
0.0572
0.0937
0.0578
0.0792
0.1101
0.0557
0.0624
0.0603
0.0645
0.0564
0.055
0.0613
0.0657
0.0675
0.0567
0.0656
0.054
0.0585
0.0542
0.0616
0.0687
0.0592
0.0699
0.0524
0.053
0.0597
0.0599
0.0553
0.0525
0.0553
0.0576
0.0569
0.0574
0.0589
0.0548
0.055
0.0581
0.0562
0.0709
0.0603
0.0552
0.0628
0.0569
0.0549
0.0601
0.0597
0.0603
0.0575
0.0618
0.0564
0.0655
0.0611
0.0571
0.0663
0.061
0.0629
0.0619
0.063
0.0553
0.0656
0.0581
0.0588
0.0564
0.0629
0.0572
0.057
0.0588
0.0547
0.0617
0.0561
0.0566
0.0602
0.0581
0.0585
0.0576
0.0605
0.0628
0.0672
0.0555
0.0578
0.0608
0.0608
0.0599
0.0595
0.0587
0.0609
0.0623
0.0579
0.0631
0.0599
0.0632
0.0688
0.063
0.0652
0.0658
0.061
0.0557
0.0652
0.0621
0.0556
0.0619
0.0577
0.0653
0.0637
0.0628
0.0605
0.062
0.0611
0.0633
0.0585
0.0664
0.0603
0.0601
0.0587
0.0613
0.058
0.0592
0.0604
0.0608
0.0567
0.0579
0.0592
0.0554
0.0655
0.058
0.0601
0.0591
0.0684
0.0615
0.0616
0.0614
0.0637
0.0589
0.0621
0.0615
0.061
0.0583
0.0631
0.0613
0.0604
0.0574
0.0623
0.0586
0.0614
0.059
0.0694
0.0582
0.0618
0.0598
0.0599
0.0618
0.0585
0.061
0.0621
0.0622
0.063
0.0599
0.0594
0.0593
0.0579
0.0619
0.0684
0.0617
0.0631
0.0606
0.0607
0.0587
0.0601
0.0616
0.064
0.0611
0.0594
0.0601
0.0613
0.0554
0.0552
0.0582
0.0554
0.0552
0.0588
0.0551
0.0627
0.0568
0.0546
0.0551
0.0582
0.0555
0.0581
0.0597
0.0604
0.0585
0.06
0.0568
0.0597
0.0553
0.0555
0.0829
0.0753
0.0773
0.0838
0.0821
0.0809
0.079
0.0819
0.0779
0.0759
0.0778
0.0595
0.058
0.0582
0.0762
0.0772
0.0627
0.0585
0.0653
0.0601
0.0566
0.0539
0.064
0.0639
0.0595
0.0609
0.0594
0.0595
0.0611
0.0595
0.0609
0.0607
0.0699
0.0595
0.0633
0.062
0.0558
0.0621
0.0659
0.058
0.0627
0.059
0.06
0.0607
0.0651
0.0646
0.0665
0.0668
0.0585
0.0606
0.0585
0.0589
0.0619
0.0585
0.0787
0.0867
0.0795
0.0644
0.0598
0.0928
0.0651
0.08
0.0634
0.0619
0.0643
0.0632
0.0575
0.0605
0.0616
0.0629
0.0561
0.0589
0.0687
0.0618
0.0602
0.0595
0.0568
0.0608
0.0611
0.0617
0.0616
0.0584
0.0609
0.0608
0.0583
0.0621
0.0611
0.061
0.0618
0.0597
0.0633
0.0603
0.0701
0.061
0.0646
0.0596
0.0571
0.0624
0.0924
0.0576
0.0641
0.0559
0.0627
0.0553
0.0722
0.0593
0.091
0.0558
0.0638
0.0575
0.058
0.0652
0.0587
0.0584
0.0616
0.0559
0.0555
0.0539
0.0565
0.0607
0.0604
0.0596
0.0554
0.0572
0.0562
0.0537
0.0525
0.0597
0.064
0.0654
0.0549
0.0563
0.0563
0.054
0.0556
0.0628
0.0561
0.0593
0.0553
0.069
0.0607
0.068
0.0632
0.0603
0.0638
0.0608
0.0544
0.0635
0.0531
0.053
0.0605
0.0579
0.0579
0.0571
0.054
0.0539
0.0526
0.0544
0.0629
0.054
0.0562
0.0561
0.0544
0.0619
0.0639
0.0844
0.0607
0.0605
0.0592
0.0604
0.0603
0.0725
0.0594
0.0604
0.061
0.06
0.0583
0.055
0.0691
0.0603
0.0569
0.0627
0.0645
0.0546
0.0581

---------------------------------
VideoDecoderSubmitBuffers_D3D11_1
---------------------------------
11.7257
25.8901
21.4316
20.4183
0.6025
0.5746
0.8068
0.626
0.5103
0.641
0.5158
0.5742
0.5117
0.587
0.5593
0.5476
0.573
0.5347
0.5725
0.5315
0.5508
0.5337
0.5666
0.5834
0.4352
0.4182
0.3972
0.4235
0.4158
0.4268
0.4281
0.3919
0.4023
0.4066
0.4303
0.3889
0.4221
0.4384
0.3908
0.4092
0.4295
0.4292
0.3931
0.4388
0.396
0.4171
0.4104
0.4409
0.3885
0.4223
0.3989
0.4244
0.3901
0.4242
0.4235
0.4165
0.4281
0.3919
0.4215
0.4306
0.3895
0.4249
0.4189
0.4162
0.4185
0.4035
0.421
0.3874
0.4318
0.3991
0.4399
0.413
0.4329
0.3964
0.417
0.4123
0.4096
0.413
0.416
0.4151
0.4135
0.4145
0.4143
0.4261
0.4138
0.4192
0.4235
0.3905
0.4157
0.3952
0.4261
0.4109
0.4152
0.4209
0.4279
0.4232
0.4232
0.4257
0.3956
0.4305
0.3971
0.4187
0.4288
0.4274
0.4046
0.4444
0.4087
0.4168
0.425
0.4162
0.4089
0.4183
0.4324
0.4175
0.4203
0.402
0.4238
0.4023
0.4355
0.3932
0.4239
0.4136
0.4121
0.4248
0.3887
0.4138
0.4092
0.4132
0.4226
0.4178
0.4152
0.4303
0.3809
0.4242
0.4281
0.399
0.4284
0.4095
0.4238
0.3946
0.4143
0.4297
0.4202
0.4157
0.4183
0.4142
0.408
0.4255
0.4363
0.4328
0.4356
0.4268
0.4096
0.4323
0.4183
0.4122
0.4336
0.4204
0.4382
0.4184
0.426
0.4205
0.4399
0.3935
0.4229
0.4112
0.4191
0.4105
0.4202
0.4209
0.4225
0.3979
0.427
0.4122
0.4294
0.4211
0.4937
0.5276
0.4509
0.4067
0.4611
0.4328
0.4197
0.4367
0.3862
0.4003
0.4374
0.4038
0.4342
0.3943
0.4192
0.4625
0.4361
0.4054
0.572
0.4263
0.423
0.473
0.3917
0.5807
0.6378
0.4186
0.4335
0.4031
0.4273
0.4837
0.4272
0.6721
0.7598
0.7473
0.9034
0.779
0.7887
0.7021
0.8389
0.7386
0.874
0.6302
4.4634
0.4332
4.7524
5.2961
0.4688
0.5129
0.4342
0.9136
0.7541
0.7106
0.787
0.7833
0.7543
0.4783
0.6758
0.3894
0.4267
0.4052
0.4326
0.5793
0.7798
0.8942
0.7937
0.8
0.6503
0.9019
0.8491
0.8673
0.7684
0.8657
0.5856
0.4279
0.6191
0.754
0.8631
0.9388
0.8246
0.8109
0.8294
0.4697
0.4528
0.593
0.4628
0.4688
0.6808
0.4479
0.4033
0.4412
0.4072
0.5773
0.7924
0.871
0.7521
0.8192
0.7971
0.8361
0.7783
0.8226
0.7728
0.8554
0.787
0.8251
0.8447
0.9266
0.7829
0.8837
0.7278
0.866
0.8442
0.7048
0.446
0.3952
0.4454
0.4099
0.5173
0.444
0.4268
0.4257
0.4539
0.4811
0.4782
0.4344
0.4412
0.4302
0.3878
0.4271
0.3942
0.4158
0.3957
0.4165
0.3845
0.4171
0.5668
0.4444
0.432
0.4089
0.4357
0.393
0.4392
0.4289
0.3922
0.4663
0.4962
0.5577
0.4559
0.4287
0.4278
0.4238
0.4264
0.4231
0.4278
0.3997
0.3782
0.4366
0.4203
0.435
0.4035
0.4222
0.441
0.423
0.3792
0.3954
0.4335
0.3944
0.4189
0.4272
0.4269
0.4177
0.4405
0.4305
0.4268
0.4299
0.4279
0.4201
0.4147
0.4228
0.4214
0.4874
0.4235
0.4225
0.4214
0.4123
0.4175
0.4137
0.4272
0.3708
0.4218
0.4055
0.4247
0.3974
0.4205
0.4159
0.4216
0.4171
0.4134
0.448
0.5413
0.4425
0.4443
0.4262
0.404
0.4216
0.4253
0.4146
0.4161
0.3934
0.4192
0.4063
0.4267
0.4524
0.425
0.4337
0.4415
0.3875
0.4217
0.4267
0.3862
0.4134
0.382
0.385
0.4031
0.3813
0.3975
0.3953
0.3745
0.3762
0.4
0.4053
0.4015
0.4817
0.4231
0.4041
0.397
0.3688
0.42
0.396
0.4001
0.6172
0.6472
0.517
0.5602
0.5529
0.522
0.5846
0.5352
0.55
0.5096
0.543
0.4774
0.4373
0.4861
0.5422
0.571
0.4897
0.4589
0.5193
0.4509
0.3959
0.4079
0.4224
0.4182
0.4313
0.4384
0.4069
0.4356
0.4235
0.4253
0.4224
0.417
0.431
0.4459
0.4177
0.4428
0.3938
0.4306
0.4179
0.4301
0.4219
0.4013
0.4218
0.4229
0.4261
0.4305
0.4124
0.4111
0.4246
0.4038
0.4404
0.427
0.408
0.3901
0.4174
0.6053
0.6727
0.4612
0.3979
0.6448
0.4275
0.6198
0.4512
0.4138
0.4362
0.4232
0.4003
0.4145
0.4344
0.4365
0.3923
0.4318
0.4191
0.4091
0.3978
0.4232
0.3905
0.4228
0.4189
0.4252
0.3821
0.4375
0.4248
0.4031
0.4186
0.4236
0.4181
0.4375
0.443
0.4271
0.4074
0.4393
0.4135
0.4429
0.4151
0.4212
0.3905
0.4919
0.6652
0.8522
0.8058
0.8099
0.8807
0.854
0.6083
0.4582
0.816
0.577
0.7633
0.7422
0.7193
0.8317
0.6153
0.6468
0.9331
0.7823
0.878
0.8326
0.9065
0.8345
0.9237
0.8034
0.9033
0.8226
0.4194
0.4411
0.3907
0.6832
0.8933
0.7283
0.848
0.7949
0.8713
0.7784
0.8985
0.7567
0.8369
0.835
0.8111
0.8205
0.752
0.7711
0.8008
0.671
0.8793
0.7354
0.6041
0.9322
0.4047
0.5603
0.9098
0.4198
0.5365
0.8725
0.4157
0.3785
0.3845
0.7001
0.8005
0.8531
0.8404
0.8364
0.8159
0.9118
0.6703
0.816
0.4951
0.4295
0.4305
0.3879
0.408
0.4347
0.4298
0.3832
0.4068
0.4177
0.3828
0.4739
0.429
0.5401
0.4203
0.436
0.7046
0.8482
0.8822

