---------------------------------------------
CalcPrivateVideoDecoderOutputViewSize_D3D11_1
---------------------------------------------
0.0025
0.0015
0.0013
0.0027
0.0023
0.0022
0.003
0.0012
0.0019
0.0025
0.0012
0.0016
0.0009
0.0026
0.0016
0.001
0.0011
0.0011
0.0018
0.0034
0.0022
0.002
0.0019
0.0019
0.0022
0.0022
0.0015
0.0018
0.0056
0.0017
0.0024
0.0036
0.0016
0.002
0.0015
0.0019
0.0016
0.0019
0.0014
0.0022
0.0018
0.0022
0.0051
0.0016
0.0027
0.0024
0.0088
0.0024
0.002
0.002
0.0027
0.002
0.0013
0.0013
0.0021
0.0019
0.0015
0.0018
0.002
0.0021
0.002
0.0022
0.0012
0.0047
0.0022
0.0023
0.0022
0.0021
0.005
0.0025
0.002
0.0024
0.002
0.002
0.0025
0.0014
0.0017
0.005
0.0027
0.002
0.0024
0.002
0.0027
0.0022
0.0021
0.0029
0.0023
0.0024
0.0022
0.0019
0.0025
0.0026
0.0028
0.0021
0.005
0.0019
0.0024
0.0028
0.0021
0.002
0.0019
0.0018
0.002
0.0013
0.0022
0.0021
0.0022
0.0011
0.0011
0.0013
0.0022
0.0021
0.0021
0.0026
0.002
0.0026
0.002
0.0019
0.0024
0.002
0.0021
0.0018
0.0021
0.0023
0.002
0.002
0.0028
0.0027
0.0021
0.0024
0.0028
0.002
0.0038
0.0026
0.0017
0.002
0.0021
0.0024
0.0022
0.0026
0.0021
0.0058
0.0026
0.0022
0.001
0.0019
0.002
0.0021
0.002
0.002
0.0021
0.0025
0.0018
0.0019
0.0019
0.0019
0.002
0.0016
0.0019
0.0012
0.0019
0.002
0.0019
0.0014
0.0013
0.0019
0.0023
0.0016
0.0017
0.0018
0.0022
0.0019
0.0019
0.0013
0.0013
0.0012
0.0018
0.0017
0.0016
0.0015
0.0022
0.0018
0.0016
0.0022
0.0018
0.0018
0.002
0.0017
0.0023
0.002
0.0022
0.002
0.0022
0.0014
0.001
0.0013
0.0009
0.0014
0.0018
0.0013
0.0035
0.0009
0.0012
0.0008
0.0019
0.0017
0.0016
0.0017
0.0017
0.0017
0.0017
0.0032
0.0009
0.0022
0.0019
0.0017
0.0018
0.002
0.0018
0.0021
0.0015
0.0027
0.0026
0.0021
0.0023
0.0017
0.0018
0.0017
0.0017
0.0019
0.0019
0.0021
0.0019
0.0021
0.0023
0.0018
0.0019
0.0018
0.0024
0.0019
0.0014
0.002
0.0018
0.0022
0.0021
0.0024
0.0019
0.0017
0.0019
0.0021
0.002
0.0019
0.0021
0.0017
0.0022
0.0023
0.0018
0.0024
0.0017
0.0015
0.0019
0.0015
0.0017
0.0023
0.0023
0.0025
0.0026
0.0026
0.0018
0.0018
0.0015
0.001
0.0028
0.0018
0.002
0.0022
0.002
0.0023
0.0025
0.0021
0.0026
0.0021
0.0017
0.0021
0.0016
0.0019
0.0025
0.0023
0.0018
0.0023
0.0018
0.0015
0.0016
0.0023
0.0019
0.0024
0.0022
0.0022
0.0018
0.0019
0.0022
0.0019
0.0024
0.0089
0.0023
0.0024
0.002
0.0022
0.0022
0.0019
0.0019
0.0025
0.0021
0.0019
0.0018
0.002
0.0082
0.0014
0.0018
0.0022
0.0024
0.0022
0.0023
0.0023
0.0012
0.0017
0.0026
0.0021
0.0023
0.0021
0.0024
0.0076
0.0026
0.0022
0.0022
0.0021
0.0017
0.0025
0.0021
0.0022
0.0022
0.002
0.0021
0.0021
0.0019
0.0022
0.0023
0.0019
0.0021
0.002
0.0021
0.0022
0.0022
0.0025
0.0018
0.0021
0.0018
0.0023
0.002
0.0021
0.0019
0.0025
0.0019
0.0024
0.0027
0.0023
0.0015
0.0021
0.0016
0.0015
0.001
0.0012
0.0009
0.0012
0.0014
0.0017
0.0022
0.0024
0.0015
0.0008
0.0014
0.0023
0.0021
0.0017
0.0021
0.0021
0.0021
0.0018
0.0021
0.002
0.002
0.002
0.0073
0.0015
0.002
0.002
0.0021
0.0019
0.0022
0.0022
0.0016
0.002
0.002
0.0018
0.0021
0.0017
0.0023
0.0021
0.0022
0.0019
0.0022
0.0017
0.0017
0.0019
0.002
0.0021
0.0017
0.0019
0.0015
0.0016
0.0016
0.0018
0.0016
0.0011
0.0009
0.0016
0.0021
0.0028
0.0017
0.0019
0.002
0.0025
0.0022
0.0016
0.001
0.0017
0.0025
0.0027
0.0018
0.0024
0.0019
0.0022
0.0015
0.0012
0.0009
0.0009
0.001
0.0009
0.0009
0.0007
0.0008
0.0017
0.002
0.0017
0.0022
0.002
0.0022
0.0021
0.0021
0.0027
0.0014
0.0009
0.0007
0.0023
0.0024
0.0022
0.002
0.0021
0.0018
0.0018
0.0024
0.0019
0.0019
0.0024
0.0076
0.0018
0.0011
0.0017
0.0014
0.0019
0.001
0.0022
0.0022
0.0019
0.0018
0.0009
0.0008
0.0021
0.0037
0.0019
0.0017
0.0021
0.0018
0.0024
0.0017
0.002
0.0077
0.0021
0.0024
0.0021
0.0017
0.0018
0.0021
0.0022
0.0018
0.0017
0.0022
0.0017
0.0017
0.0018
0.0016
0.002
0.002
0.0023
0.0021
0.0028
0.002
0.0022
0.0019
0.0019
0.0021
0.0019
0.0016
0.0021
0.0023
0.0024
0.0017
0.0025
0.0032
0.0016
0.0018
0.0018
0.0024
0.0021
0.0021
0.0013
0.002
0.0025
0.002
0.0022
0.0024
0.0024
0.0025
0.0023
0.0023
0.0019
0.0024
0.0023
0.0024
0.002
0.0025
0.002
0.0027
0.0022
0.0026
0.0024
0.0022
0.0018
0.0021
0.002
0.0021
0.002
0.0023
0.0023
0.0017
0.001
0.0021
0.0018
0.0015
0.002
0.0014
0.0022
0.0025
0.0021
0.0022
0.0026
0.0025
0.0021
0.0025
0.0021
0.0025
0.0026
0.0022
0.0024
0.0021
0.0011
0.0025
0.0022
0.0024
0.002
0.0015
0.0019
0.0022
0.0021
0.002
0.002
0.0023
0.0026
0.0016
0.0016

-----------------------
CodechalDecode::Execute
-----------------------
10.7664
3.5642
5.8212
3.1735
9.0369
5.1195
4.7784
0.827
0.7224
0.7068
1.4219
1.6978
0.6472
1.0593
1.0386
1.7454
1.2794
1.1999
1.5213
1.6266
0.9787
0.7969
1.5508
1.5783
0.5477
0.592
0.5254
0.549
0.7783
0.6223
0.6543
0.5713
0.5771
0.6143
0.5287
0.6223
0.5573
0.6059
0.5322
0.6291
0.7723
0.585
0.6039
0.5753
0.5922
0.6565
0.6361
0.6485
0.5909
0.5609
0.617
0.5981
0.5319
0.5332
0.5491
0.6385
0.5052
0.6283
0.5832
0.5626
0.6305
0.5601
0.5724
0.6325
0.56
0.603
0.6258
0.5582
0.6122
0.5842
0.6252
0.6202
0.5891
0.611
0.6236
0.5466
0.5343
0.6411
0.5563
0.6168
0.6273
0.5752
0.6162
0.5579
0.6087
0.5838
0.6086
0.5918
0.6355
0.5847
0.619
0.6419
0.636
0.5854
0.591
0.6
0.6079
0.5702
1.8363
0.6317
0.6023
0.5419
0.5979
0.5359
0.6223
0.6407
0.597
0.5437
0.5156
0.569
0.617
0.5969
0.6112
0.6257
0.5755
0.589
0.627
0.5915
0.6189
0.5628
1.7917
0.5845
0.5538
0.5981
0.5848
0.5707
0.626
0.5822
0.6426
0.5818
0.6219
0.5841
0.6317
0.5771
0.5718
0.6156
0.5874
0.6408
0.5741
0.6436
0.6263
0.59
0.6325
0.6332
0.555
0.5921
0.7865
0.5582
0.6547
0.5546
0.5593
0.5658
0.5395
0.5721
0.5285
0.5883
0.5726
0.5502
0.5373
0.6331
0.8167
0.7666
0.5718
0.5093
0.5064
0.5584
0.566
0.5486
0.541
0.5421
0.5916
0.5149
0.5917
1.5287
1.5482
0.9981
1.0063
0.6212
1.5849
0.6174
0.6281
1.5405
1.4855
0.9649
0.989
0.6251
0.6805
0.9964
0.754
1.0136
0.6557
0.6837
1.6009
1.5006
1.476
1.5093
1.4955
1.5156
0.5656
1.4999
1.5589
1.53
1.4925
1.0037
1.0196
1.5391
0.5757
0.9781
1.026
1.0326
1.1377
0.5728
0.502
0.6182
0.6001
1.0004
0.9978
0.9782
0.995
0.9814
0.939
0.9947
0.966
0.9707
0.9748
0.6173
1.0057
0.6478
0.6281
1.0187
1.0031
0.9873
0.9924
0.9877
0.9453
0.5482
0.561
0.5769
0.6025
0.5495
3.6853
0.5833
0.5995
0.5753
0.5731
0.5586
0.6257
0.5399
0.6062
0.577
0.6837
0.6008
0.5981
0.6104
0.6423
0.5982
0.5583
0.6206
0.5679
0.5734
0.6074
0.5105
0.6172
0.5705
0.6152
0.5767
0.6252
0.6023
0.6369
0.5636
0.5546
0.5295
0.6275
0.6128
0.6151
0.6479
0.5863
0.5896
0.5889
0.629
0.628
0.6684
0.6318
0.5585
0.5592
0.6819
0.5975
0.6211
0.5733
0.625
0.5573
0.5957
0.5378
0.6324
0.6074
0.5922
0.6433
0.6039
0.5309
0.5975
0.6201
0.649
0.6159
0.6385
0.6087
0.6288
0.58
0.6231
0.6546
0.5729
0.628
0.6289
0.6417
0.5542
0.5819
0.5986
0.5614
0.5354
0.6047
0.6294
0.6315
0.6176
0.6619
0.5841
0.5393
0.596
0.6196
0.5591
0.6118
0.5807
0.6376
0.6021
0.5933
0.6137
0.5463
0.589
0.5403
0.6499
0.6048
0.5993
0.6089
0.6251
0.6084
0.5818
0.5921
0.6451
0.5826
0.5631
0.5942
0.577
0.6225
0.6318
0.6163
0.5647
0.6325
0.6184
0.5584
0.6516
0.6088
0.643
0.5463
0.6283
0.588
0.6287
0.589
0.6426
0.5193
0.5859
0.5141
0.57
0.5062
0.5178
0.5563
0.9852
1.0359
0.9919
0.9829
1.0044
0.9364
0.5403
0.5334
1.0146
0.9569
1.0161
0.985
0.9818
0.9862
0.6662
0.989
1.0031
1.0102
1.0186
1.1494
0.579
0.6038
1.0177
0.972
1.5752
1.001
0.9635
0.9936
0.9759
0.9967
0.9985
0.9664
1.0043
0.9692
0.9605
0.5593
0.9607
0.998
1.0109
1.0343
0.63
0.6352
0.6769
1.0019
0.676
0.9321
0.6609
1.022
0.997
1.0283
0.5144
0.5375
0.6541
0.6334
0.6269
0.6438
0.6488
0.9532
0.9907
0.9839
0.9999
1.0194
0.662
0.9683
0.9812
1.0141
0.9775
0.9595
0.946
1.5648
1.5551
1.4899
1.4772
1.5751
1.4871
1.4851
1.4799
1.5037
1.0053
0.9473
0.6231
0.9429
0.8825
0.6115
0.5828
0.9635
1.0468
1.1414
0.5608
0.5141
0.6527
0.9257
0.7127
0.6446
0.9724
0.6659
0.6705
0.9898
1.0583
0.6504
0.9831
0.9473
0.9956
0.5135
0.6935
0.995
1.027
1.0243
0.5897
0.909
1.0362
0.6701
0.515
0.5442
0.6445
0.941
0.958
0.984
0.9638
0.6261
0.6568
1.0104
0.7249
0.9874
0.9831
1.0115
0.9398
0.961
1.0042
0.9779
0.9727
1.0197
0.6298
0.9161
0.9912
0.574
1.0004
0.6422
0.9568
0.7029
0.9959
0.6227
0.9757
0.7155
0.6498
0.5822
0.5775
0.5739
0.6224
0.5148
0.6413
0.6053
0.5879
0.5616
0.6292
0.5981
0.5268
0.594
0.6066
0.6586
0.6088
0.6017
0.4959
0.6615
0.6189
0.5579
0.6118
0.6077
0.623
0.6429
0.5808
0.6269
0.6314
0.6458
0.6204
0.5752
0.6076
0.6233
0.6018
0.6149
0.5868
0.587
0.5876
0.6293
0.5598
0.6304
0.5617
0.6597
0.6075
0.6123
0.5756
0.5705
0.5431
0.5975
0.5484
0.5186
0.6463
0.54
0.5942
0.5857
0.5948
0.6057
0.5845
0.6158
0.5788
0.6276
0.6043
0.5613
0.625
0.6062
0.629
0.5864
0.5507
0.6462
0.5971
0.6432
0.5952
0.5726
0.582
0.6303
0.6215
0.5925
0.5899
0.5806
0.6583
0.5095
0.58

---------------------------------------
CodechalDecodeHevcG12::DecodeStateLevel
---------------------------------------
0.2724
0.3932
3.8866
0.4708
0.2375
0.3641
1.8709
0.2226
2.4199
0.6736
0.2209
1.3823
0.3849
0.2367
4.2415
0.4799
0.2614
4.1014
0.6537
0.1994
0.2167
0.1619
0.1809
0.2013
0.1452
0.1721
0.1995
0.1763
0.1723
0.2012
0.1274
0.1717
0.9085
1.106
0.1923
0.2352
0.126
0.1728
0.1964
0.1268
0.1708
0.186
0.1344
0.1738
0.1919
0.9802
0.1851
0.2801
0.5635
0.1767
0.2468
0.5484
0.1765
0.2943
0.9903
0.1734
0.2013
0.9806
0.2184
0.2252
0.1519
0.1854
0.2108
0.1722
0.1975
0.2129
0.9902
0.1854
0.21
0.9873
0.1848
0.2121
0.0933
0.1728
0.1515
0.1026
0.1929
0.1533
0.0814
0.1715
0.1541
0.0913
0.1658
0.1516
0.1106
0.2372
0.2252
0.1083
0.1882
0.1764
0.1175
0.2101
0.1611
0.0929
0.1795
0.1559
0.0927
0.1822
0.151
0.1015
0.1835
0.171
0.0864
0.166
0.1519
0.1087
0.1979
0.1575
0.0809
0.1615
0.1518
0.1028
0.1847
0.1651
0.0888
0.1663
0.1502
0.1083
0.1814
0.1791
0.1031
0.2458
0.2338
0.0997
0.1879
0.1541
0.0932
0.1979
0.1586
0.0954
0.1739
0.1619
0.0992
0.1849
0.1564
0.1315
0.1923
0.1599
0.1154
0.1822
0.1688
0.1272
0.1897
0.1569
0.1027
0.1717
0.169
0.0961
0.1702
0.1547
0.1077
0.194
0.1581
0.0993
0.1824
0.1657
0.0831
0.1666
0.1547
0.0825
0.1665
0.1489
0.0884
0.1734
0.1605
0.1098
0.1973
0.1671
0.0753
0.1615
0.1524
0.1085
0.1943
0.1577
0.0969
0.1772
0.1574
0.0917
0.1684
0.1631
0.1117
0.1902
0.1591
0.094
0.1664
0.1611
0.0904
0.1822
0.1571
0.1007
0.1969
0.1648
0.0893
0.1694
0.1643
0.0992
0.1803
0.165
0.1068
0.181
0.1669
0.0915
0.1668
0.1622
0.1088
0.1909
0.1569
0.0983
0.1848
0.1553
0.1082
0.1873
0.1731
0.1086
0.1915
0.1635
0.0959
0.1749
0.1652
0.1098
0.1829
0.1537
0.1074
0.1991
0.1582
0.0854
0.1718
0.1578
0.0825
0.1712
0.1519
0.1189
0.1935
0.1577
0.0929
0.168
0.1582
0.0984
0.1843
0.1651
0.1079
0.1994
0.1602
0.0924
0.1722
0.164
0.1035
0.181
0.1657
0.0891
0.1683
0.1622
0.1056
0.1843
0.158
0.0972
0.1744
0.1581
0.1037
0.1824
0.157
0.1014
0.1826
0.1565
0.1084
0.1899
0.1711
0.0928
0.1828
0.155
0.1013
0.1797
0.1799
0.1107
0.202
0.165
0.1109
0.1878
0.1751
0.0974
0.1747
0.1548
0.1022
0.1756
0.1605
0.1029
0.1741
0.1636
0.0979
0.1929
0.165
0.0927
0.1733
0.1605
0.0914
0.1903
1.1222
0.1125
0.1889
0.1724
0.1007
0.1829
0.1673
0.0885
0.1711
0.1505
0.0983
0.1811
0.1595
0.0868
0.1649
0.1588
0.1016
0.2037
0.1626
0.1155
0.193
0.1658
0.0997
0.1831
0.1689
0.0911
0.174
0.1548
0.0833
0.1617
0.1476
0.0956
0.1756
0.1626
0.101
0.1903
0.1577
0.0974
0.1875
0.1617
0.0995
0.185
0.1729
0.1053
0.2027
0.1586
0.0945
0.1744
0.1664
0.0962
0.1849
0.1556
0.1047
0.1839
0.1805
0.0985
0.1921
0.1557
0.1061
0.1829
0.1742
0.0966
0.1751
0.1537
0.0837
0.1839
1.1943
0.0937
0.1808
0.1646
0.0889
0.1779
0.1534
0.0971
0.1799
0.1687
0.1084
0.1744
0.1519
0.0977
0.1756
0.1594
0.1091
0.196
0.1614
0.098
0.1758
0.1638
0.1074
0.1905
0.1773
0.0942
0.1846
0.1568
0.1033
0.1875
0.1727
0.095
0.1759
0.1645
0.109
0.1958
0.1689
0.0957
0.175
0.1633
0.0928
0.1765
0.163
0.0967
0.1838
0.1754
0.0934
0.1905
0.1565
0.1075
0.1862
0.1725
0.0934
0.1772
0.162
0.1078
0.1927
0.1734
0.11
0.1994
0.1595
0.0977
0.1752
0.1638
0.1063
0.1845
0.179
0.1026
0.2059
0.1684
0.0885
0.1851
0.1571
0.097
0.1805
0.1711
0.1113
0.2592
0.2335
0.0896
0.1803
0.1559
0.1173
0.1974
0.1594
0.0897
0.1759
0.1562
0.0898
0.1719
0.1535
0.0848
0.1857
0.1595
0.0846
0.1711
0.1554
0.0815
0.1706
0.1582
0.0859
0.1667
0.1531
0.0901
0.189
0.1656
0.1053
0.1708
0.1569
0.089
0.1718
0.1526
0.0906
0.1702
0.1519
0.1168
0.1956
0.1658
0.1268
0.2556
0.2405
0.1039
0.2546
0.2383
0.1015
0.1698
0.1576
0.0772
0.1622
0.1467
0.0758
0.1637
0.1506
0.0928
0.1683
0.1563
0.1229
0.1713
0.1495
0.081
0.1694
0.1557
0.0955
0.1685
0.1492
0.0838
0.1694
0.1643
0.0961
0.1842
0.1711
0.0768
0.1632
0.1514
0.0915
0.1758
0.1508
1.0558
0.1779
0.1546
0.0902
0.1802
0.1551
0.0995
0.1819
0.1526
0.1027
0.2158
0.1892
0.0883
0.1699
0.1497
0.1029
0.1869
0.1585
0.0811
0.1671
0.1623
0.105
0.1782
0.1665
0.1076
0.1819
0.1577
1.0113
0.1818
0.1575
0.1144
0.2537
0.2464
0.0902
0.1739
0.1629
0.0956
0.1803
0.1706
0.0891
0.1672
0.1501
0.1002
0.1861
0.1548
0.1081
0.2331
0.2357
0.1066
0.1754
0.163
0.1129
0.1871
0.1616
0.0916
0.1696
0.1592
0.1246
0.1991
0.1659
1.023
0.1846
0.1638
0.0814
0.1669
0.1507
0.0852
0.1681
0.1513
1.0205
0.1833
0.1582
0.0929
0.176
0.1559
0.0903
0.1784
0.1682
1.0677
0.1635
0.1535
1.0589
0.2146
0.1572
1.0687
0.1761
0.1584
1.058
0.1656
0.1506
0.0873
0.1694
0.1529
0.0935
0.1703
0.1591
0.1038
0.1783
0.1544
0.0918
0.1832
0.1578
0.0878
0.168
0.1593
0.0869
0.1805
0.1519
0.0885
0.1694
0.1599
0.0856
0.1698
0.1514
0.0903
0.1734
0.1713
0.0753
0.1581
0.1499
0.0959
0.172
0.17
0.0979
0.1768
0.1627
0.0928
0.1747
0.1637
0.0876
0.1768
0.1654
0.0899
0.1725
0.1592
0.0903
0.1745
0.1612
0.0861
0.1673
0.1591
0.0877
0.1749
0.1551
0.0934
0.1758
0.1663
0.1009
0.18
0.1656
0.1
0.1818
0.1515
0.0852
0.1689
0.1528
0.0869
0.1733
0.1599
0.0933
0.1787
0.1608
0.089
0.1704
0.1517
0.0881
0.1679
0.1513
0.1184
0.1804
0.1614
0.0915
0.1727
0.1512
0.0973
0.1787
0.1688
0.0887
0.1734
0.1611
0.0931
0.1764
0.1622
0.1013
0.1978
0.1573
0.0865
0.1685
0.1592
0.0986
0.1718
0.1503
0.0981
0.1806
0.1585
0.1003
0.1836
0.1675
0.0936
0.17
0.152
0.0947
0.1885
3.0041
0.101
0.1767
0.1622
0.0953
0.1855
0.1578
0.0953
0.1937
0.1493
0.0917
0.174
0.1671
0.0879
0.1707
0.1549
0.108
0.2029
0.1589
0.0854
0.1633
0.1534
0.096
0.191
0.1693
0.1009
0.1795
0.1521
0.0988
0.1801
0.2388
0.096
0.1935
0.1612
0.0976
0.1796
0.1698
0.1111
0.1796
0.1595
0.1099
0.2021
0.1739
0.0971
0.1846
0.1663
0.0969
0.1752
0.1511
0.1001
0.1893
0.1795
0.0883
0.1698
0.174
0.0915
0.1785
0.1558
0.0983
0.1942
0.1598
0.0768
0.1627
0.147
0.0966
0.1959
0.1733
0.0919
0.1823
0.158
0.0962
0.1934
0.1745
0.0937
0.1825
0.1594
0.1083
0.1846
0.17
0.0984
0.19
0.1603
0.1153
0.1812
0.1698
0.0917
0.1716
0.1623
0.0893
0.1726
0.1527
0.0805
0.1668
0.1604
0.1062
0.1911
0.1747
0.0961
0.1936
0.1663
0.1013
0.189
0.1629
0.116
0.1987
0.1595
0.0943
0.1753
0.1678
0.1089
0.1797
0.1545
0.0985
0.1872
0.158
0.1118
0.1907
0.1685
0.112
0.1885
0.1595
0.115
0.2045
0.1732
0.1154
0.1868
0.1664
0.0897
0.1692
0.1613
0.0824
0.1891
0.1555
0.0954
0.193
0.1742
0.098
0.1913
0.1553
0.1064
0.1846
0.1725
0.0901
0.1755
0.1594
0.1026
0.1846
0.1719
0.0869
0.1734
0.1626
0.082
0.1881
0.1571
0.0777
0.178
0.1548
0.1089
0.2028
0.1615
0.0999
0.1822
0.1694
0.0971
0.1888
0.1588
0.1087
0.192
0.1714
0.1017
0.1843
0.169
0.0839
0.1696
0.1539
0.0938
0.1957
0.1559
0.1021
0.1875
0.1662
0.1196
0.1951
0.166
0.101
0.1972
0.1633
0.1139
0.1884
0.1765
0.1019
0.1962
0.1603
0.1042
0.1905
0.1773
0.0939
0.1879
0.1567
0.1073
0.1874
0.1709
0.1171
0.1908
0.1703
0.0913
0.1837
0.1555
0.1146
0.189
0.1629
0.1113
0.1966
0.1659
0.1061
0.1917
0.1711
0.0879
0.1714
0.162
0.093
0.1787
0.1554
0.0983
0.1845
0.1637
0.0831
0.168
0.1491
0.0773
0.1755
0.155
0.0966
0.1874
0.1662
0.1165
0.1883
0.1577
0.1023
0.2066
0.1667
0.1032
0.1817
0.1697
0.1133
0.2093
0.1651
0.0947
0.177
0.1676
0.0884
0.1675
0.1532
0.0952
0.1953
0.158
0.1041
0.1873
0.1691
0.0976
0.1716
0.1545
0.0965
0.1902
0.1704
0.0949
0.186
0.1573
0.1105
0.185
0.1684
0.0995
0.1849
0.1664
0.1074
0.178
0.1577
0.1063
0.1959
0.1564
0.0876
0.17
0.1549
0.0974
0.1885
0.1569
0.082
0.1737
0.1577
0.112
0.2014
0.1733
0.0979
0.1948
0.159
0.0989
0.1826
0.1654
0.0982
0.1923
0.1646
0.11
0.182
0.1663
0.1001
0.1952
0.158
0.1006
0.1741
0.1627
0.0957
0.1854
0.1548
0.1055
0.1921
0.1892
0.0931
0.1872
0.1586
0.09
0.1722
0.1626
0.0965
0.1794
0.167
0.0966
0.1736
0.1621
0.1076
0.1968
0.1615
0.106
0.183
0.1671
0.1015
0.1875
0.1581
0.0887
0.1738
0.1613
0.1154
0.1939
0.1597
0.0997
0.1913
0.1689
0.0893
0.171
0.1619
0.1264
0.1905
0.1567
0.1017
0.1818
0.1689
0.1212
0.1871
0.1567
0.0905
0.1705
0.1451
0.1055
0.1875
0.1708
0.0946
0.1883
0.1577
0.1068
0.188
0.1704
0.096
0.19
0.1588
0.1108
0.1916
0.1838
0.0908
0.1623
0.1488
0.0947
0.1882
0.1579
0.0874
0.1658
0.1484
0.0846
0.186
0.1607
0.0755
0.1645
0.148
0.0761
0.1669
0.1506
0.0786
0.1807
0.1634
0.0792
0.1714
0.1498
0.0816
0.1761
0.151
0.0992
0.1838
0.157
0.0984
0.2001
0.1577
0.0952
0.179
0.1701
0.0846
0.1688
0.1511
0.0809
0.1707
0.1658
0.0786
0.1712
0.15
0.1097
0.2058
0.161
0.0962
0.1758
0.1698
0.0967
0.1803
0.1649
0.0939
0.1849
0.1719
0.0992
0.1829
0.1748
0.0971
0.2141
0.2038
0.0922
0.1731
0.1616
0.0896
0.1674
0.1619
0.1014
0.1777
0.1668
0.0971
0.1825
0.1646
0.0907
0.1727
0.1677
0.0963
0.1858
0.1595
0.0884
0.1904
0.1575
0.0989
0.1855
0.1692
0.0903
0.1747
0.1639
0.1051
0.1694
0.1616
1.0754
0.187
0.1628
0.1086
0.1763
0.1522
0.0946
0.1744
0.1651
0.0835
0.1749
0.1514
0.0967
0.1888
0.173
0.092
0.1814
0.167
0.0959
0.1768
0.1677
0.102
0.184
0.1674
0.0932
0.1771
0.1585
0.0981
0.1733
0.1655
0.0918
0.1712
0.1617
0.0885
0.1733
0.1583
0.0722
0.1668
0.1533
0.1005
0.1981
0.1747
0.0922
0.1829
0.1678
0.0873
0.1711
0.1565
0.1028
0.1884
0.177
0.0942
0.1691
0.1506
0.0962
0.1691
0.149
0.0873
0.1708
0.162
0.1067
0.1877
0.1696
0.086
0.1668
0.1596
0.0909
0.1747
0.1559
0.074
0.1597
0.1505
0.0967
0.1872
0.1644
0.1161
0.1911
0.1615
0.076
0.1613
0.1591
0.0767
0.1702
0.16
0.0891
0.1699
0.1498
0.0901
0.1742
0.1614
0.0871
0.1665
0.1528
0.0881
0.1669
0.153
0.0936
0.1758
0.153
0.0794
0.167
0.1487
0.1027
0.1833
0.1662
0.0926
0.1811
0.1728
0.0942
0.1782
0.1587
0.0759
0.1654
0.1483
0.0862
0.1699
0.1525
0.0984
0.1875
0.1599
0.1046
0.1811
0.154
0.0973
0.1968
0.1608
0.0956
0.1725
0.1594
0.1006
0.1888
0.1679
0.1023
0.2059
0.1578
1.0936
0.182
0.1553
0.093
0.1761
0.1533
1.0284
0.1804
0.1551
1.0344
0.1729
0.1535
0.0937
0.1721
0.1505
1.0424
0.1742
0.1546
1.033
0.1795
0.1539
1.0389
0.1739
0.1533
1.0597
0.172
0.1525
0.0874
0.1729
0.1516
0.0794
0.166
0.1589
0.0873
0.1715
0.1502
0.0923
0.1829
0.1529
0.1125
0.1888
0.163
0.0955
0.1856
0.1739
0.0907
0.174
0.1619
0.1003
0.1826
0.1679
0.0907
0.1735
0.1528
0.0879
0.1718
0.1554
0.0873
0.1749
0.1721
0.0754
0.16
0.1492
0.0893
0.1678
0.1595
0.0936
0.1803
0.1756
0.0875
0.1695
0.1488
0.093
0.1708
0.1529
0.1034
0.1728
0.1604
0.0884
0.1707
0.1587
0.1137
0.1752
0.153
0.094
0.1807
0.1522
0.0891
0.1699
0.1577
0.0953
0.1697
0.1537
0.0887
0.1823
0.156
0.0978
0.2024
0.1941
0.091
0.174
0.1537
0.0742
0.1646
0.1566
0.1004
0.1872
0.1542
0.0834
0.1675
0.1599
0.0798
0.1648
0.1617
0.0765
0.1565
0.147
0.0912
0.175
0.1664
0.1046
0.1811
0.1609
0.0937
0.1872
0.156
0.103
0.1811
0.1713
0.0767
0.164
0.1534
0.0833
0.1709
0.1629
0.0972
0.1713
0.1511
0.0849
0.1758
0.1547
0.0941
0.19
0.1509
0.0907
0.1842
0.1611
0.0847
0.1677
0.1561
0.0873
0.1687
0.1526
0.1076
0.1776
0.1547
0.0928
0.1729
0.162
0.0936
0.1714
0.1505
0.0833
0.1676
0.157
0.0837
0.1748
0.1543
0.0905
0.1727
0.1631
0.0902
0.1754
0.1623
0.0957
0.1806
0.1512
0.0888
0.1713
0.1613
0.0955
0.173
0.1619
0.0921
0.177
0.1604
0.0902
0.183
0.1564
0.0908
0.1694
0.1504
0.0844
0.1698
0.1598
0.0914
0.1817
0.1595
0.0984
0.1795
0.1546
0.0772
0.1699
0.1515
0.0945
0.1685
0.1496
0.0911
0.1751
0.1682
0.1023
0.1713
0.1513
0.0941
0.1808
0.1688
0.086
0.1693
0.1528
0.0899
0.1714
0.1598
0.0941
0.1696
0.1498
0.087
0.1674
0.1572
0.0941
0.177
0.1629
0.1048
0.1771
0.1547
0.0905
0.1774
0.1622
0.1085
0.1873
0.1647
0.0745
0.1664
0.1489
0.1086
0.1995
0.1632
0.0988
0.1943
0.1622
0.0989
0.1747
0.1695
0.1015
0.1674
0.1501
0.106
0.2043
0.1596
0.0958
0.1878
0.1662
0.0799
0.1685
0.1577
0.1098
0.1824
0.1557
0.097
0.19
0.1693
0.1193
0.1961
0.167
0.11
0.1896
0.1576
0.1029
0.1798
0.1619
0.0717
0.1611
0.1491
0.1477
0.1941
0.1664
0.1056
0.1881
0.1614
0.0898
0.1696
0.1624
0.1096
0.1935
0.1573
0.1015
0.1935
0.1595
0.1121
0.1868
0.1616
0.1073
0.1856
0.1732
0.0978
0.1842
0.154
0.1037
0.1896
0.1708
0.1133
0.1895
0.1557
0.1156
0.2006
0.1592
0.1082
0.1854
0.1639
0.0916
0.1736
0.155
0.1048
0.1816
0.1695
0.1077
0.1866
0.1714
0.104
0.1795
0.1596
0.0938
0.186
0.1748
0.0919
0.1827
0.1666
0.0929
0.1796
0.1701
0.0972
0.1858
0.1578
0.1061
0.186
0.1719
0.0934
0.1711
0.1595
0.1157
0.1876
0.1589
0.0918
0.1797
0.1533
0.1152
0.1918
0.1657
0.0969
0.1986
0.1605
0.1001
0.1868
0.1709
0.1018
0.1743
0.1552
0.0947
0.1772
0.154
0.0873
0.1715
0.1546
0.0959
0.1916
0.1603
0.0851
0.1816
0.1529
0.0748
0.1657
0.154
0.1115
0.2083
0.1576
0.0828
0.1684
0.1601
0.1074
0.1781
0.1587
0.0956
0.1861
0.1593
0.1028
0.1764
0.1686
0.1015
0.1791
0.1701
0.0972
0.179
0.1632
0.1063
0.1885
0.1595
0.0927
0.1862
0.1564
0.1069
0.2017
0.1616
0.0982
0.185
0.1665
0.0921
0.1785
0.1543
0.1037
0.1906
0.1618
0.103
0.1824
0.1603
0.1128
0.1873
0.1712
0.0926
0.1882
0.1599
0.0817
0.1803
0.1561
0.1097
0.189
0.1772
0.099
0.191
0.1595
0.1127
0.1851
0.172
0.0982
0.1843
0.1631
0.0912
0.178
0.159
0.0922
0.1836
0.16
0.1118
0.1881
0.1613
0.101
0.1952
0.1598
0.097
0.1823
0.165
0.0993
0.1781
0.1659
0.0958
0.1758
0.1665
0.1062
0.222
0.1713
0.0733
0.1668
0.1476
0.0975
0.1893
0.1548

-------------------------------------
CodechalDecodeHevcG12::SetFrameStates
-------------------------------------
5.9265
2.3434
1.1501
0.7479
4.0038
0.1036
3.5466
0.0886
0.0094
0.0094
0.0086
0.0123
0.0099
0.0092
0.009
0.0103
0.008
0.0103
0.0091
0.0129
0.0112
0.0121
0.0103
0.0108
0.0105
0.0117
0.0098
0.013
0.0147
0.0131
0.0144
0.0111
0.0109
0.0117
0.0102
0.012
0.0469
0.0112
0.0092
0.012
0.0126
0.0118
0.0133
0.0104
0.0111
0.015
0.0168
0.0159
0.0132
0.0112
0.0122
0.0114
0.0104
0.0108
0.0094
0.0127
0.0081
0.012
0.0111
0.0106
0.0145
0.0104
0.0131
0.0247
0.0106
0.0117
0.0139
0.0108
0.0116
0.0112
0.0116
0.0118
0.0112
0.0142
0.0124
0.01
0.0106
0.0162
0.0107
0.0115
0.0125
0.0114
0.0181
0.0108
0.0118
0.0113
0.0135
0.0121
0.0149
0.0115
0.0121
0.0122
0.0121
0.0111
0.0125
0.014
0.012
0.0111
0.2741
0.0121
0.0112
0.0097
0.0118
0.0087
0.0121
0.0139
0.0112
0.0091
0.008
0.0107
0.0115
0.0112
0.0117
0.0124
0.0108
0.011
0.0119
0.0111
0.0119
0.0106
0.1833
0.0111
0.0106
0.0112
0.0137
0.0107
0.0127
0.011
0.0123
0.0113
0.0125
0.0111
0.0125
0.0111
0.0105
0.0183
0.0112
0.0183
0.0114
0.0124
0.0125
0.0128
0.0169
0.0116
0.0099
0.0111
0.013
0.0107
0.0145
0.0109
0.0128
0.0108
0.0102
0.0124
0.0096
0.0117
0.0127
0.0103
0.0093
0.013
0.0148
0.0123
0.0142
0.0096
0.008
0.0106
0.0105
0.0128
0.0109
0.0094
0.0114
0.0115
0.0109
0.0127
0.0093
0.0143
0.0137
0.0105
0.9985
0.0103
0.0122
0.0112
0.0103
0.0137
0.0112
0.0119
0.0106
0.0123
0.0129
0.0129
0.0137
0.0104
0.9631
0.012
0.0087
0.0112
0.011
0.0112
0.0083
0.0075
0.0096
0.0099
0.0105
0.0104
0.0109
0.0105
0.0124
0.0107
0.0106
0.0109
0.011
0.0111
0.008
0.0109
0.0124
0.011
0.0109
0.0118
0.0128
0.0114
0.0104
0.0132
0.0145
0.0122
0.0105
0.0105
0.0118
0.0111
0.0109
0.0126
0.0114
0.0118
0.0112
0.0145
0.0124
0.0106
0.0116
0.0131
0.0116
0.0105
0.2469
0.0125
0.0115
0.0111
0.0108
0.0106
0.0141
0.0122
0.0119
0.0133
0.0275
0.0116
0.0116
0.011
0.0124
0.0114
0.0106
0.012
0.0106
0.0126
0.0117
0.0083
0.0121
0.0107
0.0117
0.0111
0.0141
0.014
0.014
0.0107
0.0093
0.0088
0.0126
0.0113
0.0114
0.0155
0.0111
0.0112
0.011
0.0125
0.0148
0.0152
0.0138
0.0108
0.0114
0.0127
0.0115
0.0122
0.0112
0.0124
0.0106
0.0124
0.0091
0.0124
0.0114
0.011
0.0153
0.0111
0.0093
0.0121
0.016
0.0125
0.0111
0.0127
0.0114
0.0123
0.0111
0.0124
0.015
0.0108
0.0118
0.0121
0.0149
0.0105
0.0136
0.0115
0.0441
0.009
0.0115
0.0126
0.0147
0.0144
0.0177
0.0111
0.0097
0.0113
0.0119
0.0107
0.0117
0.0111
0.0183
0.011
0.0114
0.012
0.0106
0.0112
0.01
0.0128
0.011
0.0111
0.0114
0.0143
0.0136
0.0111
0.0138
0.0125
0.0112
0.0107
0.0111
0.0111
0.0123
0.0146
0.0145
0.0106
0.0141
0.0112
0.0107
0.0149
0.0112
0.0145
0.0111
0.0134
0.0113
0.0124
0.011
0.0125
0.0093
0.0117
0.0094
0.0142
0.0089
0.0098
0.0099
0.0139
0.009
0.0111
0.0119
0.0113
0.0101
0.0086
0.0124
0.0133
0.0111
0.0115
0.0119
0.0125
0.0118
0.0112
0.0105
0.0123
0.0111
0.011
0.0113
0.011
0.0117
0.0123
0.0131
0.0117
0.0112
0.0141
0.0105
0.0119
0.0112
0.0113
0.0121
0.0118
0.0112
0.0119
0.0109
0.0101
0.013
0.0115
0.0108
0.0134
0.0123
0.0106
0.0108
0.0127
0.0106
0.0119
0.009
0.0183
0.012
0.0086
0.0088
0.0114
0.011
0.0105
0.0105
0.0111
0.0107
0.0153
0.0115
0.0117
0.0112
0.0113
0.0127
0.0123
0.0117
0.011
0.0123
0.0125
0.0121
1.0154
0.0093
0.0093
0.0077
0.0079
0.0096
0.0074
0.0097
0.012
0.0108
0.0115
0.0128
0.0122
0.0143
0.0109
0.012
0.0122
0.0109
0.0096
0.0087
0.0106
0.0118
0.0105
0.0106
0.013
0.0115
0.0132
0.0109
0.0105
0.0105
0.0111
0.0162
0.0111
0.0083
0.0139
0.0112
0.0083
0.0082
0.0111
0.0114
0.0145
0.0115
0.0087
0.0086
0.0176
0.0109
0.0119
0.0114
0.0131
0.0106
0.0116
0.0108
0.0106
0.0117
0.0107
0.0194
0.011
0.013
0.0107
0.0114
0.0125
0.012
0.0106
0.0108
0.0112
0.0168
0.0103
0.0122
0.0111
0.0108
0.0115
0.0116
0.011
0.0104
0.0105
0.0111
0.0109
0.0109
0.0117
0.0101
0.012
0.0115
0.011
0.0123
0.0133
0.0113
0.0089
0.0158
0.0114
0.0151
0.0111
0.0162
0.008
0.0136
0.0116
0.0108
0.0116
0.0115
0.0123
0.0238
0.011
0.0123
0.0144
0.0158
0.0139
0.0105
0.0113
0.0114
0.0149
0.0137
0.011
0.0113
0.0111
0.0165
0.0107
0.0152
0.0103
0.0152
0.0115
0.0114
0.0112
0.01
0.0095
0.0127
0.0106
0.0122
0.014
0.0091
0.0113
0.0114
0.0111
0.0111
0.0111
0.0121
0.0121
0.0124
0.0112
0.0108
0.0118
0.0111
0.0125
0.0111
0.0097
0.0158
0.0112
0.0151
0.0111
0.0106
0.0112
0.0148
0.0143
0.0111
0.011
0.0112
0.0119
0.0093
0.0109

--------------------------
CreateVideoDecoder_D3D11_1
--------------------------
28.1754
25.745
21.1985
15.7816

---------------------------
DestroyVideoDecoder_D3D11_1
---------------------------
15.5017
15.7118
67.8485
0

---------------------
DxvaEncodeHEVC_Create
---------------------
27.9925
25.5798
21.0319

-----------------------
DxvaEncodeHEVC_EndFrame
-----------------------
0.0019
0.0013
0.0014
0.0012
0.0013
0.0049
0.0014
0.0009
0.0011
0.0015
0.0009
0.0007
0.0006
0.0016
0.0009
0.0009
0.0008
0.001
0.0008
0.0053
0.0011
0.0006
0.0011
0.0035
0.0011
0.0008
0.001
0.0008
0.0038
0.001
0.0008
0.0008
0.0006
0.0008
0.0007
0.0007
0.0007
0.001
0.0007
0.001
0.0009
0.001
0.0025
0.0008
0.0008
0.0006
0.0007
0.0008
0.0006
0.001
0.0006
0.0007
0.0009
0.0007
0.0006
0.001
0.0009
0.0007
0.0009
0.0006
0.0006
0.0009
0.0008
0.0267
0.0007
0.0006
0.0006
0.0007
0.0008
0.0007
0.0007
0.0008
0.0009
0.0008
0.0011
0.0006
0.0009
0.0006
0.0009
0.001
0.0009
0.0008
0.0007
0.0006
0.0006
0.001
0.0007
0.0006
0.0007
0.0007
0.0009
0.0009
0.0008
0.0008
0.0029
0.0005
0.0008
0.0007
0.0008
0.0006
0.0009
0.0007
0.0007
0.0008
0.0006
0.0006
0.0006
0.0006
0.0007
0.0008
0.0007
0.0006
0.0007
0.0007
0.0011
0.0009
0.0009
0.0005
0.0008
0.0006
0.0007
0.0008
0.0005
0.0008
0.0007
0.0006
0.0009
0.0005
0.0009
0.0008
0.0009
0.0006
0.0011
0.0006
0.001
0.0006
0.0006
0.0005
0.0009
0.0007
0.0009
0.0034
0.0008
0.0005
0.0006
0.0008
0.0013
0.0008
0.0007
0.0009
0.0009
0.001
0.0008
0.001
0.0008
0.0008
0.001
0.0011
0.001
0.0012
0.0009
0.0009
0.0009
0.0008
0.0009
0.0008
0.0012
0.0014
0.0009
0.0009
0.0007
0.0011
0.0012
0.0012
0.001
0.0008
0.0012
0.0008
0.0009
0.0009
0.0009
0.0013
0.001
0.0009
0.0007
0.0013
0.0008
0.0008
0.0009
0.0008
0.001
0.0008
0.0008
0.0008
0.001
0.0008
0.0009
0.0008
0.0009
0.001
0.0008
0.0009
0.0009
0.0012
0.0009
0.001
0.0009
0.0008
0.0008
0.0007
0.0008
0.0053
0.0008
0.0008
0.0008
0.0008
0.0009
0.0008
0.0015
0.0015
0.0009
0.0009
0.0009
0.0009
0.0007
0.0007
0.0009
0.0008
0.0009
0.0009
0.0009
0.0009
0.0009
0.0006
0.0006
0.0005
0.0009
0.0006
0.0009
0.0006
0.001
0.0008
0.0008
0.001
0.0006
0.0006
0.0009
0.0005
0.0007
0.0009
0.0008
0.0008
0.001
0.0009
0.0008
0.0008
0.0006
0.0005
0.001
0.0006
0.0007
0.0008
0.0008
0.0007
0.0009
0.0007
0.0008
0.0006
0.0007
0.0008
0.0005
0.0008
0.0009
0.0008
0.0007
0.0009
0.0008
0.0018
0.0006
0.0006
0.0006
0.0006
0.0007
0.001
0.0005
0.0008
0.0007
0.0006
0.0007
0.0007
0.0009
0.0017
0.0008
0.0006
0.0007
0.0008
0.0006
0.0006
0.0005
0.0007
0.001
0.0008
0.0009
0.0006
0.0007
0.0006
0.0007
0.0006
0.0006
0.0005
0.0008
0.0006
0.0005
0.0007
0.0006
0.0009
0.0046
0.0006
0.0007
0.001
0.0009
0.0007
0.0006
0.0007
0.0009
0.0015
0.0008
0.0007
0.0009
0.0005
0.0005
0.0008
0.0008
0.0008
0.0008
0.0007
0.0013
0.0009
0.001
0.0007
0.0019
0.0006
0.0007
0.001
0.0006
0.0008
0.0005
0.0008
0.0014
0.0005
0.0005
0.0008
0.0006
0.0006
0.0007
0.0006
0.0006
0.0005
0.0007
0.001
0.001
0.0008
0.0006
0.0008
0.0007
0.0006
0.0006
0.0008
0.0008
0.0009
0.0009
0.0009
0.001
0.0008
0.0008
0.0007
0.0005
0.0007
0.0007
0.0009
0.0006
0.0007
0.0008
0.0006
0.0011
0.0008
0.0016
0.0006
0.0005
0.0009
0.0007
0.0008
0.0009
0.0009
0.0007
0.0006
0.0006
0.0006
0.0008
0.0007
0.0007
0.0009
0.0009
0.0007
0.0008
0.001
0.0018
0.0009
0.0009
0.0008
0.0008
0.0006
0.0007
0.0009
0.0006
0.0006
0.001
0.0005
0.0008
0.0009
0.0005
0.0009
0.0005
0.0006
0.0005
0.0006
0.0006
0.0009
0.0024
0.0009
0.0008
0.0008
0.0007
0.0011
0.0009
0.0009
0.0007
0.0007
0.001
0.0006
0.0008
0.0008
0.0009
0.0008
0.0009
0.0009
0.0007
0.0017
0.0008
0.0009
0.0009
0.0015
0.001
0.0008
0.0007
0.0009
0.0007
0.0006
0.0009
0.0007
0.0007
0.0015
0.0007
0.0005
0.0009
0.0008
0.0006
0.001
0.0006
0.001
0.0007
0.0009
0.0008
0.001
0.0074
0.001
0.0008
0.0007
0.0007
0.0017
0.0007
0.0009
0.0008
0.0006
0.0006
0.0015
0.0009
0.0009
0.0009
0.0006
0.0006
0.0009
0.0007
0.0012
0.0008
0.0009
0.0008
0.0015
0.0008
0.0008
0.0009
0.0009
0.0006
0.001
0.0008
0.0011
0.0009
0.0008
0.0009
0.0006
0.0009
0.0006
0.0009
0.0006
0.0007
0.0009
0.0007
0.0007
0.0006
0.0008
0.0007
0.0011
0.0009
0.0008
0.0006
0.0006
0.0007
0.001
0.0006
0.0006
0.0007
0.0006
0.0006
0.0009
0.0018
0.0007
0.0007
0.0009
0.0008
0.0009
0.0009
0.001
0.0006
0.0011
0.0005
0.0007
0.0006
0.001
0.0006
0.0008
0.0005
0.0009
0.0011
0.0008
0.0007
0.0005
0.0006
0.0008
0.0007
0.0009
0.0007
0.0006
0.0006
0.0009
0.0009
0.0008
0.0011
0.0007
0.0006
0.001
0.0009
0.0008
0.0008
0.0009
0.0005
0.0009
0.0006
0.0009
0.0027
0.0007
0.001
0.0009
0.0005
0.0007
0.0005
0.0009
0.0007
0.0007
0.0006
0.001
0.0006
0.0008
0.0006
0.0005
0.0006
0.0006
0.0007
0.001
0.0007
0.0009

----------------------
DxvaEncodeHEVC_Execute
----------------------
0.0053
0.0014
25.7457
11.3664
4.3342
7.4347
4.6203
0.5617
0.6601
1.2092
1.1077
0.5312
1.4048
1.1894
1.2309
0.8882
0.0218
0.656
0.0204
0.5413
0.0224
0.5455
0.0237
0.7962
0.0152
1.0416
0.0147
1.0487
0.015
1.1796
0.0262
1.1766
0.02
0.7235
0.0201
0.8767
0.0183
0.6598
0.018
1.4818
0.0178
0.893
0.0184
0.6124
0.0149
0.6822
0.0176
0.5861
0.018
0.4542
0.0173
0.5539
0.0149
0.4573
0.0178
0.5719
0.021
0.6837
0.0238
0.5685
0.0247
0.485
0.0319
0.5535
0.0244
0.5149
0.0139
0.504
0.0375
0.5967
0.0202
0.4568
0.0192
0.4727
0.0163
0.565
0.0237
0.5964
0.0151
0.5622
0.0234
0.5541
0.026
0.5191
0.0275
0.5795
0.0243
0.4974
0.0334
0.4911
0.0192
0.5692
0.0175
0.4731
0.0269
0.4613
0.0198
0.4491
0.0196
0.5355
0.0208
0.4608
0.0229
0.4628
0.0134
0.5298
0.0202
0.5583
0.0153
0.556
0.0179
0.4557
0.0321
0.5141
0.0251
0.4713
0.0204
0.5208
0.0198
0.4753
0.0203
0.5051
0.0176
0.4719
0.0232
0.4975
0.0231
0.4482
0.0207
0.507
0.021
0.462
0.0196
0.4598
0.0195
0.5563
0.0237
0.4682
0.022
0.539
0.0234
0.4702
0.0194
0.4858
0.0197
0.4748
0.0226
0.5164
0.0353
0.5779
0.0271
0.4674
0.0162
0.4969
0.0228
0.4382
0.0192
0.5557
0.0236
0.4787
0.0255
0.508
0.0246
0.4713
0.0227
0.4681
0.021
0.474
0.0185
0.4689
0.0189
0.5499
0.0224
0.4575
0.0214
0.5079
0.0203
0.482
0.0246
0.5465
0.0226
0.4703
0.0226
0.5048
0.0223
0.4588
0.0218
0.5499
0.0221
0.4719
0.0203
0.4929
0.0261
0.5309
0.0186
0.4676
0.0229
0.4678
0.0318
0.5647
0.0394
0.4849
0.0278
0.5473
0.0341
0.48
0.032
0.497
0.0217
0.4628
0.0156
0.5285
0.0162
0.5019
0.0171
0.4344
0.015
0.4586
0.0317
0.5062
0.0209
0.488
0.0245
0.5433
0.0233
0.4491
0.0205
0.5347
0.0194
0.4763
0.0243
0.5629
0.0237
0.4694
0.0241
0.4812
0.0177
0.4673
0.0187
0.4405
0.0195
0.4316
0.0161
0.4556
0.0241
0.4761
0.0209
0.4463
0.0186
0.4748
0.0242
0.5043
0.0231
0.4805
0.0248
0.5594
0.0227
0.4732
0.0246
0.5405
0.0238
0.4706
0.0274
0.4927
0.0227
0.4842
0.0261
0.5058
0.0179
0.4826
0.02
0.4944
0.0238
0.4604
0.0185
0.4836
0.0246
0.5515
0.0235
0.4687
0.0223
0.5114
0.0234
0.4827
0.0231
0.471
0.0265
0.4651
0.0186
0.5608
0.0215
0.4952
0.0155
0.6424
0.0231
0.5445
0.0133
0.4641
0.0233
0.519
0.0182
0.5076
0.0156
0.5301
0.0175
0.4771
0.0162
0.5548
0.02
0.4827
0.0149
0.53
0.0177
0.555
0.0189
0.6685
0.0349
0.6393
0.0202
0.5339
0.0178
0.4953
0.0161
0.5109
0.0188
0.5081
0.018
0.4897
0.0141
0.5132
0.016
0.4964
0.0164
0.6663
0.0187
0.6663
0.0195
0.5798
0.0191
0.4859
0.0155
0.4933
0.014
0.919
0.0208
0.7566
0.0217
0.7035
0.0317
1.06
0.0228
1.473
0.0177
1.0663
0.0169
1.1692
0.015
1.508
0.0186
1.0102
0.0176
0.7193
0.0198
0.7293
0.0199
0.9782
0.023
1.4964
0.0154
1.388
0.0164
1.0757
0.0185
1.4385
0.0211
0.9177
0.0178
1.4048
0.0157
1.4823
0.0144
1.0664
0.0175
0.708
0.0188
0.7301
0.0189
0.7194
0.0169
0.7522
0.0237
0.7038
0.0205
0.7629
0.0183
0.7291
0.0141
0.7444
0.0269
0.7405
0.0175
0.7347
0.0159
0.7407
0.0153
1.0117
0.0151
0.8449
0.0168
0.7379
0.0162
0.7461
0.0182
0.9941
0.0153
0.8735
0.0148
1.0427
0.0146
0.4293
0.0135
1.4317
0.0164
1.4718
0.0162
1.043
0.0184
1.0547
0.0157
1.0384
0.0183
1.0481
0.0156
1.0466
0.019
1.0614
0.0185
1.034
0.0159
1.0144
0.024
1.0406
0.0258
1.0847
0.0206
1.4671
0.0182
1.0611
0.0181
1.3947
0.0195
1.4585
0.0218
1.0589
0.0185
0.9985
0.0162
1.072
0.0214
1.0475
0.0246
1.0496
0.0195
1.0844
0.0196
1.0639
0.0182
0.4608
0.0168
0.4918
0.0137
0.4477
0.0122
0.5356
0.0253
0.5052
0.0146
0.5302
0.0325
0.4743
0.0154
0.4497
0.0349
0.553
0.0272
0.504
0.0191
0.5432
0.0174
0.4971
0.0135
0.4562
0.0122
0.5218
0.0228
0.5529
0.0119
0.4745
0.0163
0.538
0.022
0.5401
0.0175
0.5017
0.0144
0.5825
0.0448
0.528
0.0176
0.4873
0.0202
0.5382
0.0235
0.4928
0.0134
0.4537
0.0148
0.5489
0.0231
0.5007
0.0158
0.4834
0.0124
0.5289
0.0229
0.4816
0.0202
0.5042
0.0252
0.4772
0.0195
0.4944
0.0219
0.4754
0.0169
0.4637
0.0237
0.5206
0.0338
0.4414
0.0358
0.4655
0.0186
0.4757
0.02
0.4796
0.0189
0.4875
0.0231
0.5475
0.0304
0.4643
0.0198
0.5579
0.024
0.4738
0.0241
0.4365
0.015
0.4993
0.0199
0.4668
0.016
0.4639
0.0237
0.457
0.0173
0.5886
0.0257
0.4961
0.014
0.5362
0.0279
0.5501
0.0184
0.4844
0.0251
0.4717
0.018
0.4525
0.0175
0.5978
0.0252
0.4681
0.0177
0.5003
0.0203
0.4772
0.0189
0.5
0.0237
0.4517
0.0144
0.4678
0.0264
0.4648
0.0182
0.4589
0.0168
0.5617
0.0208
0.4936
0.0212
0.5033
0.023
0.5301
0.0205
0.4813
0.0228
0.5682
0.0235
0.4784
0.0254
0.4656
0.02
0.4946
0.0186
0.4559
0.0192
0.4635
0.0187
0.5282
0.021
0.4573
0.0206
0.4469
0.0166
0.4699
0.0198
0.4576
0.0158
0.5393
0.0332
0.4348
0.0134
0.464
0.0204
0.5549
0.0207
0.4611
0.0204
0.5126
0.0237
0.5589
0.0221
0.5071
0.0126
0.5114
0.0315
0.5052
0.0256
0.4955
0.0195
0.4574
0.0209
0.5623
0.0271
0.4873
0.0245
0.4517
0.0154
0.4915
0.0231
0.5804
0.0243
0.4709
0.0195
0.4571
0.0166
0.5804
0.0177
0.4916
0.0168
0.4973
0.0209
0.4797
0.02
0.4728
0.0206
0.4779
0.019
0.4796
0.0201
0.4824
0.0215
0.5123
0.0175
0.4716
0.0247
0.4825
0.024
0.4945
0.0197
0.4504
0.0227
0.5529
0.0242
0.4604
0.0269
0.4485
0.015
0.4238
0.0141
0.5172
0.0224
0.4444
0.0363
0.477
0.0206
0.4572
0.0203
0.4422
0.0145
0.4395
0.014
0.445
0.0139
0.511
0.0232
0.4771
0.0241
0.5209
0.0203
0.4607
0.0244
0.5626
0.0239
0.4639
0.025
0.4466
0.0152
0.4304
0.0124
0.4488
0.0135
0.5184
0.0246
0.4714
0.0153
0.5347
0.0219
0.6194
0.0211
0.6001
0.0229
0.9994
0.0197
0.9222
0.0227
1.0468
0.0161
1.0319
0.015
1.0361
0.0173
0.4677
0.0192
0.9311
0.0211
1.0526
0.0229
1.0268
0.0132
1.0571
0.0155
1.0364
0.0188
1.0441
0.0133
1.5321
0.0396
1.0074
0.0181
1.0542
0.0163
1.049
0.0141
1.0492
0.0127
1.0587
0.0182
0.4482
0.0173
1.5322
0.024
1.0329
0.0172
1.0441
0.0209
1.0599
0.0155
0.6053
0.014
1.0526
0.0146
1.067
0.0151
1.0695
0.0174
1.0467
0.0148
1.0552
0.0138
1.0459
0.0212
1.0436
0.0149
1.0548
0.0155
1.0492
0.0216
1.5054
0.0373
1.0619
0.0329
1.0692
0.0181
0.9827
0.02
1.0163
0.0147
1.3896
0.0154
1.4336
0.0218
1.3938
0.0149
1.0696
0.0217
1.4634
0.0201
1.0142
0.0165
1.0606
0.0331
1.4819
0.0242
1.0187
0.018
1.0697
0.0236
1.4381
0.0174
0.4913
0.0237
1.4271
0.0222
1.4487
0.0237
1.4268
0.0131
1.4338
0.0152
1.4401
0.019
1.0429
0.0315
1.0653
0.0206
1.0533
0.0232
1.0636
0.0167
1.0516
0.0165
1.4066
0.0168
1.0621
0.029
1.0414
0.02
1.0394
0.0205
1.0445
0.0152
1.0716
0.0153
1.0474
0.0361
1.0333
0.0135
0.6782
0.0231
0.6749
0.0258
0.6752
0.021
0.6823
0.0166
0.6816
0.0209
0.6854
0.0187
0.6782
0.0184
0.702
0.0193
0.7463
0.0167
1.0648
0.0183
1.4484
0.0196
1.0397
0.0312
1.0131
0.0187
0.742
0.019
1.4224
0.0162
1.0496
0.0216
1.0472
0.0139
1.3862
0.021
0.4805
0.0188
0.4398
0.0146
1.4385
0.0185
1.0645
0.0354
1.3741
0.0161
1.4059
0.0121
1.0855
0.0195
1.3816
0.0148
1.3915
0.0147
1.0288
0.0366
1.3903
0.0184
0.5115
0.0212
1.4214
0.013
1.0317
0.0214
1.0551
0.0178
0.9831
0.015
1.4642
0.0159
1.0543
0.0333
1.041
0.0208
1.0685
0.0187
1.4587
0.0157
1.051
0.0412
1.0392
0.0176
1.4231
0.0421
0.4436
0.0203
1.4359
0.0131
1.3738
0.0126
1.0838
0.0314
1.0749
0.0245
1.0568
0.0159
1.003
0.0229
1.4356
0.0158
1.3936
0.0235
0.9841
0.0179
1.371
0.0127
1.0612
0.0265
1.0648
0.0193
1.027
0.0199
1.0453
0.0237
1.0152
0.0203
1.0584
0.0151
1.0631
0.0159
1.0677
0.0184
1.0502
0.018
1.4173
0.0183
1.0634
0.0247
1.0213
0.0165
1.0723
0.0253
0.7461
0.0227
1.4261
0.0171
1.0605
0.0276
1.3637
0.0192
1.0666
0.0225
1.3989
0.0161
1.0279
0.0272
1.3607
0.0143
1.4137
0.0156
1.0186
0.0168
0.4967
0.0188
0.5189
0.0266
0.5154
0.0151
0.5132
0.0163
0.483
0.0161
0.5301
0.0219
0.4912
0.0234
0.5147
0.0268
0.507
0.0148
0.4583
0.0132
0.5142
0.0197
0.5545
0.028
0.4453
0.014
0.4577
0.0161
0.4889
0.0208
0.4593
0.0197
0.5263
0.019
0.4958
0.0173
0.5115
0.0247
0.4517
0.0205
0.442
0.0157
0.487
0.02
0.546
0.025
0.4815
0.0205
0.5364
0.0236
0.4817
0.0242
0.4399
0.0151
0.5243
0.0241
0.4443
0.0161
0.5023
0.0232
0.439
0.0304
0.5276
0.0213
0.4543
0.0207
0.5305
0.0183
0.4494
0.0217
0.5512
0.0247
0.4727
0.0199
0.475
0.0188
0.4512
0.0191
0.4389
0.0155
0.4986
0.0183
0.4548
0.0208
0.49
0.0214
0.4608
0.0192
0.4577
0.0166
0.4508
0.0193
0.4697
0.0325
0.4488
0.017
0.4998
0.0211
0.5925
0.0182
0.5635
0.0309
0.4748
0.0159
0.4626
0.0147
0.5111
0.0195
0.4746
0.0222
0.4868
0.0197
0.4591
0.0192
0.5562
0.024
0.4817
0.0239
0.553
0.0238
0.4755
0.0246
0.5049
0.0213
0.4723
0.0218
0.4759
0.0204
0.4619
0.0215
0.551
0.022
0.4717
0.0195
0.473
0.0191
0.5006
0.0206
0.4685
0.0203
0.4998
0.0234
0.4696
0.0196
0.55
0.0242
0.4946
0.0238
0.4682
0.0224
0.4829
0.0207
0.4683
0.0197
0.4345
0.0143
0.5609
0.0237
0.4708
0.0286
0.4597
0.0144
0.5596
0.0223
0.4983
0.0228
0.4905
0.0183
0.0195

----------------
First Frame Time
----------------
181.315

----------------------
HEVC_QueryStatusReport
----------------------
4.328
4.6171
0.6587
1.1058
1.4029
1.2295
0.0203
0.0189
0.0212
0.0224
0.014
0.0134
0.012
0.0248
0.0185
0.0187
0.0158
0.0165
0.0166
0.0159
0.0138
0.0158
0.0164
0.0157
0.0137
0.0162
0.0196
0.0223
0.0233
0.0309
0.0229
0.0129
0.0363
0.0189
0.0179
0.015
0.0225
0.0139
0.022
0.0246
0.0247
0.023
0.0319
0.0179
0.0163
0.0243
0.0184
0.0183
0.0195
0.0216
0.0118
0.0187
0.014
0.0164
0.0311
0.0235
0.0191
0.0185
0.0189
0.0166
0.022
0.0217
0.0189
0.0196
0.0184
0.0182
0.0216
0.0207
0.0223
0.0181
0.0185
0.0213
0.0343
0.0256
0.0152
0.0215
0.018
0.0223
0.0243
0.0234
0.0216
0.0196
0.0172
0.0177
0.0211
0.0201
0.0191
0.0225
0.0214
0.0215
0.0211
0.0207
0.021
0.0187
0.0249
0.0173
0.0218
0.0305
0.0374
0.0264
0.0331
0.0308
0.0203
0.0144
0.0152
0.0159
0.014
0.0307
0.0195
0.023
0.0221
0.0168
0.0183
0.0231
0.0224
0.0231
0.0157
0.0175
0.0186
0.0151
0.0228
0.0197
0.0172
0.023
0.0219
0.0236
0.0216
0.0232
0.0224
0.0262
0.0214
0.0248
0.0165
0.0187
0.0225
0.0173
0.0234
0.0216
0.021
0.0223
0.0219
0.0253
0.0174
0.0201
0.0143
0.0211
0.0118
0.0222
0.0168
0.0144
0.0162
0.0151
0.0185
0.0135
0.0163
0.017
0.0296
0.0183
0.016
0.0148
0.017
0.0168
0.0128
0.0147
0.0149
0.0168
0.0177
0.0177
0.0138
0.0127
0.0191
0.0196
0.0293
0.0209
0.0162
0.0153
0.0137
0.0172
0.0162
0.0183
0.018
0.0216
0.0141
0.0152
0.0167
0.0152
0.0165
0.0144
0.0132
0.016
0.0162
0.0174
0.0156
0.0217
0.0192
0.0149
0.0129
0.0253
0.0158
0.0145
0.0139
0.0139
0.0151
0.0149
0.0169
0.0139
0.0133
0.0131
0.012
0.0151
0.0147
0.0172
0.0142
0.017
0.0142
0.0177
0.0172
0.0145
0.0216
0.0236
0.0192
0.0168
0.0168
0.0156
0.0184
0.0172
0.0145
0.0176
0.0233
0.0181
0.0177
0.0169
0.0156
0.0126
0.0112
0.0213
0.0134
0.0313
0.0143
0.0336
0.0259
0.0176
0.0159
0.0124
0.0111
0.0214
0.011
0.0149
0.0205
0.0159
0.0132
0.0405
0.0162
0.0188
0.0223
0.0122
0.0137
0.0218
0.0147
0.0113
0.0215
0.019
0.0236
0.0182
0.0205
0.0159
0.0223
0.0326
0.0346
0.0175
0.0187
0.0176
0.0219
0.0265
0.0185
0.0227
0.0227
0.0135
0.0187
0.015
0.0222
0.0163
0.0244
0.0128
0.0254
0.017
0.0239
0.0169
0.0158
0.0236
0.0164
0.0189
0.0179
0.0225
0.0132
0.0253
0.0172
0.0154
0.0197
0.0199
0.0217
0.0192
0.0216
0.0225
0.0239
0.0188
0.0173
0.0182
0.0176
0.0197
0.0192
0.0155
0.0188
0.0146
0.0279
0.0121
0.0193
0.0194
0.0191
0.0225
0.0209
0.0116
0.0305
0.0241
0.0186
0.0195
0.026
0.0233
0.0141
0.0218
0.023
0.0184
0.0153
0.0166
0.0156
0.0197
0.0188
0.0192
0.0179
0.0188
0.0203
0.0163
0.0232
0.0226
0.0183
0.0215
0.0231
0.0257
0.0138
0.013
0.0211
0.0352
0.0194
0.0192
0.0132
0.0129
0.0128
0.0218
0.0229
0.0192
0.023
0.0226
0.0237
0.014
0.0113
0.0123
0.0168
0.0134
0.0202
0.0193
0.0213
0.0171
0.0215
0.0149
0.0139
0.0158
0.0183
0.0199
0.0217
0.012
0.0144
0.0174
0.0123
0.0384
0.0169
0.0151
0.0131
0.0117
0.0167
0.0161
0.0224
0.0158
0.0194
0.0143
0.0129
0.0135
0.0141
0.0161
0.0134
0.0126
0.0196
0.0136
0.0143
0.0202
0.0359
0.031
0.0163
0.0186
0.0135
0.0142
0.0208
0.0139
0.02
0.0192
0.0146
0.0315
0.0232
0.0164
0.0218
0.0165
0.0224
0.0213
0.0227
0.012
0.0142
0.018
0.0301
0.0184
0.022
0.0149
0.0153
0.0155
0.0276
0.0183
0.0191
0.014
0.0139
0.0344
0.0124
0.0216
0.0243
0.0194
0.0153
0.0193
0.0172
0.0171
0.018
0.0152
0.0169
0.0156
0.0294
0.0174
0.0179
0.015
0.0203
0.0127
0.0199
0.0175
0.0134
0.0175
0.0334
0.015
0.0111
0.0181
0.0137
0.0136
0.0351
0.0173
0.02
0.012
0.0199
0.0165
0.0136
0.0146
0.0306
0.0179
0.0174
0.0146
0.0392
0.0161
0.041
0.0193
0.012
0.0116
0.0275
0.0227
0.0146
0.0215
0.0147
0.0224
0.0151
0.0115
0.0252
0.0177
0.0182
0.0195
0.0182
0.0138
0.0147
0.017
0.0166
0.0173
0.0233
0.0146
0.0232
0.0202
0.0159
0.0254
0.0181
0.0211
0.0151
0.0258
0.0132
0.0146
0.0154
0.0177
0.0252
0.0143
0.0152
0.0149
0.0205
0.022
0.0255
0.0138
0.012
0.0184
0.0259
0.012
0.015
0.0195
0.0185
0.0121
0.0162
0.0232
0.0192
0.0144
0.0187
0.0236
0.0192
0.0222
0.023
0.0139
0.0228
0.015
0.0218
0.0291
0.0199
0.0191
0.0172
0.0205
0.0234
0.0187
0.0176
0.0178
0.0144
0.017
0.0194
0.02
0.018
0.0154
0.0182
0.0314
0.0157
0.02
0.0169
0.0292
0.0148
0.0136
0.0183
0.021
0.0184
0.0182
0.0228
0.0226
0.0226
0.0233
0.0199
0.0206
0.0192
0.0204
0.0209
0.0183
0.018
0.0194
0.0191
0.0211
0.0184
0.023
0.0222
0.0211
0.0193
0.0185
0.0133
0.0226
0.0265
0.0132
0.0186
0.0212
0.017
0.0173

--------------------------------------
VideoDecoderBeginFrame_WDDM2_4_D3D11_1
--------------------------------------
0.0061
0.0032
0.0024
0.0042
0.006
0.0066
0.0049
0.0036
0.0036
0.0039
0.0027
0.003
0.0022
0.0029
0.0032
0.0021
0.0025
0.0076
0.0034
0.004
0.0042
0.004
0.0033
0.0032
0.0036
0.0033
0.0034
0.0029
0.0056
0.0032
0.0041
0.0028
0.0039
0.0038
0.0031
0.0038
0.0029
0.0046
0.0028
0.0049
0.0033
0.0035
0.005
0.0027
0.0039
0.0043
0.0039
0.0049
0.003
0.0038
0.0039
0.0037
0.0038
0.0029
0.0023
0.0042
0.0028
0.0047
0.0043
0.0039
0.0043
0.0042
0.0028
0.0047
0.0064
0.0036
0.004
0.0037
0.0039
0.0039
0.0105
0.0049
0.0042
0.0042
0.0042
0.0034
0.0031
0.0044
0.0044
0.0039
0.0044
0.0036
0.0041
0.0033
0.0039
0.0032
0.0038
0.0047
0.0044
0.0038
0.0042
0.0049
0.0044
0.0039
0.0047
0.0041
0.0036
0.0039
0.0038
0.0039
0.0034
0.0032
0.0035
0.0034
0.0046
0.0038
0.0042
0.0036
0.0023
0.002
0.0038
0.0039
0.004
0.0042
0.0032
0.0041
0.0042
0.0037
0.0045
0.0034
0.0033
0.0033
0.004
0.0039
0.0038
0.0061
0.0039
0.0045
0.0043
0.0042
0.0045
0.0039
0.0038
0.0041
0.0035
0.0038
0.0035
0.0046
0.0039
0.0045
0.0039
0.0068
0.0043
0.0037
0.0033
0.0168
0.0029
0.0031
0.0036
0.0038
0.0034
0.0034
0.004
0.0034
0.0034
0.0035
0.0026
0.0031
0.0035
0.0026
0.0036
0.0063
0.0034
0.0027
0.0026
0.0036
0.0043
0.003
0.003
0.003
0.008
0.0035
0.0035
0.0024
0.0022
0.002
0.0035
0.0036
0.0062
0.003
0.0109
0.0031
0.0027
0.0063
0.0034
0.0044
0.0035
0.0034
0.004
0.004
0.0042
0.0042
0.0039
0.0023
0.0027
0.0024
0.0026
0.0022
0.0041
0.0024
0.0025
0.0022
0.0022
0.0019
0.0031
0.0031
0.0029
0.0034
0.0031
0.0031
0.0029
0.0042
0.0019
0.0046
0.0035
0.0031
0.004
0.0036
0.0031
0.0036
0.003
0.0041
0.013
0.004
0.0039
0.003
0.0033
0.0036
0.0036
0.0034
0.0034
0.0034
0.0032
0.0036
0.0044
0.0065
0.0037
0.0033
0.0036
0.0033
0.0033
0.0046
0.0031
0.0033
0.0032
0.0035
0.0034
0.0033
0.0061
0.0039
0.0041
0.0037
0.0038
0.0033
0.0039
0.0043
0.0036
0.0042
0.0037
0.0032
0.0034
0.0028
0.0057
0.0042
0.0042
0.0037
0.0047
0.0041
0.0037
0.0032
0.0032
0.0021
0.0043
0.0033
0.0038
0.0043
0.0034
0.004
0.004
0.0043
0.0042
0.0043
0.0068
0.0032
0.0032
0.0029
0.0032
0.0041
0.0039
0.0044
0.0033
0.0024
0.0031
0.0038
0.0037
0.0033
0.0046
0.0038
0.0033
0.004
0.0044
0.0047
0.0036
0.0042
0.0044
0.0036
0.0039
0.0045
0.0045
0.0035
0.0041
0.0039
0.0068
0.0032
0.0072
0.0041
0.0047
0.0025
0.0039
0.0039
0.0037
0.0047
0.0048
0.004
0.0022
0.0039
0.0043
0.0043
0.0041
0.007
0.0048
0.004
0.004
0.0044
0.0038
0.0038
0.0033
0.0047
0.0043
0.0037
0.0034
0.0044
0.0037
0.004
0.004
0.0045
0.0031
0.0041
0.0036
0.004
0.0047
0.004
0.0039
0.0043
0.0039
0.0036
0.0037
0.0045
0.0033
0.0039
0.0037
0.004
0.0039
0.0049
0.0045
0.0045
0.0028
0.0035
0.0031
0.0034
0.0016
0.0026
0.0053
0.0028
0.0027
0.0034
0.0038
0.0047
0.0026
0.0021
0.0025
0.004
0.0049
0.0114
0.0052
0.0048
0.0118
0.0034
0.0036
0.0034
0.0043
0.0038
0.0045
0.0031
0.0035
0.0036
0.0039
0.0034
0.0037
0.0044
0.0038
0.0037
0.0043
0.004
0.005
0.0037
0.0039
0.0063
0.0039
0.004
0.0035
0.0034
0.0031
0.0046
0.0036
0.0046
0.0032
0.0034
0.0029
0.0033
0.003
0.0034
0.0062
0.0021
0.002
0.0035
0.0036
0.0035
0.0037
0.0041
0.0043
0.0039
0.0045
0.003
0.0019
0.0035
0.0039
0.0041
0.0035
0.0041
0.0051
0.0038
0.0024
0.0022
0.0021
0.0019
0.0022
0.0019
0.0018
0.0017
0.002
0.0039
0.0038
0.0036
0.0042
0.0061
0.0036
0.0091
0.0039
0.0032
0.0025
0.0029
0.0021
0.0037
0.0043
0.0038
0.0036
0.0038
0.0041
0.0041
0.0038
0.0033
0.0035
0.0038
0.0111
0.0031
0.0021
0.0046
0.0029
0.0025
0.0025
0.004
0.0069
0.0034
0.0033
0.0021
0.002
0.0037
0.0034
0.0035
0.0032
0.0049
0.0035
0.0042
0.0032
0.0035
0.0044
0.004
0.0035
0.0036
0.0033
0.0038
0.005
0.0051
0.0033
0.0036
0.0038
0.0034
0.0029
0.0034
0.003
0.0037
0.0038
0.0037
0.0037
0.0043
0.0034
0.0035
0.0031
0.0049
0.0043
0.0073
0.003
0.0052
0.0047
0.0036
0.0032
0.0045
0.0044
0.0026
0.0032
0.0039
0.0044
0.0038
0.0035
0.0054
0.0078
0.0042
0.0036
0.0041
0.004
0.0041
0.0043
0.0045
0.0043
0.0038
0.0051
0.0042
0.0044
0.0035
0.0044
0.0034
0.0039
0.0034
0.004
0.0035
0.0041
0.0038
0.004
0.0033
0.0047
0.0039
0.0031
0.0043
0.0028
0.0064
0.0041
0.0033
0.0041
0.0053
0.0031
0.0039
0.0042
0.004
0.0035
0.0072
0.0043
0.0044
0.0045
0.0038
0.0043
0.0043
0.0037
0.0047
0.0033
0.0035
0.0046
0.0031
0.0051
0.0033
0.0028
0.0028
0.0045
0.0038
0.0037
0.0039
0.0037
0.004
0.0028
0.0029

----------------------------
VideoDecoderEndFrame_D3D11_1
----------------------------
0.0387
0.0562
0.0819
0.0052
0.086
0.0035
0.0683
0.0038
0.0751
0.0042
0.067
0.0038
0.0661
0.0097
0.0663
0.0034
0.0638
0.0033
0.0681
0.0058
0.0031
0.0031
0.0724
0.0654
0.0027
0.0574
0.002
0.0615
0.0071
0.0625
0.0032
0.0654
0.0031
0.0594
0.0027
0.0635
0.0037
0.073
0.0028
0.0795
0.0076
0.0768
0.0085
0.0649
0.0024
0.0755
0.0034
0.063
0.0055
0.0029
0.0623
0.058
0.0026
0.0612
0.0052
0.0781
0.0026
0.0588
0.0057
0.0629
0.0027
0.0643
0.0024
0.0776
0.0026
0.066
0.0021
0.0639
0.0026
0.0633
0.0025
0.0599
0.0024
0.0627
0.0022
0.0587
0.0027
0.0723
0.0022
0.0896
0.0031
0.0605
0.003
0.0623
0.003
0.0667
0.0042
0.0627
0.0024
0.067
0.0022
0.07
0.0022
0.0625
0.0048
0.0628
0.0022
0.0713
0.002
0.0616
0.0025
0.0683
0.002
0.0698
0.0022
0.0028
0.0611
0.0604
0.003
0.0702
0.0023
0.0566
0.0024
0.0736
0.0027
0.0616
0.002
0.0665
0.0024
0.0641
0.0021
0.0591
0.002
0.0714
0.0024
0.0656
0.0022
0.066
0.0281
0.0628
0.0022
0.0715
0.0019
0.0599
0.0019
0.0744
0.0023
0.0617
0.0022
0.079
0.0022
0.0656
0.0018
0.0636
0.0024
0.0622
0.0021
0.0603
0.0022
0.0674
0.0033
0.0875
0.0024
0.0717
0.0023
0.0613
0.0019
0.0763
0.0024
0.0653
0.0024
0.0655
0.0024
0.0686
0.0021
0.0588
0.0021
0.0744
0.0019
0.0621
0.0019
0.0702
0.0024
0.0614
0.0019
0.0716
0.0021
0.0647
0.0021
0.0772
0.0021
0.0663
0.0021
0.0621
0.0023
0.0697
0.0021
0.0645
0.0021
0.0684
0.0044
0.0611
0.0019
0.0661
0.003
0.0649
0.0022
0.0639
0.0025
0.0623
0.0022
0.0619
0.0027
0.0647
0.0022
0.0614
0.0023
0.0641
0.0024
0.0658
0.0021
0.0675
0.002
0.0632
0.002
0.002
0.0621
0.0614
0.0022
0.0713
0.0025
0.0631
0.002
0.0712
0.002
0.0632
0.0018
0.0696
0.002
0.0622
0.0023
0.0689
0.0023
0.0671
0.0021
0.0676
0.0018
0.0677
0.0023
0.0673
0.0018
0.0725
0.0021
0.0607
0.0023
0.065
0.0019
0.071
0.0021
0.0725
0.0024
0.0676
0.002
0.0626
0.0023
0.0724
0.0019
0.0626
0.0022
0.0634
0.0023
0.0692
0.0022
0.0648
0.0019
0.0688
0.0024
0.0617
0.002
0.0706
0.0049
0.0619
0.0019
0.0714
0.0019
0.0593
0.0018
0.0717
0.0025
0.0635
0.0019
0.0649
0.0022
0.071
0.0046
0.0023
0.0699
0.062
0.0018
0.0741
0.0022
0.081
0.0027
0.0593
0.0039
0.0756
0.0026
0.0663
0.0023
0.0598
0.003
0.073
0.0026
0.0591
0.003
0.0603
0.0025
0.0678
0.0031
0.0669
0.0033
0.0609
0.0027
0.0685
0.0034
0.0663
0.008
0.0672
0.0036
0.0903
0.0039
0.0851
0.0027
0.0602
0.0034
0.0029
0.0535
0.0555
0.0026
0.0642
0.004
0.0565
0.0027
0.0684
0.0039
0.0713
0.0045
0.0546
0.0028
0.0646
0.0031
0.0599
0.0026
0.0636
0.0039
0.0632
0.0039
0.0586
0.0056
0.0665
0.0035
0.0782
0.0028
0.0656
0.0037
0.0824
0.0028
0.0643
0.0029
0.0613
0.0027
0.0828
0.0031
0.0651
0.0043
0.0908
0.003
0.0802
0.0028
0.0616
0.0024
0.0607
0.0041
0.0709
0.0029
0.1113
0.0029
0.0762
0.0029
0.0626
0.0027
0.0714
0.0034
0.0736
0.0027
0.0734
0.0027
0.0742
0.0027
0.0577
0.0036
0.0864
0.0027
0.0543
0.0031
0.0825
0.0029
0.0612
0.0032
0.0686
0.0032
0.0593
0.0048
0.057
0.0028
0.0643
0.0029
0.0719
0.0037
0.067
0.003
0.0655
0.0031
0.0785
0.0027
0.066
0.0024
0.0716
0.0028
0.0022
0.0602
0.0647
0.0574
0.0029
0.0612
0.0073
0.0608
0.0026
0.0675
0.0026
0.0771
0.003
0.0679
0.0027
0.076
0.0029
0.0643
0.0031
0.0601
0.0101
0.0667
0.0064
0.0609
0.0028
0.0648
0.0029
0.0615
0.0029
0.0605
0.0036
0.072
0.0025
0.0596
0.0022
0.0688
0.0045
0.0858
0.0027
0.0605
0.003
0.0676
0.003
0.0664
0.003
0.0591
0.003
0.0629
0.0028
0.0603
0.0019
0.0656
0.002
0.0019
0.0623
0.0074
0.0749
0.0019
0.0643
0.0031
0.0641
0.0022
0.0615
0.0027
0.0706
0.0023
0.0574
0.0027
0.0607
0.0028
0.0752
0.002
0.063
0.002
0.0625
0.0029
0.0712
0.0018
0.0702
0.0023
0.0708
0.0029
0.0656
0.0035
0.0637
0.0025
0.0663
0.0028
0.066
0.0027
0.0616
0.0024
0.07
0.0026
0.0641
0.002
0.0587
0.0019
0.0693
0.0029
0.0635
0.002
0.0589
0.002
0.071
0.0024
0.0603
0.0023
0.0692
0.0023
0.0635
0.002
0.0707
0.0024
0.0672
0.0029
0.0703
0.0019
0.0594
0.0022
0.0035
0.0619
0.0627
0.0019
0.0673
0.0021
0.0617
0.0021
0.0687
0.0026
0.0641
0.0022
0.0623
0.0022
0.069
0.0022
0.061
0.003
0.0615
0.002
0.0672
0.0021
0.0685
0.0019
0.0703
0.0023
0.0612
0.0018
0.0728
0.0031
0.0721
0.0026
0.0612
0.0024
0.0642
0.0024
0.0642
0.002
0.0715
0.0021
0.059
0.0018
0.0621
0.0032
0.0616
0.0033
0.0646
0.0022
0.0697
0.0019
0.0619
0.0019
0.0683
0.0025
0.0639
0.0018
0.0623
0.0019
0.0659
0.0018
0.0663
0.0026
0.071
0.0027
0.0642
0.0023
0.0695
0.0024
0.0657
0.0019
0.0705
0.0022
0.0612
0.0019
0.0627
0.0022
0.0693
0.0021
0.0635
0.0019
0.0691
0.0018
0.0627
0.0021
0.0686
0.002
0.0605
0.0025
0.0621
0.0021
0.0656
0.0019
0.0655
0.0038
0.0578
0.006
0.0623
0.0018
0.0703
0.0022
0.0653
0.0022
0.0684
0.0024
0.0635
0.0025
0.0667
0.0022
0.0594
0.002
0.0642
0.0022
0.0649
0.0029
0.0684
0.0021
0.07
0.0022
0.061
0.0024
0.0646
0.0017
0.0667
0.0018
0.0666
0.0022
0.0628
0.0021
0.059
0.0024
0.0621
0.0024
0.0606
0.0024
0.068
0.0041
0.0645
0.0023
0.0689
0.0024
0.0664
0.002
0.071
0.009
0.0658
0.002
0.0676
0.0018
0.0599
0.0026
0.0757
0.0018
0.0656
0.0022
0.0655
0.0018
0.0627
0.0021
0.0677
0.0026
0.0637
0.0017
0.0717
0.0017
0.0622
0.0023
0.0674
0.0018
0.0628
0.0021
0.0737
0.0018
0.0642
0.0019
0.0716
0.0017
0.0634
0.0017
0.0712
0.0022
0.06
0.0023
0.069
0.0025
0.0645
0.0021
0.0692
0.002
0.0619
0.002
0.0625
0.002
0.0609
0.0019
0.0635
0.002
0.0571
0.0028
0.0656
0.0024
0.0608
0.0029
0.0638
0.0041
0.0602
0.0031
0.0701
0.0031
0.0573
0.0024
0.0711
0.0023
0.073
0.0021
0.0689
0.002
0.0023
0.062
0.0612
0.0558
0.0026
0.0687
0.0024
0.0735
0.0018
0.0684
0.0022
0.0771
0.0031
0.0757
0.002
0.0717
0.0031
0.0704
0.0028
0.0654
0.003
0.0675
0.0021
0.0659
0.0017
0.0644
0.0029
0.0048
0.0638
0.0765
0.0037
0.0622
0.0029
0.0672
0.003
0.0668
0.0022
0.0702
0.0021
0.067
0.002
0.0692
0.0018
0.0673
0.0028
0.069
0.0026
0.0671
0.0023
0.0721
0.003
0.0682
0.0028
0.0702
0.0026
0.0702
0.0028
0.0619
0.0032
0.068
0.0097
0.065
0.0032
0.0863
0.0029
0.0714
0.0026
0.0663
0.0026
0.0752
0.0021
0.0689
0.0021
0.0621
0.003
0.0677
0.0019
0.0021
0.0676
0.0031
0.0685
0.0021
0.0687
0.0027
0.0618
0.0031
0.002
0.0875
0.0029
0.0417
0.0563
0.0597
0.0019
0.0699
0.0021
0.0722
0.0018
0.0696
0.0019
0.0684
0.0021
0.0741
0.0031
0.0643
0.0051
0.0635
0.0029
0.0616
0.0024
0.0613
0.0024
0.0649
0.0023
0.0671
0.0061
0.0718
0.003
0.073
0.0029
0.072
0.0025
0.0697
0.0022
0.0704
0.0031
0.0733
0.002
0.0779
0.0029
0.0627
0.003
0.0665
0.003
0.0659
0.0027
0.0654
0.003
0.0609
0.0029
0.0594
0.0027
0.0693
0.0036
0.0628
0.0029
0.0709
0.0031
0.0701
0.0027
0.0633
0.0066
0.0666
0.0031
0.0751
0.0028
0.0672
0.002
0.0704
0.0029
0.0667
0.0024
0.0663
0.002
0.0029
0.0032
0.0631
0.0632
0.0596
0.003
0.0651
0.0048
0.0718
0.0021
0.0625
0.0018
0.0566
0.0031
0.0601
0.0024
0.0654
0.0021
0.0636
0.003
0.0662
0.0023
0.0032
0.0636
0.0022
0.0592
0.0028
0.0618
0.0029
0.0856
0.003
0.0636
0.0671
0.0091
0.0676
0.0033
0.0707
0.0028
0.0611
0.0028
0.0712
0.0022
0.0723
0.0066
0.0751
0.0023
0.0034
0.0861
0.0025
0.0028
0.0385
0.0541
0.0559
0.0018
0.0615
0.006
0.0713
0.0031
0.0695
0.0029
0.067
0.0029
0.0852
0.0021
0.0688
0.002
0.0648
0.0027
0.0602
0.002
0.0637
0.0042
0.0678
0.0031
0.0627
0.0028
0.0741
0.0029
0.0712
0.0057
0.0673
0.0028
0.0612
0.0024
0.0668
0.0032
0.06
0.0029
0.077
0.0021
0.0657
0.0046
0.0656
0.003
0.0611
0.0036
0.0617
0.0033
0.0703
0.0024
0.0683
0.0028
0.0704
0.0021
0.0636
0.003
0.073
0.0022
0.0622
0.0029
0.0603
0.0021
0.0677
0.0021
0.0626
0.0027
0.0668
0.0021
0.0715
0.0021
0.064
0.0019
0.0654
0.0024
0.0627
0.0024
0.0702
0.003
0.063
0.0023
0.0667
0.0023
0.0602
0.002
0.068
0.0019
0.0677
0.0023
0.0596
0.0031
0.0581
0.0023
0.0633
0.0022
0.0677
0.0022
0.0666
0.0019
0.0683
0.0022
0.0548
0.0028
0.0627
0.0038
0.0717
0.0026
0.063
0.0021
0.0756
0.0025
0.0657
0.0028
0.0633
0.0023
0.0733
0.0026
0.0639
0.0024
0.0635
0.0022
0.0688
0.0025
0.0634
0.0017
0.0632
0.0023
0.0672
0.0019
0.0623
0.0024
0.0715
0.0018
0.0619
0.0021
0.0703
0.0017
0.0624
0.0024
0.071
0.0026
0.0629
0.002
0.0714
0.0021
0.0627
0.0017
0.0773
0.0019
0.0651
0.0022
0.064
0.0023
0.0641
0.0023
0.0615
0.0022
0.0699
0.0019
0.0023
0.0027
0.0646
0.0577
0.0026
0.0683
0.0027
0.0612
0.0034
0.0577
0.0025
0.0703
0.0022
0.0584
0.0026
0.0588
0.0023
0.06
0.0023
0.0712
0.002
0.0626
0.0024
0.0607
0.0018
0.0621
0.0025
0.0605
0.0019
0.0624
0.0034
0.0729
0.0043
0.0588
0.0021
0.0672
0.0022
0.0631
0.0021
0.0791
0.0018
0.0024
0.0629
0.0633
0.0019
0.0698
0.0022
0.0651
0.0022
0.0684
0.002
0.0644
0.0023
0.0626
0.0023
0.0592
0.002
0.068
0.0025
0.0661
0.0019
0.074
0.0019
0.0621
0.0022
0.0672
0.0018
0.0667
0.0023
0.0743
0.0033
0.0645
0.0026
0.0026

---------------------------------
VideoDecoderSubmitBuffers_D3D11_1
---------------------------------
10.8519
3.5828
5.837
3.1982
9.062
5.1442
4.8051
0.8472
0.7439
0.726
1.4422
2.4239
0.6674
1.0773
1.0592
1.7657
1.2957
1.2196
1.5408
1.6467
1.0012
0.8296
1.5721
1.5991
0.5714
0.6143
0.5436
0.5713
0.8039
0.644
0.6831
0.5927
0.5986
0.6378
0.5461
0.647
0.5767
0.63
0.549
0.6552
0.7992
0.6081
0.6255
0.5993
0.6146
0.6862
0.6621
0.6781
0.6148
0.5835
0.6435
0.6225
0.5499
0.5626
0.5673
0.6667
0.5214
0.6518
0.6052
0.5898
0.657
0.5806
0.5907
0.6595
0.5801
0.6257
0.6512
0.5786
0.636
0.6061
0.6477
0.6444
0.6119
0.6378
0.6479
0.5648
0.5892
0.6721
0.5769
0.6403
0.653
0.5968
0.6447
0.5784
0.6338
0.606
0.6307
0.6144
0.6633
0.6068
0.6457
0.6678
0.6602
0.6076
0.6141
0.6262
0.6329
0.5973
1.8575
0.6577
0.625
0.5598
0.6216
0.5541
0.6475
0.6667
0.622
0.56
0.5317
0.5879
0.6409
0.6193
0.6351
0.6522
0.5961
0.6108
0.6512
0.6136
0.6432
0.5828
1.8152
0.6117
0.5738
0.6205
0.6081
0.5908
0.6522
0.6037
0.6677
0.6032
0.6475
0.6068
0.6625
0.599
0.5914
0.6379
0.609
0.6707
0.596
0.6693
0.6517
0.613
0.6574
0.6588
0.5725
0.6139
0.8112
0.5781
0.6828
0.575
0.5813
0.5872
0.5578
0.5914
0.5459
0.6129
0.5947
0.5715
0.5557
0.6542
0.8448
0.7876
0.5991
0.526
0.5226
0.5792
0.5854
0.5709
0.5629
0.5595
0.6141
0.5347
0.6162
1.5482
1.5682
1.023
1.0291
0.6419
1.6056
0.6348
0.6536
1.5618
1.5054
0.9889
1.0177
0.6531
0.7015
1.0214
0.7794
1.0387
0.6874
0.7081
1.6279
1.5206
1.4917
1.5251
1.5144
1.5364
1.5845
1.5142
1.5731
1.5457
1.5074
1.0284
1.0596
1.562
0.599
0.9995
1.0469
1.0535
1.598
0.5907
0.5238
0.6463
0.6226
1.024
1.0196
1.0015
1.0181
1.0022
0.9581
1.02
0.9928
0.994
0.9948
0.6397
1.0336
0.6689
0.6497
1.0543
1.0246
1.011
1.0146
1.0129
0.9708
0.5696
0.5821
0.6042
0.6299
0.5686
3.7034
0.6084
0.6245
0.5972
0.5946
0.5784
0.6513
0.5591
0.6325
0.6012
0.7088
0.6234
0.6207
0.6335
0.6701
0.621
0.5805
0.6478
0.5905
0.5953
0.6339
0.5258
0.6404
0.5906
0.6388
0.5983
0.6588
0.6257
0.6632
0.5836
0.5721
0.5448
0.6552
0.6359
0.6376
0.6765
0.6092
0.6158
0.6112
0.655
0.6555
0.6969
0.6579
0.5787
0.5803
0.7108
0.6214
0.6452
0.5955
0.6507
0.5795
0.6153
0.5588
0.6577
0.6345
0.6142
0.6726
0.626
0.5474
0.62
0.6453
0.676
0.6382
0.6637
0.6324
0.6576
0.6057
0.6477
0.6829
0.5937
0.6517
0.6533
0.6692
0.5737
0.6057
0.6226
0.5825
0.5553
0.6279
0.6546
0.6548
0.6433
0.6902
0.6047
0.556
0.6186
0.6439
0.579
0.6358
0.6039
0.6672
0.6238
0.6182
0.6396
0.5668
0.6108
0.558
0.6754
0.6282
0.6211
0.6312
0.6529
0.6303
0.6036
0.6155
0.6704
0.6042
0.5832
0.6168
0.5987
0.649
0.6572
0.6429
0.5905
0.6593
0.6406
0.5795
0.6798
0.6309
0.6697
0.5726
0.6539
0.6098
0.6622
0.6104
0.6677
0.5344
0.6085
0.5314
0.5936
0.5278
0.5326
0.5768
1.0057
1.0523
1.0156
1.0084
1.0273
0.9545
0.5542
0.6131
1.041
0.9795
1.0388
1.0096
1.0084
1.0123
0.689
1.015
1.0265
1.033
1.0417
1.6035
0.5994
0.6286
1.0425
1.0064
1.5974
1.0228
0.994
1.0133
1.0015
1.0186
1.0233
0.9912
1.0265
0.9917
0.9818
0.584
0.9805
1.0256
1.0339
1.0573
0.6555
0.6565
0.6974
1.0266
0.7099
0.9516
0.683
1.0388
1.0217
1.055
0.5286
0.6942
0.6735
0.662
0.65
0.6649
0.6707
0.9727
1.0184
1.0067
1.0279
1.0373
0.6838
0.9937
1.0068
1.0385
0.9987
0.9848
0.9723
1.5861
1.572
1.5066
1.4942
1.5899
1.5024
1.5003
1.4964
1.5192
1.027
0.9683
0.6436
0.9653
0.9081
0.6363
0.6044
0.9968
1.071
1.6959
0.5772
0.5507
0.6723
0.9514
0.7337
0.6647
1.0047
0.69
0.6951
1.0136
1.0831
0.6705
1.0049
0.9737
1.0164
0.5288
0.7171
1.0136
1.0451
1.0408
0.6182
0.9325
1.0635
0.6958
0.529
0.6761
0.6653
0.9635
0.9807
1.0153
0.9903
0.6522
0.6807
1.0419
0.746
1.0082
1.0113
1.0337
0.9642
0.9834
1.0249
1.0025
0.9982
1.0513
0.6508
0.937
1.0143
1.5596
1.0185
0.6631
0.9803
0.7238
1.019
0.6471
1.0027
0.7361
0.6701
0.6058
0.5991
0.5957
0.6469
0.5332
0.6658
0.6284
0.6096
0.5837
0.6544
0.6198
0.5446
0.6142
0.6328
0.6879
0.6311
0.6237
0.5103
0.6915
0.6437
0.5778
0.636
0.6333
0.648
0.6684
0.6035
0.6541
0.6582
0.6759
0.6463
0.5951
0.6305
0.6541
0.6239
0.6369
0.6084
0.6151
0.611
0.6621
0.5803
0.658
0.582
0.6884
0.6319
0.6344
0.5979
0.5898
0.5595
0.6198
0.5678
0.5398
0.6737
0.5577
0.6167
0.6084
0.6175
0.6278
0.6069
0.6411
0.6003
0.6538
0.633
0.5809
0.6502
0.6288
0.6545
0.6102
0.5689
0.6759
0.62
0.6735
0.6169
0.5971
0.6044
0.6579
0.6475
0.616
0.6117
0.603
0.6838
0.5277
0.6038

