---------------------------------------------
CalcPrivateVideoDecoderOutputViewSize_D3D11_1
---------------------------------------------
0.0029
0.0015
0.0014
0.0017
0.0017
0.0014
0.0049
0.0008
0.0016
0.0017
0.001
0.0013
0.001
0.0027
0.0011
0.0017
0.001
0.0011
0.0009
0.0034
0.0016
0.0016
0.0029
0.0015
0.0016
0.0016
0.0013
0.0011
0.0018
0.0018
0.001
0.001
0.0009
0.0011
0.0015
0.0022
0.0013
0.001
0.0006
0.0014
0.0007
0.0011
0.0026
0.0011
0.0008
0.0008
0.0008
0.0006
0.0007
0.0006
0.0007
0.001
0.0008
0.0009
0.0008
0.0025
0.001
0.0018
0.0029
0.001
0.0012
0.0027
0.0017
0.0033
0.0011
0.0019
0.0019
0.0012
0.0017
0.0018
0.0017
0.001
0.0008
0.0007
0.0016
0.0011
0.0007
0.0014
0.0008
0.0007
0.0007
0.0013
0.0007
0.0007
0.0008
0.0006
0.0007
0.0006
0.0006
0.0017
0.001
0.0013
0.0012
0.0015
0.0082
0.0008
0.0015
0.001
0.0009
0.0022
0.0019
0.001
0.0011
0.0009
0.0022
0.0016
0.002
0.0016
0.0011
0.0009
0.0007
0.0014
0.0009
0.0008
0.0018
0.0008
0.0008
0.0008
0.0007
0.0005
0.0008
0.002
0.0011
0.0008
0.0024
0.0016
0.0007
0.0016
0.001
0.0006
0.0009
0.001
0.0011
0.0017
0.0017
0.001
0.0008
0.0012
0.0007
0.0017
0.0015
0.0055
0.0013
0.0018
0.001
0.0008
0.0006
0.0016
0.001
0.0015
0.0018
0.001
0.0025
0.0019
0.0011
0.0011
0.0017
0.0011
0.002
0.0012
0.0008
0.0007
0.0008
0.0007
0.0009
0.0013
0.0008
0.0008
0.0007
0.0006
0.0007
0.0009
0.0007
0.0011
0.0009
0.0007
0.0008
0.0006
0.0007
0.0009
0.0006
0.0007
0.0007
0.0007
0.0013
0.0009
0.0009
0.0007
0.0015
0.0007
0.0006
0.0019
0.001
0.0009
0.0011
0.0009
0.0008
0.0008
0.001
0.002
0.0009
0.0011
0.0019
0.0008
0.0037
0.001
0.0008
0.0007
0.0007
0.0006
0.0006
0.0073
0.0007
0.0007
0.0007
0.0007
0.0006
0.0007
0.0006
0.0006
0.0008
0.0006
0.0006
0.0006
0.0006
0.0006
0.0007
0.0008
0.0012
0.0009
0.0028
0.0012
0.0008
0.0025
0.0012
0.0008
0.002
0.0022
0.0015
0.0013
0.0009
0.0023
0.0014
0.0008
0.0025
0.001
0.0009
0.0009
0.0016
0.0007
0.0009
0.0014
0.0026
0.0013
0.0009
0.001
0.001
0.0014
0.0007
0.0013
0.0009
0.0034
0.0017
0.001
0.0038
0.0007
0.001
0.001
0.0007
0.0007
0.0007
0.001
0.0007
0.0007
0.0007
0.0006
0.0006
0.0007
0.0007
0.0006
0.0007
0.0009
0.0006
0.0006
0.0006
0.0006
0.0006
0.0006
0.0005
0.0007
0.0005
0.0006
0.0008
0.0006
0.0006
0.0007
0.0009
0.0008
0.0007
0.0006
0.0009
0.0009
0.0022
0.0011
0.0014
0.0008
0.0008
0.0007
0.0007
0.0007
0.0006
0.0007
0.0007
0.0007
0.0006
0.0006
0.0115
0.0006
0.0006
0.001
0.0006
0.0006
0.0006
0.0008
0.0006
0.0009
0.0006
0.0006
0.0006
0.0007
0.0011
0.0006
0.005
0.0006
0.0009
0.0024
0.0008
0.0008
0.0006
0.0007
0.0006
0.0008
0.0008
0.0016
0.001
0.0021
0.0009
0.0008
0.001
0.0007
0.0008
0.0006
0.0007
0.0008
0.0009
0.0007
0.0007
0.0007
0.001
0.0009
0.0007
0.0013
0.001
0.0009
0.0007
0.0006
0.0007
0.0007
0.0006
0.0006
0.0006
0.0005
0.0007
0.0006
0.0007
0.0007
0.0006
0.0008
0.0006
0.0006
0.0006
0.0006
0.0006
0.0006
0.0011
0.0006
0.0006
0.0007
0.0006
0.0014
0.0018
0.0014
0.0018
0.0009
0.001
0.001
0.0012
0.001
0.0009
0.0011
0.001
0.0019
0.0011
0.0011
0.0015
0.0009
0.0013
0.0022
0.0011
0.0009
0.0014
0.0011
0.0009
0.001
0.0007
0.0017
0.0013
0.0008
0.002
0.0009
0.0007
0.0007
0.0006
0.0008
0.0006
0.0009
0.001
0.0012
0.0021
0.0019
0.0013
0.0013
0.001
0.0018
0.0015
0.0012
0.0012
0.0012
0.001
0.001
0.0007
0.0007
0.0007
0.0008
0.0011
0.0017
0.0016
0.0008
0.001
0.0008
0.0007
0.0007
0.0007
0.0008
0.0007
0.0009
0.0034
0.0006
0.0006
0.0006
0.0006
0.0008
0.0011
0.0006
0.0008
0.0007
0.0008
0.0009
0.0013
0.0008
0.0008
0.0008
0.0009
0.0018
0.0039
0.0016
0.0007
0.0007
0.0008
0.0009
0.0012
0.0009
0.0011
0.0008
0.0006
0.0007
0.0008
0.0007
0.0006
0.0007
0.0006
0.0009
0.0008
0.0007
0.0008
0.0009
0.0006
0.0006
0.0007
0.0006
0.0008
0.0006
0.0007
0.0006
0.0007
0.0007
0.0006
0.0006
0.0008
0.0006
0.0006
0.0007
0.0007
0.0007
0.0006
0.0008
0.0008
0.0008
0.0008
0.0008
0.0006
0.0006
0.0005
0.0005
0.0007
0.0006
0.0007
0.0007
0.0008
0.0006
0.0007
0.0007
0.001
0.0007
0.0006
0.0008
0.0009
0.0007
0.0015
0.001
0.0008
0.0024
0.0008
0.0008
0.0009
0.0006
0.0007
0.0007
0.0006
0.0007
0.0007
0.0006
0.0007
0.0009
0.0006
0.0006
0.0005
0.0006
0.0006
0.0005
0.0008
0.0009
0.0008
0.0006
0.0008
0.0007
0.0006
0.0007
0.0007
0.0009
0.0007
0.0006
0.0007
0.0006
0.0007
0.0007
0.0007
0.0005
0.0006
0.0006
0.0007
0.0007
0.0007
0.0007
0.0006
0.0008
0.0006
0.0006
0.0017
0.0007
0.0005
0.0006
0.0008
0.0007
0.0009
0.0008
0.0006
0.0009
0.0007
0.0013

-----------------------
CodechalDecode::Execute
-----------------------
7.3844
16.4877
14.4963
1.0934
5.7007
0.8182
0.6753
0.6666
0.6215
0.6265
0.5979
0.5648
0.5784
0.5771
0.6078
0.7595
0.7291
0.5652
0.5745
0.7739
0.6131
0.613
0.9401
0.6454
0.5463
0.4565
0.4095
0.4054
0.4147
0.5709
0.4288
0.3745
0.4275
1.8196
0.7088
0.5253
0.4135
0.43
0.4325
0.4279
0.4232
0.5715
0.4131
0.4334
0.3833
0.3925
0.4295
0.3833
0.3991
0.4161
0.4102
0.4181
0.4156
0.3836
0.391
0.4644
0.4978
0.6396
0.7536
0.4254
0.4599
0.7294
0.4838
0.5002
0.4252
0.4908
1.8989
0.4058
0.4608
0.4754
0.6486
0.4475
0.4256
0.4241
0.6098
0.4202
0.4162
0.5491
0.4157
0.3917
0.3968
0.6156
0.3993
0.3938
0.4312
0.4232
0.3772
0.3969
0.4284
0.4414
0.3902
0.5317
0.4901
0.4642
0.4092
0.4029
0.6204
0.4083
0.4327
1.6352
0.4906
0.3828
0.3975
0.4336
0.4823
2.0963
0.4632
0.4227
0.4213
0.4046
0.3809
0.5915
0.4314
0.3896
0.4803
0.4377
0.3978
0.4241
0.3908
0.3993
0.3915
0.4982
0.4122
0.4191
0.6487
0.4609
0.4103
0.4593
0.426
0.4261
0.4152
0.4347
0.4082
0.653
0.4632
0.4567
0.4322
0.4231
0.394
0.4711
0.4666
0.4813
0.4839
0.4938
0.4534
0.3932
0.4265
0.4848
0.4067
0.4543
2.1569
0.4493
0.5181
1.5263
0.4182
2.6067
0.5107
0.4515
0.4975
0.5814
0.4362
0.4299
0.4045
0.4014
0.4231
0.408
0.4396
0.3804
0.3954
0.3958
0.4348
0.4333
0.3905
0.5846
0.428
0.4084
0.4399
0.4044
0.43
0.3838
0.4113
0.4258
0.3816
0.4018
0.4898
0.4067
0.5098
0.4397
0.5945
0.3925
0.4197
0.4825
0.3978
0.4013
0.4355
0.4059
0.3808
0.411
0.3695
0.4531
0.5017
0.4103
0.4815
0.4006
0.4439
0.4238
0.395
0.4212
0.4394
0.4278
0.4097
0.4097
0.4258
0.3894
0.4236
0.3835
0.4076
0.423
0.4062
0.3889
0.4317
0.3796
0.3772
0.4029
0.4091
0.3995
0.4194
0.5471
0.4412
0.4494
0.523
0.4098
0.4305
0.6554
0.444
0.432
0.6456
0.48
0.481
0.4066
0.4864
0.6724
0.4427
0.4422
0.4653
0.4363
0.3845
0.3924
0.4385
0.4014
0.4441
0.4503
0.7298
0.6268
0.4419
0.4026
0.3848
0.4425
0.4301
0.4447
0.439
0.4289
0.5221
0.4226
0.3719
0.4343
0.3822
0.3992
0.382
0.4122
0.4034
0.5897
0.3884
0.3979
0.3947
0.4084
0.4216
0.3928
0.3991
0.4188
0.3978
0.4144
0.431
0.4222
0.4257
0.4297
0.3821
0.4262
0.3928
0.4199
0.4272
0.4075
0.4089
0.4234
0.408
0.4098
0.3968
0.4044
0.4182
0.401
0.4377
0.3904
0.5353
0.4127
0.4342
0.4199
0.4048
0.4302
0.4265
0.4153
0.4079
0.4202
0.3888
0.4215
0.3951
0.426
0.3854
0.413
0.3947
0.4225
0.4195
0.3909
0.4173
0.4224
0.4144
0.4221
0.3923
0.4208
0.4073
0.392
0.3922
0.4389
0.4325
0.4286
0.381
0.4311
0.3963
0.416
0.4073
0.4171
0.4129
0.381
2.884
0.4529
0.4346
0.4834
0.4454
0.419
0.4213
0.3946
0.4147
0.3756
0.3821
0.4169
0.4078
0.4338
0.4165
0.4085
0.4005
0.4212
0.3787
0.4582
0.4255
0.3517
0.3929
0.4027
0.4159
0.3892
0.3875
0.4068
0.4338
0.3813
0.3985
0.383
0.4196
0.3962
0.4233
0.3877
0.4288
0.3884
0.4135
0.4124
0.4147
0.4121
0.3984
0.4181
0.4124
0.413
0.4041
0.402
0.4591
0.5381
0.4759
0.4373
0.4261
0.3952
0.3785
0.442
0.4221
0.4144
0.4275
0.5736
0.3855
0.3843
0.6182
0.4266
0.4208
0.4978
0.4225
0.3804
0.4204
0.4118
0.3984
0.4083
0.4181
0.4297
0.4073
0.4108
0.5087
0.4458
0.3968
0.4235
0.4346
0.4164
0.4085
0.4246
0.3979
0.4099
0.6815
0.4883
0.4839
0.4611
0.4674
0.4574
0.4357
0.4725
0.4631
0.4854
0.4493
0.4533
0.442
0.4189
0.4098
0.4037
0.4033
0.4682
0.4609
0.4431
0.4219
0.4362
0.4261
0.4465
0.4194
0.4254
0.4251
0.3934
0.4169
0.3985
0.4289
0.3833
0.4211
0.3859
0.4083
0.3933
0.4318
0.3913
0.4235
0.4077
0.4063
0.3973
0.4284
0.4668
0.3929
0.4829
0.4053
0.4584
0.4472
0.4241
0.4298
0.4185
0.3925
0.4023
0.3911
0.4162
0.4143
0.4115
0.4199
0.4278
0.4215
0.4105
0.4334
0.392
0.4109
0.3998
0.3968
0.4068
0.3928
0.4219
0.4131
0.4254
0.4215
0.4075
0.4289
0.4182
0.405
0.4277
0.4215
0.382
0.4306
0.4112
0.4127
0.4027
0.4168
0.3863
0.4107
0.4055
0.4052
0.4103
0.3853
0.4082
0.402
0.4166
0.3826
0.4054
0.401
0.4059
0.4071
0.396
0.4023
0.3913
0.4105
0.416
0.3872
0.4519
0.4036
0.4314
0.4275
0.4039
0.445
0.4281
0.4044
0.5529
0.4266
0.4131
0.4449
0.3923
0.405
0.413
0.4333
0.3936
0.4235
0.4026
0.4056
0.378
0.3941
0.4205
0.4073
0.4203
0.3801
0.4185
0.3961
0.4263
0.3935
0.4157
0.419
0.4183
0.3969
0.4169
0.3957
0.4414
0.3966
0.399
0.4302
0.4295
0.4049
0.4144
0.4073
0.4196
0.4182
0.3821
0.3891
0.4072
0.4264
0.3923
0.4201
0.3795
0.4329
0.4219
0.4191
0.4177
0.4048
0.4212
0.4181
0.4252
0.3735
0.4042
0.4325
0.4013
0.4201
0.4045

---------------------------------------
CodechalDecodeHevcG12::DecodeStateLevel
---------------------------------------
0.5302
5.7405
8.7758
6.5986
0.2816
6.0529
0.2368
0.21
0.2093
5.2494
0.265
0.2663
0.2197
0.1906
0.223
0.1957
0.2658
0.1921
0.2369
0.2071
0.2374
0.189
0.2404
0.1736
0.2049
0.1888
0.2191
0.1936
0.2314
0.2058
0.2819
0.2512
0.2835
0.2456
0.2312
0.1892
0.2218
0.1762
0.283
0.272
0.2272
0.1743
0.2118
0.1935
0.4282
0.2332
0.2856
0.1913
0.2336
0.1451
0.1651
0.1352
0.1547
0.1185
0.1538
0.1202
0.1504
0.1323
0.2222
0.1772
0.1614
0.1326
0.1406
0.1177
0.1644
0.1431
0.1534
1.2235
0.2455
0.2166
0.212
0.1362
0.1574
0.1236
0.1737
0.128
0.1634
0.1367
0.1597
0.1424
0.1662
0.1304
0.2143
0.1939
0.1632
0.1247
0.1678
0.1302
0.1444
0.1254
0.147
0.1299
0.1712
0.1283
0.1451
0.122
0.1574
0.1246
0.1552
0.1288
0.153
0.1354
0.1612
0.1224
0.1603
0.1361
0.1459
0.1236
0.1429
0.1366
0.1898
0.1251
0.1964
0.1281
0.2236
0.2396
0.3061
0.2079
0.1649
0.126
0.1807
0.1254
0.2781
0.211
0.1921
0.1325
0.2066
0.1295
0.1574
0.1328
0.2018
0.1273
0.175
1.3634
0.1558
0.1245
0.1808
0.126
0.1824
0.1388
0.2394
0.2032
0.1726
0.1357
0.1645
0.1284
0.1606
0.1353
0.2269
0.1955
0.164
0.1248
0.1584
0.1267
0.2246
0.1571
0.1596
0.126
0.1491
0.1232
0.148
0.1287
0.2405
0.1928
0.1548
0.1213
0.1481
0.1207
0.1624
0.135
0.1576
0.1256
0.1426
0.1242
0.1492
0.1288
0.1669
0.1312
0.1623
0.1384
0.1454
0.1238
0.2347
0.1314
0.1955
0.1327
0.1838
0.1348
0.1528
0.1279
0.1513
0.1206
0.2338
0.1985
0.1578
0.1223
0.1613
0.1329
0.2037
1.1118
0.2077
0.1228
0.1477
0.1183
0.1562
0.1192
0.1562
0.122
0.1909
0.1229
0.234
1.4561
0.1817
0.1276
0.1649
0.124
0.1585
0.1284
0.165
0.1203
0.1501
0.1197
0.2285
0.1899
0.1607
0.1472
0.1447
0.1299
0.1771
0.1363
0.1726
0.136
0.1504
0.1236
0.1577
0.1375
0.1487
0.1215
0.1478
0.1286
0.1479
0.126
0.2124
0.1264
0.1533
0.1194
0.1498
0.1273
0.195
0.2797
0.1748
0.1224
0.159
0.124
0.1802
0.1259
0.1554
0.1342
0.1637
0.1273
0.1541
0.1276
0.1736
0.1211
0.163
0.1261
0.2608
0.2064
0.1787
0.1303
0.1759
0.1376
0.166
0.1323
0.1644
0.1282
0.1555
0.1201
0.1953
0.1254
0.1859
0.1284
0.1857
0.1306
0.1999
0.1264
0.1959
0.1327
0.1781
0.1376
0.1496
0.1221
0.1559
0.1341
0.194
0.1318
0.1522
0.1303
0.1791
0.1227
0.1713
1.554
0.1728
0.1304
0.2235
0.1345
0.185
0.1383
0.159
0.1297
0.2132
2.2544
0.195
0.147
0.1692
0.1398
0.2069
0.129
0.2287
0.1749
0.1709
0.1287
0.1623
0.1376
0.1492
0.1314
0.1681
0.1193
0.1538
0.1345
0.172
0.1113
0.1761
0.1345
0.1394
0.1308
0.1564
0.1207
0.1473
0.1294
0.1703
0.1307
0.1705
0.1213
0.1449
0.1326
0.225
0.189
0.1592
0.1345
0.1598
0.1232
0.1724
0.1356
0.1482
0.1344
0.1709
0.1275
0.146
0.1155
0.1529
0.1355
0.1519
0.1309
0.1468
0.1179
0.1498
0.1225
0.1535
0.1233
0.1528
0.1298
0.2122
0.1371
0.1734
0.1272
0.2275
0.1919
0.1474
0.1245
0.1544
0.1301
0.1907
0.1308
0.1491
0.124
0.1583
0.1243
0.1676
0.1303
0.1648
0.1195
0.1424
0.1223
0.1565
0.1221
0.1418
0.1156
0.1792
0.1259
0.199
0.1354
0.1643
0.1284
0.213
0.1273
0.1632
0.1166
0.1739
0.1248
0.1645
0.1331
0.1499
0.128
0.1644
0.1272
0.1725
0.1343
0.1653
0.133
0.1587
0.1245
0.1566
0.1278
0.1631
0.1335
0.1483
0.1213
0.1645
0.1272
0.1457
0.1202
0.1511
0.1365
0.1614
0.1352
0.156
0.1243
0.1461
0.126
0.1684
0.1332
0.1465
0.1199
0.1399
0.1235
0.1529
0.1304
0.1557
0.1235
0.1549
0.1225
0.1601
0.1311
0.1999
0.1872
0.1674
0.1404
0.1817
0.1298
0.2241
0.1246
0.1655
0.119
0.1652
0.1267
0.2519
0.1974
0.1767
0.1284
0.1688
0.1326
0.2351
0.2011
0.1885
0.1271
0.1924
0.1397
0.152
0.1197
0.161
0.1245
0.2631
0.1989
0.1723
0.1297
0.1739
0.1291
0.1862
0.1273
0.1715
0.1296
0.1509
0.119
0.1484
0.121
0.1712
0.1273
0.1505
0.1298
0.1686
0.1347
0.1776
0.1232
0.2851
0.2106
0.2486
0.1907
0.1793
0.1264
0.1501
0.1207
0.1416
0.1154
0.18
0.122
0.1676
0.1272
0.173
0.1337
0.1748
0.1306
0.1595
0.1274
0.2186
0.131
0.1604
0.1272
0.144
0.1127
0.1725
0.1279
0.141
0.1181
0.1593
0.1221
0.1468
0.1191
0.1617
0.1254
0.1524
0.1261
0.2298
0.1828
0.1471
0.1204
0.1504
0.1239
0.1496
0.1281
0.1554
0.1287
0.1572
0.1327
0.1501
0.1266
0.1498
0.1298
0.163
0.1263
0.1485
0.1316
0.1596
0.1215
0.1674
0.1327
0.1614
0.1262
0.1631
0.1307
0.1625
0.1297
0.1465
0.1203
0.1608
0.1343
0.1499
0.1258
0.1568
0.1306
0.1667
0.1351
0.1572
0.1267
0.1574
0.1248
0.1584
0.1333
0.1555
0.1285
0.1578
0.1246
0.1509
0.1209
0.1585
0.1193
0.1641
0.1236
0.1539
0.1241
0.1735
0.1298
0.1439
0.1248
0.2149
0.1389
0.1561
0.1209
0.1668
0.1245
0.1598
0.1315
0.1486
0.1381
0.1617
0.1406
0.1614
0.1351
0.1562
0.1298
0.1559
0.1239
0.1591
0.135
0.1457
0.1279
0.1566
0.1257
0.1471
0.1303
0.1607
0.14
0.1469
0.1183
0.1553
0.1327
0.1491
0.1191
0.1636
0.1312
0.1599
0.1339
0.1478
0.1254
0.1574
0.1258
0.16
0.13
0.1576
0.1273
0.1675
0.1258
0.1459
0.1286
0.1578
0.1344
0.1564
0.1232
0.1504
0.1184
0.1509
0.115
0.1742
0.125
0.1654
0.1386
0.1638
0.1325
0.1455
0.1204
0.1749
0.126
0.1545
0.1209
0.1571
0.1296
0.15
0.1353
0.1569
0.1362
0.1542
0.1326
0.1423
0.1214
0.1779
2.1802
0.1732
0.1283
0.1666
0.1316
0.1959
0.1314
0.177
0.133
0.1636
0.1269
0.1599
0.1287
0.1525
0.1261
0.1598
0.1241
0.1467
0.1185
0.1445
0.1203
0.1586
0.1315
0.1625
0.1238
0.1589
0.147
0.1629
0.1239
0.1567
0.1274
0.1475
0.1274
0.1688
0.1253
0.1469
0.1181
0.1689
0.1414
0.1667
0.1252
0.1371
0.1113
0.1461
0.1311
0.1531
0.1274
0.165
0.1252
0.1488
0.1276
0.1452
0.1278
0.1556
0.1225
0.1606
0.1468
0.1452
0.1256
0.1567
0.1241
0.1439
0.1183
0.1582
0.127
0.1485
0.1269
0.1691
0.1257
0.1469
0.1217
0.1635
0.1362
0.1448
0.1269
0.1637
0.1267
0.1544
0.1274
0.1569
0.1338
0.1575
0.1228
0.1469
0.1179
0.1594
0.1329
0.1546
0.1322
0.1559
0.1294
0.1562
0.1238
0.1547
0.1244
0.1843
0.1247
0.1719
0.1212
0.1873
0.1316
0.1748
0.1291
0.1742
0.1224
0.1559
0.1219
0.143
0.114
0.1736
0.1245
0.1617
0.1377
0.1742
0.1208
0.1544
0.129
0.2258
0.1797
0.1468
0.1165
0.1453
0.1164
0.2277
0.206
0.1638
0.1258
0.1662
0.129
0.1985
0.1356
0.1679
0.1247
0.1448
0.123
0.1605
0.1345
0.1491
0.1366
0.1503
0.1271
0.1671
0.1195
0.158
0.1358
0.1614
0.1232
0.1549
0.1209
0.1526
0.1345
0.2087
0.1292
0.177
0.129
0.1498
0.1225
0.1646
0.1269
0.1636
0.134
0.1582
0.1295
0.1571
0.1252
0.1634
0.1305
0.1516
0.1233
0.1566
0.1243
0.2233
0.1317
0.1951
0.1287
0.1997
0.1288
0.1795
0.1319
0.1984
0.1281
0.183
0.1279
0.172
0.1242
0.1954
0.1284
0.1873
0.1313
0.2023
0.1299
0.1862
0.1235
0.1768
0.1334
0.1745
0.1263
0.1574
0.1228
0.1607
0.1238
0.1551
0.123
0.162
0.1175
0.1752
0.1391
0.188
0.1223
0.1706
0.1262
0.1606
0.1219
0.1735
0.1288
0.1649
0.1294
0.1868
0.1267
0.1617
0.1269
0.1678
0.1266
0.1664
0.1253
0.1522
0.1206
0.1618
0.1294
0.1488
0.1333
0.1704
0.1273
0.1486
0.1194
0.1604
0.1345
0.1492
0.1183
0.1589
0.1195
0.1474
0.1227
0.1643
0.1339
0.1534
0.1205
0.1661
0.1295
0.1473
0.124
0.1589
0.12
0.1522
0.1259
0.1512
0.1514
0.1751
0.1626
0.15
0.1246
0.2054
0.129
0.155
0.1216
0.1798
0.1264
0.1795
0.1384
0.1598
0.1397
0.1649
0.1265
0.1654
0.1209
0.1515
0.1196
0.1504
0.1349
0.1448
0.1302
0.1581
0.1249
0.153
0.1338
0.1537
0.1297
0.1637
0.1256
0.1604
0.1368
0.1655
0.1259
0.1592
0.1247
0.1634
0.1397
0.1532
0.1178
0.1554
0.1278
0.1539
0.1215
0.1489
0.118
0.1587
0.1194
0.1459
0.1283
0.1622
0.1311
0.1582
0.1249
0.1583
0.1366
0.167
0.1246
0.1574
0.1233
0.1604
0.1347
0.1636
0.1251
0.1566
0.1236
0.1669
0.1348
0.1642
0.1261
0.1467
0.1187
0.1593
0.1392
0.1588
0.13
0.1582
0.126
0.1479
0.1375
0.1605
0.1259
0.1445
0.1244
0.1532
0.1348
0.1563
0.1234
0.1518
0.1322
0.1546
0.1313
0.1427
0.1165
0.1521
0.131
0.152
0.1234
0.1579
0.1331
0.1438
0.1239
0.163
0.1236
0.154
0.1222
0.1538
0.1272
0.1531
0.1235
0.1488
0.1198
0.1586
0.1184
0.1464
0.1296
0.1542
0.1316
0.1614
0.1254
0.1448
0.1194
0.1891
0.1335
0.1548
0.1235
0.1793
0.1224
0.1661
0.1244
0.1534
0.1226
0.1732
0.1307
0.1632
0.1299
0.1613
0.1212
0.2288
0.1353
0.1602
0.1343
0.1593
0.1256
0.1562
0.1322
0.1538
0.1219
0.1561
0.1243
0.154
0.1354
0.176
0.1282
0.1485
0.1191
0.1585
0.134
0.1553
0.1237
0.1532
0.1282
0.1453
0.1154
0.149
0.1265
0.161
0.1243
0.1531
0.1322
0.159
0.1354
0.1438
0.118
0.1543
0.1383
0.1495
0.1193
0.1621
0.1366
0.1485
0.1202
0.1521
0.1401
0.1668
0.1244
0.1604
0.1303
0.1466
0.1318
0.1545
0.1371
0.1473
0.1272
0.1659
0.1381
0.1551
0.118
0.1491
0.1297
0.1644
0.1373
0.1684
0.1296
0.156
0.1231
0.1558
0.1347
0.1554
0.1313
0.1664
0.1234
0.1525
0.1374
0.1458
0.1233
0.1529
0.1173
0.1577
0.1258
0.17
0.1257
0.1458
0.1303
0.1591
0.1349
0.145
0.1175
0.1759
0.1255
0.1682
0.1264
0.1558
0.1361
0.1653
0.125
0.1569
0.1217
0.1575
0.1367
0.1661
0.1253
0.1594
0.1246
0.1501
0.1121
0.1495
0.1327
0.1763
0.1276
0.1591
0.1243
0.1564
0.1305
0.1562
0.1242

-------------------------------------
CodechalDecodeHevcG12::SetFrameStates
-------------------------------------
0.7575
0.9065
8.0418
0.5218
0.1038
0.125
0.1312
0.1126
0.0492
0.0412
0.0366
0.0408
0.0351
0.0489
0.0409
0.0484
0.0401
0.0375
0.037
0.0486
0.0523
0.0382
0.0609
0.0409
0.0519
0.0414
0.0404
0.0349
0.0357
0.0504
0.0481
0.034
0.0336
0.3187
0.0593
0.06
0.0364
0.0357
0.0343
0.0367
0.037
0.0459
0.0367
0.0378
0.0332
0.0336
0.0372
0.0335
0.0357
0.0379
0.0351
0.0364
0.0354
0.0369
0.0322
0.0413
0.0655
0.0503
0.0649
0.0383
0.0446
0.0638
0.0438
0.0455
0.0364
0.0454
0.224
0.0367
0.0461
0.0446
0.0539
0.0404
0.038
0.0358
0.0507
0.0355
0.0352
0.051
0.0422
0.0338
0.0351
0.0514
0.0358
0.0393
0.0358
0.0417
0.0321
0.0337
0.0349
0.0394
0.0348
0.0519
0.0513
0.0406
0.0376
0.039
0.0505
0.0369
0.0386
0.201
0.0446
0.0355
0.0349
0.0353
0.0537
0.27
0.0439
0.0385
0.0371
0.0348
0.0318
0.0503
0.0374
0.0331
0.0508
0.0387
0.0361
0.0366
0.0348
0.0343
0.0334
0.0458
0.039
0.0334
0.0442
0.0392
0.0367
0.0422
0.0353
0.0399
0.0359
0.0375
0.0238
0.0587
0.0422
0.0401
0.037
0.0373
0.035
0.042
0.0404
0.0461
0.0426
0.0439
0.0395
0.0351
0.0362
0.0424
0.0353
0.0437
0.3157
0.0378
0.0456
1.097
0.0385
0.0367
0.0473
0.0386
0.0549
0.0525
0.0382
0.0359
0.0355
0.0319
0.0497
0.0295
0.0332
0.0316
0.0339
0.0333
0.0365
0.0451
0.0324
0.0485
0.0371
0.0354
0.037
0.0339
0.0374
0.0387
0.0337
0.036
0.0317
0.038
0.1224
0.0345
0.0496
0.0392
0.0499
0.0339
0.0422
0.0476
0.0364
0.0349
0.0372
0.0354
0.0341
0.0381
0.024
0.042
0.0529
0.0346
0.0427
0.0353
0.0386
0.0376
0.0337
0.0359
0.0401
0.0358
0.0364
0.0381
0.0353
0.0335
0.0349
0.0332
0.034
0.0354
0.0367
0.0323
0.037
0.0325
0.032
0.0332
0.0345
0.0341
0.0363
0.0425
0.0381
0.0365
0.0473
0.0289
0.04
0.0539
0.0391
0.0368
0.0566
0.0424
0.0427
0.036
0.0346
0.0574
0.0381
0.0372
0.0412
0.0371
0.0334
0.0376
0.0383
0.0347
0.0439
0.038
0.0644
0.0528
0.0394
0.0344
0.0395
0.0366
0.038
0.0362
0.037
0.0367
0.0516
0.0389
0.0247
0.0374
0.035
0.0333
0.032
0.0351
0.034
0.0509
0.0344
0.0345
0.0334
0.0333
0.0347
0.0323
0.0337
0.0358
0.0327
0.0335
0.0359
0.0358
0.0357
0.0394
0.0323
0.0356
0.0329
0.0365
0.0345
0.0338
0.0355
0.0344
0.0342
0.0344
0.0384
0.027
0.0356
0.0339
0.036
0.0316
0.0486
0.0377
0.039
0.0358
0.0341
0.0348
0.0357
0.0358
0.0387
0.0351
0.0324
0.0441
0.0329
0.0354
0.0348
0.0349
0.0322
0.0351
0.0356
0.0328
0.0397
0.0347
0.0346
0.0353
0.0326
0.0359
0.0348
0.0333
0.0268
0.0365
0.0347
0.0354
0.0326
0.0353
0.0324
0.0365
0.0336
0.0355
0.0342
0.0313
0.4026
0.0378
0.0372
0.0433
0.0387
0.0363
0.036
0.0332
0.0355
0.0325
0.0358
0.0334
0.0342
0.0343
0.0353
0.035
0.0337
0.0358
0.0336
0.0403
0.0382
0.0225
0.0321
0.0335
0.0347
0.0325
0.0325
0.0436
0.0353
0.0319
0.0322
0.0318
0.0341
0.0332
0.0347
0.0322
0.0356
0.0324
0.0334
0.0345
0.0346
0.0377
0.0331
0.0342
0.0348
0.0351
0.0347
0.0353
0.0417
0.0356
0.0416
0.0381
0.0399
0.0337
0.0245
0.0396
0.034
0.0338
0.0457
0.0529
0.035
0.0372
0.0512
0.0388
0.0365
0.0435
0.037
0.033
0.0367
0.0347
0.0331
0.0356
0.0352
0.0436
0.0367
0.0346
0.0458
0.0393
0.0342
0.0368
0.0366
0.0349
0.0348
0.0352
0.0326
0.0352
0.0468
0.0335
0.0404
0.0408
0.0402
0.0426
0.038
0.0412
0.0388
0.0415
0.0368
0.0383
0.0377
0.0354
0.0347
0.035
0.0359
0.0411
0.0381
0.0434
0.0419
0.0376
0.0377
0.0372
0.0372
0.0364
0.0367
0.0338
0.0352
0.0332
0.038
0.0329
0.0349
0.0332
0.0283
0.0324
0.0383
0.0331
0.036
0.0355
0.0353
0.0348
0.0348
0.0339
0.0326
0.0413
0.0384
0.0458
0.0349
0.0334
0.0369
0.0376
0.0354
0.0346
0.0335
0.0342
0.0342
0.0346
0.0353
0.0353
0.0358
0.036
0.036
0.0319
0.0328
0.0351
0.0422
0.0276
0.0325
0.0346
0.0356
0.0352
0.0352
0.0353
0.036
0.0353
0.0341
0.0356
0.0356
0.0333
0.0358
0.0337
0.0341
0.0323
0.0342
0.0322
0.0358
0.0331
0.0333
0.034
0.0329
0.0329
0.0385
0.0346
0.0321
0.0319
0.0336
0.0339
0.0379
0.0333
0.0264
0.0327
0.0332
0.0347
0.0322
0.0365
0.0343
0.0352
0.0367
0.034
0.0396
0.0361
0.0324
0.0481
0.0379
0.0366
0.0353
0.0332
0.0344
0.0339
0.0354
0.0328
0.0378
0.0346
0.0339
0.0311
0.0325
0.0426
0.0333
0.0355
0.0355
0.0346
0.0401
0.0274
0.0374
0.0337
0.0347
0.0354
0.0323
0.0346
0.0335
0.0373
0.033
0.0328
0.0356
0.0352
0.0339
0.0339
0.0341
0.0381
0.0345
0.0321
0.0318
0.0332
0.0351
0.0321
0.0346
0.0328
0.0344
0.0351
0.0346
0.0353
0.0352
0.0348
0.0351
0.0354
0.0229
0.0337
0.0346
0.0326
0.0363
0.0342

--------------------------
CreateVideoDecoder_D3D11_1
--------------------------
20.1428

---------------------------
DestroyVideoDecoder_D3D11_1
---------------------------
0

----------------
First Frame Time
----------------
67.924

--------------------------------------
VideoDecoderBeginFrame_WDDM2_4_D3D11_1
--------------------------------------
0.0068
0.0053
0.003
0.0029
0.0028
0.003
0.003
0.0026
0.0067
0.0031
0.0021
0.0026
0.0019
0.0032
0.0022
0.0033
0.0028
0.0029
0.002
0.004
0.0051
0.0027
0.0041
0.0027
0.0031
0.0029
0.0033
0.0021
0.0031
0.0019
0.0023
0.0022
0.0019
0.002
0.0031
0.0041
0.0026
0.0025
0.0019
0.0021
0.0024
0.0022
0.003
0.0019
0.0019
0.0016
0.0022
0.002
0.0017
0.0016
0.0018
0.0025
0.0018
0.0021
0.0018
0.0036
0.0023
0.0037
0.0049
0.0025
0.0029
0.0043
0.0034
0.016
0.0026
0.0034
0.0032
0.0023
0.0027
0.0034
0.0033
0.0028
0.002
0.002
0.0031
0.0022
0.0019
0.0027
0.002
0.002
0.0019
0.0029
0.002
0.0019
0.0022
0.0018
0.0022
0.0016
0.0018
0.0028
0.0022
0.0029
0.0027
0.0026
0.0036
0.0021
0.003
0.0023
0.0022
0.0038
0.0033
0.0023
0.0019
0.0021
0.0033
0.0029
0.0041
0.003
0.002
0.0019
0.0018
0.0026
0.0025
0.0016
0.0031
0.0023
0.0019
0.0022
0.0022
0.0018
0.0018
0.0034
0.0028
0.0019
0.0035
0.0029
0.0022
0.0028
0.0019
0.002
0.0022
0.0024
0.002
0.0027
0.0028
0.0025
0.0021
0.0023
0.0019
0.0031
0.0026
0.0049
0.0029
0.003
0.0024
0.0044
0.002
0.003
0.002
0.003
0.0031
0.0027
0.004
0.0032
0.0022
0.0026
0.0031
0.0021
0.0039
0.003
0.0022
0.0019
0.0018
0.0019
0.0022
0.0034
0.0019
0.0019
0.0018
0.0018
0.002
0.0021
0.0017
0.0023
0.0022
0.002
0.0019
0.0019
0.0018
0.0019
0.0019
0.0016
0.0017
0.0015
0.0025
0.0018
0.0025
0.0022
0.003
0.0019
0.0018
0.0031
0.0021
0.0041
0.0022
0.0021
0.0018
0.002
0.0021
0.003
0.0024
0.0023
0.003
0.0021
0.0026
0.0024
0.0019
0.0022
0.0021
0.0021
0.002
0.0039
0.0018
0.0019
0.0019
0.002
0.0019
0.0018
0.0019
0.0018
0.0018
0.0018
0.0018
0.0017
0.0015
0.0019
0.0016
0.0024
0.0025
0.002
0.0037
0.003
0.0021
0.0035
0.0024
0.0021
0.0034
0.0037
0.003
0.0024
0.0022
0.0035
0.0026
0.0022
0.0026
0.0022
0.0022
0.0019
0.0024
0.0018
0.002
0.0027
0.0043
0.003
0.0022
0.002
0.002
0.0022
0.002
0.0021
0.0021
0.0018
0.0031
0.0022
0.0023
0.0019
0.002
0.0018
0.0023
0.0018
0.0017
0.0026
0.0015
0.0019
0.0016
0.0018
0.0019
0.0016
0.0021
0.0016
0.0017
0.002
0.0016
0.0018
0.0018
0.002
0.0016
0.0017
0.0017
0.0017
0.0017
0.002
0.0019
0.0017
0.0019
0.0018
0.0023
0.0023
0.0018
0.0018
0.002
0.0017
0.0037
0.0029
0.0026
0.002
0.0025
0.0019
0.002
0.002
0.002
0.0018
0.0022
0.0017
0.0021
0.0019
0.0052
0.0018
0.0018
0.0024
0.002
0.0019
0.0017
0.0019
0.0016
0.0017
0.0018
0.0017
0.0022
0.0022
0.0025
0.002
0.002
0.0019
0.0017
0.0018
0.002
0.0022
0.0018
0.0018
0.0017
0.002
0.0022
0.0025
0.002
0.004
0.0025
0.0022
0.0023
0.002
0.0023
0.0019
0.0016
0.0019
0.0019
0.0021
0.0019
0.002
0.002
0.0019
0.0021
0.0032
0.0023
0.0021
0.0019
0.0018
0.002
0.0018
0.0018
0.0018
0.0018
0.0018
0.0016
0.0017
0.0017
0.002
0.0017
0.002
0.0021
0.0018
0.0017
0.0019
0.0017
0.0018
0.0028
0.0017
0.0018
0.0019
0.0018
0.0027
0.003
0.002
0.0027
0.0022
0.0025
0.002
0.0026
0.0023
0.0021
0.002
0.002
0.0034
0.0023
0.0024
0.0024
0.0022
0.0028
0.0032
0.0021
0.0019
0.0022
0.002
0.0018
0.0019
0.0019
0.0032
0.0024
0.0021
0.0038
0.0024
0.002
0.0021
0.0018
0.0021
0.0019
0.0022
0.002
0.0022
0.0044
0.0038
0.0021
0.0027
0.0022
0.0029
0.0046
0.0026
0.0023
0.0023
0.002
0.002
0.0021
0.0018
0.0019
0.002
0.002
0.0037
0.0025
0.0028
0.0021
0.002
0.002
0.0021
0.0019
0.0018
0.0018
0.002
0.002
0.0019
0.0019
0.0017
0.0018
0.0021
0.0027
0.0017
0.002
0.0019
0.0018
0.0021
0.0023
0.0018
0.0017
0.0018
0.0019
0.0034
0.0051
0.0024
0.0019
0.0018
0.0025
0.0022
0.0024
0.002
0.0019
0.0019
0.0018
0.0022
0.0018
0.0021
0.002
0.0023
0.0022
0.002
0.0016
0.0019
0.0021
0.002
0.0018
0.0017
0.002
0.002
0.0018
0.0018
0.0018
0.0019
0.0021
0.0019
0.0018
0.002
0.0017
0.0018
0.002
0.0018
0.0022
0.0053
0.0018
0.0019
0.0016
0.0017
0.0019
0.0019
0.0019
0.0021
0.0018
0.0016
0.0017
0.0017
0.002
0.0023
0.0021
0.0018
0.0017
0.0021
0.0018
0.0018
0.0019
0.0021
0.0021
0.0018
0.0029
0.0022
0.0019
0.0042
0.0022
0.0018
0.002
0.002
0.0019
0.0018
0.0021
0.0021
0.002
0.0018
0.0021
0.0019
0.0017
0.0019
0.0018
0.0019
0.0018
0.0017
0.002
0.0021
0.0021
0.0016
0.002
0.0019
0.0016
0.0018
0.0022
0.0021
0.002
0.0017
0.0018
0.0018
0.0018
0.0018
0.0018
0.0018
0.0018
0.0018
0.0019
0.0017
0.0019
0.002
0.0017
0.0019
0.0017
0.0018
0.0019
0.0018
0.0016
0.0019
0.0019
0.0024
0.0023
0.0024
0.0019
0.0019
0.0017
0.0017

----------------------------
VideoDecoderEndFrame_D3D11_1
----------------------------
0.0568
0.0695
0.0695
0.0727
0.0997
0.089
0.0766
0.0719
0.0738
0.0849
0.0712
0.0642
0.0723
0.0769
0.0625
0.0678
0.0644
0.0857
0.0882
0.0988
0.0673
0.0982
0.084
0.1002
0.0646
0.0618
0.0545
0.0898
0.0582
0.0771
0.0571
0.0575
0.0655
0.0639
0.1012
0.0624
0.0875
0.061
0.062
0.0811
0.0594
0.0783
0.0688
0.0714
0.0585
0.0641
0.0617
0.059
0.0586
0.0707
0.0626
0.0713
0.0566
0.0578
0.0627
0.059
0.0629
0.0635
0.086
0.0581
0.0667
0.0917
0.0711
0.0659
0.0662
0.0638
0.0864
0.0559
0.0998
0.0936
0.0867
0.0803
0.0634
0.0628
0.0876
0.0737
0.0612
0.0632
0.0642
0.058
0.0701
0.0838
0.0614
0.079
0.0658
0.0567
0.058
0.0622
0.0638
0.0586
0.0605
0.0643
0.067
0.0651
0.063
0.0584
0.1035
0.0653
0.0724
0.0563
0.0621
0.0582
0.121
0.0615
0.0599
0.0627
0.066
0.0909
0.0638
0.0585
0.0586
0.0795
0.0565
0.0572
0.0701
0.0613
0.0585
0.0649
0.0564
0.0721
0.0573
0.0622
0.0647
0.0569
0.0669
0.0612
0.0688
0.0615
0.0616
0.064
0.0759
0.0598
0.0692
0.0642
0.0634
0.0654
0.0632
0.0568
0.0573
0.0601
0.0594
0.2745
0.0355
0.0629
0.0642
0.0633
0.0611
0.0638
0.0576
0.0584
0.0595
0.058
0.0823
0.0602
0.0842
0.1045
0.0637
0.0867
0.113
0.062
0.079
0.0647
0.0626
0.0658
0.0591
0.0585
0.0562
0.0599
0.0643
0.0604
0.0625
0.0575
0.058
0.0807
0.0624
0.0602
0.0643
0.0589
0.0627
0.0574
0.0626
0.0613
0.0572
0.0718
0.0577
0.0603
0.0639
0.0623
0.0826
0.059
0.0664
0.0744
0.0633
0.0592
0.0762
0.0577
0.0583
0.0583
0.0577
0.0608
0.0799
0.071
0.0604
0.0573
0.0608
0.0574
0.0575
0.0631
0.0619
0.064
0.0649
0.071
0.0612
0.061
0.0606
0.0567
0.0584
0.0613
0.0603
0.0583
0.0607
0.0594
0.0566
0.0571
0.0623
0.0567
0.0633
0.0779
0.0708
0.0614
0.061
0.0572
0.0739
0.0832
0.0641
0.0696
0.0873
0.0691
0.0609
0.0661
0.0762
0.0875
0.0605
0.0631
0.0753
0.0644
0.0561
0.0576
0.0572
0.0604
0.0613
0.0601
0.0871
0.0868
0.0614
0.065
0.0614
0.0633
0.0654
0.0662
0.06
0.0676
0.0641
0.0603
0.0671
0.0551
0.0559
0.0589
0.0573
0.058
0.0597
0.0814
0.0563
0.0608
0.0583
0.07
0.0615
0.0731
0.0583
0.062
0.058
0.0572
0.0675
0.0591
0.0613
0.0584
0.0585
0.0606
0.0608
0.0614
0.0608
0.0627
0.0624
0.0613
0.0631
0.0595
0.0611
0.059
0.0576
0.0605
0.0589
0.0578
0.0653
0.0596
0.0672
0.0632
0.0616
0.0605
0.064
0.0597
0.0576
0.0642
0.0606
0.0592
0.0636
0.0578
0.0631
0.0605
0.0558
0.0665
0.0608
0.0605
0.0609
0.0605
0.0604
0.0663
0.0613
0.0592
0.0599
0.0623
0.0613
0.0604
0.0591
0.0587
0.0578
0.0604
0.056
0.0612
0.0614
0.0595
0.0589
0.0638
0.065
0.0619
0.0895
0.0645
0.0614
0.0607
0.0599
0.0559
0.0604
0.0543
0.056
0.0615
0.0623
0.06
0.0615
0.0611
0.0581
0.0598
0.062
0.0648
0.0635
0.0553
0.0576
0.0584
0.0622
0.0639
0.0576
0.0597
0.0623
0.0583
0.0585
0.0606
0.0592
0.0587
0.058
0.0638
0.0581
0.056
0.0591
0.0644
0.061
0.0582
0.0594
0.0642
0.0636
0.0607
0.0595
0.0561
0.0587
0.0597
0.064
0.0611
0.0558
0.0588
0.0599
0.0625
0.0568
0.0581
0.0581
0.066
0.0579
0.0541
0.0908
0.0585
0.0591
0.0634
0.0618
0.0562
0.0569
0.056
0.0577
0.0571
0.0622
0.0592
0.0572
0.0631
0.0657
0.0615
0.0612
0.0646
0.0612
0.0588
0.0605
0.0631
0.0578
0.0581
0.0721
0.0626
0.0632
0.0554
0.0592
0.0585
0.058
0.0573
0.0572
0.058
0.0549
0.0609
0.0658
0.0633
0.0596
0.0734
0.0576
0.0612
0.0637
0.0633
0.0632
0.0635
0.0608
0.0621
0.0601
0.0594
0.0604
0.0584
0.0615
0.0601
0.0607
0.0578
0.0591
0.057
0.0608
0.057
0.0574
0.057
0.058
0.0568
0.0564
0.0561
0.0604
0.0693
0.0694
0.0792
0.0654
0.0606
0.0909
0.0819
0.0595
0.0564
0.0635
0.054
0.0638
0.063
0.0626
0.0626
0.0711
0.0607
0.0607
0.0691
0.062
0.0559
0.0627
0.0575
0.061
0.063
0.0583
0.0607
0.0653
0.0599
0.0606
0.0677
0.0595
0.06
0.0685
0.0633
0.0589
0.0559
0.059
0.0602
0.059
0.057
0.0593
0.0598
0.0615
0.0625
0.0613
0.0611
0.0584
0.0586
0.0607
0.0629
0.055
0.058
0.0676
0.0646
0.0608
0.0606
0.072
0.0581
0.0594
0.0615
0.0631
0.0601
0.0579
0.0619
0.0628
0.0675
0.0607
0.0545
0.0609
0.0668
0.061
0.0609
0.0622
0.0616
0.0684
0.068
0.0677
0.0616
0.0593
0.0624
0.0634
0.0623
0.0609
0.0599
0.0708
0.0599
0.0597
0.0714
0.0552
0.0637
0.0594
0.0648
0.0613
0.0614
0.058
0.0603
0.0648
0.0662
0.057
0.0671
0.0659
0.0593
0.0658
0.0603
0.0605
0.0596
0.0673
0.0583
0.0707
0.0613
0.0636
0.0693
0.0594
0.0579
0.0649
0.06
0.0679
0.0616
0.0682
0.068
0.0674
0.0667
0.0672
0.0656
0.0594
0.061
0.0586
0.0623

---------------------------------
VideoDecoderSubmitBuffers_D3D11_1
---------------------------------
7.5362
16.5265
14.5181
1.1151
5.7226
0.8396
0.7004
0.688
0.6418
0.6459
0.6152
0.5854
0.5957
0.5964
0.6244
0.7807
0.751
0.582
0.5921
0.796
0.6373
0.6369
0.9691
0.668
0.5684
0.478
0.4273
0.4201
0.4307
0.7066
0.5756
0.3898
0.4414
1.8369
0.7389
0.5533
0.4297
0.4444
0.4464
0.4451
0.439
0.5893
0.4294
0.4502
0.3966
0.4057
0.4446
0.3968
0.4116
0.43
0.4262
0.4362
0.4295
0.3969
0.405
0.4894
0.5182
0.6647
0.7892
0.4428
0.4793
0.7616
0.5056
0.5281
0.4418
0.5144
1.9197
0.4232
0.4798
0.5018
0.6712
0.4662
0.4416
0.4388
0.6324
0.4388
0.4307
0.571
0.4307
0.4055
0.4106
0.638
0.4139
0.41
0.4472
0.4369
0.391
0.4094
0.4418
0.4609
0.4053
0.5534
0.5144
0.4835
0.4252
0.4175
0.643
0.4242
0.4494
1.6588
0.5167
0.3975
0.4229
0.4488
0.5043
2.1194
0.487
0.4492
0.4367
0.418
0.3936
0.612
0.4472
0.4026
0.5015
0.4534
0.4118
0.4376
0.4049
0.4126
0.4039
0.5194
0.4303
0.4337
0.6726
0.4809
0.425
0.4805
0.4439
0.441
0.4334
0.4518
0.4248
0.6794
0.485
0.4732
0.4465
0.4408
0.4093
0.4928
0.4874
0.5032
0.5064
0.5163
0.4718
0.4073
0.4405
0.5066
0.4217
0.477
2.1819
0.4675
0.5433
1.5523
0.4433
2.6242
0.5316
0.475
0.5201
0.6037
0.4517
0.4444
0.4179
0.4143
0.4394
0.4301
0.454
0.3923
0.4126
0.4083
0.4507
0.4516
0.4036
0.6028
0.4451
0.4224
0.4556
0.4192
0.4458
0.4024
0.4257
0.4419
0.3944
0.4159
0.5111
0.4202
0.5324
0.4575
0.6152
0.4064
0.4331
0.505
0.4141
0.4147
0.453
0.4201
0.3933
0.4263
0.3866
0.4751
0.5219
0.4269
0.5041
0.4166
0.4626
0.4396
0.4101
0.4376
0.4533
0.4419
0.4255
0.4283
0.4397
0.4018
0.4368
0.3951
0.4214
0.4363
0.4205
0.4012
0.4455
0.3924
0.3889
0.4159
0.426
0.4134
0.4343
0.5656
0.4587
0.465
0.5523
0.429
0.4479
0.6818
0.4621
0.4466
0.6721
0.5069
0.5023
0.4233
0.5019
0.702
0.4605
0.458
0.4856
0.4533
0.3985
0.4055
0.4572
0.4147
0.4598
0.4685
0.7618
0.6503
0.4586
0.4162
0.4001
0.4603
0.4455
0.4655
0.4549
0.4433
0.5444
0.4386
0.3888
0.4518
0.3973
0.4158
0.3972
0.4265
0.418
0.611
0.4015
0.4105
0.4078
0.4221
0.4348
0.4062
0.4121
0.4324
0.411
0.4305
0.4455
0.4389
0.441
0.4443
0.3961
0.4407
0.4056
0.4357
0.4406
0.4236
0.4224
0.437
0.4213
0.4257
0.4116
0.4232
0.4344
0.4162
0.4521
0.4065
0.5664
0.4303
0.4534
0.4335
0.4176
0.4436
0.4406
0.4292
0.4224
0.4329
0.401
0.4351
0.4076
0.44
0.4042
0.4291
0.4076
0.4369
0.4339
0.4032
0.4313
0.4363
0.4286
0.4371
0.405
0.4375
0.4218
0.4062
0.4117
0.4563
0.4469
0.443
0.3944
0.4452
0.4103
0.4333
0.42
0.4313
0.4258
0.3946
2.9014
0.472
0.4552
0.5064
0.4615
0.4341
0.4374
0.4078
0.4285
0.3878
0.3945
0.4295
0.4209
0.448
0.4308
0.423
0.4167
0.4357
0.3916
0.4778
0.4468
0.3663
0.4067
0.416
0.4304
0.4025
0.4003
0.4203
0.4475
0.3935
0.4112
0.3956
0.4334
0.4104
0.438
0.4007
0.4444
0.4007
0.4276
0.426
0.428
0.4337
0.4138
0.4328
0.4265
0.4268
0.4214
0.418
0.4811
0.557
0.4973
0.4536
0.4424
0.4092
0.396
0.4623
0.4359
0.4304
0.4428
0.5952
0.4011
0.4097
0.6398
0.4438
0.4397
0.5218
0.4406
0.3936
0.4371
0.4291
0.4127
0.4234
0.4369
0.4492
0.4233
0.4255
0.5349
0.4653
0.4109
0.4386
0.4494
0.4304
0.4241
0.4375
0.4129
0.4262
0.7072
0.514
0.5063
0.4805
0.4852
0.4789
0.4558
0.4928
0.482
0.5072
0.4677
0.4711
0.4588
0.4336
0.4241
0.419
0.42
0.4919
0.4821
0.4601
0.4402
0.4528
0.4422
0.4635
0.4356
0.4408
0.4403
0.407
0.4312
0.4121
0.4445
0.397
0.4367
0.4013
0.4281
0.4069
0.4483
0.4044
0.4387
0.4232
0.422
0.411
0.4426
0.4804
0.4077
0.5027
0.4223
0.4798
0.462
0.4374
0.4455
0.4354
0.4091
0.4168
0.4055
0.4314
0.4285
0.4276
0.4347
0.4426
0.4359
0.425
0.4479
0.4068
0.4247
0.4139
0.4116
0.4277
0.4057
0.4363
0.428
0.44
0.4395
0.4221
0.4436
0.4333
0.4198
0.4423
0.436
0.3953
0.4453
0.4249
0.4262
0.4159
0.431
0.3991
0.4236
0.4183
0.4183
0.4232
0.4048
0.4212
0.4144
0.4298
0.3948
0.418
0.4149
0.4191
0.4206
0.4104
0.4211
0.405
0.4234
0.4295
0.4002
0.4649
0.4171
0.4471
0.4453
0.4205
0.464
0.4426
0.4175
0.5808
0.4419
0.4267
0.4584
0.4043
0.4184
0.4263
0.4479
0.4067
0.437
0.4194
0.4184
0.3921
0.4066
0.4347
0.4207
0.434
0.3926
0.4341
0.4104
0.4454
0.409
0.4291
0.4334
0.4324
0.4098
0.4297
0.4096
0.4604
0.4109
0.412
0.4442
0.4434
0.419
0.4275
0.4231
0.433
0.431
0.3942
0.4033
0.424
0.4454
0.4082
0.4331
0.3936
0.4476
0.4364
0.4334
0.4323
0.4187
0.4351
0.4327
0.4425
0.3895
0.4207
0.4522
0.4145
0.4334
0.422

