---------------------------------------------
CalcPrivateVideoDecoderOutputViewSize_D3D11_1
---------------------------------------------
0.0025
0.0013
0.0011
0.0024
0.002
0.0012
0.0018
0.002
0.0013
0.0031
0.0014
0.0023
0.0016
0.0034
0.0017
0.0008
0.0008
0.0009
0.0012
0.0017
0.0013
0.0011
0.0012
0.001
0.0022
0.001
0.0009
0.0017
0.0046
0.001
0.0013
0.0012
0.001
0.0012
0.001
0.0016
0.0009
0.0011
0.0011
0.0026
0.0015
0.0015
0.0036
0.0018
0.0014
0.0013
0.0016
0.0015
0.0012
0.0012
0.001
0.001
0.0016
0.0014
0.0019
0.0016
0.002
0.0021
0.0011
0.0014
0.0009
0.0014
0.0011
0.0034
0.0016
0.0016
0.001
0.001
0.0011
0.0013
0.0006
0.001
0.0012
0.0015
0.0011
0.0017
0.0013
0.0011
0.0014
0.0019
0.0013
0.0009
0.0013
0.0016
0.001
0.0016
0.0014
0.0011
0.0015
0.0018
0.0019
0.0034
0.001
0.0011
0.0047
0.002
0.001
0.0012
0.0038
0.001
0.0017
0.0011
0.0015
0.0015
0.0014
0.001
0.0012
0.0014
0.001
0.0018
0.0012
0.0018
0.0012
0.0015
0.0013
0.0014
0.0017
0.0013
0.0009
0.001
0.0013
0.0022
0.0007
0.0008
0.0013
0.0009
0.0037
0.0012
0.0008
0.0011
0.0018
0.0012
0.001
0.0012
0.0012
0.0019
0.0016
0.0026
0.0019
0.0019
0.0017
0.0032
0.0015
0.0014
0.001
0.0011
0.002
0.0013
0.0014
0.0019
0.0014
0.0027
0.0012
0.0019
0.0015
0.0021
0.0036
0.0024
0.0017
0.0015
0.0022
0.0014
0.0011
0.0015
0.0019
0.0013
0.0017
0.0019
0.0019
0.0015
0.0016
0.0021
0.0014
0.0017
0.0014
0.0015
0.0013
0.0015
0.0009
0.0018
0.0016
0.0012
0.0021
0.0019
0.0013
0.0018
0.0022
0.0016
0.0018
0.0024
0.0016
0.0017
0.0018
0.0019
0.0014
0.0018
0.0015
0.0019
0.0015
0.0018
0.0017
0.0018
0.0023
0.002
0.0023
0.0015
0.0018
0.0019
0.0011
0.0019
0.0015
0.0049
0.0018
0.0019
0.0017
0.0015
0.0013
0.001
0.002
0.0018
0.0015
0.0015
0.0019
0.0017
0.0016
0.0014
0.0012
0.0018
0.0018
0.0013
0.002
0.0012
0.0018
0.0015
0.0013
0.001
0.0011
0.0015
0.0008
0.0011
0.0016
0.0016
0.0011
0.0019
0.0013
0.001
0.0018
0.0014
0.001
0.0017
0.0012
0.0013
0.001
0.0015
0.0009
0.0013
0.001
0.001
0.0014
0.001
0.0009
0.0011
0.0009
0.0012
0.0015
0.0014
0.0016
0.0015
0.001
0.0014
0.0012
0.0009
0.0011
0.002
0.0014
0.0018
0.001
0.0011
0.001
0.0014
0.0012
0.0017
0.0011
0.0011
0.001
0.0012
0.0009
0.0008
0.0052
0.0019
0.0014
0.0015
0.0011
0.0008
0.0015
0.001
0.001
0.0016
0.0015
0.0012

-----------------------
CodechalDecode::Execute
-----------------------
1.164
0.6878
1.0078
0.4234
0.4287
0.4764
0.7485
0.4993
0.2957
0.2924
0.2807
0.2818
0.2825
0.3126
0.2923
0.2799
0.3429
0.3029
0.281
0.3061
0.2513
0.2614
0.2451
0.2463
0.2739
0.2588
0.263
0.2734
0.2819
0.2447
0.2925
0.2688
0.2327
0.2377
0.2324
0.2482
0.2798
0.2424
0.2641
0.2421
0.3012
0.2454
0.2529
0.2748
0.2424
0.2631
0.2603
0.272
0.2759
0.2501
0.2279
0.2514
0.2397
0.2364
0.2558
0.2714
0.2714
0.2541
0.225
0.25
0.2588
0.2343
0.2479
0.2431
0.2854
0.2886
0.2898
0.2979
0.2455
0.2651
0.2309
0.2787
0.2576
0.2444
0.2472
0.2669
0.2652
0.2403
0.2726
0.2836
0.2735
0.244
0.2754
0.2613
0.2769
0.2911
0.2549
0.2706
0.264
0.2846
0.3084
0.2359
0.2454
0.2549
0.2803
0.2899
0.2497
0.2523
0.2583
0.2498
0.3132
0.2922
0.2716
0.2951
0.319
0.2579
0.2426
0.2509
0.2506
0.2798
0.2537
0.2672
0.2821
0.2384
0.2537
0.2767
0.2515
0.2545
0.2377
0.2348
0.2681
0.2524
0.2575
0.2267
0.2446
0.2648
0.2939
0.2613
0.2333
0.2409
0.3185
0.2675
0.275
0.2372
0.2496
0.2996
0.2808
0.368
0.3672
0.2736
0.2754
0.2585
0.2995
0.2906
0.2755
0.2494
0.2879
0.3561
0.2817
0.2793
0.2928
0.2658
0.2475
0.2795
0.4099
0.2995
0.2753
0.2713
0.284
0.3
0.2663
0.2435
0.2629
0.2685
0.2836
0.2667
0.3156
0.2627
0.2723
0.2624
0.2811
0.2927
0.2554
0.3063
0.2733
0.27
0.2646
0.3501
0.3289
0.2997
0.3247
0.2713
0.2536
0.2637
0.3433
0.2792
0.3017
0.2715
0.2704
0.4103
0.317
0.2741
0.2708
0.2701
0.302
0.253
0.2575
0.2556
0.256
0.2795
0.2403
0.2483
0.2692
0.2839
0.3122
0.2567
0.2652
0.3336
0.2394
0.2982
0.2628
0.269
0.2356
0.2912
0.2669
0.2372
0.2565
0.2841
0.2764
0.2629
0.2857
0.2489
0.2715
0.2866
0.2454
0.2707
0.2597
0.2878
0.3193
0.2549
0.2823
0.2823
0.2702
0.2935
0.2851
0.2754
0.2484
0.2864
0.2537
0.2332
0.2975
0.2517
0.2658
0.3023
0.2732
0.2503
0.2965
0.2809
0.2837
0.2787
0.2668
0.255
0.2714
0.2359
0.2496
0.2577
0.2614
0.2623
0.2558
0.2986
0.2686
0.2708
0.2707
0.2363
0.2633
0.2432
0.2475
0.2769
0.2694
0.244
0.2541
0.2597
0.2436
0.2833
0.2921
0.2853
0.2823
0.247
0.2335
0.2495
0.2558
0.3064
0.2681
0.2744
0.2642
0.2695
0.2637
0.2562
0.5626
0.9893
0.5883
0.2893
0.2742
1.3029
0.5607
0.2559
0.2575
0.3034
1.0267
1.0251

---------------------------------------
CodechalDecodeHevcG12::DecodeStateLevel
---------------------------------------
0.1842
0.2579
0.3857
0.1884
0.6827
0.1894
0.0958
0.1794
0.1701
0.1443
0.2325
0.1419
0.3899
0.2072
0.1742
0.1836
0.044
0.1286
0.0383
0.1382
0.0451
0.1284
0.0408
0.1306
0.0429
0.1245
0.0459
0.1416
0.0368
0.1513
0.0723
0.1131
0.0851
0.1637
0.0395
0.1611
0.0488
0.1285
0.0459
0.1354
0.0355
0.1182
0.0385
0.1151
0.0354
0.1146
0.0343
0.1132
0.0383
0.1267
0.0362
0.119
0.0376
0.1202
0.037
0.1226
0.0454
0.1121
0.0332
0.1118
0.0462
0.1274
0.0417
0.1149
0.0318
0.1071
0.033
0.11
0.0314
0.1103
0.0331
0.1204
0.0438
0.1232
0.035
0.111
0.0378
0.114
0.0357
0.1115
0.0433
0.1332
0.0331
0.1166
0.0339
0.1178
0.039
0.1261
0.0336
0.1107
0.0377
0.1194
0.0401
0.1181
0.04
0.1245
0.0416
0.124
0.0354
0.114
0.0305
0.1069
0.0376
0.1141
0.0332
0.1132
0.032
0.1096
0.0352
0.1147
0.0397
0.1214
0.038
0.1263
0.0347
0.1181
0.0322
0.0977
0.0334
0.115
0.0374
0.1181
0.0324
0.1056
0.0357
0.1099
0.0317
0.1089
0.0394
0.1276
0.0407
0.1346
0.0439
0.1251
0.0445
0.1228
0.0316
0.1169
0.0357
0.1243
0.0324
0.1119
0.0431
0.1303
0.0402
0.1183
0.0311
0.1188
0.0333
0.1173
0.036
0.1235
0.0353
0.1197
0.031
0.1115
0.0374
0.1273
0.0428
0.1289
0.0374
0.125
0.0323
0.1177
0.0379
0.1234
0.0358
0.1204
0.0392
0.1271
0.0456
0.1247
0.0349
0.1192
0.0412
0.1239
0.0368
0.1131
0.0416
0.1321
0.0468
0.1358
0.0322
0.1104
0.0318
0.1114
0.0341
0.1203
0.0388
0.1308
0.0461
0.1278
0.0345
0.1163
0.0348
0.118
0.034
0.1224
0.0356
0.1166
0.0429
0.1399
0.0511
0.1288
0.0362
0.1331
0.0411
0.1357
0.0471
0.1455
0.0353
0.1226
0.0328
0.1142
0.0337
0.1181
0.0376
0.1124
0.037
0.1283
0.0349
0.1204
0.0369
0.121
0.039
0.1298
0.0318
0.1126
0.0349
0.119
0.0424
0.1219
0.0331
0.1169
0.0338
0.1212
0.0376
0.1011
0.0343
0.1108
0.037
0.1273
0.0354
0.1154
0.0402
0.109
0.0306
0.1081
0.0335
0.1129
0.0352
0.1277
0.0461
0.1259
0.0382
0.1179
0.0299
0.1125
0.0322
0.1103
0.0411
0.1534
0.0361
0.1283
0.0371
0.1266
0.0318
0.1109
0.0344
0.1161
0.0496
0.1331
0.0376
0.13
0.0482
0.175
0.0484
0.1758
0.039
0.1262
0.038
0.1266
0.036
0.1144
0.0422
0.1361
0.0468
0.1294
0.0395
0.126
0.0361
0.1152
0.0455
0.1263
0.0461
0.1716
0.0454
0.1146
0.0389
0.1291
0.0486
0.1234
0.0409
0.1151
0.0373
0.1124
0.0394
0.1248
0.0543
0.1895
0.0414
0.1358
0.0404
0.1224
0.0386
0.1199
0.0457
0.1259
0.0534
0.1237
0.035
0.1268
0.0317
0.1192
0.0358
0.1206
0.0387
0.1205
0.0417
0.1316
0.0376
0.118
0.0541
0.1362
0.0358
0.1245
0.0382
0.122
0.0372
0.1223
0.0375
0.1194
0.0469
0.1333
0.0373
0.1163
0.047
0.1295
0.0406
0.1247
0.0373
0.1284
0.0408
0.1226
0.0445
0.1725
0.0442
0.1516
0.0441
0.1368
0.046
0.1561
0.0394
0.1275
0.0355
0.1154
0.0393
0.1231
0.0436
0.1681
0.0373
0.1233
0.0432
0.137
0.0411
0.1214
0.0368
0.1282
0.0549
0.1993
0.0555
0.1277
0.0399
0.12
0.041
0.1211
0.0386
0.1244
0.0469
0.1291
0.0344
0.1185
0.0363
0.1165
0.0345
0.1204
0.0394
0.1157
0.0415
0.1267
0.0367
0.1115
0.0338
0.1188
0.0374
0.1242
0.0435
0.1243
0.0434
0.1401
0.0366
0.1212
0.0371
0.1242
0.0495
0.145
0.0356
0.1046
0.043
0.1389
0.0374
0.1255
0.0362
0.1139
0.0344
0.1078
0.0429
0.1326
0.038
0.1185
0.0361
0.1102
0.0339
0.1222
0.0468
0.1212
0.0374
0.1262
0.0359
0.1248
0.0474
0.1235
0.0335
0.1216
0.0396
0.123
0.0438
0.1312
0.0327
0.1149
0.0371
0.1308
0.0353
0.1231
0.0394
0.1348
0.0498
0.1406
0.0356
0.1233
0.0406
0.1275
0.0476
0.1176
0.0344
0.1289
0.0447
0.1268
0.0413
0.1274
0.0391
0.1262
0.0338
0.1183
0.0488
0.1239
0.0392
0.1046
0.032
0.1095
0.0453
0.1271
0.0344
0.1098
0.0372
0.1268
0.0429
0.1388
0.0388
0.1213
0.0334
0.1172
0.0436
0.138
0.0435
0.1259
0.0373
0.1336
0.0432
0.1265
0.0367
0.1262
0.0357
0.1202
0.0384
0.1202
0.0325
0.1113
0.0339
0.1198
0.0363
0.1194
0.0351
0.1216
0.0346
0.1259
0.0349
0.1195
0.0477
0.1279
0.0427
0.1228
0.0369
0.1278
0.0395
0.1257
0.0332
0.1104
0.0407
0.12
0.0329
0.1149
0.0318
0.1151
0.0453
0.1234
0.0438
0.111
0.0405
0.1109
0.0384
0.116
0.0392
0.1125
0.0353
0.1149
0.037
0.1305
0.0406
0.1366
0.0417
0.1356
0.0391
0.139
0.0326
0.1219
0.0312
0.1097
0.0368
0.1132
0.0356
0.1182
0.0457
0.1408
0.0356
0.123
0.0433
0.1257
0.0357
0.1265
0.0367
0.1298
0.0394
0.122
0.0368
0.1174
0.037
0.1245
0.0377
0.1225
0.0323
0.1155
0.0399
0.1363
0.0402
0.1278
1.0763
0.125
0.0412
0.1208
0.0388
0.1116
0.0342
0.112
0.0443
0.1265
0.0445
0.1234
0.0298
0.1064

-------------------------------------
CodechalDecodeHevcG12::SetFrameStates
-------------------------------------
0.4768
0.0103
0.0092
0.0127
0.01
0.0089
0.0157
0.0139
0.0112
0.0103
0.0085
0.0099
0.0089
0.0123
0.0091
0.0067
0.0072
0.0072
0.0073
0.0133
0.0066
0.0069
0.0067
0.0066
0.0106
0.0081
0.009
0.0133
0.0122
0.0075
0.0091
0.0078
0.0064
0.0066
0.0062
0.0066
0.0091
0.0066
0.0123
0.0071
0.0132
0.0079
0.0075
0.0103
0.0078
0.0083
0.0093
0.0081
0.009
0.0072
0.0064
0.0067
0.0066
0.0075
0.0092
0.0089
0.0091
0.0101
0.0071
0.0087
0.0093
0.0069
0.007
0.0123
0.0104
0.009
0.0093
0.0095
0.0065
0.0076
0.0064
0.0077
0.0065
0.0066
0.0063
0.0098
0.0077
0.0072
0.0084
0.0099
0.0075
0.0067
0.008
0.0097
0.0079
0.0109
0.0065
0.0079
0.008
0.0103
0.0115
0.0068
0.0073
0.0073
0.011
0.0096
0.0071
0.0074
0.0081
0.0068
0.0105
0.0109
0.0083
0.0102
0.0109
0.0076
0.0078
0.0068
0.0113
0.0095
0.007
0.0093
0.0088
0.0063
0.0077
0.0085
0.0069
0.0073
0.0071
0.0062
0.0087
0.0079
0.0103
0.0066
0.0066
0.0073
0.0091
0.0077
0.0068
0.0062
0.0114
0.0075
0.0072
0.0073
0.0063
0.0115
0.0096
0.012
0.0121
0.0095
0.0103
0.0097
0.0106
0.0098
0.0101
0.0074
0.0095
0.0104
0.0105
0.0094
0.0098
0.009
0.0095
0.0128
0.0124
0.0114
0.0121
0.0095
0.009
0.0105
0.0084
0.007
0.008
0.0081
0.0101
0.0081
0.0127
0.0095
0.0113
0.0082
0.0114
0.0095
0.0085
0.0114
0.0076
0.009
0.0082
0.0094
0.0095
0.0102
0.0102
0.0084
0.0093
0.0087
0.0093
0.0091
0.0131
0.0097
0.0092
0.0129
0.0119
0.0129
0.0102
0.0106
0.0115
0.0093
0.0082
0.009
0.0089
0.0099
0.0081
0.0089
0.009
0.0106
0.0141
0.0089
0.0099
0.0115
0.0087
0.0103
0.0082
0.0144
0.0083
0.0108
0.0095
0.0078
0.0094
0.0092
0.0106
0.0113
0.0109
0.0075
0.0094
0.011
0.0074
0.0089
0.0077
0.0086
0.0118
0.0072
0.0093
0.0097
0.0084
0.0111
0.011
0.008
0.0075
0.0091
0.0073
0.0063
0.0091
0.0067
0.0085
0.0106
0.008
0.0074
0.0116
0.0095
0.0099
0.0079
0.0077
0.0071
0.0087
0.0065
0.0069
0.0075
0.0072
0.0073
0.007
0.0136
0.0075
0.0108
0.0072
0.006
0.0094
0.0064
0.0075
0.0079
0.0078
0.0064
0.0066
0.0069
0.007
0.0112
0.0096
0.0088
0.0076
0.0067
0.0063
0.0069
0.0069
0.0112
0.0111
0.0075
0.007
0.0091
0.0072
0.0068
0.0075
0.0088
0.0075
0.0096
0.0087
0.0078
0.0122
0.0099
0.011
0.0134
0.0107
0.0088

--------------------------
CreateVideoDecoder_D3D11_1
--------------------------
25.3506
17.9067
16.6413
13.8008

---------------------------
DestroyVideoDecoder_D3D11_1
---------------------------
15.0174
14.5066
43.6541
0

---------------------
DxvaEncodeHEVC_Create
---------------------
25.1702
17.7387
16.4747

-----------------------
DxvaEncodeHEVC_EndFrame
-----------------------
0.0018
0.001
0.0014
0.0018
0.0011
0.0008
0.0013
0.0008
0.0008
0.0019
0.0007
0.0011
0.0008
0.0027
0.0008
0.0008
0.0007
0.0005
0.0007
0.0037
0.0007
0.0008
0.0007
0.0008
0.0016
0.0005
0.0008
0.0005
0.0022
0.0006
0.0005
0.0005
0.0006
0.0007
0.0008
0.0007
0.0019
0.0006
0.0013
0.0007
0.0009
0.0005
0.0014
0.0008
0.0007
0.0007
0.0005
0.0006
0.0007
0.0006
0.0009
0.001
0.0006
0.0008
0.0006
0.0017
0.0008
0.0009
0.0007
0.0007
0.0007
0.0006
0.0008
0.0037
0.0006
0.0006
0.0007
0.0007
0.0006
0.0008
0.0007
0.0006
0.0005
0.0008
0.0005
0.0007
0.0007
0.0007
0.0008
0.0007
0.0007
0.0007
0.0005
0.0006
0.0006
0.0005
0.001
0.0007
0.0006
0.0008
0.0006
0.0007
0.0009
0.0007
0.0047
0.0007
0.0005
0.0009
0.0006
0.0008
0.0005
0.0006
0.001
0.0006
0.0007
0.0006
0.0008
0.0008
0.0007
0.0007
0.0007
0.0007
0.0006
0.0006
0.0006
0.0005
0.0005
0.0009
0.0005
0.0004
0.0005
0.0005
0.0007
0.0006
0.0016
0.0006
0.0006
0.0017
0.0007
0.0005
0.0005
0.0008
0.0007
0.0008
0.0011
0.0009
0.0008
0.0008
0.0006
0.0008
0.0011
0.0045
0.0007
0.0008
0.0007
0.0009
0.0006
0.0008
0.0007
0.0008
0.0008
0.0008
0.0007
0.0007
0.0009
0.0007
0.0009
0.0006
0.0008
0.0007
0.0009
0.0008
0.0006
0.0007
0.0008
0.0007
0.0006
0.0008
0.0007
0.0006
0.0009
0.0007
0.0005
0.0008
0.0011
0.001
0.0007
0.0007
0.0009
0.0007
0.0007
0.0008
0.0011
0.0006
0.0008
0.0006
0.0007
0.0007
0.0009
0.0008
0.0008
0.0007
0.0008
0.0008
0.0009
0.0006
0.0007
0.0007
0.0009
0.0011
0.0008
0.0008
0.0009
0.0011
0.0009
0.0008
0.0009
0.0009
0.0008
0.0007
0.0008
0.0043
0.0008
0.0012
0.0008
0.0008
0.0007
0.0008
0.0009
0.0009
0.0008
0.0007
0.0009
0.0007
0.0005
0.0008
0.0005
0.0007
0.0006
0.0005
0.0005
0.0007
0.0006
0.0005
0.0007
0.0005
0.0007
0.0006
0.0008
0.0006
0.0005
0.0006
0.0006
0.0011
0.0005
0.0009
0.0007
0.0008
0.0007
0.0006
0.0006
0.0006
0.0006
0.0006
0.0007
0.0007
0.0006
0.0005
0.0005
0.0005
0.0006
0.0007
0.0008
0.0006
0.0006
0.0006
0.0006
0.0006
0.0008
0.0007
0.0008
0.0006
0.0006
0.0006
0.0005
0.0006
0.0006
0.0006
0.0007
0.0007
0.0006
0.0007
0.0005
0.0007
0.0008
0.0009
0.0008
0.0009
0.0008
0.0008
0.0008
0.0009
0.0009
0.0007
0.0007
0.0009
0.0008
0.001
0.0005
0.0006

----------------------
DxvaEncodeHEVC_Execute
----------------------
0.0046
0.0014
15.0007
5.2289
1.2899
0.6672
1.1094
0.5338
0.3339
0.5325
0.2061
0.4537
0.2553
0.5258
0.2502
0.5101
0.0222
0.5395
0.0228
0.5041
0.0256
0.4618
0.0341
0.6406
0.0404
0.5731
0.0196
0.4858
0.0223
0.5554
0.037
0.4947
0.0245
0.4781
0.0226
0.4731
0.0179
0.4462
0.0221
0.5296
0.0184
0.4881
0.0272
0.4887
0.0387
0.4471
0.0187
0.5078
0.024
0.4649
0.0235
0.4127
0.0138
0.4469
0.0186
0.4255
0.0136
0.466
0.0228
0.4261
0.0188
0.4434
0.0202
0.448
0.0173
0.475
0.0271
0.4512
0.0302
0.4947
0.0236
0.4264
0.0183
0.4568
0.0212
0.4359
0.0196
0.4981
0.0232
0.4243
0.0168
0.4596
0.0217
0.4615
0.0231
0.4191
0.0147
0.4725
0.0252
0.434
0.0147
0.4719
0.0185
0.4187
0.021
0.4608
0.0229
0.4409
0.0205
0.4501
0.0228
0.4441
0.0147
0.5064
0.0262
0.4167
0.0128
0.4951
0.0226
0.4151
0.0145
0.4439
0.0181
0.4818
0.0265
0.4361
0.032
0.477
0.032
0.4804
0.0204
0.4586
0.0237
0.4291
0.0123
0.4719
0.0247
0.4187
0.0136
0.4684
0.022
0.4189
0.0135
0.4476
0.0315
0.4284
0.0163
0.4303
0.0198
0.4962
0.0252
0.5568
0.0183
0.4654
0.0233
0.4291
0.0154
0.5819
0.0247
0.422
0.0184
0.4464
0.0171
0.4174
0.0163
0.5247
0.0282
0.4449
0.0345
0.4672
0.0224
0.4635
0.0226
0.4748
0.0238
0.4111
0.0129
0.4694
0.0271
0.4292
0.0197
0.4269
0.0165
0.4681
0.022
0.5183
0.0228
0.4144
0.0132
0.5352
0.0244
0.4466
0.0187
0.4421
0.0159
0.4593
0.0214
0.4505
0.0165
0.4711
0.0341
0.4381
0.0214
0.4391
0.0195
0.4868
0.0227
0.4235
0.02
0.4486
0.0225
0.4629
0.0214
0.438
0.0181
0.4427
0.0192
0.4484
0.0218
0.471
0.0236
0.4168
0.0142
0.5007
0.0312
0.4565
0.0204
0.504
0.0211
0.4846
0.0233
0.4485
0.0211
0.4741
0.0228
0.4259
0.0184
0.4507
0.0234
0.4366
0.0187
0.4403
0.0172
0.4402
0.0212
0.5209
0.023
0.4427
0.0179
0.4343
0.0212
0.395
0.4428
0.0159
0.4683
0.0192
0.4691
0.023
0.4332
0.0153
0.4415
0.0189
0.4269
0.0181
0.4658
0.0231
0.4414
0.0209
0.4633
0.023
0.4305
0.0194
0.5087
0.0229
0.4454
0.0149
0.4907
0.0191
0.6509
0.0234
0.4834
0.0234
0.5831
0.017
0.4498
0.0201
0.4501
0.0156
0.6126
0.0203
0.6299
0.0258
0.6276
0.0221
0.4476
0.0224
0.4793
0.0229
0.4449
0.0243
0.4892
0.0347
0.4526
0.0144
0.4826
0.0256
0.4127
0.0318
0.5086
0.5209
0.0211
0.4565
0.0245
0.6343
0.0186
0.4378
0.0218
0.5042
0.0226
0.4211
0.0159
0.4715
0.0202
0.466
0.0158
0.4614
0.024
0.4715
0.0239
0.5097
0.0224
0.456
0.0204
0.4479
0.0199
0.4324
0.0167
0.4489
0.0169
0.476
0.02
0.4538
0.0148
0.4842
0.0198
0.5088
0.0218
0.4631
0.017
0.4491
0.0179
0.4742
0.0166
0.4353
0.0152
0.5406
0.0272
0.624
0.0277
0.6599
0.0345
0.4479
0.0167
0.4787
0.0181
0.4868
0.0174
0.4918
0.0161
0.4277
0.0145
0.4609
0.0178
0.6372
0.0204
0.4365
0.0155
0.4828
0.0172
0.4718
0.0204
0.4977
0.025
0.51
0.0264
0.4735
0.0172
0.5033
0.022
0.4471
0.0195
0.4471
0.0176
0.4493
0.0165
0.4759
0.019
0.4498
0.019
0.4145
0.0123
0.4353
0.0153
0.4373
0.0167
0.5829
0.0202
0.5165
0.0192
0.5237
0.0165
0.5283
0.0142
0.4994
0.0245
0.5789
0.0178
0.5004
0.0186
0.4905
0.0184
0.5623
0.0156
0.5359
0.0204
0.4549
0.0166
0.4637
0.0144
0.6279
0.0262
0.445
0.0139
0.4434
0.0171
0.5267
0.0177
0.4876
0.0201
0.4611
0.0133
0.4958
0.0157
0.4601
0.0176
0.5463
0.0198
0.5421
0.0197
0.5444
0.0157
0.4364
0.015
0.538
0.0203
0.4826
0.0241
0.4323
0.0132
0.4955
0.0203
0.4354
0.0205
0.4594
0.0175
0.4477
0.0213
0.4595
0.0258
0.425
0.017
0.4812
0.0236
0.4417
0.0226
0.4546
0.0171
0.4629
0.023
0.4332
0.0137
0.4435
0.0212
0.4449
0.0244
0.4721
0.0236
0.4681
0.0233
0.4152
0.0145
0.4828
0.0246
0.4394
0.0219
0.4836
0.0229
0.4675
0.0263
0.5127
0.0236
0.452
0.0238
0.5086
0.0247
0.466
0.0166
0.4778
0.0237
0.4373
0.0187
0.465
0.0232
0.4413
0.022
0.4657
0.0232
0.4342
0.0192
0.4709
0.0234
0.4516
0.023
0.4699
0.0231
0.4497
0.0245
0.4644
0.0233
0.4444
0.0226
0.4754
0.0323
0.4521
0.0222
0.4497
0.0243
0.4532
0.0206
0.4673
0.0233
0.4419
0.0172
0.4226
0.0166
0.4135
0.0251
0.4447
0.505
0.023
0.4491
0.0271
0.4678
0.0217
0.4715
0.0221
0.431
0.0169
0.4182
0.0133
0.4622
0.0255
0.5138
0.0228
0.4723
0.0356
0.4676
0.0235
0.462
0.0252
0.4589
0.0221
0.4401
0.0168
0.4547
0.0249
1.438
0.0218
0.9852
0.0251
1.513
0.0219
1.0452
0.0311
0.7399
0.0175
0.6967
0.0165
0.4764
0.0194
0.5
0.034
0.5652
0.0173
0.5899
0.0219
1.0292
0.0164
1.0746
0.0194
1.0742
0.0167
0.5494
0.0349
0.4513
0.0225
0.4005
0.0129
0.0421

----------------
First Frame Time
----------------
151.28

----------------------
HEVC_QueryStatusReport
----------------------
1.2878
1.1067
0.332
0.2024
0.2538
0.2489
0.0208
0.0215
0.0241
0.0307
0.0384
0.0176
0.0192
0.035
0.0233
0.0213
0.0166
0.0206
0.0169
0.0241
0.0375
0.0173
0.0223
0.0224
0.0125
0.0174
0.0123
0.0214
0.0176
0.0187
0.0161
0.0255
0.0289
0.0219
0.017
0.0198
0.0183
0.0216
0.0157
0.0205
0.0218
0.0134
0.0238
0.0136
0.0174
0.0161
0.0217
0.0192
0.0217
0.0135
0.0247
0.0116
0.0212
0.0131
0.0171
0.0252
0.0309
0.0308
0.0191
0.0224
0.0113
0.0231
0.0124
0.0207
0.0125
0.0305
0.0151
0.0185
0.0238
0.0167
0.0221
0.0141
0.0232
0.0171
0.016
0.0152
0.0269
0.0331
0.0211
0.0213
0.0226
0.0117
0.0256
0.0185
0.0154
0.0206
0.0215
0.0122
0.0229
0.0174
0.0148
0.0201
0.0152
0.0329
0.0199
0.0182
0.0212
0.0187
0.0208
0.0201
0.0169
0.0168
0.0206
0.0223
0.013
0.0297
0.0192
0.0196
0.022
0.0199
0.0216
0.0171
0.0219
0.0175
0.016
0.0198
0.0212
0.0167
0.0199
0.0149
0.0178
0.0215
0.0139
0.0176
0.0168
0.0217
0.0197
0.0218
0.0182
0.0215
0.0133
0.0178
0.0215
0.0219
0.0153
0.0189
0.0143
0.0187
0.0237
0.0207
0.021
0.0215
0.0229
0.0332
0.0129
0.0242
0.0288
0.0197
0.0231
0.0171
0.0204
0.0212
0.0146
0.0187
0.0147
0.0189
0.0226
0.021
0.019
0.0172
0.0156
0.0153
0.0185
0.0134
0.0184
0.0204
0.0156
0.0165
0.0146
0.014
0.0254
0.0258
0.0326
0.0153
0.0159
0.0159
0.0149
0.0133
0.0165
0.0185
0.0143
0.0156
0.0162
0.0233
0.0251
0.0154
0.0199
0.0182
0.0164
0.0148
0.0176
0.0173
0.0111
0.0139
0.0151
0.0188
0.0175
0.0151
0.0127
0.0229
0.0159
0.0173
0.017
0.0144
0.0188
0.0153
0.0132
0.0247
0.0127
0.0159
0.0165
0.0185
0.0121
0.0145
0.0161
0.0184
0.0181
0.0142
0.0136
0.0189
0.0228
0.0121
0.0189
0.0193
0.0162
0.02
0.0248
0.0159
0.022
0.0211
0.0159
0.0217
0.0123
0.0198
0.0163
0.0222
0.022
0.0133
0.0234
0.0207
0.0214
0.0251
0.0223
0.0227
0.0233
0.0155
0.0223
0.0175
0.0218
0.0208
0.0219
0.0178
0.0221
0.0218
0.0219
0.0231
0.0219
0.0215
0.0308
0.021
0.0231
0.0194
0.0219
0.016
0.0153
0.0239
0.0217
0.0258
0.0207
0.021
0.0158
0.0121
0.0243
0.0217
0.0339
0.0223
0.024
0.0207
0.0157
0.0236
0.0207
0.0235
0.0208
0.0285
0.0158
0.015
0.018
0.0327
0.016
0.0205
0.0148
0.0179
0.0155
0.0335
0.0214
0.0118
0.039

--------------------------------------
VideoDecoderBeginFrame_WDDM2_4_D3D11_1
--------------------------------------
0.0067
0.0024
0.0024
0.004
0.003
0.0025
0.0061
0.0044
0.0038
0.004
0.0029
0.0029
0.0022
0.0051
0.0031
0.002
0.0019
0.0019
0.0024
0.0072
0.0024
0.002
0.002
0.0018
0.0039
0.002
0.0025
0.0418
0.0042
0.0022
0.002
0.0045
0.0022
0.0019
0.0021
0.002
0.002
0.0021
0.002
0.003
0.0028
0.0024
0.003
0.0027
0.0396
0.0022
0.005
0.0024
0.0022
0.0025
0.0018
0.0019
0.002
0.002
0.0035
0.0026
0.0029
0.0023
0.002
0.002
0.0021
0.002
0.0019
0.0033
0.0026
0.0022
0.0025
0.002
0.0044
0.0023
0.0017
0.0023
0.0018
0.0019
0.0021
0.003
0.0028
0.0021
0.0023
0.0034
0.0023
0.0023
0.002
0.0026
0.0022
0.0022
0.0026
0.0026
0.0026
0.0034
0.0022
0.0023
0.0022
0.002
0.0044
0.0025
0.0022
0.0025
0.0022
0.0019
0.0441
0.002
0.0022
0.0026
0.0024
0.0023
0.0023
0.0019
0.0022
0.0027
0.0022
0.0024
0.0028
0.0022
0.002
0.0022
0.0018
0.0027
0.0019
0.0024
0.0025
0.0036
0.0054
0.0017
0.0025
0.0025
0.002
0.002
0.0022
0.002
0.0028
0.0025
0.0019
0.0021
0.002
0.0037
0.0032
0.0034
0.0032
0.0027
0.0027
0.004
0.0025
0.0023
0.0024
0.0021
0.0032
0.0027
0.0031
0.0031
0.0022
0.0032
0.0027
0.0032
0.0033
0.0028
0.0035
0.0031
0.0029
0.0022
0.0027
0.002
0.0023
0.0023
0.0038
0.0049
0.0036
0.0033
0.0032
0.0024
0.0032
0.0032
0.003
0.0022
0.0022
0.0031
0.0031
0.0031
0.0022
0.0034
0.0019
0.0027
0.0032
0.0037
0.0021
0.0035
0.0032
0.0033
0.003
0.0038
0.0027
0.0032
0.003
0.0029
0.0025
0.0033
0.0025
0.0035
0.0033
0.0037
0.0028
0.0032
0.0041
0.0033
0.0032
0.0036
0.0036
0.0039
0.0021
0.0033
0.0027
0.0055
0.0028
0.0032
0.0031
0.0027
0.0022
0.0021
0.0034
0.0037
0.0053
0.0022
0.0028
0.0034
0.0026
0.0028
0.0023
0.0026
0.0032
0.002
0.0026
0.0024
0.0023
0.0023
0.002
0.0021
0.0021
0.0029
0.0019
0.0018
0.0021
0.002
0.0019
0.003
0.0022
0.0023
0.0039
0.0031
0.0024
0.0022
0.002
0.0022
0.0025
0.0022
0.0018
0.0018
0.002
0.002
0.002
0.0021
0.0022
0.0024
0.002
0.002
0.002
0.0021
0.0023
0.0026
0.0023
0.0022
0.0017
0.0018
0.0017
0.003
0.003
0.0023
0.0018
0.002
0.0018
0.0024
0.0019
0.003
0.0026
0.0019
0.002
0.0021
0.0027
0.002
0.0019
0.006
0.0022
0.0031
0.0023
0.002
0.0066
0.0021
0.0021
0.0027
0.0053
0.0024

----------------------------
VideoDecoderEndFrame_D3D11_1
----------------------------
0.04
0.0572
0.1489
0.1445
0.1062
0.1167
0.0048
0.1505
0.0034
0.0043
0.0653
0.0042
0.0685
0.0056
0.0601
0.0029
0.0597
0.0029
0.0605
0.0065
0.0598
0.0027
0.0647
0.0038
0.0023
0.0038
0.0548
0.058
0.0814
0.0032
0.0613
0.0047
0.0707
0.0032
0.0638
0.003
0.0565
0.0029
0.0605
0.002
0.0587
0.0023
0.062
0.0055
0.0352
0.0025
0.0586
0.0026
0.0606
0.0025
0.0615
0.0027
0.0636
0.0033
0.0553
0.0019
0.0586
0.0023
0.0596
0.0021
0.0602
0.0039
0.0562
0.0038
0.0579
0.002
0.0598
0.002
0.0559
0.0026
0.0561
0.0021
0.0596
0.0025
0.0574
0.0024
0.0347
0.0036
0.0605
0.0021
0.0343
0.007
0.0588
0.0021
0.0952
0.0027
0.0383
0.0021
0.058
0.0028
0.0624
0.0027
0.0561
0.0023
0.0714
0.003
0.0579
0.0019
0.0636
0.0022
0.0559
0.0023
0.0682
0.0022
0.0593
0.0023
0.037
0.0026
0.0571
0.0021
0.0648
0.0026
0.0559
0.002
0.0608
0.0039
0.0374
0.0024
0.0567
0.0024
0.069
0.0023
0.0326
0.0024
0.0646
0.0021
0.0346
0.0019
0.0585
0.0027
0.0606
0.0051
0.0609
0.0022
0.0019
0.0022
0.0693
0.055
0.0026
0.0636
0.0021
0.0633
0.003
0.0568
0.0024
0.0603
0.0023
0.0591
0.0021
0.0634
0.0029
0.0564
0.0021
0.0332
0.0025
0.062
0.0019
0.0384
0.0024
0.057
0.0024
0.0363
0.0025
0.06
0.0023
0.0618
0.0024
0.0572
0.0019
0.0586
0.0025
0.059
0.0019
0.0358
0.0024
0.0671
0.0027
0.0373
0.0022
0.0563
0.002
0.0316
0.0025
0.0621
0.002
0.0611
0.0024
0.0584
0.0026
0.0628
0.0022
0.0604
0.0063
0.0589
0.0025
0.0565
0.0021
0.0666
0.0027
0.0602
0.0019
0.0597
0.0023
0.0371
0.0021
0.0608
0.0021
0.0641
0.0029
0.0568
0.0021
0.0645
0.0024
0.0572
0.0022
0.0607
0.0029
0.0582
0.0029
0.0427
0.0024
0.0624
0.0025
0.0607
0.0024
0.0619
0.0023
0.0571
0.0024
0.0595
0.0021
0.0617
0.0021
0.0605
0.002
0.0555
0.002
0.0645
0.0026
0.0021
0.0582
0.0021
0.0315
0.0575
0.0019
0.0339
0.0023
0.0644
0.0024
0.059
0.0022
0.0593
0.0035
0.058
0.0022
0.0584
0.0022
0.0372
0.0034
0.0594
0.0025
0.0363
0.0021
0.0593
0.0021
0.058
0.0033
0.0613
0.0029
0.0386
0.0029
0.0821
0.0041
0.0492
0.0025
0.0643
0.0033
0.0593
0.0027
0.0023
0.0624
0.0684
0.0027
0.0563
0.0035
0.0626
0.0066
0.0585
0.0052
0.0632
0.0022
0.0841
0.0024
0.0413
0.0025
0.0665
0.0021
0.0594
0.0026
0.0618
0.0021
0.0582
0.0027
0.066
0.003
0.0855
0.0026
0.0382
0.0024
0.0631
0.0026
0.0599
0.0029
0.0571
0.0023
0.0597
0.0059
0.0606
0.0023
0.0594
0.0029
0.0675
0.0024
0.0632
0.0035
0.0639
0.0025
0.062
0.0025
0.0588
0.0027
0.0756
0.0025
0.0701
0.0025
0.0591
0.0022
0.0629
0.0027
0.0615
0.0024
0.0631
0.0022
0.0605
0.0027
0.0645
0.0025
0.0605
0.002
0.0653
0.003
0.0822
0.004
0.0449
0.0035
0.0663
0.0025
0.0684
0.003
0.0364
0.0028
0.0646
0.0026
0.0705
0.0026
0.0794
0.0029
0.0409
0.0036
0.0639
0.0021
0.0631
0.0027
0.0619
0.0023
0.0897
0.0026
0.0368
0.0022
0.0641
0.0026
0.0631
0.0031
0.0581
0.0024
0.0635
0.0028
0.0597
0.0024
0.0652
0.0027
0.0567
0.0027
0.0605
0.002
0.0593
0.0023
0.0581
0.0024
0.065
0.0033
0.0812
0.0036
0.0787
0.0027
0.0879
0.0027
0.0661
0.0031
0.0629
0.0033
0.0029
0.0647
0.0567
0.0027
0.0959
0.0028
0.0402
0.0029
0.0592
0.0026
0.0625
0.0024
0.0775
0.0026
0.0614
0.006
0.0709
0.0029
0.0788
0.0036
0.0308
0.003
0.0625
0.0024
0.0747
0.0024
0.0821
0.0023
0.0579
0.0036
0.0602
0.0033
0.0608
0.0027
0.0578
0.0024
0.0593
0.0031
0.0618
0.0027
0.0626
0.0022
0.0657
0.0025
0.0576
0.0024
0.0616
0.0024
0.0621
0.002
0.065
0.0023
0.0591
0.0019
0.0606
0.0026
0.0591
0.002
0.0624
0.002
0.0579
0.0025
0.0586
0.0092
0.0582
0.0021
0.0613
0.002
0.0558
0.0028
0.0601
0.0023
0.0629
0.002
0.0622
0.0025
0.0581
0.0021
0.0674
0.0029
0.0614
0.0022
0.0776
0.0029
0.0664
0.0027
0.0611
0.0027
0.0613
0.0023
0.0617
0.0022
0.058
0.0023
0.0622
0.0022
0.057
0.0024
0.0631
0.0022
0.0614
0.0022
0.0635
0.0026
0.0591
0.0023
0.0646
0.0021
0.059
0.0021
0.0635
0.0022
0.0637
0.0021
0.0611
0.0023
0.0572
0.0026
0.0598
0.0019
0.0601
0.0022
0.0607
0.0023
0.002
0.0615
0.0023
0.0705
0.0024
0.0604
0.0585
0.0021
0.0643
0.0029
0.06
0.0023
0.0638
0.0021
0.0603
0.0021
0.057
0.0019
0.0608
0.0022
0.06
0.0022
0.0612
0.0025
0.0607
0.0021
0.0599
0.0024
0.0604
0.0021
0.0601
0.0025
0.061
0.0021
0.0642
0.0022
0.0605
0.0024
0.1187
0.0025
0.0387
0.0024
0.0684
0.0029
0.063
0.0027
0.0692
0.0024
0.0025
0.0643
0.0023
0.0663
0.0677
0.0029
0.0745
0.0035
0.062
0.0025
0.0606
0.0034
0.0601
0.0024
0.0031
0.0019
0.0018

---------------------------------
VideoDecoderSubmitBuffers_D3D11_1
---------------------------------
1.2702
0.7028
1.0231
0.4693
0.4489
0.4915
0.7774
0.5276
0.3234
0.3126
0.3014
0.301
0.3023
0.3343
0.3103
0.2925
0.3602
0.3194
0.297
0.3318
0.2706
0.2772
0.2599
0.2616
0.2956
0.2741
0.2805
0.2928
0.3087
0.2614
0.3103
0.2869
0.2479
0.2575
0.2475
0.2641
0.2989
0.2577
0.2793
0.265
0.3229
0.2603
0.2705
0.298
0.2574
0.2796
0.2785
0.2902
0.2957
0.267
0.2427
0.2685
0.2554
0.2509
0.275
0.2934
0.2924
0.2703
0.2391
0.2695
0.2749
0.2497
0.2613
0.2577
0.3036
0.309
0.3078
0.3152
0.2607
0.2817
0.243
0.2939
0.2732
0.2592
0.2624
0.29
0.2823
0.2568
0.2955
0.3069
0.2917
0.2598
0.2935
0.2791
0.2999
0.3136
0.2716
0.2894
0.2815
0.3058
0.3283
0.2497
0.2584
0.2701
0.3011
0.3083
0.2697
0.2711
0.2764
0.2674
0.3347
0.3095
0.2876
0.3138
0.3376
0.2754
0.2562
0.2696
0.2674
0.2992
0.2701
0.2858
0.2998
0.2561
0.269
0.2942
0.2675
0.2704
0.2562
0.2563
0.2945
0.2751
0.2742
0.2391
0.2644
0.281
0.3102
0.2765
0.2473
0.2593
0.3395
0.2842
0.2935
0.2511
0.2659
0.3215
0.2995
0.3905
0.389
0.2932
0.3036
0.2771
0.3204
0.3074
0.2973
0.2659
0.3056
0.379
0.3101
0.3026
0.3143
0.2886
0.2627
0.3016
0.4383
0.3211
0.2946
0.2902
0.3052
0.3224
0.2865
0.259
0.2827
0.2864
0.3045
0.2859
0.3401
0.2832
0.2936
0.28
0.3036
0.3145
0.2777
0.3281
0.2926
0.289
0.2882
0.3728
0.3501
0.3207
0.343
0.2916
0.2762
0.2825
0.3619
0.3016
0.3226
0.2902
0.2904
0.4349
0.343
0.301
0.2919
0.2921
0.3226
0.2722
0.2768
0.2744
0.2754
0.3034
0.2566
0.2663
0.2869
0.3067
0.3344
0.2767
0.2869
0.3581
0.2558
0.3181
0.2789
0.2939
0.2543
0.3125
0.2876
0.2522
0.272
0.2973
0.2958
0.283
0.3056
0.2662
0.2903
0.3085
0.2628
0.2878
0.2752
0.3082
0.3439
0.2683
0.3021
0.3048
0.2868
0.319
0.3058
0.2961
0.2633
0.3056
0.2692
0.2478
0.3178
0.2681
0.2807
0.3275
0.2898
0.2675
0.3196
0.2991
0.3032
0.2961
0.2835
0.2707
0.2874
0.2502
0.2669
0.2738
0.2762
0.2783
0.273
0.3164
0.2852
0.2878
0.2859
0.2519
0.283
0.2607
0.2634
0.2953
0.2866
0.2578
0.2687
0.2756
0.259
0.3062
0.3132
0.3061
0.3
0.2616
0.2478
0.2668
0.2711
0.3282
0.2885
0.2923
0.28
0.2852
0.2801
0.2721
0.5864
1.0081
0.6058
0.3073
0.292
1.3195
0.5795
0.2702
0.2719
0.3254
1.0436
1.0387

