---------------------------------------------
CalcPrivateVideoDecoderOutputViewSize_D3D11_1
---------------------------------------------
0.002
0.0013
0.0013
0.0015
0.0023
0.0025
0.0024
0.001
0.0022
0.0016
0.0009
0.0017
0.0009
0.0021
0.0008
0.0011
0.0007
0.0008
0.0007
0.0015
0.0008
0.0053
0.0012
0.0013
0.0014
0.001
0.0007
0.0008
0.0018
0.0007
0.0006
0.0006
0.001
0.0011
0.0008
0.0009
0.0008
0.0006
0.0006
0.0006
0.0006
0.001
0.0021
0.0011
0.0007
0.0006
0.0005
0.0007
0.0006
0.0007
0.0006
0.0007
0.0007
0.0006
0.0007
0.0006
0.0006
0.0005
0.0008
0.0007
0.0006
0.0006
0.0006
0.0017
0.0005
0.0006
0.0011
0.0006
0.0008
0.0006
0.0008
0.0006
0.0006
0.0006
0.0007
0.0006
0.0008
0.0008
0.0005
0.0006
0.0007
0.0006
0.0006
0.0006
0.0007
0.0006
0.0006
0.0006
0.001
0.0007
0.0006
0.0009
0.0007
0.0007
0.002
0.0006
0.0006
0.0006
0.0012
0.0017
0.0015
0.0011
0.0009
0.0008
0.0007
0.0007
0.0008
0.0009
0.0008
0.0009
0.0011
0.0013
0.0013
0.0008
0.001
0.0007
0.0006
0.0006
0.0006
0.0008
0.0027
0.0006
0.0007
0.0007
0.0006
0.0007
0.0008
0.0006
0.0009
0.0007
0.0011
0.0013
0.0017
0.0014
0.0008
0.0007
0.0008
0.0006
0.0006
0.0008
0.0007
0.0046
0.0008
0.0007
0.0007
0.0011
0.0007
0.0017
0.0019
0.0007
0.0007
0.001
0.0005
0.0007
0.0007
0.001
0.0009
0.0011
0.0007
0.0007
0.0007
0.0007
0.0011
0.0016
0.0007
0.0007
0.0014
0.0014
0.0009
0.001
0.0006
0.0007
0.0005
0.0007
0.0008
0.0006
0.0007
0.0007
0.0009
0.0006
0.0006
0.0006
0.0007
0.0007
0.0006
0.0005
0.0006
0.0006
0.0005
0.0007
0.0006
0.0017
0.0011
0.0018
0.0008
0.0018
0.0012
0.0009
0.0011
0.0007
0.0006
0.0019
0.001
0.0007
0.0006
0.0009
0.0006
0.0006
0.0006
0.0007
0.0006
0.0125
0.0006
0.0007
0.0006
0.0006
0.0006
0.0009
0.0008
0.0006
0.0006
0.0008
0.0006
0.0008
0.0022
0.0012
0.0009
0.0007
0.0008
0.0022
0.001
0.0009
0.0009
0.0006
0.0009
0.0006
0.001
0.0006
0.0011
0.0007
0.0016
0.0009
0.0018
0.0015
0.0023
0.0012
0.0016
0.0012
0.0008
0.0014
0.0007
0.0006
0.001
0.0007
0.0007
0.0009
0.0011
0.0006
0.0015
0.0009
0.0009
0.001
0.0011
0.0007
0.0009
0.0008
0.0006
0.0007
0.0007
0.0015
0.0008
0.001
0.0017
0.0011
0.0011
0.0007
0.0019
0.0008
0.001
0.0008
0.0007
0.0015
0.0016
0.0009
0.0016
0.001
0.0018
0.001
0.0009
0.0008
0.0017
0.0009
0.0011
0.0006
0.0017
0.0009
0.0013
0.0008
0.0015
0.001
0.0008
0.002
0.001
0.001
0.0009
0.0008
0.0007
0.0007
0.0006
0.0007
0.0007
0.0007
0.0007
0.0007
0.0007
0.0006
0.0132
0.0007
0.0006
0.0007
0.0006
0.0007
0.0006
0.0007
0.0006
0.0007
0.0006
0.0009
0.0008
0.0006
0.0006
0.0021
0.0007
0.0007
0.0007
0.0007
0.0007
0.0007
0.0006
0.0007
0.0006
0.0006
0.0007
0.0006
0.0007
0.0007
0.0006
0.0006
0.0006
0.0006
0.0007
0.0006
0.0007
0.0008
0.0008
0.0006
0.0007
0.0006
0.0006
0.0007
0.0007
0.0008
0.0006
0.0022
0.0013
0.0008
0.0011
0.001
0.0009
0.0007
0.0008
0.0007
0.0008
0.0007
0.0024
0.0007
0.0007
0.0006
0.0007
0.0012
0.0006
0.0015
0.0006
0.0006
0.0007
0.0006
0.0007
0.0008
0.0007
0.0006
0.0008
0.0007
0.0006
0.0013
0.0013
0.0009
0.0009
0.0009
0.0011
0.0007
0.0018
0.0017
0.0012
0.0009
0.001
0.0017
0.0039
0.001
0.0009
0.0012
0.0008
0.0015
0.0011
0.0008
0.0017
0.0009
0.0008
0.0017
0.001
0.0007
0.0019
0.001
0.0008
0.0008
0.0009
0.0008
0.001
0.0009
0.0009
0.0007
0.0011
0.0006
0.0016
0.0009
0.0012
0.0011
0.0008
0.0007
0.0017
0.001
0.0017
0.0009
0.0012
0.0006
0.0018
0.0009
0.0008
0.0007
0.0007
0.0007
0.0009
0.0006
0.0008
0.0006
0.001
0.001
0.0014
0.0009
0.001
0.0008
0.0008
0.0007
0.0007
0.0016
0.001
0.0009
0.0017
0.001
0.0009
0.0016
0.0009
0.0008
0.0015
0.0011
0.0207
0.0016
0.0013
0.0008
0.0017
0.0012
0.0011
0.0017
0.0013
0.0008
0.0009
0.0007
0.0007
0.0006
0.0006
0.0006
0.001
0.0005
0.0007
0.0009
0.0007
0.0006
0.0008
0.0006
0.0009
0.0009
0.0048
0.0011
0.0006
0.0007
0.0008
0.0008
0.0007
0.0006
0.0015
0.0009
0.0009
0.002
0.001
0.0008
0.0008
0.0008
0.0009
0.0008
0.0016
0.0008
0.0007
0.0006
0.0007
0.0006
0.0007
0.0009
0.0008
0.0007
0.0007
0.0007
0.0007
0.0008
0.0009
0.0008
0.0007
0.0012
0.0007
0.0006
0.0017
0.0006
0.0006
0.0007
0.0006
0.0006
0.0006
0.0007
0.0009
0.0006
0.0008
0.0009
0.001
0.0009
0.0008
0.0008
0.0006
0.0006
0.0009
0.0007
0.0007
0.001
0.0007
0.0006
0.0009
0.0006
0.0006
0.0006
0.0008
0.0011
0.0008
0.0006
0.0007
0.0006
0.0006
0.0007
0.0008
0.0006
0.0008
0.0008
0.001
0.0006
0.0007
0.0007
0.0006
0.0008
0.0007
0.0007
0.0008
0.0006
0.0007
0.0008
0.0007
0.0011
0.001
0.0014
0.001
0.0024
0.0018
0.0009
0.0008
0.0008

-----------------------
CodechalDecode::Execute
-----------------------
1.6156
0.7212
0.8068
0.5986
0.7421
1.2074
0.6563
0.6128
0.7625
0.6307
0.6739
0.7946
0.6232
0.6371
0.5816
0.6943
3.0162
2.8566
2.8646
0.517
0.5996
0.5404
2.4152
0.5786
0.4278
0.4269
0.4438
0.4125
0.4402
0.4107
0.4346
1.274
0.4204
0.4366
0.4299
0.4296
0.4353
0.4206
0.4294
0.4305
0.4049
0.3913
0.4307
0.4109
0.4286
0.4299
0.4058
0.4363
0.4283
0.414
0.4267
0.423
0.3865
0.429
0.4147
0.4122
0.4269
0.4097
0.4052
0.4225
0.4272
0.4081
0.4269
0.4248
0.3875
0.4315
0.4324
0.4006
0.433
0.4132
0.4155
0.4008
0.4185
0.413
0.4307
0.426
0.425
0.4032
0.4212
0.4208
0.4185
0.4231
0.4069
0.4241
0.4344
0.4202
0.4221
0.4196
0.4119
0.4338
0.433
0.3882
0.4199
0.4282
0.4232
0.4301
0.4046
2.2479
0.4003
0.6602
0.4872
0.4589
0.4259
0.4437
0.3957
0.4345
1.6202
0.4632
0.4049
1.6772
0.4552
0.4139
0.4036
0.4318
0.4342
0.4326
0.4317
0.4007
0.4393
0.3955
0.4173
0.4003
0.4231
0.4105
0.3918
0.4209
0.4222
0.446
0.3764
0.429
2.0244
0.4526
0.4828
0.3931
0.389
0.4217
0.4274
0.426
0.4144
0.4165
0.4292
0.4248
0.3863
0.4108
0.402
0.4342
0.4173
0.485
0.5826
0.4001
0.3693
0.4114
0.3717
0.3762
0.4709
0.418
0.3952
0.3867
0.4031
0.4335
0.3971
0.426
0.3939
1.7275
0.398
0.6138
0.4801
0.4258
0.4174
0.4353
0.4146
0.4135
0.4186
0.4142
0.399
0.4212
0.4098
0.4275
0.4319
0.4104
0.4303
0.4174
0.4057
0.4136
0.4231
0.4087
0.4279
0.4107
0.4071
0.4147
0.4178
0.4658
0.456
0.5089
0.4352
0.4876
0.3773
0.4151
0.4362
0.4189
0.4212
0.5113
0.4249
0.4213
0.4142
0.4379
0.4254
0.3888
0.4328
0.3891
0.4236
0.4302
0.4231
0.4212
0.3799
0.4062
0.4367
0.442
0.4121
0.425
0.4073
0.427
0.4344
0.4369
0.42
0.4182
0.3972
0.4252
0.4048
0.4005
0.4329
0.3836
0.388
0.3848
0.4176
0.3951
0.4175
0.3789
0.4288
0.3926
0.441
0.3912
0.4608
0.3787
0.4336
0.3963
0.4661
0.4273
0.4118
0.4031
0.3875
0.3961
0.3887
0.4321
0.3839
0.3821
0.3966
0.3732
0.4265
0.4011
0.4115
0.3793
0.3746
0.4166
0.4143
0.4307
0.4044
0.3966
0.4411
0.4644
0.4575
0.4037
0.5018
0.4405
0.4251
0.4148
0.4948
0.42
0.4185
0.3984
0.4411
0.4472
0.4402
0.4147
0.4269
0.4241
0.4206
0.3948
0.4058
0.399
0.4803
0.3856
0.4182
0.4316
0.4528
0.3741
0.4304
0.3985
0.4596
0.4134
0.3817
0.5004
0.4563
0.4073
0.3994
0.4337
0.3775
0.4291
0.4075
0.3822
0.4242
0.3965
0.4471
0.3985
0.447
0.4024
0.4073
0.4233
0.4426
0.3967
0.4139
0.416
0.4162
0.4083
0.4323
0.4386
0.4126
0.3745
0.3787
0.4152
0.4002
0.3727
0.3867
0.3973
0.4321
0.3951
0.4226
0.4392
0.406
0.385
0.4108
0.3958
0.4208
0.3973
0.3881
0.4085
0.4033
0.4152
0.3999
0.4536
0.4148
0.3965
0.4092
0.3897
0.3821
0.3821
0.3817
0.4142
0.4029
0.3936
0.3862
0.3635
0.4052
0.521
0.4801
0.3754
0.4953
0.4818
0.374
0.3847
0.3845
0.4055
0.3826
0.4263
0.4036
0.3745
0.3989
0.3827
0.3988
0.4151
0.409
0.3768
0.3804
0.3955
0.3767
0.3803
0.3739
0.4051
0.3819
0.4074
0.4184
0.4091
0.5098
0.4178
0.4083
0.41
0.4055
0.3963
0.4278
0.415
0.4829
0.4444
0.3947
0.4107
0.4659
0.4427
0.4131
0.5097
0.3878
0.3952
0.4201
0.446
0.443
0.3959
0.4556
0.4521
0.4157
0.4534
0.4
0.4412
0.4569
0.4396
0.4199
0.4482
0.4107
0.426
0.3927
0.3775
0.399
0.4424
0.4468
0.4262
0.4436
0.4525
0.4491
0.4043
0.3955
0.3963
0.4833
0.387
0.4292
0.4254
0.4453
0.3941
0.4821
0.4456
0.4142
0.3895
0.4299
0.4349
0.4135
0.4117
0.4117
0.4283
0.4335
0.4211
1.4128
0.558
0.3889
0.4074
0.3623
0.4094
0.3727
0.4929
0.4064
0.4311
0.4423
0.4034
0.393
0.4787
0.4066
0.4372
0.4752
0.3879
0.4441
0.453
0.4529
0.4048
0.4528
0.4521
0.4255
0.4047
0.4151
0.4345
0.3826
0.3913
0.3992
0.4034
0.3936
0.3999
0.4076
0.3965
0.4026
0.3936
0.4063
0.4197
0.4274
0.4309
0.4067
0.4257
0.4152
0.3974
0.4211
0.4182
0.3798
0.4156
0.4003
0.3784
0.4164
0.4059
0.3903
0.5236
0.4491
0.4271
0.4359
0.3965
0.4193
0.4136
0.4019
0.4184
0.4084
0.3995
0.4187
0.4176
0.4007
0.4295
0.3666
0.4203
0.4149
0.409
0.4199
0.386
0.4014
0.464
0.3963
0.4178
0.4121
0.4163
0.4235
0.3936
0.4187
0.3831
0.4251
0.423
0.4123
0.4131
0.42
0.4089
0.4198
0.4177
0.4214
0.3947
0.4185
0.3988
0.4178
0.3979
0.3894
0.4138
0.4327
0.3786
0.4049
0.4057
0.4297
0.4106
0.4144
0.3927
0.4179
0.424
0.3983
0.4267
0.4273
0.4186
0.4241
0.3817
0.4266
0.3865
0.4106
0.3861
0.3881
0.4064
0.4254
0.4128
0.4213
0.418
0.4135
0.4021
0.4401
0.396
0.4073
0.394
0.4158
0.3943
0.4014
0.4399
0.3952
0.5313
0.4794
0.4076
0.3849
0.4006

---------------------------------------
CodechalDecodeHevcG12::DecodeStateLevel
---------------------------------------
0.4715
0.1851
0.2627
0.213
0.3124
0.2059
0.2424
0.1643
0.2935
0.1866
0.4695
0.3142
0.2178
0.1701
0.2006
0.1821
0.3126
0.2148
0.2295
0.1895
0.2573
0.1829
0.3661
0.2008
0.2338
0.1891
0.2517
0.1871
0.2305
0.1835
0.2629
0.1842
0.2848
2.2766
0.2196
2.299
0.2218
2.3209
0.2009
0.1563
0.2478
0.1887
0.2215
0.1721
0.2023
1.9487
0.2398
0.1789
0.1669
0.1253
0.1602
0.1356
0.1836
0.1307
0.1584
0.1245
0.1797
0.128
0.1548
0.1222
0.1623
0.1249
0.1759
0.7652
0.1655
0.1225
0.1733
0.1263
0.1592
0.1382
0.1652
0.135
0.1698
0.1282
0.164
0.1242
0.1634
0.1366
0.1682
0.134
0.1571
0.123
0.1474
0.1198
0.1634
0.1301
0.1576
0.1232
0.1583
0.1374
0.1697
0.1283
0.1571
0.1232
0.1719
0.1343
0.1704
0.1306
0.1603
0.1244
0.1615
0.1395
0.1693
0.1279
0.1473
0.1195
0.165
0.1373
0.1629
0.1254
0.1624
0.1233
0.1626
0.1338
0.1565
0.1254
0.1576
0.1235
0.16
0.1345
0.1665
0.1332
0.157
0.1225
0.1633
0.1368
0.1683
0.1267
0.1521
0.1178
0.156
0.1441
0.1722
0.123
0.152
0.1295
0.1606
0.1359
0.1585
0.1258
0.1614
0.1274
0.1528
0.1311
0.166
0.1269
0.1616
0.126
0.1688
0.1369
0.1689
0.1304
0.1695
0.1257
0.1471
0.1354
0.1683
0.128
0.1687
0.1245
0.1564
0.1345
0.1675
0.126
0.1564
0.1242
0.1621
0.135
0.1736
0.1276
0.1606
0.1323
0.1616
0.1363
0.1674
0.1274
0.1604
0.1258
0.1715
0.137
0.1682
0.1363
0.1474
0.1162
0.1595
0.1338
0.159
0.1403
0.164
0.1278
0.1668
0.126
0.1627
0.1228
0.1793
1.7142
0.1528
0.1209
0.2886
0.1313
0.1955
0.13
0.184
0.1298
0.1699
0.1267
0.1671
0.1415
0.1566
0.1207
0.1633
0.1302
0.1555
1.1462
0.187
0.1292
0.1575
0.1203
0.1826
1.2009
0.1822
0.129
0.1618
0.1217
0.1499
0.1185
0.1718
0.1265
0.1744
0.1263
0.1706
0.1262
0.1622
0.1377
0.1574
0.1217
0.1651
0.1396
0.1477
0.1231
0.1643
0.1256
0.1541
0.1229
0.1639
0.1276
0.1588
0.1236
0.1532
0.1185
0.1545
0.1366
0.1638
0.1268
0.1835
0.1289
0.1454
0.1173
0.1647
0.1236
0.1736
1.4425
0.178
0.1339
0.2044
0.1288
0.148
0.1182
0.1472
0.1254
0.1694
0.127
0.1747
0.1257
0.1742
0.1254
0.1595
0.127
0.1655
0.1219
0.1603
0.131
0.1642
0.1262
0.1508
0.1205
0.1557
0.1343
0.1619
0.125
0.1635
0.1389
0.1573
0.1343
0.1966
0.1322
0.2559
0.1495
0.1508
0.1332
0.1398
0.1186
0.1612
0.1183
0.1376
0.1173
0.1436
0.1233
0.1862
0.1354
0.1578
0.1392
0.1487
0.1254
0.1458
0.1251
0.1534
0.1227
0.1637
0.1388
0.1565
0.1212
0.1635
0.1256
0.1504
0.1206
0.155
1.2128
0.1482
0.1307
0.1955
0.2535
0.2029
0.1306
0.1619
0.1348
0.1599
0.1289
0.1789
0.1264
0.1641
0.1258
0.1599
0.1241
0.1644
0.125
0.1568
0.1349
0.1533
0.1215
0.1656
0.1288
0.1596
0.125
0.1628
0.136
0.1758
0.1263
0.1592
0.1264
0.1635
0.1378
0.1632
0.1234
0.156
0.1253
0.1579
0.1291
0.1599
0.1293
0.1587
0.1271
0.1622
0.132
0.1564
0.125
0.1563
0.1248
0.1562
0.1335
0.1572
0.134
0.1791
0.1355
0.189
0.1293
0.2101
0.1319
0.1759
0.1318
0.2017
0.1329
0.1514
0.1077
0.1645
0.1208
0.1648
0.1301
0.1632
0.126
0.1567
0.1412
0.2076
0.1305
0.1738
0.1236
0.157
0.1335
0.1627
0.1247
0.1744
0.1263
0.1622
0.1368
0.1466
0.1231
0.1642
0.1326
0.1548
0.1212
0.1633
0.1259
0.1643
0.125
0.161
0.1311
0.161
0.1313
0.1416
0.1219
0.1521
0.1285
0.1687
0.1329
0.1697
0.1347
0.1557
0.1292
0.1635
0.1327
0.1514
0.1309
0.1655
0.1348
0.1688
0.1389
0.1661
0.1341
0.1634
0.1259
0.1557
0.132
0.148
0.1196
0.1723
0.1278
0.1618
0.123
0.1569
0.1166
0.1641
0.1338
0.1472
0.1184
0.149
0.1201
0.1467
0.124
0.1644
0.1255
0.1555
0.1226
0.1593
0.1237
0.147
0.1185
0.1622
0.1316
0.1476
0.128
0.1661
0.1346
0.1497
0.1209
0.1792
0.1299
0.1459
0.1182
0.1698
0.1248
0.1528
0.1234
0.1861
0.1288
0.1687
0.1265
0.1625
0.1258
0.1592
0.1157
0.1501
0.1227
0.1551
0.1228
0.1499
0.1207
0.1474
0.1695
0.1505
0.123
0.1502
0.1196
0.1553
0.1221
0.1449
0.122
0.16
0.1255
0.1514
0.125
0.1563
0.1277
0.1444
0.1173
0.1461
0.1147
0.1605
0.1286
0.1619
0.1242
0.1637
0.1323
0.1535
0.1264
0.1527
0.1214
0.1769
0.1298
0.1728
0.139
0.1761
0.1386
0.1537
0.1293
0.1986
0.136
0.1717
0.1362
0.166
0.1248
0.1673
0.124
0.2027
0.1311
0.1534
0.1197
0.1657
0.1245
0.1476
0.1301
0.1774
0.1347
0.1632
0.1508
0.1705
0.1277
0.1584
0.1236
0.1598
0.131
0.155
0.1285
0.1618
0.1216
0.1498
0.1261
0.154
0.1257
0.1479
0.1332
0.1914
0.1317
0.1462
0.1231
0.1561
0.1334
0.1589
0.1333
0.1687
0.1321
0.1435
0.118
0.1694
0.131
0.1517
0.1253
0.1796
0.1299
0.1589
0.1323
0.146
0.1193
0.1996
0.1253
0.1788
0.1404
0.1512
0.1323
0.1499
0.1196
0.1603
0.1315
0.1451
0.1184
0.1598
0.1399
0.1541
0.1281
0.1434
0.1247
0.1614
0.1344
0.1518
0.1241
0.1734
0.1467
0.156
0.1236
0.158
0.1529
0.1587
0.1252
0.1523
0.1251
0.1674
0.1266
0.1624
0.145
0.1512
0.1259
0.1594
0.1245
0.162
0.1256
0.1632
0.1241
0.1549
0.1251
0.1608
0.146
0.166
0.1309
0.1575
0.1243
0.1424
0.116
0.1439
0.1182
0.1588
0.1257
0.1583
0.1217
0.1428
0.1165
0.1458
0.1262
0.1532
0.1256
0.1694
0.1333
0.1494
0.1228
0.1697
0.1276
0.1693
0.1323
0.159
0.124
0.1448
0.1249
0.1606
0.1247
0.1532
0.1253
0.1664
0.1249
0.1543
0.1232
0.151
0.1213
0.1592
0.1271
0.1565
0.1216
0.1596
0.1302
0.1497
0.123
0.1784
0.1491
0.1599
0.1268
0.1488
0.1304
0.1604
0.122
0.143
0.1188
0.1428
0.1204
0.1411
0.1251
0.1443
0.1196
0.1651
0.1241
0.1454
0.123
0.1514
0.1189
0.1507
0.1216
0.139
0.111
0.1559
0.1276
0.2169
0.1281
0.2032
0.1249
0.1404
0.1204
0.1966
0.1319
0.1953
0.1488
0.1431
0.1197
0.1468
0.1249
0.1478
0.1227
0.1556
0.1282
0.1486
0.1196
0.1533
0.1461
0.157
0.1213
0.1453
0.12
0.1531
0.122
0.1521
0.1185
0.1579
0.1266
0.1554
0.1214
0.1612
0.1249
0.1461
0.1194
0.1448
0.1195
0.154
0.1239
0.1467
0.1202
0.1506
0.1196
0.1465
0.12
0.1579
0.1227
0.1482
0.1182
0.1601
0.1259
0.1686
0.1252
0.1614
0.1244
0.2058
0.1371
0.154
0.1209
0.155
0.1242
0.1573
0.1254
0.1596
0.1227
0.1547
0.1212
0.1643
0.1262
0.1572
0.1294
0.1973
0.1237
0.1524
0.1353
0.1461
0.1171
0.1452
0.1331
0.1794
0.127
0.1622
0.1267
0.1587
0.1272
0.1974
0.1556
0.1449
0.1208
0.155
0.1169
0.1566
0.1384
0.1705
0.1337
0.1705
0.1301
0.1506
0.1221
0.1799
0.1274
0.1696
0.1385
0.1612
0.1251
0.1797
0.1279
0.1504
0.1198
0.164
0.1439
0.1795
0.1302
0.1702
0.1285
0.1608
0.1329
0.1687
0.1323
0.1629
0.1221
0.1621
0.1383
0.1436
0.1215
0.1473
0.1238
0.1539
0.1216
0.1692
0.1451
0.1741
0.1338
0.1657
0.132
0.1684
0.1277
0.1671
0.1309
0.1675
0.1355
0.1521
0.1209
0.1464
0.1297
0.1499
0.1276
0.1815
0.1432
0.15
0.1163
0.1592
0.1317
0.1628
0.1311
0.1652
0.1386
0.1494
0.122
0.2049
0.1267
0.1679
0.1274
0.165
0.1282
0.1437
0.128
0.1865
0.1201
0.163
0.1402
0.1597
0.1244
0.1623
0.1308
0.1514
0.1272
0.1639
0.1384
0.1663
0.1306
0.1644
0.1316
0.1708
0.1252
0.2144
0.1738
0.1494
0.1197
0.1586
0.1224
0.1423
0.1125
0.1623
0.1262
0.1438
0.1216
0.1982
0.1292
0.1521
0.1315
0.1686
0.1259
0.1707
0.1266
0.164
0.1183
0.1502
0.1241
0.1906
0.1351
0.1515
0.1332
0.1639
0.1337
0.1913
0.131
0.1496
0.1206
0.1656
0.1368
0.1801
0.1272
0.1669
0.1401
0.1526
0.1285
0.1783
0.1275
0.1677
0.1291
0.1618
0.1324
0.1547
0.1229
0.1521
0.1217
0.1648
0.1439
0.1437
0.1293
0.1447
0.1333
0.1443
0.138
0.144
0.131
0.166
0.1188
0.1481
0.1349
0.1521
0.1315
0.1511
0.1274
0.1557
0.1214
0.1599
0.1172
0.1535
0.1323
0.1618
0.1266
0.1578
0.1381
0.1533
0.1566
0.157
0.1254
0.1714
0.1249
0.1603
0.1242
0.153
0.121
0.156
0.1378
0.1577
0.136
0.1451
0.1193
0.1548
0.1358
0.1544
0.1289
0.1449
0.1192
0.1585
0.1232
0.1576
0.1265
0.1518
0.1203
0.2218
0.1283
0.1832
0.1284
0.1662
0.13
0.175
0.1283
0.1523
0.1232
0.1606
0.1257
0.1625
0.1232
0.1561
0.1244
0.1587
0.1338
0.1611
0.123
0.1571
0.1218
0.1585
0.1355
0.1636
0.1236
0.1532
0.1231
0.1699
0.128
0.1423
0.1128
0.157
0.1362
0.1651
0.1247
0.1593
0.1254
0.1544
0.1352
0.1471
0.1201
0.1532
0.1186
0.2046
0.127
0.155
0.1229
0.1615
0.1242
0.1554
0.1347
0.1599
0.1265
0.163
0.1274
0.1445
0.1344
0.158
0.1257
0.148
0.1187
0.1568
0.1407
0.1675
0.1282
0.1576
0.1242
0.1535
0.1359
0.167
0.1262
0.1569
0.125
0.1563
0.1399
0.1672
0.125
0.1607
0.1238
0.1479
0.1272
0.1624
0.1249
0.1463
0.1355
0.1563
0.1366
0.1604
0.1215
0.15
0.1195
0.1582
0.1311
0.1698
0.1241
0.1438
0.1128
0.1537
0.1301
0.1552
0.1239
0.1596
0.1391
0.1529
0.1344
0.1612
0.1265
0.1549
0.1192
0.1571
0.1268
0.1592
0.1354
0.1472
0.117
0.1713
0.1241
0.1733
0.1258
0.1589
0.1245
0.1573
0.1346
0.1462
0.1192
0.1605
0.1385
0.1452
0.1278
0.1613
0.1283
0.1454
0.1184
0.1423
0.1162
0.153
0.1338
0.1604
0.1244
0.1547
0.1362
0.1649
0.1269
0.1559
0.1365
0.154
0.1343
0.1542
0.1239
0.1682
0.1303
0.1465
0.1342
0.1572
0.1251
0.146
0.1212
0.1553
0.1386
0.1554
0.1198
0.1598
0.1169
0.1667
0.1375
0.149
0.1236
0.2247
0.1349
0.1926
0.1281
0.1575
0.1302
0.1451
0.1251
0.1543
0.1228

-------------------------------------
CodechalDecodeHevcG12::SetFrameStates
-------------------------------------
0.7047
0.0963
0.1332
0.0849
0.1349
0.1943
0.1423
0.1051
0.0586
0.0379
0.0371
0.0506
0.0376
0.0436
0.0355
0.0385
0.3167
0.2176
0.2013
0.0339
0.0351
0.0351
0.1291
0.0408
0.0378
0.0342
0.0348
0.0337
0.0357
0.035
0.0331
0.2115
0.0383
0.0362
0.0362
0.0356
0.0352
0.0347
0.0344
0.0342
0.0337
0.0321
0.0359
0.0344
0.0345
0.0359
0.0333
0.0344
0.035
0.034
0.034
0.0347
0.0317
0.0338
0.0324
0.0343
0.033
0.0332
0.0337
0.0348
0.0334
0.033
0.034
0.0347
0.0245
0.0325
0.0361
0.033
0.0345
0.0325
0.0335
0.031
0.034
0.0331
0.0338
0.0343
0.0334
0.0339
0.0334
0.0335
0.0331
0.0344
0.0329
0.0338
0.0334
0.0338
0.0331
0.0335
0.0334
0.0339
0.034
0.0316
0.0335
0.0346
0.0351
0.0346
0.0316
0.2203
0.034
0.1148
0.0424
0.0381
0.0345
0.0348
0.0316
0.0356
0.1941
0.0417
0.0332
0.1663
0.0414
0.0341
0.0333
0.0355
0.0358
0.0364
0.035
0.032
0.0356
0.0309
0.0336
0.0317
0.0339
0.034
0.0314
0.0366
0.0335
0.036
0.0302
0.0401
0.2755
0.0377
0.0394
0.0352
0.0331
0.0339
0.0345
0.034
0.0344
0.0343
0.0344
0.0393
0.0318
0.0323
0.031
0.0344
0.0341
0.042
0.0503
0.0333
0.0341
0.0323
0.0314
0.0308
0.0406
0.0351
0.0315
0.0325
0.0355
0.0347
0.0319
0.0346
0.0321
0.253
0.0319
0.0335
0.0438
0.0358
0.0353
0.0348
0.0335
0.0341
0.0344
0.0334
0.0318
0.0336
0.0346
0.0345
0.0345
0.0333
0.0341
0.034
0.0326
0.0335
0.0344
0.0331
0.0372
0.0327
0.0329
0.0332
0.0334
0.0409
0.0355
0.0456
0.0333
0.0407
0.0239
0.0323
0.0364
0.0338
0.0343
0.0493
0.036
0.0342
0.0346
0.035
0.0343
0.0328
0.0378
0.0301
0.0344
0.0385
0.035
0.0332
0.0335
0.031
0.0375
0.0378
0.0365
0.0331
0.0345
0.0336
0.0336
0.0398
0.0341
0.033
0.04
0.0345
0.0321
0.0278
0.0352
0.0354
0.0345
0.0308
0.0335
0.0309
0.035
0.0315
0.0365
0.0312
0.0382
0.0341
0.0408
0.0336
0.0363
0.0331
0.042
0.0363
0.0341
0.0419
0.0319
0.0332
0.033
0.0306
0.0308
0.031
0.0334
0.0296
0.0366
0.0339
0.0332
0.0334
0.0235
0.0326
0.0327
0.042
0.0354
0.0364
0.0347
0.0393
0.0432
0.0318
0.0463
0.0361
0.0353
0.0327
0.0419
0.049
0.0335
0.0323
0.0356
0.0362
0.0384
0.0382
0.037
0.0475
0.0366
0.0331
0.0322
0.0318
0.0417
0.0319
0.0347
0.034
0.0393
0.0252
0.0361
0.0331
0.0407
0.0344
0.032
0.0455
0.0377
0.0327
0.0416
0.0344
0.0301
0.0348
0.0334
0.0305
0.035
0.0309
0.034
0.0315
0.0366
0.0313
0.0373
0.0345
0.0341
0.0317
0.04
0.0343
0.0349
0.0323
0.0343
0.0356
0.0327
0.0316
0.0243
0.0338
0.0314
0.0318
0.0309
0.0348
0.0351
0.0367
0.033
0.0342
0.031
0.0339
0.0344
0.0309
0.0346
0.0321
0.0336
0.0333
0.0319
0.0342
0.0318
0.0353
0.0348
0.0314
0.0347
0.0405
0.0309
0.0295
0.0306
0.034
0.0306
0.0372
0.0307
0.0227
0.0328
0.0462
0.0435
0.03
0.0409
0.0411
0.0342
0.031
0.0311
0.0345
0.0315
0.0306
0.0329
0.03
0.0335
0.03
0.0335
0.034
0.0342
0.031
0.0307
0.033
0.0309
0.0301
0.0301
0.0334
0.0309
0.0339
0.0338
0.033
0.0432
0.0379
0.0271
0.0361
0.0334
0.0339
0.0358
0.0326
0.0477
0.0544
0.0402
0.0385
0.0473
0.0378
0.0347
0.0453
0.04
0.0325
0.0336
0.0397
0.0394
0.0328
0.0393
0.0388
0.0334
0.0389
0.0342
0.0363
0.0393
0.0372
0.0342
0.0463
0.0337
0.0337
0.035
0.0219
0.0377
0.0355
0.038
0.0347
0.0447
0.0375
0.0397
0.036
0.035
0.0347
0.0415
0.0341
0.0375
0.0339
0.0361
0.0336
0.0421
0.0365
0.0364
0.0329
0.0352
0.0327
0.0323
0.0336
0.031
0.0332
0.0365
0.0345
0.0325
0.045
0.0337
0.0346
0.0237
0.0342
0.0301
0.0407
0.0336
0.0411
0.0392
0.0349
0.0312
0.0402
0.0341
0.0357
0.0406
0.0333
0.0391
0.0389
0.0366
0.0329
0.0388
0.0377
0.0373
0.0354
0.0333
0.0337
0.0302
0.0306
0.0309
0.0311
0.0298
0.031
0.0329
0.0316
0.0328
0.0245
0.0325
0.038
0.0351
0.0325
0.033
0.0338
0.0334
0.0326
0.0329
0.0323
0.0341
0.0344
0.0323
0.0341
0.0363
0.034
0.0317
0.0454
0.0374
0.0348
0.0362
0.0317
0.0345
0.0343
0.0321
0.0334
0.0331
0.0318
0.0332
0.0331
0.0325
0.0336
0.0224
0.0317
0.0338
0.0342
0.042
0.0314
0.0339
0.0352
0.0311
0.0348
0.0325
0.0335
0.0338
0.0307
0.033
0.0314
0.0326
0.0339
0.0332
0.0328
0.033
0.0335
0.0326
0.0335
0.0337
0.031
0.0331
0.0305
0.0332
0.0314
0.0307
0.0311
0.0354
0.0232
0.0312
0.0365
0.036
0.0355
0.0344
0.0322
0.0329
0.0338
0.0319
0.0339
0.0337
0.0341
0.0415
0.0336
0.0333
0.03
0.0323
0.0299
0.033
0.0306
0.0391
0.0322
0.0373
0.0328
0.033
0.0361
0.0401
0.0308
0.0337
0.0306
0.0312
0.0319
0.0261
0.0367
0.0323
0.0465
0.0395
0.0352
0.0315
0.0311

--------------------------
CreateVideoDecoder_D3D11_1
--------------------------
21.4942

---------------------------
DestroyVideoDecoder_D3D11_1
---------------------------
0

----------------
First Frame Time
----------------
61.6549

--------------------------------------
VideoDecoderBeginFrame_WDDM2_4_D3D11_1
--------------------------------------
0.0056
0.0025
0.0025
0.003
0.0041
0.0062
0.0033
0.0022
0.0042
0.0024
0.0022
0.0047
0.0023
0.0034
0.0019
0.0026
0.0019
0.0019
0.0021
0.0027
0.0021
0.0018
0.0022
0.0026
0.0024
0.0019
0.0019
0.0018
0.003
0.0017
0.0017
0.0017
0.0026
0.0021
0.0019
0.002
0.0019
0.0018
0.0017
0.0018
0.0019
0.002
0.003
0.0018
0.0017
0.0018
0.0028
0.0017
0.0018
0.0018
0.0017
0.0019
0.0015
0.0018
0.0018
0.0019
0.0018
0.0018
0.0025
0.0017
0.0017
0.0019
0.0018
0.0028
0.0018
0.0018
0.0023
0.0016
0.0017
0.0046
0.0022
0.0016
0.0019
0.0018
0.0018
0.0017
0.0018
0.0016
0.0016
0.0016
0.0016
0.0016
0.0018
0.0018
0.0018
0.0017
0.0017
0.0017
0.0018
0.0018
0.0018
0.0019
0.0028
0.0018
0.0033
0.0018
0.0017
0.0018
0.0022
0.0038
0.0033
0.0026
0.002
0.0018
0.0021
0.0018
0.0021
0.0052
0.0021
0.0021
0.0027
0.0023
0.0025
0.0019
0.0018
0.0018
0.0029
0.0019
0.0016
0.0018
0.0019
0.0016
0.0018
0.0019
0.0019
0.0016
0.0017
0.0019
0.0019
0.002
0.0025
0.0025
0.0031
0.0027
0.0019
0.0021
0.0022
0.0018
0.0023
0.002
0.0019
0.0099
0.0018
0.0016
0.0017
0.0023
0.0021
0.003
0.0035
0.0021
0.0018
0.002
0.0017
0.0016
0.0017
0.0025
0.002
0.0021
0.0018
0.0022
0.0017
0.0042
0.0024
0.0025
0.0018
0.0018
0.0026
0.0023
0.0021
0.0019
0.0019
0.0047
0.002
0.0018
0.0018
0.0017
0.0018
0.0019
0.0018
0.0017
0.0018
0.0018
0.0017
0.0017
0.0018
0.0017
0.0017
0.0017
0.0017
0.0017
0.0018
0.0034
0.0025
0.003
0.0021
0.003
0.0027
0.0016
0.0019
0.0017
0.0017
0.0034
0.0023
0.0019
0.0019
0.002
0.0019
0.0017
0.0017
0.0024
0.0016
0.0039
0.0019
0.0019
0.0019
0.0016
0.0018
0.0017
0.0018
0.0017
0.0017
0.0017
0.0018
0.002
0.0022
0.0022
0.0022
0.0019
0.0021
0.0034
0.002
0.0019
0.0022
0.0016
0.002
0.0016
0.0024
0.0016
0.0021
0.0017
0.0028
0.0021
0.0038
0.0027
0.0026
0.002
0.0028
0.0022
0.0021
0.0028
0.0019
0.0019
0.0029
0.0023
0.0018
0.0057
0.0027
0.0017
0.0026
0.002
0.002
0.0022
0.0019
0.0019
0.0021
0.002
0.0019
0.002
0.0016
0.0029
0.0023
0.0021
0.0034
0.0021
0.0023
0.0018
0.0033
0.0021
0.0019
0.0019
0.0018
0.0028
0.0028
0.0023
0.0025
0.0021
0.0033
0.0019
0.002
0.0019
0.0031
0.0021
0.0021
0.0019
0.0028
0.0022
0.0023
0.002
0.0027
0.002
0.0019
0.004
0.0022
0.0021
0.0019
0.0017
0.0019
0.0018
0.0015
0.0018
0.0018
0.0017
0.0017
0.0017
0.0019
0.0018
0.0043
0.0016
0.0016
0.0017
0.0017
0.0018
0.0016
0.0017
0.0017
0.0017
0.0016
0.0021
0.002
0.0018
0.0016
0.0018
0.0017
0.0018
0.0018
0.0017
0.0017
0.0019
0.0018
0.0019
0.0017
0.0017
0.0019
0.0015
0.0019
0.0016
0.0016
0.0016
0.0016
0.0019
0.0017
0.0017
0.0017
0.0019
0.0019
0.0015
0.0017
0.0017
0.0017
0.0016
0.0017
0.002
0.0017
0.0046
0.0023
0.0017
0.0056
0.0024
0.0021
0.0017
0.0019
0.002
0.0018
0.0017
0.0027
0.0016
0.0017
0.0016
0.0019
0.0023
0.002
0.0017
0.0017
0.5973
0.0018
0.0017
0.0018
0.0034
0.0017
0.0018
0.0018
0.0018
0.0018
0.003
0.0026
0.002
0.002
0.0021
0.0019
0.0017
0.0037
0.0021
0.0021
0.0019
0.0019
0.0035
0.0023
0.0023
0.0018
0.0023
0.0018
0.0031
0.0024
0.0023
0.003
0.0022
0.0019
0.0029
0.0024
0.0019
0.0036
0.0023
0.002
0.0022
0.0021
0.0016
0.0018
0.0019
0.002
0.0019
0.0021
0.0019
0.0036
0.0021
0.0031
0.0023
0.0019
0.0018
0.003
0.0021
0.0025
0.0019
0.002
0.002
0.0033
0.0021
0.0021
0.0015
0.0018
0.0019
0.002
0.0018
0.002
0.0017
0.0021
0.0024
0.0021
0.0065
0.003
0.0022
0.002
0.0021
0.0017
0.0029
0.0022
0.0022
0.0032
0.0022
0.0016
0.0031
0.0019
0.0022
0.0029
0.0023
0.0076
0.0028
0.0054
0.002
0.0037
0.0026
0.0062
0.0028
0.0024
0.0019
0.0019
0.0017
0.0016
0.002
0.0018
0.0018
0.0019
0.002
0.002
0.0021
0.0018
0.0018
0.0018
0.002
0.0018
0.0018
0.002
0.0017
0.0018
0.0018
0.002
0.0017
0.0019
0.0017
0.0028
0.0021
0.0019
0.0064
0.0023
0.0021
0.0021
0.0019
0.0017
0.0018
0.0058
0.0017
0.0021
0.0019
0.0018
0.0017
0.0017
0.002
0.0021
0.0018
0.002
0.0017
0.0018
0.002
0.0022
0.0018
0.0016
0.0024
0.0018
0.0018
0.0017
0.0016
0.0017
0.0019
0.0017
0.0018
0.0017
0.0018
0.0017
0.0018
0.0018
0.0017
0.0017
0.0017
0.0018
0.0019
0.0018
0.0018
0.0019
0.0015
0.0019
0.0022
0.0018
0.0018
0.0019
0.0018
0.0019
0.0018
0.0016
0.002
0.0021
0.0018
0.0021
0.0019
0.0018
0.0018
0.0018
0.0017
0.0016
0.0018
0.0019
0.0017
0.0019
0.0018
0.0017
0.0017
0.0018
0.0021
0.0018
0.0017
0.002
0.0019
0.0017
0.0024
0.0023
0.0028
0.0018
0.0042
0.0031
0.0025
0.0018
0.0017

----------------------------
VideoDecoderEndFrame_D3D11_1
----------------------------
0.0382
0.0561
0.1115
0.102
0.1321
0.1898
0.1145
0.1024
0.1454
0.0676
0.0956
0.0653
0.0709
0.0623
0.0676
0.0637
0.0649
0.068
0.0605
0.0621
0.0712
0.061
0.067
0.0635
0.0708
0.0618
0.0661
0.0664
0.0659
0.063
0.0576
0.067
0.0591
0.0922
0.0615
0.0628
0.0591
0.0617
0.0641
0.0615
0.0686
0.0594
0.0706
0.0686
0.0595
0.0616
0.0685
0.0612
0.0624
0.0632
0.0601
0.0601
0.0694
0.0606
0.0587
0.0655
0.0602
0.0593
0.0679
0.0621
0.0595
0.0691
0.0615
0.0596
0.0683
0.0627
0.058
0.0626
0.0608
0.0615
0.0683
0.0645
0.0598
0.0692
0.0597
0.0578
0.0603
0.0577
0.0624
0.0744
0.0614
0.0599
0.0689
0.062
0.0607
0.0631
0.0624
0.0618
0.0675
0.0638
0.0586
0.0596
0.0619
0.0608
0.0609
0.0615
0.0629
0.0648
0.0578
0.0899
0.0639
0.0656
0.0613
0.0608
0.0592
0.0633
0.072
0.0533
0.0824
0.0829
0.0608
0.0888
0.0569
0.0641
0.0609
0.0667
0.0589
0.0583
0.0596
0.0556
0.0658
0.068
0.0585
0.0631
0.0635
0.0614
0.06
0.0609
0.0602
0.0604
0.0657
0.0561
0.0932
0.0577
0.0575
0.0649
0.0601
0.0609
0.0594
0.0606
0.0597
0.0662
0.0568
0.0599
0.0611
0.0566
0.0738
0.0604
0.0656
0.0607
0.0561
0.0571
0.0552
0.0593
0.1094
0.0702
0.0542
0.0605
0.062
0.0624
0.0582
0.061
0.0597
0.0565
0.0535
0.1004
0.0631
0.0635
0.0599
0.0629
0.0633
0.0602
0.0626
0.0593
0.0582
0.0611
0.0675
0.0614
0.0585
0.0673
0.0628
0.0642
0.0653
0.0613
0.0662
0.0581
0.0615
0.0593
0.0608
0.0611
0.0608
0.0577
0.0594
0.0643
0.0584
0.0625
0.0596
0.0607
0.0685
0.0553
0.0669
0.0685
0.0604
0.061
0.0614
0.0593
0.0588
0.0588
0.0545
0.0546
0.0718
0.0592
0.0645
0.0561
0.0556
0.0664
0.0612
0.0575
0.0638
0.0583
0.0592
0.0566
0.0614
0.0581
0.0609
0.0546
0.0544
0.0605
0.0599
0.0893
0.0566
0.0531
0.0557
0.0566
0.0545
0.0557
0.0535
0.0544
0.0582
0.0565
0.0564
0.054
0.0626
0.0602
0.0646
0.0569
0.0601
0.0573
0.0706
0.0563
0.0568
0.0557
0.0597
0.0571
0.0541
0.0577
0.0531
0.0543
0.065
0.0565
0.0567
0.0534
0.0585
0.064
0.0628
0.0621
0.0559
0.0549
0.057
0.0627
0.0609
0.0562
0.0583
0.0577
0.0635
0.059
0.0679
0.0545
0.0567
0.0626
0.0598
0.0633
0.0637
0.056
0.0736
0.0553
0.0592
0.0557
0.0568
0.0588
0.0711
0.0604
0.0571
0.0592
0.0603
0.0611
0.0596
0.0617
0.0583
0.0563
0.0545
0.0629
0.0747
0.0676
0.0619
0.0638
0.057
0.0556
0.0579
0.0549
0.0625
0.0597
0.0586
0.0612
0.058
0.0619
0.0559
0.0564
0.0588
0.0572
0.0694
0.0569
0.0593
0.0561
0.0657
0.0556
0.0578
0.0559
0.0558
0.0627
0.0551
0.0544
0.0598
0.0559
0.0594
0.0552
0.0594
0.0621
0.0567
0.0527
0.0584
0.0574
0.0627
0.0606
0.0563
0.055
0.057
0.0559
0.0561
0.0623
0.0551
0.0554
0.0679
0.0536
0.0541
0.0552
0.0547
0.0555
0.0537
0.0535
0.0556
0.0522
0.0555
0.0601
0.0607
0.0581
0.0829
0.0616
0.0581
0.0536
0.0555
0.0557
0.0712
0.0776
0.0561
0.0578
0.0622
0.0564
0.0558
0.0611
0.0643
0.0654
0.0574
0.0585
0.0562
0.0685
0.0561
0.0615
0.0541
0.0654
0.0593
0.0631
0.0636
0.0586
0.0573
0.0564
0.0607
0.0533
0.0629
0.0668
0.0673
0.0669
0.0635
0.0543
0.0673
0.0566
0.067
0.0678
0.0581
0.06
0.0861
0.064
0.0702
0.0674
0.0617
0.0601
0.0596
0.0606
0.0596
0.0636
0.0645
0.0629
0.061
0.0612
0.0614
0.0635
0.0656
0.0596
0.0629
0.0569
0.0599
0.0927
0.0573
0.0819
0.0627
0.0538
0.06
0.0555
0.0697
0.0599
0.0617
0.0608
0.0719
0.0558
0.0631
0.0738
0.0596
0.055
0.0596
0.0654
0.0585
0.0577
0.0553
0.0566
0.0562
0.0654
0.0597
0.0717
0.0565
0.0574
0.0558
0.0607
0.0552
0.0594
0.0559
0.0676
0.0695
0.0532
0.0549
0.0619
0.0598
0.0787
0.0642
0.0633
0.0609
0.0595
0.057
0.0569
0.0573
0.0847
0.0545
0.0613
0.0537
0.0579
0.0561
0.0547
0.0535
0.0595
0.0554
0.0633
0.0603
0.0586
0.0596
0.0592
0.0608
0.0585
0.0699
0.0617
0.0657
0.0664
0.059
0.0575
0.0666
0.059
0.058
0.0689
0.06
0.057
0.0584
0.0612
0.0595
0.0641
0.0609
0.0669
0.0672
0.0565
0.0909
0.0632
0.0665
0.0678
0.0592
0.0636
0.0672
0.0631
0.0644
0.0662
0.0552
0.066
0.0643
0.071
0.0798
0.061
0.0623
0.0658
0.0635
0.0692
0.0666
0.0611
0.0673
0.0627
0.0583
0.0653
0.0667
0.0601
0.0665
0.068
0.0605
0.0674
0.0683
0.0621
0.0683
0.0561
0.0597
0.0601
0.0638
0.0553
0.0728
0.0595
0.0651
0.0627
0.0599
0.0603
0.0641
0.0581
0.0623
0.0661
0.0597
0.0651
0.0629
0.0613
0.0593
0.0684
0.0579
0.0592
0.0671
0.0557
0.0584
0.0665
0.0611
0.0591
0.0598
0.0637
0.0609
0.0698
0.0592
0.0595
0.0644
0.0589
0.0652
0.0608
0.0585
0.062
0.0766
0.057
0.0587
0.0639
0.0621
0.058
0.0572
0.06

---------------------------------
VideoDecoderSubmitBuffers_D3D11_1
---------------------------------
1.7297
0.7364
0.8277
0.6212
0.7643
1.25
0.6805
0.6283
0.7925
0.6473
0.6955
0.8225
0.6402
0.6533
0.5965
0.7129
3.0333
2.8769
2.8801
0.5323
0.6146
0.5554
2.4332
0.5977
0.4445
0.4414
0.4586
0.427
0.4556
0.4251
0.449
1.2883
0.4376
0.4527
0.4446
0.4449
0.4496
0.4348
0.4437
0.4445
0.4186
0.4071
0.4465
0.4255
0.443
0.4448
0.4199
0.4505
0.4429
0.4284
0.4407
0.437
0.3997
0.4433
0.4285
0.4326
0.4409
0.4236
0.4191
0.4367
0.4409
0.4217
0.4411
0.4415
0.4015
0.4452
0.4512
0.4135
0.4481
0.4267
0.43
0.4139
0.4328
0.4273
0.4448
0.4401
0.4423
0.4158
0.4353
0.4348
0.4325
0.4374
0.4207
0.4389
0.4485
0.4363
0.4361
0.4336
0.4256
0.4478
0.4467
0.4046
0.4345
0.4431
0.4387
0.445
0.4187
2.2655
0.4165
0.6862
0.5103
0.4763
0.4413
0.4598
0.4096
0.4505
1.6382
0.483
0.4227
1.696
0.4817
0.4305
0.4208
0.4481
0.4506
0.4507
0.4475
0.415
0.4564
0.4092
0.4329
0.4155
0.4382
0.4262
0.4066
0.4347
0.4376
0.4632
0.3895
0.4464
2.0446
0.4718
0.5036
0.4088
0.405
0.4369
0.4436
0.4413
0.43
0.4325
0.4435
0.4408
0.3995
0.4269
0.4154
0.4513
0.4364
0.5083
0.6105
0.4146
0.3817
0.4276
0.3835
0.3886
0.4944
0.433
0.4124
0.4019
0.4163
0.4498
0.4106
0.4408
0.4101
1.7454
0.4118
0.6324
0.5007
0.4411
0.4314
0.451
0.4294
0.4295
0.4331
0.43
0.4152
0.4361
0.4258
0.4426
0.447
0.4239
0.4451
0.4321
0.4196
0.4275
0.4379
0.4218
0.4423
0.4269
0.42
0.4281
0.4318
0.4875
0.4751
0.5363
0.4516
0.5121
0.3954
0.4302
0.4544
0.4337
0.4378
0.538
0.4402
0.4363
0.4311
0.4534
0.4392
0.4018
0.4468
0.4012
0.7762
0.7317
0.8424
0.7685
0.7699
0.8874
0.8685
0.7722
0.8379
0.8011
0.7941
0.855
0.8745
0.7681
0.439
0.435
0.4134
0.6876
0.4203
0.4216
0.4484
0.3979
0.4031
0.3974
0.4322
0.6101
0.8447
0.8352
0.8137
0.8476
0.4616
0.4106
0.4836
0.3969
0.4528
0.4117
0.4865
0.444
0.4273
0.4225
0.4017
0.4103
0.4069
0.4453
0.4001
0.3965
0.4125
0.3855
0.4452
0.4157
0.5097
0.619
0.3912
0.4303
0.4314
0.4461
0.5959
0.8245
0.881
0.7559
0.8315
0.7652
0.8219
0.7802
0.4439
0.4316
0.5169
0.449
0.8431
0.8408
0.8922
0.4664
0.4609
0.4625
0.4464
0.4797
0.681
0.8593
0.8202
0.8301
0.8007
0.7388
0.8306
0.888
0.5521
0.3913
0.4488
0.4487
0.4804
0.4277
0.619
0.523
0.4792
0.4229
0.4268
0.8347
0.7857
0.8425
0.8761
0.7773
0.8973
0.7873
0.9163
0.731
0.9211
0.7369
0.7804
0.8169
0.8562
0.411
0.746
0.7751
0.8208
0.7856
0.8756
0.6982
0.8447
0.3903
0.397
0.4293
0.4141
0.3859
0.7702
0.8652
0.4486
0.7027
0.8382
0.8227
0.7728
0.8334
0.814
0.8591
0.8217
0.8048
0.8046
0.8707
0.7651
0.8879
0.718
0.8703
0.7878
0.8222
0.7836
0.8375
0.3973
0.3953
0.3961
0.8899
0.8059
0.8703
0.5712
0.3809
0.4189
0.5475
0.5031
0.3906
0.5233
0.4992
0.3873
0.3976
0.3983
0.4201
0.3957
0.4433
0.4196
0.3873
0.4169
0.395
0.4135
0.4326
0.4231
0.3895
0.3934
0.4109
0.3894
0.393
0.3861
0.4194
0.3953
0.4217
0.433
0.423
0.5391
0.4369
0.4293
0.4257
0.4201
0.4103
0.7696
0.8344
0.6311
0.8113
0.7267
0.834
0.9336
0.4641
0.43
0.5276
0.4019
0.5379
0.8791
0.6848
0.7721
0.6895
0.4773
0.4697
0.7131
0.4741
0.4158
0.8315
0.4799
0.4574
0.6247
0.824
0.7417
0.8947
0.4089
0.393
0.4353
0.6874
0.7521
0.8178
0.6984
0.8499
0.7171
0.7572
0.8224
0.881
0.6638
0.6086
0.7042
0.8373
0.8445
0.7944
0.7821
0.802
0.7364
0.8425
0.865
0.8796
0.7817
0.8954
0.8693
0.9409
0.8384
0.8729
1.4288
0.5858
0.405
0.4237
0.3785
0.4256
0.3865
0.5151
0.4207
0.4731
0.4649
0.4184
0.544
0.5006
0.4207
0.633
0.497
0.405
0.6928
0.4734
0.4699
0.6235
0.4734
0.474
0.595
0.6069
0.4326
0.4504
0.3955
0.4042
0.4126
0.417
0.4058
0.4165
0.4211
0.4124
0.4171
0.4098
0.4203
0.435
0.442
0.4441
0.4209
0.4414
0.429
0.4107
0.4352
0.4318
0.3916
0.4288
0.4131
0.3901
0.4352
0.4195
0.4159
0.5513
0.466
0.4423
0.452
0.4106
0.4341
0.4283
0.415
0.433
0.423
0.4131
0.4326
0.4324
0.4139
0.4456
0.3827
0.4338
0.4299
0.4235
0.4338
0.401
0.4193
0.4796
0.4104
0.4345
0.4251
0.4298
0.4375
0.406
0.4324
0.3965
0.4382
0.437
0.4271
0.4266
0.4341
0.4274
0.4331
0.4317
0.4366
0.4078
0.4329
0.4115
0.431
0.4139
0.4048
0.4271
0.4502
0.3943
0.4176
0.42
0.4446
0.4247
0.4327
0.4067
0.4322
0.4408
0.4141
0.4429
0.4429
0.433
0.4377
0.394
0.441
0.3985
0.4229
0.3988
0.4026
0.4191
0.4402
0.4257
0.4352
0.4341
0.427
0.4147
0.4553
0.4089
0.4255
0.4074
0.4287
0.4093
0.4208
0.4578
0.4106
0.5598
0.5003
0.4221
0.398
0.413

