---------------------------------------------
CalcPrivateVideoDecoderOutputViewSize_D3D11_1
---------------------------------------------
0.0019
0.0017
0.0014
0.0017
0.0013
0.0046
0.0025
0.001
0.0015
0.0015
0.0015
0.001
0.0015
0.0016
0.0012
0.0014
0.001
0.0021
0.001
0.0034
0.0015
0.0015
0.0014
0.0011
0.0008
0.0009
0.0007
0.0014
0.002
0.0009
0.0012
0.0021
0.0015
0.0014
0.001
0.0017
0.0009
0.0016
0.001
0.0015
0.001
0.0015
0.0026
0.0008
0.0008
0.0015
0.0016
0.001
0.0016
0.0011
0.0016
0.0015
0.0021
0.0009
0.002
0.001
0.0016
0.0016
0.0015
0.0015
0.0014
0.0014
0.0008
0.0023
0.0017
0.001
0.0012
0.0007
0.0014
0.0009
0.0016
0.0009
0.0017
0.0008
0.0008
0.0014
0.0022
0.001
0.0014
0.0039
0.0014
0.0007
0.0006
0.0016
0.001
0.0018
0.0015
0.0016
0.0009
0.0013
0.0016
0.0012
0.001
0.0008
0.003
0.0008
0.0014
0.0014
0.0009
0.0011
0.0016
0.0008
0.001
0.0009
0.0016
0.0014
0.0021
0.0014
0.0015
0.0015
0.0011
0.0018
0.0016
0.0016
0.0009
0.0016
0.0009
0.0011
0.0017
0.0017
0.0014
0.002
0.001
0.0017
0.0009
0.0007
0.0008
0.0009
0.0006
0.0018
0.0013
0.0012
0.0011
0.0016
0.0007
0.0006
0.0007
0.0007
0.0009
0.0006
0.0017
0.0104
0.0015
0.001
0.0009
0.0015
0.0011
0.0009
0.0013
0.0009
0.0015
0.0013
0.0008
0.0017
0.0011
0.0011
0.0008
0.0013
0.0014
0.0009
0.0015
0.0009
0.0014
0.0015
0.0016
0.0014
0.0067
0.0015
0.0011
0.0014
0.001
0.0012
0.0015
0.0012
0.0011
0.001
0.0019
0.0015
0.001
0.0016
0.0013
0.0015
0.0011
0.0009
0.0007
0.002
0.0014
0.0014
0.001
0.0018
0.001
0.001
0.0017
0.0009
0.0016
0.0014
0.0025
0.0009
0.0022
0.0021
0.0015
0.0009
0.0013
0.0019
0.0011
0.0015
0.0014
0.0013
0.001
0.0008
0.0011
0.0099
0.0011
0.0028
0.0015
0.0011
0.0009
0.0019
0.0012
0.0018
0.001
0.0013
0.0009
0.001
0.0007
0.0008
0.0008
0.0007
0.0015
0.0011
0.0015
0.001
0.0009
0.0019
0.0009
0.0014
0.001
0.0007
0.0008
0.0014
0.0007
0.0007
0.0007
0.0009
0.0009
0.0008
0.0008
0.0008
0.0011
0.0008
0.0009
0.0007
0.0009
0.001
0.0007
0.0026
0.001
0.0014
0.0011
0.001
0.0011
0.0015
0.0009
0.0013
0.0014
0.0011
0.0009
0.0009
0.0009
0.0011
0.001
0.0016
0.0008
0.0024
0.0009
0.0009
0.0009
0.0012
0.001
0.0019
0.0013
0.0009
0.0008
0.0007
0.0007
0.0009
0.0007
0.0007
0.0007
0.001
0.0008
0.0007
0.0007
0.0006
0.0008
0.0018
0.0006
0.0009
0.0007
0.0011
0.0007
0.0007
0.0007
0.0007
0.0009
0.0006
0.0015
0.0012
0.0008
0.0015
0.0014
0.0009
0.0009
0.0009
0.0007
0.0009
0.0037
0.0007
0.0015
0.0009
0.0008
0.0008
0.0009
0.0008
0.0007
0.0007
0.0011
0.0011
0.001
0.0007
0.0021
0.0009
0.0007
0.0007
0.0008
0.0006
0.0006
0.0007
0.0007
0.0007
0.0006
0.0009
0.0007
0.0006
0.0007
0.0008
0.0006
0.0007
0.0006
0.0007
0.0017
0.0007
0.0006
0.001
0.0008
0.0013
0.0017
0.0009
0.0009
0.0007
0.002
0.0016
0.0009
0.0007
0.001
0.0007
0.0007
0.0007
0.0007
0.0007
0.0008
0.0007
0.0007
0.0006
0.0007
0.0006
0.0007
0.0011
0.0009
0.0007
0.0006
0.0006
0.0007
0.0006
0.0006
0.0006
0.0007
0.0012
0.0009
0.0006
0.0007
0.0007
0.0007
0.0011
0.0013
0.0008
0.0009
0.0006
0.0008
0.0007
0.0009
0.0008
0.001
0.0009
0.0007
0.0009
0.0007
0.0007
0.0007
0.0007
0.0007
0.0008
0.0007
0.0009
0.001
0.0009
0.0007
0.0007
0.0008
0.0007
0.0007
0.0008
0.0007
0.0007
0.0007
0.0007
0.0008
0.0009
0.0008
0.0007
0.0007
0.0007
0.0007
0.0007
0.0007
0.0008
0.0007
0.0008
0.0008
0.0007
0.0007
0.0007
0.0007
0.0008
0.0007
0.0007
0.0007
0.0008
0.0006
0.0007
0.0006
0.0007
0.0006
0.0008
0.0006
0.0006
0.0006
0.0008
0.0007
0.0007
0.0008
0.0007
0.0006
0.0007
0.0013
0.0006
0.0008
0.0009
0.0011
0.0015
0.0015
0.0013
0.0017
0.0011
0.004
0.0013
0.0008
0.0009
0.0009
0.0007
0.0008
0.0008
0.0008
0.0008
0.0018
0.0009
0.0008
0.0018
0.0009
0.0015
0.0008
0.001
0.0019
0.0018
0.0012
0.0009
0.0007
0.0008
0.0009
0.0009
0.0007
0.0008
0.0008
0.0008
0.0007
0.0007
0.0007
0.001
0.0007
0.0007
0.001
0.0008
0.0007
0.0007
0.0011
0.0008
0.0007
0.0007
0.0007
0.0009
0.0007
0.0008
0.0008
0.0007
0.0008
0.001
0.0009
0.0009
0.0008
0.0007
0.0007
0.0009
0.0009
0.0011
0.0007
0.0007
0.0008
0.0006
0.0009
0.0007
0.0007
0.0008
0.0006
0.0007
0.0006
0.0007
0.0006
0.0008
0.0007
0.0007
0.0007
0.0009
0.0007
0.0009
0.0007
0.0008
0.0009
0.0007
0.0007
0.0009
0.0007
0.0008
0.0008
0.0008
0.0007
0.0006
0.0008
0.0012
0.001
0.0018
0.0012
0.0012
0.0022
0.001
0.001
0.0008
0.0007
0.0013
0.0009
0.0007
0.0009
0.0011
0.0009
0.0011
0.0007
0.0012
0.001
0.0008
0.0008
0.0008
0.0008
0.001
0.0012
0.0008
0.0009
0.0008
0.0007
0.0006
0.0007
0.0007

-----------------------
CodechalDecode::Execute
-----------------------
1.6464
0.7644
0.7526
0.7915
0.6627
0.7555
0.7044
0.613
1.4058
0.9994
0.9339
1.1336
0.6865
0.5078
1.285
0.7963
0.8588
5.154
3.2952
0.5875
0.5891
0.5623
2.6287
0.578
0.3852
0.3953
0.4362
0.3887
0.4064
0.3807
0.5188
1.436
0.4712
0.4572
0.4425
0.4527
0.4312
0.4347
0.5695
0.4341
0.4053
0.4782
0.3875
0.3835
0.3998
0.4306
0.4525
0.4345
0.4635
0.4208
0.4566
0.5468
0.4144
0.4192
0.5885
0.3988
0.4561
0.6272
0.4145
0.4357
0.5358
0.4164
0.4123
0.3926
0.5891
0.4163
0.3982
0.4269
0.5982
0.3873
0.4902
0.3972
0.5439
0.3985
0.4624
0.5347
0.6
0.4339
0.3983
0.4469
0.4426
0.3734
0.4173
0.4501
0.4005
0.4609
0.5497
0.4266
0.4161
0.5198
0.468
0.3984
0.428
0.3875
0.4291
0.3999
0.6002
0.5191
1.3712
0.4825
0.4114
0.4244
0.4075
0.4065
0.4562
0.4268
0.6614
0.836
0.509
1.6201
0.4871
0.4463
0.4958
0.5012
0.3811
0.5307
0.4368
0.4228
0.5491
0.4465
0.4904
0.556
0.6079
0.4205
0.414
0.3932
0.3924
0.4425
0.5931
0.4699
3.0314
0.4416
0.4127
0.4616
0.4375
0.455
0.4484
0.4189
0.448
0.4827
0.5455
0.5356
0.4527
0.4136
0.4409
0.5651
0.4459
0.4083
0.413
0.4163
0.4673
0.4113
0.3849
0.5274
0.4649
0.399
0.4498
0.42
0.4432
0.4437
0.4788
0.4791
0.4181
2.4761
0.5925
0.456
0.6041
0.5809
0.3968
0.5812
0.3926
0.4348
0.4224
0.386
0.3961
0.4041
0.4451
0.5036
0.4118
0.4292
0.4049
0.5859
0.3991
0.3822
0.3966
0.5597
0.426
0.4373
0.4086
0.4763
0.4339
0.4234
0.4378
0.4061
0.4436
0.4683
0.563
0.4121
0.5301
0.5536
0.4937
0.3973
0.4448
0.6615
0.4201
0.6412
0.6467
0.5438
0.437
0.4245
0.6074
0.6248
0.3854
0.6205
0.444
0.4072
0.4294
0.4542
0.4114
0.5508
0.4123
0.5793
0.411
0.3906
0.3859
0.3915
0.4211
0.3768
0.5978
0.4153
0.6093
0.3775
0.5327
0.4132
0.3897
0.6107
0.4145
0.411
0.3951
0.4389
0.3831
0.3984
0.3909
0.3965
0.4254
0.4172
0.4166
0.4091
0.4075
0.4035
0.4144
0.4338
0.367
0.3925
0.3976
0.6894
0.409
0.4087
0.5809
0.4411
0.4127
0.4665
0.4018
0.5202
0.631
0.4439
0.4199
0.4087
0.4017
0.4222
0.412
0.4424
0.4023
0.5149
0.4315
0.4453
0.459
0.4572
0.4341
0.5334
0.4465
0.4276
0.4356
0.4374
0.3887
0.4162
0.4182
0.4158
0.3818
0.4309
0.4163
0.3925
0.4326
0.4257
0.4243
0.3875
0.418
0.3777
0.4108
0.4137
0.4279
0.4278
0.4083
0.4317
0.42
0.4145
0.4595
0.4021
0.4072
0.4987
0.4642
0.4464
0.4471
0.4139
0.412
0.3988
0.452
0.4003
0.4342
0.3971
0.4284
0.4026
0.42
0.415
0.4204
0.4089
0.4364
0.4218
0.374
0.4142
0.4274
0.4432
0.4151
0.413
0.4274
0.4116
0.4213
0.4242
0.399
0.4151
0.3935
0.4092
0.4225
0.4112
0.4082
0.3875
0.4174
0.3793
0.4161
0.4472
0.4181
0.3842
0.4133
0.4301
0.4242
0.4246
0.5461
0.4162
0.4088
0.4341
0.4759
0.4048
0.435
0.4062
0.4381
0.3729
0.423
0.4219
0.4016
0.4197
0.4192
0.4125
0.3809
0.4169
0.4061
0.424
0.3814
0.3984
0.4121
0.4218
0.4088
0.4133
0.3803
0.4092
0.4127
0.4205
0.4026
0.4836
0.3936
0.4082
0.4319
0.4296
0.4326
0.3975
0.4156
0.4255
0.4131
0.4386
0.4113
0.3856
0.4275
0.4056
0.4154
0.3747
0.404
0.3935
0.4214
0.4127
0.4361
0.3892
0.4057
0.4274
0.4205
0.4243
0.3857
0.413
0.41
0.4114
0.4055
0.3923
0.4123
0.4281
0.4142
0.4149
0.4019
0.4064
0.3872
0.366
0.4185
0.3885
0.4165
0.3766
0.4206
0.4239
0.3859
0.4297
0.4159
0.398
0.4253
0.4363
0.3841
0.4207
0.4026
0.4037
0.3838
0.4223
0.4258
0.4079
0.4182
0.4074
0.4037
0.4063
0.406
0.4251
0.4324
0.4107
0.3835
0.374
0.403
0.4095
0.3715
0.4015
0.401
0.4224
0.3894
0.4211
0.3981
0.4223
0.4093
0.4468
0.5012
0.4447
0.4935
0.4205
0.4576
0.4646
0.4222
0.4255
0.4243
0.3794
0.3892
0.3698
0.4113
0.4246
0.4346
0.4395
0.3924
0.4108
0.4214
0.4372
0.3855
0.3906
0.4751
0.4644
0.4505
0.4507
0.3991
0.4178
0.4023
0.4447
0.3964
0.4182
0.3912
0.4195
0.3842
0.4196
0.4102
0.3811
0.4082
0.4186
0.3813
0.4274
0.4109
0.4047
0.4108
0.4091
0.4321
0.4083
0.4091
0.407
0.4163
0.4028
0.4168
0.4075
0.4077
0.4136
0.3626
0.4546
0.3837
0.4084
0.409
0.3775
0.4138
0.4519
0.3814
0.4206
0.4116
0.3958
0.4339
0.4114
0.4091
0.4183
0.3852
0.4154
0.3846
0.4087
0.429
0.4182
0.4057
0.42
0.3897
0.412
0.4174
0.383
0.414
0.3802
0.3842
0.4155
0.4375
0.3859
0.4111
0.4047
0.4177
0.4112
0.4159
0.4123
0.434
0.4406
0.4109
0.4651
0.4704
0.4472
0.5231
0.4087
0.4239
0.3779
0.3976
0.4308
0.3908
0.4001
0.4262
0.3942
0.419
0.4654
0.4159
0.4159
0.4379
0.3973
0.419
0.4189
0.4113
0.4068
0.3813
0.4138
0.4286
0.4232
0.4098
0.3895
0.4204
0.379

---------------------------------------
CodechalDecodeHevcG12::DecodeStateLevel
---------------------------------------
0.4688
0.2054
0.2996
0.2222
0.3204
0.2023
0.331
0.2104
0.2638
0.1811
0.2881
0.194
0.2392
0.1879
0.1982
0.1703
1.0031
0.2318
0.6518
0.2173
0.5465
0.2232
0.7651
0.2248
0.2566
0.2734
0.2051
0.1655
0.2555
0.8715
0.242
0.3893
0.214
0.3842
0.9505
2.4095
0.1959
2.8527
0.253
0.16
0.2568
0.1666
0.2382
0.1676
0.2432
2.0829
0.2377
0.1824
0.1441
0.1258
0.1541
0.1217
0.168
0.1434
0.1486
0.119
0.1681
0.1183
0.1437
0.1226
0.2299
0.1296
0.2374
0.9486
0.1606
0.1252
0.1716
0.1225
0.1754
0.1207
0.1708
0.1346
0.1631
0.1316
0.1686
0.1263
0.2143
0.1892
0.1628
0.1263
0.1481
0.1226
0.1847
0.1392
0.1467
0.1234
0.1486
0.1225
0.159
0.1207
0.1604
0.1291
0.1639
0.136
0.1755
0.1188
0.1823
0.1324
0.1671
0.1206
0.1701
0.1359
0.2392
0.1397
0.1571
0.1195
0.1549
0.1246
0.2439
0.1722
0.1503
0.1175
0.1713
0.129
0.2392
0.1988
0.1579
0.1198
0.1681
0.1282
0.2311
0.1466
0.1586
0.1228
0.1535
0.1204
0.1482
0.126
0.2694
0.1636
0.1533
0.1288
0.1523
0.1216
0.1598
0.1362
0.218
0.2156
0.1474
0.1229
0.192
0.1322
0.1471
0.1168
0.2333
0.1517
0.1554
0.1212
0.1771
0.1386
0.2255
0.1478
0.2554
0.1565
0.1708
0.1291
0.1506
0.1207
0.1714
0.126
0.1739
0.1226
0.1432
0.1173
0.1618
0.1251
0.1708
0.1324
0.1536
0.122
0.1771
0.1348
0.2342
0.1518
0.1586
0.1231
0.1524
0.1243
0.2298
0.1335
0.1857
0.1285
0.1516
0.1226
0.1626
0.1281
0.1469
0.1198
0.1636
0.1243
0.1509
0.1202
0.2297
0.1951
0.1664
0.1262
0.1875
0.1386
0.1533
0.1816
0.1472
0.1292
0.1669
0.1196
0.1554
0.1197
0.1508
0.1178
0.1778
0.126
0.1622
0.1333
0.2187
0.1262
0.1799
0.1365
0.2226
0.1275
0.2052
1.1357
0.1687
0.1669
0.1737
0.1272
0.1847
0.1496
0.2237
0.125
0.1455
0.1184
0.206
0.1589
0.1674
0.1326
0.1647
0.1296
0.2266
0.1471
0.1708
0.1276
0.2071
0.1326
0.2336
0.1518
0.2713
0.1781
0.1491
0.1417
0.1599
0.1219
0.15
0.1215
0.1483
0.1244
0.1682
0.1322
0.2278
0.1973
0.194
0.1226
0.179
2.3154
0.1685
0.1414
0.1532
0.1265
0.189
0.1257
0.1671
0.1354
0.1791
0.127
0.1693
0.1334
0.1637
0.124
0.1741
0.131
0.2059
0.1307
0.2456
0.1283
0.2121
0.1611
0.1632
0.1225
0.1594
0.1203
0.1716
0.1272
0.2313
0.1598
0.163
0.1304
0.1529
0.1216
0.157
0.1214
0.1639
0.1282
0.1672
0.139
0.1593
0.1185
0.143
0.1246
0.1984
0.1592
0.1622
0.1692
0.1513
0.12
0.1779
0.1359
0.1641
0.1253
0.1684
0.1312
0.1678
0.1343
0.1908
0.1338
0.1593
0.165
0.1624
0.1277
0.1651
1.9031
0.2165
0.2018
0.1894
0.1226
0.2221
0.1942
0.2474
0.1673
0.1518
0.1248
0.2114
0.2028
0.1509
0.1248
0.1475
0.1284
0.1556
0.1275
0.1498
0.1151
0.1514
0.1194
0.1468
0.1363
0.1692
0.1264
0.213
0.1406
0.1534
0.1315
0.1647
0.1268
0.1558
0.1196
0.2214
0.1873
0.1561
0.1201
0.1458
0.1182
0.1512
0.122
0.2301
0.1614
0.1659
0.1243
0.167
0.1251
0.1485
0.1395
0.1781
0.1323
0.1603
0.1382
0.1713
0.1217
0.1741
0.1253
0.1523
0.1308
0.1756
0.1316
0.182
0.1454
0.2716
0.1186
0.1606
0.1222
0.2143
0.1295
0.2335
0.1343
0.2109
0.1287
0.1552
0.1217
0.1778
0.1271
0.2672
0.1826
0.156
0.1286
0.2435
0.1983
0.2425
0.2027
0.2186
0.1649
0.1699
0.13
0.1639
0.1305
0.2374
0.1987
0.2396
0.1945
0.1438
0.1268
0.2278
0.2066
0.1725
0.1229
0.1551
0.1238
0.1696
0.1315
0.1815
0.1277
0.1637
0.1206
0.2361
0.1341
0.1572
0.1319
0.2219
0.1943
0.1528
0.1381
0.148
0.1223
0.1461
0.1236
0.1544
0.1215
0.1656
0.1259
0.1415
0.1228
0.2323
0.195
0.1721
0.1145
0.2374
0.1968
0.1444
0.1185
0.221
0.1747
0.1586
0.124
0.1455
0.1256
0.2263
0.2071
0.1643
0.1246
0.1675
0.1241
0.1412
0.123
0.1776
0.1229
0.1486
0.1249
0.1638
0.1185
0.1473
0.1223
0.1503
0.1282
0.1702
0.1302
0.1627
0.1229
0.1616
0.1286
0.1591
0.1304
0.1533
0.1253
0.1556
0.1267
0.1645
0.1226
0.1665
0.1366
0.1425
0.1156
0.1467
0.1242
0.1498
0.1206
0.2848
0.1966
0.1542
0.1256
0.1609
0.1222
0.2135
0.2073
0.1708
0.1296
0.155
0.1264
0.191
0.1292
0.1515
0.1264
0.2253
0.1373
0.237
0.1981
0.1825
0.1254
0.164
0.128
0.1495
0.1238
0.1513
0.1228
0.1566
0.1315
0.1531
0.1282
0.1679
0.1226
0.1519
0.1253
0.2052
0.1337
0.1596
0.1281
0.1709
0.1345
0.1634
0.1582
0.1858
0.129
0.165
0.1359
0.222
0.1308
0.1678
0.1324
0.1619
0.134
0.1688
0.1301
0.1663
0.1343
0.1462
0.1248
0.161
0.1256
0.1558
0.1264
0.159
0.1329
0.1456
0.1198
0.173
0.1294
0.1599
0.1252
0.1533
0.1225
0.1652
0.125
0.1586
0.1321
0.1609
0.1281
0.1448
0.1203
0.1639
0.1315
0.1443
0.1186
0.1633
0.1216
0.1604
0.122
0.1631
0.1349
0.164
0.1326
0.1576
0.1244
0.1714
0.1324
0.1595
0.1245
0.1611
0.1254
0.1746
0.1268
0.1519
0.1245
0.1507
0.1295
0.2103
0.1282
0.1781
0.136
0.1715
0.1411
0.1859
0.1283
0.1493
0.132
0.1656
0.1249
0.1496
0.1284
0.1736
0.1332
0.1478
0.1305
0.1708
0.126
0.1547
0.1199
0.1641
0.1357
0.1503
0.1351
0.158
0.1327
0.1556
0.1342
0.1612
0.1286
0.1586
0.1229
0.1594
0.1399
0.1605
0.1228
0.1432
0.116
0.162
0.1254
0.1689
0.1274
0.1756
0.1268
0.159
0.1326
0.1558
0.1252
0.1647
0.1266
0.1561
0.1317
0.1649
0.1249
0.1626
0.126
0.1543
0.1242
0.1604
0.1303
0.1493
0.127
0.1566
0.1237
0.1622
0.1334
0.1568
0.1291
0.1558
0.1227
0.149
0.1249
0.1581
0.1276
0.1456
0.1181
0.156
0.1335
0.179
0.1311
0.1653
0.1228
0.1461
0.1233
0.1569
0.1317
0.1628
0.1236
0.1601
0.1351
0.1535
0.1413
0.2352
0.1331
0.1532
0.14
0.1534
0.1332
0.1607
0.1351
0.1908
0.1287
0.1641
0.1189
0.1734
0.1306
0.1591
0.1236
0.1754
0.1259
0.1419
0.1175
0.1635
0.1331
0.1607
0.1246
0.1574
0.1226
0.1602
0.1327
0.1593
0.1259
0.1584
0.1305
0.1433
0.1234
0.1573
0.1239
0.1561
0.1291
0.1636
0.1354
0.1482
0.1184
0.1479
0.1171
0.1591
0.1285
0.1604
0.1334
0.1561
0.1288
0.161
0.1237
0.145
0.1206
0.152
0.1343
0.166
0.1227
0.1618
0.1323
0.1532
0.1285
0.2029
0.1312
0.1489
0.1268
0.1529
0.1331
0.1649
0.1261
0.1666
0.1262
0.1785
0.1261
0.1505
0.119
0.1695
0.1192
0.1638
0.1266
0.1638
0.1229
0.182
0.1244
0.1588
0.1259
0.1521
0.1199
0.1644
0.1355
0.1542
0.1306
0.1616
0.123
0.1403
0.1162
0.1492
0.134
0.147
0.1275
0.1563
0.1237
0.1549
0.1335
0.1718
0.1259
0.1534
0.1194
0.1556
0.1237
0.1638
0.1354
0.1651
0.1231
0.1604
0.123
0.1455
0.1241
0.1553
0.1257
0.1548
0.1327
0.1578
0.1236
0.1581
0.1228
0.1462
0.1314
0.1567
0.1315
0.1669
0.1227
0.1593
0.1341
0.1573
0.1266
0.1564
0.1226
0.1545
0.1316
0.1482
0.1181
0.1389
0.1148
0.1604
0.1344
0.1471
0.1174
0.1584
0.1273
0.1425
0.1177
0.1585
0.1365
0.1666
0.1282
0.1493
0.1222
0.159
0.1398
0.1636
0.1224
0.155
0.1215
0.1676
0.1247
0.1758
0.1251
0.148
0.1181
0.1599
0.1252
0.1573
0.1233
0.1538
0.1291
0.1511
0.1186
0.1588
0.1293
0.1557
0.1359
0.1575
0.1223
0.155
0.1354
0.1548
0.1314
0.1557
0.1219
0.1536
0.1328
0.1522
0.131
0.1704
0.1247
0.1606
0.1408
0.1556
0.1328
0.1473
0.1174
0.1448
0.1147
0.1546
0.1302
0.1634
0.1202
0.1408
0.1119
0.1534
0.1284
0.1596
0.1224
0.1602
0.1269
0.1432
0.1335
0.1638
0.1246
0.1598
0.1181
0.1674
0.1251
0.157
0.125
0.1702
0.1284
0.2061
0.1318
0.1823
0.1222
0.2057
0.1272
0.1661
0.1256
0.1822
0.1256
0.1984
0.1219
0.1619
0.1235
0.1718
0.1256
0.1822
0.1189
0.1414
0.1219
0.1478
0.1287
0.1422
0.1146
0.1597
0.1232
0.1729
0.1249
0.1674
0.1251
0.1653
0.1381
0.1504
0.1249
0.1604
0.1245
0.1557
0.125
0.1619
0.1418
0.1453
0.1247
0.1464
0.1248
0.1977
0.1254
0.1886
0.1219
0.1869
0.1281
0.1882
0.1303
0.1582
0.1216
0.163
0.1258
0.16
0.1238
0.1735
0.1286
0.1589
0.121
0.1639
0.1263
0.1528
0.121
0.1612
0.1255
0.1464
0.1255
0.1684
0.1261
0.1611
0.1258
0.1454
0.1153
0.153
0.1281
0.1645
0.1268
0.1483
0.1199
0.1737
0.1265
0.164
0.1228
0.1581
0.124
0.1639
0.1226
0.1571
0.1279
0.176
0.1266
0.1595
0.1249
0.1624
0.1262
0.1591
0.1222
0.1637
0.1283
0.1569
0.1237
0.1659
0.1244
0.1593
0.1246
0.163
0.1227
0.1617
0.1253
0.1414
0.1113
0.2014
0.1269
0.1522
0.1176
0.1583
0.1236
0.1555
0.1366
0.1474
0.116
0.1606
0.1248
0.1938
0.1261
0.1474
0.1214
0.1729
0.1234
0.1581
0.1245
0.1556
0.1219
0.1728
0.1325
0.157
0.1229
0.1624
0.1245
0.163
0.1251
0.153
0.1194
0.1644
0.1236
0.1514
0.1198
0.1567
0.1281
0.1571
0.1205
0.164
0.1262
0.1544
0.121
0.1651
0.1242
0.1534
0.1195
0.1597
0.129
0.1655
0.1275
0.1477
0.1205
0.165
0.1271
0.148
0.1188
0.1515
0.1156
0.1634
0.1253
0.1803
0.1277
0.148
0.1159
0.1634
0.1244
0.1585
0.1218
0.1644
0.126
0.1642
0.1243
0.1626
0.1243
0.1695
0.1196
0.1718
0.1313
0.1581
0.1334
0.1598
0.1215
0.1934
0.1275
0.1926
0.1265
0.1856
0.123
0.2074
0.1437
0.1517
0.1376
0.1697
0.1271
0.1459
0.1197
0.1531
0.1297
0.1745
0.1196
0.149
0.1265
0.1501
0.135
0.1674
0.1255
0.1484
0.1239
0.1574
0.129
0.1921
0.1253
0.1597
0.1261
0.1588
0.1263
0.1707
0.1251
0.1503
0.126
0.1618
0.1233
0.1561
0.1355
0.1538
0.13
0.1651
0.1195
0.1542
0.1144
0.1545
0.1345
0.1617
0.1321
0.167
0.1259
0.1555
0.1319
0.1454
0.1269
0.163
0.1319
0.1481
0.1194

-------------------------------------
CodechalDecodeHevcG12::SetFrameStates
-------------------------------------
0.7158
0.1067
0.1091
0.1075
0.1101
0.1393
0.1423
0.1337
0.0404
0.0345
0.0485
0.0351
0.0434
0.0346
0.0494
0.0458
0.1351
1.6686
0.1254
0.0522
0.0484
0.039
0.1693
0.0403
0.0328
0.0331
0.035
0.0325
0.0352
0.032
0.052
0.1164
0.0628
0.0479
0.05
0.0411
0.0438
0.0385
0.0444
0.0417
0.0429
0.0423
0.0327
0.0309
0.0329
0.039
0.0466
0.0467
0.0403
0.0351
0.0404
0.0518
0.0377
0.0461
0.0538
0.0423
0.0427
0.0515
0.0458
0.0387
0.0496
0.0367
0.0433
0.0339
0.0316
0.0372
0.0348
0.0389
0.0452
0.0333
0.0515
0.0426
0.0488
0.0346
0.049
0.0482
0.0601
0.0402
0.0348
0.0469
0.0479
0.0309
0.0367
0.0394
0.036
0.0424
0.0493
0.0431
0.0447
0.0492
0.0421
0.0334
0.0405
0.0328
0.0367
0.0411
0.0478
0.1271
0.9352
0.0365
0.0414
0.0437
0.0391
0.0417
0.0398
0.0351
0.203
0.4138
0.0479
0.1501
0.0385
0.0406
0.0426
0.0507
0.0345
0.0464
0.0367
0.033
0.0428
0.0394
0.0518
0.0522
0.0465
0.0405
0.0356
0.0376
0.0314
0.038
0.0409
0.0411
0.3881
0.0392
0.0353
0.0388
0.0354
0.0403
0.0365
0.0326
0.0367
0.0438
0.0536
0.0452
0.0517
0.0456
0.0385
0.0529
0.0516
0.042
0.0395
0.0374
0.0402
0.0408
0.0317
0.0447
0.0385
0.0352
0.0374
0.0359
0.0389
0.0384
0.0407
0.0477
0.0344
0.2542
0.055
0.0495
0.0549
0.0529
0.0354
0.0442
0.0341
0.0379
0.0484
0.0341
0.0341
0.0333
0.0463
0.0429
0.0347
0.039
0.0358
0.0508
0.034
0.0332
0.0331
0.053
0.0367
0.0489
0.0333
0.0493
0.0369
0.0365
0.0376
0.0357
0.0381
0.0395
0.0436
0.0357
0.0546
0.0478
0.0512
0.0351
0.0387
0.0656
0.0369
0.0504
0.0514
0.0513
0.0375
0.0358
0.0445
0.0533
0.0336
0.0489
0.0425
0.0349
0.0371
0.041
0.0373
0.0485
0.0354
0.0469
0.0348
0.0327
0.0326
0.0338
0.035
0.0313
0.0468
0.0311
0.0478
0.0324
0.034
0.037
0.0325
0.0466
0.036
0.0342
0.049
0.0439
0.0302
0.0325
0.0329
0.0326
0.0342
0.0341
0.0343
0.0347
0.0319
0.0344
0.0347
0.0336
0.0311
0.0356
0.0444
0.0567
0.0402
0.0367
0.0361
0.0409
0.032
0.0466
0.0276
0.0498
0.0511
0.0397
0.0365
0.0501
0.0332
0.0338
0.0349
0.0384
0.0359
0.0464
0.0375
0.0365
0.0365
0.0378
0.0344
0.0457
0.0398
0.0361
0.0404
0.0357
0.0318
0.034
0.0324
0.033
0.0309
0.0337
0.0367
0.0314
0.0364
0.0428
0.0347
0.0244
0.033
0.0313
0.0344
0.0335
0.0351
0.0359
0.0338
0.0338
0.0342
0.0347
0.0561
0.0353
0.0395
0.0428
0.0378
0.0374
0.0367
0.0328
0.0338
0.0328
0.0438
0.0331
0.0385
0.0339
0.0342
0.0313
0.0364
0.0338
0.0338
0.0339
0.0333
0.0356
0.0239
0.0328
0.0353
0.0369
0.0333
0.0355
0.0348
0.0334
0.0357
0.0342
0.0322
0.0337
0.0308
0.0368
0.0337
0.0329
0.0363
0.0308
0.0334
0.0312
0.0354
0.0415
0.0346
0.0315
0.0333
0.0341
0.035
0.0351
0.0464
0.0331
0.0336
0.0404
0.0409
0.0264
0.0352
0.0324
0.037
0.0312
0.0332
0.0344
0.033
0.0342
0.0348
0.0326
0.0306
0.0327
0.032
0.0335
0.0309
0.0317
0.0326
0.0344
0.0348
0.0329
0.0311
0.0341
0.035
0.0343
0.0323
0.041
0.0333
0.0328
0.0475
0.0332
0.0336
0.0385
0.0268
0.0347
0.032
0.037
0.0325
0.0306
0.0335
0.0328
0.0353
0.0324
0.0309
0.0315
0.0399
0.0336
0.041
0.0319
0.0355
0.0341
0.0341
0.034
0.0314
0.0391
0.0332
0.0331
0.0334
0.0305
0.0324
0.0405
0.0322
0.0328
0.0329
0.0322
0.0323
0.0231
0.0325
0.0311
0.0348
0.0339
0.0364
0.0337
0.0315
0.0336
0.034
0.0325
0.0342
0.0354
0.0311
0.0338
0.0328
0.0319
0.0311
0.0337
0.033
0.0373
0.0328
0.0324
0.0367
0.0321
0.0346
0.0346
0.0345
0.0328
0.0352
0.03
0.0319
0.0334
0.0275
0.0318
0.0318
0.0344
0.0307
0.0351
0.0323
0.0338
0.033
0.0383
0.0432
0.0354
0.0424
0.0345
0.0404
0.0395
0.0355
0.0346
0.0353
0.0301
0.0313
0.0312
0.0327
0.0343
0.0389
0.0374
0.0315
0.0344
0.0485
0.0361
0.0327
0.0317
0.0392
0.0332
0.039
0.0366
0.0344
0.0347
0.0322
0.0355
0.0312
0.0341
0.0316
0.0351
0.0322
0.0332
0.0334
0.0335
0.0381
0.0344
0.0317
0.0338
0.0335
0.0339
0.0337
0.0332
0.0352
0.0337
0.0327
0.0332
0.0337
0.0331
0.0335
0.0342
0.0331
0.0347
0.0246
0.0338
0.0321
0.0357
0.033
0.0312
0.0339
0.0342
0.0313
0.034
0.0347
0.0318
0.0356
0.0402
0.0331
0.0362
0.0308
0.0337
0.0316
0.0334
0.0314
0.0349
0.0368
0.0349
0.0321
0.0334
0.0341
0.0323
0.0342
0.0311
0.0315
0.0387
0.0352
0.0242
0.0337
0.0337
0.0359
0.0336
0.035
0.0326
0.036
0.0337
0.036
0.0388
0.0411
0.0364
0.0442
0.0335
0.0353
0.0316
0.0316
0.0351
0.0317
0.0322
0.0359
0.0324
0.033
0.037
0.0338
0.0335
0.041
0.0312
0.0388
0.0341
0.0335
0.0329
0.0238
0.0363
0.035
0.0361
0.0331
0.0307
0.0343
0.03

--------------------------
CreateVideoDecoder_D3D11_1
--------------------------
21.5238

---------------------------
DestroyVideoDecoder_D3D11_1
---------------------------
0

----------------
First Frame Time
----------------
64.9347

--------------------------------------
VideoDecoderBeginFrame_WDDM2_4_D3D11_1
--------------------------------------
0.0059
0.0026
0.0027
0.0024
0.0029
0.0035
0.0038
0.0022
0.0033
0.0023
0.0028
0.0021
0.0027
0.0023
0.0026
0.0027
0.0022
0.0037
0.0024
0.0045
0.0029
0.0027
0.0024
0.0032
0.0021
0.0021
0.002
0.0021
0.0031
0.0021
0.0027
0.0034
0.004
0.0029
0.0027
0.003
0.0023
0.0026
0.002
0.0028
0.0022
0.003
0.0026
0.0018
0.0018
0.0027
0.0031
0.0021
0.0029
0.002
0.0031
0.003
0.0039
0.0022
0.004
0.0021
0.0031
0.0031
0.0028
0.0027
0.003
0.0051
0.0022
0.0031
0.0032
0.0025
0.0024
0.0019
0.0027
0.002
0.003
0.0022
0.003
0.0021
0.0021
0.0031
0.004
0.0024
0.0028
0.0026
0.003
0.0017
0.0019
0.0028
0.0021
0.003
0.0029
0.003
0.0021
0.0029
0.0032
0.0021
0.0022
0.0018
0.0068
0.002
0.0029
0.0027
0.0029
0.0026
0.003
0.0023
0.0018
0.0019
0.0028
0.0026
0.0038
0.0026
0.0031
0.0028
0.0024
0.0041
0.0034
0.0033
0.0019
0.0031
0.0021
0.0021
0.0032
0.003
0.0025
0.0035
0.0019
0.0038
0.0022
0.002
0.0016
0.002
0.0017
0.0034
0.0024
0.0028
0.0023
0.0027
0.0018
0.0023
0.0018
0.0018
0.0017
0.0018
0.0029
0.0035
0.003
0.0022
0.002
0.003
0.0024
0.0022
0.005
0.0019
0.003
0.0026
0.0019
0.0033
0.0023
0.0022
0.0021
0.0027
0.0028
0.0021
0.0028
0.0021
0.0025
0.0033
0.0038
0.0039
0.0033
0.0033
0.0023
0.0027
0.0023
0.0028
0.003
0.0024
0.0021
0.0018
0.0189
0.0029
0.0023
0.0028
0.0024
0.0026
0.0021
0.0018
0.0017
0.004
0.0023
0.0025
0.002
0.0034
0.0024
0.0021
0.0029
0.0021
0.0026
0.0029
0.0043
0.0021
0.0043
0.0045
0.003
0.0024
0.0026
0.0043
0.0025
0.0027
0.0029
0.003
0.0022
0.0019
0.0027
0.0174
0.0021
0.0027
0.0029
0.0021
0.0019
0.0032
0.0022
0.0032
0.0023
0.0026
0.0022
0.002
0.0017
0.0016
0.0018
0.0018
0.0056
0.0023
0.0028
0.0019
0.0018
0.0022
0.002
0.0027
0.0025
0.0021
0.0017
0.0024
0.0016
0.0016
0.0016
0.0018
0.0022
0.002
0.0019
0.0018
0.007
0.0022
0.0019
0.0017
0.0019
0.002
0.0017
0.0055
0.0021
0.0031
0.0023
0.0022
0.0026
0.0029
0.0022
0.0027
0.0029
0.0024
0.0022
0.0019
0.0019
0.0021
0.0021
0.0026
0.0047
0.004
0.0023
0.0019
0.002
0.0026
0.0021
0.0036
0.0022
0.0021
0.0019
0.0019
0.0017
0.0017
0.0018
0.0017
0.0017
0.0019
0.0019
0.0016
0.0017
0.0018
0.002
0.0023
0.0017
0.0018
0.0018
0.002
0.0019
0.0018
0.0017
0.0018
0.0046
0.0018
0.0027
0.0022
0.002
0.0026
0.003
0.0021
0.0019
0.0019
0.0018
0.0018
0.012
0.0017
0.0027
0.0021
0.0022
0.0019
0.0017
0.0018
0.0017
0.0019
0.0019
0.0022
0.0024
0.002
0.0018
0.0019
0.0017
0.0019
0.002
0.0018
0.002
0.0017
0.0019
0.0018
0.0017
0.002
0.0017
0.002
0.0017
0.002
0.0017
0.0017
0.0017
0.0019
0.0018
0.0016
0.0016
0.0022
0.0018
0.0022
0.0036
0.002
0.0021
0.0019
0.0036
0.0029
0.002
0.002
0.0019
0.0019
0.0017
0.0016
0.0019
0.0017
0.0019
0.0018
0.0018
0.0017
0.0018
0.0017
0.0017
0.0026
0.0017
0.0019
0.0016
0.0018
0.0017
0.0017
0.0017
0.0017
0.0019
0.0035
0.0021
0.0017
0.0017
0.0018
0.0019
0.0022
0.0023
0.0018
0.0016
0.0021
0.0018
0.0017
0.0018
0.0018
0.0017
0.0019
0.0017
0.002
0.0018
0.002
0.0019
0.0019
0.0018
0.0023
0.0019
0.0017
0.0018
0.0018
0.0019
0.002
0.0018
0.0019
0.0017
0.0017
0.0019
0.002
0.0018
0.0018
0.0025
0.002
0.0017
0.0021
0.0018
0.002
0.0017
0.0018
0.0018
0.0018
0.0017
0.002
0.0019
0.0017
0.0018
0.0018
0.0018
0.0018
0.0017
0.0017
0.0018
0.0017
0.0018
0.0019
0.0017
0.0019
0.0019
0.0017
0.0017
0.0018
0.0017
0.0021
0.002
0.0021
0.0021
0.0017
0.0017
0.0017
0.0017
0.0017
0.0021
0.0021
0.0019
0.0031
0.0033
0.0024
0.0033
0.0023
0.0093
0.0029
0.0021
0.0022
0.0019
0.0018
0.0016
0.0022
0.0017
0.0019
0.0029
0.0022
0.0018
0.0021
0.0021
0.0025
0.002
0.0019
0.0032
0.0041
0.0025
0.0022
0.0019
0.0021
0.0018
0.0021
0.0018
0.0018
0.0017
0.0021
0.0018
0.0019
0.0019
0.0018
0.0017
0.0019
0.0018
0.0019
0.0018
0.0021
0.0019
0.0018
0.0019
0.002
0.0017
0.0018
0.0019
0.0019
0.0018
0.0019
0.0017
0.0021
0.0068
0.0019
0.0019
0.0018
0.0018
0.0018
0.0021
0.0023
0.0018
0.0017
0.0019
0.0016
0.0019
0.0021
0.0018
0.002
0.0019
0.0019
0.0029
0.0018
0.0017
0.0019
0.0018
0.0019
0.0018
0.0017
0.0018
0.002
0.0019
0.0018
0.0018
0.0018
0.002
0.0021
0.0019
0.0019
0.002
0.0019
0.0018
0.0018
0.0018
0.0023
0.0024
0.0032
0.0024
0.0025
0.0042
0.0022
0.002
0.0019
0.0017
0.0025
0.0018
0.0017
0.0022
0.0019
0.0018
0.0027
0.0027
0.0019
0.0018
0.0017
0.0017
0.0018
0.0018
0.0023
0.0022
0.0016
0.0019
0.002
0.0018
0.0017
0.0017
0.0018

----------------------------
VideoDecoderEndFrame_D3D11_1
----------------------------
0.0401
0.0748
0.101
0.1218
0.1286
0.1408
0.1091
0.1064
0.1538
0.0683
0.0801
0.0716
0.0674
0.0693
0.0713
0.0762
0.0745
0.0628
0.0661
0.0642
0.0671
0.0695
0.0695
0.0591
0.0537
0.0826
0.0597
0.0677
0.0604
0.0568
0.0607
0.0736
0.0598
0.0826
0.06
0.0696
0.0536
0.0623
0.0836
0.0703
0.0629
0.0692
0.0561
0.0591
0.0598
0.0726
0.0679
0.0626
0.0612
0.0554
0.0639
0.0611
0.0705
0.0641
0.0633
0.0682
0.0574
0.0801
0.0682
0.066
0.0663
0.0772
0.0552
0.068
0.0678
0.0811
0.0638
0.0547
0.0812
0.068
0.0788
0.0566
0.0626
0.0719
0.0641
0.0682
0.0598
0.0639
0.0598
0.0591
0.0567
0.0585
0.0699
0.0651
0.0628
0.0655
0.069
0.071
0.0643
0.0612
0.065
0.058
0.0664
0.0569
0.0704
0.0603
0.0775
0.0556
0.0638
0.1078
0.0663
0.0666
0.0643
0.0662
0.0711
0.0719
0.0565
0.0878
0.1056
0.0931
0.7107
0.0348
0.1107
0.0556
0.0733
0.0916
0.058
0.09
0.087
0.0713
0.0633
0.077
0.0737
0.0628
0.057
0.0557
0.0625
0.0655
0.0759
0.0589
0.0663
0.0538
0.0781
0.0559
0.0581
0.0559
0.0583
0.0569
0.058
0.058
0.0597
0.058
0.062
0.057
0.0751
0.0712
0.0731
0.0652
0.0718
0.0662
0.0722
0.0719
0.0683
0.0671
0.0834
0.0606
0.0557
0.0706
0.06
0.0642
0.0625
0.0678
0.0554
0.0781
0.6203
0.0606
0.0826
0.0767
0.0796
0.0812
0.0598
0.0752
0.0611
0.0642
0.0879
0.1193
0.0719
0.0618
0.0749
0.0701
0.0749
0.0857
0.059
0.0645
0.0547
0.0609
0.0808
0.057
0.0598
0.0935
0.0623
0.0604
0.0665
0.0557
0.0613
0.0591
0.0594
0.0608
0.0655
0.0716
0.0634
0.0613
0.0623
0.0795
0.0608
0.0874
0.0892
0.064
0.0675
0.0572
0.0812
0.088
0.0781
0.1141
0.0636
0.0626
0.063
0.0576
0.0708
0.0879
0.0595
0.0865
0.0726
0.0593
0.0573
0.067
0.061
0.057
0.0836
0.0589
0.0817
0.06
0.0684
0.0578
0.0581
0.0811
0.0649
0.0655
0.062
0.0567
0.0586
0.056
0.0535
0.071
0.072
0.0662
0.0739
0.0559
0.0718
0.0661
0.0639
0.0589
0.0646
0.059
0.058
0.0756
0.0618
0.0594
0.0878
0.0645
0.0572
0.0652
0.0658
0.061
0.0834
0.0644
0.0773
0.0587
0.069
0.0635
0.0581
0.0598
0.0594
0.0599
0.0617
0.0625
0.0573
0.0576
0.0654
0.0794
0.0629
0.0614
0.0612
0.0607
0.0603
0.0603
0.0612
0.0596
0.0642
0.0626
0.0656
0.059
0.0591
0.0659
0.0582
0.0593
0.062
0.0563
0.0585
0.0611
0.0592
0.0595
0.0576
0.0595
0.0599
0.06
0.0609
0.0586
0.0574
0.0625
0.06
0.0666
0.0581
0.06
0.0579
0.0627
0.0612
0.0652
0.061
0.0644
0.0613
0.0592
0.0667
0.0631
0.0605
0.0633
0.0601
0.0597
0.0597
0.0639
0.0651
0.061
0.0614
0.0603
0.0584
0.0634
0.0608
0.0618
0.0582
0.0623
0.0618
0.0599
0.0587
0.0695
0.0635
0.059
0.0607
0.058
0.0637
0.0633
0.0634
0.0589
0.0578
0.0615
0.0622
0.0551
0.0643
0.0564
0.0596
0.0643
0.0629
0.0592
0.062
0.0595
0.0619
0.0614
0.0629
0.0626
0.0609
0.059
0.062
0.0603
0.0601
0.0591
0.0637
0.0683
0.0578
0.059
0.0634
0.0612
0.0603
0.0595
0.0628
0.0619
0.0598
0.0605
0.0632
0.0714
0.0634
0.0628
0.0589
0.0638
0.0614
0.0632
0.0648
0.0658
0.0653
0.0634
0.0595
0.0592
0.0627
0.0595
0.0597
0.0645
0.0627
0.0609
0.0614
0.065
0.061
0.0563
0.0582
0.0647
0.0606
0.0645
0.0568
0.0611
0.0629
0.0574
0.061
0.0617
0.0607
0.0604
0.0645
0.0583
0.0583
0.0636
0.0603
0.0596
0.0589
0.0618
0.0593
0.0561
0.061
0.0586
0.0654
0.0604
0.0587
0.0606
0.0626
0.0597
0.062
0.0594
0.0592
0.0605
0.0589
0.0602
0.0603
0.0592
0.0604
0.0641
0.0627
0.0612
0.0618
0.0612
0.0603
0.062
0.0585
0.0686
0.059
0.0618
0.0567
0.0597
0.0614
0.062
0.0565
0.058
0.0638
0.0594
0.0629
0.0642
0.064
0.0609
0.0676
0.0574
0.0725
0.0581
0.0653
0.0606
0.0559
0.0568
0.0559
0.066
0.0592
0.0616
0.0677
0.066
0.0576
0.0635
0.0556
0.0579
0.0586
0.0581
0.0605
0.072
0.0621
0.0598
0.062
0.062
0.0617
0.0622
0.0627
0.0622
0.0582
0.0636
0.0616
0.0596
0.0604
0.0686
0.0604
0.0599
0.0607
0.0586
0.0613
0.0623
0.0602
0.06
0.063
0.0628
0.0593
0.0598
0.0582
0.0607
0.0584
0.0619
0.0614
0.0622
0.062
0.0615
0.0566
0.0608
0.0635
0.055
0.0596
0.0624
0.0617
0.0602
0.0622
0.0571
0.0606
0.0595
0.0614
0.0599
0.0566
0.0608
0.059
0.0609
0.0602
0.0642
0.0635
0.0612
0.0567
0.0607
0.0604
0.0577
0.0608
0.0615
0.0591
0.0597
0.0583
0.0595
0.0601
0.0611
0.0639
0.0608
0.0586
0.058
0.0639
0.0631
0.0628
0.062
0.0621
0.062
0.0643
0.0605
0.0594
0.0577
0.0621
0.0601
0.0592
0.061
0.0634
0.0534
0.0605
0.0621
0.0703
0.0614
0.0639
0.0557
0.0623
0.0635
0.059
0.0572
0.0579
0.0631
0.0689
0.0639
0.0627
0.0643
0.0665
0.0586

---------------------------------
VideoDecoderSubmitBuffers_D3D11_1
---------------------------------
1.7599
0.7808
0.7756
0.8108
0.6796
0.7783
0.7281
0.6298
1.4263
1.0138
0.953
1.1482
0.7083
0.5221
1.4163
0.8152
0.8762
5.1798
3.3125
0.617
0.6108
0.5828
2.648
0.5977
0.3998
0.4104
0.4518
0.4043
0.4934
0.7541
0.8669
1.4666
0.4967
0.4784
0.9457
0.6521
0.7793
0.7354
0.9586
0.5169
0.7682
0.5006
0.402
0.3965
0.6141
0.7213
0.7546
0.6694
0.485
0.4363
0.6272
0.787
0.4341
0.7596
0.7675
0.5962
0.6956
0.8978
0.4696
0.6972
0.8186
0.6241
0.7737
0.788
0.6133
0.4335
0.4154
0.4415
0.6176
0.4023
0.5693
0.6591
0.8049
0.6588
0.7266
0.809
0.6298
0.6054
0.68
0.7912
0.6391
0.7613
0.8892
0.4709
0.4183
0.6577
0.803
0.5296
0.7882
0.8334
0.614
0.4155
0.4458
0.4014
0.5106
0.7524
0.7716
0.5382
1.387
0.5009
0.4382
0.7238
0.7439
0.7727
0.7201
0.4467
0.7116
0.9836
0.5342
1.6408
0.5052
0.4675
0.519
0.5222
0.3956
0.5544
0.4574
0.439
0.6406
0.5684
0.6974
0.5796
0.8574
0.4401
0.5928
0.7618
0.7996
0.8156
1.0206
0.4925
3.053
0.4678
0.4296
0.4825
0.4531
0.5151
0.7786
0.7417
0.828
0.766
0.8157
0.7131
0.628
0.7141
0.831
0.7456
0.6415
0.5395
0.6177
0.8153
0.8069
0.4295
0.3986
0.5495
0.4827
0.4165
0.7032
0.6629
0.732
0.8559
0.6733
0.8428
0.4349
2.5022
0.6187
0.4784
0.6314
0.6031
0.4138
0.6009
0.4084
0.4694
0.4426
0.4033
0.4122
0.4192
0.47
0.5254
0.4292
0.4493
0.4237
0.607
0.4148
0.3961
0.4112
0.5859
0.4434
0.4572
0.4237
0.5002
0.4519
0.4388
0.4571
0.422
0.4625
0.5392
0.5938
0.4286
0.5577
0.5819
0.5144
0.412
0.4636
0.692
0.4375
0.6651
0.6717
0.5649
0.4566
0.4388
0.6287
0.6525
0.4007
0.6447
0.4653
0.4229
0.4447
0.4769
0.4269
0.5811
0.4278
0.5994
0.4262
0.4058
0.3986
0.4044
0.4351
0.3889
0.6205
0.4379
0.6308
0.395
0.5483
0.4294
0.404
0.6333
0.4312
0.4256
0.4083
0.4575
0.3963
0.4118
0.404
0.4148
0.4416
0.4322
0.431
0.4239
0.4263
0.4192
0.431
0.4478
0.396
0.4077
0.4106
0.7209
0.4253
0.4256
0.5998
0.4583
0.4268
0.4868
0.4199
0.541
0.6533
0.4627
0.4359
0.4234
0.4211
0.4379
0.4339
0.4619
0.4165
0.543
0.4482
0.4608
0.476
0.4766
0.4495
0.5607
0.4647
0.4416
0.4505
0.4528
0.4007
0.4291
0.4316
0.4326
0.3954
0.446
0.4302
0.4048
0.4481
0.4389
0.4407
0.4062
0.4316
0.3911
0.4259
0.4309
0.4426
0.4428
0.4221
0.4456
0.4343
0.4277
0.4795
0.4195
0.422
0.5733
0.4847
0.4619
0.4637
0.4283
0.4267
0.4137
0.4721
0.4139
0.4534
0.4114
0.4428
0.416
0.4338
0.4285
0.4343
0.4235
0.451
0.4406
0.3915
0.4281
0.4437
0.458
0.4289
0.4265
0.4433
0.4278
0.4358
0.4386
0.4118
0.4292
0.4068
0.4228
0.4362
0.4249
0.4208
0.4
0.4346
0.3916
0.4286
0.462
0.4319
0.3964
0.4267
0.4476
0.4388
0.4424
0.5741
0.4314
0.4237
0.4475
0.498
0.4239
0.4495
0.4209
0.455
0.3856
0.4371
0.4367
0.415
0.4338
0.4334
0.426
0.3933
0.4304
0.4187
0.4367
0.3962
0.4145
0.4261
0.4365
0.4225
0.4266
0.3931
0.422
0.4263
0.4351
0.4169
0.5033
0.4074
0.4219
0.4463
0.4444
0.4485
0.4135
0.436
0.4419
0.4283
0.4545
0.4256
0.3985
0.443
0.4193
0.4301
0.3899
0.4174
0.4086
0.4393
0.4265
0.4537
0.403
0.4183
0.4426
0.4369
0.4393
0.3994
0.4264
0.4238
0.4255
0.4203
0.405
0.4262
0.4432
0.428
0.4288
0.4205
0.4193
0.4022
0.3884
0.4318
0.4025
0.4312
0.3892
0.4347
0.4394
0.3991
0.4454
0.4315
0.4116
0.4413
0.4538
0.3979
0.436
0.4197
0.4172
0.3971
0.4394
0.4393
0.4215
0.4315
0.4205
0.4171
0.4192
0.4195
0.4417
0.4482
0.424
0.3959
0.3887
0.4191
0.4315
0.3872
0.4148
0.4142
0.4371
0.4027
0.4376
0.4133
0.4384
0.4237
0.4673
0.5231
0.4631
0.5175
0.438
0.4856
0.4861
0.4397
0.4418
0.4402
0.3919
0.4046
0.3853
0.4266
0.4403
0.4562
0.456
0.4062
0.4294
0.4375
0.4558
0.3995
0.436
0.4965
0.4894
0.4676
0.4662
0.4129
0.4325
0.4159
0.4622
0.4099
0.4326
0.4042
0.4337
0.3975
0.4346
0.4245
0.4329
0.4221
0.4325
0.3945
0.4431
0.4259
0.4187
0.4286
0.4238
0.4485
0.4231
0.423
0.4226
0.4309
0.4169
0.4319
0.4223
0.4209
0.4296
0.3786
0.4695
0.3986
0.4229
0.4227
0.3926
0.4313
0.4691
0.3945
0.4358
0.4253
0.4091
0.4486
0.4248
0.4225
0.4345
0.3987
0.4304
0.3985
0.4224
0.4426
0.4355
0.4191
0.4351
0.4037
0.4262
0.4319
0.3968
0.4282
0.3936
0.3998
0.4293
0.4545
0.4034
0.4256
0.4216
0.4327
0.4251
0.431
0.4309
0.4507
0.4584
0.4302
0.4872
0.4928
0.4659
0.5497
0.4233
0.4394
0.3915
0.4107
0.4493
0.4067
0.4136
0.4469
0.4096
0.445
0.4864
0.431
0.4303
0.4551
0.4108
0.4332
0.4334
0.4252
0.4222
0.3982
0.4274
0.444
0.4386
0.4241
0.4024
0.4343
0.3911

