---------------------------------------------
CalcPrivateVideoDecoderOutputViewSize_D3D11_1
---------------------------------------------
0.0022
0.0017
0.0017
0.0013
0.0015
0.0009
0.0043
0.0009
0.0016
0.0017
0.0009
0.0008
0.0007
0.0023
0.0008
0.0008
0.0007
0.0008
0.0006
0.0029
0.0007
0.0007
0.0009
0.0006
0.0006
0.0008
0.0006
0.0006
0.0026
0.0006
0.0006
0.0006
0.0006
0.0007
0.0006
0.0006
0.0006
0.0005
0.0006
0.0006
0.0006
0.0008
0.0026
0.0006
0.0014
0.0025
0.001
0.0008
0.0008
0.0007
0.0006
0.0008
0.0006
0.0008
0.0006
0.0006
0.0006
0.0007
0.0007
0.0006
0.0007
0.0006
0.0008
0.0032
0.0006
0.0006
0.0006
0.0013
0.0007
0.0008
0.0013
0.001
0.0007
0.0007
0.0008
0.0009
0.0012
0.0007
0.004
0.0008
0.0007
0.0007
0.001
0.0008
0.0008
0.0006
0.0007
0.0007
0.0006
0.0012
0.0008
0.0009
0.0008
0.0008
0.0049
0.001
0.0008
0.0014
0.0008
0.0006
0.0008
0.0007
0.0008
0.0009
0.0008
0.0008
0.0009
0.0009
0.0007
0.0006
0.0007
0.0014
0.001
0.0012
0.0008
0.0007
0.001
0.0011
0.0014
0.001
0.0009
0.0008
0.0008
0.0012
0.0009
0.0008
0.0012
0.0007
0.0015
0.0044
0.0012
0.0017
0.0015
0.0009
0.0011
0.0013
0.0009
0.0011
0.0012
0.0008
0.0016
0.0056
0.0015
0.0014
0.0012
0.0015
0.0013
0.0018
0.001
0.0009
0.0012
0.0013
0.0009
0.0008
0.0013
0.0009
0.0008
0.0012
0.0015
0.001
0.0018
0.0011
0.0012
0.002
0.0015
0.0015
0.0013
0.001
0.0007
0.001
0.0007
0.0012
0.0013
0.0007
0.0014
0.0015
0.0017
0.0013
0.0009
0.0014
0.0012
0.003
0.001
0.0009
0.0007
0.0013
0.001
0.0019
0.0016
0.0009
0.0008
0.0013
0.0012
0.0011
0.0011
0.001
0.0019
0.0015
0.001
0.0012
0.0017
0.0021
0.0015
0.0008
0.0013
0.0007
0.0009
0.0015
0.001
0.0008
0.0009
0.0052
0.0009
0.0008
0.0008
0.002
0.001
0.0011
0.0017
0.0017
0.0011
0.0008
0.0008
0.0022
0.0008
0.0007
0.0024
0.0012
0.0009
0.0008
0.0009
0.0008
0.0009
0.0017
0.0016
0.001
0.0013
0.002
0.0012
0.0015
0.001
0.0008
0.0007
0.0011
0.0009
0.0016
0.0011
0.0016
0.0014
0.001
0.0011
0.001
0.0008
0.0007
0.0021
0.0013
0.0012
0.0015
0.0011
0.0008
0.0007
0.002
0.0013
0.0008
0.0016
0.0013
0.0009
0.0008
0.0015
0.0009
0.0009
0.0014
0.0009
0.0008
0.0009
0.0008
0.0006
0.0009
0.0009
0.0007
0.001
0.0008
0.0007
0.0011
0.0008
0.0007
0.0013
0.0009
0.0008
0.0011
0.0008
0.0008
0.0009
0.0008
0.0008
0.0019
0.0008
0.0008
0.001
0.0008
0.0006
0.0013
0.0013
0.0015
0.0009
0.001
0.0015
0.0011
0.0009
0.0006
0.001
0.0008
0.0007
0.0009
0.0008
0.0009
0.0069
0.0011
0.0009
0.0012
0.0009
0.0008
0.0013
0.001
0.0008
0.0013
0.001
0.0016
0.0012
0.001
0.0008
0.0012
0.0012
0.0008
0.0008
0.0016
0.0008
0.0008
0.0006
0.0006
0.0005
0.0006
0.0006
0.0015
0.0011
0.0017
0.0016
0.001
0.0009
0.0009
0.0007
0.0016
0.0014
0.0014
0.0008
0.0007
0.0016
0.0011
0.0018
0.001
0.0013
0.049
0.0007
0.0006
0.0018
0.0013
0.0009
0.0012
0.0013
0.001
0.0015
0.0012
0.0009
0.0007
0.0008
0.0014
0.0016
0.0011
0.0015
0.0013
0.0009
0.0017
0.0013
0.0007
0.0007
0.0007
0.0006
0.0006
0.0006
0.0008
0.0005
0.0009
0.0007
0.0007
0.0007
0.0006
0.0006
0.0005
0.0006
0.0006
0.0007
0.0007
0.0007
0.0007
0.0006
0.0006
0.0008
0.0006
0.0006
0.0007
0.0005
0.0006
0.0006
0.0008
0.0006
0.0007
0.0005
0.0005
0.0005
0.0005
0.0006
0.0006
0.0007
0.0006
0.0006
0.0006
0.0006
0.0009
0.0006
0.0006
0.0006
0.0006
0.0005
0.0007
0.0006
0.0006
0.0006
0.0005
0.0006
0.0007
0.0006
0.0005
0.0006
0.0007
0.0006
0.0006
0.0005
0.0006
0.0005
0.0007
0.0006
0.0008
0.0007
0.0007
0.0007
0.0006
0.0006
0.0006
0.0006
0.0006
0.0006
0.0006
0.0006
0.0006
0.0008
0.0006
0.0006
0.0006
0.0006
0.0006
0.0006
0.0007
0.0005
0.0006
0.0069
0.0005
0.0006
0.0006
0.0005
0.0007
0.0007
0.0007
0.0006
0.0006
0.0006
0.0005
0.0006
0.0006
0.0009
0.0007
0.0006
0.0006
0.0006
0.0006
0.0006
0.0006
0.0007
0.0006
0.0006
0.0006
0.0007
0.0005
0.0007
0.0006
0.0006
0.0006
0.0006
0.0006
0.0006
0.0006
0.0017
0.0012
0.0019
0.001
0.0014
0.0006
0.0008
0.0012
0.0008
0.0015
0.0009
0.0009
0.0012
0.0005
0.0006
0.0007
0.0006
0.0007
0.0013
0.0016
0.001
0.0017
0.0012
0.0009
0.0007
0.0007
0.0006
0.0006
0.0005
0.0006
0.0007
0.0008
0.0007
0.0006
0.0007
0.0007
0.001
0.0006
0.0007
0.0009
0.0006
0.0006
0.0007
0.0008
0.0006
0.0006
0.0005
0.0014
0.0007
0.0007
0.0007
0.0017
0.0012
0.0012
0.0008
0.0007
0.0008
0.0008
0.0008
0.0006
0.0007
0.0013
0.001
0.0008
0.0013
0.001
0.0008
0.0013
0.0011
0.001
0.0014
0.0011
0.0009
0.0012
0.0015
0.0013
0.0013
0.0009
0.0008
0.0016
0.0015
0.0015
0.0013
0.001
0.0016
0.0011
0.001
0.0009
0.0014
0.0014

-----------------------
CodechalDecode::Execute
-----------------------
8.2348
16.5877
8.6402
6.9148
7.1347
6.5436
6.5138
9.0073
9.6452
9.43
0.8715
0.7883
0.811
0.9126
0.8755
0.8598
0.5608
0.5534
0.5409
0.4985
0.5431
0.5551
0.533
0.5381
0.5067
0.5336
0.5405
0.5474
0.5069
0.5122
0.5386
0.5628
0.5392
0.5294
0.5315
0.5278
0.5499
0.5092
0.5423
0.5012
0.5383
0.5015
0.5402
0.4976
0.5703
0.6574
0.5351
0.5433
0.4805
0.4986
0.5247
0.4811
0.5025
0.5324
0.5327
0.4994
0.5288
0.5334
0.5386
0.5305
0.5127
0.5227
0.5292
0.5323
0.5356
0.5351
0.5368
0.5032
0.538
0.5228
0.5486
0.4939
0.5293
0.5442
0.541
0.5236
0.5261
0.5396
0.5316
0.491
0.5401
0.5243
0.5378
0.5209
0.539
0.5264
0.5228
0.5402
0.5369
0.5194
0.5299
0.5195
0.5347
0.5236
0.5284
0.5036
0.5435
0.5297
0.5322
0.5274
0.5163
0.5316
0.5276
0.5343
0.5274
0.5663
0.5358
0.534
0.538
0.5308
0.5332
0.5206
0.5285
1.587
0.4904
0.5356
1.625
0.565
0.519
1.6899
0.509
0.4854
1.8925
0.5242
0.4875
1.703
0.5705
0.4947
1.7331
0.5823
0.4885
0.481
0.5457
0.5466
1.7271
0.5277
0.4837
1.6927
0.5085
0.4854
1.7229
0.5929
0.6747
0.5415
1.7078
0.5426
0.5103
0.6248
0.4917
1.7421
0.5066
0.6736
0.5
1.7026
0.5351
0.5504
1.6937
0.5468
1.3509
0.524
0.604
1.6591
0.5336
0.7583
0.5362
1.6849
0.5248
0.5089
1.6452
0.5005
0.4916
1.6964
0.553
0.5086
1.7118
0.5467
0.6004
0.4957
1.7621
0.5389
0.5403
1.7374
0.4944
0.5016
1.7023
0.5525
0.4997
1.6819
0.736
0.4853
1.6795
0.5182
0.6775
1.6367
0.5494
0.4814
1.7094
0.5503
0.5465
1.704
0.5627
0.6092
0.5122
0.4948
0.5185
1.1109
0.5323
0.5643
0.4782
0.4754
0.5173
0.484
0.5139
0.524
0.5048
0.622
0.5157
1.886
0.6157
0.5413
0.5005
1.0582
0.5518
0.6071
0.5644
0.5015
0.6775
0.494
1.6677
0.5395
0.4961
0.5487
1.079
0.6074
0.5293
1.718
0.548
0.6551
0.5441
1.6871
0.7069
0.5053
1.6923
0.5395
0.4675
1.7145
0.5337
1.4727
1.0868
1.0636
1.1214
1.0983
1.1239
1.1285
0.6798
13.1561
4.8065
0.5516
0.519
0.4953
0.5553
0.6562
0.786
0.4839
1.7352
0.5135
0.5343
1.7053
0.5474
0.5138
1.7389
0.4947
0.4874
1.7066
0.5129
0.4773
1.7078
0.4836
0.5047
1.6898
0.5365
0.5297
1.7072
0.5046
0.5492
1.6984
0.505
0.4968
1.7471
0.5144
0.5092
1.7232
0.4862
0.5007
1.7767
0.5045
0.486
1.7656
0.5138
0.4841
1.7064
0.6997
16.9662
0.5136
0.506
0.6485
18.5332
0.5152
0.5337
1.6697
0.5467
0.4955
1.7199
0.4899
0.5014
1.7586
0.4981
0.4876
1.6986
0.5346
0.5066
1.6668
0.5552
0.4843
1.7213
0.4878
0.4992
1.6848
0.5492
0.5052
1.6506
0.5059
0.4938
0.4931
0.4941
0.4818
0.4816
0.5138
0.4814
0.4751
0.4902
0.5234
0.5025
0.5299
0.4952
0.6096
0.5049
0.4906
0.5065
0.5039
0.5344
0.5721
0.5391
0.5185
0.4836
0.6163
0.5645
0.5416
0.5887
0.5638
0.5253
0.4972
0.5116
0.4761
0.6163
0.5387
13.3737
4.8287
0.5142
0.4878
0.5299
0.4928
0.4795
0.4978
0.4844
0.5302
0.5492
0.4999
0.5726
0.5038
0.4881
0.5975
0.5516
0.4907
0.4849
0.4906
0.4801
0.4763
0.4947
0.5088
0.5148
0.4944
0.503
0.4938
0.5046
0.5296
0.5036
0.539
0.4771
0.5037
0.5401
0.5034
0.5467
0.4777
0.4894
0.4968
0.4948
0.5108
0.5152
0.5221
0.5031
0.5029
0.4733
0.4808
0.4989
0.5261
0.4818
0.4961
0.5299
0.5001
0.4729
0.4936
0.4763
0.4914
0.5118
0.5314
0.513
0.4882
0.4984
0.5169
0.5148
0.4873
0.5144
0.4792
0.5322
0.4853
0.4871
0.5114
0.5236
0.4918
0.5268
0.4865
0.5246
0.4962
0.5254
0.5144
0.5267
0.5102
0.4847
0.514
0.4855
0.5055
0.5368
0.5005
0.5312
0.497
0.5284
0.4902
0.5356
0.5181
0.5155
0.5018
0.5247
0.4791
0.5354
0.4954
0.5414
0.5053
0.5365
0.4929
0.4994
0.5314
0.4954
0.5308
0.5023
0.5265
0.5246
0.4904
0.5207
0.5013
0.539
0.4988
0.5406
0.4886
0.5226
0.4959
0.5242
0.4832
0.4655
0.4925
0.5479
0.4928
0.523
0.4881
0.5341
0.488
0.5396
0.5008
0.5323
0.5016
0.5271
0.48
0.5136
0.4843
0.5183
0.49
0.5249
0.4822
0.5187
0.4915
0.5867
0.4983
0.6131
0.5401
0.5421
0.54
0.5395
0.5798
0.5363
0.5584
0.5136
0.4924
0.5858
0.4905
0.5347
0.4923
0.5303
0.4989
0.6018
0.5456
0.5842
0.5923
0.5471
0.5771
0.5386
0.5014
0.522
0.53
0.4873
0.495
0.5228
0.4985
0.5291
0.5061
0.4828
0.5012
0.5328
0.5012
0.5301
0.4644
0.5034
0.514
0.5375
0.5055
0.5347
0.4925
0.5207
0.5221
0.4905
0.5192
0.4914
1.66
0.5198
0.4687
1.6222
0.504
0.4829
1.5869
0.4991
0.4753
1.7093
0.5415
0.4987
1.6896
0.51
0.5262
1.7179
0.5299
0.4996
1.6844
0.5347
0.4987
1.7044
0.5264
0.5294
1.6667
0.5582
0.5057
1.6918
0.5164
0.5316
1.6867
0.5424
0.5009
1.6899
0.5467
0.5045
1.7412
0.5479
0.491

---------------------------------
CodechalDecodeVp9::SetFrameStates
---------------------------------
1.0583
0.0091
0.0083
0.0066
0.0062
0.0057
0.0066
0.012
0.0075
0.006
0.0059
0.006
0.0051
0.0064
0.0053
0.0063
0.0063
0.0061
0.0063
0.0058
0.0056
0.0059
0.01
0.006
0.0051
0.0057
0.0062
0.0061
0.0058
0.0056
0.0057
0.0058
0.0061
0.0057
0.006
0.0059
0.006
0.0052
0.0057
0.005
0.0059
0.005
0.0065
0.0052
0.007
0.0096
0.0065
0.0063
0.0052
0.0051
0.0063
0.005
0.0051
0.006
0.0061
0.0051
0.0061
0.006
0.0059
0.0063
0.0061
0.0065
0.0061
0.0071
0.0062
0.006
0.0061
0.0053
0.0061
0.0059
0.0069
0.0053
0.0058
0.0062
0.0061
0.0058
0.0058
0.0062
0.0061
0.0053
0.0057
0.0059
0.0065
0.0059
0.0062
0.0061
0.0058
0.0062
0.0062
0.0059
0.0062
0.0059
0.006
0.0058
0.0073
0.0051
0.0063
0.0063
0.0061
0.0062
0.006
0.0061
0.0061
0.0063
0.006
0.006
0.0062
0.0061
0.0062
0.0062
0.0058
0.006
0.0065
0.0054
0.0054
0.0055
0.0054
0.0076
0.0067
0.006
0.0074
0.0057
0.0059
0.0075
0.0057
0.0055
0.0077
0.0054
0.0086
0.0086
0.0059
0.0053
0.0071
0.0068
0.0056
0.0077
0.0055
0.0077
0.0073
0.0053
0.008
0.0091
0.0076
0.0073
0.0081
0.0075
0.0063
0.0082
0.006
0.0053
0.0073
0.0076
0.0053
0.0049
0.0077
0.0068
0.0055
0.0081
0.0072
0.0064
0.0083
0.0055
0.0073
0.0091
0.0072
0.0089
0.0075
0.006
0.0061
0.0071
0.0053
0.007
0.0078
0.0057
0.0073
0.0075
0.0084
0.0061
0.0052
0.0074
0.0064
0.0055
0.0068
0.0057
0.0052
0.0082
0.0059
0.0097
0.009
0.0055
0.0053
0.0071
0.0078
0.0072
0.0082
0.0055
0.0096
0.0077
0.0066
0.0075
0.0084
0.0139
0.0064
0.0063
0.0058
0.5579
0.0058
0.0078
0.0054
0.0051
0.0068
0.0081
0.0055
0.0074
0.0054
0.0088
0.0068
0.0055
0.0098
0.0066
0.0052
0.0061
0.0062
0.0101
0.0118
0.0066
0.0174
0.0057
0.0054
0.0067
0.0054
0.008
0.0054
0.0083
0.0075
0.0072
0.0098
0.0084
0.0068
0.0096
0.0099
0.0057
0.0056
0.0079
0.0055
0.0097
0.0079
0.0077
0.0054
0.0065
0.0056
0.0062
0.0051
0.0056
0.0108
0.5518
0.0074
0.0076
0.0058
0.0054
0.0065
0.0106
0.0094
0.0052
0.0089
0.0075
0.0065
0.0051
0.0075
0.0066
0.0063
0.0074
0.0053
0.0051
0.0072
0.0055
0.0054
0.0069
0.0054
0.006
0.0077
0.0062
0.0062
0.0071
0.0062
0.0049
0.0073
0.0057
0.0055
0.0075
0.0056
0.0051
0.0069
0.0056
0.0081
0.007
0.0054
0.0048
0.0073
0.0055
0.0056
0.1858
0.0064
0.0074
0.0059
0.1666
0.0071
0.0072
0.0062
0.0051
0.0076
0.0058
0.005
0.0069
0.0056
0.0066
0.0092
0.0056
0.0055
0.0076
0.0057
0.0051
0.0093
0.0054
0.0055
0.0068
0.0057
0.0104
0.0083
0.0058
0.0051
0.0069
0.0055
0.005
0.0051
0.005
0.0049
0.0051
0.0049
0.0048
0.0048
0.0053
0.0052
0.0082
0.0066
0.0094
0.0063
0.0054
0.0053
0.0053
0.0061
0.0082
0.0063
0.0057
0.005
0.0051
0.0073
0.0059
0.0074
0.0055
0.0059
0.006
0.0053
0.0051
0.0087
0.0065
0.3705
0.0074
0.0072
0.0055
0.0073
0.0057
0.005
0.0048
0.005
0.0071
0.0078
0.0063
0.0076
0.0057
0.0052
0.0105
0.0066
0.0048
0.0047
0.0049
0.0048
0.0048
0.005
0.0053
0.006
0.0053
0.0053
0.0053
0.0053
0.0055
0.0051
0.0058
0.0046
0.005
0.0055
0.0053
0.0058
0.0048
0.0049
0.0049
0.005
0.0051
0.0055
0.0056
0.0052
0.0052
0.0046
0.005
0.005
0.0056
0.0047
0.0051
0.0054
0.005
0.0045
0.005
0.0047
0.0051
0.0051
0.0053
0.0052
0.0051
0.0052
0.0053
0.0051
0.0048
0.005
0.0048
0.0052
0.0047
0.0049
0.005
0.0055
0.0051
0.0052
0.0048
0.0055
0.0048
0.0052
0.0052
0.0055
0.0054
0.0048
0.0052
0.0048
0.0053
0.0055
0.0052
0.0056
0.005
0.0053
0.0048
0.0053
0.0053
0.0051
0.0047
0.0051
0.0047
0.0054
0.0049
0.006
0.0053
0.0056
0.005
0.0049
0.0053
0.0049
0.0055
0.0077
0.0055
0.0052
0.0048
0.0049
0.0048
0.0054
0.0051
0.0057
0.0051
0.0054
0.0049
0.0054
0.0048
0.005
0.005
0.0054
0.0049
0.0052
0.0047
0.0055
0.0049
0.006
0.0051
0.0057
0.0049
0.0055
0.0047
0.005
0.0048
0.0078
0.0049
0.0053
0.0047
0.0053
0.0049
0.0081
0.0059
0.0091
0.0071
0.0064
0.0057
0.0054
0.0065
0.0057
0.0079
0.0059
0.0053
0.0058
0.0052
0.0058
0.0052
0.0061
0.0053
0.0072
0.0061
0.0063
0.0079
0.0068
0.0057
0.006
0.0051
0.0055
0.0056
0.0048
0.005
0.0053
0.0051
0.0057
0.0053
0.0048
0.0051
0.0055
0.005
0.0055
0.0052
0.0049
0.0053
0.0052
0.005
0.0054
0.0047
0.0053
0.0055
0.0046
0.0054
0.0049
0.0105
0.007
0.0054
0.0069
0.0055
0.005
0.005
0.0055
0.005
0.0052
0.0083
0.0055
0.0061
0.0072
0.0062
0.0052
0.0079
0.0057
0.0053
0.0084
0.0059
0.0057
0.0077
0.007
0.0063
0.008
0.006
0.0051
0.0074
0.007
0.0092
0.0075
0.0057
0.0092
0.0081
0.0059
0.0052
0.0074
0.0057

------------------------------------------
CodechalDecodeVp9G12::DecodePrimitiveLevel
------------------------------------------
0.1065
0.058
0.1084
0.0388
0.0358
0.0753
0.0205
0.0264
0.0629
0.0225
0.023
0.0607
0.0209
0.0233
0.2674
0.019
0.0221
0.2538
0.0233
0.0236
0.0654
0.0197
0.0221
0.0557
0.0221
0.0246
0.1354
0.0265
0.0259
0.0542
0.0216
0.0231
0.0703
0.0178
0.0211
0.0585
0.0197
0.0225
0.0696
0.0277
0.024
0.0845
0.0269
0.0229
0.1359
0.0285
0.0236
0.1476
0.0218
0.0221
0.0473
0.0221
0.0219
0.0409
0.022
0.022
0.0415
0.0186
0.0205
0.0385
0.0206
0.0218
0.0424
0.0353
0.022
0.0427
0.0207
0.0211
0.0431
0.0208
0.0288
0.0422
0.0181
0.0205
0.0401
0.0209
0.0215
0.0446
0.0216
0.0218
0.0422
0.0219
0.0216
0.0429
0.0184
0.0209
0.0396
0.0189
0.0203
0.0449
0.022
0.0248
0.045
0.0197
0.0341
0.0452
0.0211
0.0224
0.0491
0.0205
0.0215
0.0432
0.0216
0.0218
0.0417
0.0202
0.0214
0.0431
0.0201
0.0303
0.0424
0.0218
0.0208
0.0433
0.0206
0.0239
0.0426
0.018
0.0205
0.0439
0.0219
0.0222
0.042
0.0186
0.0205
0.0451
0.0236
0.0224
0.0428
0.0186
0.0213
0.0395
0.0224
0.0235
0.0541
0.0257
0.0265
0.0527
0.0251
0.0215
0.0407
0.0266
0.0217
0.0385
0.0174
0.0223
0.0359
0.0192
0.0211
0.0363
0.0221
0.0205
0.0346
0.0178
0.0233
0.0338
0.018
0.0325
0.037
0.0258
0.0216
0.0396
0.0203
0.0217
0.042
0.0177
0.0208
0.0411
0.0219
0.0218
0.0394
0.0217
0.0218
0.0398
0.0245
0.0219
0.0401
0.0216
0.0215
0.0393
0.0237
0.0205
0.0406
0.0218
0.0221
0.0407
0.0218
0.0222
0.0412
0.0234
0.0217
0.0413
0.0218
0.0227
0.0386
0.0216
0.0216
0.0391
0.0217
0.0222
0.0389
0.0183
0.0205
0.0365
0.0204
0.0215
0.0378
0.0208
0.0216
0.0378
0.0197
0.0303
0.0384
0.0175
0.0199
0.0392
0.0209
0.0225
0.0384
0.0223
0.0219
0.0384
0.0219
0.0217
0.0388
0.0207
0.0223
0.0384
0.0201
0.0219
0.0392
0.0222
0.0222
0.0395
0.0216
0.0218
0.0385
0.018
0.0204
0.0373
0.0219
0.0227
0.0389
0.0211
0.0221
0.0382
0.0211
0.0223
0.0388
0.0202
0.0215
0.0392
0.0204
0.0224
0.0384
0.0204
0.0216
0.0384
0.0196
0.0216
0.0401
0.0206
0.0218
0.0404
0.0215
0.0217
0.0383
0.0208
0.0213
0.039
0.0214
0.0221
0.0392
0.0207
0.0217
0.0395
0.0218
0.0213
0.0398
0.0208
0.0216
0.0401
0.0203
0.0213
0.0394
0.0179
0.0211
0.0409
0.0214
0.0218
0.039
0.0219
0.0215
0.0385
0.0218
0.0221
0.0383
0.0219
0.0218
0.0383
0.0195
0.0209
0.0387
0.0205
0.0215
0.0394
0.0244
0.0214
0.0396
0.0211
0.0216
0.0391
0.0212
0.0212
0.0404
0.0222
0.0251
0.039
0.0222
0.0221
0.0384
0.0219
0.0212
0.0397
0.0218
0.0215
0.0391
0.0217
0.0213
0.0395
0.0214
0.022
0.0404
0.0182
0.0212
0.0467
0.0202
0.0221
0.0403
0.0205
0.021
0.0378
0.0179
0.0225
0.0372
0.0208
0.0254
0.042
0.0229
0.0222
0.0444
0.0219
0.0288
0.0412
0.0185
0.0214
0.0419
0.0289
0.0252
0.049
0.0189
0.0211
0.0399
0.0177
0.0193
0.0351
0.0317
0.0378
0.0578
0.0213
0.0216
0.0371
0.0178
0.0202
0.0362
0.0254
0.0231
0.0452
0.022
0.029
0.0412
0.0177
0.0207
0.0377
0.0247
0.0242
0.0427
0.0241
0.0231
0.0384
0.019
0.02
0.0352
0.0176
0.0206
0.0345
0.0197
0.0244
0.042
0.0211
0.0223
0.0446
0.0256
0.0238
0.0491
0.0207
0.0286
0.0379
0.0174
0.0223
0.0355
0.0284
0.0243
0.0467
0.0192
0.0208
0.0367
0.0176
0.0227
0.0351
0.0272
0.0258
0.0476
0.0234
0.0245
0.0459
0.0217
0.026
0.0522
0.0202
0.0215
0.0438
0.0254
0.0235
0.0406
0.0207
0.022
0.0399
0.0229
0.021
0.0386
0.0253
0.0244
0.0669
0.0179
0.0203
0.0352
0.0295
0.0257
0.0483
0.0186
0.0214
0.0376
0.0212
0.0339
0.0536
0.0188
0.0201
0.0371
0.0305
0.0245
0.0472
0.0205
0.025
0.042
0.0215
0.0224
0.0405
0.0255
0.0242
0.0473
0.0224
0.0225
0.0389
0.0359
0.0225
0.0458
0.0205
0.022
0.043
0.0223
0.0306
0.0401
0.0234
0.0228
0.0386
0.0204
0.0279
0.0414
0.0265
0.0316
0.055
0.0204
0.0222
0.0398
0.0241
0.023
0.0418
0.0195
0.0206
0.0465
0.0191
0.0241
0.0387
0.0232
0.0228
0.0392
0.0185
0.0204
0.0369
0.0176
0.0194
0.0397
0.0247
0.0235
0.0451
0.0223
0.0226
0.0428
0.0185
0.0208
0.0378
0.0288
0.0248
0.0467
0.0206
0.0223
0.0467
0.0251
0.0234
0.0444
0.0198
0.0198
0.0345
0.0297
0.0261
0.0456
0.0211
0.0226
0.0412
0.021
0.025
0.0411
0.0295
0.0258
0.0444
0.0182
0.0231
0.0368
0.0187
0.0282
0.0354
0.0257
0.0245
0.0427
0.0221
0.0229
0.0433
0.0189
0.0202
0.0407
0.025
0.0226
0.0406
0.0275
0.0391
0.0414
0.0176
0.0197
0.0368
0.0265
0.0258
0.0475
0.0188
0.0241
0.0401
0.0215
0.0267
0.0482
0.0256
0.0247
0.0417
0.0223
0.0221
0.0463
0.0178
0.02
0.0358
0.0262
0.0276
0.0452
0.0214
0.025
0.043
0.0227
0.0222
0.0403
0.025
0.0241
0.0429
0.0206
0.0221
0.0378
0.0225
0.0228
0.0422
0.0199
0.0206
0.037
0.0189
0.0203
0.0349
0.0198
0.0211
0.0392
0.0219
0.0219
0.0398
0.0212
0.0224
0.04
0.022
0.0224
0.0475
0.0163
0.0189
0.0358
0.0174
0.0201
0.0328
0.0233
0.0213
0.0382
0.0177
0.02
0.0335
0.0184
0.0209
0.0364
0.0209
0.02
0.0338
0.0177
0.0212
0.0393
0.0236
0.0245
0.0599
0.0238
0.0202
0.0357
0.0311
0.036
0.0667
0.0245
0.0224
0.0473
0.0218
0.0226
0.0393
0.0184
0.0203
0.036
0.0183
0.0227
0.0377
0.0213
0.0219
0.0415
0.0234
0.0229
0.0538
0.0293
0.0218
0.0384
0.0179
0.0199
0.0383
0.0237
0.0239
0.0466
0.0182
0.02
0.0374
0.0261
0.0255
0.0486
0.0204
0.0221
0.0378
0.0175
0.0199
0.0343
0.0216
0.0224
0.0391
0.0183
0.0206
0.035
0.0247
0.0247
0.0512
0.0197
0.0218
0.0387
0.0262
0.0241
0.0499
0.0216
0.0235
0.0394
0.0428
0.0241
0.0534
0.0214
0.03
0.0419
0.0253
0.0239
0.0481
0.0246
0.032
0.0405
0.0196
0.0207
0.0361
0.0257
0.0237
0.0465
0.023
0.0225
0.0371
0.0181
0.0192
0.0347
0.0261
0.0249
0.0496
0.0223
0.0223
0.0418
0.0203
0.0214
0.0396
0.0216
0.0223
0.0379
0.0183
0.0208
0.0343
0.0198
0.0207
0.0361
0.0223
0.0216
0.0386
0.0213
0.0212
0.0383
0.0208
0.0261
0.0391
0.0246
0.0231
0.0464
0.0327
0.0318
0.0531
0.0298
0.0248
0.0482
0.021
0.022
0.0429
0.019
0.021
0.0367
0.0189
0.0207
0.0356
0.0258
0.0216
0.0456
0.0266
0.0238
0.0497
0.0281
0.0326
0.0604
0.0167
0.0197
0.0358
0.0294
0.0251
0.0553
0.0189
0.0243
0.0406
0.0207
0.0215
0.0421
0.0255
0.0243
0.0489
0.0206
0.0228
0.0413
0.0189
0.0205
0.0404
0.0294
0.0252
0.0498
0.0168
0.0196
0.0383
0.0177
0.0196
0.0362
0.0269
0.0242
0.048
0.0185
0.0209
0.0381
0.0175
0.0195
0.0348
0.0269
0.0244
0.0478
0.0175
0.02
0.0355
0.0184
0.0259
0.0384
0.0237
0.024
0.0464
0.0221
0.0226
0.0401
0.0204
0.0254
0.0408
0.0331
0.0241
0.0502
0.019
0.0213
0.0381
0.0253
0.0225
0.0413
0.0256
0.0244
0.0497
0.0176
0.0202
0.041
0.0176
0.02
0.0376
0.0293
0.0254
0.0511
0.0192
0.0211
0.0381
0.0186
0.0199
0.0371
0.0302
0.0241
0.0492
0.0175
0.0201
0.0354
0.0185
0.0205
0.0385
0.0303
0.025
0.0446
0.0183
0.02
0.0365
0.0176
0.0198
0.0362
0.0295
0.026
0.0583
0.0187
0.023
0.0373
0.0177
0.02
0.0357
0.0272
0.0248
0.0497
0.0172
0.0193
0.0447
0.0245
0.0226
0.0503
0.0184
0.0207
0.0397
0.018
0.0314
0.0371
0.0169
0.0202
0.0388
0.0329
0.0255
0.048
0.0199
0.0279
0.0384
0.0211
0.0279
0.0361
0.0241
0.0231
0.0444
0.0222
0.0222
0.042
0.0188
0.0203
0.0351
0.0304
0.024
0.05
0.0172
0.0211
0.0364
0.0179
0.0205
0.0384
0.0293
0.0254
0.0517
0.017
0.0196
0.0396
0.0172
0.02
0.0387
0.0255
0.0242
0.0521
0.0248
0.022
0.0419
0.0184
0.0203
0.0362
0.0296
0.0241
0.0423
0.0224
0.0223
0.0423
0.0178
0.0196
0.036
0.0248
0.0235
0.0454
0.0181
0.0199
0.0359
0.018
0.0202
0.0367
0.025
0.0241
0.0429
0.022
0.0224
0.0415
0.0189
0.0239
0.037
0.0229
0.0218
0.0406
0.0162
0.0194
0.0342
0.0176
0.0199
0.0351
0.0174
0.0193
0.0342
0.0172
0.0226
0.0359
0.0173
0.0194
0.0346
0.0172
0.0196
0.0337
0.0203
0.0201
0.0525
0.0173
0.0194
0.0327
0.0172
0.0195
0.0336
0.0174
0.0197
0.0473
0.0189
0.0205
0.0403
0.0177
0.0202
0.0388
0.0192
0.0208
0.0368
0.0182
0.0218
0.0339
0.023
0.0244
0.0495
0.0196
0.0202
0.0409
0.0178
0.0199
0.0375
0.019
0.0199
0.0404
0.0181
0.0237
0.0401
0.0214
0.022
0.0436
0.0219
0.0226
0.0474
0.0239
0.021
0.0371
0.0193
0.0205
0.0404
0.0176
0.0194
0.0337
0.0188
0.0521
0.0364
0.02
0.0256
0.0441
0.0196
0.022
0.0405
0.0242
0.0217
0.0421
0.0169
0.0195
0.0498
0.0191
0.0204
0.0482
0.0169
0.0188
0.0432
0.018
0.0209
0.0361
0.016
0.024
0.0348
0.0232
0.0231
0.0531
0.0207
0.0219
0.0443
0.0194
0.0225
0.0452
0.0233
0.0223
0.04
0.0185
0.0203
0.0347
0.0175
0.0197
0.0342
0.0195
0.0211
0.0385
0.0176
0.0196
0.0358
0.0169
0.0191
0.0372
0.0169
0.0197
0.0365
0.0176
0.0195
0.0345
0.0199
0.0279
0.0385
0.0191
0.0203
0.0379
0.0189
0.0201
0.0359
0.0221
0.0214
0.0382
0.0176
0.02
0.034
0.0178
0.0195
0.0346
0.0226
0.0238
0.0455
0.0224
0.0216
0.0378
0.0173
0.0199
0.035
0.0175
0.0194
0.0332
0.0181
0.0199
0.0341
0.0175
0.0197
0.0342
0.0172
0.0192
0.035
0.0215
0.0198
0.0388
0.0224
0.0207
0.0417
0.0199
0.021
0.039
0.0218
0.0196
0.038
0.0186
0.0203
0.0429
0.0184
0.0202
0.0399
0.0182
0.0258
0.0441
0.021
0.0225
0.0427
0.0189
0.0233
0.0398
0.0211
0.0217
0.0444
0.0166
0.0232
0.037
0.018
0.0204
0.0405
0.0217
0.0265
0.0409
0.019
0.0207
0.0387
0.0217
0.0311
0.0424
0.0173
0.0195
0.037
0.0243
0.02
0.0391
0.0179
0.0199
0.0436
0.0151
0.0194
0.0369
0.0163
0.0195
0.0712
0.0186
0.0208
0.0401
0.0216
0.0214
0.0394
0.0183
0.0199
0.0395
0.0181
0.0199
0.0398
0.0171
0.0194
0.0379
0.0159
0.0188
0.0367
0.0187
0.0199
0.0411
0.0208
0.0218
0.0429
0.0174
0.0197
0.0365
0.0219
0.0199
0.0451
0.0211
0.022
0.0476
0.0181
0.0201
0.0392
0.0171
0.0199
0.0385
0.0174
0.0197
0.039
0.0168
0.0195
0.0347
0.0185
0.0205
0.0401
0.0191
0.0209
0.0437
0.0221
0.0271
0.0424
0.0201
0.0204
0.0427
0.0166
0.0188
0.0382
0.0163
0.02
0.039
0.0227
0.0219
0.0423
0.0194
0.0207
0.0432
0.0173
0.0203
0.0402
0.0292
0.0219
0.0421
0.0178
0.0204
0.0373
0.0239
0.0216
0.0424
0.0184
0.0198
0.0387
0.0166
0.0236
0.0373
0.018
0.0258
0.0439
0.0213
0.0272
0.0424
0.0181
0.0196
0.0424
0.021
0.0216
0.042
0.0183
0.0194
0.0394
0.0285
0.022
0.0415
0.0185
0.0198
0.0465
0.0215
0.0215
0.0427
0.0208
0.0211
0.0422
0.0196
0.0217
0.0449
0.0203
0.0215
0.0423
0.0245
0.0201
0.0386
0.0202
0.0216
0.0485
0.0181
0.0204
0.0378
0.0172
0.0196
0.0423
0.0196
0.0366
0.0436
0.0175
0.0254
0.0393
0.0212
0.022
0.0421
0.0178
0.0198
0.0396
0.0214
0.0295
0.0425
0.0185
0.0235
0.0389
0.0216
0.0217
0.0433
0.0208
0.0212
0.0425
0.0203
0.0212
0.042
0.0183
0.02
0.0403
0.0209
0.022
0.0425
0.0176
0.0196
0.0388
0.0205
0.0219
0.0428
0.0182
0.0202
0.0387
0.0201
0.021
0.0417
0.0181
0.0201
0.0389
0.0211
0.0223
0.0429
0.0179
0.02
0.0396
0.0176
0.0203
0.0384
0.0206
0.0219
0.0484
0.0189
0.0245
0.0394
0.0218
0.0218
0.0424
0.0185
0.02
0.0392
0.0218
0.022
0.0486
0.0209
0.0249
0.0436
0.0182
0.0205
0.0406
0.0199
0.0218
0.0424
0.0175
0.0201
0.0536
0.0295
0.0299
0.0426
0.018
0.0203
0.0388
0.0216
0.0282
0.0423
0.0181
0.02
0.0384
0.021
0.0221
0.0417
0.0173
0.0225
0.0391
0.0213
0.0216
0.0413
0.0179
0.0201
0.0397
0.016
0.0191
0.0393
0.018
0.0202
0.0393
0.0594
0.0217
0.0417
0.0189
0.0199
0.0385
0.0212
0.0218
0.0428
0.0181
0.0202
0.0394
0.0213
0.0218
0.0433
0.0174
0.0204
0.0397
0.0209
0.0222
0.0424
0.0182
0.0207
0.038
0.0217
0.0218
0.0424
0.0182
0.0204
0.0401
0.0202
0.0291
0.0429
0.0172
0.0203
0.0388
0.0195
0.0215
0.0425
0.017
0.0201
0.0388
0.0249
0.0214
0.0418
0.0179
0.0198
0.0439
0.0209
0.0217
0.0423
0.0177
0.02
0.04
0.023
0.0219
0.0409
0.0181
0.02
0.0449
0.0238
0.0275
0.0462
0.0181
0.0239
0.0398
0.0234
0.0241
0.0522
0.0204
0.0218
0.0394
0.0196
0.0213
0.0434
0.0219
0.0223
0.0407
0.0195
0.0246
0.0447
0.0212
0.0267
0.0471
0.0198
0.0232
0.0442
0.021
0.0275
0.0431
0.0212
0.0208
0.0382
0.0182
0.0204
0.036
0.0233
0.0229
0.0474
0.0183
0.0197
0.0399
0.0306
0.022
0.0419
0.0182
0.0196
0.04
0.0203
0.0248
0.042
0.0185
0.0232
0.0402
0.0251
0.024
0.0487
0.0199
0.0217
0.0432
0.0242
0.0236
0.0465
0.0217
0.0234
0.0477
0.0215
0.0223
0.0436
0.0525
0.0207
0.04
0.0213
0.0217
0.0434
0.0176
0.02
0.0436
0.0214
0.0212
0.0427
0.0202
0.0215
0.0421
0.0183
0.02
0.0393
0.0252
0.0202
0.0392
0.0205
0.021
0.043
0.018
0.0222
0.0404
0.021
0.0218
0.0431
0.0178
0.0198
0.0396
0.017
0.0197
0.037
0.0193
0.0206
0.0398
0.0213
0.0215
0.0412
0.0193
0.0202
0.0398
0.021
0.0225
0.0417
0.0155
0.0193
0.0373
0.0174
0.0199
0.0388
0.0211
0.0217
0.0426
0.0193
0.0238
0.0426
0.0186
0.0199
0.0415
0.0237
0.0218
0.0506
0.0183
0.0201
0.0393
0.0283
0.0215
0.0425
0.0204
0.0247
0.0428
0.0181
0.0236
0.0395
0.0255
0.0215
0.0429
0.0182
0.0229
0.0412
0.0257
0.0226
0.0434
0.021
0.0223
0.0415
0.0163
0.0192
0.0357
0.0218
0.03
0.041
0.0181
0.0206
0.037
0.0165
0.019
0.035
0.021
0.0211
0.0377
0.0185
0.0201
0.037
0.0177
0.0201
0.0346
0.0252
0.0242
0.0418
0.0253
0.0223
0.04
0.0182
0.0203
0.0373
0.0254
0.0249
0.0468
0.0187
0.0205
0.0403
0.0211
0.0213
0.0404
0.0254
0.0237
0.0439
0.0204
0.0216
0.0402
0.0185
0.0199
0.0367
0.0258
0.0241
0.0431
0.0204
0.0209
0.0396
0.0188
0.0207
0.0365
0.0255
0.0247
0.042
0.0199
0.0217
0.0402
0.0199
0.0217
0.0392
0.0244
0.0238
0.0445
0.0229
0.0227
0.0416
0.0187
0.0206
0.037
0.0255
0.0249
0.0437
0.0194
0.0206
0.0407
0.0206
0.0214
0.0402
0.0249
0.0228
0.045
0.0212
0.0221
0.0406
0.019
0.0198
0.0357
0.0256
0.0244
0.0458
0.0224
0.0227
0.041
0.0189
0.0202
0.0374
0.0247
0.0305
0.0486
0.0208
0.022
0.0412
0.0178
0.0224
0.0362

--------------------------------------
CodechalDecodeVp9G12::DecodeStateLevel
--------------------------------------
0.841
5.6191
0.3715
8.3926
5.9756
2.0078
2.4084
5.8323
0.2402
0.2989
6.2782
0.1914
0.2798
6.2333
0.2705
0.2598
5.7243
0.2259
0.3061
5.816
0.2365
0.3391
8.3205
0.2011
0.566
8.6771
0.1696
0.258
8.8625
0.1636
0.2612
0.2215
0.2345
0.2679
0.1928
0.1868
0.2642
0.2081
0.1911
0.2659
0.2106
0.2531
0.2599
0.2013
0.1893
0.2349
0.2062
0.1763
0.1677
0.1367
0.1221
0.1595
0.1452
0.1215
0.1581
0.1338
0.1218
0.142
0.1169
0.1244
0.1575
0.1313
0.1297
0.1576
0.1256
0.1299
0.153
0.1284
0.1218
0.1563
0.1236
0.1247
0.1422
0.131
0.119
0.1523
0.1265
0.1276
0.1585
0.1333
0.1213
0.1659
0.1239
0.1302
0.1436
0.1292
0.1177
0.148
0.1176
0.1237
0.1581
0.1277
0.1215
0.1505
0.1405
0.1339
0.1568
0.1286
0.1211
0.1531
0.1218
0.1299
0.1564
0.1278
0.122
0.1534
0.1215
0.128
0.1572
0.1371
0.1216
0.1406
0.1179
0.1236
0.16
0.1318
0.1241
0.1396
0.12
0.1231
0.1584
0.1312
0.1212
0.1437
0.1169
0.1213
0.1533
0.1349
0.1217
0.1403
0.1263
0.1157
0.1641
0.1295
0.124
0.2214
0.1399
0.1237
0.1574
0.1262
0.1238
0.1635
0.1326
0.1197
0.1371
0.1149
0.1195
0.1453
0.1181
0.124
0.1582
0.1329
0.1171
0.138
0.1157
0.1206
0.1447
0.117
0.1193
0.1561
0.1261
0.1218
0.1579
0.1286
0.1223
0.141
0.1278
0.116
0.1569
0.1247
0.1236
0.1577
0.1321
0.1205
0.1648
0.1263
0.1202
0.1619
0.1256
0.1194
0.1436
0.1291
0.1181
0.1664
0.1136
0.1154
0.156
0.1259
0.1191
0.1556
0.1262
0.1193
0.1646
0.1241
0.1218
0.1572
0.1333
0.1209
0.1566
0.13
0.1211
0.1455
0.1215
0.1172
0.1572
0.138
0.1226
0.1555
0.1269
0.1212
0.1523
0.1392
0.1243
0.1435
0.1221
0.1136
0.1549
0.1326
0.1215
0.1621
0.1329
0.1235
0.1591
0.1308
0.1273
0.1523
0.1267
0.1242
0.1558
0.1225
0.1251
0.16
0.1311
0.1208
0.1602
0.1239
0.1237
0.1416
0.1226
0.1145
0.1602
0.1231
0.1317
0.1533
0.1283
0.1206
0.1601
0.1305
0.1225
0.1562
0.1215
0.1222
0.1565
0.136
0.1217
0.1561
0.1265
0.1214
0.1548
0.1231
0.1237
0.1656
0.1272
0.1216
0.164
0.1264
0.1203
0.1565
0.1236
0.1177
0.1564
0.1298
0.1189
0.1531
0.1265
0.1176
0.1566
0.1242
0.1234
0.1527
0.1261
0.119
0.1553
0.1235
0.1242
0.1442
0.1244
0.1175
0.1609
0.1317
0.1254
0.1585
0.1239
0.1237
0.1569
0.1294
0.1206
0.1567
0.1269
0.12
0.1517
0.1241
0.1207
0.1555
0.1232
0.1291
0.1551
0.1215
0.1233
0.1568
0.1312
0.1209
0.1534
0.1285
0.1198
0.1589
0.1512
0.1291
0.1589
0.1232
0.123
0.1633
0.1228
0.1221
0.1689
0.1224
0.1225
0.1583
0.1297
0.1182
0.1599
0.1238
0.1241
0.1485
0.129
0.1164
0.1534
0.1317
0.1196
1.2251
0.1231
0.1216
0.1457
0.1157
0.1151
0.1547
0.1316
0.122
1.2378
0.1289
0.1259
0.1661
0.1383
0.1242
0.1505
0.128
0.1181
1.2648
0.1516
0.1294
0.1457
0.1214
0.1204
0.1411
0.1159
0.1172
1.3629
0.1834
0.1738
0.1559
0.1207
0.1223
0.1399
0.1202
0.1168
1.3017
0.1446
0.1195
0.1636
0.1293
0.1415
0.1447
0.1243
0.1148
1.3112
0.1451
0.1255
0.1803
0.1293
0.1293
0.1451
0.116
0.1141
0.1422
0.1162
0.1129
0.165
0.1292
0.1182
0.1589
0.1244
0.1341
1.3041
0.1552
0.1257
0.1566
0.1235
0.1133
0.1435
0.1156
0.1134
1.2677
0.1457
0.1292
0.1491
0.1194
0.1193
0.1405
0.1155
0.1197
1.2871
0.1527
0.1286
0.1794
0.1365
0.1268
0.1898
0.166
0.1706
0.1621
0.1299
0.1172
1.2991
0.1384
0.1229
0.1627
0.124
0.1243
0.1499
0.1193
0.1157
0.1941
0.1291
0.1247
0.1485
0.1176
0.1133
1.3041
0.1525
0.1429
0.1481
0.1209
0.1179
0.1794
0.1622
0.1738
0.1445
0.1198
0.1226
1.2918
0.1474
0.1242
0.1569
0.1224
0.1229
0.1581
0.1418
0.1229
1.2814
0.1477
0.1247
0.1638
0.1261
0.1238
0.9503
0.1292
0.1212
0.1524
0.1252
0.1202
0.1729
0.1629
0.1196
1.2795
0.1399
0.1177
0.1562
0.1223
0.1218
0.218
0.1878
0.1787
0.1617
0.1282
0.1165
1.2776
0.1393
0.1256
0.1507
0.1207
0.1217
0.1466
0.1218
0.118
1.2558
0.137
0.1201
0.1443
0.121
0.1186
0.1376
0.1143
0.1287
1.2941
0.1418
0.1206
0.1663
0.1285
0.1225
0.1442
0.125
0.1251
1.2764
0.156
0.1282
0.1608
0.1273
0.1206
0.1975
0.1309
0.1231
0.1485
0.12
0.1123
1.3388
0.1556
0.1277
0.1617
0.1274
0.1165
0.1618
0.127
0.1217
1.3126
0.1556
0.1292
0.1462
0.1145
0.1169
0.1553
0.1117
0.1155
1.2961
0.1474
0.1263
0.1606
0.1343
0.1218
0.1452
0.1187
0.1151
1.2757
0.1365
0.1222
0.2151
0.1958
0.1631
0.1418
0.1161
0.1157
1.259
0.1563
0.1278
0.1481
0.1252
0.1174
0.1952
0.1617
0.1697
1.2243
0.1452
0.1248
0.1663
0.1245
0.1211
0.1385
0.1161
0.1153
1.2773
0.1437
0.127
0.1659
0.124
0.1203
0.1716
0.1261
0.1219
1.3013
0.1412
0.1232
0.1826
0.1223
0.1159
0.2048
0.1259
0.1221
0.1498
0.1195
0.1197
0.1493
0.1154
0.1136
0.154
0.1207
0.1211
0.1796
0.1269
0.1212
0.1552
0.1268
0.1212
0.1787
0.1256
0.1176
0.1454
0.1124
0.1121
0.139
0.1161
0.1146
0.1487
0.121
0.1178
0.1419
0.115
0.1132
0.1489
0.1221
0.1253
0.1641
0.1179
0.1144
0.1509
0.1201
0.1153
0.1911
0.1428
0.1248
0.1621
0.1181
0.1141
1.3142
0.2039
0.1923
0.2021
0.1267
0.1318
0.1597
0.1275
0.1212
0.144
0.119
0.1256
0.1516
0.1176
0.1162
0.1638
0.1281
0.1228
0.1982
0.1255
0.1193
0.1746
0.1241
0.1231
0.1462
0.1217
0.1154
0.2536
0.1308
0.1214
0.1424
0.1157
0.1216
1.251
0.1495
0.1281
0.1656
0.1238
0.1221
0.1438
0.1207
0.1207
0.1664
0.1239
0.1228
0.1425
0.1207
0.1141
0.1934
0.1349
0.1237
0.1599
0.1245
0.1147
1.2945
0.1493
0.1258
0.1624
0.1238
0.1231
0.2119
0.1402
0.1263
0.1583
0.1252
0.1261
1.2591
0.147
0.1237
0.203
0.1852
0.17
0.1425
0.1322
0.1184
1.2871
0.1455
0.1243
0.162
0.1268
0.1259
0.148
0.1061
0.1075
1.2834
0.1473
0.1239
0.1584
0.1243
0.1223
0.1589
0.1226
0.1233
0.1677
0.1236
0.1211
0.1661
0.1185
0.114
0.1726
0.1193
0.118
0.1758
0.1249
0.1206
0.7583
0.123
0.1254
0.1578
0.1265
0.1198
0.2671
0.1264
0.117
0.1863
12.11
0.1458
4.3657
0.1568
0.1379
0.1672
0.124
0.1213
0.158
0.1234
0.1187
0.1474
0.1196
0.1148
0.1596
0.1333
0.1253
0.2237
0.1452
0.1203
0.2271
0.2121
0.1698
0.1406
0.1149
0.1218
1.2894
0.1537
0.1283
0.149
0.12
0.1167
0.1566
0.1245
0.1279
1.29
0.1495
0.1311
0.1657
0.1302
0.1177
0.1513
0.1193
0.1159
1.2983
0.1617
0.1296
0.1513
0.1139
0.113
0.142
0.115
0.1209
1.296
0.1458
0.129
0.1482
0.1249
0.1212
0.1388
0.1148
0.1173
1.2956
0.1448
0.1293
0.142
0.1176
0.1129
0.1421
0.117
0.1237
1.2829
0.1448
0.1251
0.1598
0.1266
0.1224
0.1508
0.1221
0.1316
1.2832
0.1468
0.1288
0.1469
0.1173
0.1214
0.1563
0.1254
0.1381
1.2865
0.1476
0.1275
0.1521
0.1167
0.1156
0.1462
0.1147
0.1236
1.3037
0.1606
0.1312
0.149
0.1172
0.1283
0.1471
0.1238
0.1255
1.3054
0.1479
0.1278
0.1432
0.1177
0.114
0.1435
0.119
0.124
1.3139
0.1832
0.1295
0.1467
0.1189
0.1228
0.1402
0.1162
0.1223
1.3316
0.1546
0.1291
0.1471
0.1182
0.1243
0.1387
0.1166
0.1213
1.2949
0.1453
0.1251
0.1486
0.1186
0.13
16.562
0.1402
0.1207
0.1482
0.1243
0.1182
0.147
0.1182
0.1173
0.1643
0.1049
0.1047
18.0945
0.1537
0.1288
0.153
0.1171
0.1178
0.1594
0.1255
0.1226
1.2797
0.1401
0.1217
0.1586
0.1255
0.1328
0.1434
0.1173
0.1243
1.2891
0.1526
0.1378
0.1418
0.1178
0.1173
0.1406
0.1189
0.1271
1.3187
0.1556
0.1302
0.1407
0.1141
0.1138
0.1415
0.1145
0.1156
1.2852
0.1467
0.1231
0.1578
0.1233
0.1206
0.1464
0.1187
0.129
1.2677
0.1438
0.1233
0.1664
0.1257
0.1237
0.14
0.1171
0.1173
1.3124
0.1488
0.1244
0.1438
0.1152
0.1139
0.1508
0.1173
0.118
1.2658
0.143
0.125
0.1634
0.1267
0.122
0.1486
0.1174
0.1228
1.2791
0.1339
0.1174
0.1614
0.1228
0.1109
0.1426
0.1205
0.1182
0.1394
0.118
0.1293
0.141
0.115
0.1248
0.1392
0.1141
0.1216
0.1385
0.1147
0.1216
0.1425
0.1179
0.124
0.1397
0.1156
0.1195
0.1434
0.1161
0.1126
0.1405
0.118
0.1136
0.1515
0.1213
0.1337
0.1418
0.1156
0.133
0.1575
0.1199
0.1207
0.1448
0.1154
0.1182
0.2024
0.1323
0.1208
0.1486
0.1156
0.1171
0.1411
0.119
0.117
0.1452
0.1193
0.1265
0.1453
0.1182
0.1209
0.1592
0.1264
0.1222
0.1776
0.1242
0.1246
0.1776
0.119
0.1138
0.1594
0.1162
0.1239
0.1402
0.1164
0.1204
0.1466
0.1552
0.1198
0.1793
0.1289
0.1163
0.1696
0.1255
0.1207
0.1866
0.144
0.1177
0.1582
0.1183
0.1116
0.156
0.1186
0.1215
0.1487
0.1144
0.1146
0.1592
0.1183
0.1215
0.1376
0.1121
0.1171
0.2042
0.1306
0.1244
0.1606
0.1253
0.1207
0.1762
12.593
0.105
4.4367
0.1374
0.1224
0.148
0.1215
0.1264
0.1422
0.1182
0.1186
0.1592
0.1194
0.1243
0.1433
0.1169
0.1207
0.1373
0.1151
0.119
0.1392
0.1307
0.1209
0.1412
0.1164
0.1199
0.158
0.1222
0.1177
0.1885
0.1183
0.114
0.1448
0.1231
0.1178
0.1857
0.1399
0.1141
0.1529
0.1167
0.1234
0.1415
0.1145
0.1236
0.1964
0.1316
0.1185
0.1686
0.1348
0.1209
0.1381
0.1159
0.1292
0.1388
0.1154
0.1274
0.1431
0.1168
0.1228
0.1382
0.1213
0.1163
0.1372
0.1163
0.1141
0.1375
0.1179
0.1262
0.1445
0.1199
0.1248
0.1558
0.1211
0.1184
0.1403
0.1197
0.1122
0.1443
0.1246
0.1158
0.1439
0.1169
0.1151
0.1439
0.117
0.1196
0.1546
0.1278
0.1238
0.1426
0.117
0.1267
0.1539
0.1366
0.1223
0.1411
0.1144
0.1126
0.1428
0.1194
0.1285
0.1563
0.1266
0.1301
0.1502
0.1193
0.1164
0.1573
0.1236
0.1307
0.1365
0.1133
0.1213
0.1396
0.1176
0.1156
0.1403
0.1168
0.1229
0.1362
0.1269
0.1116
0.1406
0.1159
0.1112
0.1508
0.1268
0.1206
0.1587
0.1241
0.1193
0.1429
0.1166
0.1302
0.1443
0.1163
0.1251
0.1388
0.1137
0.1147
0.1384
0.1127
0.1246
0.1453
0.1169
0.1179
0.1573
0.1246
0.1217
0.1411
0.1146
0.1204
0.1402
0.1214
0.1152
0.1521
0.1234
0.1277
0.1435
0.1168
0.1297
0.1381
0.1164
0.1133
0.1374
0.1164
0.129
0.1383
0.1137
0.1207
0.1462
0.1168
0.115
0.1456
0.122
0.1256
0.1548
0.1262
0.1237
0.1529
0.1207
0.1235
0.1594
0.1098
0.1113
0.1369
0.1264
0.1263
0.1509
0.1248
0.1202
0.1434
0.1207
0.1355
0.1385
0.116
0.1241
0.1454
0.1243
0.1204
0.1385
0.1163
0.1188
0.1504
0.1282
0.1333
0.1379
0.1174
0.124
0.1439
0.118
0.1146
0.1445
0.1187
0.1265
0.1519
0.1232
0.1217
0.144
0.117
0.1181
0.1492
0.1238
0.1345
0.1398
0.1161
0.1229
0.1485
0.127
0.122
0.1407
0.1184
0.1213
0.1523
0.1256
0.1284
0.1531
0.1247
0.1207
0.1514
0.1234
0.133
0.1464
0.1222
0.1267
0.1349
0.1185
0.1184
0.1459
0.125
0.1205
0.1378
0.1161
0.1257
0.1662
0.1134
0.1106
0.1502
0.1229
0.1265
0.1418
0.1181
0.123
0.1613
0.1246
0.1218
0.1407
0.1156
0.1291
0.1521
0.124
0.1232
0.1443
0.1168
0.1163
0.1507
0.1249
0.1396
0.1485
0.1216
0.1298
0.1527
0.1219
0.1253
0.1397
0.1186
0.134
0.1523
0.1237
0.1301
0.1413
0.1174
0.1146
0.1532
0.127
0.1335
0.1421
0.1173
0.127
0.1827
0.1195
0.1165
0.1423
0.1188
0.1319
0.1545
0.1341
0.1239
0.1459
0.1185
0.1184
0.1446
0.1171
0.1289
0.1534
0.1233
0.1297
0.1447
0.1192
0.1172
0.1537
0.1246
0.1322
0.1453
0.1167
0.1244
0.1562
0.1247
0.1202
0.1478
0.1212
0.1335
0.142
0.1172
0.1213
0.1467
0.1368
0.1207
0.1425
0.1171
0.1158
0.1541
0.1261
0.1216
0.1447
0.1195
0.1166
0.156
0.1249
0.1284
0.1406
0.1141
0.1228
0.1564
0.1241
0.1209
0.1398
0.1171
0.1279
0.1517
0.1239
0.1301
0.142
0.1169
0.1163
0.1508
0.1053
0.1015
0.139
0.1223
0.1225
0.1459
0.1254
0.1202
0.1381
0.118
0.1281
0.1495
0.1247
0.1301
0.1421
0.121
0.1179
0.1545
0.1236
0.1334
0.1399
0.1171
0.1223
0.1643
0.1278
0.1218
0.1418
0.1251
0.1232
0.1614
0.1265
0.1214
0.1413
0.1168
0.1322
0.1516
0.1252
0.1229
0.1424
0.1172
0.113
0.1448
0.1213
0.1318
0.1392
0.1166
0.1216
0.1477
0.127
0.1206
0.1402
0.1175
0.1192
0.1473
0.1243
0.1337
0.1357
0.1163
0.1231
0.1476
0.1327
0.1206
0.1411
0.1167
0.1175
0.1802
0.1292
0.1217
0.1437
0.1157
0.1166
0.1987
0.1338
0.1238
0.1617
0.1254
0.1272
0.1688
0.1199
0.1234
0.1539
0.1279
0.1344
0.1551
0.1296
0.1271
0.1777
0.13
0.1286
0.1649
0.1196
0.1231
0.1733
0.1244
0.1174
0.1529
0.1197
0.1243
0.1443
0.1192
0.1203
0.1916
0.13
0.1303
0.142
0.1165
0.1229
0.1532
0.1242
0.1259
0.1458
0.1174
0.1182
0.1535
0.1268
0.1217
0.1425
0.1179
0.1221
0.199
0.1296
0.1228
0.166
0.1296
0.1198
0.1855
0.1354
0.1248
0.1846
0.1382
0.1225
0.1604
0.1332
0.1235
0.1931
0.1181
0.1174
0.1547
0.1252
0.1369
0.1413
0.1167
0.1288
0.1559
0.1251
0.1221
0.1541
0.1234
0.135
0.1387
0.1168
0.1239
0.1402
0.1186
0.1189
0.1481
0.1225
0.1321
0.1425
0.1227
0.1165
0.1612
0.123
0.1197
0.1413
0.1171
0.1354
0.137
0.1146
0.1246
0.149
0.119
0.1191
0.1536
0.1234
0.1342
0.1431
0.1167
0.1274
0.162
0.1252
0.121
0.1506
0.1057
0.1012
0.149
0.1178
0.1248
0.1521
0.1228
0.1195
0.147
0.1235
0.1478
0.1458
0.125
0.1185
0.1525
0.1261
0.1206
0.1407
0.1162
0.1262
0.149
0.1258
0.12
0.1487
0.1223
0.1296
0.1394
0.1175
0.1218
0.1496
0.1249
0.1216
0.1415
0.1175
0.1147
1.2542
0.133
0.1169
0.1528
0.123
0.1193
0.1358
0.1116
0.1121
1.2321
0.1269
0.1229
0.1457
0.1209
0.1223
0.1388
0.114
0.1235
1.2229
0.1234
0.1231
0.1466
0.1184
0.1193
0.138
0.1142
0.1136
1.3089
0.1452
0.1235
0.1635
0.1226
0.1171
0.145
0.1208
0.1176
1.2773
0.1444
0.1239
0.1499
0.1188
0.1172
0.1522
0.123
0.1264
1.3108
0.149
0.1244
0.1568
0.1229
0.1199
0.1464
0.1171
0.1216
1.2841
0.1442
0.1229
0.1618
0.1222
0.1192
0.1459
0.1194
0.1173
1.3027
0.1433
0.1239
0.155
0.1228
0.1227
0.1575
0.1286
0.1164
1.2662
0.1429
0.1195
0.1618
0.1372
0.1228
0.1476
0.1179
0.1231
1.2884
0.145
0.1236
0.1507
0.1215
0.119
0.157
0.1289
0.1169
1.2813
0.1379
0.1187
0.1582
0.1287
0.1245
0.1447
0.1176
0.1264
1.2707
0.1444
0.1243
0.1622
0.1284
0.1226
0.1472
0.1179
0.1222
1.3179
0.154
0.1271
0.1702
0.1238
0.1213
0.1414
0.1159
0.1186

--------------------------
CreateVideoDecoder_D3D11_1
--------------------------
21.0681

---------------------------
DestroyVideoDecoder_D3D11_1
---------------------------
0

----------------
First Frame Time
----------------
75.266

--------------------------------------
VideoDecoderBeginFrame_WDDM2_4_D3D11_1
--------------------------------------
0.0062
0.0029
0.0033
0.0024
0.0027
0.0024
0.0029
0.0021
0.0034
0.0031
0.0022
0.0019
0.002
0.0028
0.0019
0.0022
0.0022
0.002
0.002
0.0029
0.0018
0.002
0.0019
0.002
0.0019
0.0025
0.002
0.0019
0.003
0.002
0.0019
0.002
0.0019
0.0023
0.0019
0.0019
0.0019
0.0017
0.0017
0.0017
0.002
0.0019
0.0024
0.002
0.0025
0.004
0.0022
0.0021
0.0019
0.0018
0.0019
0.0016
0.0017
0.002
0.002
0.0019
0.0019
0.0018
0.0018
0.0019
0.0016
0.002
0.002
0.0121
0.002
0.002
0.0019
0.0022
0.0022
0.0022
0.0022
0.0026
0.0021
0.0019
0.0021
0.002
0.0019
0.0023
0.0021
0.0024
0.0018
0.0025
0.0024
0.002
0.0023
0.0019
0.0021
0.0021
0.0017
0.0022
0.0024
0.0022
0.0024
0.0023
0.0069
0.002
0.0025
0.0021
0.0024
0.0026
0.002
0.002
0.002
0.0024
0.0034
0.0025
0.0023
0.0027
0.0022
0.002
0.0018
0.0024
0.0022
0.0027
0.0018
0.0017
0.0018
0.0028
0.0027
0.0023
0.0025
0.0022
0.002
0.003
0.0021
0.0018
0.0028
0.0019
0.003
0.0037
0.0024
0.0029
0.0027
0.0022
0.0019
0.0028
0.002
0.0025
0.0026
0.0021
0.0031
0.0062
0.0027
0.0026
0.0024
0.0035
0.0029
0.0033
0.0018
0.002
0.0028
0.003
0.0021
0.0017
0.0027
0.0025
0.0019
0.0028
0.0027
0.0023
0.0032
0.0021
0.0025
0.0036
0.0028
0.006
0.0029
0.002
0.0021
0.0026
0.0018
0.0023
0.0028
0.002
0.0028
0.0028
0.0033
0.0022
0.0019
0.0027
0.0023
0.0024
0.0025
0.002
0.0017
0.0029
0.0021
0.0034
0.0033
0.002
0.0018
0.0027
0.0028
0.0027
0.003
0.002
0.0034
0.0028
0.0024
0.0031
0.0033
0.0041
0.003
0.0017
0.0028
0.0019
0.0018
0.003
0.0023
0.0019
0.0018
0.0039
0.0017
0.0019
0.0017
0.0036
0.0022
0.0026
0.0036
0.0032
0.0018
0.0018
0.0018
0.0038
0.0019
0.0016
0.0042
0.002
0.0019
0.0017
0.0018
0.0017
0.0016
0.0033
0.0029
0.002
0.0024
0.0037
0.0024
0.003
0.003
0.0021
0.0018
0.0028
0.0019
0.0032
0.0029
0.0028
0.0025
0.0025
0.0021
0.0018
0.0017
0.0018
0.0044
0.0024
0.0027
0.0029
0.002
0.0023
0.0021
0.0043
0.003
0.002
0.0029
0.0027
0.0025
0.0017
0.003
0.0021
0.0019
0.0027
0.0021
0.0019
0.0028
0.0021
0.0019
0.0023
0.002
0.0018
0.0026
0.0022
0.0018
0.0025
0.0022
0.002
0.0027
0.0021
0.0022
0.0028
0.0021
0.002
0.0026
0.002
0.0019
0.0026
0.0019
0.0019
0.0025
0.0021
0.0017
0.0029
0.0023
0.0035
0.0022
0.0024
0.0027
0.0027
0.0022
0.0018
0.0025
0.002
0.0019
0.0024
0.002
0.0021
0.0051
0.0021
0.0021
0.003
0.0019
0.0017
0.0028
0.0019
0.0018
0.0028
0.0019
0.003
0.0029
0.0022
0.0017
0.0027
0.0022
0.0018
0.0017
0.0017
0.0017
0.0017
0.0015
0.0016
0.0016
0.0019
0.0017
0.0027
0.0021
0.0038
0.0028
0.002
0.0022
0.0018
0.0019
0.003
0.0024
0.0022
0.0018
0.0018
0.003
0.0022
0.0029
0.0018
0.0021
0.002
0.002
0.0018
0.0031
0.0024
0.0021
0.0028
0.0027
0.002
0.0027
0.0021
0.0017
0.0017
0.0017
0.0027
0.0028
0.0024
0.003
0.002
0.0018
0.0035
0.0024
0.0016
0.0016
0.0016
0.0016
0.0015
0.0016
0.0018
0.0018
0.0025
0.0021
0.0019
0.002
0.0017
0.0016
0.0019
0.0016
0.0016
0.0018
0.0018
0.0018
0.0016
0.0017
0.0018
0.0017
0.0018
0.0019
0.0019
0.0017
0.0017
0.0016
0.0018
0.0017
0.0017
0.0016
0.0015
0.0016
0.0015
0.0015
0.0019
0.0016
0.0016
0.0016
0.0017
0.0018
0.0018
0.0015
0.0017
0.0018
0.0017
0.0016
0.0016
0.0016
0.0016
0.0016
0.0015
0.0019
0.0017
0.0015
0.0017
0.0015
0.0016
0.0016
0.0017
0.0018
0.0017
0.0017
0.0025
0.0016
0.0018
0.002
0.0016
0.0017
0.0017
0.0018
0.0015
0.0017
0.0017
0.0016
0.0016
0.0017
0.0016
0.0017
0.0015
0.0019
0.0016
0.0017
0.0016
0.0017
0.0017
0.0017
0.0017
0.0051
0.0016
0.0016
0.0016
0.0015
0.0016
0.0018
0.0018
0.0017
0.0018
0.0018
0.0016
0.0017
0.0016
0.002
0.0016
0.0018
0.0017
0.0016
0.0016
0.0016
0.0015
0.0019
0.0017
0.0016
0.0015
0.0016
0.0016
0.0056
0.0015
0.0015
0.0017
0.0016
0.0016
0.0017
0.0016
0.0031
0.0022
0.0037
0.0026
0.0024
0.0017
0.0018
0.0024
0.0019
0.0031
0.0021
0.0019
0.0022
0.0016
0.0016
0.0024
0.0019
0.0016
0.0027
0.0024
0.0025
0.0032
0.0022
0.0019
0.0018
0.0017
0.0017
0.0017
0.0016
0.0015
0.0019
0.0017
0.002
0.0018
0.0016
0.0015
0.0019
0.0017
0.0017
0.0019
0.0015
0.0018
0.0016
0.0017
0.0017
0.0014
0.0016
0.0016
0.0016
0.0018
0.0016
0.0033
0.0024
0.0022
0.002
0.0019
0.0017
0.0016
0.0017
0.0019
0.0017
0.003
0.002
0.0019
0.003
0.0021
0.0019
0.0031
0.002
0.0019
0.0029
0.0023
0.0019
0.0031
0.0026
0.0022
0.0027
0.0022
0.0015
0.0029
0.0027
0.0029
0.0028
0.002
0.0029
0.0028
0.0022
0.0017
0.0028
0.0022

----------------------------
VideoDecoderEndFrame_D3D11_1
----------------------------
0.0392
0.0612
0.0744
0.0714
0.0693
0.0619
0.0652
0.0724
0.0696
0.0675
0.0781
0.0693
0.0683
0.0748
0.0793
0.0684
0.0605
0.06
0.0578
0.0592
0.0601
0.059
0.0586
0.0597
0.056
0.0608
0.0591
0.0604
0.0581
0.0585
0.0595
0.0614
0.0599
0.0585
0.0589
0.0611
0.059
0.058
0.0601
0.0582
0.062
0.0594
0.0595
0.0582
0.0628
0.067
0.0588
0.0619
0.0554
0.058
0.0572
0.0538
0.0582
0.0641
0.0608
0.0602
0.0625
0.0593
0.0649
0.0626
0.0576
0.06
0.0609
0.0705
0.0587
0.0604
0.0611
0.0618
0.0591
0.0599
0.0593
0.0552
0.0611
0.0617
0.0612
0.0592
0.0595
0.0585
0.0601
0.0576
0.061
0.0584
0.0591
0.0598
0.0607
0.0611
0.0613
0.0607
0.0606
0.0591
0.0587
0.0603
0.0602
0.0594
0.064
0.0584
0.0601
0.0624
0.0588
0.0584
0.0586
0.06
0.062
0.0589
0.0606
0.0576
0.0601
0.0634
0.0606
0.0596
0.0599
0.0613
0.0715
0.0726
0.0586
0.0549
0.0583
0.0725
0.055
0.0602
0.0645
0.0593
0.0839
0.06
0.0533
0.0693
0.0578
0.0536
0.0733
0.0607
0.0559
0.0564
0.0623
0.0584
0.0596
0.068
0.0585
0.0627
0.0543
0.0529
0.0656
0.0674
0.0768
0.0561
0.0671
0.0612
0.0622
0.0651
0.0536
0.0757
0.0678
0.0798
0.057
0.062
0.0596
0.0609
0.0699
0.0551
0.0576
0.0565
0.0563
0.064
0.0548
0.0833
0.0584
0.0696
0.0601
0.0537
0.0684
0.0547
0.0536
0.0698
0.0642
0.0571
0.0702
0.0645
0.0681
0.0529
0.0734
0.0627
0.0559
0.0726
0.0539
0.0529
0.0725
0.069
0.0532
0.0837
0.0619
0.0588
0.0621
0.0548
0.0749
0.0931
0.0633
0.0561
0.0674
0.0644
0.0657
0.0763
0.0651
0.0639
0.0675
0.0599
0.0563
0.0634
0.0555
0.0701
0.0666
0.0572
0.0595
0.0557
0.0755
0.0693
0.055
0.0693
0.0532
0.0899
0.0585
0.0583
0.0538
0.0554
0.0603
0.0723
0.0654
0.0541
0.0636
0.0537
0.0658
0.0576
0.0586
0.0595
0.0579
0.0633
0.0622
0.0675
0.0566
0.064
0.0541
0.092
0.0614
0.0541
0.071
0.059
0.0529
0.0723
0.0622
0.058
0.0596
0.0584
0.0547
0.0554
0.0566
0.056
0.0556
0.061
0.0677
0.0586
0.0653
0.0585
0.0612
0.0617
0.0857
0.0541
0.0602
0.0658
0.0553
0.0609
0.0672
0.0569
0.0634
0.0556
0.0537
0.069
0.0547
0.0534
0.0698
0.0536
0.0536
0.0657
0.066
0.0539
0.0675
0.0544
0.0543
0.0685
0.0606
0.0637
0.0708
0.055
0.0532
0.067
0.0545
0.0532
0.0609
0.0552
0.0541
0.0622
0.0545
0.0533
0.0709
0.0652
0.0614
0.0594
0.0526
0.0528
0.0695
0.0574
0.0539
0.0728
0.0628
0.0536
0.0712
0.0592
0.0533
0.0648
0.058
0.0536
0.062
0.0601
0.053
0.0675
0.058
0.0529
0.0718
0.0546
0.0523
0.0751
0.0642
0.0529
0.0696
0.0544
0.0564
0.0549
0.0541
0.0555
0.0558
0.0625
0.0542
0.0548
0.0545
0.0554
0.0542
0.0601
0.0588
0.0615
0.0591
0.0525
0.0536
0.0595
0.0541
0.0666
0.0576
0.0593
0.0571
0.0575
0.0612
0.0571
0.0706
0.0562
0.061
0.0521
0.0587
0.0608
0.0621
0.0551
0.0657
0.0623
0.0565
0.0586
0.06
0.0543
0.0576
0.053
0.0538
0.0586
0.0613
0.053
0.0627
0.0568
0.0555
0.0672
0.0562
0.0547
0.0558
0.0588
0.0552
0.0606
0.0567
0.0606
0.0578
0.0586
0.0561
0.0636
0.0574
0.0593
0.0567
0.059
0.0555
0.0582
0.0542
0.0587
0.0617
0.0556
0.0584
0.0629
0.0595
0.0594
0.0574
0.0667
0.0621
0.0576
0.0565
0.0638
0.0584
0.0617
0.0544
0.0574
0.0618
0.0569
0.0558
0.0617
0.0547
0.0574
0.063
0.0593
0.0608
0.0533
0.0582
0.0638
0.058
0.0566
0.0584
0.0641
0.0609
0.0612
0.0551
0.064
0.0593
0.0576
0.0592
0.059
0.0585
0.0569
0.0586
0.0596
0.059
0.061
0.0573
0.0599
0.0555
0.0587
0.058
0.058
0.0667
0.0616
0.059
0.0584
0.0606
0.0592
0.059
0.0639
0.0599
0.0564
0.068
0.0558
0.0653
0.0647
0.058
0.059
0.0554
0.0586
0.0553
0.0598
0.0619
0.0585
0.0628
0.056
0.0605
0.0623
0.0633
0.0668
0.0653
0.0571
0.0586
0.0571
0.0607
0.0568
0.0617
0.056
0.0592
0.0554
0.0579
0.0563
0.0599
0.0562
0.0582
0.0567
0.0585
0.0629
0.0583
0.0561
0.0611
0.0586
0.0581
0.0634
0.058
0.056
0.0592
0.0602
0.0612
0.0576
0.0663
0.0568
0.0593
0.0588
0.0611
0.0641
0.0595
0.0623
0.0602
0.0615
0.0597
0.0573
0.0592
0.0585
0.0617
0.0595
0.0637
0.0572
0.0615
0.0638
0.0635
0.0686
0.0603
0.0557
0.0586
0.0615
0.0565
0.0576
0.0604
0.0557
0.0663
0.0563
0.0549
0.0573
0.059
0.0563
0.0603
0.0615
0.0589
0.0594
0.0624
0.0584
0.0622
0.0571
0.0581
0.0583
0.056
0.058
0.0526
0.0657
0.0557
0.0524
0.056
0.0535
0.0525
0.0576
0.0537
0.0527
0.0751
0.0558
0.054
0.0675
0.0543
0.0551
0.072
0.0556
0.0525
0.0728
0.0603
0.0536
0.0729
0.057
0.0582
0.0692
0.0553
0.0535
0.068
0.0545
0.0575
0.0673
0.0557
0.0539
0.068
0.0672
0.0535
0.0721
0.0617
0.0532

---------------------------------
VideoDecoderSubmitBuffers_D3D11_1
---------------------------------
8.3671
16.6103
8.6607
6.9328
7.1514
6.5608
6.5321
9.0239
9.6646
9.446
0.8879
0.8052
0.8259
0.9304
0.8916
0.8775
0.5791
0.5702
0.558
0.5135
0.5583
0.5719
0.5495
0.5544
0.5205
0.5499
0.5579
0.5638
0.5216
0.5277
0.554
0.5779
0.5548
0.5446
0.5469
0.5431
0.566
0.5238
0.558
0.5154
0.5545
0.5155
0.5568
0.5114
0.5888
0.683
0.5512
0.5581
0.4928
0.5115
0.5397
0.493
0.5155
0.5484
0.5473
0.5123
0.5438
0.5484
0.5539
0.5455
0.526
0.5399
0.5461
0.5535
0.5515
0.5508
0.5519
0.52
0.5535
0.5372
0.5709
0.5088
0.5439
0.5607
0.5569
0.5413
0.5419
0.5559
0.548
0.5048
0.5564
0.5403
0.554
0.5364
0.5558
0.5421
0.5408
0.5571
0.5557
0.5353
0.5462
0.5385
0.5513
0.5383
0.5484
0.5188
0.5604
0.5459
0.5491
0.5434
0.5316
0.5482
0.5452
0.551
0.5431
0.5824
0.5518
0.5506
0.5541
0.5468
0.5497
0.5367
0.5447
1.6296
0.5044
0.5492
1.7148
0.5843
0.5358
1.7065
0.5266
0.4993
2.0566
0.542
0.502
1.8243
0.589
0.5077
1.8015
0.6121
0.5051
0.4981
0.564
0.5633
1.7632
0.5509
0.4975
1.8746
0.5266
0.4983
1.9401
0.6165
0.6935
0.5597
1.825
0.5616
0.5282
0.6479
0.5069
1.7581
0.524
0.6913
0.5145
1.9036
0.5543
0.5677
1.7257
0.5675
1.3696
0.54
0.6259
1.7102
0.5519
0.7814
0.5547
1.7319
0.5434
0.5248
1.6784
0.5171
0.5044
1.8993
0.5726
0.5231
1.7314
0.5699
0.6232
0.512
2.0604
0.5586
0.5578
1.8063
0.5099
0.5156
1.9199
0.5731
0.5179
1.729
0.7572
0.4998
1.6945
0.5361
0.7024
1.6558
0.5693
0.4961
1.8148
0.5706
0.5639
1.7438
0.5847
0.633
0.5293
0.5099
0.5354
1.1256
1.1365
0.5842
0.4938
0.4892
0.5363
0.5019
0.5294
0.5439
1.1185
0.6436
0.5318
1.9026
0.6384
0.5618
1.1032
1.0729
0.568
0.6324
0.5837
0.5169
0.7027
0.5089
1.6837
0.5582
1.0996
1.1199
1.0919
0.628
0.5546
1.7717
1.1157
0.6781
0.5606
1.7106
0.7274
0.5191
1.7938
0.5578
0.4811
2.0247
0.5509
1.4916
1.1023
1.0795
1.1371
1.1156
1.1379
1.1432
0.7065
13.1768
4.8252
0.5718
0.5392
0.5104
0.5761
0.681
0.8078
0.4971
1.8688
0.5318
0.5503
1.8834
0.5668
0.5308
1.9318
0.5124
0.5019
1.8065
0.5303
0.491
2.0066
0.4991
0.5189
2.0228
0.5545
0.5452
1.9222
0.5216
0.5658
1.9093
0.5233
0.5117
1.8557
0.5314
0.524
1.9213
0.5015
0.5156
2.0762
0.5206
0.4993
2.0969
0.5306
0.4973
2.0549
0.7182
16.9837
0.5325
0.5208
0.6632
18.5902
0.5326
0.5501
1.8759
0.5648
0.5097
1.9717
0.5053
0.5156
2.0547
0.517
0.5034
1.7898
0.5531
0.5219
1.8862
0.5768
0.4987
2.0091
0.5101
0.5144
1.9788
0.5708
0.5198
1.9147
0.5228
0.5092
0.5063
0.5083
0.4958
0.4955
0.528
0.495
0.4877
0.5034
0.5383
0.5168
0.5508
0.5098
0.6312
0.5232
0.5053
0.5211
0.519
0.5502
0.594
0.5566
0.5338
0.5446
0.63
0.5855
0.5575
0.6084
0.5783
0.5421
0.5145
0.5271
0.4891
0.6388
0.5568
13.3922
4.8492
0.5322
0.5019
0.5516
0.5083
0.4923
0.5101
0.4982
0.5483
0.5702
0.5151
0.5929
0.5199
0.5023
0.623
0.5693
0.5042
0.4975
0.5043
0.4932
0.489
0.5072
0.5228
0.5303
0.5097
0.5176
0.5082
0.5189
0.5476
0.5175
0.5562
0.4896
0.517
0.5595
0.519
0.5624
0.4901
0.5026
0.5165
0.509
0.5249
0.5299
0.5391
0.5179
0.5171
0.4853
0.4944
0.5143
0.5414
0.4941
0.511
0.5437
0.5122
0.4843
0.5073
0.4936
0.5047
0.5251
0.5448
0.5256
0.5025
0.511
0.5301
0.5273
0.4989
0.5264
0.4916
0.544
0.4967
0.4997
0.5245
0.5376
0.5041
0.5398
0.4981
0.5377
0.5079
0.5379
0.5263
0.5391
0.5225
0.4957
0.5505
0.4964
0.5201
0.5519
0.5141
0.5509
0.5108
0.5417
0.5021
0.5486
0.5305
0.5281
0.5134
0.5369
0.4903
0.5492
0.5075
0.5577
0.5186
0.5543
0.5054
0.5121
0.5447
0.5071
0.5438
0.5171
0.5391
0.5384
0.5015
0.5352
0.5143
0.5521
0.5133
0.5558
0.5019
0.5364
0.5087
0.5382
0.4946
0.4792
0.5049
0.5608
0.5045
0.5355
0.4992
0.5478
0.5001
0.5561
0.5136
0.546
0.514
0.54
0.4912
0.5258
0.4957
0.5302
0.5021
0.5371
0.4933
0.5306
0.504
0.6079
0.5147
0.6337
0.5574
0.5591
0.5539
0.5546
0.598
0.5517
0.5774
0.5276
0.505
0.6024
0.5024
0.5489
0.505
0.5466
0.5121
0.6217
0.5615
0.6028
0.6136
0.5641
0.59
0.5529
0.5135
0.5351
0.5433
0.499
0.5078
0.537
0.5127
0.5451
0.5199
0.4954
0.5145
0.5477
0.5146
0.544
0.4788
0.5158
0.5271
0.5501
0.5195
0.5486
0.5047
0.5332
0.5351
0.5017
0.5312
0.504
1.9879
0.5367
0.4844
1.7245
0.5201
0.4967
1.9216
0.5145
0.4894
2.0388
0.5634
0.5144
1.9348
0.5291
0.543
1.9391
0.5505
0.516
1.9086
0.5563
0.5151
1.9029
0.5484
0.5475
1.8524
0.5781
0.5221
1.9301
0.5398
0.5496
1.8859
0.5614
0.5159
1.8809
0.5667
0.5207
1.9826
0.5676
0.5063

