---------------------------------------------
CalcPrivateVideoDecoderOutputViewSize_D3D11_1
---------------------------------------------
0.0022
0.0017
0.0013
0.0013
0.002
0.0009
0.0013
0.0008
0.0009
0.0016
0.0007
0.0007
0.0006
0.0015
0.0007
0.0007
0.0006
0.0006
0.0007
0.0015
0.0007
0.0017
0.0013
0.0009
0.0009
0.0011
0.0013
0.0007
0.0023
0.0007
0.0007
0.0006
0.0008
0.0009
0.0012
0.0008
0.0008
0.0007
0.0006
0.0006
0.0006
0.0006
0.002
0.0007
0.0008
0.0007
0.0006
0.0006
0.0008
0.0006
0.0007
0.0011
0.0013
0.0011
0.0007
0.0026
0.0008
0.0007
0.0008
0.0017
0.0007
0.0007
0.0007
0.0019
0.0015
0.0007
0.0023
0.0012
0.0009
0.001
0.0009
0.0007
0.0009
0.0007
0.0008
0.0011
0.0006
0.0007
0.0006
0.0006
0.0006
0.0005
0.0006
0.0006
0.0006
0.0008
0.0008
0.0007
0.0005
0.0008
0.0007
0.0008
0.0007
0.0006
0.0019
0.0006
0.0007
0.0005
0.0007
0.0008
0.002
0.0011
0.0009
0.0008
0.0008
0.0007
0.0011
0.0008
0.0008
0.0008
0.0021
0.0008
0.0008
0.0018
0.001
0.0009
0.0008
0.0007
0.0007
0.0007
0.0007
0.0006
0.0016
0.0008
0.0007
0.0006
0.0007
0.0006
0.0007
0.0007
0.0009
0.0009
0.0013
0.0007
0.0006
0.0007
0.0008
0.0009
0.0007
0.0007
0.0007
0.0029
0.0009
0.0008
0.0008
0.0008
0.0006
0.0006
0.0009
0.0007
0.0009
0.0009
0.0009
0.0018
0.0012
0.0009
0.001
0.0008
0.0007
0.0008
0.0009
0.0014
0.001
0.0017
0.0016
0.001
0.0008
0.0007
0.0011
0.0008
0.0008
0.001
0.0007
0.0008
0.0007
0.0008
0.0009
0.0008
0.001
0.001
0.0006
0.0005
0.0006
0.0007
0.0008
0.0018
0.0006
0.0009
0.0008
0.0006
0.0006
0.0006
0.0006
0.0009
0.0006
0.0007
0.0007
0.0042
0.0011
0.0007
0.0007
0.0007
0.0009
0.0007
0.0009
0.0006
0.0008
0.0006
0.0017
0.0007
0.0007
0.0063
0.0007
0.0008
0.0007
0.0006
0.0006
0.0007
0.0006
0.0006
0.0006
0.0006
0.0008
0.0006
0.001
0.0006
0.0006
0.0007
0.0008
0.0007
0.0011
0.001
0.0006
0.0006
0.0011
0.0006
0.0006
0.0007
0.0007
0.0006
0.0006
0.0008
0.0006
0.0007
0.0006
0.0009
0.0007
0.0008
0.0007
0.0008
0.0008
0.0006
0.0007
0.0008
0.0016
0.0006
0.001
0.0007
0.0007
0.0008
0.0008
0.0008
0.0006
0.0007
0.0009
0.0009
0.0006
0.0007
0.0007
0.0007
0.0007
0.0007
0.0006
0.0006
0.0008
0.0008
0.0008
0.0016
0.0007
0.0006
0.0006
0.001
0.0006
0.0009
0.0006
0.0008
0.0006
0.0007
0.0006
0.0006
0.0006
0.0005
0.0006
0.0006
0.0005
0.0014
0.001
0.001
0.0007
0.0007
0.0007
0.0008
0.0009
0.0006
0.0009
0.0006
0.0007
0.0007
0.0007
0.0016
0.0008
0.0009
0.002
0.0009
0.0012
0.0006
0.0172
0.0012
0.0011
0.0015
0.0017
0.0008
0.0007
0.0007
0.0008
0.0017
0.0009
0.0009
0.0008
0.001
0.0013
0.001
0.0006
0.0006
0.0008
0.0008
0.0006
0.0007
0.0007
0.0009
0.0007
0.001
0.001
0.0011
0.0008
0.0013
0.0007
0.0006
0.0007
0.0007
0.0007
0.0007
0.0007
0.0007
0.0007
0.0006
0.0007
0.0006
0.0009
0.0007
0.0016
0.0006
0.0007
0.0008
0.0007
0.0007
0.0006
0.0007
0.0006
0.0007
0.0007
0.0009
0.0006
0.0006
0.0006
0.0007
0.0007
0.0006
0.0008
0.0007
0.0006
0.0005
0.0007
0.0006
0.0011
0.0007
0.0006
0.001
0.0006
0.0007
0.0006
0.0007
0.0006
0.0007
0.0008
0.001
0.0011
0.0009
0.0008
0.0009
0.0006
0.0007
0.0007
0.001
0.0006
0.0007
0.0007
0.0006
0.0009
0.0006
0.0007
0.0006
0.0006
0.0006
0.0006
0.0006
0.0008
0.0006
0.0006
0.0006
0.0006
0.0006
0.0007
0.0006
0.0007
0.0007
0.0007
0.0006
0.0006
0.0008
0.0006
0.0007
0.0006
0.0009
0.0008
0.0007
0.0007
0.0006
0.0006
0.0007
0.0006
0.0007
0.0006
0.0006
0.0007
0.001
0.0007
0.0006
0.0006
0.0008
0.0007
0.0006
0.0006
0.0007
0.0006
0.0006
0.0009
0.0006
0.0006
0.0006
0.0006
0.0007
0.0006
0.0006
0.0008
0.0007
0.0009
0.0009
0.0006
0.001
0.0006
0.0006
0.0006
0.0006
0.015
0.0007
0.0008
0.0008
0.0008
0.0006
0.0006
0.0007
0.0006
0.0008
0.0023
0.0009
0.0007
0.0019
0.0013
0.001
0.0016
0.0013
0.0014
0.0009
0.0009
0.0008
0.0023
0.0015
0.0008
0.002
0.0012
0.0011
0.001
0.0022
0.0015
0.0009
0.0011
0.0012
0.0012
0.0012
0.0012
0.0016
0.0012
0.0013
0.0015
0.0014
0.0026
0.0009
0.0011
0.0016
0.0014
0.0013
0.0021
0.0009
0.0011
0.0018
0.0011
0.0011
0.0009
0.0007
0.0027
0.0012
0.0015
0.0018
0.0014
0.0011
0.0009
0.0007
0.0016
0.001
0.002
0.0009
0.0009
0.002
0.0009
0.0014
0.001
0.0009
0.0009
0.0007
0.0007
0.0007
0.0014
0.0012
0.0008
0.0016
0.001
0.0017
0.0009
0.0009
0.0015
0.0012
0.001
0.0006
0.0017
0.001
0.0008
0.0007
0.0009
0.0008
0.0015
0.0016
0.0016
0.0009
0.0009
0.0007
0.0008
0.0007
0.0009
0.0006
0.0008
0.0007
0.0009
0.0009
0.0006
0.001
0.0008
0.0007
0.0008
0.0008
0.0006
0.0008
0.0011
0.0014
0.0015
0.0016
0.0026
0.0017
0.0014
0.0012

-----------------------
CodechalDecode::Execute
-----------------------
7.4182
16.6658
14.6465
0.623
6.2054
0.6664
0.6869
0.7194
0.6201
0.6104
0.6151
0.6142
0.6202
0.5726
0.6369
0.6426
0.6061
0.5501
0.6183
0.5759
0.6211
0.7404
0.7789
0.5867
0.4353
0.4366
0.4069
0.406
0.4183
0.4156
0.411
0.3912
0.4286
2.0172
0.4594
0.3916
0.4284
0.4158
0.4196
0.4008
0.424
0.3799
0.4192
0.4109
0.41
0.4216
0.4143
0.4133
0.4149
0.4172
0.4051
0.3966
0.4079
0.4262
0.4365
0.5484
0.4399
0.3991
0.423
0.4884
0.4464
0.4087
0.4261
0.4315
0.4734
0.4525
2.2599
0.4407
0.4384
0.4339
0.4389
0.4335
0.3958
0.4172
0.3943
0.3905
0.4132
0.4205
0.4218
0.3833
0.4167
0.4086
0.4198
0.3851
0.4129
0.4101
0.4117
0.406
0.4143
0.4135
0.4078
0.4301
0.4151
0.4115
0.4011
0.4176
0.4033
0.4094
0.4254
1.7294
0.4597
0.409
0.434
0.4225
0.4344
2.0486
0.4008
0.5367
3.4699
0.4408
2.7824
0.4171
0.4386
0.5111
0.4077
0.43
0.3802
0.3914
0.4134
0.4289
0.3994
0.4132
0.429
0.3907
0.4204
0.377
0.3799
0.4218
0.3918
0.4139
0.3929
0.4281
0.3687
0.4284
0.3895
0.4256
0.442
0.4281
0.3999
0.423
0.3874
0.4243
0.4307
0.3956
0.4219
0.3897
0.4158
0.4014
0.4274
0.3993
2.1862
0.3988
0.4336
0.5385
0.444
0.4456
0.4427
0.4254
0.4039
0.4223
0.4237
0.4237
0.4201
0.4766
0.5008
0.3902
0.3844
0.38
0.4848
0.3788
0.3996
0.3948
0.4225
0.3989
0.4123
0.4166
0.38
0.4082
0.4338
0.4258
0.3895
0.4144
0.4177
0.3949
0.4165
0.3825
0.4167
0.408
0.411
0.416
0.3935
0.4126
0.3922
0.4193
0.4041
0.413
0.4123
0.3934
0.395
0.4316
0.3994
0.4109
0.3939
0.4243
0.4024
0.4266
0.3738
0.4199
0.4173
0.3793
0.412
0.414
0.4182
0.3815
0.4107
0.4072
0.4114
0.3843
0.4139
0.4135
0.3885
0.4245
0.3995
0.4134
0.4147
0.4069
0.4239
0.3919
0.439
0.3819
0.4184
0.3681
0.4272
0.379
0.4043
0.4045
0.4299
0.442
0.3956
0.409
0.3951
0.4108
0.3844
0.4187
0.4102
0.4154
0.423
0.4193
0.3875
0.4076
0.4124
0.4102
0.404
0.4205
0.4012
0.418
0.417
0.4152
0.3905
0.4129
0.383
0.421
0.4146
0.4128
0.3682
0.43
0.3833
0.4188
0.4154
0.3898
0.4293
0.3913
0.4095
0.4056
0.4132
0.4179
0.3853
0.4137
0.4077
0.4092
0.4103
0.3861
0.4181
0.4159
0.4082
0.4191
0.4199
0.382
0.4201
0.4098
0.4034
0.4127
0.4107
0.4049
0.4118
0.4151
0.4169
0.3792
0.43
0.3941
0.4245
0.4171
0.4309
0.4024
0.3977
0.3721
0.3915
0.4152
0.3818
0.4505
0.4248
0.3904
0.5192
0.4504
0.4354
0.4148
0.498
0.4479
0.4124
0.4472
0.4969
0.4463
0.435
0.4327
0.3856
0.4873
0.3962
0.4343
0.3903
0.4276
0.404
0.44
0.42
0.3907
0.4219
0.4094
0.4389
0.4379
0.3876
0.4046
0.4267
0.3999
0.7557
0.9409
0.4157
0.4371
0.4363
0.408
0.3881
0.4113
0.4007
0.3853
0.3857
0.3822
0.4122
0.3931
0.4201
0.385
0.3955
0.411
0.4121
0.4193
0.3906
0.4007
0.3959
0.4123
0.384
0.4203
0.3817
0.4085
0.4045
0.4109
0.4098
0.4048
0.4119
0.4317
0.4117
0.4177
0.4205
0.3999
0.3935
0.4116
0.3827
0.4157
0.4435
0.4169
0.3843
0.4053
0.4116
0.4144
0.419
0.4216
0.4154
0.407
0.4255
0.3933
0.3969
0.4187
0.4204
0.3887
0.4198
0.4012
0.4254
0.3833
0.3997
0.4108
0.4056
0.4052
0.4048
0.4067
0.4004
0.4075
0.411
0.4005
0.4079
0.4033
0.397
0.4072
0.3953
0.4083
0.4088
0.3835
0.4157
0.4104
0.4076
0.4119
0.3829
0.3929
0.404
0.3665
0.425
0.405
0.3912
0.4241
0.4013
0.4285
0.3819
0.4229
0.377
0.3866
0.4246
0.3889
0.4133
0.3988
0.4264
0.401
0.4284
0.4293
0.3903
0.4172
0.3997
0.4178
0.3968
0.4292
0.3798
0.4179
0.4176
0.3807
0.4215
0.4207
0.382
0.427
0.3694
0.4089
0.4252
0.4234
0.4331
0.4003
0.4139
0.3845
0.4173
0.4162
0.4155
0.3955
0.4558
0.4223
0.3934
0.4254
0.3851
0.4136
0.4144
0.3923
0.414
0.4069
0.5197
0.4351
0.3825
0.5055
0.4737
0.3984
0.5004
0.3897
0.4576
0.4388
0.395
0.3795
0.5255
0.5781
0.4245
0.4679
0.4501
0.5278
0.5211
0.6512
0.5275
0.5277
0.4926
0.4122
0.3954
0.3946
0.4734
0.651
0.4401
0.463
0.4341
0.5053
0.687
0.4607
0.3926
0.4041
0.4231
0.6046
0.5271
0.4175
0.4424
0.5748
0.619
0.426
0.3888
0.428
0.7112
0.43
0.6336
0.5724
0.499
0.3885
0.3947
0.3922
0.4779
0.4197
0.6169
0.4597
0.4128
0.6401
0.405
0.4461
0.4718
0.447
0.4513
0.4337
0.4265
0.4015
0.4321
0.3841
0.4116
0.4291
0.3981
0.5596
0.4637
0.4549
0.4556
0.4105
0.4237
0.4262
0.4639
0.4592
0.3944
0.4066
0.4634
0.3977
0.477
0.5139
0.4897
0.452
0.4171
0.3933
0.3767
0.3944
0.5019
0.3819
0.3722
0.5625
0.6225
0.5311
0.3951
0.4011
0.6983
0.4067
0.3982
0.3955
0.3975
0.5457
0.4548
0.5402
0.603
0.64
0.4998
0.546
0.6528
0.5941

---------------------------------------
CodechalDecodeHevcG12::DecodeStateLevel
---------------------------------------
0.4852
5.8974
8.7633
6.6096
0.2881
6.2252
0.2244
0.1914
0.2584
5.6917
0.216
0.2158
0.2322
0.2219
0.2062
0.198
0.2286
0.1979
0.2352
0.1936
0.2382
0.1874
0.2409
0.1873
0.2437
0.1883
0.2115
0.1759
0.2349
0.1888
0.2391
0.2143
0.2277
0.1868
0.2117
0.1759
0.2322
0.1953
0.2145
0.2006
0.242
0.1925
0.254
0.2229
0.326
0.2303
0.2211
0.1808
0.1743
0.1271
0.1712
0.1315
0.1532
0.1318
0.1542
0.1283
0.1584
0.125
0.1595
0.1274
0.1596
0.1247
0.1486
0.1229
0.1616
0.1265
0.1761
1.3479
0.1725
0.1307
0.1475
0.1214
0.1636
0.1289
0.1602
0.1275
0.1629
0.1252
0.1499
0.1308
0.1616
0.1329
0.1458
0.1186
0.157
0.1344
0.1534
0.131
0.1579
0.1267
0.1597
0.1321
0.1635
0.1244
0.1588
0.1235
0.1581
0.1325
0.1559
0.1321
0.1551
0.1242
0.1505
0.121
0.1508
0.1284
0.1645
0.1269
0.1639
0.1419
0.2352
0.1335
0.1703
0.1281
0.1506
0.1271
0.1606
0.1292
0.1977
0.1348
0.1707
0.1442
0.1493
0.1356
0.1691
0.1265
0.1617
0.1252
0.1938
0.1262
0.1887
0.1275
0.1888
1.6529
0.1598
0.1337
0.17
0.1337
0.1654
0.1313
0.1735
0.134
0.1735
0.1289
0.1548
0.1227
0.1617
0.1271
0.1507
0.1249
0.1474
0.1183
0.1568
0.128
0.1609
0.125
0.1598
0.1337
0.1464
0.1212
0.1635
0.1265
0.1567
0.1278
0.1584
0.1336
0.1447
0.1247
0.1595
0.1294
0.1542
0.1321
0.1555
0.1315
0.1567
0.1253
0.1548
0.1324
0.1562
0.1317
0.1572
0.1232
0.1731
0.1259
0.1625
0.1251
0.1572
0.1266
0.1455
0.1388
0.1548
0.1376
0.1515
0.1245
0.1554
0.1311
0.1713
0.1252
0.1627
1.255
0.1843
0.1246
0.1584
0.1231
0.1688
0.1261
0.1688
0.1269
0.1743
0.1257
0.1809
1.5702
0.1502
0.1205
0.2077
0.1575
0.1725
0.1346
0.1637
0.1461
0.2522
2.353
0.1619
0.1335
0.1713
0.1301
0.1994
0.1411
0.1627
0.1219
0.1656
0.1315
0.1437
0.1195
0.146
0.1317
0.1612
0.1277
0.165
0.1257
0.1557
0.1213
0.157
0.1291
0.1751
0.1292
0.1547
0.1219
0.1605
0.1278
0.1487
0.1194
0.148
0.1206
0.1599
0.1374
0.1554
0.1232
0.1612
0.1251
0.1491
0.1189
0.1668
0.1258
0.1428
0.114
0.1688
0.1259
0.1462
0.1314
0.1634
0.1255
0.1867
0.1277
0.1677
0.1262
0.1578
0.1198
0.1694
0.1271
0.1475
0.119
0.1695
0.129
0.1667
0.1321
0.1563
0.1227
0.1633
0.127
0.1515
0.1241
0.1625
0.1269
0.1532
0.1324
0.1706
0.1265
0.1575
0.1215
0.1701
1.6126
0.1518
0.1216
0.1704
0.1329
0.213
0.1479
0.1741
0.1303
0.1722
0.1321
0.1759
0.1277
0.1634
0.131
0.1538
0.1323
0.1618
0.1264
0.1622
0.1326
0.1535
0.1314
0.1595
0.1304
0.1937
0.1289
0.1937
0.1331
0.1479
0.1191
0.1472
0.119
0.1411
0.1221
0.1951
0.1278
0.1437
0.1248
0.1506
0.1257
0.1488
0.1197
0.1639
0.1295
0.1518
0.1247
0.1553
0.1333
0.1602
0.1313
0.1451
0.1198
0.1543
0.1302
0.1723
0.1276
0.1598
0.1216
0.1476
0.1206
0.1612
0.1254
0.16
0.1321
0.1503
0.1269
0.1586
0.1256
0.1457
0.1188
0.157
0.1265
0.1571
0.1275
0.1555
0.124
0.1586
0.1301
0.1486
0.1248
0.156
0.1247
0.1454
0.1307
0.1574
0.1365
0.1571
0.1244
0.1574
0.1318
0.1583
0.1305
0.151
0.1193
0.1516
0.1176
0.172
0.1239
0.1529
0.1259
0.1563
0.1317
0.1482
0.1234
0.1683
0.1256
0.1524
0.1202
0.1715
0.1258
0.1417
0.1203
0.1598
0.1338
0.1597
0.133
0.1438
0.1222
0.1601
0.1271
0.1539
0.1268
0.1591
0.1272
0.1465
0.1195
0.1531
0.132
0.1533
0.1305
0.1591
0.1258
0.145
0.1258
0.1554
0.1371
0.1602
0.1259
0.1464
0.1267
0.1593
0.1346
0.1547
0.1243
0.1566
0.1319
0.1636
0.1251
0.1563
0.1231
0.1631
0.1266
0.1552
0.1177
0.1782
0.1273
0.1471
0.1191
0.1575
0.1245
0.1426
0.1139
0.1693
0.1275
0.1424
0.1227
0.1564
0.125
0.1553
0.1271
0.1692
0.1255
0.1814
0.1256
0.1492
0.1276
0.1529
0.1297
0.151
0.1253
0.1575
0.1299
0.1453
0.1205
0.1606
0.1283
0.1559
0.1312
0.1592
0.124
0.1558
0.1464
0.1592
0.1342
0.146
0.1257
0.1572
0.1281
0.1569
0.1305
0.1573
0.1279
0.1565
0.1246
0.1572
0.1327
0.1554
0.1227
0.1574
0.1335
0.1525
0.1316
0.1589
0.1295
0.1463
0.1289
0.1575
0.1321
0.1469
0.1184
0.1577
0.1357
0.1621
0.1264
0.1576
0.1251
0.1418
0.114
0.1681
0.128
0.1422
0.1248
0.1599
0.1327
0.1597
0.1309
0.1486
0.1218
0.1723
0.1256
0.1481
0.1189
0.153
0.1315
0.1556
0.1267
0.1596
0.1256
0.1598
0.1297
0.1456
0.1249
0.1585
0.1302
0.1543
0.1226
0.1545
0.1318
0.1585
0.1245
0.1451
0.1174
0.1579
0.131
0.1569
0.1318
0.1579
0.1235
0.157
0.134
0.1598
0.133
0.1456
0.1191
0.1569
0.1343
0.1557
0.1302
0.1528
0.1228
0.1572
0.1307
0.1567
0.1291
0.1566
0.1237
0.1548
0.1312
0.1572
0.1304
0.1613
0.1233
0.1423
0.1189
0.1705
0.1269
0.1505
0.1238
0.1635
0.1333
0.1588
0.1316
0.1648
0.1252
0.1556
0.119
0.1481
0.1183
0.1404
0.1208
0.1453
0.13
0.157
0.1328
0.1455
0.1203
0.171
0.1323
0.1603
0.1322
0.1465
0.1285
0.216
0.1326
0.173
0.1367
0.1753
0.1246
0.1636
0.1259
0.204
0.1288
0.1819
0.1278
0.1553
0.1312
0.1774
0.1232
0.1909
0.1457
0.171
0.1433
0.1709
0.1295
0.168
0.1345
0.1459
0.1199
0.2048
0.1296
0.1511
0.1248
0.1771
0.1267
0.1514
0.1248
0.1654
0.125
0.1636
0.1161
0.1765
0.1247
0.1564
0.1373
0.1518
0.1214
0.1683
0.1281
0.1642
0.1221
0.1664
0.1259
0.1812
0.1292
0.1453
0.1256
0.1559
0.1284
0.1618
0.1277
0.1501
0.1192
0.1966
0.1381
0.1763
0.1273
0.1574
0.1349
0.1741
0.1293
0.1614
0.1448
0.1594
0.1256
0.1466
0.1269
0.1589
0.1334
0.1533
0.1321
0.1479
0.1233
0.15
0.1224
0.1449
0.1248
0.1573
0.1263
0.1458
0.1303
0.1603
0.1341
0.1462
0.12
0.148
0.1189
0.1571
0.127
0.1558
0.1319
0.1583
0.1346
0.1473
0.1206
0.156
0.1191
0.1527
0.1217
0.158
0.1309
0.1457
0.1225
0.1645
0.1259
0.1448
0.1211
0.1541
0.1328
0.1547
0.1234
0.1546
0.134
0.1527
0.1319
0.1553
0.1251
0.1572
0.1289
0.1727
0.1243
0.157
0.1268
0.157
0.1313
0.1632
0.1261
0.1537
0.1231
0.1488
0.1251
0.1575
0.1286
0.1452
0.1197
0.1575
0.1283
0.1647
0.1412
0.1597
0.1286
0.1441
0.1262
0.1555
0.1234
0.1569
0.1297
0.1619
0.1258
0.1616
0.1248
0.1566
0.1335
0.1637
0.1238
0.157
0.1239
0.1628
0.1342
0.1481
0.119
0.1548
0.1189
0.1613
0.1243
0.1602
0.1265
0.1479
0.118
0.1647
0.1243
0.1508
0.1264
0.161
0.1274
0.1449
0.117
0.1526
0.1243
0.1554
0.1233
0.1544
0.1273
0.1585
0.1215
0.1553
0.1237
0.154
0.1245
0.1539
0.1228
0.1552
0.1271
0.1603
0.1243
0.1544
0.1235
0.1543
0.1315
0.1527
0.1302
0.1538
0.1224
0.1541
0.1306
0.1527
0.122
0.1532
0.1318
0.1554
0.1243
0.1459
0.1205
0.1562
0.1352
0.1549
0.1306
0.1595
0.124
0.1544
0.1305
0.1453
0.1225
0.145
0.1279
0.1553
0.1223
0.1416
0.113
0.167
0.125
0.155
0.1258
0.1474
0.1232
0.1627
0.1268
0.1482
0.1193
0.1689
0.1259
0.1461
0.119
0.1582
0.135
0.1424
0.1188
0.1457
0.1191
0.1614
0.1343
0.1459
0.1263
0.1573
0.1282
0.1466
0.1334
0.1688
0.1276
0.1563
0.1202
0.1676
0.1268
0.1697
0.1264
0.1523
0.1206
0.1614
0.1249
0.1558
0.1217
0.1621
0.1254
0.1473
0.1311
0.1676
0.1268
0.1456
0.1189
0.1569
0.1338
0.1594
0.1304
0.1468
0.1192
0.1558
0.1376
0.1642
0.1269
0.1472
0.1203
0.164
0.1258
0.1411
0.1142
0.1529
0.1309
0.1639
0.1268
0.1636
0.1319
0.1719
0.1261
0.1502
0.1188
0.1616
0.1272
0.1481
0.1202
0.1562
0.1363
0.1597
0.1247
0.161
0.1264
0.1481
0.1302
0.1658
0.127
0.1635
0.1264
0.1461
0.1294
0.1641
0.1264
0.1464
0.1231
0.1572
0.1314
0.1634
0.1246
0.1482
0.1219
0.1569
0.1337
0.1572
0.1235
0.2198
0.1307
0.1727
0.128
0.1477
0.1203
0.2081
0.1326
0.1986
0.127
0.1544
0.1226
0.2072
0.1327
0.1484
0.1157
0.1875
0.1249
0.1579
0.1497
0.1499
0.1208
0.1466
0.1164
0.2213
0.1317
0.2368
0.1619
0.1726
0.1221
0.1904
0.1254
0.1939
0.1238
0.1955
0.1736
0.1809
0.1673
0.2562
0.186
0.2427
0.1374
0.1982
0.1486
0.1723
0.1722
0.1718
0.1191
0.1516
0.1201
0.1503
0.1272
0.1872
0.1383
0.2524
0.1931
0.1708
0.1378
0.1854
0.1388
0.1664
0.1324
0.2102
0.1406
0.2748
0.197
0.1834
0.1401
0.1493
0.1244
0.1536
0.1331
0.1619
0.13
0.2313
0.2013
0.2037
0.145
0.1657
0.128
0.1631
0.1311
0.2332
0.1824
0.2349
0.2104
0.1663
0.1323
0.1523
0.1217
0.1646
0.1351
0.3106
0.196
0.1677
0.1345
0.2413
0.2133
0.1854
0.2353
0.1924
0.154
0.1508
0.1201
0.1493
0.1236
0.1501
0.1295
0.1872
0.1379
0.1604
0.1334
0.2336
0.1979
0.1735
0.1504
0.1592
0.1366
0.2441
0.2055
0.1543
0.126
0.1723
0.1282
0.172
0.1531
0.1752
0.1423
0.177
0.1377
0.1675
0.1359
0.1639
0.1344
0.1502
0.1312
0.1638
0.1255
0.1472
0.1185
0.1603
0.132
0.1704
0.1242
0.1491
0.1307
0.1899
0.2111
0.1683
0.1621
0.1765
0.1493
0.1722
0.1357
0.1598
0.128
0.1594
0.1302
0.1573
0.1381
0.1742
0.1352
0.184
0.1383
0.1494
0.1302
0.1511
0.1387
0.1772
0.1408
0.154
0.1268
0.1904
0.1341
0.2008
0.1531
0.1857
0.1475
0.1773
0.1411
0.1577
0.134
0.1472
0.1298
0.1414
0.1255
0.1467
0.1213
0.1541
0.1655
0.1445
0.1264
0.1406
0.1159
0.1941
0.2012
0.1591
0.249
0.1799
0.2085
0.1472
0.1298
0.1551
0.1226
0.2451
0.2572
0.1622
0.1253
0.1483
0.1204
0.1477
0.1247
0.1463
0.1368
0.205
0.1759
0.1703
0.1359
0.2002
0.1684
0.2171
0.1984
0.2313
0.2254
0.1799
0.1593
0.1887
0.1566
0.2485
0.2184
0.2315
0.1965

-------------------------------------
CodechalDecodeHevcG12::SetFrameStates
-------------------------------------
0.7635
1.1447
8.0091
0.0972
0.1356
0.1243
0.117
0.1428
0.0366
0.0381
0.0367
0.0361
0.0363
0.0342
0.0366
0.0341
0.0366
0.0336
0.0381
0.0338
0.0354
0.0402
0.048
0.0362
0.0389
0.0369
0.0337
0.0326
0.0366
0.0347
0.035
0.033
0.0427
0.362
0.0412
0.0337
0.0391
0.0358
0.0362
0.0336
0.036
0.0323
0.035
0.0343
0.0343
0.0348
0.035
0.0345
0.0346
0.0346
0.0368
0.0335
0.0365
0.0346
0.0361
0.0485
0.0394
0.0332
0.0361
0.0403
0.0361
0.0338
0.0357
0.0364
0.0409
0.0383
0.2868
0.0444
0.0359
0.0428
0.036
0.0362
0.0329
0.0359
0.0324
0.0338
0.0354
0.0371
0.0351
0.0319
0.0349
0.0346
0.0355
0.0318
0.034
0.0347
0.0339
0.0352
0.0339
0.034
0.0346
0.0357
0.0348
0.0351
0.0325
0.0344
0.0365
0.0343
0.0356
0.2108
0.0426
0.0354
0.037
0.0357
0.0374
0.1965
0.0372
0.0393
3.0711
0.033
0.0438
0.0346
0.0422
0.044
0.0359
0.0358
0.0382
0.0322
0.0343
0.0385
0.0338
0.0346
0.0352
0.033
0.0343
0.0315
0.0317
0.0351
0.0326
0.035
0.0336
0.0376
0.0241
0.0363
0.0318
0.0457
0.0366
0.0375
0.0332
0.035
0.0329
0.036
0.0346
0.0329
0.0356
0.0329
0.036
0.0326
0.0359
0.0335
0.2949
0.0348
0.0358
0.0495
0.0393
0.0372
0.0383
0.0358
0.0327
0.042
0.0356
0.0365
0.0364
0.0399
0.0431
0.0253
0.0323
0.0315
0.0411
0.031
0.0346
0.0344
0.0351
0.0331
0.0338
0.0351
0.0338
0.034
0.0362
0.0349
0.0324
0.0352
0.0347
0.0326
0.035
0.0323
0.0345
0.0342
0.0353
0.0354
0.0324
0.0367
0.0323
0.0349
0.034
0.0341
0.034
0.034
0.0261
0.0367
0.034
0.0348
0.0332
0.0353
0.0348
0.0352
0.0318
0.0345
0.0352
0.0319
0.0369
0.0403
0.035
0.0327
0.0322
0.0334
0.0369
0.0318
0.0329
0.0373
0.0317
0.0367
0.0342
0.0355
0.0342
0.0352
0.0352
0.0331
0.0355
0.0325
0.0354
0.0232
0.0357
0.0321
0.0345
0.035
0.0365
0.037
0.0323
0.036
0.0327
0.0344
0.0368
0.0348
0.0337
0.0367
0.0336
0.0349
0.0333
0.0331
0.0349
0.0345
0.0339
0.0348
0.0356
0.0346
0.0346
0.0353
0.0323
0.0339
0.0339
0.0344
0.0343
0.036
0.0233
0.036
0.0338
0.0351
0.0347
0.0329
0.0354
0.033
0.0359
0.0341
0.0389
0.0351
0.0324
0.0344
0.0338
0.0343
0.0344
0.0337
0.0366
0.034
0.035
0.0349
0.0348
0.0321
0.0363
0.0344
0.0359
0.0344
0.0346
0.0342
0.0345
0.0343
0.0357
0.0236
0.036
0.0338
0.0356
0.0348
0.0368
0.0346
0.0335
0.0311
0.0318
0.0343
0.0327
0.038
0.036
0.0324
0.0453
0.0399
0.0361
0.0346
0.0495
0.0402
0.035
0.0373
0.0416
0.037
0.0375
0.0366
0.0324
0.0396
0.0332
0.0364
0.0328
0.0388
0.025
0.0371
0.0363
0.0334
0.0358
0.0333
0.0514
0.0366
0.0322
0.0337
0.0353
0.0333
0.3162
0.5346
0.0359
0.0362
0.0351
0.0351
0.0325
0.0327
0.0343
0.0341
0.0326
0.0325
0.037
0.0325
0.0345
0.0343
0.0333
0.0348
0.0353
0.0355
0.0335
0.0264
0.0333
0.0342
0.0325
0.0346
0.0328
0.0343
0.0339
0.0344
0.0339
0.0359
0.0335
0.0357
0.0349
0.0349
0.035
0.0339
0.0331
0.0344
0.0358
0.0347
0.0368
0.0359
0.0319
0.033
0.0349
0.0344
0.0356
0.0344
0.035
0.0348
0.0361
0.036
0.0264
0.0366
0.0357
0.0355
0.0356
0.0323
0.0356
0.0319
0.0324
0.0345
0.0339
0.0347
0.035
0.0341
0.0348
0.0339
0.0342
0.0344
0.0336
0.0329
0.0338
0.034
0.0335
0.0341
0.0343
0.0329
0.0337
0.0347
0.0371
0.0348
0.0309
0.0321
0.0348
0.0232
0.0358
0.0346
0.0332
0.0375
0.0341
0.0357
0.0324
0.0349
0.0308
0.0345
0.0343
0.0326
0.0351
0.0325
0.0358
0.0323
0.0363
0.0368
0.0328
0.036
0.033
0.0358
0.0323
0.0378
0.0318
0.0341
0.0352
0.0327
0.0344
0.035
0.0321
0.0358
0.0246
0.0349
0.0353
0.0356
0.0365
0.0324
0.0346
0.0322
0.0347
0.0344
0.036
0.032
0.0561
0.0358
0.0319
0.0371
0.0316
0.0353
0.0349
0.0334
0.0341
0.0344
0.0462
0.037
0.0334
0.0436
0.039
0.034
0.0431
0.0335
0.0368
0.035
0.0383
0.0271
0.0563
0.0519
0.0335
0.0428
0.0347
0.0452
0.0496
0.0587
0.0486
0.0514
0.0471
0.0329
0.0347
0.0326
0.04
0.0594
0.0361
0.0385
0.0345
0.0398
0.0602
0.0378
0.0335
0.0323
0.0403
0.0475
0.052
0.0347
0.0341
0.0477
0.049
0.0353
0.0262
0.0342
0.0629
0.0357
0.0486
0.036
0.0426
0.0345
0.0391
0.0321
0.0405
0.0364
0.0536
0.038
0.0327
0.0543
0.0353
0.0408
0.0363
0.0364
0.0352
0.0337
0.0352
0.0331
0.0385
0.0345
0.0334
0.0388
0.0347
0.0426
0.0392
0.0347
0.0423
0.0255
0.0357
0.0352
0.0407
0.038
0.0326
0.0326
0.0378
0.0327
0.0403
0.0424
0.0404
0.0373
0.0337
0.0325
0.0317
0.0318
0.0416
0.0325
0.0317
0.039
0.0642
0.0362
0.0332
0.0352
0.0379
0.0331
0.0413
0.0331
0.0332
0.0461
0.0473
0.0503
0.034
0.0448
0.044
0.0656
0.0512
0.0465

--------------------------
CreateVideoDecoder_D3D11_1
--------------------------
20.5022

---------------------------
DestroyVideoDecoder_D3D11_1
---------------------------
0

----------------
First Frame Time
----------------
76.2723

--------------------------------------
VideoDecoderBeginFrame_WDDM2_4_D3D11_1
--------------------------------------
0.0095
0.0029
0.0029
0.0023
0.0027
0.0018
0.0023
0.002
0.0021
0.0023
0.0021
0.002
0.0018
0.0024
0.0018
0.0019
0.0022
0.002
0.0019
0.0025
0.0019
0.0027
0.0031
0.0024
0.0023
0.002
0.0026
0.0018
0.0029
0.0019
0.0019
0.0018
0.0021
0.0019
0.0028
0.0025
0.002
0.0019
0.0019
0.0018
0.0018
0.002
0.003
0.0019
0.0019
0.0018
0.0019
0.0019
0.0017
0.002
0.002
0.0021
0.0024
0.0019
0.0019
0.0037
0.0021
0.0019
0.0019
0.0024
0.0018
0.0018
0.0016
0.003
0.0024
0.002
0.0033
0.0027
0.0021
0.0024
0.0018
0.002
0.0017
0.0018
0.0016
0.002
0.0018
0.0017
0.0018
0.0018
0.0017
0.0018
0.0017
0.0018
0.0017
0.0017
0.0017
0.0017
0.0017
0.0018
0.0019
0.0018
0.0017
0.0018
0.0029
0.0017
0.0018
0.0016
0.0018
0.0023
0.0031
0.0022
0.0019
0.0019
0.0057
0.0022
0.0023
0.0018
0.002
0.0017
0.0034
0.0018
0.0019
0.0028
0.0021
0.0019
0.0019
0.0017
0.0019
0.0019
0.0017
0.0018
0.0017
0.0019
0.0019
0.0017
0.0019
0.0017
0.0019
0.0018
0.0021
0.002
0.0023
0.0018
0.0018
0.0019
0.0019
0.0018
0.0019
0.0018
0.0018
0.003
0.0019
0.0016
0.0019
0.0017
0.0017
0.0017
0.0018
0.0019
0.002
0.0019
0.0017
0.0034
0.0023
0.0023
0.002
0.0019
0.0017
0.0019
0.0017
0.0024
0.0021
0.0029
0.0026
0.0019
0.0018
0.0016
0.0027
0.0018
0.0019
0.0025
0.0018
0.0019
0.0019
0.0019
0.0019
0.0017
0.0019
0.0021
0.0019
0.0018
0.0018
0.0018
0.0017
0.0018
0.0017
0.0019
0.0017
0.0017
0.0018
0.0018
0.0018
0.0018
0.0018
0.0019
0.0018
0.0019
0.0024
0.0017
0.0019
0.002
0.002
0.0019
0.0025
0.0018
0.0019
0.0019
0.0017
0.0017
0.0018
0.007
0.0018
0.0018
0.0018
0.0018
0.0018
0.0018
0.0017
0.0019
0.0018
0.0018
0.0017
0.0017
0.0019
0.0019
0.0017
0.002
0.0018
0.0018
0.0025
0.0023
0.0018
0.0018
0.0019
0.002
0.0018
0.0018
0.0017
0.0017
0.0018
0.0018
0.0017
0.0018
0.0017
0.0018
0.0017
0.0019
0.0019
0.002
0.0017
0.0018
0.0018
0.0019
0.0018
0.0017
0.0023
0.0017
0.0017
0.002
0.0019
0.0018
0.0017
0.0019
0.0022
0.0019
0.0016
0.0019
0.002
0.0017
0.0018
0.0019
0.0018
0.0018
0.0018
0.0017
0.0018
0.0016
0.0018
0.0018
0.0018
0.0024
0.0016
0.0018
0.0018
0.0017
0.0019
0.0019
0.0017
0.0017
0.0018
0.0017
0.0019
0.0018
0.0018
0.0018
0.0021
0.0024
0.0019
0.0018
0.0019
0.0019
0.0021
0.0021
0.002
0.0016
0.0017
0.0018
0.0017
0.0026
0.0022
0.002
0.0103
0.0024
0.0019
0.0021
0.0052
0.0024
0.0021
0.0023
0.0025
0.0018
0.0019
0.002
0.0018
0.0023
0.0022
0.0019
0.002
0.0022
0.0024
0.0021
0.0019
0.0017
0.0018
0.002
0.002
0.0021
0.0018
0.0017
0.0019
0.0022
0.0021
0.0026
0.0023
0.005
0.0023
0.002
0.0016
0.0018
0.002
0.0017
0.0017
0.0016
0.0019
0.0017
0.0019
0.002
0.0022
0.0018
0.0017
0.0019
0.0022
0.0021
0.002
0.0017
0.0018
0.0017
0.0018
0.0017
0.0019
0.0019
0.0019
0.0019
0.0018
0.0019
0.0018
0.0018
0.0018
0.0019
0.0018
0.0019
0.0018
0.0018
0.0025
0.0019
0.0018
0.0018
0.002
0.0018
0.0019
0.0018
0.0018
0.0017
0.0018
0.0021
0.0023
0.0022
0.0019
0.0019
0.0018
0.0016
0.0018
0.0019
0.0017
0.0019
0.0019
0.0019
0.002
0.0019
0.0019
0.0017
0.0018
0.0018
0.0018
0.0017
0.0019
0.0018
0.0019
0.0018
0.0018
0.0019
0.0018
0.0018
0.0018
0.0018
0.0019
0.0016
0.0018
0.0023
0.0018
0.0018
0.0019
0.0021
0.0021
0.0018
0.0018
0.0018
0.0019
0.0016
0.0018
0.0018
0.0037
0.0018
0.0018
0.002
0.0018
0.0019
0.002
0.0017
0.0018
0.0019
0.0017
0.0018
0.0018
0.0017
0.0019
0.0019
0.0017
0.0018
0.0018
0.0018
0.0019
0.0018
0.0019
0.0019
0.0018
0.0021
0.0019
0.0018
0.0017
0.0017
0.0018
0.0017
0.005
0.0019
0.0017
0.0018
0.0018
0.0017
0.0018
0.0018
0.0017
0.0018
0.0032
0.0023
0.0021
0.0029
0.0026
0.0017
0.0028
0.0023
0.0022
0.0019
0.0019
0.0018
0.0033
0.0033
0.002
0.0035
0.0021
0.0019
0.0027
0.0067
0.0056
0.003
0.0049
0.0019
0.0024
0.002
0.0026
0.0032
0.0025
0.0021
0.002
0.0026
0.0042
0.0022
0.0021
0.0022
0.0025
0.0028
0.0032
0.0021
0.0025
0.0029
0.0025
0.002
0.0021
0.0019
0.0046
0.0022
0.0027
0.002
0.003
0.0023
0.0019
0.0018
0.0028
0.0021
0.0033
0.0022
0.0017
0.0034
0.0022
0.0029
0.0022
0.0026
0.0019
0.0016
0.0018
0.0018
0.0026
0.0023
0.0018
0.0026
0.002
0.0028
0.0025
0.0021
0.0027
0.0023
0.0021
0.0018
0.0036
0.0024
0.002
0.0018
0.0021
0.0019
0.0027
0.0033
0.0028
0.0023
0.0022
0.0019
0.0018
0.0017
0.002
0.0017
0.0019
0.0017
0.0022
0.0051
0.0017
0.0019
0.002
0.0017
0.0017
0.0017
0.0018
0.0021
0.0025
0.0029
0.0031
0.0026
0.004
0.0037
0.0033
0.0024

----------------------------
VideoDecoderEndFrame_D3D11_1
----------------------------
0.0368
0.0608
0.0616
0.0687
0.0666
0.0651
0.0731
0.0629
0.0631
0.0659
0.0622
0.0606
0.0622
0.0584
0.0634
0.061
0.0612
0.0612
0.0643
0.0623
0.0625
0.0881
0.0671
0.06
0.0615
0.0603
0.0595
0.0642
0.0647
0.0605
0.0592
0.0576
0.0613
0.0644
0.061
0.0842
0.0594
0.0608
0.0649
0.0595
0.0585
0.0563
0.0617
0.0587
0.06
0.0634
0.0599
0.0643
0.0637
0.0578
0.0603
0.0566
0.0603
0.0607
0.0647
0.0638
0.062
0.0581
0.0631
0.0631
0.0611
0.0587
0.0614
0.0628
0.0615
0.0613
0.0644
0.0585
0.0861
0.0598
0.0604
0.0622
0.0612
0.0608
0.0582
0.0595
0.0619
0.0599
0.0584
0.0591
0.0613
0.059
0.0594
0.0576
0.061
0.0616
0.0604
0.0596
0.0592
0.0603
0.0593
0.0645
0.059
0.0596
0.0604
0.0592
0.0607
0.0615
0.0598
0.0568
0.0598
0.061
0.0658
0.0608
0.0706
0.0547
0.0533
0.1301
0.053
0.0773
0.109
0.0533
0.0816
0.1245
0.0597
0.0577
0.0548
0.0629
0.0606
0.0736
0.0561
0.0643
0.067
0.056
0.0673
0.0567
0.0545
0.0645
0.059
0.0624
0.0561
0.0682
0.0608
0.0619
0.0554
0.0584
0.0675
0.0699
0.0645
0.0603
0.0628
0.0614
0.0658
0.0576
0.0657
0.0565
0.0645
0.0677
0.0629
0.0646
0.0575
0.052
0.0913
0.062
0.0633
0.0601
0.0614
0.061
0.0562
0.0617
0.06
0.0628
0.057
0.0636
0.0588
0.056
0.0527
0.0594
0.0561
0.0552
0.0577
0.0568
0.0603
0.0619
0.0607
0.0599
0.0568
0.0599
0.0608
0.0623
0.0577
0.0656
0.0602
0.0589
0.0609
0.0557
0.0605
0.06
0.0595
0.0607
0.0587
0.0605
0.0575
0.0593
0.0611
0.0646
0.0639
0.0567
0.0616
0.0621
0.0633
0.0583
0.0573
0.0598
0.0617
0.0604
0.059
0.0618
0.0606
0.0563
0.0607
0.0662
0.0602
0.0634
0.0607
0.0601
0.0609
0.0555
0.0595
0.0614
0.0567
0.0614
0.0622
0.0589
0.0611
0.0617
0.06
0.0571
0.0619
0.0557
0.0622
0.0582
0.0604
0.0573
0.0598
0.0606
0.0611
0.0606
0.057
0.0615
0.058
0.0592
0.0573
0.0604
0.0621
0.0607
0.0615
0.0599
0.0557
0.0598
0.0591
0.0567
0.0644
0.0614
0.0593
0.0594
0.0601
0.0595
0.0569
0.0611
0.0577
0.0609
0.0601
0.0629
0.0582
0.0614
0.0576
0.0615
0.0616
0.0591
0.0624
0.0558
0.0597
0.064
0.0595
0.0603
0.0608
0.0602
0.0589
0.06
0.0596
0.0566
0.0603
0.0596
0.0628
0.0607
0.0588
0.0562
0.0589
0.0608
0.0589
0.0611
0.0602
0.0598
0.0592
0.0612
0.06
0.0566
0.0602
0.0591
0.0607
0.0649
0.0623
0.0582
0.0559
0.065
0.058
0.0626
0.057
0.0638
0.0619
0.0584
0.0665
0.0618
0.059
0.0634
0.0809
0.0638
0.0555
0.0651
0.0631
0.0663
0.0638
0.0591
0.0568
0.0604
0.0629
0.0594
0.0625
0.0632
0.0584
0.0609
0.0629
0.0577
0.0639
0.0618
0.06
0.0673
0.0581
0.0598
0.0652
0.0625
0.0554
0.0537
0.0779
0.1216
0.0609
0.0696
0.0595
0.0612
0.0555
0.0552
0.059
0.0571
0.0604
0.0577
0.0598
0.0576
0.058
0.0622
0.0592
0.059
0.0558
0.0627
0.0565
0.0606
0.0552
0.0599
0.0643
0.0598
0.0594
0.063
0.0579
0.0625
0.0574
0.0589
0.0603
0.0634
0.0603
0.0609
0.0627
0.0584
0.0589
0.0578
0.0612
0.0593
0.057
0.0599
0.0613
0.0603
0.0605
0.0608
0.0577
0.0624
0.0602
0.0595
0.0607
0.0598
0.0602
0.0572
0.0605
0.0619
0.0593
0.0682
0.0591
0.0607
0.0575
0.063
0.0646
0.0653
0.0607
0.0599
0.0614
0.0624
0.0587
0.0586
0.0616
0.058
0.0579
0.0607
0.0583
0.0584
0.0609
0.0617
0.061
0.0619
0.0568
0.0582
0.0635
0.0542
0.0628
0.0582
0.0582
0.0623
0.0597
0.0596
0.0589
0.0603
0.0556
0.0548
0.0623
0.0567
0.0597
0.0564
0.0598
0.057
0.0602
0.0621
0.0566
0.0616
0.0622
0.0595
0.0571
0.0602
0.0572
0.0589
0.0569
0.0575
0.0605
0.0588
0.0579
0.0613
0.0594
0.062
0.0608
0.0593
0.0614
0.059
0.0584
0.0572
0.0593
0.0604
0.0597
0.0571
0.0682
0.0591
0.0561
0.0615
0.0585
0.0623
0.0632
0.0576
0.0645
0.0599
0.0651
0.0635
0.0633
0.0629
0.0628
0.0601
0.065
0.0589
0.0631
0.0628
0.061
0.056
0.0598
0.0848
0.0588
0.0586
0.06
0.077
0.0838
0.0671
0.0905
0.0693
0.0651
0.0575
0.0692
0.072
0.0756
0.0917
0.0866
0.0824
0.0755
0.0808
0.0867
0.0816
0.073
0.0723
0.0743
0.1049
0.0889
0.0926
0.0778
0.0788
0.1057
0.0752
0.0796
0.0916
0.098
0.0796
0.118
0.0987
0.062
0.0609
0.0687
0.0925
0.0869
0.0899
0.0863
0.0889
0.0836
0.0823
0.0724
0.0825
0.1188
0.0904
0.0895
0.0914
0.0613
0.0708
0.0656
0.0546
0.0768
0.0643
0.0577
0.0859
0.0936
0.1138
0.0768
0.1004
0.0866
0.0814
0.0846
0.0878
0.075
0.0759
0.0868
0.0718
0.0884
0.1058
0.0828
0.0899
0.0812
0.081
0.0555
0.0549
0.0721
0.0539
0.0531
0.1152
0.1167
0.061
0.0593
0.0759
0.1167
0.0681
0.0594
0.0705
0.0645
0.0935
0.0745
0.0845
0.094
0.0994
0.0858
0.1501
0.1324
0.1109

---------------------------------
VideoDecoderSubmitBuffers_D3D11_1
---------------------------------
7.5525
16.6872
14.665
0.6389
6.2255
0.681
0.7021
0.7346
0.6356
0.6282
0.631
0.6301
0.6357
0.5862
0.6526
0.6566
0.6224
0.5645
0.6338
0.5903
0.6365
0.7681
0.8033
0.6022
0.4507
0.4531
0.4232
0.4188
0.4357
0.4295
0.427
0.4046
0.4452
2.0348
0.4795
0.4046
0.4438
0.4295
0.4343
0.4135
0.4382
0.3942
0.4335
0.4243
0.4231
0.4349
0.4279
0.4277
0.4287
0.4303
0.418
0.4177
0.425
0.4415
0.4516
0.5765
0.4571
0.4133
0.4383
0.51
0.4609
0.4222
0.4404
0.4502
0.4948
0.4704
2.2883
0.4599
0.4589
0.4489
0.453
0.4478
0.4082
0.4309
0.4066
0.4065
0.4278
0.435
0.4357
0.3958
0.4319
0.422
0.4332
0.3974
0.4261
0.4231
0.4248
0.4186
0.4272
0.426
0.4218
0.4459
0.4292
0.4271
0.4145
0.4315
0.4162
0.4222
0.4408
1.7454
0.4799
0.4233
0.4492
0.4372
0.4524
2.0661
0.4179
0.552
3.485
0.4537
2.8053
0.4318
0.4541
0.5359
0.422
0.4445
0.3925
0.4041
0.4263
0.443
0.4121
0.4268
0.4435
0.4036
0.4343
0.3891
0.3924
0.4375
0.4042
0.4272
0.4085
0.4468
0.3849
0.4463
0.4015
0.44
0.4571
0.4455
0.4141
0.4375
0.3998
0.4393
0.4453
0.4084
0.4371
0.4026
0.4337
0.4141
0.4419
0.4137
2.2034
0.4145
0.4485
0.5634
0.4606
0.4618
0.4601
0.4403
0.4162
0.4361
0.4379
0.4416
0.4351
0.498
0.5217
0.4075
0.3973
0.3939
0.5064
0.3908
0.4136
0.4109
0.4404
0.4152
0.4258
0.4307
0.3928
0.4211
0.4495
0.4424
0.4025
0.4287
0.4313
0.4086
0.4303
0.3945
0.4304
0.4211
0.4243
0.4296
0.4064
0.4262
0.4046
0.4326
0.4174
0.4265
0.426
0.4087
0.4136
0.4484
0.4126
0.4246
0.4088
0.4403
0.4176
0.441
0.3856
0.4328
0.4303
0.3915
0.4242
0.4286
0.4312
0.3939
0.4231
0.42
0.4245
0.3966
0.426
0.427
0.4009
0.4377
0.412
0.4266
0.4283
0.42
0.4381
0.4055
0.4548
0.3946
0.4359
0.3827
0.443
0.3915
0.4177
0.4172
0.4456
0.4586
0.4083
0.4224
0.4079
0.4239
0.3963
0.4328
0.4234
0.4303
0.4359
0.4343
0.3999
0.4202
0.4255
0.424
0.4193
0.4346
0.4139
0.432
0.4338
0.4292
0.4034
0.426
0.3953
0.4354
0.4282
0.4286
0.384
0.4465
0.3958
0.4323
0.4286
0.4025
0.4451
0.4048
0.4224
0.419
0.4272
0.4325
0.3971
0.4265
0.4207
0.4236
0.4239
0.4013
0.4318
0.4302
0.422
0.4329
0.4338
0.3948
0.4335
0.4232
0.4164
0.4259
0.424
0.4203
0.4252
0.4282
0.432
0.3951
0.4465
0.4072
0.4384
0.4304
0.4547
0.4214
0.4128
0.3837
0.4067
0.429
0.394
0.4687
0.4394
0.4031
0.5439
0.4678
0.4525
0.4292
0.5253
0.4661
0.4277
0.4669
0.5179
0.4615
0.4506
0.4472
0.3985
0.5081
0.4095
0.4492
0.4039
0.4456
0.4228
0.461
0.4338
0.4091
0.4366
0.423
0.4559
0.4532
0.4005
0.4174
0.4414
0.4152
0.7765
0.9607
0.4298
0.454
0.4501
0.4221
0.4009
0.4239
0.4141
0.3979
0.3978
0.3947
0.4257
0.4063
0.434
0.3976
0.4114
0.4248
0.4256
0.4334
0.4051
0.4229
0.4105
0.4254
0.3974
0.4357
0.3942
0.4217
0.4179
0.4236
0.4227
0.417
0.4257
0.4481
0.4255
0.4318
0.4348
0.4126
0.4067
0.4252
0.3954
0.4291
0.4622
0.4324
0.397
0.4185
0.4254
0.4286
0.4369
0.4354
0.432
0.4211
0.4399
0.408
0.4149
0.4394
0.4359
0.4021
0.435
0.4146
0.44
0.3974
0.4133
0.4268
0.4199
0.4199
0.4206
0.4211
0.4139
0.4213
0.4244
0.4139
0.4212
0.4164
0.4101
0.4204
0.411
0.4217
0.4222
0.3965
0.4291
0.4234
0.421
0.425
0.4008
0.4055
0.4188
0.3859
0.4421
0.4182
0.4046
0.4414
0.4172
0.4449
0.3945
0.4367
0.3893
0.401
0.4384
0.4013
0.427
0.4118
0.4417
0.4156
0.4451
0.4449
0.4035
0.4317
0.4135
0.4323
0.4102
0.444
0.3929
0.4307
0.4316
0.3979
0.4355
0.4357
0.3944
0.4428
0.3852
0.4225
0.4403
0.4379
0.4486
0.4152
0.4275
0.3973
0.4315
0.43
0.4303
0.4081
0.4848
0.4379
0.4062
0.439
0.3971
0.4295
0.4284
0.4067
0.4301
0.4216
0.5449
0.4509
0.3962
0.5285
0.4938
0.4152
0.5245
0.4051
0.4756
0.4537
0.4089
0.396
0.5528
0.6012
0.4386
0.4899
0.4706
0.545
0.542
0.6806
0.5479
0.5534
0.5078
0.4272
0.4126
0.41
0.4925
0.6776
0.4563
0.4792
0.4501
0.5264
0.7167
0.4763
0.4079
0.416
0.4406
0.6238
0.5521
0.432
0.4563
0.5959
0.6381
0.4423
0.4051
0.4416
0.743
0.4458
0.6546
0.5901
0.52
0.4033
0.4096
0.4039
0.4989
0.4333
0.6415
0.4756
0.425
0.6641
0.4215
0.4668
0.4881
0.4615
0.467
0.4486
0.4404
0.4154
0.4515
0.4
0.4289
0.4475
0.4116
0.5817
0.4806
0.4693
0.4754
0.4284
0.4396
0.4443
0.4843
0.478
0.407
0.419
0.4799
0.4117
0.4974
0.5357
0.5101
0.4672
0.4302
0.4061
0.3896
0.4127
0.5259
0.3954
0.3873
0.5812
0.6449
0.5503
0.4091
0.419
0.7191
0.4208
0.4125
0.4104
0.4121
0.5634
0.4762
0.561
0.6268
0.6641
0.522
0.5673
0.6747
0.6126

