---------------------------------------------
CalcPrivateVideoDecoderOutputViewSize_D3D11_1
---------------------------------------------
0.0026
0.0012
0.0028
0.0017
0.0018
0.0014
0.0018
0.0012
0.0008
0.0012
0.0008
0.0008
0.0012
0.0028
0.0011
0.001
0.0012
0.0011
0.0008
0.0027
0.0009
0.0008
0.0006
0.0007
0.001
0.001
0.0008
0.0009
0.0019
0.0008
0.0008
0.0007
0.0008
0.0008
0.0007
0.0007
0.0008
0.0007
0.0008
0.0008
0.0009
0.0007
0.0021
0.0016
0.0009
0.0009
0.0008
0.0006
0.0013
0.0008
0.0006
0.0009
0.0008
0.0007
0.0007
0.0007
0.0007
0.0007
0.001
0.0007
0.0007
0.0009
0.0007
0.002
0.0007
0.0007
0.0007
0.0007
0.0007
0.001
0.0006
0.0007
0.0007
0.0009
0.0016
0.0015
0.0011
0.0013
0.0018
0.0011
0.0011
0.0007
0.0009
0.0008
0.0012
0.0012
0.001
0.001
0.0019
0.0011
0.0008
0.0009
0.0008
0.0008
0.0022
0.0009
0.001
0.0008
0.0018
0.0011
0.0009
0.0007
0.0007
0.0008
0.0007
0.0007
0.001
0.0007
0.0006
0.0008
0.0009
0.0007
0.0008
0.0006
0.0008
0.0008
0.0006
0.0012
0.0012
0.0006
0.0012
0.0008
0.0007
0.0018
0.001
0.001
0.0009
0.0007
0.0007
0.0009
0.0007
0.0007
0.0008
0.0007
0.0007
0.0007
0.0007
0.0006
0.0008
0.0007
0.0007
0.0109
0.0008
0.001
0.0007
0.0009
0.0007
0.0007
0.0007
0.0006
0.0007
0.001
0.0007
0.0007
0.0006
0.0006
0.0007
0.0007
0.0012
0.0007
0.0008
0.0007
0.0007
0.0008
0.0007
0.0007
0.0007
0.0008
0.0007
0.0007
0.0012
0.0007
0.0007
0.0007
0.0008
0.0008
0.0008
0.0007
0.0007
0.0007
0.0007
0.0007
0.0007
0.0006
0.0007
0.0006
0.0009
0.0007
0.0006
0.0007
0.0009
0.0007
0.0007
0.001
0.0006
0.0007
0.0006
0.0007
0.0009
0.0007
0.0008
0.0007
0.0008
0.0007
0.0007
0.0006
0.0006
0.0007
0.0007
0.0007
0.0007
0.0029
0.0007
0.0008
0.0007
0.0018
0.0012
0.001
0.0009
0.0009
0.001
0.0009
0.0012
0.001
0.0008
0.0008
0.0008
0.0008
0.001
0.0009
0.0009
0.001
0.0009
0.0009
0.0009
0.0008
0.0008
0.0012
0.0013
0.001
0.0011
0.0012
0.001
0.0021
0.0009
0.0007
0.001
0.0014
0.0008
0.0023
0.001
0.0007
0.0009
0.0011
0.0007
0.0008
0.001
0.0007
0.0021
0.0014
0.0012
0.0017
0.0009
0.0008
0.0018
0.0007
0.0007
0.0016
0.0011
0.0008
0.0007
0.0007
0.0008
0.0008
0.0007
0.0007
0.0007
0.0008
0.0006
0.0015
0.001
0.0014
0.0008
0.0007
0.0008
0.0015
0.001
0.0017
0.0012
0.0009
0.0008
0.0016
0.0009
0.0008
0.0015
0.0013
0.0008
0.0016
0.0011
0.0009
0.0009
0.0009
0.0017
0.0016
0.001
0.0014
0.0018
0.0009
0.0009
0.0011
0.001
0.0008
0.0017
0.0009
0.0008
0.001
0.0026
0.0011
0.0008
0.0009
0.0007
0.0008
0.0014
0.0015
0.0016
0.0016
0.0016
0.0016
0.0015
0.002
0.0018
0.001
0.0014
0.0015
0.0016
0.0012
0.0009
0.0032
0.0015
0.0014
0.0012
0.001
0.0021
0.001
0.0008
0.0012
0.0009
0.001
0.0008
0.0009
0.0008
0.0011
0.0011
0.0007
0.0017
0.001
0.0008
0.0012
0.0008
0.0006
0.0025
0.001
0.0015
0.0012
0.0011
0.0024
0.0018
0.0017
0.0014
0.0012
0.0014
0.0012
0.0017
0.0011
0.0012
0.0012
0.0013
0.0016
0.0015
0.002
0.0019
0.0009
0.001
0.002
0.0011
0.0017
0.0038
0.0012
0.0022
0.0009
0.0006
0.0015
0.0015
0.0018
0.0009
0.0009
0.0009
0.0006
0.0009
0.0024
0.0014
0.0022
0.0015
0.0011
0.001
0.0009
0.0016
0.0013
0.0014
0.0016
0.0014
0.0011
0.0013
0.0012
0.0014
0.001
0.0017
0.001
0.0011
0.0008
0.0011
0.0011
0.0017
0.001
0.0016
0.0014
0.0011
0.001
0.0015
0.0011
0.0027
0.0018
0.0015
0.0019
0.0012
0.0008
0.001
0.0009
0.0014
0.0012
0.0007
0.001
0.0009
0.0007
0.0007
0.0015
0.0027
0.0011
0.0012
0.0007
0.0012
0.0009
0.0007
0.0007
0.0008
0.0008
0.0017
0.0009
0.0008
0.0008
0.0008
0.0007
0.0018
0.0014
0.0015
0.0009
0.0009
0.0011
0.0023
0.0013
0.0011
0.0013
0.0015
0.0009
0.0058
0.0011
0.001
0.0022
0.0017
0.0018
0.0015
0.0014
0.001
0.0024
0.0011
0.0009
0.0007
0.0008
0.0008
0.0028
0.0009
0.0014
0.0013
0.0011
0.0014
0.0011
0.002
0.0018
0.0019
0.001
0.0008
0.0009
0.0014
0.0013
0.0009
0.0011
0.0009
0.0008
0.001
0.001
0.0008
0.0008
0.0015
0.0009
0.0009
0.001
0.0008
0.0007
0.0008
0.0007
0.0009
0.0008
0.0007
0.0009
0.0007
0.0008
0.0012
0.0007
0.0007
0.0008
0.0008
0.0009
0.001
0.0007
0.001
0.0007
0.0009
0.0008
0.0007
0.0008
0.0009
0.0009
0.0007
0.0007
0.0008
0.0008
0.0007
0.0009
0.0007
0.0007
0.0009
0.001
0.0009
0.0013
0.0008
0.0008
0.0008
0.0008
0.0008
0.0008
0.0009
0.0011
0.0015
0.0008
0.001
0.0022
0.001
0.001
0.0007
0.0012
0.0007
0.0007
0.0008
0.0009
0.0009
0.0007
0.0015
0.001
0.0009
0.0011
0.0009
0.0009
0.001
0.0008
0.0009
0.0008
0.0007
0.001
0.0008
0.001
0.001
0.0021
0.0013
0.001
0.0009
0.0008
0.0008
0.0007
0.0011
0.0012

-----------------------
CodechalDecode::Execute
-----------------------
16.1674
9.3548
1.3332
1.1024
19.2834
37.9064
38.9463
0.6503
0.6117
0.6315
0.5889
0.5791
0.5917
0.7177
0.6124
0.6218
0.7479
0.5603
0.612
0.741
0.6084
0.5847
0.5635
0.629
0.4182
0.3863
0.3982
0.4255
0.4221
0.4264
0.4452
0.4026
0.4284
0.4035
0.4391
0.397
0.4435
0.3917
0.4258
0.4347
0.4105
0.42
0.4312
0.4584
0.4071
0.4328
0.3995
0.3873
0.4922
0.4189
0.382
0.4242
0.4313
0.3838
0.4218
0.4179
0.4016
0.4135
0.421
0.4069
0.4369
0.3838
0.4097
0.4092
0.4197
0.4015
0.4176
0.4188
0.4218
0.4085
0.4162
0.4176
0.421
0.3868
0.4806
0.5068
0.4017
0.47
0.5423
0.4157
0.4254
0.4258
0.4184
0.4138
0.4724
0.485
0.429
0.4881
0.3955
0.4781
0.4268
0.4428
0.4317
0.4444
0.4052
0.4248
0.3938
0.4295
0.4637
0.4157
0.3817
0.3877
0.4042
0.4034
0.4054
0.4065
0.4076
0.4045
0.3999
0.408
0.4244
0.3859
0.4286
0.4179
0.4013
0.4097
0.4148
0.3984
0.3891
0.4147
0.449
0.4294
0.4052
0.5058
0.4415
0.4265
0.4124
0.4325
0.4156
0.3885
0.4162
0.4046
0.4084
0.4257
0.4134
0.4149
0.3881
0.4071
0.4139
0.4175
0.4099
0.4273
0.3905
0.3927
0.4195
0.3828
0.3888
0.4199
0.4143
0.399
0.4024
0.4163
0.4072
0.3892
0.3979
0.4048
0.3875
0.4172
0.4202
0.4094
0.4057
0.4146
0.4055
0.4159
0.4042
0.4168
0.4186
0.4081
0.3926
0.4057
0.3912
0.4149
0.4277
0.4111
0.4056
0.4207
0.419
0.4384
0.4267
0.3845
0.4143
0.3913
0.4137
0.3877
0.4329
0.3917
0.4216
0.3946
0.4168
0.3943
0.4382
0.3869
0.4207
0.3993
0.4006
0.3864
0.414
0.4151
0.391
0.4155
0.4132
0.4188
0.4079
0.4217
0.3904
0.4089
0.4069
0.4041
0.4083
0.412
0.4183
0.3953
0.4205
0.4195
0.4094
0.5341
0.4474
0.3982
0.4271
0.3967
0.4216
0.3913
0.3986
0.4305
0.39
0.4401
0.3914
0.4208
0.3893
0.4272
0.3905
0.4513
0.4253
0.44
0.3959
0.4222
0.3912
0.5897
0.3795
0.4293
0.4628
0.6066
0.529
0.6244
0.4166
0.4052
0.3998
0.4457
0.3769
0.7
0.4201
0.4176
0.5052
0.4024
0.4104
0.4322
0.403
0.4204
0.6772
0.4777
0.5687
0.4847
0.4012
0.3755
0.3874
0.3951
0.4154
0.4567
0.4145
0.4001
0.4081
0.4096
0.4221
0.4186
0.3736
0.3932
0.3772
0.3934
0.377
0.4476
0.3861
0.5823
0.3823
0.4065
0.404
0.4218
0.4036
0.48
0.3839
0.3814
0.3859
0.4645
0.4376
0.3908
0.4551
0.4277
0.4394
0.5976
0.4161
0.4014
0.3819
0.4158
0.4422
0.4481
0.3908
0.6159
0.5032
0.3939
0.463
0.4166
0.3898
0.3815
0.46
0.4133
0.4057
0.3849
0.3855
0.5814
0.3928
0.3946
0.4021
0.3964
0.6168
0.6347
0.6345
0.5872
0.6258
0.6054
0.6257
0.595
0.4917
0.4169
0.4065
0.4716
0.4528
0.4018
0.3911
0.3766
0.4229
0.4318
0.4101
0.4244
0.6647
0.4122
0.41
0.6033
0.4247
0.3812
0.4097
0.4203
0.4137
0.4192
0.5987
0.4338
0.6036
0.4505
0.4195
0.3736
0.3645
0.3994
0.6685
0.4384
0.5354
0.5298
0.496
0.5923
0.5668
0.6626
0.6557
0.6392
0.5972
0.4787
0.7129
0.4364
0.4815
0.4559
0.406
0.4764
0.66
0.6179
0.5121
0.3926
0.4019
0.6732
0.4125
0.6192
0.6288
0.5143
0.6015
0.381
0.385
0.436
0.5437
0.5731
0.4319
0.4535
0.4235
0.39
0.388
0.6672
0.589
0.4958
0.486
0.4813
0.4311
0.3986
0.6103
0.4377
0.5412
0.5821
0.6129
0.5364
0.4892
0.563
0.4678
0.4026
0.5146
0.4547
0.4179
0.486
0.4638
0.5147
0.4315
0.4518
0.4468
0.4701
0.3975
0.4257
0.5866
0.4512
0.5318
0.6021
0.6155
0.5791
0.4097
0.409
0.4604
0.4688
0.4256
0.4433
0.433
0.4187
0.3909
0.3809
0.4159
0.4263
0.7419
0.4362
0.4228
0.416
0.419
0.4085
0.4001
0.4163
0.4251
0.4159
0.493
0.4072
0.422
0.529
0.4467
0.3946
0.5076
0.4556
0.5944
0.3975
0.4128
0.4108
0.5412
0.4477
0.3966
0.5713
0.5804
0.4086
0.6816
0.4034
0.4154
0.4528
0.4183
0.4421
0.5635
0.4195
0.533
0.6487
0.4036
0.3906
0.3786
0.4027
0.3942
0.6305
0.4415
0.6437
0.5444
0.3948
0.4666
0.4388
0.6333
0.644
0.6366
0.3934
0.403
0.4282
0.4214
0.6072
0.4053
0.3934
0.453
0.3917
0.3945
0.4229
0.4287
0.3867
0.449
0.4489
0.4245
0.3892
0.3879
0.3989
0.3837
0.4231
0.4092
0.4773
0.3978
0.4064
0.4088
0.4118
0.4007
0.4174
0.4276
0.4258
0.3932
0.4202
0.3815
0.45
0.4253
0.4092
0.4252
0.4044
0.4165
0.4238
0.4078
0.4222
0.3918
0.4296
0.3946
0.4291
0.4013
0.4072
0.4246
0.3983
0.4231
0.4002
0.4198
0.394
0.4309
0.4209
0.4034
0.4231
0.4436
0.4622
0.4607
0.5179
0.4321
0.3994
0.4367
0.5487
0.4123
0.4341
0.3873
0.439
0.4763
0.4196
0.402
0.4466
0.3683
0.4348
0.4821
0.408
0.4492
0.3815
0.3785
0.4269
0.4637
0.4853
0.4178
0.4664
0.4263
0.4659
0.4324
0.5273
0.4779
0.5482
0.6134
0.4213
0.4491
0.4198
0.4096
0.4461
0.4199
0.5179

---------------------------------------
CodechalDecodeHevcG12::DecodeStateLevel
---------------------------------------
0.5985
14.1933
0.3635
0.2144
0.6698
0.2706
0.3579
0.193
0.8382
1.0752
13.0599
0.247
13.3192
9.6128
0.2116
0.195
0.2306
0.1859
0.2531
0.2406
0.2162
0.1869
0.235
0.1958
0.2358
0.1768
0.307
0.2025
0.2392
0.1986
0.2274
0.2147
0.3093
0.2284
0.206
0.1994
0.2263
0.1905
0.2967
0.2443
0.2574
0.188
0.2264
0.1899
0.2159
0.1864
0.2385
0.1871
0.1632
0.1238
0.1459
0.1236
0.1626
0.1241
0.1636
0.1291
0.1642
0.1287
0.1615
0.14
0.1886
0.1309
0.151
0.135
0.17
0.1315
0.157
0.1313
0.1815
0.1296
0.1507
0.1308
0.1665
0.1285
0.1497
0.1212
0.168
0.1306
0.1754
0.1301
0.1658
0.1243
0.1564
0.1414
0.1626
0.1255
0.1765
0.1337
0.155
0.1304
0.167
0.1352
0.1497
0.1324
0.1484
0.1249
0.2052
0.1354
0.1584
0.1349
0.1457
0.1228
0.1596
0.141
0.1706
0.1286
0.1474
0.1223
0.159
0.1364
0.1571
0.132
0.1532
0.1273
0.1558
0.132
0.1593
0.1322
0.1553
0.1263
0.1697
0.1353
0.145
0.1196
0.1535
0.1348
0.1566
0.1279
0.158
0.1261
0.1536
0.1254
0.1603
0.1265
0.1614
0.1259
0.16
0.1354
0.151
0.1219
0.1584
0.1326
0.1558
0.1361
0.1636
0.1307
0.1479
0.1217
0.1802
0.1479
0.2244
0.1308
0.1528
0.124
0.1877
0.1305
0.2393
0.135
0.1656
0.1252
0.1696
0.1318
0.1609
0.1335
0.1714
0.1199
0.1579
0.1325
0.1914
0.127
0.2013
0.1329
0.1663
0.1315
0.2076
0.1304
0.151
0.1245
0.1888
0.1318
0.1666
0.1297
0.1839
0.1226
0.1742
0.1282
0.1779
0.1378
0.1598
0.1248
0.1629
0.1271
0.1498
0.1201
0.1698
0.1264
0.1761
0.1369
0.1608
0.135
0.1445
0.1261
0.1501
0.1273
0.1544
0.1247
0.154
0.1266
0.1531
0.1323
0.1556
0.1271
0.1532
0.1332
0.1524
0.1324
0.1542
0.1255
0.1536
0.1323
0.1619
0.1359
0.1489
0.122
0.1615
0.1384
0.1566
0.1338
0.1529
0.1267
0.1554
0.1318
0.1566
0.136
0.1523
0.1229
0.1609
0.1101
0.1623
0.1256
0.1759
0.1354
0.161
0.136
0.155
0.1291
0.2105
0.1316
0.1761
0.1275
0.1643
0.133
0.1643
0.1232
0.1715
0.1285
0.1574
0.1353
0.1492
0.1228
0.1544
0.1356
0.1526
0.1321
0.1563
0.126
0.1605
0.135
0.1562
0.1333
0.1594
0.1271
0.147
0.1272
0.155
0.1302
0.1582
0.1335
0.16
0.1248
0.1553
0.1315
0.1655
0.1292
0.1484
0.1212
0.1482
0.12
0.1629
0.1315
0.1421
0.1262
0.1471
0.1295
0.1648
0.1279
0.1529
0.1358
0.1511
0.1314
0.1562
0.124
0.1556
0.1336
0.1527
0.1328
0.1539
0.1223
0.1499
0.1246
0.1544
0.1296
0.1463
0.1262
0.1579
0.1285
0.1602
0.1348
0.1541
0.1323
0.1566
0.1255
0.1563
0.1335
0.157
0.1262
0.1573
0.1274
0.1564
0.1248
0.1596
0.1328
0.1562
0.1269
0.158
0.1265
0.1496
0.1286
0.1523
0.1336
0.1499
0.1197
0.1561
0.1324
0.1679
0.1304
0.157
0.1321
0.1558
0.1271
0.1588
0.1343
0.1612
0.1269
0.176
0.1297
0.1687
0.127
0.1473
0.122
0.1604
0.1305
0.1495
0.1198
0.1574
0.1275
0.1462
0.1274
0.1701
0.1297
0.1498
0.1228
0.1598
0.1368
0.1534
0.1216
0.157
0.1279
0.1467
0.1314
0.1722
0.1323
0.1492
0.1219
0.1568
0.1345
0.1484
0.1254
0.1534
0.1276
0.1459
0.1273
0.1577
0.1297
0.1578
0.1342
0.1478
0.1291
0.1545
0.1288
0.1566
0.1346
0.1643
0.1284
0.1571
0.1253
0.1613
0.1342
0.1465
0.1286
0.1562
0.1243
0.1541
0.1316
0.1551
0.1267
0.1558
0.1244
0.1597
0.1283
0.1608
0.1317
0.1491
0.1203
0.1563
0.138
0.1655
0.1283
0.1575
0.1253
0.2247
0.1376
0.1841
0.1295
0.1576
0.1231
0.1639
0.1381
0.1569
0.125
0.1592
0.1264
0.1538
0.1251
0.1514
0.123
0.1703
0.1296
0.1473
0.1211
0.186
0.1292
0.1475
0.1254
0.1682
0.1293
0.1479
0.1208
0.1726
0.1272
0.1486
0.1289
0.1936
0.1284
0.1641
0.132
0.1805
0.1325
0.1565
0.1244
0.163
0.1261
0.155
0.1232
0.2179
0.1936
0.1486
0.1137
0.1669
0.1287
0.1798
0.1345
0.2392
0.188
0.2089
0.1756
0.2486
0.1835
0.1635
0.1274
0.155
0.1304
0.1519
0.1227
0.1839
0.1255
0.1411
0.118
0.2636
0.1986
0.1589
0.1313
0.1646
0.1308
0.1778
0.1765
0.1558
0.1245
0.149
0.1411
0.1665
0.1373
0.1545
0.125
0.1641
0.1338
0.2519
0.2242
0.2013
0.1252
0.216
0.1935
0.1942
0.1334
0.1569
0.1201
0.1416
0.1246
0.1481
0.1229
0.1472
0.1287
0.1559
0.1293
0.1817
0.1302
0.1574
0.1297
0.1548
0.126
0.1549
0.1331
0.1529
0.1274
0.1606
0.1342
0.1589
0.1319
0.1434
0.1189
0.1471
0.1283
0.1443
0.1243
0.1495
0.1197
0.1433
0.1202
0.1671
0.1301
0.147
0.1263
0.2243
0.1934
0.1465
0.1239
0.15
0.1372
0.1564
0.1286
0.1617
0.1272
0.1488
0.1329
0.1917
0.1334
0.1473
0.125
0.1486
0.1199
0.1463
0.1222
0.1847
0.1312
0.1717
0.1296
0.1493
0.1283
0.1797
0.1305
0.1587
0.1293
0.1672
0.1261
0.2283
0.1959
0.1572
0.1309
0.1559
0.1339
0.1451
0.1217
0.143
0.1467
0.1687
0.1275
0.1803
0.1267
0.15
0.1213
0.2311
0.2003
0.2148
0.1314
0.1522
0.1234
0.184
0.155
0.1531
0.1375
0.145
0.1216
0.1491
0.1208
0.1805
0.1295
0.158
0.1273
0.1636
0.1281
0.1463
0.1245
0.1437
0.1245
0.2117
0.1986
0.1482
0.1327
0.1521
0.1293
0.1507
0.1311
0.1489
0.1273
0.2451
0.1877
0.2408
0.2084
0.2405
0.2063
0.2166
0.1975
0.2333
0.2057
0.229
0.2009
0.2358
0.198
0.2273
0.1922
0.1943
0.1339
0.156
0.1305
0.152
0.1279
0.1915
0.1258
0.1798
0.128
0.1528
0.1301
0.1501
0.1237
0.1432
0.1201
0.1606
0.1292
0.1679
0.1279
0.1534
0.1256
0.1554
0.1326
0.2513
0.2101
0.1577
0.1257
0.1561
0.1297
0.2303
0.1976
0.1635
0.1292
0.147
0.1222
0.1645
0.1232
0.1649
0.1262
0.1553
0.1323
0.1656
0.1264
0.2226
0.2014
0.1661
0.1371
0.2282
0.194
0.1737
0.1434
0.1599
0.1268
0.144
0.1193
0.1406
0.1128
0.1503
0.1269
0.2632
0.2014
0.1507
0.1575
0.2165
0.1748
0.1928
0.18
0.1822
0.168
0.2465
0.1732
0.2012
0.178
0.2431
0.2192
0.2332
0.221
0.2396
0.2181
0.2178
0.1921
0.1904
0.151
0.2754
0.2259
0.1626
0.1383
0.1731
0.1588
0.1737
0.1363
0.1511
0.131
0.1881
0.1436
0.2602
0.209
0.2385
0.1945
0.2045
0.1403
0.1513
0.1222
0.1568
0.1233
0.267
0.2014
0.1591
0.1239
0.2403
0.1946
0.2375
0.215
0.2222
0.1475
0.2332
0.1942
0.1461
0.1231
0.1448
0.1305
0.1648
0.1322
0.2077
0.1714
0.2143
0.1872
0.1671
0.1346
0.1839
0.1361
0.1571
0.1455
0.1481
0.1265
0.1424
0.1325
0.2428
0.2065
0.2177
0.1935
0.1843
0.1381
0.192
0.1422
0.1628
0.1607
0.1636
0.1323
0.1491
0.1325
0.2306
0.1952
0.162
0.1302
0.2395
0.1387
0.2205
0.194
0.2257
0.2102
0.2241
0.1597
0.209
0.1335
0.2218
0.1876
0.1655
0.1498
0.1534
0.1232
0.2109
0.1522
0.1669
0.156
0.1633
0.1316
0.1573
0.1843
0.1763
0.1446
0.1762
0.1886
0.1608
0.1331
0.178
0.1368
0.1687
0.129
0.1939
0.13
0.1489
0.123
0.1532
0.1459
0.2281
0.1893
0.1803
0.1279
0.2292
0.1354
0.223
0.1944
0.2286
0.1961
0.2236
0.1787
0.1567
0.1278
0.1529
0.136
0.1559
0.1526
0.1757
0.1701
0.1641
0.1302
0.1613
0.1509
0.1675
0.1275
0.1598
0.1218
0.1448
0.1302
0.1441
0.1269
0.15
0.1479
0.1574
0.1271
0.2993
0.2001
0.1686
0.1301
0.1606
0.1292
0.1613
0.1325
0.1567
0.1339
0.1606
0.1279
0.1572
0.1256
0.1654
0.1335
0.1688
0.1299
0.16
0.1333
0.2111
0.1298
0.1588
0.1227
0.1617
0.1366
0.1745
0.1883
0.1821
0.1275
0.1478
0.1272
0.2036
0.1385
0.1697
0.143
0.2412
0.1885
0.1553
0.1225
0.1535
0.1336
0.1601
0.1237
0.2181
0.1345
0.176
0.1271
0.1479
0.1313
0.2098
0.1921
0.2167
0.1882
0.1601
0.1289
0.2562
0.2081
0.1544
0.1241
0.16
0.1254
0.1728
0.1275
0.1703
0.1151
0.1746
0.1299
0.229
0.1673
0.1579
0.1249
0.1958
0.1898
0.2448
0.1993
0.1543
0.1228
0.1477
0.1289
0.1442
0.1252
0.1554
0.1267
0.1525
0.124
0.243
0.1962
0.167
0.1306
0.2468
0.2087
0.2271
0.1489
0.1484
0.1235
0.192
0.1271
0.1702
0.1393
0.2372
0.2011
0.2461
0.2102
0.2388
0.2004
0.151
0.123
0.1487
0.1308
0.1584
0.1388
0.1574
0.1294
0.2299
0.197
0.1579
0.1238
0.148
0.1283
0.1721
0.141
0.1473
0.1305
0.1443
0.1235
0.1613
0.1256
0.1666
0.1327
0.1436
0.1308
0.1762
0.1327
0.1814
0.1337
0.1893
0.1213
0.1463
0.123
0.1486
0.123
0.1573
0.123
0.1478
0.1226
0.1589
0.1316
0.1584
0.1282
0.1526
0.2004
0.1559
0.1265
0.155
0.1264
0.1631
0.127
0.1599
0.1281
0.1587
0.1197
0.161
0.1317
0.163
0.1311
0.1705
0.1295
0.1524
0.1237
0.1697
0.1304
0.148
0.1215
0.1927
0.1307
0.1773
0.1246
0.156
0.1297
0.1715
0.1314
0.1566
0.1305
0.1645
0.1284
0.1636
0.1274
0.165
0.1233
0.1608
0.1347
0.1556
0.1229
0.1655
0.1379
0.1546
0.1248
0.1627
0.1371
0.1588
0.1246
0.1555
0.127
0.1608
0.1403
0.1586
0.1237
0.1585
0.136
0.1566
0.1223
0.1582
0.1396
0.1487
0.1177
0.172
0.1296
0.1695
0.1285
0.1562
0.1309
0.168
0.1332
0.1779
0.1383
0.2025
0.1288
0.1712
0.1412
0.1821
0.1832
0.1679
0.1266
0.1493
0.1329
0.164
0.1462
0.2274
0.1369
0.1651
0.1238
0.1624
0.1433
0.1442
0.1219
0.1779
0.1261
0.1893
0.129
0.1628
0.1306
0.1596
0.1232
0.1619
0.1534
0.14
0.1169
0.1694
0.1385
0.1816
0.1467
0.155
0.1286
0.1731
0.1511
0.1457
0.1179
0.1421
0.1206
0.1585
0.1429
0.1834
0.1436
0.1959
0.1448
0.1548
0.1412
0.1819
0.1425
0.1653
0.1332
0.1828
0.145
0.1646
0.1411
0.2138
0.1665
0.1826
0.153
0.2324
0.1356
0.2428
0.2009
0.1634
0.1364
0.1745
0.141
0.1586
0.1388
0.1549
0.1378
0.1712
0.1394
0.1553
0.1341
0.2034
0.1438

-------------------------------------
CodechalDecodeHevcG12::SetFrameStates
-------------------------------------
0.9805
8.6484
0.2537
0.401
17.1532
24.4646
15.8158
0.1176
0.0415
0.0373
0.0341
0.0345
0.0366
0.0448
0.0352
0.037
0.0409
0.0356
0.0382
0.0453
0.0365
0.0378
0.0337
0.0351
0.0448
0.0334
0.0309
0.0338
0.0349
0.0349
0.0347
0.0318
0.0351
0.0321
0.0341
0.0322
0.0344
0.0331
0.0336
0.035
0.0325
0.0336
0.0365
0.0401
0.0341
0.0349
0.0325
0.0335
0.0403
0.0344
0.0313
0.0338
0.0342
0.0312
0.0318
0.0358
0.0349
0.034
0.0342
0.032
0.0367
0.0312
0.0324
0.0344
0.0336
0.0333
0.0352
0.035
0.0333
0.0325
0.033
0.034
0.0353
0.0316
0.0398
0.0395
0.0331
0.0393
0.0452
0.0344
0.0348
0.0342
0.0365
0.0321
0.0412
0.039
0.0369
0.0387
0.0334
0.0394
0.0358
0.035
0.0347
0.035
0.0333
0.0346
0.0325
0.0348
0.0419
0.035
0.0309
0.0305
0.0375
0.0339
0.0335
0.0346
0.0332
0.0318
0.0327
0.033
0.034
0.031
0.0345
0.0335
0.0349
0.0332
0.0331
0.0326
0.0247
0.0317
0.0359
0.0368
0.0334
0.0442
0.0372
0.0358
0.0319
0.0355
0.034
0.0332
0.0359
0.0326
0.0354
0.0349
0.0338
0.0369
0.0306
0.0336
0.0332
0.0338
0.0328
0.0352
0.0324
0.0319
0.0334
0.0301
0.0299
0.036
0.0324
0.0318
0.0332
0.0327
0.0333
0.0305
0.0313
0.0325
0.0306
0.0338
0.0331
0.0324
0.0331
0.0326
0.0333
0.0328
0.0327
0.033
0.0329
0.0332
0.0316
0.0326
0.0322
0.0337
0.0342
0.0328
0.0326
0.0334
0.039
0.0346
0.035
0.0313
0.0333
0.0315
0.0332
0.0307
0.0347
0.0307
0.0326
0.0318
0.0337
0.0306
0.0335
0.0306
0.0339
0.0325
0.0335
0.0307
0.0332
0.0333
0.031
0.0389
0.0329
0.0331
0.0334
0.0336
0.0309
0.0314
0.0328
0.0328
0.0377
0.0333
0.0335
0.0395
0.0348
0.0331
0.0336
0.0446
0.0382
0.0327
0.034
0.0326
0.0342
0.0317
0.0335
0.0342
0.0321
0.0339
0.0315
0.033
0.0316
0.0349
0.0314
0.0344
0.0353
0.0347
0.0316
0.0335
0.0313
0.0472
0.0242
0.0373
0.0364
0.0486
0.0396
0.0526
0.0328
0.0329
0.0333
0.0388
0.0305
0.0526
0.0361
0.035
0.0346
0.0348
0.0324
0.034
0.0353
0.0355
0.0581
0.0511
0.0467
0.04
0.0365
0.0309
0.031
0.032
0.0333
0.0396
0.0348
0.0324
0.0331
0.0333
0.0348
0.0357
0.0335
0.0302
0.0306
0.0326
0.0335
0.0488
0.0325
0.0448
0.0314
0.0354
0.0324
0.0372
0.0338
0.0403
0.0325
0.0331
0.0311
0.0396
0.0367
0.0317
0.0389
0.0359
0.0399
0.0462
0.0351
0.0328
0.0329
0.0308
0.0404
0.0388
0.0341
0.0454
0.0442
0.0336
0.0309
0.0373
0.0326
0.0306
0.0416
0.0367
0.0333
0.0323
0.0377
0.0429
0.0318
0.0302
0.031
0.0321
0.0479
0.0507
0.0496
0.0456
0.0511
0.047
0.0539
0.0467
0.0438
0.0353
0.0375
0.0393
0.039
0.0331
0.0324
0.0313
0.037
0.0394
0.0392
0.0402
0.0587
0.0358
0.0343
0.045
0.0359
0.0319
0.0332
0.0348
0.0328
0.0335
0.0452
0.0348
0.0459
0.0356
0.0401
0.0301
0.0234
0.0317
0.0583
0.0366
0.0405
0.0447
0.0315
0.0486
0.0461
0.0568
0.0577
0.0489
0.0457
0.0366
0.0541
0.0349
0.0386
0.038
0.0372
0.0382
0.053
0.0524
0.0455
0.0347
0.0338
0.0537
0.037
0.0519
0.0492
0.0451
0.0475
0.0313
0.0305
0.0383
0.0463
0.0486
0.036
0.0331
0.0338
0.0322
0.0308
0.0542
0.0504
0.0513
0.0405
0.0368
0.0436
0.0332
0.0511
0.0473
0.0507
0.0503
0.0484
0.0471
0.0435
0.0445
0.0484
0.0341
0.0472
0.0341
0.0359
0.0316
0.0382
0.0371
0.0438
0.0355
0.0499
0.0458
0.0325
0.0364
0.0464
0.0396
0.054
0.0466
0.0491
0.0426
0.0352
0.0328
0.0369
0.0333
0.0349
0.0346
0.0421
0.0455
0.0328
0.0311
0.0318
0.0462
0.0615
0.0363
0.0387
0.0328
0.0322
0.0325
0.0316
0.0325
0.0321
0.0336
0.0428
0.0329
0.0337
0.0419
0.0403
0.0321
0.0451
0.0368
0.0465
0.0328
0.0336
0.0323
0.0621
0.0372
0.0334
0.0457
0.0462
0.0332
0.0659
0.0351
0.0348
0.0409
0.0287
0.0404
0.0492
0.0399
0.0336
0.0545
0.0353
0.0336
0.0309
0.0352
0.0344
0.0513
0.048
0.0489
0.0521
0.0332
0.0409
0.0373
0.0563
0.0482
0.053
0.0341
0.0358
0.0353
0.0364
0.0479
0.0357
0.0333
0.0317
0.0328
0.0472
0.0465
0.0336
0.0312
0.0397
0.0359
0.031
0.034
0.033
0.0329
0.0318
0.0343
0.0327
0.0336
0.0315
0.0333
0.0319
0.0344
0.0327
0.0338
0.035
0.0359
0.031
0.0331
0.0313
0.0341
0.0325
0.0333
0.0332
0.0316
0.0331
0.0346
0.0331
0.035
0.0316
0.0339
0.0326
0.0334
0.0327
0.0329
0.0342
0.0315
0.0337
0.0321
0.0346
0.0321
0.0344
0.0339
0.0321
0.0331
0.0353
0.0346
0.0487
0.0358
0.0373
0.0328
0.0377
0.0468
0.034
0.0348
0.038
0.0343
0.0383
0.0357
0.0311
0.0345
0.0303
0.0369
0.0456
0.0399
0.036
0.0316
0.0306
0.0313
0.0367
0.0362
0.0318
0.0374
0.0322
0.0351
0.0315
0.0363
0.0372
0.0475
0.0549
0.0332
0.0342
0.0319
0.0312
0.0336
0.0331
0.0488

--------------------------
CreateVideoDecoder_D3D11_1
--------------------------
21.3742

---------------------------
DestroyVideoDecoder_D3D11_1
---------------------------
0

----------------
First Frame Time
----------------
91.1497

--------------------------------------
VideoDecoderBeginFrame_WDDM2_4_D3D11_1
--------------------------------------
0.0109
0.0032
0.0042
0.0032
0.0035
0.003
0.0026
0.0029
0.002
0.0022
0.0017
0.0021
0.0019
0.0037
0.0021
0.0022
0.0022
0.0027
0.0022
0.0035
0.0023
0.0019
0.0018
0.002
0.0026
0.0022
0.0019
0.0018
0.0027
0.0017
0.0016
0.0017
0.0018
0.0018
0.0018
0.0018
0.0021
0.0021
0.0017
0.0018
0.0018
0.0017
0.0031
0.0028
0.002
0.0018
0.0016
0.0015
0.0024
0.002
0.0018
0.0017
0.0021
0.0017
0.0017
0.0018
0.0017
0.0016
0.0018
0.0018
0.0019
0.0017
0.0016
0.0028
0.0018
0.0018
0.002
0.0018
0.0017
0.0021
0.0017
0.0018
0.0018
0.0018
0.003
0.0028
0.002
0.0025
0.006
0.0023
0.0019
0.0018
0.0019
0.0016
0.0022
0.0023
0.005
0.0023
0.0018
0.002
0.0019
0.0022
0.0018
0.0021
0.0033
0.0018
0.002
0.002
0.0032
0.0023
0.0018
0.0018
0.0017
0.0019
0.0019
0.0019
0.0019
0.0018
0.0021
0.0018
0.0018
0.003
0.0017
0.0017
0.0019
0.0018
0.0017
0.0026
0.0022
0.0017
0.0022
0.0021
0.0017
0.0031
0.0026
0.002
0.0021
0.0019
0.0019
0.0018
0.0018
0.002
0.0019
0.0017
0.0018
0.0017
0.0019
0.0016
0.0018
0.0018
0.0019
0.0094
0.0018
0.0021
0.0019
0.0018
0.0017
0.0016
0.0016
0.0018
0.0019
0.0018
0.002
0.0016
0.0017
0.0017
0.0017
0.0017
0.0017
0.0018
0.0017
0.0017
0.0016
0.0017
0.0017
0.0018
0.0017
0.0017
0.0017
0.0017
0.0025
0.0017
0.0017
0.0018
0.0016
0.0019
0.0018
0.0019
0.0018
0.0039
0.0016
0.0018
0.0016
0.0017
0.0017
0.0017
0.0025
0.0019
0.0017
0.0016
0.0016
0.0018
0.0018
0.0021
0.0018
0.0016
0.0016
0.0018
0.0019
0.0017
0.0017
0.0017
0.0017
0.0019
0.0018
0.0017
0.0017
0.0018
0.0018
0.0017
0.0018
0.0034
0.0017
0.0018
0.0039
0.0031
0.0025
0.0021
0.0018
0.0018
0.0018
0.0018
0.0021
0.0017
0.0018
0.0016
0.0018
0.0017
0.0018
0.0018
0.0017
0.0018
0.0019
0.0018
0.0018
0.002
0.0018
0.0032
0.0022
0.0018
0.0021
0.0027
0.002
0.0033
0.0019
0.002
0.0021
0.0023
0.0017
0.0037
0.0022
0.0019
0.0019
0.0053
0.0023
0.0018
0.0019
0.0019
0.0057
0.0032
0.0026
0.0031
0.0022
0.0017
0.002
0.0016
0.0019
0.0028
0.0022
0.002
0.0017
0.0018
0.0017
0.0017
0.0016
0.0015
0.0016
0.002
0.0016
0.0028
0.0022
0.0025
0.002
0.0018
0.0018
0.0027
0.0021
0.0044
0.002
0.0018
0.0018
0.0029
0.0022
0.0019
0.0029
0.0023
0.0019
0.0032
0.0023
0.0021
0.0018
0.0017
0.0029
0.0029
0.0019
0.0026
0.0031
0.0028
0.0018
0.0027
0.0024
0.0018
0.0029
0.0022
0.0019
0.0019
0.0033
0.0023
0.0019
0.0018
0.0017
0.0019
0.0025
0.0027
0.0028
0.003
0.0027
0.0032
0.003
0.0032
0.0032
0.0021
0.0032
0.0031
0.0028
0.0021
0.0019
0.0017
0.0028
0.0027
0.0022
0.0019
0.0037
0.0023
0.0021
0.0025
0.0021
0.0017
0.0018
0.0019
0.0018
0.0018
0.0024
0.0019
0.0026
0.0021
0.0019
0.0023
0.002
0.0017
0.004
0.0028
0.0028
0.0026
0.0024
0.0029
0.0029
0.0028
0.0032
0.0078
0.0026
0.0021
0.0033
0.0025
0.0024
0.0021
0.0028
0.0025
0.0032
0.0033
0.0032
0.002
0.002
0.0036
0.0024
0.0028
0.003
0.0027
0.0026
0.002
0.0018
0.0026
0.0025
0.003
0.0022
0.0021
0.0019
0.0019
0.0018
0.0038
0.0032
0.0055
0.003
0.0027
0.002
0.002
0.0032
0.0031
0.0034
0.0033
0.0032
0.0034
0.0024
0.0025
0.0032
0.0021
0.0023
0.0022
0.0021
0.0018
0.0027
0.0027
0.0028
0.0023
0.003
0.0026
0.002
0.0018
0.0026
0.0026
0.0032
0.0028
0.0032
0.0029
0.0023
0.0018
0.0021
0.0022
0.0025
0.0022
0.0045
0.0024
0.0018
0.0017
0.0016
0.0024
0.0047
0.0026
0.0026
0.0018
0.0025
0.0017
0.0022
0.0019
0.0018
0.0019
0.0041
0.002
0.002
0.0019
0.0021
0.0017
0.0033
0.0024
0.0028
0.002
0.002
0.0021
0.0041
0.0027
0.0019
0.0025
0.0026
0.0022
0.0077
0.0024
0.0025
0.0032
0.0028
0.0033
0.0031
0.0026
0.0021
0.0038
0.0025
0.0021
0.002
0.0019
0.0017
0.003
0.0021
0.0027
0.0027
0.002
0.0031
0.0024
0.0044
0.0052
0.0038
0.0025
0.0021
0.0021
0.0026
0.0027
0.0024
0.0042
0.0019
0.002
0.0019
0.002
0.0019
0.0018
0.0029
0.0024
0.002
0.0017
0.0016
0.0017
0.0018
0.0017
0.0023
0.0018
0.0019
0.0019
0.0018
0.002
0.0025
0.0017
0.0018
0.0019
0.0019
0.0017
0.0018
0.0019
0.0019
0.0018
0.0019
0.0017
0.0017
0.0017
0.0016
0.0016
0.0017
0.0017
0.0018
0.0017
0.0018
0.0017
0.0017
0.0017
0.0017
0.0018
0.0016
0.0026
0.0019
0.0019
0.0019
0.0017
0.0018
0.0017
0.0018
0.002
0.0027
0.0021
0.002
0.0033
0.0021
0.0024
0.0018
0.002
0.0021
0.002
0.0018
0.0017
0.0016
0.0018
0.003
0.0022
0.0021
0.0022
0.0018
0.0017
0.0019
0.0019
0.0019
0.0019
0.0017
0.002
0.0017
0.002
0.0024
0.0034
0.0029
0.0019
0.002
0.002
0.0017
0.0018
0.0019
0.0025

----------------------------
VideoDecoderEndFrame_D3D11_1
----------------------------
0.0369
0.056
0.0875
0.1054
0.2565
0.1448
0.0985
0.0639
0.0606
0.0663
0.0672
0.0587
0.065
0.0683
0.0613
0.0599
0.0716
0.0649
0.0641
0.0703
0.0578
0.063
0.0763
0.0791
0.0597
0.062
0.0568
0.0668
0.0625
0.0664
0.0615
0.0636
0.0589
0.0679
0.0582
0.067
0.0618
0.0688
0.0613
0.0683
0.0587
0.0657
0.0646
0.0621
0.0595
0.0622
0.0574
0.0636
0.0651
0.0621
0.0607
0.0629
0.0618
0.0588
0.0611
0.0613
0.0594
0.0606
0.0649
0.0592
0.0597
0.0576
0.0606
0.0614
0.0606
0.061
0.0607
0.0599
0.0595
0.0563
0.0617
0.0586
0.0612
0.0635
0.0653
0.0628
0.0586
0.061
0.0626
0.0666
0.059
0.0751
0.0589
0.0561
0.0666
0.0636
0.069
0.0632
0.0572
0.0608
0.0603
0.0646
0.061
0.0677
0.0597
0.0666
0.0715
0.0615
0.0635
0.0576
0.0596
0.0567
0.0593
0.0605
0.0613
0.06
0.0632
0.0597
0.0596
0.0606
0.0602
0.0577
0.0627
0.0586
0.0625
0.0612
0.0653
0.0567
0.061
0.0658
0.0615
0.061
0.0608
0.0668
0.0602
0.063
0.0637
0.0621
0.0595
0.0576
0.0617
0.0606
0.0603
0.0594
0.0631
0.0604
0.0609
0.0605
0.0617
0.0656
0.0625
0.0635
0.0609
0.0572
0.0606
0.0565
0.0562
0.059
0.0586
0.0627
0.0634
0.058
0.0611
0.0554
0.0602
0.0618
0.0562
0.0618
0.0642
0.0614
0.0611
0.0611
0.0615
0.0605
0.0631
0.0643
0.0585
0.0599
0.0613
0.0579
0.059
0.0611
0.0611
0.0647
0.059
0.0604
0.058
0.0621
0.0612
0.0586
0.062
0.0568
0.0611
0.0598
0.0615
0.0608
0.0597
0.0595
0.0642
0.0568
0.0592
0.0631
0.0587
0.0611
0.0623
0.0598
0.0591
0.0615
0.0562
0.0596
0.0603
0.0629
0.0628
0.0609
0.0577
0.0604
0.0588
0.059
0.0576
0.0608
0.059
0.0574
0.0589
0.0631
0.065
0.0652
0.0703
0.0601
0.0692
0.0606
0.0673
0.0561
0.0579
0.0623
0.0606
0.0596
0.0629
0.0616
0.0639
0.0606
0.0648
0.06
0.0604
0.0606
0.0611
0.0651
0.0609
0.0794
0.0567
0.0579
0.0608
0.0862
0.078
0.0839
0.0563
0.062
0.0697
0.0598
0.0629
0.0888
0.0626
0.0831
0.0716
0.0623
0.0616
0.0639
0.0556
0.0801
0.0941
0.058
0.0792
0.066
0.0554
0.0636
0.0581
0.0617
0.0709
0.0629
0.0591
0.0606
0.064
0.0555
0.0576
0.0572
0.0597
0.0528
0.0584
0.0606
0.0582
0.0725
0.0595
0.0828
0.0609
0.0573
0.0577
0.0595
0.0607
0.0733
0.0601
0.0561
0.0618
0.0662
0.0569
0.0676
0.0618
0.0657
0.0611
0.0808
0.0655
0.0536
0.0576
0.0619
0.0602
0.0586
0.0677
0.0842
0.0629
0.0595
0.0608
0.0603
0.0566
0.0644
0.0676
0.0543
0.0598
0.0586
0.0658
0.0824
0.0575
0.0564
0.0597
0.0607
0.0892
0.0862
0.0872
0.0883
0.113
0.0849
0.0854
0.0786
0.0663
0.0591
0.0573
0.0692
0.0744
0.0585
0.0625
0.0574
0.0613
0.0714
0.0631
0.0628
0.091
0.0631
0.0698
0.0886
0.0568
0.0633
0.058
0.063
0.0602
0.0609
0.083
0.0658
0.0836
0.0627
0.0599
0.0565
0.0532
0.0771
0.0866
0.073
0.0774
0.1029
0.0975
0.1063
0.1085
0.136
0.1358
0.1372
0.1171
0.0951
0.135
0.0763
0.0728
0.0637
0.0817
0.1055
0.0833
0.1027
0.0629
0.0637
0.0724
0.0957
0.0609
0.0846
0.1177
0.0593
0.0828
0.0575
0.0594
0.0663
0.0774
0.079
0.0634
0.0679
0.0686
0.0579
0.0583
0.0848
0.0788
0.067
0.0759
0.0716
0.0763
0.068
0.0883
0.065
0.0797
0.063
0.0797
0.0694
0.1011
0.0785
0.0839
0.061
0.0752
0.0768
0.0559
0.0662
0.066
0.0641
0.0623
0.0757
0.0638
0.0591
0.075
0.0763
0.0873
0.0701
0.0594
0.0826
0.1031
0.0622
0.0606
0.0791
0.0864
0.0582
0.0686
0.0615
0.0606
0.058
0.0568
0.057
0.06
0.0875
0.0888
0.0794
0.0593
0.067
0.0587
0.0621
0.095
0.0639
0.075
0.0668
0.0595
0.0617
0.063
0.0821
0.0833
0.0572
0.0666
0.0634
0.0881
0.0778
0.0587
0.0586
0.0651
0.0743
0.0571
0.06
0.0794
0.0601
0.0953
0.0682
0.0689
0.068
0.063
0.0621
0.07
0.0609
0.0818
0.0906
0.0617
0.0607
0.0583
0.0554
0.0586
0.0891
0.063
0.0816
0.0635
0.0576
0.0628
0.0742
0.0839
0.0833
0.0903
0.0602
0.0623
0.061
0.0632
0.0897
0.0561
0.0605
0.0705
0.0543
0.0587
0.0597
0.0627
0.0561
0.0617
0.0638
0.0715
0.057
0.0671
0.0596
0.0609
0.0633
0.0747
0.06
0.0648
0.0679
0.0592
0.0686
0.0696
0.066
0.0603
0.0602
0.0615
0.0602
0.0634
0.0692
0.0641
0.0655
0.063
0.0927
0.0572
0.0671
0.0636
0.0659
0.0582
0.0666
0.0549
0.0658
0.0552
0.0642
0.066
0.0561
0.0701
0.0571
0.0659
0.061
0.065
0.0591
0.065
0.0576
0.0646
0.0589
0.0662
0.0809
0.0571
0.0592
0.0597
0.0654
0.0582
0.0621
0.057
0.0666
0.0719
0.0639
0.0591
0.0631
0.058
0.0588
0.0635
0.0658
0.0707
0.0549
0.0658
0.0787
0.0874
0.0973
0.0824
0.0917
0.0795
0.0759
0.0885
0.0816
0.0878
0.0822
0.0899
0.081
0.0919
0.0761
0.0759
0.0891
0.0778
0.0925

---------------------------------
VideoDecoderSubmitBuffers_D3D11_1
---------------------------------
16.334
9.3767
1.3535
1.1294
19.3083
37.9272
38.9652
0.6701
0.6289
0.6457
0.603
0.5951
0.6084
0.742
0.6291
0.6379
0.8023
0.5757
0.628
0.7625
0.6245
0.6002
0.5798
0.6474
0.436
0.4012
0.4112
0.4401
0.4385
0.4413
0.4602
0.4159
0.4432
0.4178
0.4547
0.4104
0.4594
0.4075
0.4413
0.4499
0.4247
0.4337
0.4501
0.4792
0.4212
0.4489
0.4135
0.4022
0.5163
0.4342
0.3944
0.4411
0.4475
0.3969
0.435
0.432
0.4152
0.4268
0.4355
0.4227
0.4511
0.3962
0.4225
0.4244
0.4337
0.4145
0.4312
0.4343
0.4358
0.4246
0.4299
0.4321
0.4353
0.4012
0.5016
0.5289
0.4179
0.4912
0.5675
0.4312
0.4397
0.4411
0.4357
0.4274
0.4935
0.5053
0.4451
0.5089
0.4091
0.4966
0.4427
0.461
0.4461
0.4597
0.4197
0.4396
0.4098
0.4461
0.4859
0.4315
0.3945
0.4001
0.4177
0.4177
0.4182
0.4197
0.4215
0.4172
0.4156
0.4219
0.4383
0.3988
0.4461
0.4318
0.4142
0.4236
0.4281
0.4161
0.4072
0.4274
0.4662
0.4439
0.4182
0.5289
0.4586
0.4417
0.4264
0.4485
0.4294
0.401
0.4291
0.4175
0.4217
0.444
0.4277
0.4287
0.4004
0.4209
0.4277
0.4324
0.4236
0.4429
0.4043
0.4079
0.4333
0.3959
0.4016
0.4328
0.4279
0.4113
0.4186
0.431
0.4207
0.4017
0.4101
0.4182
0.3999
0.4325
0.4344
0.4228
0.4225
0.4281
0.4216
0.43
0.4173
0.4308
0.4333
0.4214
0.4048
0.419
0.4069
0.4289
0.4441
0.4256
0.4189
0.435
0.4325
0.4551
0.4419
0.3965
0.4272
0.4047
0.428
0.3998
0.448
0.4044
0.4352
0.4082
0.4308
0.4067
0.4532
0.3996
0.4349
0.4147
0.4151
0.3994
0.4269
0.4284
0.403
0.4286
0.4292
0.4333
0.4224
0.4353
0.4029
0.4218
0.4198
0.4173
0.4217
0.4262
0.4321
0.4109
0.4334
0.4338
0.4231
0.5582
0.4647
0.4128
0.4418
0.4097
0.4359
0.4041
0.4155
0.4462
0.4035
0.4552
0.4041
0.4349
0.4026
0.4423
0.4038
0.4656
0.4409
0.4543
0.4087
0.4376
0.4038
0.6133
0.3966
0.4462
0.4809
0.6317
0.5451
0.6519
0.4319
0.4204
0.4162
0.4669
0.3893
0.7255
0.4364
0.4382
0.5213
0.4191
0.424
0.4458
0.4196
0.433
0.7211
0.5005
0.5871
0.5063
0.4185
0.3875
0.4015
0.408
0.4286
0.4769
0.4312
0.4138
0.4214
0.4252
0.4359
0.4329
0.3882
0.4057
0.3894
0.4096
0.3916
0.4673
0.4004
0.6004
0.396
0.4196
0.4163
0.4403
0.4182
0.5031
0.398
0.3951
0.3991
0.4861
0.4547
0.4043
0.4754
0.4451
0.4605
0.6182
0.4329
0.4149
0.397
0.4288
0.4643
0.4686
0.4073
0.6356
0.5277
0.4095
0.4773
0.4335
0.4051
0.3932
0.4812
0.4311
0.4189
0.4001
0.3997
0.5996
0.4072
0.4077
0.4156
0.4097
0.6393
0.6581
0.6587
0.608
0.6477
0.6268
0.6487
0.6157
0.5161
0.4336
0.4251
0.4932
0.4763
0.4166
0.4078
0.3908
0.4417
0.4513
0.4271
0.4395
0.6907
0.429
0.4247
0.6233
0.4415
0.3944
0.4244
0.4357
0.4274
0.4351
0.6191
0.4498
0.6243
0.4683
0.4437
0.3924
0.3811
0.4115
0.6978
0.4565
0.5531
0.5488
0.5132
0.6153
0.5942
0.6851
0.6762
0.6608
0.6177
0.4971
0.7385
0.4557
0.4997
0.4769
0.4229
0.4982
0.6836
0.6427
0.5343
0.4099
0.4174
0.7003
0.4298
0.6456
0.6491
0.5323
0.6214
0.3939
0.3966
0.4559
0.5642
0.5947
0.4474
0.4676
0.4397
0.4042
0.4013
0.6948
0.6092
0.5212
0.507
0.5029
0.4509
0.4119
0.6334
0.4567
0.5649
0.606
0.6343
0.5564
0.5084
0.5819
0.4924
0.4183
0.5338
0.4717
0.4346
0.4999
0.4815
0.5322
0.455
0.4683
0.4709
0.489
0.4124
0.4412
0.6064
0.4727
0.5591
0.6231
0.6381
0.6019
0.4266
0.4234
0.478
0.4841
0.4432
0.4604
0.4508
0.4352
0.4059
0.3936
0.4294
0.4546
0.7751
0.4543
0.4392
0.4318
0.4341
0.4231
0.4147
0.4292
0.4418
0.4288
0.5182
0.4227
0.436
0.5456
0.4655
0.4072
0.5323
0.4738
0.6145
0.4132
0.4313
0.4255
0.5717
0.4666
0.4105
0.5907
0.6007
0.4232
0.7225
0.4201
0.4345
0.4736
0.4386
0.4616
0.5849
0.4377
0.5498
0.6767
0.4205
0.4035
0.3919
0.4162
0.4128
0.6588
0.4595
0.6721
0.5656
0.4109
0.489
0.455
0.6588
0.6671
0.6631
0.4088
0.4161
0.4427
0.4393
0.6286
0.4211
0.4082
0.4671
0.406
0.4071
0.4371
0.4449
0.399
0.47
0.4648
0.4381
0.4017
0.4009
0.413
0.4003
0.4371
0.4229
0.4905
0.4111
0.4192
0.4217
0.4257
0.4164
0.4312
0.4425
0.441
0.4058
0.4341
0.3938
0.4651
0.4397
0.4228
0.4403
0.4182
0.4309
0.4384
0.4222
0.4368
0.4049
0.4444
0.4074
0.4435
0.4171
0.4209
0.4382
0.4118
0.4375
0.4141
0.4344
0.4098
0.4465
0.4354
0.4176
0.4372
0.4588
0.4769
0.4793
0.536
0.4513
0.413
0.4506
0.5744
0.4263
0.4497
0.4014
0.4569
0.4942
0.4428
0.4143
0.462
0.384
0.4488
0.5024
0.4232
0.4636
0.3963
0.3923
0.4407
0.4784
0.5028
0.4304
0.4803
0.4418
0.4806
0.4456
0.5445
0.4938
0.5765
0.6368
0.4342
0.4632
0.4328
0.4219
0.4597
0.4327
0.5553

