---------------------------------------------
CalcPrivateVideoDecoderOutputViewSize_D3D11_1
---------------------------------------------
0.0029
0.0013
0.0014
0.003
0.0016
0.0015
0.0037
0.0064
0.0021
0.0028
0.0018
0.0018
0.0026
0.0029
0.0021
0.0014
0.0013
0.002
0.0018
0.003
0.0015
0.002
0.0025
0.0013
0.0015
0.001
0.0014
0.0013
0.0049
0.0013
0.0015
0.0013
0.0024
0.0013
0.0014
0.0013
0.0013
0.001
0.0015
0.0013
0.0014
0.0015
0.0037
0.0011
0.0019
0.0018
0.0015
0.0015
0.0012
0.001
0.0012
0.0016
0.0014
0.0014
0.001
0.0013
0.001
0.0012
0.0013
0.0014
0.0012
0.0011
0.0009
0.0049
0.0018
0.002
0.0022
0.0022
0.0023
0.0016
0.001
0.0029
0.0024
0.0025
0.0021
0.0018
0.0021
0.001
0.002
0.0014
0.0018
0.0013
0.0021
0.0019
0.0014
0.0024
0.0017
0.0017
0.0017
0.0014
0.0018
0.0011
0.001
0.0012
0.0053
0.0015
0.0012
0.0015
0.0011
0.0013
0.0016
0.0011
0.001
0.0017
0.0011
0.0012
0.0015
0.001
0.0023
0.0014
0.0012
0.0018
0.001
0.0013
0.0018
0.0014
0.0012
0.0013
0.0012
0.0012
0.0015
0.0012
0.0018
0.0013
0.0017
0.0009
0.0014
0.0009
0.0012
0.0014
0.0016
0.0011
0.0012
0.0015
0.0019
0.0022
0.0058
0.0018
0.0018
0.0023
0.0014
0.0145
0.0011
0.0022
0.0023
0.0019
0.0018
0.0012
0.0013
0.0012
0.0038
0.0011
0.0019
0.0011
0.0011
0.0011
0.0015
0.0014
0.0008
0.0015
0.0011
0.0012
0.002
0.0017
0.0015
0.0015
0.0012
0.0013
0.0017
0.0021
0.0016
0.0012
0.0013
0.0011
0.0015
0.0021
0.0014
0.0015
0.0091
0.002
0.0017
0.0018
0.0022
0.0017
0.0017
0.0013
0.0013
0.0016
0.0017
0.0019
0.0023
0.0024
0.0018
0.0019
0.0025
0.0016
0.0019
0.0019
0.0022
0.0019
0.0019
0.002
0.0019
0.0016
0.0015
0.0023
0.0013
0.0019
0.001
0.0012
0.0021
0.006
0.002
0.0022
0.002
0.0019
0.0038
0.0029
0.0027
0.0014
0.0018
0.0024
0.0017
0.0014
0.0019
0.0019
0.0023
0.0023
0.002
0.0014
0.0017
0.0017
0.0022
0.0016
0.0014
0.0019
0.0018
0.0024
0.0022
0.002
0.0017
0.002
0.0016
0.0029
0.0016
0.0017
0.0021
0.0013
0.0018
0.0016
0.0038
0.0015
0.0014
0.0017
0.0022
0.0017
0.0014
0.0018
0.0015
0.0011
0.0016
0.001
0.0014
0.0015
0.0014
0.0018
0.002
0.0019
0.0015
0.0019
0.0018
0.002
0.0022
0.0013
0.0012
0.0013
0.0012
0.0013
0.001
0.0013
0.0009
0.0026
0.0011
0.0021
0.002
0.0023
0.0014
0.0023
0.0016
0.0013
0.0017
0.0013
0.0013
0.0013
0.0016
0.0013
0.0017
0.0013
0.0014
0.0013

-----------------------
CodechalDecode::Execute
-----------------------
1.1144
0.6505
0.8671
0.9294
0.7193
0.8359
1.2429
0.7296
0.2887
0.2996
0.297
0.2589
0.3468
0.2504
0.3776
0.3179
0.3507
0.269
0.3018
0.2787
0.2482
0.2755
0.3201
0.318
0.2702
0.2629
0.2659
0.2898
0.2492
0.2996
0.2944
0.268
0.2841
0.3041
0.2586
0.2625
0.2969
0.2618
0.2799
0.2681
0.2779
0.2728
0.2838
0.2595
0.2767
0.2826
0.2618
0.2929
0.2887
0.2435
0.2839
0.288
0.2454
0.2756
0.2517
0.2786
0.2532
0.2522
0.2492
0.2403
0.2745
0.2327
0.2569
0.328
0.2449
0.339
0.3343
0.2791
0.2969
0.3062
0.2529
0.3219
0.3253
0.2971
0.3335
0.2863
0.2685
0.2569
0.2718
0.2542
0.2698
0.2754
0.2988
0.2849
0.2469
0.2992
0.2916
0.2951
0.256
0.2716
0.2654
0.2618
0.2642
0.2749
0.2735
0.2792
0.2948
0.2608
0.2604
0.2606
0.2607
0.2731
0.2885
0.2632
0.2711
0.261
0.2413
0.2589
0.277
0.2708
0.2955
0.2858
0.2443
0.2702
0.2665
0.2673
0.2579
0.2903
0.2443
0.2694
0.2558
0.2715
0.257
0.2738
0.2915
0.2825
0.2768
0.2548
0.2848
0.2626
0.257
0.2744
0.274
0.2707
0.2678
0.3359
0.2662
0.2922
0.2895
0.3242
0.2515
0.3386
0.2467
0.3241
0.3564
0.2693
0.2728
0.2497
0.251
0.2494
0.2604
0.2692
0.2586
0.2374
0.2742
0.286
0.2618
0.2596
0.2745
0.2547
0.2975
0.2405
0.2507
0.3097
0.2754
0.2732
0.2718
0.2428
0.2864
0.2427
0.2634
0.272
0.2686
0.26
0.2865
0.2869
0.2855
0.2842
0.2646
0.2822
0.2711
0.2756
0.2624
0.3057
0.2824
0.3553
0.2731
0.2729
0.2519
0.2815
0.2918
0.2637
0.275
0.3185
0.3452
0.2448
0.28
0.2411
0.2809
0.2848
0.3682
0.2713
0.2468
0.2891
0.2964
0.3201
0.249
0.3063
0.2229
0.2567
0.3248
0.2816
0.2326
0.2847
0.2975
0.2939
0.2511
0.3334
0.327
0.2439
0.2599
0.3182
0.2849
0.3079
0.2632
0.256
0.3349
0.2885
0.2709
0.2809
0.2553
0.2598
0.2695
0.2556
0.2409
0.2728
0.2967
0.2688
0.2694
0.3695
0.2604
0.3114
0.2672
0.2634
0.2816
0.265
0.2774
0.274
0.302
0.2613
0.269
0.2599
0.2598
0.2483
0.2849
0.2991
0.2901
0.2665
0.2819
0.2474
0.2821
0.2517
0.2609
0.3029
0.242
0.2651
0.3315
0.2647
0.2465
0.2839
0.3006
0.2855
0.3072
0.2545
0.2891
0.268
0.2773
0.2485
0.2411
0.2807
0.2454
0.2977
0.283
0.2427
0.2965
0.3048
0.2771
0.278
0.2828
0.2546
0.2695
0.2708
0.2425
0.2892
0.2634
0.2678
0.2761
0.2594
0.2819
0.2519

---------------------------------------
CodechalDecodeHevcG12::DecodeStateLevel
---------------------------------------
0.1642
0.2805
0.3066
0.2153
0.5176
0.1898
0.524
0.2435
0.4364
0.1615
0.478
0.2024
0.8893
0.208
0.1446
0.3414
0.0398
0.1254
0.0485
0.1298
0.041
0.1169
0.0382
0.1139
0.0555
0.1588
0.0368
0.1137
0.0821
0.1638
0.044
0.1554
0.0429
0.1873
0.0397
0.1246
0.0365
0.1572
0.04
0.1215
0.0347
0.1169
0.0394
0.1248
0.0503
0.1411
0.0508
0.1405
0.0391
0.1268
0.0384
0.1195
0.0362
0.1258
0.0411
0.1281
0.0394
0.1006
0.0459
0.1378
0.049
0.1302
0.0406
0.1138
0.0432
0.1273
0.0505
0.1291
0.0359
0.1162
0.0368
0.1203
0.0422
0.141
0.0347
0.1195
0.0431
0.1299
0.0385
0.1298
0.0402
0.1282
0.036
0.1267
0.0411
0.1312
0.0382
0.117
0.0439
0.1218
0.0415
0.1273
0.0394
0.1155
0.0494
0.1304
0.0401
0.1334
0.0339
0.1148
0.0384
0.1322
0.0409
0.1358
0.033
0.1163
0.0402
0.127
0.036
0.1212
0.0486
0.1202
0.0339
0.1172
0.034
0.1155
0.0388
0.1046
0.0314
0.1145
0.0377
0.1271
0.0336
0.1042
0.037
0.1127
0.0556
0.1325
0.0358
0.1128
0.0493
0.1536
0.0696
0.1382
0.0427
0.1233
0.0491
0.1275
0.0433
0.1425
0.0357
0.1185
0.0513
0.1381
0.0503
0.1394
0.0508
0.1277
0.0494
0.1479
0.039
0.134
0.0369
0.126
0.0337
0.1182
0.0396
0.1232
0.0384
0.1196
0.0366
0.1286
0.0381
0.1312
0.0409
0.1333
0.0399
0.1229
0.0349
0.1151
0.0425
0.1346
0.0463
0.1317
0.0476
0.1272
0.0385
0.106
0.0384
0.1268
0.0364
0.1233
0.037
0.1184
0.0368
0.1236
0.0381
0.1294
0.0391
0.1242
0.042
0.129
0.0384
0.145
0.0357
0.1253
0.0351
0.1221
0.0384
0.1191
0.0365
0.1213
0.0407
0.1286
0.0404
0.1337
0.0399
0.1182
0.0366
0.1296
0.0341
0.124
0.0324
0.1144
0.0342
0.1224
0.037
0.1322
0.0402
0.1263
0.0459
0.1309
0.0441
0.1255
0.0336
0.115
0.0343
0.1294
0.0368
0.1276
0.0362
0.1278
0.035
0.1227
0.0414
0.1324
0.0384
0.1031
0.0392
0.1235
0.0356
0.1226
0.0389
0.1219
0.0364
0.1206
0.039
0.1247
0.0423
0.1365
0.0397
0.132
0.0433
0.1279
0.0371
0.1188
0.0399
0.1334
0.0368
0.1206
0.0351
0.1206
0.0385
0.1264
0.0397
0.1256
0.0511
0.1117
0.0356
0.1204
0.0474
0.1592
0.036
0.1211
0.0472
0.1269
0.0446
0.1278
0.0485
0.1397
0.0375
0.1176
0.0543
0.1414
0.0378
0.1124
0.0555
0.1354
0.0576
0.147
0.0378
0.1207
0.0384
0.1245
0.0348
0.1171
0.0394
0.1036
0.0402
0.1134
0.0379
0.1185
0.038
0.1088
0.0374
0.1163
0.0321
0.1116
0.0393
0.1288
0.0454
0.1325
0.0354
0.1182
0.0375
0.122
0.0413
0.1287
0.0373
0.1143
0.0447
0.1284
0.0323
0.11
0.0345
0.1155
0.0438
0.1334
0.0399
0.1298
0.0369
0.1256
0.0393
0.1268
0.0361
0.1123
0.0432
0.1297
0.0332
0.115
0.0356
0.1234
0.0375
0.1283
0.0369
0.127
0.0364
0.1215
0.0435
0.132
0.0424
0.1309
0.0396
0.1371
0.0433
0.127
0.045
0.1075
0.0377
0.1347
0.039
0.1251
0.0464
0.1158
0.0402
0.115
0.0559
0.125
0.0406
0.1226
0.0473
0.1737
0.042
0.1261
0.0374
0.1199
0.0385
0.1163
0.0404
0.1259
0.0447
0.1264
0.0408
0.1181
0.0388
0.1216
0.0427
0.15
0.0552
0.145
0.0352
0.1127
0.0409
0.1244
0.035
0.1106
0.0431
0.1236
0.0444
0.1268
0.0495
0.1769
0.04
0.1231
0.0345
0.1147
0.0387
0.1296
0.0465
0.1322
0.0455
0.1448
0.0378
0.1132
0.0508
0.131
0.0341
0.0936
0.0333
0.1145
0.0502
0.1407
0.0458
0.1198
0.0326
0.1063
0.0412
0.1259
0.0452
0.1301
0.0464
0.1287
0.0353
0.1189
0.0495
0.1471
0.0487
0.1441
0.0358
0.1144
0.0357
0.1179
0.047
0.1431
0.0418
0.1252
0.0477
0.1328
0.0387
0.1254
0.0354
0.1167
0.0529
0.1488
0.0419
0.1289
0.0415
0.1237
0.0399
0.1252
0.0376
0.1184
0.0413
0.1154
0.0392
0.1215
0.0364
0.1147
0.0342
0.1117
0.037
0.1265
0.0415
0.1356
0.0447
0.1214
0.0413
0.1084
0.0517
0.1777
0.036
0.121
0.0466
0.1379
0.0394
0.1174
0.036
0.1245
0.0416
0.1238
0.0414
0.1193
0.0419
0.127
0.0441
0.1215
0.0439
0.1422
0.0362
0.1204
0.0374
0.1263
0.0349
0.124
0.0371
0.1206
0.0347
0.1152
0.0438
0.1307
0.0479
0.135
0.0439
0.1335
0.0355
0.123
0.0397
0.1325
0.0336
0.1194
0.04
0.1307
0.0344
0.1193
0.0382
0.1206
0.0534
0.1312
0.0331
0.1137
0.0358
0.1243
0.0544
0.1473
0.0363
0.1259
0.0379
0.1061
0.0402
0.1267
0.0461
0.1364
0.0462
0.1231
0.0468
0.1396
0.0351
0.1148
0.0398
0.1416
0.04
0.124
0.041
0.1294
0.0339
0.1196
0.0343
0.1121
0.0459
0.1278
0.0328
0.1186
0.0434
0.1371
0.0441
0.1294
0.0342
0.1146
0.044
0.1411
0.0447
0.1342
0.0396
0.1301
0.0415
0.1243
0.0411
0.1311
0.0338
0.1192
0.0363
0.1276
0.039
0.125
0.0327
0.1144
0.0429
0.135
0.0384
0.1236
0.0401
0.1258
0.0382
0.1306
0.0345
0.1243
0.0401
0.131
0.0336
0.1196

-------------------------------------
CodechalDecodeHevcG12::SetFrameStates
-------------------------------------
0.4098
0.0116
0.011
0.011
0.0125
0.01
0.0154
0.0316
0.0127
0.0115
0.0103
0.0097
0.0131
0.0096
0.0111
0.0109
0.0099
0.0098
0.0086
0.009
0.0095
0.0098
0.0121
0.0106
0.0081
0.0077
0.0093
0.0103
0.0108
0.0104
0.0096
0.0086
0.0091
0.0106
0.009
0.0084
0.0107
0.011
0.0091
0.0078
0.0097
0.0081
0.0105
0.0077
0.0102
0.0098
0.0084
0.0096
0.0094
0.0074
0.0093
0.0103
0.0067
0.0092
0.007
0.0089
0.0084
0.0072
0.0081
0.0065
0.0084
0.0067
0.0087
0.0122
0.0076
0.012
0.0102
0.0101
0.0114
0.01
0.0079
0.0106
0.0113
0.0102
0.0114
0.01
0.0124
0.008
0.0102
0.0079
0.0123
0.0085
0.0104
0.0093
0.0076
0.0108
0.0087
0.0093
0.0094
0.0083
0.0088
0.0076
0.0083
0.0086
0.0111
0.0086
0.0101
0.0079
0.0077
0.0077
0.0086
0.008
0.0092
0.0082
0.0084
0.0075
0.0068
0.0077
0.0097
0.0084
0.0102
0.0093
0.0071
0.0085
0.0089
0.0078
0.0076
0.0089
0.0072
0.0077
0.0078
0.0088
0.0079
0.0091
0.0097
0.0096
0.0089
0.0092
0.0106
0.0084
0.0089
0.0085
0.0098
0.0073
0.009
0.0119
0.0118
0.0212
0.01
0.0171
0.0085
0.0136
0.008
0.0111
0.0139
0.0097
0.0134
0.0073
0.0091
0.0075
0.013
0.0077
0.01
0.0083
0.0082
0.0091
0.0158
0.0085
0.0094
0.0104
0.0119
0.0109
0.0129
0.0135
0.0083
0.0078
0.009
0.0069
0.01
0.0069
0.0084
0.0084
0.0078
0.0074
0.0091
0.0108
0.0093
0.0093
0.0094
0.0085
0.0082
0.0097
0.0082
0.0126
0.0102
0.0119
0.0093
0.0097
0.0082
0.0113
0.0122
0.0099
0.0102
0.0099
0.0148
0.0088
0.0106
0.0084
0.01
0.0096
0.0116
0.0089
0.008
0.0112
0.0122
0.0114
0.0079
0.011
0.0076
0.0089
0.0111
0.0112
0.0078
0.0111
0.0113
0.01
0.0079
0.0122
0.0116
0.0075
0.01
0.0115
0.0122
0.0113
0.009
0.0095
0.0136
0.0103
0.0094
0.0098
0.0081
0.0089
0.0096
0.011
0.0079
0.0098
0.0102
0.0093
0.0098
0.0119
0.0095
0.0111
0.0096
0.0077
0.0095
0.008
0.0103
0.0096
0.0102
0.0087
0.0088
0.0073
0.0086
0.0068
0.0096
0.0106
0.0103
0.0083
0.0095
0.0068
0.0093
0.0074
0.0083
0.0103
0.0084
0.0085
0.0134
0.009
0.0078
0.0096
0.0108
0.0084
0.0116
0.0092
0.008
0.0079
0.0078
0.0067
0.0068
0.0075
0.0067
0.0119
0.0098
0.0065
0.0102
0.0128
0.0095
0.0089
0.0092
0.0099
0.0086
0.0087
0.007
0.0104
0.0076
0.0082
0.0084
0.0073
0.0098
0.0079

--------------------------
CreateVideoDecoder_D3D11_1
--------------------------
22.1942
21.8727
17.4648
18.1436

---------------------------
DestroyVideoDecoder_D3D11_1
---------------------------
17.9938
18.6638
43.1319
0

---------------------
DxvaEncodeHEVC_Create
---------------------
22.0151
21.6918
17.2874

-----------------------
DxvaEncodeHEVC_EndFrame
-----------------------
0.0021
0.001
0.0014
0.0015
0.0013
0.0009
0.002
0.0008
0.0009
0.0018
0.0008
0.0008
0.002
0.0029
0.0007
0.0007
0.0006
0.0007
0.0007
0.0025
0.0006
0.0006
0.0017
0.0006
0.0009
0.0006
0.0007
0.0007
0.0047
0.0007
0.0007
0.0005
0.0008
0.0028
0.0009
0.0007
0.0006
0.0007
0.0008
0.0007
0.0008
0.0009
0.0029
0.001
0.0008
0.0008
0.0007
0.0009
0.0008
0.0008
0.0007
0.0008
0.0008
0.0008
0.0007
0.0008
0.0007
0.0008
0.0008
0.0009
0.0008
0.0006
0.0007
0.0024
0.0008
0.0008
0.0033
0.0007
0.0009
0.0007
0.0008
0.0007
0.0008
0.0007
0.001
0.0007
0.0009
0.0007
0.0008
0.0007
0.0006
0.0008
0.0007
0.0007
0.0005
0.0006
0.0011
0.0007
0.0007
0.0007
0.0007
0.0008
0.0006
0.0008
0.0042
0.0006
0.0007
0.0006
0.0006
0.0005
0.0005
0.0009
0.0006
0.0007
0.0006
0.0007
0.0006
0.0007
0.0006
0.0006
0.0005
0.0006
0.0005
0.0006
0.0006
0.0006
0.0005
0.0006
0.0007
0.0006
0.0007
0.0006
0.0007
0.0006
0.0005
0.0006
0.0006
0.0006
0.0007
0.0008
0.0007
0.0008
0.001
0.0009
0.0007
0.0007
0.0008
0.0006
0.001
0.0006
0.0006
0.0042
0.0008
0.0006
0.0006
0.0008
0.0008
0.0006
0.0008
0.0006
0.0007
0.0009
0.0008
0.0009
0.0007
0.0009
0.0007
0.0009
0.001
0.0009
0.0006
0.0008
0.0005
0.0005
0.0008
0.0006
0.0008
0.0006
0.0006
0.0007
0.0006
0.0006
0.0006
0.0007
0.0006
0.0008
0.0007
0.001
0.0009
0.0007
0.0009
0.0009
0.0008
0.001
0.0007
0.0009
0.0008
0.0014
0.0008
0.0008
0.001
0.0008
0.0009
0.0008
0.001
0.0032
0.0008
0.0006
0.0011
0.0007
0.0009
0.0006
0.0008
0.0008
0.0007
0.0007
0.0008
0.0006
0.0008
0.0009
0.0008
0.0033
0.0008
0.0006
0.0008
0.0007
0.0007
0.0008
0.0013
0.0009
0.0009
0.0009
0.0008
0.0008
0.0008
0.0011
0.0009
0.0009
0.0007
0.001
0.001
0.0008
0.0007
0.001
0.0012
0.0009
0.0009
0.0009
0.0011
0.0009
0.0008
0.0007
0.0008
0.0008
0.0011
0.0009
0.0008
0.0008
0.0008
0.0008
0.0009
0.0007
0.001
0.0006
0.0009
0.0007
0.0008
0.0006
0.0006
0.0006
0.001
0.0007
0.0012
0.0008
0.0009
0.0008
0.0008
0.0011
0.0009
0.0009
0.0007
0.0007
0.0008
0.0006
0.0009
0.0006
0.0007
0.0006
0.0007
0.0006
0.0006
0.0006
0.0007
0.0008
0.0008
0.0006
0.0008
0.0007
0.0009
0.0008
0.0006
0.0006
0.0007
0.0006
0.0009
0.0006
0.0008
0.0008
0.0007
0.0006

----------------------
DxvaEncodeHEVC_Execute
----------------------
0.005
0.0014
14.3967
9.0457
0.7673
9.5182
1.2453
3.4692
0.3678
1.2074
0.3109
1.4767
0.2648
1.9916
0.278
1.1816
0.0229
0.8596
0.0183
0.8685
0.0175
1.2135
0.0166
0.9763
0.0213
0.8841
0.02
0.9135
0.0209
0.9026
0.0189
0.9313
0.0155
0.8398
0.0127
0.8281
0.0143
0.8211
0.0145
0.9449
0.0278
0.9482
0.0281
0.89
0.0265
0.9425
0.0245
0.856
0.0249
0.9036
0.0331
0.8432
0.0233
0.8803
0.032
0.8724
0.024
0.9494
0.0262
0.8562
0.0213
0.9157
0.0209
0.8029
0.0195
0.9844
0.0247
0.8811
0.0236
0.9075
0.0203
0.866
0.0234
0.9071
0.0213
0.8568
0.0224
0.9375
0.0234
0.8296
0.0334
0.9138
0.019
0.9694
0.0307
0.872
0.0283
0.9367
0.028
0.8191
0.0257
0.8839
0.03
0.8459
0.0285
0.9488
0.0255
0.8459
0.0188
0.901
0.0206
0.7944
0.0199
0.9218
0.0252
0.8761
0.0233
0.8436
0.0195
0.8182
0.0235
0.9301
0.0223
0.8281
0.0241
0.9404
0.0234
0.8305
0.0243
0.9582
0.0406
0.8739
0.0412
0.8902
0.0213
0.8313
0.02
0.8599
0.014
0.9905
0.0279
0.8888
0.0288
0.9167
0.0324
0.8157
0.0168
0.8881
0.0238
0.8688
0.0238
0.8527
0.0243
0.8422
0.0173
0.9723
0.0349
0.8446
0.0158
0.9804
0.0254
0.8206
0.0187
0.9731
0.0252
0.8108
0.018
0.9684
0.0347
0.8311
0.0265
0.833
0.0149
0.928
0.0223
0.8482
0.024
0.9474
0.0263
0.8641
0.0312
0.8962
0.0213
0.9061
0.0265
0.8472
0.0196
0.8335
0.0226
0.9501
0.025
0.841
0.0256
0.9066
0.0209
0.8274
0.0305
0.9305
0.0227
0.8409
0.0246
0.9306
0.0175
0.8873
0.0402
0.8946
0.03
0.8269
0.0242
0.926
0.0235
0.8442
0.022
0.8949
0.0194
0.8407
0.0234
0.9047
0.0245
0.8533
0.0234
0.8951
0.0199
0.8036
0.0183
0.8422
0.024
0.8275
0.02
0.7972
0.0192
0.9478
0.0249
0.8325
0.0222
0.922
0.0165
0.8336
0.025
0.9283
0.0242
0.8327
0.0247
0.9253
0.0239
0.8348
0.0232
0.9208
0.0228
0.8468
0.0228
0.856
0.0253
0.8329
0.0227
0.9447
0.0239
0.8637
0.0196
0.908
0.0218
0.8586
0.0253
0.9336
0.0239
0.8222
0.0231
0.8967
0.0272
0.8571
0.0172
0.8007
0.0155
0.9752
0.0162
1.1523
0.0217
0.8625
0.0178
0.9261
0.0197
0.8642
0.0257
0.9233
0.025
0.8167
0.0147
0.9108
0.0344
0.8787
0.0233
0.8062
0.0152
0.936
0.023
0.9548
0.0322
0.8893
0.014
0.8019
0.0146
0.8944
0.0255
0.9484
0.0219
0.8292
0.0133
0.961
0.0276
0.8236
0.0132
0.8122
0.0185
0.9382
0.023
0.8931
0.0193
0.9489
0.0411
0.8572
0.0138
1.0367
0.028
0.8274
0.0133
0.9615
0.0328
0.9223
0.0213
0.8137
0.0149
0.9535
0.024
0.8095
0.0177
0.8831
0.016
0.9065
0.018
0.9144
0.0277
0.9324
0.0156
0.8675
0.0248
0.9024
0.0243
0.8652
0.0238
0.8945
0.0225
0.8534
0.0255
0.9342
0.0206
0.8329
0.0184
0.8887
0.0174
0.8235
0.0178
0.8849
0.0187
0.8791
0.0169
0.8619
0.0205
0.971
0.0208
1.0516
0.0256
0.8768
0.0167
0.9531
0.0251
0.8621
0.0295
0.8862
0.0369
0.9376
0.0257
0.9561
0.0229
0.8611
0.0222
1.2873
0.0253
1.13
0.0202
0.9395
0.015
1.1706
0.0255
0.8492
0.0156
0.8584
0.0147
1.0369
0.0189
0.8939
0.0184
1.0493
0.0142
0.8522
0.0142
0.8233
0.0154
0.8813
0.0343
0.8354
0.0178
0.92
0.022
0.7937
0.0173
0.9509
0.0204
0.8996
0.0166
1.2204
0.0362
0.7641
0.0131
0.9459
0.0254
0.8194
0.0138
0.8898
0.017
0.9
0.0182
0.9076
0.0213
0.8618
0.0191
0.8653
0.0263
0.8997
0.0213
0.8801
0.0238
0.9549
0.0234
0.8321
0.0222
0.8803
0.017
1.2048
0.0306
0.8851
0.0229
0.8862
0.0218
0.8697
0.0176
0.83
0.0223
0.8394
0.0257
0.8306
0.025
1.1813
0.0434
0.9112
0.0246
0.8977
0.0234
0.8746
0.0198
0.9566
0.0245
0.8658
0.0191
0.9387
0.0245
0.776
0.0146
0.9131
0.0194
0.8518
0.0179
1.0291
0.0173
0.9217
0.0221
0.8638
0.0221
1.1203
0.019
0.9122
0.0214
0.9396
0.0242
0.7875
0.0188
0.9605
0.0262
0.8652
0.0274
0.8911
0.0389
0.9389
0.0256
0.8176
0.0179
0.8553
0.0229
0.9261
0.0173
0.8488
0.0248
0.91
0.0237
0.8635
0.0268
0.8501
0.0372
0.8735
0.0234
0.8784
0.026
0.8577
0.0186
0.9115
0.0201
0.8474
0.0191
0.896
0.0212
0.8403
0.0191
0.8865
0.0165
0.893
0.0152
1.1461
0.0228
0.9015
0.0155
0.9653
0.017
0.9374
0.0168
0.8962
0.0206
0.8499
0.0164
0.9192
0.027
0.9342
0.0173
0.8456
0.0203
0.8511
0.0231
0.867
0.0259
0.9345
0.0216
0.8899
0.0377
0.8897
0.0218
0.8706
0.0346
0.9146
0.024
0.8551
0.0241
0.9289
0.0242
0.8328
0.0232
0.9276
0.0299
0.9103
0.0274
0.8361
0.0166
0.8824
0.0266
0.8849
0.0196
0.8475
0.0238
0.9134
0.0243
0.8597
0.0253
0.9096
0.025
0.8449
0.0215
0.9204
0.0175
0.8696
0.0227
0.9302
0.0183
0.8331
0.0257
0.9265
0.0199
0.8583
0.0219
0.871
0.0217
0.8885
0.0316
0.8469
0.0334
0.0336

----------------
First Frame Time
----------------
175.684

----------------------
HEVC_QueryStatusReport
----------------------
0.765
1.2399
0.3658
0.3094
0.2633
0.2766
0.0191
0.0167
0.0161
0.015
0.02
0.0184
0.0143
0.0177
0.0137
0.0116
0.0132
0.0135
0.0265
0.0245
0.0253
0.0232
0.0237
0.0255
0.0221
0.0306
0.0227
0.0247
0.02
0.0195
0.0182
0.0232
0.0202
0.019
0.0222
0.0201
0.0212
0.0222
0.0316
0.0179
0.0291
0.0271
0.0266
0.0244
0.0286
0.0239
0.0242
0.0178
0.0194
0.0188
0.0239
0.0219
0.0183
0.0224
0.0209
0.0231
0.0222
0.0232
0.0392
0.0402
0.0203
0.0189
0.0129
0.0266
0.0273
0.0312
0.0155
0.0226
0.0226
0.0232
0.0163
0.0313
0.0146
0.0241
0.0176
0.0237
0.0169
0.0334
0.0254
0.0137
0.021
0.0229
0.0251
0.0291
0.0202
0.0252
0.0182
0.0215
0.0238
0.0244
0.0197
0.0294
0.0215
0.0233
0.0161
0.0379
0.029
0.023
0.0223
0.0209
0.018
0.0224
0.0232
0.0223
0.0188
0.0171
0.0227
0.0188
0.018
0.0237
0.0211
0.0154
0.0239
0.0221
0.0235
0.0228
0.0221
0.0216
0.0217
0.0242
0.0217
0.0226
0.0184
0.0208
0.0241
0.0228
0.0218
0.0261
0.0155
0.0141
0.0149
0.0196
0.0164
0.0186
0.0245
0.0239
0.0136
0.033
0.022
0.0142
0.0217
0.0308
0.0129
0.0136
0.024
0.0205
0.0123
0.0262
0.0121
0.0174
0.0217
0.0182
0.0394
0.0125
0.0265
0.0122
0.0271
0.0198
0.0134
0.0228
0.0165
0.0133
0.0169
0.0262
0.0144
0.0235
0.0232
0.0225
0.0215
0.0242
0.0195
0.0172
0.0165
0.0165
0.0172
0.0156
0.0192
0.0195
0.0243
0.0155
0.024
0.0281
0.0354
0.0244
0.0215
0.021
0.0234
0.0189
0.0137
0.0238
0.0144
0.0135
0.0175
0.0165
0.0129
0.0132
0.0144
0.0325
0.0166
0.0206
0.016
0.019
0.0151
0.0347
0.0119
0.024
0.0127
0.0156
0.0168
0.0199
0.0177
0.025
0.02
0.0225
0.0221
0.021
0.0157
0.0285
0.0217
0.0207
0.0164
0.021
0.0244
0.0238
0.0415
0.023
0.022
0.0186
0.023
0.0179
0.0226
0.0134
0.0182
0.0161
0.0159
0.0161
0.0208
0.0173
0.0201
0.0228
0.0176
0.0248
0.0262
0.0307
0.0242
0.0168
0.0216
0.0161
0.0235
0.0225
0.0257
0.0357
0.0198
0.0246
0.0174
0.0189
0.018
0.0199
0.0179
0.0153
0.0138
0.0209
0.0141
0.0158
0.0153
0.0194
0.0153
0.0256
0.0159
0.019
0.0219
0.0245
0.0203
0.0359
0.0206
0.0332
0.0229
0.0228
0.0231
0.022
0.0244
0.0261
0.015
0.0253
0.0185
0.0226
0.0231
0.0241
0.0238
0.0203
0.0164
0.0207
0.0172
0.0244
0.0189
0.0202
0.0205
0.0302
0.0324
0.0319

--------------------------------------
VideoDecoderBeginFrame_WDDM2_4_D3D11_1
--------------------------------------
0.0105
0.0028
0.0029
0.0036
0.0057
0.0038
0.0041
0.008
0.0043
0.0034
0.0035
0.0032
0.0049
0.0049
0.003
0.0026
0.0023
0.0028
0.0026
0.0042
0.0022
0.0028
0.0039
0.0029
0.0028
0.002
0.0029
0.0031
0.0052
0.0029
0.0028
0.0025
0.0024
0.0021
0.0024
0.0025
0.0024
0.0019
0.0026
0.002
0.0025
0.0025
0.0034
0.0019
0.0028
0.0031
0.0025
0.0027
0.0027
0.0022
0.0025
0.0023
0.002
0.0024
0.0022
0.0024
0.002
0.0026
0.0019
0.0022
0.0023
0.0021
0.002
0.005
0.0051
0.0044
0.004
0.004
0.0037
0.0033
0.0024
0.0069
0.0044
0.0038
0.0035
0.0036
0.0034
0.0026
0.0035
0.0023
0.0026
0.0023
0.0036
0.0027
0.0023
0.0038
0.0026
0.003
0.003
0.0022
0.0022
0.0021
0.002
0.002
0.0044
0.0025
0.0025
0.0025
0.0021
0.002
0.0024
0.0019
0.0021
0.0024
0.002
0.0019
0.002
0.0021
0.003
0.0023
0.002
0.0028
0.0022
0.0022
0.0033
0.0032
0.0022
0.0028
0.0023
0.002
0.0025
0.0022
0.0025
0.0022
0.0024
0.0021
0.0027
0.0018
0.0022
0.0021
0.0028
0.0024
0.0026
0.0026
0.0029
0.0026
0.0028
0.0032
0.004
0.0041
0.0034
0.0062
0.0025
0.0038
0.004
0.0035
0.0029
0.0028
0.0029
0.0023
0.0027
0.002
0.0026
0.0018
0.0023
0.0024
0.0022
0.0021
0.0018
0.0023
0.0021
0.0025
0.0028
0.004
0.0025
0.002
0.0021
0.002
0.0023
0.0031
0.0027
0.002
0.0021
0.0021
0.0024
0.0027
0.0041
0.0027
0.0032
0.0031
0.003
0.0027
0.0033
0.0031
0.0029
0.0032
0.0027
0.0033
0.0027
0.0035
0.0037
0.0038
0.0037
0.0029
0.0042
0.0029
0.0041
0.0037
0.0037
0.0035
0.0031
0.0036
0.0032
0.0032
0.0025
0.0039
0.0022
0.0036
0.0021
0.0021
0.0041
0.0093
0.0034
0.0032
0.0036
0.0039
0.0026
0.0045
0.0037
0.0023
0.0037
0.0047
0.0029
0.0032
0.0038
0.0029
0.0036
0.0039
0.0034
0.0034
0.0024
0.0032
0.0034
0.0032
0.0027
0.0034
0.0036
0.0032
0.0032
0.0036
0.003
0.0033
0.0027
0.0025
0.0033
0.0035
0.0035
0.003
0.0027
0.0024
0.0028
0.0021
0.0025
0.0021
0.0028
0.0028
0.0023
0.0022
0.0025
0.0017
0.0026
0.002
0.0028
0.0023
0.0021
0.0029
0.0033
0.0027
0.002
0.0033
0.0026
0.0025
0.0036
0.0029
0.0021
0.0019
0.0031
0.002
0.0023
0.0021
0.002
0.0035
0.0021
0.0019
0.0027
0.0032
0.0026
0.003
0.0025
0.002
0.0027
0.0025
0.0022
0.0024
0.0022
0.0021
0.0021
0.0021
0.0036
0.0033

----------------------------
VideoDecoderEndFrame_D3D11_1
----------------------------
0.0411
0.0611
0.1274
0.1481
0.14
0.1525
0.0088
0.2048
0.0042
0.0051
0.073
0.0039
0.0602
0.0061
0.0693
0.0027
0.0593
0.004
0.0749
0.006
0.0742
0.0028
0.0581
0.0041
0.0028
0.0563
0.0031
0.0614
0.0097
0.081
0.0049
0.0586
0.0038
0.0582
0.0023
0.0659
0.0022
0.0577
0.0023
0.0578
0.0028
0.0645
0.0075
0.0585
0.0023
0.0596
0.0025
0.0584
0.0034
0.0604
0.0022
0.072
0.003
0.0625
0.0023
0.0631
0.0026
0.0644
0.0022
0.0593
0.0065
0.0644
0.0024
0.0662
0.0026
0.0588
0.0025
0.0586
0.0025
0.0622
0.0065
0.0632
0.0024
0.0568
0.0022
0.0587
0.0022
0.0614
0.0025
0.0617
0.0024
0.0624
0.0025
0.062
0.0024
0.0581
0.0027
0.0604
0.0046
0.0572
0.0029
0.0616
0.0021
0.0596
0.0064
0.0559
0.0024
0.0595
0.0027
0.0627
0.0023
0.0574
0.0025
0.058
0.0022
0.0598
0.0024
0.0564
0.0028
0.0594
0.0024
0.0563
0.0023
0.057
0.0024
0.0565
0.0024
0.0623
0.0024
0.0561
0.0023
0.058
0.0024
0.0668
0.0023
0.0589
0.0022
0.0757
0.0018
0.0657
0.0037
0.06
0.0027
0.0652
0.0027
0.0051
0.0685
0.0653
0.0021
0.0607
0.0026
0.0653
0.0023
0.0576
0.0023
0.0657
0.0019
0.0614
0.0029
0.061
0.0024
0.0613
0.003
0.0578
0.0023
0.0602
0.0031
0.0602
0.0021
0.0612
0.0025
0.0595
0.0021
0.0594
0.0022
0.0584
0.0023
0.0594
0.0025
0.0592
0.0023
0.0585
0.0023
0.0621
0.002
0.0599
0.003
0.063
0.0024
0.0623
0.0023
0.0607
0.0023
0.0611
0.0021
0.0625
0.0024
0.0618
0.0021
0.0612
0.0021
0.0565
0.0058
0.0593
0.0019
0.0618
0.003
0.0579
0.0022
0.0608
0.0021
0.0578
0.0021
0.0575
0.0021
0.0581
0.0026
0.0603
0.0021
0.0548
0.0023
0.0629
0.0022
0.0609
0.0023
0.0617
0.0018
0.057
0.0031
0.0638
0.0022
0.0583
0.0023
0.0601
0.0021
0.0602
0.0021
0.0632
0.0021
0.0563
0.0019
0.0603
0.0021
0.0556
0.0021
0.0575
0.002
0.0595
0.002
0.0581
0.0022
0.0563
0.002
0.0583
0.0022
0.0615
0.002
0.0584
0.0025
0.0618
0.0022
0.06
0.0021
0.0604
0.0022
0.0591
0.0021
0.058
0.0022
0.0593
0.0024
0.0632
0.0023
0.069
0.0025
0.066
0.0028
0.0826
0.0035
0.0605
0.003
0.0617
0.0026
0.0656
0.0026
0.0621
0.0025
0.061
0.002
0.0033
0.0632
0.0613
0.0021
0.0632
0.0021
0.0686
0.0059
0.059
0.0031
0.0593
0.0021
0.056
0.0023
0.06
0.0028
0.0679
0.0029
0.0561
0.0021
0.0593
0.003
0.0555
0.0021
0.058
0.0021
0.0638
0.0026
0.0606
0.0028
0.0592
0.0032
0.0595
0.0023
0.0593
0.0032
0.0572
0.0082
0.0627
0.0031
0.061
0.0031
0.0548
0.0029
0.062
0.0022
0.0656
0.0024
0.0581
0.0019
0.063
0.0021
0.0563
0.003
0.0657
0.0023
0.0564
0.0029
0.0559
0.0023
0.0602
0.0021
0.0578
0.0019
0.0617
0.0022
0.0642
0.0021
0.0601
0.0026
0.0625
0.0024
0.0564
0.0025
0.07
0.0025
0.0627
0.003
0.061
0.0028
0.0567
0.003
0.0593
0.0027
0.0638
0.0029
0.0614
0.0029
0.0798
0.0028
0.0643
0.0031
0.0598
0.0025
0.0598
0.0031
0.0647
0.0025
0.0626
0.0046
0.062
0.0027
0.0612
0.0026
0.0789
0.0034
0.0729
0.0026
0.0583
0.0028
0.0585
0.0028
0.0602
0.0034
0.0606
0.0053
0.0611
0.0025
0.0875
0.0025
0.0616
0.0037
0.0638
0.0027
0.0617
0.0029
0.0571
0.0024
0.0628
0.0028
0.0543
0.0025
0.003
0.0594
0.0576
0.0024
0.0572
0.0029
0.0612
0.002
0.0645
0.0027
0.0574
0.0028
0.0596
0.0032
0.0639
0.0046
0.0581
0.0027
0.0574
0.0022
0.0738
0.0024
0.0663
0.0026
0.0606
0.0021
0.0623
0.0029
0.0644
0.0041
0.0611
0.0031
0.0646
0.0027
0.0602
0.0025
0.0606
0.003
0.0662
0.0025
0.0653
0.0023
0.0622
0.004
0.0624
0.0025
0.0768
0.0028
0.059
0.0024
0.0593
0.0031
0.0603
0.0029
0.0547
0.0029
0.0585
0.0022
0.0648
0.0029
0.0684
0.0034
0.0773
0.0061
0.0876
0.0028
0.0682
0.0033
0.0799
0.0037
0.0631
0.0031
0.0746
0.0028
0.0621
0.0023
0.0607
0.003
0.0613
0.0026
0.0585
0.0028
0.0639
0.0029
0.0584
0.0025
0.0587
0.0024
0.0607
0.0023
0.0552
0.0025
0.058
0.0026
0.063
0.0021
0.0622
0.0026
0.063
0.002
0.0608
0.0029
0.0613
0.0023
0.0576
0.0024
0.0594
0.0022
0.0578
0.0022
0.0587
0.0021
0.0704
0.0032
0.059
0.0023
0.0578
0.004
0.0683
0.0027
0.0627
0.0032
0.0594
0.0028
0.0597
0.0028
0.0608
0.003
0.059
0.0029
0.0656
0.0026
0.0585
0.0027
0.0597
0.0023
0.0619
0.0027
0.0603
0.0024
0.0562
0.003
0.0566
0.0021
0.0618
0.0024
0.0569
0.0021
0.0641
0.0024
0.0603
0.0021
0.0544
0.0022
0.0607
0.002
0.061
0.0022
0.0568
0.0025
0.0575
0.0027
0.0639
0.0023
0.0582
0.0027
0.057
0.0022
0.0588
0.0027
0.0561
0.0023
0.0643
0.0023
0.0619
0.0021
0.057
0.0022
0.0668
0.0021
0.0563
0.0026
0.0622
0.0021
0.0566
0.0027
0.0025
0.0021
0.0023

---------------------------------
VideoDecoderSubmitBuffers_D3D11_1
---------------------------------
1.216
0.6719
0.8857
0.9518
0.7384
0.8556
1.2706
0.7766
0.3131
0.3217
0.3153
0.2771
0.3689
0.2688
0.3998
0.3417
0.3681
0.287
0.3174
0.3018
0.2668
0.2998
0.3472
0.3437
0.291
0.2829
0.2882
0.3134
0.2724
0.3218
0.3181
0.2887
0.3094
0.325
0.2787
0.281
0.3239
0.2764
0.2991
0.2853
0.2965
0.2894
0.3047
0.2743
0.2976
0.3021
0.2781
0.315
0.3087
0.2589
0.3037
0.3093
0.2602
0.2942
0.2678
0.2943
0.2692
0.2733
0.2658
0.2567
0.2915
0.2476
0.2732
0.3539
0.2615
0.3649
0.3577
0.3026
0.3175
0.327
0.2671
0.3537
0.3512
0.3234
0.3591
0.3041
0.2859
0.2724
0.2961
0.2704
0.2906
0.2951
0.3211
0.3074
0.2644
0.3216
0.3119
0.3201
0.2786
0.2903
0.281
0.2783
0.279
0.2907
0.2925
0.2969
0.3139
0.2777
0.2773
0.2769
0.2779
0.2895
0.3058
0.2803
0.2891
0.2766
0.256
0.2745
0.2962
0.2886
0.3144
0.3049
0.2586
0.2859
0.2848
0.2838
0.2756
0.3103
0.2604
0.2862
0.2732
0.2892
0.2749
0.2929
0.3126
0.3002
0.2963
0.2688
0.3057
0.2778
0.2738
0.2939
0.2948
0.2895
0.2865
0.3568
0.2879
0.314
0.3106
0.3498
0.2672
0.3672
0.2608
0.3484
0.3864
0.288
0.2947
0.2668
0.2697
0.2675
0.2813
0.2857
0.2783
0.2546
0.2907
0.3033
0.2792
0.2759
0.2926
0.273
0.3159
0.2572
0.2699
0.3337
0.2922
0.2912
0.2934
0.2582
0.3067
0.2631
0.2835
0.2885
0.2861
0.2771
0.3063
0.3067
0.3049
0.303
0.285
0.3008
0.2914
0.2953
0.2795
0.3275
0.3025
0.3757
0.2908
0.2945
0.2668
0.3034
0.311
0.2844
0.2992
0.3377
0.3732
0.2619
0.302
0.2603
0.3036
0.3048
0.3912
0.2899
0.2657
0.3128
0.3151
0.3433
0.2669
0.3281
0.2373
0.2702
0.3491
0.3059
0.2468
0.3076
0.3192
0.3151
0.268
0.3587
0.36
0.2605
0.2781
0.3408
0.3058
0.3311
0.2815
0.275
0.3604
0.3128
0.2884
0.3025
0.2807
0.2791
0.2884
0.277
0.2559
0.2915
0.3176
0.2865
0.2904
0.3915
0.2801
0.3333
0.286
0.2814
0.306
0.2837
0.2969
0.2922
0.3218
0.2792
0.2864
0.2768
0.277
0.263
0.3051
0.3197
0.3106
0.2867
0.3015
0.262
0.3016
0.2687
0.2781
0.3216
0.2578
0.2843
0.3526
0.2824
0.2635
0.3029
0.3205
0.3043
0.3305
0.2707
0.3056
0.2846
0.2954
0.2634
0.2564
0.298
0.2594
0.3185
0.3
0.2578
0.3175
0.3254
0.2951
0.2975
0.3029
0.268
0.2868
0.2889
0.2573
0.3093
0.2795
0.2854
0.2945
0.2762
0.2996
0.2693

