---------------------------------------------
CalcPrivateVideoDecoderOutputViewSize_D3D11_1
---------------------------------------------
0.0022
0.0016
0.0015
0.0022
0.0017
0.0017
0.0036
0.0012
0.0009
0.0014
0.0009
0.0011
0.0013
0.0017
0.0007
0.0017
0.0012
0.0009
0.0026
0.0025
0.0009
0.001
0.0012
0.0009
0.0007
0.002
0.0007
0.0008
0.0015
0.0008
0.0008
0.0007
0.0009
0.0007
0.0009
0.0008
0.0008
0.0008
0.0017
0.002
0.0016
0.0015
0.0029
0.0014
0.0013
0.0014
0.0009
0.0008
0.0008
0.0008
0.0008
0.0008
0.0009
0.0008
0.0008
0.0008
0.0009
0.0007
0.0008
0.0007
0.0008
0.0007
0.0007
0.0019
0.0009
0.0008
0.0009
0.0007
0.0006
0.0012
0.0006
0.0015
0.0011
0.002
0.0015
0.0011
0.0011
0.0008
0.0008
0.0007
0.0006
0.001
0.0009
0.0007
0.001
0.0008
0.0012
0.0008
0.0008
0.0007
0.0008
0.0008
0.0008
0.0007
0.0024
0.0011
0.0007
0.0007
0.0006
0.0007
0.0007
0.0007
0.0009
0.0007
0.0006
0.0009
0.0007
0.0008
0.001
0.0007
0.0007
0.0007
0.0008
0.0007
0.0008
0.0007
0.0006
0.0013
0.0012
0.0006
0.0016
0.0009
0.0007
0.0017
0.0012
0.0009
0.0009
0.0009
0.0006
0.0009
0.0006
0.0007
0.0007
0.0008
0.0009
0.0008
0.0007
0.0007
0.0008
0.0007
0.0007
0.0026
0.0008
0.0012
0.0007
0.0008
0.0006
0.0008
0.0007
0.0007
0.0008
0.0007
0.0008
0.0007
0.0008
0.0006
0.0007
0.0009
0.0006
0.0007
0.0007
0.0007
0.001
0.0007
0.0006
0.0006
0.0006
0.0006
0.0007
0.0007
0.0009
0.0007
0.0007
0.0007
0.0007
0.0009
0.0007
0.0007
0.0008
0.0006
0.0007
0.001
0.0007
0.0007
0.0007
0.0007
0.0007
0.0006
0.0007
0.0007
0.0015
0.0019
0.0019
0.0011
0.001
0.001
0.0007
0.0007
0.0008
0.0007
0.0006
0.0007
0.0008
0.0006
0.0007
0.0008
0.0006
0.0007
0.0008
0.0007
0.0007
0.0028
0.0007
0.0007
0.0006
0.0006
0.0007
0.0006
0.0006
0.0007
0.0007
0.0006
0.0013
0.0007
0.0009
0.0008
0.0007
0.0007
0.0006
0.0007
0.0007
0.0006
0.0009
0.0006
0.001
0.0007
0.0007
0.0011
0.001
0.0006
0.0015
0.0011
0.0008
0.0009
0.0007
0.0006
0.0009
0.0007
0.0009
0.0007
0.0006
0.0007
0.002
0.0009
0.0007
0.0007
0.0008
0.0007
0.0008
0.0008
0.0007
0.0008
0.0007
0.0006
0.0011
0.0007
0.0006
0.0007
0.0007
0.0007
0.001
0.0006
0.0006
0.0007
0.0008
0.0006
0.0007
0.001
0.0008
0.0007
0.0006
0.0006
0.0007
0.0006
0.0007
0.0007
0.0006
0.0007
0.0007
0.0007
0.0006
0.0007
0.0017
0.0007
0.0008
0.0008
0.0007
0.0007
0.0006
0.0006
0.0015
0.001
0.0008
0.0013
0.0008
0.0007
0.0007
0.0007
0.0007
0.0008
0.0009
0.0006
0.0008
0.0006
0.0006
0.0007
0.0078
0.0008
0.0007
0.0007
0.0007
0.0009
0.0009
0.0006
0.0007
0.0007
0.0006
0.0009
0.0007
0.0006
0.0015
0.001
0.0009
0.001
0.0008
0.0007
0.0007
0.0009
0.0023
0.0007
0.0008
0.0012
0.001
0.0007
0.0007
0.0017
0.0013
0.0008
0.001
0.0008
0.0008
0.0008
0.0008
0.0008
0.0011
0.0007
0.0006
0.0009
0.0009
0.0006
0.0009
0.0008
0.0007
0.0007
0.0007
0.0006
0.0008
0.0007
0.0006
0.0007
0.0007
0.0006
0.0007
0.0007
0.0007
0.0007
0.0007
0.0006
0.0007
0.0012
0.0006
0.002
0.0009
0.0007
0.0014
0.0013
0.0008
0.0009
0.0008
0.0007
0.001
0.0008
0.0007
0.0007
0.0007
0.0007
0.0007
0.0007
0.0009
0.0007
0.0011
0.0006
0.0008
0.0008
0.0007
0.0007
0.0007
0.0007
0.0007
0.0008
0.0008
0.0007
0.0007
0.0006
0.0007
0.0008
0.0026
0.0009
0.0011
0.0011
0.001
0.0007
0.0006
0.0021
0.001
0.001
0.0008
0.0009
0.0007
0.0008
0.0009
0.001
0.0007
0.0008
0.0008
0.0007
0.0008
0.0009
0.0008
0.0006
0.0007
0.0007
0.0007
0.0009
0.0007
0.0007
0.0007
0.0008
0.0006
0.0006
0.0007
0.0007
0.0007
0.0007
0.0007
0.0006
0.0007
0.0012
0.0006
0.0008
0.001
0.0006
0.0018
0.0011
0.0009
0.0009
0.001
0.0008
0.001
0.0008
0.0007
0.0008
0.0008
0.0008
0.0041
0.0008
0.0006
0.0012
0.0011
0.0005
0.0015
0.0008
0.0007
0.0007
0.0008
0.0006
0.001
0.0007
0.0007
0.0008
0.0007
0.0006
0.0007
0.0006
0.0007
0.0009
0.0007
0.0007
0.0016
0.001
0.001
0.0009
0.0046
0.0008
0.0016
0.0011
0.0007
0.001
0.0012
0.0006
0.0007
0.0007
0.0009
0.0008
0.0007
0.0018
0.0011
0.0011
0.0013
0.0011
0.0007
0.0007
0.0009
0.0007
0.0008
0.0006
0.0007
0.0009
0.0009
0.0008
0.0007
0.001
0.0009
0.0015
0.0013
0.002
0.0013
0.0017
0.0009
0.0011
0.0014
0.0009
0.001
0.0019
0.001
0.001
0.0008
0.0008
0.0007
0.001
0.0007
0.0007
0.0008
0.0007
0.0007
0.0009
0.0009
0.0007
0.0008
0.0007
0.0007
0.0007
0.0009
0.0007
0.0007
0.0007
0.0007
0.0006
0.0008
0.0007
0.0013
0.0018
0.0011
0.001
0.001
0.0014
0.0011
0.0008
0.0007
0.0007
0.0007
0.0007
0.0016
0.0015
0.001
0.0007
0.0009
0.0008
0.0007
0.0007
0.0007
0.0008
0.0009
0.0008
0.0007
0.0007
0.0007
0.0007
0.0007
0.0006

-----------------------
CodechalDecode::Execute
-----------------------
16.0508
18.0421
10.0934
15.3671
20.9719
49.5317
15.8226
0.7173
0.616
0.6025
0.5608
0.7979
0.6771
0.6273
0.7272
0.7809
0.5329
0.5813
0.6979
0.5914
0.6871
0.5894
0.6411
0.6677
0.4355
0.3959
0.415
0.426
0.4131
0.4226
0.3878
0.4298
0.429
0.385
0.4259
0.3976
0.4205
0.389
0.6208
0.5378
0.5117
0.4267
0.5226
0.4583
0.4978
0.5227
0.4532
0.4112
0.4365
0.3878
0.4215
0.3923
0.4367
0.3917
0.4701
0.4278
0.3825
0.4265
0.4191
0.404
0.4213
0.4206
0.4055
0.4202
0.4193
0.4044
0.4249
0.4028
0.411
0.394
0.4323
0.4313
0.4355
0.449
0.4873
0.4626
0.4463
0.382
0.4304
0.4036
0.4043
0.4312
0.3978
0.4202
0.4256
0.4008
0.4281
0.4048
0.4087
0.4092
0.4273
0.3925
0.4101
0.4266
0.3956
0.4181
0.4239
0.4009
0.4145
0.3864
0.4148
0.4178
0.4148
0.4114
0.4144
0.4167
0.4333
0.4132
0.4182
0.4119
0.412
0.4149
0.419
0.4142
0.4161
0.4267
0.4218
0.3961
0.3967
0.4071
0.4595
0.4433
0.3864
0.5292
0.4029
0.4005
0.4274
0.3929
0.427
0.4097
0.4176
0.3821
0.4102
0.4148
0.4255
0.4265
0.3856
0.4079
0.4172
0.414
0.4186
0.4433
0.3939
0.3994
0.4206
0.4007
0.4115
0.419
0.3988
0.3945
0.4293
0.3938
0.4161
0.4147
0.4094
0.4139
0.4004
0.4311
0.4251
0.4232
0.4266
0.4212
0.3853
0.4258
0.4004
0.4238
0.3993
0.4242
0.4114
0.4052
0.3932
0.423
0.4016
0.4204
0.4122
0.3915
0.42
0.3869
0.4255
0.4225
0.4239
0.3915
0.4204
0.4254
0.3883
0.4262
0.3904
0.4352
0.3937
0.421
0.4602
0.4208
0.5134
0.4057
0.4497
0.4163
0.4218
0.4086
0.3873
0.396
0.3966
0.3781
0.4294
0.4177
0.4267
0.3901
0.4109
0.4131
0.4161
0.4068
0.4189
0.4177
0.4161
0.3963
0.4195
0.3937
0.4234
0.3874
0.417
0.4115
0.41
0.4092
0.3998
0.4196
0.424
0.4191
0.3863
0.4144
0.3906
0.4145
0.3899
0.4237
0.3848
0.4173
0.4148
0.4032
0.4072
0.3917
0.3816
0.4065
0.48
0.4634
0.4138
0.4199
0.4165
0.4003
0.3884
0.4235
0.3928
0.4083
0.4065
0.4114
0.4712
0.4332
0.4131
0.4202
0.3942
0.3952
0.4156
0.3857
0.4041
0.4271
0.4023
0.407
0.3997
0.4134
0.4101
0.3893
0.4245
0.4016
0.4286
0.3954
0.4056
0.3959
0.425
0.4026
0.4196
0.4101
0.4109
0.4216
0.4183
0.3855
0.4298
0.3884
0.4121
0.4175
0.413
0.4129
0.4189
0.391
0.4035
0.4191
0.4374
0.4126
0.4151
0.427
0.4183
0.385
0.4274
0.4137
0.4675
0.4258
0.4097
0.4052
0.43
0.3828
0.4253
0.3848
0.4124
0.3908
0.4373
0.4146
0.3864
0.4222
0.3955
0.4048
0.4132
0.4066
0.4126
0.4097
0.4103
0.4044
0.4237
0.4105
0.3848
0.4208
0.4038
0.4101
0.4224
0.4106
0.4514
0.4431
0.3951
0.4366
0.3943
0.4201
0.4065
0.4286
0.3787
0.4229
0.388
0.4371
0.4079
0.4058
0.417
0.5182
0.4432
0.3979
0.4206
0.391
0.4132
0.4257
0.4269
0.4054
0.4398
0.4071
0.4161
0.3922
0.3743
0.4
0.4427
0.3974
0.4112
0.4085
0.4009
0.4097
0.4096
0.3851
0.3993
0.404
0.405
0.4005
0.4201
0.3828
0.4027
0.422
0.4169
0.4061
0.3834
0.3716
0.3815
0.5038
0.4059
0.4155
0.4371
0.3977
0.4167
0.4395
0.4208
0.4075
0.4242
0.4384
0.4144
0.4272
0.4381
0.3952
0.4187
0.437
0.4267
0.3974
0.3948
0.4144
0.4333
0.4202
0.4172
0.417
0.4196
0.437
0.4343
0.3958
0.4169
0.4159
0.3871
0.4129
0.421
0.3901
0.4309
0.3975
0.4552
0.4512
0.3992
0.3959
0.3983
0.5384
0.4504
0.4255
0.4244
0.4328
0.386
0.42
0.4248
0.4006
0.4282
0.4278
0.4205
0.3897
0.4246
0.4289
0.395
0.4103
0.4127
0.3952
0.424
0.3877
0.4306
0.3953
0.4265
0.4443
0.4156
0.4101
0.4348
0.3961
0.4171
0.426
0.3897
0.4064
0.4161
0.376
0.3796
0.4426
0.401
0.4057
0.4883
0.4366
0.408
0.4384
0.4361
0.4278
0.4322
0.4325
0.4165
0.429
0.4056
0.4228
0.4333
0.3911
0.4123
0.3976
0.3967
0.413
0.4658
0.4239
0.4062
0.4461
0.3916
0.4121
0.4036
0.4237
0.4128
0.3889
0.4172
0.396
0.4304
0.3966
0.4333
0.4332
0.388
0.4148
0.4506
0.4598
0.4328
0.3928
0.4266
0.4018
0.5036
0.4647
0.3955
0.4264
0.4983
0.396
0.4274
0.4284
0.3943
0.4104
0.4206
0.4311
0.4436
0.4582
0.4575
0.4705
0.4201
0.4116
0.4162
0.4202
0.4048
0.4151
0.4126
0.4231
0.4178
0.4134
0.418
0.3954
0.4369
0.4411
0.4588
0.5089
0.4477
0.4529
0.4466
0.4407
0.4966
0.4425
0.4692
0.5282
0.4544
0.3977
0.4242
0.3892
0.4181
0.4225
0.4162
0.4248
0.3895
0.4125
0.429
0.3995
0.3872
0.4182
0.4269
0.4179
0.4196
0.3858
0.4244
0.4229
0.3895
0.4231
0.3956
0.4172
0.3968
0.4148
0.4038
0.529
0.4295
0.4031
0.441
0.4898
0.4371
0.401
0.428
0.375
0.392
0.3948
0.5177
0.4232
0.4224
0.4295
0.429
0.4241
0.3914
0.4222
0.4112
0.4165
0.4236
0.4203
0.3899
0.4287
0.4259
0.3901
0.4249
0.4126

---------------------------------------
CodechalDecodeHevcG12::DecodeStateLevel
---------------------------------------
0.4923
14.2651
8.7771
8.1561
0.2715
0.1774
0.3557
0.9587
19.1905
0.3185
24.5178
10.859
0.3286
0.2419
0.2205
0.1958
0.2778
0.1867
0.2604
0.1834
0.2039
0.1836
0.3142
0.2234
0.2895
0.1855
0.2318
0.1879
0.263
0.2312
0.3304
0.2067
0.2029
0.1661
0.2249
0.1715
0.2714
0.2012
0.2248
0.1674
0.2238
0.264
0.2079
0.1614
0.2453
0.1789
0.2451
0.2261
0.1736
0.1286
0.1509
0.1272
0.156
0.1373
0.1657
0.129
0.1572
0.1264
0.1606
0.1356
0.1471
0.1227
0.1613
0.1412
0.1653
0.1313
0.1473
0.122
0.1627
0.1331
0.1482
0.1263
0.1659
0.1276
0.1481
0.122
0.2336
0.1916
0.2242
0.1372
0.2138
0.1323
0.161
0.1294
0.2148
0.1331
0.18
0.128
0.2014
0.1356
0.2277
0.1333
0.1794
0.1278
0.1572
0.1253
0.1795
0.1294
0.1495
0.1252
0.1624
0.1386
0.1548
0.123
0.1756
0.1307
0.149
0.13
0.1858
0.1475
0.1721
0.1286
0.1503
0.1213
0.1591
0.1433
0.1685
0.1253
0.1583
0.1271
0.1588
0.1391
0.1657
0.1277
0.1591
0.127
0.1597
0.1302
0.1661
0.1266
0.1571
0.1277
0.1622
0.1366
0.1514
0.1303
0.1569
0.1293
0.1495
0.1224
0.1606
0.1407
0.1654
0.1275
0.167
0.1359
0.181
0.1243
0.1972
0.1372
0.181
0.1317
0.1784
0.1327
0.1449
0.124
0.1572
0.1505
0.1533
0.1298
0.1524
0.1314
0.1678
0.1289
0.1505
0.1266
0.1568
0.1348
0.1611
0.129
0.1475
0.1294
0.165
0.1278
0.1529
0.1325
0.152
0.1241
0.1587
0.127
0.1635
0.135
0.1494
0.1225
0.1573
0.1297
0.1586
0.1396
0.1466
0.1282
0.1516
0.1263
0.1637
0.1309
0.154
0.1237
0.1608
0.1284
0.1478
0.1251
0.1567
0.1273
0.1561
0.1388
0.1586
0.13
0.1582
0.1261
0.1568
0.1303
0.1571
0.1313
0.1668
0.1321
0.1561
0.1313
0.1591
0.1284
0.1595
0.1258
0.1559
0.1318
0.1586
0.1255
0.1628
0.1277
0.156
0.1328
0.1613
0.127
0.1609
0.1357
0.1613
0.1342
0.149
0.1198
0.1601
0.1116
0.1579
0.1259
0.1789
0.1373
0.1631
0.1458
0.1451
0.1233
0.2194
0.1365
0.151
0.1237
0.154
0.1297
0.164
0.1298
0.1505
0.1222
0.1564
0.146
0.159
0.1245
0.1569
0.1338
0.1467
0.1247
0.1554
0.133
0.1591
0.1273
0.1599
0.1323
0.1617
0.1339
0.1468
0.1212
0.156
0.1319
0.1575
0.1296
0.1588
0.1258
0.1599
0.1307
0.171
0.1289
0.1522
0.1205
0.1527
0.1199
0.1639
0.1316
0.1549
0.1233
0.1573
0.1326
0.161
0.1323
0.1505
0.1263
0.1494
0.1253
0.1636
0.1295
0.1482
0.1226
0.1573
0.1301
0.1566
0.1333
0.1545
0.1327
0.1606
0.128
0.15
0.1352
0.1682
0.1272
0.1653
0.1291
0.1658
0.1292
0.1638
0.128
0.1601
0.1346
0.1475
0.1217
0.1623
0.136
0.1524
0.1291
0.1641
0.1275
0.1478
0.1293
0.1581
0.137
0.16
0.1262
0.154
0.1317
0.1491
0.1215
0.1626
0.1311
0.1562
0.1232
0.161
0.1342
0.1592
0.1272
0.1457
0.127
0.1587
0.1353
0.1486
0.1224
0.1626
0.1292
0.1609
0.133
0.1613
0.1316
0.1484
0.1223
0.1606
0.1331
0.1645
0.1275
0.1477
0.1229
0.1602
0.1364
0.146
0.1293
0.176
0.1251
0.1487
0.1268
0.1616
0.1323
0.1733
0.1277
0.156
0.1351
0.2213
0.1311
0.1536
0.1221
0.1881
0.1266
0.1506
0.1468
0.1619
0.1351
0.1461
0.1484
0.151
0.1211
0.1477
0.1281
0.1489
0.1294
0.1425
0.1249
0.1453
0.1623
0.1588
0.1354
0.1613
0.1375
0.1477
0.1263
0.1538
0.1312
0.1563
0.1312
0.1573
0.134
0.1545
0.1252
0.159
0.1354
0.1564
0.1293
0.1615
0.1262
0.1488
0.1265
0.1595
0.1283
0.1457
0.1324
0.1633
0.1334
0.1481
0.1231
0.1555
0.1387
0.156
0.134
0.1575
0.1233
0.1561
0.1305
0.1517
0.1195
0.1583
0.1317
0.1617
0.1363
0.1625
0.1295
0.1465
0.1215
0.1591
0.1309
0.1481
0.1275
0.1569
0.1264
0.1475
0.1273
0.1612
0.1282
0.1472
0.1207
0.1561
0.1361
0.1577
0.1303
0.1557
0.1243
0.1535
0.1302
0.1499
0.1213
0.1495
0.1151
0.1497
0.133
0.1877
0.1365
0.1771
0.1315
0.1574
0.1348
0.16
0.1324
0.162
0.127
0.1519
0.1294
0.1486
0.1191
0.1645
0.1261
0.1532
0.1229
0.1539
0.129
0.1535
0.1286
0.1552
0.1335
0.1864
0.1284
0.1628
0.1351
0.1559
0.1313
0.1599
0.1348
0.1492
0.1275
0.1495
0.1274
0.1559
0.1345
0.1457
0.1241
0.153
0.1288
0.1635
0.1324
0.1556
0.1221
0.15
0.1299
0.1492
0.1289
0.1526
0.1373
0.158
0.1257
0.1476
0.1284
0.1591
0.1286
0.1553
0.1253
0.1645
0.1301
0.1469
0.1211
0.154
0.1273
0.1485
0.132
0.1594
0.1278
0.1551
0.1255
0.1624
0.1272
0.1548
0.1205
0.1609
0.1284
0.1644
0.1273
0.1612
0.1269
0.1432
0.1245
0.1702
0.1287
0.1486
0.122
0.1579
0.1349
0.1582
0.1272
0.1578
0.128
0.1548
0.1345
0.1639
0.1275
0.1479
0.1278
0.1537
0.1258
0.158
0.1344
0.1761
0.1298
0.1568
0.1318
0.1593
0.1242
0.1622
0.1261
0.1582
0.1369
0.1468
0.1223
0.1617
0.1377
0.1624
0.1282
0.1784
0.1352
0.1639
0.1255
0.1576
0.1277
0.1496
0.1243
0.1664
0.1287
0.1444
0.1263
0.1597
0.1342
0.1462
0.1194
0.1546
0.1323
0.1492
0.1215
0.1717
0.1267
0.1557
0.1342
0.1485
0.1207
0.1583
0.1373
0.15
0.1283
0.1602
0.1255
0.1569
0.1271
0.1561
0.1293
0.1578
0.125
0.1572
0.126
0.1542
0.1322
0.1566
0.1236
0.1604
0.1337
0.1548
0.134
0.1476
0.1222
0.1567
0.1345
0.1519
0.1314
0.1579
0.1262
0.1581
0.1274
0.1551
0.1331
0.1694
0.13
0.1706
0.1284
0.1506
0.1228
0.1688
0.1328
0.1493
0.125
0.1573
0.1303
0.1485
0.1385
0.1704
0.1285
0.1457
0.1214
0.1678
0.1287
0.1482
0.1202
0.1687
0.1348
0.1525
0.1299
0.1524
0.1234
0.1607
0.1322
0.2183
0.1287
0.1752
0.1274
0.1508
0.1278
0.1626
0.1282
0.1485
0.1229
0.1537
0.1369
0.1619
0.1328
0.1656
0.1271
0.1554
0.1263
0.1635
0.1372
0.1512
0.1298
0.1565
0.1341
0.1493
0.1197
0.1447
0.1165
0.1502
0.1306
0.1805
0.1293
0.1495
0.1206
0.1541
0.1313
0.1553
0.1313
0.155
0.1246
0.1545
0.1343
0.1585
0.129
0.1462
0.1199
0.1506
0.1292
0.1545
0.131
0.1569
0.1243
0.1508
0.1317
0.1612
0.1348
0.145
0.1217
0.1538
0.1239
0.1649
0.1269
0.1596
0.1246
0.1539
0.1308
0.146
0.12
0.1402
0.1163
0.1462
0.1205
0.2033
0.1296
0.1565
0.1219
0.1581
0.1324
0.1698
0.1313
0.1522
0.1211
0.162
0.1285
0.1732
0.1293
0.1608
0.1334
0.158
0.1278
0.1597
0.1395
0.1746
0.1285
0.1598
0.1289
0.163
0.1291
0.1713
0.1319
0.1507
0.1236
0.1632
0.1287
0.1727
0.1284
0.1647
0.1338
0.151
0.1239
0.1503
0.1215
0.1546
0.1301
0.1669
0.1281
0.1616
0.1303
0.1586
0.1331
0.1626
0.127
0.1666
0.1236
0.1689
0.1323
0.1723
0.1288
0.1516
0.1224
0.1549
0.1365
0.1625
0.1279
0.1466
0.1261
0.1525
0.1379
0.1642
0.1325
0.147
0.1269
0.1658
0.1269
0.1522
0.1241
0.1872
0.1241
0.1801
0.1281
0.1564
0.1223
0.1546
0.1227
0.1521
0.1264
0.2178
0.1338
0.1723
0.1344
0.1638
0.1349
0.1637
0.1286
0.1635
0.1363
0.1463
0.1261
0.1606
0.1302
0.1594
0.1326
0.1516
0.12
0.1677
0.1319
0.163
0.1349
0.1621
0.1328
0.1479
0.122
0.1639
0.1287
0.1665
0.1367
0.1499
0.1241
0.1573
0.1266
0.1568
0.1344
0.1534
0.1234
0.1645
0.1279
0.1465
0.1286
0.1682
0.1306
0.1484
0.1229
0.1685
0.1299
0.1724
0.1311
0.158
0.1323
0.1586
0.1288
0.1677
0.1374
0.1526
0.123
0.1592
0.1279
0.1672
0.1277
0.1486
0.1215
0.1529
0.1302
0.1602
0.128
0.143
0.1163
0.1432
0.1244
0.1741
0.1298
0.1497
0.1288
0.1519
0.1321
0.192
0.1332
0.1691
0.129
0.1568
0.1268
0.1787
0.1282
0.1681
0.1279
0.163
0.1362
0.1693
0.1307
0.1675
0.1272
0.1563
0.1369
0.1679
0.1277
0.157
0.1228
0.1602
0.1359
0.1646
0.1272
0.1469
0.1272
0.1519
0.1362
0.1511
0.1233
0.1639
0.1131
0.1659
0.1256
0.1817
0.1388
0.1673
0.1211
0.156
0.1294
0.1882
0.1273
0.1475
0.1221
0.1617
0.1284
0.1489
0.1303
0.1607
0.1272
0.1611
0.1267
0.1483
0.1229
0.1572
0.1271
0.1466
0.1337
0.1701
0.1298
0.1519
0.1223
0.1745
0.1281
0.1698
0.1306
0.1483
0.1211
0.154
0.1359
0.1764
0.13
0.1835
0.1285
0.1779
0.1301
0.1497
0.1219
0.1637
0.1259
0.1561
0.1239
0.2127
0.1347
0.1909
0.1369
0.1482
0.1273
0.1628
0.1307
0.2166
0.1296
0.1485
0.1312
0.1731
0.1293
0.1679
0.1346
0.1572
0.124
0.1591
0.1275
0.1618
0.1308
0.1666
0.1277
0.1818
0.1236
0.1713
0.1516
0.1807
0.134
0.1874
0.1335
0.1598
0.1343
0.1563
0.1315
0.1612
0.129
0.1608
0.1334
0.1495
0.1359
0.1559
0.1302
0.1563
0.1321
0.1598
0.1325
0.1616
0.1266
0.1587
0.1306
0.1642
0.1275
0.1491
0.122
0.1791
0.127
0.1679
0.1364
0.1884
0.126
0.2116
0.1289
0.1699
0.1365
0.1815
0.1268
0.1746
0.1304
0.1719
0.1312
0.2108
0.1314
0.1777
0.1274
0.1842
0.1428
0.2104
0.1329
0.1839
0.1291
0.1519
0.1233
0.1641
0.129
0.1461
0.1271
0.1563
0.1384
0.1617
0.1258
0.1567
0.1317
0.1603
0.135
0.1526
0.1223
0.1576
0.1322
0.1637
0.1387
0.153
0.1235
0.1483
0.1193
0.161
0.1302
0.1664
0.1279
0.1588
0.1332
0.1586
0.1364
0.1479
0.1216
0.1602
0.1369
0.1611
0.1354
0.1493
0.1224
0.1601
0.1362
0.1476
0.1309
0.1581
0.1278
0.1471
0.132
0.1537
0.1374
0.1547
0.1222
0.2168
0.133
0.1658
0.1304
0.159
0.1235
0.1635
0.1288
0.1999
0.1373
0.1774
0.1243
0.1544
0.125
0.159
0.1445
0.142
0.1262
0.1469
0.1293
0.1525
0.1261
0.2125
0.136
0.1673
0.1213
0.159
0.1321
0.1705
0.1287
0.166
0.1266
0.1628
0.1341
0.1474
0.1256
0.1577
0.1334
0.1548
0.1321
0.1597
0.1265
0.1577
0.1297
0.1591
0.1353
0.1478
0.1215
0.1626
0.1345
0.1643
0.1324
0.1504
0.1215
0.1609
0.1341
0.1558
0.1265

-------------------------------------
CodechalDecodeHevcG12::SetFrameStates
-------------------------------------
1.0079
0.9668
9.5112
13.9105
1.2872
13.9147
15.0907
0.1633
0.0385
0.0334
0.0337
0.0413
0.0457
0.0398
0.0349
0.0455
0.0354
0.0533
0.0416
0.0507
0.0399
0.0328
0.0564
0.0366
0.0366
0.0318
0.0332
0.0347
0.0336
0.0342
0.0336
0.0332
0.0344
0.0306
0.0334
0.0352
0.0339
0.0311
0.0528
0.0446
0.0433
0.0355
0.0453
0.0406
0.0403
0.0422
0.0375
0.0341
0.0366
0.0318
0.0339
0.0322
0.035
0.0318
0.0414
0.0335
0.0309
0.0365
0.0338
0.033
0.0343
0.0346
0.0334
0.0348
0.0348
0.0327
0.0344
0.0314
0.0344
0.0321
0.0345
0.0383
0.0365
0.0374
0.0415
0.0364
0.0374
0.0312
0.0321
0.0325
0.0329
0.0353
0.0341
0.0334
0.0365
0.0326
0.0351
0.0308
0.0326
0.0334
0.0336
0.0311
0.0332
0.0339
0.0323
0.0323
0.0349
0.032
0.0338
0.0303
0.0333
0.033
0.0328
0.0337
0.0337
0.0333
0.0357
0.0322
0.0336
0.0336
0.0325
0.0389
0.0335
0.0324
0.0336
0.0338
0.0329
0.0324
0.0309
0.0311
0.0397
0.0361
0.0305
0.0455
0.0371
0.0324
0.0353
0.032
0.0332
0.0343
0.0332
0.0304
0.0318
0.0336
0.0336
0.0349
0.0317
0.0306
0.0331
0.0344
0.033
0.0397
0.0324
0.0314
0.0332
0.0318
0.0332
0.0332
0.0315
0.0314
0.0346
0.031
0.0353
0.0326
0.0328
0.0329
0.0307
0.0341
0.0345
0.0336
0.0354
0.034
0.0307
0.033
0.0317
0.035
0.0308
0.0358
0.0331
0.0321
0.0313
0.0331
0.0322
0.0335
0.035
0.0311
0.0334
0.0308
0.0334
0.0334
0.0338
0.0312
0.0329
0.0391
0.0309
0.0341
0.0304
0.0342
0.0314
0.0329
0.039
0.0347
0.0406
0.0345
0.0343
0.0314
0.0334
0.0311
0.0308
0.0318
0.0318
0.031
0.0312
0.0322
0.0343
0.031
0.0323
0.0324
0.0334
0.0325
0.0325
0.0348
0.033
0.0317
0.0329
0.0301
0.0349
0.0306
0.0335
0.0321
0.0358
0.0325
0.0323
0.0362
0.0338
0.0338
0.0315
0.0326
0.0312
0.0333
0.0308
0.0339
0.0314
0.0331
0.0328
0.0321
0.032
0.0317
0.0234
0.0333
0.0413
0.0457
0.0334
0.0342
0.0362
0.0327
0.0315
0.0344
0.0311
0.0371
0.0327
0.032
0.0393
0.0367
0.0339
0.0339
0.0315
0.0313
0.0333
0.0308
0.0318
0.0347
0.0319
0.0374
0.0312
0.0325
0.0357
0.0306
0.0334
0.0321
0.0349
0.0316
0.0318
0.0308
0.0335
0.0328
0.0335
0.0316
0.0321
0.033
0.034
0.0302
0.0368
0.0319
0.0314
0.033
0.0345
0.0322
0.0361
0.0306
0.034
0.0337
0.0348
0.0326
0.0333
0.035
0.0334
0.0314
0.0335
0.0334
0.0414
0.0367
0.0336
0.033
0.0347
0.0302
0.0338
0.0315
0.0356
0.0314
0.0339
0.033
0.0329
0.033
0.0315
0.0314
0.0352
0.0327
0.0381
0.0342
0.0329
0.0348
0.0331
0.0326
0.0304
0.0359
0.0323
0.0357
0.0335
0.0326
0.0394
0.0397
0.0321
0.0345
0.0321
0.0332
0.0318
0.0342
0.0303
0.0337
0.0315
0.0348
0.0327
0.0337
0.0336
0.0461
0.0387
0.032
0.0361
0.0318
0.0316
0.034
0.0347
0.0327
0.0357
0.0321
0.0337
0.0347
0.0236
0.031
0.0348
0.0377
0.036
0.0328
0.0332
0.0328
0.0331
0.0355
0.0308
0.0316
0.0349
0.0316
0.0328
0.0327
0.0307
0.0328
0.0347
0.0325
0.0328
0.0301
0.0304
0.0407
0.0337
0.0329
0.0372
0.0332
0.0334
0.0362
0.0342
0.0353
0.0339
0.0352
0.0336
0.0344
0.0359
0.0309
0.0336
0.036
0.0346
0.0326
0.0327
0.034
0.0346
0.0345
0.0337
0.034
0.0322
0.0354
0.0359
0.0315
0.0359
0.0339
0.0307
0.0325
0.0335
0.0315
0.0382
0.0336
0.0361
0.0368
0.0325
0.0316
0.0318
0.0527
0.0389
0.0344
0.0364
0.0355
0.0314
0.0362
0.0343
0.0321
0.0336
0.0345
0.0339
0.0316
0.0341
0.034
0.0313
0.0351
0.033
0.0312
0.0341
0.0303
0.0346
0.032
0.0332
0.0367
0.0341
0.0339
0.035
0.0317
0.0332
0.0343
0.0314
0.0337
0.0334
0.0309
0.0306
0.0372
0.033
0.0332
0.0436
0.0374
0.0367
0.0355
0.0366
0.0343
0.035
0.0358
0.0334
0.0358
0.0329
0.0336
0.0413
0.0314
0.0312
0.0324
0.0244
0.0305
0.0382
0.0377
0.0319
0.0345
0.032
0.0327
0.032
0.0333
0.034
0.031
0.034
0.0307
0.0351
0.0313
0.0345
0.0345
0.0315
0.0331
0.039
0.0388
0.0349
0.0328
0.0357
0.0325
0.0404
0.0369
0.0315
0.0345
0.0395
0.032
0.0341
0.0329
0.0305
0.0323
0.0335
0.0378
0.0342
0.0368
0.0372
0.0364
0.0347
0.034
0.0334
0.0338
0.0314
0.0363
0.0332
0.0341
0.0345
0.0335
0.0337
0.0326
0.0349
0.0372
0.037
0.0446
0.0382
0.0346
0.0365
0.0352
0.0395
0.0351
0.0358
0.0451
0.0383
0.0321
0.0343
0.0314
0.0321
0.0348
0.0342
0.0361
0.0311
0.0327
0.0336
0.0315
0.0319
0.0331
0.0345
0.034
0.0338
0.031
0.033
0.0335
0.0319
0.0331
0.0307
0.0333
0.0322
0.0326
0.0342
0.0459
0.0374
0.0321
0.0353
0.0391
0.0351
0.0346
0.0347
0.0294
0.0323
0.0322
0.0421
0.0354
0.0343
0.0354
0.0354
0.0344
0.0327
0.0344
0.033
0.0333
0.034
0.0339
0.0312
0.0343
0.0341
0.0309
0.0333
0.0327

--------------------------
CreateVideoDecoder_D3D11_1
--------------------------
28.133

---------------------------
DestroyVideoDecoder_D3D11_1
---------------------------
0

----------------
First Frame Time
----------------
109.899

--------------------------------------
VideoDecoderBeginFrame_WDDM2_4_D3D11_1
--------------------------------------
0.0098
0.0026
0.0029
0.0034
0.0034
0.0033
0.0041
0.003
0.0025
0.0025
0.0022
0.0025
0.003
0.0031
0.002
0.0027
0.0022
0.0019
0.0034
0.0042
0.0027
0.0023
0.0027
0.0019
0.0019
0.0018
0.0017
0.0018
0.0025
0.002
0.0018
0.0017
0.0018
0.0017
0.0016
0.0019
0.0017
0.0016
0.0033
0.0035
0.0035
0.0026
0.0044
0.0026
0.0026
0.0028
0.0023
0.002
0.0021
0.0023
0.0019
0.0019
0.0018
0.0019
0.0018
0.002
0.0025
0.0017
0.0017
0.0018
0.0018
0.0017
0.0042
0.0033
0.0027
0.0018
0.0019
0.0017
0.0017
0.0024
0.002
0.0029
0.0024
0.0025
0.0025
0.0023
0.0024
0.0016
0.0017
0.0019
0.0018
0.0019
0.0018
0.0016
0.0024
0.0018
0.0022
0.0019
0.0018
0.0018
0.0017
0.0019
0.0017
0.0019
0.0035
0.0022
0.0019
0.0016
0.0017
0.002
0.0044
0.0017
0.0018
0.0018
0.0018
0.0017
0.0019
0.002
0.0018
0.0019
0.0019
0.0018
0.002
0.0018
0.0018
0.002
0.0018
0.0028
0.0023
0.0016
0.0027
0.0021
0.0017
0.0032
0.002
0.0019
0.0018
0.0019
0.0017
0.0018
0.0018
0.0021
0.0017
0.0043
0.0018
0.0019
0.0018
0.0017
0.0018
0.0027
0.0017
0.0034
0.0018
0.0025
0.0018
0.0019
0.0017
0.0019
0.0018
0.0017
0.002
0.0017
0.0022
0.0019
0.0019
0.0018
0.0017
0.0017
0.0018
0.0017
0.0019
0.0016
0.0019
0.0017
0.0017
0.0018
0.0018
0.0017
0.0017
0.0017
0.002
0.0018
0.0018
0.0016
0.0016
0.0017
0.0017
0.0017
0.0018
0.0018
0.0017
0.0016
0.0017
0.0017
0.0019
0.0016
0.0018
0.0018
0.0018
0.0016
0.0029
0.0021
0.0027
0.0027
0.0021
0.0018
0.0018
0.0017
0.0017
0.0017
0.0017
0.0017
0.0018
0.0017
0.0017
0.0018
0.0016
0.0018
0.0018
0.002
0.0018
0.0037
0.0019
0.0018
0.0027
0.0018
0.0018
0.002
0.0016
0.0017
0.0018
0.0018
0.0029
0.0017
0.0018
0.0018
0.0018
0.0018
0.0019
0.0018
0.0018
0.0019
0.0019
0.0017
0.0019
0.0017
0.0018
0.0024
0.0023
0.0016
0.0029
0.0028
0.0021
0.002
0.0018
0.0018
0.002
0.0021
0.0019
0.0019
0.0019
0.0018
0.003
0.0023
0.0019
0.0019
0.0016
0.0016
0.0018
0.0018
0.0017
0.0018
0.0018
0.0017
0.002
0.0018
0.0017
0.0017
0.0017
0.0017
0.0017
0.0018
0.0017
0.0018
0.0017
0.0017
0.0018
0.002
0.0017
0.0017
0.0018
0.0017
0.0018
0.0019
0.0019
0.0019
0.0018
0.0017
0.0017
0.0017
0.0017
0.0018
0.0019
0.0018
0.0017
0.0019
0.0017
0.0018
0.0017
0.0018
0.0028
0.0023
0.002
0.0023
0.0017
0.0018
0.0017
0.002
0.0017
0.0019
0.0018
0.0019
0.0018
0.0017
0.0018
0.0028
0.009
0.0018
0.0019
0.0018
0.0018
0.0017
0.0018
0.0022
0.0018
0.0016
0.0018
0.0019
0.0019
0.0018
0.0029
0.0022
0.0018
0.002
0.002
0.0025
0.0017
0.0017
0.0018
0.0017
0.0019
0.0022
0.0018
0.0019
0.0017
0.003
0.0025
0.0019
0.0019
0.002
0.0017
0.0018
0.0017
0.0018
0.0025
0.0019
0.0018
0.0023
0.0024
0.0017
0.002
0.002
0.0016
0.0017
0.0018
0.0017
0.0017
0.0021
0.0016
0.0017
0.0017
0.0018
0.0018
0.0018
0.0016
0.0019
0.0021
0.0018
0.0017
0.0024
0.0015
0.0022
0.0019
0.0016
0.0025
0.0024
0.0017
0.0018
0.002
0.002
0.0018
0.0018
0.0017
0.0017
0.002
0.0018
0.0017
0.0017
0.0018
0.0021
0.0023
0.0018
0.0019
0.0018
0.0017
0.0018
0.0018
0.0019
0.002
0.0017
0.0016
0.0018
0.0017
0.0016
0.0017
0.0018
0.0028
0.0023
0.0027
0.0023
0.0023
0.0021
0.0018
0.0033
0.0024
0.0019
0.0019
0.0019
0.0019
0.0018
0.0018
0.0022
0.0018
0.0019
0.0017
0.002
0.0018
0.0018
0.002
0.0018
0.0018
0.0018
0.0017
0.0016
0.0018
0.0019
0.0016
0.0019
0.0018
0.0021
0.0016
0.0018
0.0017
0.002
0.0019
0.0017
0.0018
0.0024
0.0015
0.0021
0.0021
0.0017
0.0031
0.0025
0.0019
0.0021
0.002
0.002
0.0018
0.0021
0.0018
0.0019
0.0018
0.0019
0.0052
0.0017
0.0017
0.0025
0.0025
0.0016
0.0025
0.002
0.0019
0.0022
0.0019
0.0018
0.0018
0.0019
0.0019
0.0017
0.0019
0.0018
0.0018
0.0017
0.0017
0.0019
0.0018
0.0017
0.0027
0.0023
0.0021
0.0019
0.0026
0.0017
0.0023
0.002
0.0017
0.0019
0.0023
0.0018
0.0018
0.0019
0.0017
0.0017
0.0019
0.003
0.002
0.0018
0.0024
0.0021
0.002
0.0019
0.0018
0.0018
0.0018
0.0018
0.0019
0.0018
0.0019
0.0019
0.0018
0.0021
0.0018
0.0028
0.0027
0.0034
0.0023
0.0022
0.002
0.0025
0.0025
0.0028
0.0022
0.0035
0.0026
0.0019
0.0018
0.0017
0.0019
0.0019
0.0018
0.002
0.0019
0.0018
0.0019
0.0019
0.0019
0.0017
0.0018
0.0017
0.0018
0.0019
0.0018
0.0018
0.0019
0.0018
0.0018
0.0018
0.0017
0.0016
0.0023
0.0033
0.0021
0.0022
0.002
0.0025
0.0021
0.0019
0.0018
0.0019
0.0017
0.0017
0.003
0.004
0.0019
0.0019
0.0018
0.0019
0.0017
0.0017
0.0017
0.0016
0.002
0.0018
0.0017
0.0018
0.0017
0.002
0.0017
0.0017

----------------------------
VideoDecoderEndFrame_D3D11_1
----------------------------
0.038
0.0579
0.0845
0.1081
0.1387
0.1566
0.0629
0.0599
0.0705
0.062
0.0726
0.0766
0.0771
0.0732
0.0808
0.0718
0.0611
0.0593
0.0685
0.067
0.0848
0.0605
0.059
0.0617
0.0614
0.0576
0.0628
0.059
0.0623
0.0616
0.0554
0.0619
0.0598
0.056
0.0618
0.0568
0.0586
0.0564
0.0689
0.0651
0.0621
0.062
0.0672
0.0643
0.0629
0.0647
0.0612
0.0633
0.0591
0.0657
0.0639
0.0577
0.0638
0.0589
0.0658
0.0604
0.0575
0.0639
0.0595
0.0758
0.0634
0.0577
0.0704
0.0684
0.0622
0.0673
0.0655
0.0573
0.0615
0.0601
0.0633
0.0653
0.0589
0.0639
0.0645
0.0624
0.0575
0.0584
0.0595
0.0627
0.0613
0.0645
0.0596
0.0608
0.0571
0.0585
0.0648
0.0597
0.0586
0.0633
0.0617
0.059
0.058
0.0609
0.0615
0.0607
0.0622
0.0633
0.0591
0.0572
0.0599
0.0637
0.0611
0.0658
0.0639
0.0617
0.0681
0.0622
0.0634
0.0622
0.0617
0.0587
0.0601
0.0604
0.0611
0.0578
0.0597
0.0584
0.0563
0.0605
0.0642
0.0618
0.0586
0.0614
0.0588
0.06
0.0616
0.0597
0.0616
0.0629
0.0599
0.057
0.0598
0.065
0.0626
0.0594
0.0565
0.0615
0.0595
0.062
0.062
0.0624
0.0613
0.0596
0.0633
0.0601
0.0621
0.0621
0.0605
0.0606
0.0623
0.0596
0.0609
0.0596
0.0623
0.0587
0.0576
0.0606
0.0603
0.0603
0.0608
0.0612
0.0592
0.0623
0.0585
0.0641
0.0576
0.0608
0.0598
0.0588
0.0591
0.0636
0.0577
0.0616
0.0597
0.0594
0.061
0.0611
0.0601
0.0607
0.0605
0.0607
0.0612
0.0591
0.06
0.0618
0.0598
0.0589
0.0599
0.0604
0.0632
0.0579
0.0636
0.0536
0.0598
0.0567
0.0611
0.0587
0.0593
0.0547
0.0565
0.0555
0.0592
0.0598
0.0605
0.0625
0.0618
0.0606
0.0625
0.0596
0.0612
0.0608
0.0576
0.0577
0.0632
0.0586
0.0605
0.0554
0.062
0.064
0.0595
0.0586
0.0674
0.0616
0.0611
0.0611
0.0579
0.059
0.0598
0.0593
0.0583
0.0611
0.0589
0.0597
0.0588
0.0595
0.065
0.0613
0.0576
0.0595
0.0648
0.0628
0.0638
0.0599
0.0591
0.0618
0.0555
0.0589
0.0582
0.0601
0.0602
0.0615
0.0654
0.0606
0.0589
0.0633
0.0592
0.0594
0.0611
0.0605
0.0599
0.0608
0.0575
0.06
0.0568
0.0587
0.0604
0.0605
0.0591
0.0598
0.0599
0.059
0.062
0.0577
0.0626
0.0617
0.0619
0.0596
0.0618
0.0609
0.0603
0.0586
0.0619
0.061
0.0619
0.0624
0.0622
0.0598
0.0623
0.0566
0.0589
0.0588
0.0612
0.0635
0.0627
0.0611
0.0616
0.0597
0.0608
0.0598
0.0625
0.0605
0.0611
0.0589
0.0648
0.0618
0.0599
0.0565
0.0612
0.0579
0.059
0.059
0.0551
0.0581
0.0591
0.06
0.0663
0.0616
0.0581
0.0618
0.0598
0.0603
0.0605
0.0619
0.0566
0.0602
0.0596
0.0602
0.0626
0.0604
0.0618
0.0591
0.0643
0.063
0.0645
0.0602
0.0587
0.0648
0.0617
0.06
0.0577
0.0562
0.0576
0.0598
0.0648
0.0663
0.0651
0.0592
0.0626
0.0606
0.0592
0.0602
0.0605
0.0643
0.0604
0.0597
0.0613
0.0596
0.0565
0.0598
0.0611
0.0597
0.0601
0.0604
0.0623
0.0618
0.0588
0.0582
0.0599
0.0619
0.0609
0.0629
0.0616
0.0567
0.0609
0.0619
0.0607
0.0599
0.0595
0.0583
0.0562
0.0625
0.0581
0.0624
0.059
0.0614
0.0609
0.0605
0.0592
0.0605
0.0606
0.0582
0.0599
0.0633
0.0611
0.0591
0.0629
0.0592
0.0595
0.056
0.0612
0.0583
0.0599
0.0643
0.0594
0.0612
0.0602
0.0613
0.0604
0.0618
0.0591
0.0625
0.0611
0.0607
0.0594
0.0574
0.06
0.0648
0.0612
0.0563
0.0616
0.0582
0.0599
0.0641
0.0609
0.0627
0.0615
0.0624
0.0602
0.0603
0.0637
0.0575
0.0594
0.0618
0.0621
0.059
0.0651
0.0625
0.0583
0.06
0.0621
0.0594
0.0627
0.0585
0.0623
0.0624
0.0606
0.0616
0.0589
0.0608
0.0587
0.0594
0.0586
0.0595
0.0609
0.0631
0.0593
0.0576
0.0577
0.0631
0.0569
0.0599
0.0627
0.0624
0.0601
0.0617
0.0685
0.0626
0.0613
0.0595
0.0638
0.0619
0.0569
0.0615
0.0623
0.0579
0.0644
0.0604
0.0576
0.0629
0.0622
0.0582
0.0592
0.0609
0.0593
0.0603
0.0566
0.0585
0.0636
0.0567
0.0612
0.0583
0.0604
0.0591
0.0609
0.0591
0.0611
0.06
0.0595
0.0654
0.0604
0.0604
0.0636
0.0555
0.0621
0.0623
0.0578
0.0614
0.0612
0.0648
0.0646
0.0662
0.0563
0.0692
0.0762
0.06
0.0618
0.0632
0.0596
0.0625
0.0617
0.0601
0.0623
0.0644
0.0564
0.0616
0.0604
0.0618
0.067
0.0621
0.063
0.0574
0.0611
0.0617
0.059
0.0619
0.0598
0.0566
0.0552
0.0622
0.0605
0.058
0.0608
0.0725
0.0632
0.0592
0.0639
0.0559
0.0593
0.0627
0.0636
0.0599
0.0621
0.0606
0.0626
0.0583
0.0589
0.0618
0.0771
0.061
0.0609
0.0586
0.0619
0.0623
0.0601
0.0599
0.0618
0.0604
0.0598
0.0583
0.0853
0.0619
0.0621
0.0578
0.0567
0.0581
0.0562
0.0621
0.0573
0.0558
0.0569
0.0592
0.0632
0.0589
0.0613
0.0664
0.0629
0.0611
0.0592
0.0628
0.0605
0.0652
0.0616
0.0619
0.0568
0.061
0.0617
0.0593
0.0607
0.0598

---------------------------------
VideoDecoderSubmitBuffers_D3D11_1
---------------------------------
16.1988
18.0682
10.1145
15.3885
20.992
49.5567
15.8516
0.7401
0.634
0.6174
0.5789
0.8199
0.7005
0.6477
0.7477
0.8285
0.5544
0.5964
0.7219
0.6151
0.7032
0.604
0.6608
0.6847
0.4583
0.4099
0.4282
0.4405
0.429
0.437
0.4004
0.4473
0.4438
0.3975
0.44
0.4101
0.4366
0.402
0.6643
0.5637
0.537
0.4447
0.5488
0.4778
0.5196
0.5466
0.4716
0.4265
0.452
0.4013
0.4356
0.4086
0.4531
0.4054
0.4875
0.4434
0.3955
0.4407
0.4342
0.418
0.4359
0.4359
0.4193
0.4357
0.4349
0.4186
0.4416
0.4164
0.4253
0.4102
0.4484
0.452
0.4531
0.4764
0.5079
0.481
0.4649
0.3945
0.4438
0.4171
0.4171
0.4504
0.4117
0.434
0.4416
0.4135
0.4461
0.419
0.423
0.4251
0.4419
0.408
0.4257
0.4402
0.4097
0.4348
0.4388
0.415
0.4307
0.3987
0.4283
0.4307
0.4279
0.4258
0.428
0.4303
0.4483
0.4266
0.4326
0.4252
0.4255
0.4287
0.4337
0.4276
0.4308
0.4406
0.4359
0.4119
0.4141
0.4265
0.4778
0.4575
0.3991
0.5548
0.4203
0.4138
0.4445
0.4075
0.4404
0.4309
0.4317
0.3944
0.4229
0.4302
0.4399
0.4404
0.3999
0.4204
0.431
0.4292
0.4322
0.4642
0.4081
0.4155
0.4346
0.4157
0.4253
0.433
0.4122
0.4071
0.444
0.4078
0.4337
0.4279
0.4222
0.4272
0.4159
0.4481
0.4397
0.4367
0.4412
0.4352
0.3981
0.4403
0.4128
0.4385
0.4121
0.4371
0.4269
0.4179
0.408
0.4366
0.416
0.4356
0.4252
0.4049
0.4335
0.3995
0.4406
0.4359
0.4378
0.4055
0.4346
0.4394
0.4022
0.4415
0.4036
0.4517
0.4069
0.4343
0.4816
0.4355
0.5388
0.4224
0.4672
0.4308
0.4365
0.4209
0.401
0.4097
0.4101
0.3899
0.4432
0.4379
0.4408
0.4027
0.4242
0.426
0.429
0.4197
0.4325
0.433
0.4292
0.4093
0.4335
0.4057
0.4366
0.3994
0.4298
0.4247
0.4232
0.4215
0.416
0.4333
0.4372
0.4328
0.4033
0.4281
0.4035
0.4307
0.4022
0.4374
0.3979
0.4309
0.4279
0.4164
0.4201
0.4135
0.3984
0.4225
0.5041
0.4868
0.4278
0.4344
0.4303
0.414
0.4041
0.4397
0.4061
0.4207
0.4197
0.4252
0.4919
0.4491
0.4272
0.4339
0.4076
0.4084
0.4291
0.3986
0.4198
0.4418
0.4175
0.4202
0.4144
0.4268
0.4249
0.4017
0.4388
0.4154
0.4432
0.4087
0.4188
0.4091
0.439
0.4154
0.4343
0.4261
0.4245
0.436
0.4326
0.3977
0.4447
0.4024
0.4248
0.4313
0.427
0.4263
0.4328
0.4039
0.4166
0.4335
0.4534
0.4262
0.43
0.4434
0.432
0.3979
0.4416
0.4264
0.4886
0.4422
0.4236
0.4218
0.4463
0.3953
0.439
0.3983
0.4245
0.4036
0.4541
0.4282
0.3993
0.4393
0.409
0.4181
0.431
0.4202
0.4266
0.424
0.4238
0.4172
0.4381
0.424
0.3972
0.434
0.4167
0.4231
0.4379
0.4239
0.4724
0.4627
0.4111
0.4521
0.408
0.434
0.4188
0.4439
0.3922
0.4369
0.4015
0.454
0.4231
0.4205
0.4305
0.5424
0.4611
0.4112
0.4345
0.4044
0.426
0.4398
0.4431
0.419
0.4583
0.4213
0.4295
0.4066
0.3908
0.4132
0.4593
0.4127
0.4239
0.4246
0.4157
0.4229
0.4221
0.3978
0.4118
0.4163
0.4189
0.4135
0.4331
0.3952
0.4148
0.4368
0.4319
0.4197
0.3963
0.3866
0.3936
0.5278
0.4214
0.429
0.4554
0.415
0.4304
0.4575
0.4348
0.4207
0.4399
0.4548
0.4282
0.4415
0.4538
0.4077
0.4335
0.4529
0.4413
0.4119
0.4118
0.4274
0.4478
0.4344
0.4311
0.4326
0.4348
0.453
0.4497
0.4099
0.4299
0.4297
0.3993
0.4259
0.4345
0.4038
0.4497
0.4116
0.4739
0.4699
0.4131
0.4155
0.4107
0.5667
0.4686
0.4403
0.4406
0.4482
0.3979
0.4328
0.4391
0.4167
0.4435
0.4425
0.4341
0.4039
0.4405
0.4434
0.4105
0.4236
0.4263
0.4084
0.4387
0.4
0.445
0.409
0.4405
0.4629
0.4297
0.4229
0.4495
0.4098
0.4309
0.4401
0.4036
0.4187
0.4296
0.3932
0.3917
0.4615
0.4178
0.419
0.5119
0.4525
0.4215
0.454
0.4549
0.4418
0.4466
0.4489
0.4305
0.4444
0.4209
0.4375
0.4551
0.4041
0.4251
0.4128
0.4143
0.4255
0.4848
0.4408
0.4194
0.4612
0.4053
0.4292
0.4191
0.4382
0.4266
0.4012
0.4322
0.4081
0.447
0.4105
0.4474
0.4484
0.4036
0.4279
0.471
0.4791
0.4479
0.4063
0.4461
0.4162
0.5263
0.4823
0.4087
0.4424
0.5186
0.4092
0.4418
0.4439
0.4074
0.4241
0.4347
0.45
0.4616
0.476
0.4763
0.4899
0.4344
0.4252
0.4308
0.4341
0.4176
0.4281
0.4256
0.4367
0.4335
0.428
0.4328
0.4116
0.4526
0.4607
0.4775
0.5361
0.4666
0.4708
0.4622
0.4571
0.5191
0.4595
0.4863
0.5549
0.472
0.4116
0.4398
0.4018
0.4309
0.4374
0.4294
0.4385
0.4032
0.4284
0.4433
0.4132
0.4029
0.4339
0.4432
0.4322
0.4331
0.3992
0.4423
0.4365
0.4022
0.4369
0.4079
0.4334
0.4104
0.4282
0.4208
0.5567
0.4458
0.4171
0.4617
0.508
0.4556
0.4156
0.4416
0.3875
0.4089
0.4092
0.5409
0.4401
0.4369
0.4442
0.4444
0.4385
0.404
0.4366
0.4244
0.4308
0.4397
0.4345
0.4029
0.4435
0.4408
0.403
0.4392
0.426

