---------------------------------------------
CalcPrivateVideoDecoderOutputViewSize_D3D11_1
---------------------------------------------
0.0028
0.0023
0.0014
0.0018
0.0015
0.0011
0.0019
0.0011
0.0008
0.0037
0.0007
0.0011
0.0006
0.0017
0.0007
0.0023
0.001
0.0007
0.0009
0.0019
0.0008
0.0008
0.0018
0.0008
0.0008
0.0006
0.0006
0.0007
0.0021
0.0007
0.0007
0.0007
0.0009
0.0007
0.0007
0.0006
0.0007
0.0007
0.0007
0.0007
0.0006
0.001
0.002
0.0006
0.0006
0.0006
0.0006
0.0007
0.0006
0.0006
0.0007
0.0007
0.0006
0.0006
0.0006
0.0006
0.0008
0.0007
0.0006
0.0006
0.0005
0.0006
0.0007
0.0015
0.0007
0.0006
0.0016
0.0024
0.002
0.0013
0.0013
0.0014
0.0011
0.0014
0.0008
0.0011
0.0009
0.0011
0.0009
0.0009
0.001
0.0008
0.0009
0.0006
0.0009
0.0017
0.0009
0.001
0.0008
0.0008
0.0007
0.001
0.0007
0.0007
0.0021
0.0008
0.0007
0.0008
0.0007
0.0009
0.0016
0.0016
0.0011
0.0012
0.001
0.0011
0.0017
0.0009
0.001
0.0016
0.0013
0.0009
0.001
0.0008
0.0007
0.0015
0.001
0.0008
0.0008
0.001
0.0008
0.0016
0.001
0.0008
0.0015
0.002
0.0009
0.0008
0.0009
0.0007

-----------------------
CodechalDecode::Execute
-----------------------
7.5636
16.0297
26.9732
9.8834
0.928
0.8124
0.8186
0.6644
0.5933
0.8168
0.6557
0.6737
0.6879
0.6184
0.6546
0.7449
5.0027
4.4268
0.5293
0.5601
0.5472
0.5433
0.619
0.5354
0.439
0.435
0.4231
0.431
0.4113
0.4251
0.4334
0.4292
0.4229
0.4294
0.4411
0.4219
0.4264
0.4285
0.417
0.4263
0.4275
0.416
0.4281
0.4213
0.4288
0.4251
0.4046
0.4414
0.4269
0.4198
0.4282
0.4267
0.4399
0.4238
0.4254
0.422
0.4234
0.4274
0.4237
0.4255
0.4282
0.4247
0.3971
0.4308
0.4159
0.3939
0.4485
0.5333
0.4987
0.4832
0.5235
0.4596
0.4511
0.4586
0.4487
0.4445
0.4433
0.4478
0.4853
0.4116
0.4702
0.3831
0.4115
0.3971
0.4405
0.4293
0.387
0.4146
0.432
0.398
0.4207
0.3956
0.4273
0.4296
0.4382
0.4303
0.4187
0.4438
0.4369
0.4241
0.4292
3.065
3.3628
0.8379
2.6257
3.5801
0.4984
3.1487
0.5768
0.4638
0.6092
0.4134
0.4095
0.4178
0.4196
0.4455
0.4131
0.4008
0.421
0.426
0.3766
0.4301
0.4274
0.4212
0.5072
0.5166
0.4115
0.3905
0.4138
0.3995

---------------------------------------
CodechalDecodeHevcG12::DecodeStateLevel
---------------------------------------
0.5426
5.6272
0.5744
2.179
13.7779
8.8714
0.3149
5.8395
0.2014
0.4302
0.2333
0.3061
0.2346
0.229
0.2216
0.2032
0.2313
0.1915
0.3204
0.2585
0.2639
0.1897
0.2746
0.1931
0.2626
0.236
0.2348
0.1746
0.2345
0.2401
0.3186
0.2073
0.3108
4.2761
0.2512
3.8023
0.2102
0.1655
0.2276
0.1736
0.2279
0.1695
0.2206
0.1708
0.2563
0.1804
0.2192
0.1626
0.1682
0.1354
0.1704
0.1324
0.1655
0.1298
0.1647
0.1332
0.1591
0.13
0.1658
0.1293
0.168
0.1364
0.1708
0.1306
0.1633
0.1281
0.1619
0.1388
0.1766
0.1314
0.1623
0.1287
0.1628
0.1353
0.1692
0.1304
0.1619
0.1283
0.1638
0.135
0.1672
0.1293
0.1536
0.1211
0.1675
0.1302
0.1646
0.128
0.1627
0.1359
0.1759
0.1242
0.1551
0.1258
0.1741
0.1311
0.1674
0.13
0.1631
0.1288
0.1628
0.1373
0.1668
0.1303
0.1695
0.1325
0.1623
0.1341
0.1669
0.1296
0.1646
0.1289
0.1617
0.1356
0.1664
0.1302
0.1635
0.1318
0.1631
0.1357
0.1663
0.1296
0.1614
0.1342
0.1469
0.1319
0.1668
0.1298
0.1626
0.127
0.1468
0.1314
0.1741
0.1268
0.2255
0.1347
0.2019
0.1352
0.2029
0.1321
0.2091
0.1486
0.1857
0.1268
0.1748
0.1381
0.1866
0.129
0.1753
0.1416
0.1829
0.1264
0.1719
0.1279
0.1822
0.1272
0.1997
0.1376
0.1546
0.127
0.202
0.1321
0.1439
0.13
0.1536
0.1306
0.1476
0.1322
0.1685
0.13
0.1679
0.126
0.147
0.1217
0.1601
0.1253
0.1661
0.1357
0.1541
0.1259
0.1627
0.1291
0.1498
0.1214
0.1631
0.1349
0.1695
0.1296
0.1642
0.1276
0.1718
0.1293
0.1645
0.128
0.1839
0.1302
0.1779
0.1288
0.1653
0.1313
0.1679
0.1274
0.1852
2.5303
0.2109
2.5329
0.1849
0.1509
0.2188
0.1556
0.2559
2.8792
0.2085
0.139
0.2495
0.1688
0.2809
0.1513
0.1809
0.1399
0.2319
0.1972
0.1558
0.1304
0.1598
0.1307
0.1657
0.1331
0.157
0.1368
0.1728
0.1313
0.1621
0.129
0.1527
0.132
0.1633
0.1336
0.163
0.1438
0.1461
0.1204
0.1657
0.1277
0.1619
0.1368
0.1653
0.1325
0.1877
0.1514
0.2107
0.1428
0.1669
0.1226
0.1505
0.1229
0.1585
0.1353
0.1441
0.1432

-------------------------------------
CodechalDecodeHevcG12::SetFrameStates
-------------------------------------
1.0651
13.0757
4.1112
3.5917
0.1462
0.1455
0.1892
0.1112
0.0405
0.0511
0.0396
0.0424
0.0386
0.0359
0.0396
0.0488
0.3089
0.2427
0.0354
0.0381
0.037
0.0363
0.0404
0.0353
0.0383
0.0372
0.0369
0.0363
0.0341
0.036
0.0371
0.0355
0.0363
0.0374
0.0378
0.0352
0.036
0.0355
0.035
0.0351
0.0362
0.05
0.036
0.0364
0.0369
0.0363
0.0337
0.0361
0.0374
0.0358
0.0357
0.0351
0.0378
0.0357
0.0354
0.0357
0.0351
0.0355
0.0358
0.0352
0.0362
0.0357
0.032
0.0374
0.0364
0.0318
0.0401
0.0488
0.0438
0.0394
0.0446
0.0383
0.0391
0.0379
0.0376
0.0362
0.0376
0.0368
0.0388
0.0337
0.0394
0.0317
0.0358
0.0329
0.0426
0.0381
0.0341
0.0346
0.0359
0.0331
0.0355
0.0333
0.036
0.0367
0.0479
0.0353
0.0352
0.0361
0.0362
0.0365
0.0383
0.223
0.4853
0.3891
2.1266
0.3048
0.0407
2.6073
0.0402
0.0389
0.0502
0.0387
0.0329
0.0335
0.0332
0.0384
0.0343
0.0326
0.0332
0.0339
0.0315
0.0393
0.0353
0.0346
0.0453
0.0431
0.0359
0.0325
0.0363
0.0319

--------------------------
CreateVideoDecoder_D3D11_1
--------------------------
504.169

---------------------------
DestroyVideoDecoder_D3D11_1
---------------------------
0

----------------
First Frame Time
----------------
564.09

--------------------------------------
VideoDecoderBeginFrame_WDDM2_4_D3D11_1
--------------------------------------
0.0099
0.0041
0.0035
0.0039
0.003
0.0024
0.0027
0.0022
0.002
0.0036
0.0023
0.0024
0.0018
0.0029
0.0018
0.0033
0.0025
0.0019
0.0018
0.0032
0.0019
0.002
0.0026
0.0019
0.002
0.0018
0.0017
0.0018
0.0027
0.0019
0.0018
0.0017
0.0019
0.0017
0.002
0.0018
0.0018
0.002
0.0017
0.0018
0.0018
0.0021
0.0032
0.0018
0.0017
0.0018
0.0017
0.0018
0.0017
0.0018
0.0018
0.0017
0.0021
0.002
0.0016
0.0018
0.0017
0.0018
0.0019
0.0017
0.0028
0.0017
0.0017
0.0028
0.002
0.0016
0.0029
0.0033
0.0032
0.0026
0.0027
0.0024
0.0021
0.0022
0.0021
0.0019
0.002
0.0024
0.002
0.0018
0.0019
0.0018
0.0018
0.0017
0.0018
0.003
0.002
0.0018
0.002
0.0017
0.0018
0.002
0.0018
0.0019
0.0032
0.0019
0.0017
0.002
0.0019
0.0019
0.0026
0.0029
0.0026
0.003
0.0022
0.0025
0.0035
0.0021
0.0025
0.0026
0.0027
0.0022
0.002
0.0018
0.0017
0.0027
0.0021
0.0018
0.0017
0.0018
0.0016
0.0027
0.003
0.0019
0.0027
0.0032
0.002
0.0017
0.0018
0.0018

----------------------------
VideoDecoderEndFrame_D3D11_1
----------------------------
0.0713
0.0713
0.1162
0.0659
0.0675
0.0691
0.0626
0.0649
0.0603
0.0669
0.0704
0.0669
0.0617
0.0706
0.0658
0.0705
0.0581
0.0628
0.064
0.0645
0.0614
0.061
0.0642
0.0641
0.061
0.0628
0.0612
0.0621
0.0618
0.0629
0.0609
0.062
0.0625
0.0606
0.0606
0.0599
0.0617
0.0604
0.0623
0.0606
0.0625
0.0597
0.0628
0.0662
0.0596
0.0567
0.0627
0.0615
0.0593
0.0613
0.0598
0.0612
0.0653
0.0614
0.0621
0.0637
0.0626
0.0596
0.0631
0.0619
0.0616
0.0632
0.0582
0.0608
0.0607
0.0585
0.057
0.0638
0.063
0.0619
0.0626
0.0572
0.0623
0.0645
0.0583
0.06
0.0559
0.0644
0.0617
0.0559
0.0572
0.0552
0.0578
0.0592
0.0577
0.0604
0.0597
0.0564
0.0606
0.0593
0.0609
0.0601
0.0604
0.0607
0.0623
0.0591
0.0619
0.0585
0.0597
0.0631
0.0617
0.0616
0.094
0.0854
0.0872
0.1361
0.0639
0.1181
0.1051
0.1458
0.0882
0.0792
0.0573
0.078
0.0696
0.0896
0.0715
0.0693
0.0782
0.0573
0.0661
0.0745
0.0871
0.0799
0.0999
0.0957
0.0583
0.0611
0.0539
0.0573

---------------------------------
VideoDecoderSubmitBuffers_D3D11_1
---------------------------------
7.7099
16.0633
27.0047
9.9057
0.9454
0.8303
0.834
0.6822
0.6089
0.8446
0.6745
0.6929
0.7039
0.6338
0.6697
0.7699
5.02
4.4426
0.5436
0.5773
0.5628
0.5592
0.6407
0.5499
0.4566
0.4506
0.4376
0.4456
0.4268
0.44
0.448
0.4439
0.4369
0.443
0.4562
0.4363
0.4401
0.4424
0.4305
0.4401
0.4408
0.432
0.443
0.435
0.4428
0.4395
0.4176
0.4557
0.4404
0.4335
0.443
0.4402
0.4544
0.4376
0.4393
0.4354
0.4367
0.4409
0.4373
0.439
0.4422
0.4384
0.4091
0.445
0.429
0.4067
0.4697
0.5593
0.5225
0.5022
0.5475
0.4786
0.4688
0.4761
0.4638
0.4627
0.4603
0.4648
0.5064
0.4255
0.4869
0.3955
0.4269
0.4096
0.4551
0.4487
0.4006
0.4296
0.4472
0.4108
0.4341
0.4114
0.4422
0.4443
0.4552
0.4446
0.4329
0.4588
0.4521
0.4389
0.4485
3.0869
3.3823
0.8578
2.6434
3.6007
0.5181
3.1694
0.5955
0.4838
0.6292
0.4295
0.4247
0.4325
0.4328
0.4649
0.4271
0.4145
0.4342
0.4403
0.3898
0.4508
0.443
0.4349
0.5285
0.5407
0.4271
0.4053
0.4273
0.4121

