---------------------------------------------
CalcPrivateVideoDecoderOutputViewSize_D3D11_1
---------------------------------------------
0.002
0.0014
0.001
0.0029
0.0014
0.0061
0.0072
0.0012
0.0017
0.0025
0.0019
0.0014
0.0015
0.0021
0.0012
0.0009
0.0009
0.0008
0.001
0.0025
0.0021
0.0013
0.0018
0.0016
0.0014
0.0012
0.0019
0.002
0.0035
0.0014
0.0013
0.0009
0.0017
0.0009
0.0014
0.0013
0.0017
0.0013
0.0017
0.0012
0.0014
0.0012
0.0035
0.0013
0.0012
0.0009
0.0013
0.0014
0.0042
0.0012
0.0011
0.001
0.0018
0.0012
0.0011
0.0019
0.0012
0.0015
0.0017
0.0012
0.0014
0.002
0.0012
0.0034
0.0014
0.0017
0.0011
0.0013
0.0013
0.0011
0.0008
0.0013
0.001
0.0013
0.001
0.0041
0.0012
0.0013
0.0015
0.0012
0.0018
0.0022
0.0012
0.0016
0.0014
0.0011
0.0018
0.0013
0.0019
0.0013
0.0015
0.002
0.0014
0.0013
0.0031
0.0013
0.0015
0.0011
0.0013
0.0011
0.0011
0.0014
0.0017
0.0012
0.0013
0.0011
0.0014
0.0013
0.0009
0.0015
0.0015
0.0012
0.0012
0.0016
0.0014
0.0018
0.0013
0.0009
0.0018
0.0009
0.0015
0.0012
0.0013
0.0008
0.0011
0.001
0.0009
0.0014
0.002
0.001
0.0019
0.0015
0.0014
0.0011
0.0014
0.0015
0.0013
0.0013
0.0016
0.001
0.0019
0.0032
0.001
0.0021
0.0022
0.0013
0.0013
0.0013
0.0017
0.0015
0.0029
0.0015
0.001
0.0013
0.0012
0.0016
0.0028
0.0011
0.0011
0.0019
0.0022
0.0012
0.0016
0.0018
0.0018
0.0014
0.0017
0.0035
0.0013
0.001
0.0008
0.0012
0.0015
0.0017
0.0016
0.0016
0.0015
0.0026
0.0012
0.0013
0.0017
0.0018
0.0023
0.0018
0.0016
0.0017
0.0012
0.0013
0.0017
0.0016
0.0012
0.0011
0.0017
0.0015
0.0015
0.0011
0.0014
0.0017
0.0013
0.0014
0.0019
0.0013
0.0017
0.0014
0.0011
0.0023
0.0039
0.001
0.0008
0.0013
0.0013
0.0043
0.0025
0.0016
0.0015
0.0016
0.0014
0.002
0.0015
0.0012
0.0009
0.0019
0.0013
0.0013
0.0015
0.0013
0.0012
0.0009
0.0016
0.0012
0.0018
0.0016
0.0014
0.0011
0.0014
0.0012
0.001
0.0013
0.0013
0.0027
0.0014
0.0014
0.0015
0.0015
0.0017
0.0012
0.001
0.001
0.0021
0.0012
0.0014
0.0013
0.0015
0.0014
0.0011
0.0013
0.0011
0.0018
0.0014
0.0016
0.0013
0.0012
0.0055
0.0024
0.0073
0.0021
0.0025
0.0018
0.0012
0.0016
0.0012
0.001
0.0013
0.0022
0.0021
0.0022
0.002
0.0021
0.0019
0.002
0.0021
0.0016
0.002
0.0011
0.0021
0.0018
0.0017
0.0018
0.0017
0.0022
0.0015
0.0014
0.0018
0.0021
0.0018
0.0019
0.0018
0.0021
0.0016
0.0057

-----------------------
CodechalDecode::Execute
-----------------------
1.0178
0.8132
0.8803
0.363
0.7315
0.3697
0.3675
0.3176
0.2652
0.2807
0.2975
0.2927
0.2831
0.2781
0.3079
0.2737
0.286
0.2627
0.2516
0.2637
0.2766
0.2861
0.2568
0.2729
0.267
0.2622
0.2758
0.2818
0.2432
0.2663
0.294
0.2559
0.2741
0.273
0.2636
0.2795
0.2724
0.2432
0.2953
0.2896
0.2584
0.2836
0.2857
0.265
0.2593
0.278
0.2869
0.288
0.3005
0.2849
0.2717
0.274
0.2836
0.2561
0.28
0.2699
0.2662
0.2568
0.254
0.2448
0.2849
0.2617
0.2711
0.2792
0.2618
0.287
0.2546
0.289
0.2963
0.2618
0.2402
0.3012
0.2725
0.2541
0.2666
0.2798
0.2453
0.2834
0.2881
0.2662
0.2949
0.2688
0.2895
0.3073
0.2724
0.2486
0.2934
0.2861
0.2487
0.2868
0.293
0.2651
0.2754
0.273
0.2757
0.2679
0.2867
0.2472
0.2802
0.2802
0.2704
0.2602
0.2898
0.2476
0.2932
0.2867
0.2637
0.2707
0.2751
0.2426
0.2785
0.2481
0.256
0.2572
0.2698
0.2623
0.2615
0.2475
0.2535
0.2762
0.2563
0.2513
0.2829
0.2697
0.3045
0.279
0.2695
0.2503
0.2961
0.2816
0.2642
0.2673
0.2479
0.2426
0.2846
0.3081
0.2551
0.2689
0.2811
0.251
0.3344
0.2739
0.249
0.3409
0.2998
0.2496
0.2617
0.2838
0.2502
0.2575
0.2621
0.2452
0.2492
0.2499
0.233
0.2821
0.3023
0.2553
0.2877
0.2769
0.3031
0.2474
0.2617
0.2493
0.2598
0.2503
0.2833
0.2451
0.2731
0.236
0.2446
0.259
0.2588
0.2416
0.2435
0.2696
0.2354
0.2735
0.2308
0.2484
0.2609
0.2411
0.2632
0.2886
0.2332
0.2678
0.2552
0.2434
0.2524
0.2462
0.2431
0.2441
0.2614
0.2535
0.2791
0.2455
0.2809
0.2493
0.2695
0.2462
0.2565
0.2536
0.256
0.2563
0.2399
0.2998
0.2972
0.2656
0.2262
0.2972
0.2577
0.2599
0.3004
0.2867
0.2539
0.2921
0.2594
0.2879
0.2689
0.2444
0.2331
0.271
0.2432
0.2631
0.2881
0.2584
0.2549
0.2495
0.2639
0.2546
0.2829
0.246
0.2896
0.2743
0.255
0.2718
0.27
0.2867
0.2657
0.2664
0.2809
0.2608
0.2795
0.2745
0.2571
0.2663
0.2749
0.2492
0.2825
0.2983
0.2556
0.2947
0.2805
0.2767
0.2613
0.2784
0.248
0.2771
0.3707
0.2538
0.2536
0.2862
0.3699
0.3786
0.3459
0.3637
0.3005
0.2785
0.2489
0.2803
0.2934
0.2336
0.2593
0.3307
0.3027
0.2942
0.3285
0.3226
0.2879
0.269
0.3408
0.3057
0.3245
0.2432
0.295
0.2637
0.3062
0.2949
0.2942
0.3225
0.2872
0.329
0.3308
0.284
0.2953
0.2939
0.2954
0.3105
0.291
0.3049

---------------------------------------
CodechalDecodeHevcG12::DecodeStateLevel
---------------------------------------
0.1348
0.2771
0.4924
0.2043
0.6148
0.15
0.0788
0.1575
0.4134
0.1908
0.0637
0.1724
0.0828
0.1505
0.0721
0.1389
0.0383
0.1235
0.0378
0.1333
0.0402
0.1406
0.0361
0.1572
0.0418
0.1297
0.0436
0.1211
0.0475
0.1511
0.0418
0.1157
0.0341
0.1526
0.0369
0.1196
0.035
0.1134
0.036
0.1245
0.0385
0.1323
0.0439
0.1318
0.0378
0.1189
0.0418
0.1259
0.0381
0.1227
0.0366
0.1229
0.0367
0.1342
0.0395
0.1339
0.0374
0.1006
0.0408
0.1216
0.0443
0.1368
0.0402
0.1129
0.04
0.1243
0.0413
0.1235
0.0363
0.1264
0.0382
0.1337
0.0392
0.1276
0.0348
0.1143
0.0473
0.1354
0.0469
0.1349
0.0364
0.1229
0.0378
0.1354
0.0402
0.1346
0.0353
0.1255
0.0363
0.122
0.0411
0.1275
0.0427
0.1286
0.0451
0.1333
0.0478
0.1302
0.0409
0.1277
0.0363
0.1289
0.0376
0.129
0.0407
0.1329
0.0387
0.1207
0.0425
0.1278
0.0415
0.1277
0.0356
0.1292
0.0346
0.1183
0.04
0.1053
0.0306
0.119
0.0415
0.1327
0.0399
0.1201
0.0408
0.1226
0.0453
0.1229
0.0386
0.1234
0.039
0.1367
0.0333
0.1234
0.0398
0.1372
0.0426
0.1411
0.0354
0.1179
0.033
0.1152
0.0483
0.1405
0.037
0.1304
0.035
0.1195
0.0352
0.1261
0.0399
0.1318
0.0319
0.1204
0.0419
0.1314
0.0443
0.1343
0.0378
0.1261
0.0417
0.1416
0.0357
0.1239
0.0407
0.1386
0.039
0.1438
0.0352
0.1293
0.0348
0.1147
0.0448
0.1364
0.0463
0.1274
0.0368
0.109
0.0428
0.1312
0.0403
0.1407
0.0368
0.1204
0.0379
0.1304
0.0417
0.1255
0.0444
0.1239
0.0381
0.1252
0.0398
0.1373
0.0316
0.1213
0.0389
0.13
0.0388
0.1327
0.0371
0.1269
0.0372
0.1227
0.0452
0.1333
0.0372
0.1139
0.0417
0.1385
0.0378
0.1364
0.035
0.1274
0.0362
0.1302
0.0367
0.1308
0.0346
0.1138
0.0423
0.1305
0.0366
0.1136
0.0361
0.1209
0.0341
0.1248
0.0364
0.1268
0.0365
0.1253
0.0336
0.1278
0.0361
0.1155
0.0411
0.1055
0.0447
0.1277
0.0342
0.1238
0.0361
0.1138
0.0393
0.1338
0.0387
0.1259
0.0476
0.1338
0.0389
0.1289
0.0423
0.1191
0.0375
0.1155
0.0427
0.1388
0.0435
0.1278
0.0361
0.1248
0.0367
0.1265
0.0329
0.118
0.0344
0.1132
0.0437
0.1331
0.0508
0.1388
0.0357
0.1209
0.0351
0.1263
0.0399
0.1327
0.0336
0.1212
0.0536
0.1422
0.0395
0.1187
0.0352
0.1186
0.0568
0.1488
0.0423
0.1371
0.0334
0.1178
0.0361
0.125
0.0457
0.1227
0.0362
0.1043
0.0391
0.1196
0.0431
0.1192
0.0391
0.1111
0.037
0.1129
0.0389
0.1156
0.0344
0.1089
0.043
0.1265
0.0423
0.1393
0.0402
0.1154
0.0474
0.1333
0.043
0.1279
0.0427
0.1411
0.0339
0.1154
0.0369
0.1216
0.0368
0.1165
0.0352
0.1233
0.0401
0.1108
0.0448
0.1287
0.0432
0.1107
0.0451
0.1194
0.0318
0.1124
0.0337
0.1169
0.0367
0.1181
0.0353
0.1228
0.0341
0.1131
0.0352
0.1133
0.0405
0.1186
0.0314
0.1088
0.0401
0.128
0.0362
0.0967
0.035
0.1163
0.0408
0.1227
0.0361
0.109
0.039
0.1229
0.0459
0.1269
0.0316
0.1102
0.0406
0.1229
0.0389
0.112
0.0331
0.1187
0.0355
0.1183
0.0349
0.11
0.0366
0.11
0.0425
0.1074
0.0363
0.1226
0.0345
0.1173
0.0395
0.1308
0.0333
0.1154
0.0434
0.1228
0.0349
0.1182
0.0374
0.1284
0.0368
0.1153
0.0356
0.1218
0.0338
0.1207
0.0345
0.1217
0.0348
0.1208
0.0383
0.1102
0.0441
0.1328
0.0528
0.125
0.044
0.1168
0.0339
0.0981
0.0386
0.1288
0.0351
0.1232
0.0354
0.1177
0.0408
0.1384
0.0441
0.1267
0.0367
0.1149
0.0562
0.1284
0.0374
0.1191
0.042
0.131
0.0343
0.1303
0.0334
0.1167
0.0305
0.1127
0.0417
0.1243
0.0346
0.1092
0.0381
0.1183
0.0404
0.1376
0.0366
0.1197
0.0346
0.1219
0.0336
0.1186
0.0353
0.1275
0.0366
0.1168
0.0435
0.1289
0.0352
0.1137
0.0427
0.1364
0.0361
0.132
0.0351
0.1213
0.0377
0.1287
0.0348
0.1315
0.0511
0.1212
0.0439
0.1063
0.0396
0.1207
0.0396
0.1346
0.041
0.1165
0.04
0.1308
0.0364
0.1306
0.0358
0.1224
0.0374
0.1259
0.0416
0.1275
0.0359
0.1177
0.0409
0.131
0.0415
0.1367
0.0352
0.1228
0.0382
0.1418
0.0393
0.1326
0.0381
0.1308
0.0385
0.1225
0.0441
0.1237
0.0322
0.1216
0.0374
0.1292
0.0473
0.1808
0.0347
0.1177
0.0339
0.1185
0.0459
0.1229
0.052
0.1756
0.0518
0.1817
0.0446
0.168
0.0468
0.1806
0.0371
0.1469
0.0453
0.1255
0.0361
0.1109
0.0401
0.1239
0.0465
0.129
0.0364
0.1054
0.0363
0.1164
0.0485
0.1453
0.0436
0.1329
0.0416
0.1332
0.0487
0.1423
0.0496
0.1408
0.0506
0.1234
0.0416
0.1174
0.0549
0.1432
0.0445
0.143
0.0405
0.1695
0.0337
0.1153
0.0455
0.1262
0.036
0.122
0.0507
0.1348
0.0415
0.1372
0.0395
0.1374
0.0445
0.1483
0.0378
0.1375
0.0514
0.1482
0.0462
0.1461
0.0384
0.1318
0.0471
0.1359
0.0405
0.135
0.0403
0.139
0.043
0.1457
0.038
0.14
0.0453
0.1354

-------------------------------------
CodechalDecodeHevcG12::SetFrameStates
-------------------------------------
0.3668
0.0115
0.0182
0.0124
0.0109
0.018
0.0176
0.0087
0.0087
0.0095
0.0106
0.008
0.0104
0.0088
0.0095
0.0087
0.0088
0.009
0.0124
0.0084
0.0107
0.0084
0.008
0.0078
0.0079
0.0077
0.0101
0.0082
0.0098
0.0079
0.0102
0.0081
0.0101
0.0088
0.009
0.0084
0.0078
0.0069
0.0102
0.0087
0.0082
0.0082
0.011
0.0074
0.0079
0.0097
0.0105
0.0098
0.0116
0.0101
0.0073
0.009
0.0098
0.0069
0.0086
0.0086
0.007
0.0072
0.0089
0.0083
0.0086
0.0086
0.0084
0.0088
0.0082
0.0087
0.0072
0.0089
0.0096
0.011
0.0066
0.0101
0.0077
0.0084
0.0085
0.0092
0.0068
0.0098
0.0089
0.0081
0.0096
0.0098
0.0095
0.0107
0.0079
0.0069
0.0101
0.0095
0.0087
0.0092
0.0087
0.0096
0.0083
0.0087
0.0081
0.0085
0.0118
0.0068
0.0096
0.0081
0.0081
0.0078
0.0089
0.0069
0.0101
0.0081
0.0085
0.0073
0.0087
0.0065
0.0092
0.007
0.008
0.007
0.0083
0.0085
0.0072
0.0069
0.0084
0.0078
0.0078
0.0075
0.01
0.0075
0.0107
0.0084
0.0075
0.007
0.0113
0.0103
0.0093
0.0076
0.0075
0.0067
0.0096
0.0109
0.0082
0.0094
0.0097
0.0067
0.0166
0.0101
0.008
0.0118
0.0105
0.0083
0.0093
0.0103
0.0096
0.0081
0.0088
0.0084
0.0087
0.0087
0.0072
0.0095
0.0108
0.0089
0.0091
0.0104
0.0116
0.0118
0.0093
0.0081
0.0095
0.0095
0.0097
0.0065
0.0097
0.0066
0.0079
0.009
0.009
0.008
0.0113
0.008
0.0074
0.0086
0.0075
0.0072
0.0087
0.0072
0.011
0.011
0.0104
0.008
0.0129
0.0078
0.0085
0.0088
0.0068
0.0066
0.0081
0.0079
0.0095
0.009
0.011
0.0092
0.0107
0.0074
0.0117
0.0078
0.0083
0.0086
0.0077
0.0104
0.0105
0.0074
0.0074
0.011
0.0086
0.0109
0.0099
0.0095
0.0073
0.0101
0.0092
0.0103
0.008
0.0079
0.0063
0.01
0.0096
0.0085
0.0099
0.0086
0.0072
0.0086
0.0087
0.008
0.0094
0.0081
0.0107
0.0098
0.008
0.0085
0.0084
0.0097
0.0111
0.008
0.0097
0.0081
0.0091
0.0085
0.0086
0.0083
0.0087
0.007
0.0095
0.0113
0.0083
0.0096
0.0102
0.0074
0.0079
0.0082
0.0069
0.0105
0.0111
0.0084
0.0071
0.0094
0.0101
0.0117
0.01
0.0105
0.0086
0.0084
0.0082
0.0085
0.0087
0.007
0.0073
0.0109
0.0103
0.0099
0.0118
0.011
0.0117
0.0096
0.0145
0.0099
0.0107
0.0079
0.0109
0.0085
0.0114
0.0106
0.0105
0.0102
0.0083
0.011
0.0147
0.0108
0.0111
0.0113
0.0095
0.0107
0.0103
0.0114

--------------------------
CreateVideoDecoder_D3D11_1
--------------------------
22.7058
19.4491
19.0675
13.4173

---------------------------
DestroyVideoDecoder_D3D11_1
---------------------------
14.8548
15.1663
42.2619
0

---------------------
DxvaEncodeHEVC_Create
---------------------
22.5212
19.2887
18.891

-----------------------
DxvaEncodeHEVC_EndFrame
-----------------------
0.0016
0.0012
0.0011
0.0037
0.0015
0.0009
0.0019
0.0008
0.0007
0.0012
0.0006
0.0007
0.0008
0.0031
0.0007
0.0007
0.0007
0.0006
0.0007
0.0025
0.0007
0.0006
0.0006
0.0005
0.0005
0.0007
0.0007
0.0007
0.0043
0.0007
0.0007
0.0007
0.0007
0.0005
0.0007
0.0006
0.0007
0.0005
0.0007
0.0005
0.0006
0.0007
0.0031
0.0006
0.0006
0.0009
0.0006
0.0005
0.0009
0.0006
0.0008
0.0005
0.0008
0.0008
0.0007
0.0007
0.0009
0.0007
0.0006
0.0007
0.0008
0.0008
0.0008
0.003
0.0008
0.0008
0.0007
0.0008
0.0008
0.0007
0.0009
0.0007
0.0008
0.0006
0.0008
0.0007
0.0008
0.0008
0.001
0.0007
0.0006
0.0006
0.0008
0.0006
0.0009
0.0007
0.0009
0.0006
0.0008
0.0007
0.0008
0.0006
0.0007
0.0006
0.0042
0.0005
0.0007
0.0005
0.0006
0.0005
0.0006
0.0007
0.0005
0.0007
0.0007
0.0007
0.0006
0.0007
0.0006
0.0006
0.0006
0.0006
0.0009
0.0007
0.0006
0.0007
0.0006
0.0006
0.0005
0.0006
0.0008
0.0008
0.0007
0.0006
0.0007
0.0006
0.0005
0.0007
0.0008
0.0006
0.0007
0.0006
0.0009
0.0007
0.0008
0.0007
0.0007
0.0007
0.0007
0.0007
0.0006
0.0042
0.0006
0.0005
0.0006
0.0008
0.0008
0.0007
0.0008
0.0009
0.0008
0.0009
0.0007
0.0008
0.0011
0.001
0.0031
0.0008
0.0007
0.0009
0.0007
0.0008
0.0019
0.0009
0.0009
0.0008
0.0008
0.0008
0.0008
0.0008
0.0008
0.0009
0.0008
0.0007
0.0008
0.0009
0.0008
0.0008
0.0007
0.0009
0.0008
0.0008
0.0018
0.0008
0.0009
0.0008
0.0007
0.0007
0.0006
0.0008
0.0006
0.0008
0.0006
0.0009
0.0006
0.0007
0.0008
0.0009
0.0009
0.0008
0.0008
0.0007
0.0008
0.0009
0.0006
0.0009
0.0006
0.0008
0.0005
0.0008
0.0006
0.0053
0.0008
0.0009
0.0005
0.001
0.0006
0.0009
0.0009
0.0008
0.0006
0.0008
0.0006
0.0009
0.0005
0.0009
0.0006
0.0009
0.0005
0.0006
0.0006
0.0006
0.0009
0.0006
0.0005
0.0006
0.0008
0.0005
0.0008
0.0006
0.0009
0.0006
0.0008
0.0007
0.0007
0.0006
0.001
0.0007
0.0009
0.0005
0.0019
0.0007
0.0007
0.0006
0.0009
0.0007
0.0016
0.0007
0.0008
0.0008
0.001
0.0007
0.0013
0.0009
0.0008
0.0008
0.0008
0.0007
0.001
0.0008
0.001
0.0007
0.0008
0.0007
0.001
0.0008
0.0008
0.0008
0.0007
0.0011
0.0007
0.0008
0.0009
0.001
0.0008
0.0008
0.001
0.0008
0.0008
0.0009
0.0007
0.0008
0.0008
0.0007
0.0008
0.0008
0.0008
0.0008
0.0008
0.0007

----------------------
DxvaEncodeHEVC_Execute
----------------------
0.0047
0.0014
11.0882
7.2475
0.5074
5.6818
0.2917
2.4819
0.6346
1.3834
0.3333
1.2774
0.193
1.2049
0.2158
2.0483
0.0246
0.9024
0.021
0.8497
0.0188
0.8616
0.0159
0.9374
0.0138
0.9481
0.0224
0.951
0.0247
0.8584
0.0348
0.8467
0.029
0.9712
0.0255
0.8519
0.0239
0.931
0.0218
0.8381
0.027
0.962
0.0257
0.8338
0.0235
0.9509
0.0245
0.8433
0.0263
0.9178
0.0176
0.8281
0.0257
0.9434
0.0249
0.855
0.0262
0.9175
0.0244
0.8262
0.025
0.9248
0.0241
0.826
0.0202
0.9412
0.0253
0.8524
0.0249
0.9074
0.0243
0.8616
0.0235
0.934
0.0238
0.8243
0.0235
0.9264
0.0246
0.8212
0.0218
0.9276
0.0179
0.8404
0.0425
0.935
0.022
0.8469
0.0206
0.9802
0.0163
0.8609
0.0293
0.8302
0.0224
0.953
0.0243
0.8565
0.0248
0.9186
0.0176
0.8349
0.0236
0.9401
0.0257
0.8415
0.0227
1.1182
0.0189
0.8372
0.0205
1.0292
0.018
0.8541
0.0198
1.0873
0.0237
0.8418
0.0197
0.9515
0.0248
0.856
0.0327
0.8943
0.0208
0.8449
0.0191
0.9124
0.0216
0.8704
0.0271
0.8738
0.0216
0.8472
0.0321
0.8773
0.0225
0.8593
0.024
0.9262
0.0181
0.8353
0.0261
0.9455
0.0224
0.8511
0.0243
0.9008
0.0218
0.8572
0.0247
0.8506
0.0186
0.909
0.025
0.8618
0.022
0.8892
0.0389
0.8683
0.0223
0.7941
0.017
0.8231
0.019
0.9351
0.0247
0.856
0.0252
0.8709
0.0378
0.8483
0.028
0.9698
0.0265
0.8394
0.0212
0.8656
0.0234
0.8502
0.0309
0.8871
0.0204
0.8571
0.0227
0.9338
0.0249
0.8573
0.0234
0.9071
0.0203
0.86
0.0295
0.8881
0.0211
0.854
0.0191
0.9119
0.0208
0.8467
0.0231
0.9204
0.0256
0.8541
0.0249
0.915
0.0246
0.8469
0.0247
0.9471
0.0233
0.8606
0.0251
0.902
0.032
0.8442
0.0184
0.8881
0.0221
0.9021
0.0235
0.805
0.0177
0.9421
0.0249
0.8432
0.0228
0.9298
0.0173
0.8382
0.0233
0.8903
0.0214
0.8536
0.0236
0.9304
0.0254
0.8524
0.0251
0.8758
0.0208
0.7507
0.0246
0.8623
0.0245
0.7998
0.0206
0.8177
0.0176
0.9282
0.0253
0.8694
0.0241
0.9142
0.0253
0.833
0.024
0.9276
0.0167
0.8383
0.0253
0.9161
0.0245
0.8495
0.0269
0.9015
0.0249
0.8316
0.0284
0.9102
0.0258
0.8494
0.022
0.8712
0.0237
0.894
0.0211
0.8527
0.0401
0.8799
0.0379
0.8552
0.0235
0.9041
0.0375
0.7927
0.0159
0.8877
0.0228
0.7666
0.0156
0.9273
0.0255
0.9092
0.0152
0.8708
0.0191
0.9388
0.0151
0.9349
0.0232
0.9364
0.0147
0.9592
0.0177
0.7881
0.0151
0.8708
0.0184
0.9653
0.0231
0.988
0.0197
0.9725
0.0172
0.8766
0.0229
1.0205
0.0206
0.8867
0.0186
1.0226
0.0207
0.9376
0.0215
0.8553
0.0204
0.9559
0.0229
1.0302
0.0214
0.8297
0.0173
0.97
0.0219
0.8977
0.0187
0.8152
0.0141
1.0124
0.0217
0.8765
0.0189
0.9451
0.0193
0.9774
0.0179
0.8142
0.0188
0.9513
0.0344
1.015
0.0219
0.8786
0.0174
1.0196
0.0199
0.9347
0.0221
1.004
0.0237
0.8783
0.0173
0.9524
0.0179
0.9567
0.019
0.7991
0.014
0.9646
0.0198
0.978
0.0194
0.8174
0.0184
0.9587
0.0223
0.8409
0.0206
1.0206
0.0237
0.8053
0.0189
0.9505
0.0198
0.8201
0.0204
0.9638
0.0197
0.815
0.0235
0.941
0.0185
0.9735
0.0209
0.9957
0.0223
0.9576
0.0203
1.0096
0.0235
0.8843
0.0181
0.8356
0.0192
0.8847
0.0252
0.9542
0.0216
0.776
0.0131
0.8545
0.0218
0.8509
0.0229
0.996
0.0238
0.7688
0.017
0.8813
0.0284
0.8171
0.0324
0.9987
0.0315
0.9078
0.0228
0.9934
0.019
0.8516
0.0201
0.9078
0.0222
0.8282
0.0173
0.9771
0.0248
0.9711
0.0189
0.9422
0.0183
0.8501
0.0182
0.9377
0.0232
0.792
0.0141
0.8125
0.0185
0.8229
0.0263
1.0263
0.0241
0.8037
0.0167
0.9504
0.0234
0.7906
0.0145
0.7958
0.0175
0.7646
0.0131
0.8253
0.0152
1.0679
0.0258
0.8576
0.0151
0.7976
0.0169
0.8246
0.0144
0.9415
0.0358
0.8546
0.0235
0.9235
0.0251
0.8586
0.0234
0.8713
0.0253
0.7981
0.022
0.9261
0.0226
0.8639
0.0232
0.9037
0.0207
0.8542
0.0266
0.8914
0.0389
0.8272
0.0289
0.9811
0.0265
0.8362
0.0221
0.9337
0.0183
0.8522
0.0252
0.9455
0.0217
0.8383
0.0224
1.1692
0.0236
0.8829
0.0206
0.8115
0.016
0.9609
0.0186
0.8909
0.02
0.8812
0.0221
1.2455
0.0225
0.796
0.0164
1.0152
0.0192
0.9407
0.0174
0.9513
0.017
0.8772
0.0234
0.8894
0.0188
0.8615
0.0344
0.8845
0.0247
0.835
0.0334
0.8669
0.0235
0.8545
0.0409
0.8761
0.025
0.8112
0.0204
0.8774
0.0203
0.8074
0.0184
0.9555
0.015
1.0986
0.0226
0.8019
0.0164
1.2349
0.0264
0.9094
0.0156
0.7916
0.0167
0.9282
0.0185
1.0683
0.0247
0.9358
0.0186
1.0256
0.0194
1.1348
0.0209
1.0815
0.0235
0.9292
0.0313
1.0832
0.0237
0.8861
0.0166
0.9242
0.0197
1.2158
0.0187
0.8584
0.0154
1.1956
0.0228
0.9341
0.0174
0.8677
0.0189
0.8859
0.0147
0.8994
0.0158
0.897
0.0159
0.0414

----------------
First Frame Time
----------------
162.835

----------------------
HEVC_QueryStatusReport
----------------------
0.5049
0.2857
0.6313
0.3315
0.1913
0.2144
0.0231
0.0195
0.0175
0.0147
0.0125
0.0211
0.0211
0.0336
0.0277
0.0243
0.0227
0.0205
0.0255
0.0225
0.0224
0.0232
0.025
0.0165
0.0244
0.0237
0.0251
0.0231
0.0238
0.0229
0.0189
0.0241
0.0237
0.0231
0.0224
0.0226
0.0224
0.0233
0.0207
0.0167
0.0406
0.0207
0.0195
0.0152
0.0279
0.0165
0.023
0.0236
0.0165
0.0225
0.0244
0.0215
0.0177
0.0192
0.0169
0.0186
0.0223
0.0184
0.0236
0.0314
0.0196
0.018
0.0203
0.0259
0.0201
0.0312
0.0211
0.0229
0.0168
0.0244
0.0212
0.0229
0.0207
0.0231
0.0174
0.0235
0.0209
0.0372
0.0211
0.016
0.0175
0.0231
0.024
0.0303
0.0267
0.0251
0.0201
0.022
0.0296
0.0189
0.0216
0.0234
0.0223
0.0191
0.0281
0.0199
0.0179
0.0195
0.0217
0.0241
0.0225
0.0233
0.0234
0.022
0.0241
0.0309
0.0174
0.0211
0.0222
0.0167
0.0236
0.0217
0.0161
0.0222
0.0202
0.0225
0.0241
0.024
0.0196
0.0233
0.0231
0.0193
0.0166
0.0241
0.0229
0.024
0.0228
0.0155
0.0241
0.0233
0.0257
0.0234
0.0272
0.0244
0.0208
0.0203
0.0198
0.039
0.0367
0.0224
0.0363
0.0149
0.0219
0.012
0.022
0.0133
0.0178
0.0138
0.0219
0.0136
0.0164
0.0138
0.0172
0.0219
0.0184
0.0159
0.0173
0.0191
0.0171
0.0195
0.02
0.019
0.0215
0.0199
0.016
0.0207
0.0174
0.0131
0.0202
0.0165
0.018
0.0165
0.0176
0.0324
0.0204
0.016
0.0185
0.0205
0.02
0.0159
0.0165
0.0177
0.0127
0.0183
0.018
0.0172
0.0208
0.0194
0.0223
0.0168
0.0184
0.0192
0.0182
0.0226
0.0171
0.0194
0.0209
0.0188
0.0221
0.0158
0.018
0.0236
0.0201
0.0121
0.0201
0.022
0.0222
0.016
0.027
0.0313
0.03
0.0214
0.0174
0.0187
0.0201
0.0158
0.0234
0.0171
0.0167
0.0171
0.0216
0.013
0.0172
0.0252
0.0227
0.0158
0.022
0.0135
0.0165
0.0121
0.0142
0.0244
0.0138
0.0157
0.0133
0.0278
0.0224
0.0237
0.0222
0.0242
0.0208
0.0215
0.022
0.0196
0.0253
0.0372
0.0276
0.0249
0.021
0.017
0.0239
0.0205
0.0212
0.0218
0.0191
0.0147
0.0172
0.0186
0.0207
0.0208
0.0151
0.0174
0.0159
0.0156
0.022
0.0176
0.032
0.0232
0.032
0.022
0.0395
0.0236
0.0192
0.0186
0.0168
0.0137
0.0212
0.015
0.0245
0.0146
0.0156
0.0171
0.0232
0.0169
0.0178
0.019
0.0221
0.0301
0.0224
0.0155
0.0182
0.0166
0.0142
0.0215
0.0162
0.0176
0.0133
0.0145
0.0146
0.0383

--------------------------------------
VideoDecoderBeginFrame_WDDM2_4_D3D11_1
--------------------------------------
0.0107
0.0025
0.0024
0.0041
0.0059
0.0036
0.0058
0.0027
0.0048
0.0033
0.0031
0.0036
0.0038
0.003
0.0063
0.0021
0.0024
0.0022
0.0026
0.0035
0.0032
0.0024
0.0025
0.002
0.0021
0.0019
0.0029
0.0021
0.0039
0.002
0.0025
0.0025
0.0029
0.0021
0.0024
0.0021
0.0022
0.0021
0.0025
0.0022
0.0024
0.0023
0.0044
0.0024
0.0021
0.0018
0.0031
0.0029
0.0035
0.0025
0.0018
0.0021
0.0028
0.0021
0.0023
0.0025
0.0018
0.0022
0.0027
0.0022
0.0025
0.0027
0.0022
0.0032
0.0024
0.0023
0.002
0.0023
0.0022
0.0022
0.0017
0.0023
0.002
0.0021
0.0021
0.0029
0.002
0.0025
0.0023
0.0019
0.0025
0.0024
0.0023
0.0033
0.0036
0.0028
0.0029
0.0028
0.0031
0.0025
0.003
0.0033
0.0023
0.0023
0.0045
0.0026
0.0024
0.0022
0.0027
0.002
0.002
0.0022
0.0027
0.0021
0.0024
0.0018
0.0022
0.002
0.0022
0.0022
0.0029
0.002
0.0026
0.0024
0.0028
0.0028
0.0019
0.002
0.0033
0.0022
0.0025
0.002
0.0022
0.0022
0.0023
0.0021
0.0019
0.0028
0.0032
0.002
0.0028
0.0025
0.0023
0.002
0.0026
0.0029
0.0024
0.0031
0.0027
0.0018
0.0035
0.0042
0.002
0.0038
0.0043
0.0028
0.0023
0.0029
0.0024
0.0024
0.0022
0.0023
0.0019
0.0026
0.0029
0.0025
0.0032
0.0025
0.0028
0.0041
0.0034
0.002
0.003
0.0022
0.0023
0.0025
0.0033
0.0019
0.0022
0.0021
0.0021
0.0022
0.0025
0.0027
0.0024
0.0025
0.0021
0.0024
0.002
0.0023
0.0026
0.0027
0.0028
0.003
0.0022
0.0023
0.002
0.0023
0.0023
0.0024
0.002
0.0019
0.0024
0.0021
0.0051
0.0018
0.0024
0.0019
0.0024
0.0021
0.0023
0.0021
0.0026
0.0023
0.0018
0.0046
0.0025
0.0027
0.0018
0.0027
0.0024
0.0051
0.0033
0.0027
0.0025
0.0029
0.0027
0.0027
0.002
0.0021
0.002
0.0025
0.002
0.0021
0.006
0.002
0.002
0.0019
0.0057
0.0023
0.0064
0.0021
0.0026
0.002
0.0024
0.0023
0.0021
0.0026
0.0024
0.0025
0.0022
0.0022
0.0021
0.0023
0.0028
0.0021
0.0021
0.0022
0.0023
0.0034
0.0023
0.0021
0.0025
0.0021
0.0021
0.0021
0.0022
0.0031
0.0025
0.0027
0.0026
0.0024
0.0019
0.0036
0.0025
0.0032
0.0045
0.0036
0.0028
0.0028
0.003
0.0021
0.0019
0.0049
0.0037
0.0037
0.0037
0.004
0.0042
0.0033
0.0034
0.0026
0.003
0.0023
0.0027
0.003
0.0024
0.0028
0.0056
0.0031
0.0025
0.0026
0.0041
0.004
0.0031
0.0034
0.0032
0.0041
0.0028
0.004

----------------------------
VideoDecoderEndFrame_D3D11_1
----------------------------
0.0338
0.0573
0.0799
0.1072
0.1214
0.0045
0.1103
0.0034
0.055
0.0045
0.0556
0.0058
0.0589
0.005
0.0595
0.003
0.0621
0.004
0.0587
0.0056
0.0635
0.0026
0.0641
0.0027
0.0021
0.0562
0.0024
0.063
0.0051
0.0537
0.005
0.0588
0.0027
0.0588
0.0026
0.0589
0.0026
0.0603
0.0025
0.0619
0.0023
0.0553
0.0068
0.0636
0.0024
0.06
0.0023
0.0607
0.0033
0.059
0.0024
0.0604
0.002
0.0554
0.0023
0.0584
0.0023
0.0615
0.0022
0.0582
0.006
0.0624
0.0023
0.0648
0.0023
0.0581
0.0024
0.0619
0.0025
0.0582
0.0022
0.0576
0.0023
0.0616
0.0021
0.0596
0.0025
0.0601
0.0021
0.0585
0.0024
0.0607
0.002
0.0617
0.0022
0.0556
0.0023
0.0602
0.0046
0.062
0.0028
0.0616
0.0022
0.0605
0.0055
0.062
0.0027
0.0606
0.0021
0.0581
0.0027
0.0611
0.0022
0.0588
0.0025
0.0581
0.002
0.0567
0.0023
0.0648
0.0025
0.0575
0.0027
0.0613
0.0024
0.0614
0.0029
0.0583
0.0024
0.0575
0.0024
0.0573
0.0024
0.059
0.0028
0.057
0.0022
0.06
0.0022
0.0573
0.0044
0.0574
0.0024
0.062
0.0025
0.002
0.0648
0.0634
0.0026
0.0615
0.0024
0.0656
0.0023
0.0554
0.0025
0.0586
0.0024
0.0604
0.0036
0.0589
0.0022
0.0569
0.0025
0.0632
0.0024
0.0568
0.0024
0.0613
0.0023
0.0569
0.0029
0.0613
0.0024
0.0619
0.0022
0.0605
0.0023
0.0549
0.0025
0.0631
0.0019
0.0611
0.0027
0.0597
0.0022
0.0611
0.0029
0.0614
0.0023
0.0583
0.0028
0.0588
0.0025
0.0616
0.0026
0.0628
0.0023
0.0616
0.0023
0.0635
0.0024
0.0578
0.0058
0.0589
0.0023
0.0602
0.0023
0.0598
0.0021
0.0626
0.0021
0.059
0.0022
0.0559
0.0023
0.0605
0.0025
0.0617
0.0021
0.057
0.0024
0.0626
0.0024
0.0614
0.0024
0.0554
0.0023
0.0608
0.0024
0.0567
0.0021
0.055
0.0028
0.0569
0.0025
0.061
0.0022
0.0584
0.0026
0.0629
0.0021
0.0593
0.0022
0.0592
0.0023
0.0608
0.0022
0.0563
0.0025
0.0594
0.0023
0.0607
0.0023
0.0661
0.0027
0.0607
0.0029
0.0591
0.0025
0.0587
0.0026
0.0567
0.0025
0.0626
0.0022
0.0594
0.0021
0.0604
0.0026
0.0629
0.0022
0.0568
0.0023
0.0589
0.0023
0.0668
0.0021
0.0617
0.003
0.0587
0.0022
0.0574
0.0026
0.0628
0.0026
0.0591
0.0023
0.0636
0.0023
0.003
0.0607
0.0654
0.0021
0.0642
0.002
0.0621
0.0056
0.0568
0.0021
0.0583
0.0018
0.0564
0.0045
0.0569
0.0031
0.0597
0.0027
0.062
0.0028
0.0608
0.0027
0.0577
0.0034
0.0585
0.0028
0.0617
0.0032
0.0552
0.0026
0.0633
0.0026
0.0602
0.0032
0.0606
0.0033
0.0699
0.0101
0.0625
0.003
0.0675
0.003
0.0579
0.0029
0.0667
0.0029
0.0585
0.003
0.0569
0.0038
0.0617
0.003
0.0705
0.0032
0.0589
0.0027
0.0562
0.0028
0.0567
0.0029
0.0601
0.0025
0.057
0.0031
0.0575
0.0028
0.055
0.0028
0.0587
0.0031
0.0572
0.0027
0.061
0.0028
0.0636
0.0033
0.0571
0.0029
0.0604
0.0031
0.0587
0.003
0.0577
0.0032
0.061
0.0028
0.0575
0.003
0.0624
0.004
0.0556
0.0024
0.0575
0.003
0.0622
0.0028
0.0562
0.0027
0.0564
0.0027
0.0577
0.0028
0.0687
0.003
0.057
0.0025
0.0618
0.0027
0.0583
0.0024
0.0587
0.0029
0.0603
0.0023
0.059
0.0031
0.0612
0.0029
0.0576
0.0028
0.0576
0.003
0.058
0.003
0.0591
0.0027
0.0563
0.0028
0.0591
0.0025
0.0597
0.0028
0.0022
0.062
0.06
0.0024
0.061
0.0023
0.061
0.0028
0.0554
0.002
0.06
0.0028
0.0624
0.0018
0.0569
0.0101
0.0673
0.003
0.0613
0.0028
0.0597
0.0024
0.0596
0.0028
0.0606
0.0033
0.0544
0.0031
0.0632
0.003
0.057
0.0026
0.0563
0.0027
0.0619
0.0028
0.0633
0.0022
0.0568
0.0029
0.0624
0.0023
0.0606
0.003
0.0571
0.0026
0.062
0.0027
0.0584
0.0022
0.0632
0.0023
0.0629
0.0023
0.0602
0.0022
0.059
0.0032
0.058
0.0021
0.0604
0.0022
0.061
0.0079
0.0559
0.0031
0.0616
0.0022
0.0579
0.0025
0.0617
0.0022
0.0616
0.0025
0.0595
0.0023
0.0612
0.0023
0.0628
0.0024
0.0584
0.0023
0.0575
0.0024
0.061
0.0027
0.0562
0.0022
0.0623
0.0026
0.062
0.0023
0.0609
0.0037
0.0547
0.0023
0.0594
0.0026
0.0561
0.002
0.0636
0.0031
0.0858
0.0027
0.0587
0.0034
0.0702
0.0023
0.0572
0.0031
0.0842
0.0029
0.0821
0.0035
0.0806
0.0022
0.0825
0.004
0.0679
0.0031
0.0759
0.003
0.0584
0.0027
0.0025
0.057
0.0028
0.063
0.0562
0.0031
0.0607
0.0026
0.0684
0.0027
0.0642
0.0022
0.0591
0.0026
0.0682
0.0021
0.0631
0.003
0.0652
0.003
0.0669
0.003
0.0669
0.0026
0.0653
0.0027
0.0642
0.0034
0.0604
0.0023
0.0577
0.0023
0.0764
0.003
0.0719
0.0027
0.0927
0.0031
0.1013
0.0023
0.0919
0.0035
0.0846
0.0029
0.0872
0.0025
0.0969
0.0033
0.0747
0.0023
0.0822
0.0027
0.0821
0.0028
0.0822
0.0022
0.0933
0.0031
0.0801
0.0026
0.0777
0.0025
0.0026
0.0033
0.0023

---------------------------------
VideoDecoderSubmitBuffers_D3D11_1
---------------------------------
1.1102
0.8302
0.8939
0.3845
0.7495
0.3929
0.3854
0.3362
0.2887
0.2992
0.3201
0.3092
0.3023
0.2946
0.3318
0.2943
0.2997
0.2767
0.267
0.2813
0.2955
0.3043
0.273
0.2891
0.2847
0.281
0.2945
0.3005
0.2606
0.2832
0.314
0.2721
0.2944
0.2899
0.2799
0.2959
0.2896
0.2579
0.3159
0.3074
0.2761
0.3024
0.3051
0.279
0.2772
0.2948
0.3088
0.3068
0.3237
0.3078
0.2882
0.2895
0.3017
0.2716
0.2983
0.2864
0.2824
0.2731
0.2725
0.2589
0.3046
0.2784
0.2903
0.298
0.2788
0.3053
0.2705
0.3072
0.3161
0.2774
0.2528
0.323
0.2903
0.2698
0.2826
0.3004
0.2584
0.3029
0.3068
0.2838
0.3151
0.2869
0.3086
0.3276
0.2906
0.2638
0.3149
0.3068
0.267
0.3054
0.313
0.2837
0.2944
0.2917
0.2942
0.2875
0.3077
0.2595
0.2997
0.2978
0.2862
0.2775
0.3099
0.2627
0.3149
0.3046
0.2799
0.2867
0.2906
0.2573
0.297
0.2637
0.2717
0.2729
0.2873
0.2787
0.2771
0.263
0.2717
0.2929
0.2742
0.268
0.3021
0.2868
0.3241
0.2954
0.2869
0.2646
0.3192
0.3017
0.2816
0.2843
0.2642
0.2575
0.3047
0.3298
0.2723
0.2878
0.3011
0.2657
0.3572
0.2927
0.2622
0.3663
0.322
0.2649
0.2809
0.3034
0.2695
0.2746
0.2789
0.2626
0.2647
0.2668
0.2474
0.299
0.3229
0.2732
0.3051
0.2966
0.3258
0.2638
0.2804
0.2667
0.2799
0.2655
0.3011
0.2606
0.2911
0.2522
0.2613
0.275
0.2749
0.2609
0.2616
0.2867
0.2513
0.2924
0.2467
0.2672
0.2807
0.2562
0.2857
0.3116
0.2497
0.2866
0.272
0.2584
0.2686
0.2616
0.2581
0.2592
0.2807
0.2744
0.2979
0.2605
0.3017
0.2658
0.288
0.2633
0.2774
0.2712
0.2777
0.2725
0.254
0.3221
0.3181
0.2813
0.2416
0.3149
0.2761
0.278
0.3211
0.3061
0.2687
0.313
0.2794
0.3105
0.284
0.2621
0.2479
0.294
0.2624
0.2816
0.3063
0.2772
0.27
0.2635
0.2823
0.2748
0.3001
0.2612
0.3116
0.2928
0.271
0.2892
0.287
0.3044
0.2833
0.2887
0.2998
0.279
0.2995
0.2939
0.2737
0.2826
0.2917
0.2633
0.302
0.3199
0.2724
0.3145
0.2997
0.291
0.2805
0.2967
0.2622
0.2982
0.3907
0.2722
0.2702
0.3039
0.3915
0.4005
0.3709
0.3849
0.3214
0.2974
0.2657
0.2974
0.3109
0.2469
0.2761
0.3556
0.3337
0.3154
0.3598
0.3473
0.3108
0.2892
0.3664
0.3242
0.346
0.2591
0.3166
0.282
0.3275
0.3138
0.3155
0.3435
0.3058
0.3496
0.3555
0.3053
0.3165
0.3153
0.3147
0.3319
0.3102
0.3282

