---------------------------------------------
CalcPrivateVideoDecoderOutputViewSize_D3D11_1
---------------------------------------------
0.0019
0.0016
0.0013
0.0013
0.0013
0.0011
0.0046
0.0011
0.0013
0.0013
0.0009
0.0007
0.0007
0.0022
0.0008
0.0007
0.0006
0.0008
0.001
0.0037
0.0009
0.0007
0.0005
0.0006
0.0006
0.0007
0.0005
0.0008
0.0029
0.0006
0.0006
0.0007
0.0006
0.0007
0.0006
0.0006
0.0005
0.0009
0.0007
0.0006
0.0006
0.0007
0.0105
0.0005
0.0017
0.0009
0.0007
0.0006
0.0015
0.0007
0.0007
0.0006
0.0009
0.0011
0.0006
0.0005
0.0007
0.0006
0.0005
0.0006
0.0016
0.0009
0.0008
0.0036
0.0011
0.001
0.0011
0.0006
0.0016
0.0009
0.0007
0.0006
0.0006
0.0015
0.0009
0.0016
0.0013
0.0008
0.0021
0.0017
0.0009
0.0014
0.0008
0.0009
0.0008
0.0007
0.0006
0.0006
0.0007
0.0017
0.0011
0.0009
0.0013
0.0009
0.0033
0.0007
0.0006
0.0007
0.0007
0.0009
0.0006
0.0011
0.0012
0.0006
0.0006
0.0006
0.0006
0.0007
0.0006
0.0006
0.001
0.0006
0.0005
0.0006
0.0005
0.0007
0.0008
0.0006
0.0006
0.0006
0.0007
0.0006
0.0006
0.0006
0.0007
0.0006
0.0006
0.0006
0.0006
0.0006
0.0005
0.0022
0.001
0.0006
0.0016
0.0011
0.0008
0.001
0.0007
0.0008
0.0006
0.0037
0.0007
0.0006
0.0032
0.0006
0.0008
0.0007
0.0007
0.0009
0.0019
0.001
0.0008
0.0008
0.0009
0.0006
0.0007
0.0007
0.0008
0.001
0.0007
0.0006
0.0007
0.0006
0.0008
0.0008
0.0008
0.0009
0.0007
0.001
0.0009
0.0017
0.0009
0.0007
0.0006
0.0006
0.0018
0.0013
0.0011
0.0008
0.0009
0.0006
0.0005
0.0006
0.0006
0.0009
0.0016
0.0009
0.0008
0.0007
0.0007
0.0006
0.0005
0.0005
0.0006
0.001
0.0008
0.0007
0.001
0.0006
0.0006
0.001
0.0008
0.0006
0.0007
0.0008
0.0008
0.0014
0.0008
0.0006
0.0006
0.0041
0.0007
0.0005
0.0007
0.0005
0.0006
0.0005
0.0005
0.0005
0.0006
0.0005
0.0006
0.0006
0.0005
0.0015
0.0017
0.001
0.0009
0.0008
0.0007
0.0008
0.0007
0.0008
0.0005
0.0005
0.0005
0.0006
0.0015
0.0009
0.0006
0.0006
0.0006
0.0005
0.0009
0.0011
0.0006
0.0019
0.0008
0.0009
0.0005
0.0016
0.0008
0.0008
0.0006
0.0007
0.0011
0.0012
0.001
0.0008
0.0015
0.001
0.0016
0.0012
0.0013
0.0008
0.0015
0.0009
0.0014
0.0012
0.0007
0.0008
0.0006
0.0008
0.0016
0.001
0.0007
0.0006
0.0006
0.0006
0.0006
0.0006
0.0005
0.0016
0.0009
0.0007
0.0018
0.0009
0.0007
0.0006
0.0007
0.0006
0.0006
0.0014
0.0005
0.0005
0.0005
0.0005
0.0006
0.0005
0.0005
0.0008
0.0014
0.0011
0.001
0.0007
0.0013
0.0013
0.0009
0.0008
0.0008
0.0006
0.0006
0.0006
0.0008
0.0016
0.0051
0.0009
0.0007
0.0005
0.0015
0.0011
0.0019
0.0008
0.0017
0.001
0.0008
0.0014
0.0011
0.0011
0.0011
0.0008
0.0007
0.0007
0.0006
0.0006
0.0007
0.0005
0.0006
0.0006
0.0005
0.0006
0.0006
0.0005
0.0005
0.0006
0.0007
0.0007
0.0006
0.0007
0.0006
0.0006
0.0006
0.0006
0.0006
0.0005
0.0006
0.0006
0.0006
0.0006
0.0006
0.0006
0.0007
0.0007
0.0006
0.0005
0.0007
0.0013
0.0012
0.001
0.0006
0.0008
0.0015
0.0027
0.001
0.0007
0.0007
0.0006
0.0008
0.0015
0.0019
0.0014
0.001
0.0008
0.0006
0.0005
0.0007
0.0006
0.0006
0.0006
0.0006
0.0008
0.0006
0.0006
0.0006
0.0007
0.0006
0.0005
0.0006
0.0005
0.0008
0.0006
0.0008
0.0006
0.0006
0.0006
0.0008
0.0007
0.0006
0.0006
0.0006
0.0006
0.0006
0.0008
0.0006
0.0006
0.0006
0.0006
0.0006
0.0006
0.0006
0.0006
0.0005
0.0005
0.0006
0.0006
0.0007
0.0008
0.0005
0.0005
0.0006
0.0006
0.0006
0.0005
0.0005
0.0008
0.0006
0.0006
0.0006
0.0005
0.0006
0.0005
0.0017
0.0012
0.0007
0.0008
0.0006
0.0007
0.0018
0.0007
0.0007
0.0009
0.0006
0.0007
0.0006
0.0006
0.0015
0.0009
0.0006
0.0007
0.0006
0.0006
0.0006
0.0018
0.0014
0.0008
0.0006
0.0017
0.0012
0.0007
0.0008
0.0017
0.001
0.0007
0.0051
0.0007
0.0005
0.001
0.0009
0.0005
0.0005
0.0006
0.0005
0.0006
0.0006
0.0006
0.0005
0.0006
0.0007
0.0006
0.0006
0.0005
0.0006
0.0006
0.0005
0.0006
0.0007
0.0006
0.0005
0.0006
0.0005
0.0006
0.0005
0.0006
0.0005
0.0007
0.0005
0.0006
0.0005
0.0006
0.0006
0.0007
0.0005
0.0006
0.0006
0.0005
0.0016
0.001
0.0019
0.0008
0.0007
0.0006
0.0005
0.0006
0.0006
0.0006
0.0006
0.0006
0.0006
0.001
0.0007
0.0023
0.0011
0.0015
0.0008
0.0007
0.0007
0.0005
0.0005
0.0005
0.0006
0.0006
0.0006
0.0006
0.0015
0.0006
0.0005
0.0005
0.0007
0.0009
0.0007
0.0006
0.001
0.0006
0.0005
0.0015
0.0005
0.0006
0.0006
0.0006
0.0008
0.0006
0.0005
0.0008
0.0006
0.0005
0.0005
0.0006
0.0005
0.0006
0.0005
0.0005
0.0005
0.0005
0.0006
0.0006
0.0006
0.0005
0.0006
0.001
0.0009
0.0006
0.0006
0.0019
0.001
0.0011
0.0006
0.0006
0.0006
0.0005
0.0005
0.0006
0.0006
0.0005
0.0009
0.0006
0.0006
0.0006
0.0017
0.0009

-----------------------
CodechalDecode::Execute
-----------------------
8.3484
16.9205
8.0192
6.6162
6.4112
6.5476
6.3565
6.6217
6.5934
6.5476
0.8879
0.8463
0.8212
0.8291
0.8408
0.7552
0.5432
0.6268
0.5768
0.7601
0.6029
0.5431
0.6155
0.669
0.5738
0.5758
0.5039
0.4816
0.7007
0.5528
0.5957
0.6187
0.602
0.6001
0.5208
0.4753
0.5398
0.7045
0.6078
0.6059
0.5832
0.4833
0.5269
0.534
0.5696
0.5475
0.5282
0.4934
0.4856
0.549
0.6061
0.5427
0.7258
0.6657
0.5459
0.5344
0.5727
0.5271
0.6223
0.5539
0.6388
0.4975
0.5582
0.7371
0.7729
0.7219
0.7579
0.5768
0.6379
0.5151
0.5266
0.5101
0.5115
0.5855
0.6275
0.6082
0.899
0.9389
0.6048
0.7046
0.5711
0.7664
0.5365
0.7071
0.5165
0.6656
0.4996
0.4975
0.5248
0.5811
0.5667
0.5484
0.5946
0.5649
0.5675
0.5791
0.5327
0.5518
0.5043
0.484
0.6511
0.5855
0.5449
0.5418
0.4995
0.5505
0.4904
0.5349
0.5395
0.5383
0.7708
0.4923
0.4768
0.5394
0.5344
0.5369
0.5403
0.5403
0.5459
0.5428
0.5512
0.5501
0.4924
0.5391
0.5447
0.542
0.5435
0.5474
0.54
0.5384
0.5461
0.683
0.5977
0.5041
0.642
0.557
0.546
0.5541
0.5025
0.5495
0.5509
0.5424
0.5403
0.5474
0.5413
0.5374
0.5452
0.5497
0.5154
0.4992
0.6104
0.4984
0.4863
0.5056
0.4927
0.5472
0.5426
0.5354
0.5818
0.5377
0.5321
0.5307
0.4922
0.5396
0.4992
0.5028
0.5348
0.4999
0.5626
0.5119
0.5446
0.5774
0.5146
0.5054
0.5037
0.4922
0.6196
0.5645
0.5356
0.4776
0.5123
0.4967
0.5352
0.4925
0.5389
0.5244
0.5696
0.5213
0.5488
0.4806
0.5149
0.5349
0.5004
0.4967
0.5356
0.5045
0.5356
0.538
0.5368
0.5027
0.534
0.4985
0.5575
0.4943
0.5328
0.5584
0.5348
0.5613
0.4917
0.5033
0.5118
0.4896
0.5377
0.4981
0.5368
0.5157
0.4982
0.5405
0.5032
0.5265
0.5033
0.5129
0.5091
0.485
0.4817
0.5301
0.5474
0.5056
0.4919
0.4789
0.4922
0.5334
0.4994
0.5353
0.5015
0.5364
0.503
0.6177
0.5531
0.4895
0.4932
0.5102
0.5356
0.4749
0.4788
0.5477
0.5073
0.6286
0.494
0.5622
0.5352
0.5992
0.5506
0.5111
0.5411
14.3679
4.5957
0.5113
0.5081
0.5015
0.5832
0.4953
0.576
0.5536
0.5596
0.5342
0.5462
0.4945
0.5476
0.5199
0.498
0.4855
0.4773
0.5054
0.5531
0.542
0.5049
0.4911
0.4901
0.5045
0.4975
0.4927
0.5073
0.5718
0.5135
0.5234
0.5947
0.4913
0.479
0.4948
0.4851
0.4829
0.4877
0.4939
0.5159
0.5138
0.5549
0.506
0.5437
0.5008
0.4816
13.2451
4.1579
0.4881
0.5034
12.1198
4.8065
0.4984
0.4976
0.483
0.4971
0.5108
0.5389
0.5089
0.5098
0.5791
0.523
0.5132
0.5425
0.5184
0.552
0.5009
0.5839
0.5449
0.598
0.5536
0.4828
0.5406
0.5828
0.5673
0.5231
0.4983
0.4995
0.5174
0.4835
0.4962
0.5179
0.5069
0.5063
0.4869
0.5079
0.541
0.5037
0.5427
0.481
0.4968
0.4846
0.4942
0.5047
0.5207
0.4883
0.506
0.5134
0.4795
0.4851
0.5789
0.5519
0.5049
0.5526
0.5003
0.4851
0.4811
0.5094
0.5049
0.4992
0.496
14.5748
4.4451
0.501
0.512
0.4806
0.5017
0.5433
0.4913
0.491
0.4824
0.4877
0.5089
0.5217
0.618
0.5856
0.5392
0.4989
0.5044
0.5379
0.5067
0.5259
0.5034
0.5613
0.4872
0.5086
0.4906
0.4747
0.4965
0.4885
0.5088
0.5531
0.4887
0.4816
0.4937
0.5343
0.5049
0.4926
0.4837
0.5027
0.5148
0.5147
0.4725
0.4972
0.5253
0.4971
0.5328
0.4924
0.5052
0.4918
0.5037
0.5382
0.4977
0.5209
0.5392
0.4836
0.4811
0.5028
0.5301
0.4872
0.5207
0.5392
0.4827
0.509
0.5104
0.5467
0.4959
0.5376
0.4849
0.5087
0.5486
0.5094
0.5386
0.5388
0.481
0.5027
0.5307
0.5569
0.5404
0.5599
0.5041
0.5155
0.5456
0.5872
0.5504
0.4963
0.4838
0.4936
0.5182
0.4941
0.5331
0.5528
0.548
0.4925
0.4823
0.4985
0.5017
0.5363
0.5579
0.61
0.5092
0.4831
0.5985
0.5998
0.4984
0.4833
0.5915
0.5467
0.4893
0.5088
0.5032
0.5191
0.4936
0.4985
0.5155
0.5198
0.4919
0.5006
0.5321
0.4834
0.4791
0.5002
0.5413
0.4894
0.5009
0.522
0.49
0.4737
0.4939
0.5236
0.4913
0.546
0.4979
0.5362
0.4987
0.473
0.4962
0.5329
0.4976
0.535
0.5047
0.5277
0.4901
0.5249
0.5058
0.5338
0.5405
0.5009
0.5369
0.5034
0.5269
0.5519
0.5451
0.642
0.5281
0.5513
0.4769
0.478
0.534
0.4805
0.4775
0.5176
0.5334
0.4983
0.5587
0.4871
0.5762
0.5583
0.6817
0.5395
0.4824
0.4884
0.5306
0.5229
0.4976
0.5396
0.5077
0.5407
0.5118
0.5459
0.5075
0.5381
0.5011
0.5317
0.471
0.499
0.5238
0.5177
0.4944
0.529
0.5283
0.495
0.5242
0.496
0.5308
0.5012
0.5268
0.4873
0.4717
0.5161
0.5386
0.5053
0.5459
0.5068
0.5439
0.5
0.4991
0.5434
0.5029
0.5369
0.5426
0.4975
0.5357
0.5035
0.4916
0.5127
0.5177
0.488
0.6171
0.5393
0.4948
0.4831
0.4835
0.5034
0.4936
0.4874
0.4999
0.4957
0.5114
0.5307
0.5033
0.4763
0.482
0.5987
0.5125

---------------------------------
CodechalDecodeVp9::SetFrameStates
---------------------------------
1.0768
0.0097
0.0076
0.0081
0.0103
0.0069
0.0083
0.0083
0.0078
0.0065
0.0076
0.0058
0.0056
0.0064
0.0065
0.0056
0.0057
0.0055
0.0069
0.0122
0.007
0.0055
0.0065
0.0064
0.0055
0.0063
0.005
0.0054
0.017
0.0057
0.0065
0.0066
0.0064
0.0065
0.0055
0.0052
0.0051
0.007
0.0064
0.0065
0.0066
0.0093
0.0062
0.0061
0.008
0.0068
0.0059
0.005
0.0049
0.0054
0.0064
0.0052
0.0079
0.0068
0.0052
0.0054
0.0058
0.0052
0.0062
0.0055
0.0084
0.006
0.0055
0.0102
0.0076
0.0072
0.008
0.0054
0.0084
0.0057
0.0052
0.0051
0.0049
0.0072
0.0061
0.0085
0.0064
0.0059
0.0142
0.0102
0.0071
0.0123
0.0059
0.0078
0.0062
0.0068
0.0055
0.0051
0.0054
0.0076
0.0074
0.0059
0.0072
0.007
0.0067
0.0066
0.0056
0.0124
0.0058
0.0052
0.0072
0.0069
0.0066
0.0062
0.0055
0.0061
0.0055
0.0063
0.0057
0.0064
0.0069
0.0054
0.0052
0.0055
0.0064
0.0061
0.0067
0.0065
0.0063
0.0064
0.0075
0.0065
0.0057
0.0063
0.0066
0.0062
0.0064
0.0063
0.0063
0.0064
0.0064
0.0099
0.0073
0.0055
0.0087
0.0074
0.0073
0.007
0.0056
0.0065
0.0063
0.0079
0.0063
0.0066
0.0065
0.0065
0.0065
0.0067
0.0055
0.0052
0.0079
0.0058
0.0053
0.0055
0.0056
0.0067
0.0067
0.0065
0.0068
0.0064
0.0063
0.0062
0.0053
0.0066
0.0056
0.0057
0.0059
0.0055
0.0062
0.0056
0.0064
0.0079
0.0064
0.0057
0.0056
0.0054
0.0087
0.007
0.0065
0.0081
0.0055
0.0083
0.0061
0.0058
0.0063
0.0063
0.0085
0.0061
0.0067
0.0053
0.0057
0.0067
0.0057
0.0056
0.0063
0.0071
0.0065
0.0066
0.009
0.0052
0.0066
0.0053
0.0099
0.0054
0.006
0.0066
0.0066
0.0076
0.0058
0.0055
0.0056
0.0067
0.006
0.0054
0.0061
0.0055
0.0053
0.0062
0.0053
0.006
0.0055
0.0058
0.0057
0.005
0.005
0.0057
0.0103
0.0062
0.0058
0.0051
0.0052
0.0058
0.0052
0.0062
0.0068
0.0073
0.0066
0.007
0.0076
0.0057
0.0056
0.0054
0.0057
0.0049
0.0053
0.0058
0.0054
0.009
0.0056
0.0063
0.0063
0.0085
0.0071
0.0057
0.0062
0.5242
0.0059
0.0069
0.0057
0.0056
0.0078
0.0058
0.0079
0.0056
0.0084
0.0538
0.0076
0.0057
0.0073
0.0063
0.0055
0.0055
0.0054
0.0056
0.0107
0.0068
0.0062
0.0064
0.0058
0.0068
0.0069
0.0064
0.0061
0.0078
0.0062
0.0057
0.0088
0.006
0.0054
0.0056
0.0051
0.0052
0.0051
0.0059
0.0056
0.0055
0.0064
0.0055
0.0063
0.0055
0.0049
0.4983
0.0073
0.0068
0.0057
0.3605
0.0077
0.0068
0.0056
0.0053
0.0052
0.0056
0.0061
0.0055
0.0055
0.0084
0.0097
0.0054
0.0054
0.0057
0.0076
0.007
0.0076
0.0069
0.0078
0.0067
0.0052
0.0064
0.0063
0.0053
0.0062
0.0052
0.0051
0.0053
0.0051
0.0052
0.0056
0.0055
0.0054
0.0051
0.0053
0.0058
0.0054
0.0062
0.0051
0.0052
0.0051
0.0055
0.0056
0.0056
0.0051
0.0054
0.0056
0.005
0.0049
0.0053
0.0064
0.0055
0.0061
0.0054
0.005
0.0052
0.0053
0.0057
0.0053
0.0053
0.439
0.0068
0.007
0.0061
0.005
0.0052
0.0076
0.0058
0.0054
0.0052
0.0052
0.0055
0.0055
0.0083
0.0087
0.0062
0.0054
0.0062
0.0068
0.0098
0.0057
0.0053
0.0061
0.0051
0.0052
0.0055
0.0052
0.0054
0.0051
0.0053
0.0099
0.0051
0.005
0.0051
0.0056
0.0054
0.0052
0.0049
0.005
0.0052
0.0056
0.0052
0.0053
0.0056
0.0055
0.0058
0.0053
0.0057
0.0049
0.0054
0.0059
0.0054
0.0057
0.0061
0.0049
0.0051
0.0054
0.0059
0.0048
0.0052
0.0058
0.0052
0.0052
0.0053
0.0058
0.0051
0.0055
0.0052
0.0052
0.0061
0.0056
0.0062
0.0062
0.0049
0.005
0.0055
0.0077
0.0066
0.0063
0.0054
0.0052
0.0058
0.0079
0.0064
0.0055
0.0055
0.005
0.0058
0.0055
0.0061
0.0075
0.0062
0.0054
0.0049
0.0049
0.0051
0.0058
0.0078
0.0077
0.0054
0.0053
0.008
0.0075
0.0053
0.0051
0.0081
0.0065
0.0052
0.0079
0.0054
0.0056
0.0049
0.0053
0.0055
0.0088
0.0051
0.0055
0.0059
0.005
0.0048
0.0051
0.0055
0.0062
0.0054
0.0058
0.005
0.0048
0.0052
0.0057
0.0052
0.0063
0.0054
0.0058
0.0052
0.0049
0.0049
0.0055
0.0049
0.0056
0.0053
0.0058
0.0052
0.0056
0.0052
0.0058
0.0064
0.0055
0.0059
0.0053
0.0058
0.0078
0.0068
0.01
0.0061
0.0061
0.0051
0.0047
0.0048
0.0051
0.0049
0.0054
0.0067
0.0054
0.0067
0.0054
0.0093
0.006
0.0086
0.0065
0.0051
0.0051
0.0057
0.0059
0.0053
0.0064
0.0055
0.006
0.0056
0.006
0.0055
0.006
0.0054
0.0055
0.0056
0.0053
0.0055
0.0055
0.0052
0.0059
0.0057
0.0051
0.0057
0.0052
0.0057
0.0053
0.0065
0.0051
0.0053
0.0053
0.0058
0.0056
0.0062
0.0055
0.0063
0.0054
0.0055
0.0061
0.0055
0.0063
0.0063
0.0055
0.0064
0.0057
0.0053
0.0056
0.0055
0.005
0.0104
0.007
0.0072
0.0064
0.0063
0.0056
0.0056
0.0053
0.0053
0.0052
0.0055
0.006
0.0058
0.005
0.005
0.0081
0.0061

------------------------------------------
CodechalDecodeVp9G12::DecodePrimitiveLevel
------------------------------------------
0.1183
0.0659
0.1173
0.0252
0.0265
0.0675
0.0229
0.0321
0.0938
0.0242
0.0326
0.0786
0.0196
0.0317
0.1885
0.0196
0.0291
0.2997
0.0243
0.0313
0.0871
0.0235
0.0334
0.1289
0.0182
0.0255
0.063
0.0185
0.0253
0.0634
0.0216
0.0245
0.0692
0.0187
0.0216
0.0553
0.0231
0.0223
0.0643
0.0183
0.0256
0.1339
0.0231
0.0245
0.0758
0.0186
0.0228
0.0806
0.0175
0.0208
0.0404
0.0211
0.0228
0.0414
0.0183
0.0274
0.04
0.0308
0.0321
0.0565
0.0214
0.0232
0.0412
0.0202
0.0208
0.0379
0.0256
0.0229
0.0403
0.0207
0.0231
0.046
0.0186
0.0218
0.0454
0.0214
0.0203
0.0343
0.0166
0.0203
0.0364
0.0161
0.0194
0.0346
0.0236
0.0304
0.056
0.0183
0.0245
0.0422
0.0213
0.0247
0.0443
0.0209
0.0303
0.0443
0.0213
0.0231
0.0441
0.0206
0.0225
0.0423
0.0182
0.0212
0.0377
0.0159
0.0188
0.0334
0.0169
0.0231
0.0385
0.0243
0.0308
0.0542
0.0207
0.0222
0.043
0.0247
0.0226
0.0433
0.021
0.0249
0.0427
0.0166
0.0194
0.0348
0.0177
0.0335
0.0387
0.0208
0.0222
0.0416
0.0213
0.0231
0.0516
0.019
0.0222
0.046
0.0193
0.0242
0.0386
0.0193
0.0206
0.0349
0.0169
0.02
0.0365
0.0186
0.0218
0.0399
0.0214
0.0307
0.0412
0.018
0.0262
0.0384
0.0265
0.0296
0.049
0.0222
0.0291
0.0487
0.0184
0.021
0.0403
0.0176
0.0213
0.0367
0.0211
0.023
0.0444
0.022
0.021
0.0386
0.0258
0.0414
0.0413
0.0181
0.0396
0.0374
0.0236
0.0235
0.0444
0.0179
0.0213
0.037
0.0218
0.0243
0.0409
0.0241
0.0315
0.0574
0.0273
0.0321
0.0613
0.032
0.0311
0.0608
0.0267
0.0329
0.0569
0.0285
0.0211
0.0416
0.0235
0.0241
0.0433
0.017
0.0206
0.0374
0.017
0.0292
0.0397
0.0217
0.0204
0.0364
0.0169
0.02
0.0456
0.0221
0.0215
0.0434
0.0191
0.0315
0.0467
0.0239
0.0244
0.0486
0.0326
0.0454
0.079
0.0462
0.0478
0.0812
0.0244
0.0238
0.0476
0.0353
0.0263
0.0459
0.0225
0.0232
0.0431
0.0335
0.0206
0.0382
0.0205
0.0216
0.042
0.0276
0.0315
0.0597
0.0201
0.0202
0.0391
0.0217
0.032
0.0515
0.0181
0.0205
0.0356
0.0162
0.0195
0.0432
0.018
0.0215
0.0413
0.0212
0.0264
0.0473
0.0251
0.0231
0.0475
0.0259
0.0259
0.0391
0.0235
0.0241
0.0492
0.0219
0.0227
0.0504
0.0185
0.0215
0.0499
0.0211
0.0228
0.0437
0.0181
0.0214
0.0428
0.0209
0.022
0.0407
0.0179
0.0235
0.0383
0.0171
0.0234
0.0416
0.0315
0.0242
0.0714
0.0205
0.0248
0.0437
0.0192
0.0211
0.0427
0.0212
0.0226
0.0427
0.0185
0.0258
0.0382
0.0191
0.0256
0.0416
0.0173
0.0205
0.0391
0.0209
0.0223
0.0397
0.0174
0.0223
0.0493
0.0219
0.0259
0.0369
0.0252
0.0362
0.0877
0.0182
0.0194
0.0377
0.0159
0.0204
0.0393
0.0191
0.0226
0.043
0.0206
0.0227
0.0418
0.0211
0.0223
0.0428
0.0209
0.023
0.0435
0.0207
0.0227
0.0429
0.0207
0.0227
0.043
0.0211
0.0224
0.0443
0.0214
0.0229
0.045
0.0208
0.0221
0.0433
0.0174
0.0212
0.0398
0.0209
0.0225
0.0426
0.0212
0.0229
0.0438
0.0209
0.0226
0.0444
0.021
0.0225
0.043
0.0214
0.023
0.0441
0.0207
0.0223
0.0423
0.021
0.0221
0.0425
0.0205
0.0225
0.0423
0.0262
0.026
0.0545
0.0224
0.0234
0.0478
0.0175
0.0204
0.0408
0.026
0.0259
0.0525
0.0216
0.024
0.0461
0.0202
0.0232
0.0445
0.0216
0.0227
0.0436
0.0181
0.0292
0.0404
0.0218
0.0223
0.0465
0.0214
0.0227
0.0433
0.0208
0.0227
0.044
0.0219
0.0224
0.0439
0.0212
0.0226
0.0445
0.0204
0.0221
0.0431
0.0193
0.0234
0.0427
0.0209
0.0227
0.0429
0.0207
0.0229
0.0431
0.018
0.0199
0.0388
0.0174
0.0203
0.0381
0.0221
0.0244
0.0474
0.0179
0.0205
0.0357
0.0172
0.0207
0.0348
0.0191
0.0217
0.038
0.0183
0.0207
0.0358
0.0211
0.0227
0.0414
0.0217
0.0225
0.0402
0.0205
0.0225
0.0396
0.0377
0.0226
0.0408
0.0214
0.0229
0.0398
0.0201
0.022
0.039
0.0206
0.0223
0.0399
0.0172
0.0232
0.0354
0.021
0.0216
0.0397
0.0216
0.0212
0.0366
0.0182
0.0207
0.0369
0.0198
0.0224
0.0388
0.018
0.0208
0.0377
0.0201
0.0221
0.0396
0.0185
0.0203
0.0397
0.0204
0.023
0.041
0.0205
0.0233
0.045
0.0186
0.0214
0.0424
0.0182
0.0212
0.042
0.0188
0.0216
0.0393
0.0176
0.0206
0.0415
0.0239
0.026
0.0483
0.0251
0.0261
0.0433
0.0192
0.0217
0.0401
0.017
0.0241
0.0345
0.0178
0.0208
0.0401
0.0173
0.0211
0.0351
0.0199
0.0229
0.0429
0.0171
0.0207
0.039
0.0206
0.0217
0.0558
0.0271
0.0205
0.0354
0.0225
0.0228
0.0445
0.0187
0.0219
0.0381
0.0218
0.0211
0.0396
0.0165
0.0223
0.0353
0.0182
0.0251
0.0389
0.0213
0.0251
0.0404
0.018
0.0212
0.0359
0.0173
0.0202
0.0362
0.0207
0.0231
0.0385
0.0183
0.021
0.0362
0.0211
0.0232
0.0389
0.0213
0.0226
0.0395
0.0209
0.0221
0.0397
0.0179
0.0216
0.0364
0.0202
0.022
0.0399
0.0181
0.0205
0.0361
0.0211
0.0226
0.054
0.0181
0.0238
0.0356
0.0209
0.022
0.0395
0.0241
0.0221
0.0398
0.0207
0.0223
0.0397
0.0208
0.0229
0.0436
0.0167
0.0246
0.0343
0.0179
0.0208
0.0373
0.0181
0.0275
0.0374
0.0176
0.0203
0.0389
0.0211
0.0232
0.0395
0.0175
0.0207
0.037
0.0213
0.0224
0.0434
0.0175
0.0267
0.036
0.0176
0.0214
0.0367
0.0212
0.0238
0.047
0.0182
0.028
0.037
0.0212
0.0224
0.0388
0.018
0.0213
0.0373
0.0184
0.0215
0.042
0.0187
0.0207
0.0464
0.0168
0.0204
0.0355
0.0165
0.0202
0.0351
0.0189
0.032
0.0418
0.0202
0.0231
0.0439
0.0187
0.0257
0.0366
0.0183
0.0245
0.0362
0.0168
0.0196
0.0355
0.0174
0.0211
0.0353
0.0206
0.0253
0.0387
0.0176
0.0214
0.0369
0.0203
0.0231
0.039
0.018
0.0215
0.036
0.0223
0.0231
0.0397
0.0184
0.0208
0.0366
0.0426
0.0233
0.0405
0.0209
0.0231
0.0414
0.0173
0.0203
0.0367
0.0179
0.021
0.0363
0.0184
0.0207
0.0406
0.0208
0.0374
0.0434
0.0169
0.0195
0.0337
0.0179
0.0201
0.0431
0.0203
0.0219
0.0402
0.0178
0.0213
0.0596
0.0244
0.0265
0.0497
0.0182
0.0243
0.0383
0.0199
0.0255
0.047
0.0217
0.0224
0.0427
0.0225
0.0242
0.0511
0.0228
0.0291
0.0443
0.0177
0.0268
0.0411
0.0221
0.0225
0.0444
0.0263
0.0327
0.0545
0.0237
0.0223
0.0387
0.0171
0.0211
0.0365
0.0177
0.0204
0.0357
0.018
0.02
0.04
0.0218
0.0305
0.0461
0.017
0.0205
0.0379
0.0205
0.0238
0.0409
0.0191
0.028
0.047
0.0216
0.0305
0.0349
0.0173
0.0203
0.0341
0.0199
0.0237
0.0407
0.0175
0.0206
0.0349
0.0199
0.0228
0.0385
0.0185
0.0215
0.0418
0.0181
0.0211
0.0377
0.0158
0.0202
0.0373
0.0152
0.0254
0.0357
0.0179
0.0211
0.0393
0.0205
0.0224
0.0403
0.022
0.0278
0.0409
0.0185
0.0206
0.0361
0.0171
0.0203
0.0337
0.017
0.0195
0.0339
0.018
0.0207
0.0362
0.0177
0.0201
0.035
0.0171
0.0205
0.0347
0.0183
0.0203
0.0361
0.0215
0.023
0.0436
0.0189
0.0206
0.0379
0.0179
0.021
0.0366
0.0267
0.0222
0.0434
0.0174
0.0255
0.0363
0.0167
0.0199
0.034
0.0173
0.0206
0.0353
0.0166
0.02
0.0344
0.017
0.02
0.0372
0.0162
0.0197
0.0397
0.0172
0.0203
0.0393
0.0193
0.0218
0.0431
0.0172
0.0207
0.0405
0.0326
0.0232
0.0431
0.0178
0.0214
0.0392
0.0215
0.0267
0.0427
0.018
0.0204
0.0401
0.0168
0.0205
0.038
0.0195
0.0262
0.0535
0.0236
0.0228
0.0403
0.0179
0.0207
0.0344
0.018
0.0209
0.0356
0.02
0.0295
0.047
0.0228
0.0228
0.0417
0.0184
0.0206
0.0354
0.0182
0.0208
0.0364
0.0173
0.0205
0.0354
0.018
0.0209
0.0367
0.0219
0.0214
0.0395
0.0195
0.0219
0.0405
0.0177
0.0202
0.04
0.0181
0.0248
0.0403
0.0209
0.0233
0.046
0.0174
0.0204
0.0374
0.0171
0.0269
0.0376
0.0187
0.0281
0.0412
0.0182
0.0205
0.0387
0.0196
0.0224
0.043
0.0174
0.0202
0.0339
0.0205
0.0228
0.05
0.0197
0.0241
0.0371
0.021
0.0238
0.0462
0.0222
0.0251
0.0414
0.0165
0.0199
0.0366
0.0189
0.0222
0.0405
0.0215
0.0266
0.0457
0.0178
0.0209
0.0368
0.018
0.0247
0.0415
0.0154
0.0197
0.0366
0.0173
0.024
0.0368
0.0166
0.0432
0.0393
0.0168
0.0195
0.0386
0.0175
0.0205
0.0397
0.0194
0.0219
0.0417
0.0174
0.0207
0.0399
0.0176
0.0204
0.0402
0.017
0.0199
0.0379
0.0206
0.0208
0.0446
0.0204
0.0229
0.0428
0.0179
0.024
0.0399
0.0205
0.0233
0.0413
0.0167
0.0198
0.038
0.018
0.0203
0.0383
0.0157
0.0198
0.0375
0.0169
0.0221
0.0404
0.0184
0.0208
0.0407
0.0184
0.0222
0.0418
0.016
0.0229
0.0391
0.0185
0.0214
0.0425
0.0176
0.0208
0.0406
0.0165
0.0195
0.0374
0.0215
0.0198
0.0373
0.0188
0.047
0.0425
0.0216
0.0226
0.0422
0.018
0.0233
0.0393
0.0208
0.029
0.043
0.0174
0.0205
0.0398
0.0168
0.0198
0.0362
0.0157
0.0205
0.0373
0.0165
0.0411
0.0428
0.0186
0.0208
0.0413
0.0175
0.0202
0.0392
0.0178
0.0204
0.039
0.0227
0.0284
0.0485
0.023
0.023
0.0401
0.0181
0.0233
0.0362
0.0186
0.0214
0.0361
0.017
0.0206
0.0366
0.0173
0.02
0.0403
0.0243
0.0228
0.0403
0.0174
0.021
0.0361
0.0178
0.02
0.0345
0.0173
0.0199
0.0344
0.015
0.0197
0.0369
0.0177
0.027
0.0397
0.0179
0.0231
0.0406
0.0288
0.0249
0.0464
0.0211
0.0235
0.044
0.0191
0.0267
0.0426
0.0174
0.0232
0.0389
0.018
0.0206
0.042
0.021
0.0227
0.0419
0.0175
0.0204
0.0427
0.0193
0.0261
0.0428
0.0177
0.0235
0.0394
0.0281
0.0297
0.0439
0.0165
0.0199
0.0389
0.0187
0.0204
0.0408
0.0162
0.0217
0.0391
0.0152
0.0191
0.0377
0.0177
0.0208
0.0389
0.0169
0.0232
0.0376
0.0183
0.021
0.0413
0.0209
0.0283
0.0446
0.0168
0.0193
0.0386
0.0171
0.0201
0.0383
0.0175
0.02
0.0445
0.019
0.0217
0.0435
0.0172
0.0208
0.0491
0.0171
0.0206
0.0384
0.0174
0.0197
0.0378
0.016
0.02
0.0382
0.0214
0.0208
0.0421
0.0182
0.0193
0.0467
0.0152
0.019
0.0398
0.0171
0.0251
0.0395
0.0197
0.0212
0.0436
0.0173
0.024
0.0401
0.0209
0.0226
0.0436
0.018
0.0203
0.04
0.0168
0.02
0.0393
0.0176
0.0198
0.0393
0.0182
0.0245
0.0416
0.0204
0.0222
0.0436
0.0173
0.0206
0.0392
0.0191
0.0216
0.0427
0.0209
0.0223
0.0423
0.0169
0.0205
0.0401
0.0168
0.0278
0.0379
0.0186
0.0202
0.0404
0.0205
0.022
0.043
0.0166
0.0201
0.0442
0.0226
0.0213
0.0408
0.0213
0.0223
0.0533
0.016
0.0187
0.0373
0.0176
0.0199
0.039
0.0179
0.0209
0.0436
0.0293
0.0222
0.0493
0.0183
0.0201
0.0405
0.0193
0.0224
0.0434
0.0164
0.0203
0.0388
0.0222
0.0216
0.0461
0.0209
0.0221
0.0428
0.0181
0.0223
0.04
0.0211
0.0222
0.0432
0.0201
0.0263
0.0422
0.0161
0.02
0.0388
0.0167
0.0213
0.0401
0.0244
0.0221
0.057
0.0213
0.0221
0.0438
0.0207
0.0221
0.0424
0.0217
0.022
0.0496
0.0179
0.0202
0.0403
0.0239
0.0218
0.0483
0.0208
0.0251
0.0427
0.0196
0.0411
0.0449
0.0212
0.0281
0.0377
0.0177
0.0219
0.036
0.0169
0.0193
0.0329
0.0175
0.0254
0.0385
0.0182
0.0213
0.0423
0.0182
0.0213
0.0384
0.0209
0.023
0.0398
0.0199
0.0227
0.0456
0.0206
0.0272
0.0404
0.018
0.0206
0.0369
0.0167
0.0203
0.0377
0.0225
0.0207
0.0364
0.0205
0.0212
0.0406
0.0211
0.0222
0.0542
0.0205
0.0243
0.045
0.0224
0.0306
0.0472
0.0184
0.0207
0.0389
0.0169
0.0199
0.0374
0.0221
0.0277
0.0493
0.0231
0.0232
0.0475
0.0179
0.0206
0.04
0.0168
0.0203
0.0375
0.0215
0.0298
0.0468
0.0213
0.0292
0.0441
0.0171
0.0248
0.0385
0.0184
0.0207
0.041
0.0187
0.0205
0.0413
0.0234
0.0223
0.0425
0.0171
0.0202
0.0546
0.0222
0.0205
0.0408
0.0205
0.0213
0.0419
0.0175
0.0275
0.0383
0.0152
0.0221
0.0367
0.0177
0.0282
0.0399
0.0208
0.0222
0.0417
0.0163
0.0197
0.0374
0.0171
0.0204
0.0372
0.0178
0.0204
0.0422
0.0213
0.0224
0.0436
0.0163
0.0205
0.04
0.018
0.0203
0.0389
0.0212
0.0223
0.0415
0.0181
0.0204
0.0387
0.017
0.0198
0.0425
0.0174
0.0207
0.0457
0.021
0.0218
0.0424
0.0178
0.0211
0.0397
0.0197
0.0299
0.0434
0.0174
0.0207
0.0384
0.0207
0.0227
0.0429
0.0186
0.0204
0.0389
0.0169
0.0195
0.0377
0.0179
0.0225
0.0386
0.0204
0.022
0.0449
0.0176
0.024
0.0403
0.02
0.022
0.0417
0.0188
0.0209
0.0409
0.0242
0.022
0.0429
0.0177
0.0205
0.0399
0.0237
0.0228
0.0438
0.0177
0.0204
0.0475
0.0213
0.0264
0.0439
0.0202
0.0223
0.0492
0.0175
0.0248
0.0395
0.021
0.0227
0.0419
0.0174
0.0203
0.0395
0.0211
0.0221
0.0422
0.0205
0.0269
0.0438
0.0223
0.0234
0.0439
0.0258
0.026
0.0474
0.0181
0.0211
0.0366
0.0204
0.0369
0.0375
0.0174
0.0202
0.0337
0.0168
0.0203
0.0349
0.0169
0.0194
0.0339
0.0169
0.02
0.0339
0.0163
0.0196
0.0344
0.019
0.0271
0.0386
0.0212
0.0228
0.0387
0.0171
0.0217
0.0371
0.0215
0.0236
0.0409
0.0182
0.0205
0.0348
0.0204
0.0232
0.0439
0.0202
0.022
0.0429
0.0552
0.0236
0.0468
0.0225
0.0227
0.0413
0.0166
0.0201
0.0354
0.0201
0.0206
0.0371
0.0246
0.0224
0.0435
0.0194
0.0253
0.0436
0.0177
0.021
0.0388
0.0208
0.0227
0.0434
0.0177
0.022
0.04
0.0208
0.022
0.0442
0.0179
0.0247
0.0411
0.0208
0.023
0.0408
0.0181
0.0217
0.0384
0.0205
0.0239
0.0432
0.0179
0.0205
0.0399
0.0245
0.0219
0.0424
0.0159
0.0197
0.0372
0.0174
0.021
0.0394
0.0211
0.0223
0.0425
0.0188
0.0246
0.0424
0.0181
0.0237
0.0398
0.0224
0.0222
0.0426
0.0197
0.0219
0.0423
0.0181
0.0202
0.0404
0.0264
0.0223
0.0429
0.0177
0.0206
0.0481
0.0213
0.0221
0.0436
0.0182
0.0209
0.0399
0.0198
0.0225
0.0417
0.0175
0.0209
0.0394
0.0155
0.0193
0.0367
0.0227
0.0315
0.0388
0.02
0.0226
0.0417
0.0176
0.0212
0.0402
0.0203
0.0232
0.0421
0.0172
0.0241
0.0397
0.0207
0.0233
0.0434
0.0181
0.027
0.0394
0.0187
0.0205
0.0396
0.0212
0.0278
0.0425
0.0178
0.0281
0.0407
0.0209
0.0221
0.043
0.0203
0.0344
0.0434
0.0175
0.0249
0.0384
0.0203
0.0218
0.0424
0.0172
0.0248
0.0399
0.0172
0.0199
0.0386
0.0186
0.0208
0.042
0.0174
0.0206
0.039
0.0166
0.0241
0.0371
0.022
0.0251
0.0456
0.0198
0.0316
0.0389
0.0174
0.0201
0.0348
0.0171
0.0195
0.0352
0.0174
0.0195
0.0346
0.0187
0.025
0.037
0.017
0.0209
0.036
0.0166
0.0238
0.0398
0.019
0.021
0.0368
0.0173
0.0201
0.0355
0.0169
0.0398
0.0346
0.0203
0.0223
0.0394
0.0188
0.0206
0.0356
0.0166
0.02
0.0329
0.0162
0.0199
0.0342
0.0214
0.0245
0.0505
0.0184
0.0224
0.0382

--------------------------------------
CodechalDecodeVp9G12::DecodeStateLevel
--------------------------------------
0.7555
5.7317
0.4084
8.298
6.2936
2.1497
1.9448
5.6414
0.2352
0.2645
5.8782
0.29
0.2457
5.5914
0.2879
0.2444
5.652
0.2601
0.3429
5.5711
0.251
0.2692
5.8249
0.2894
0.2715
5.9317
0.2373
0.284
5.8881
0.2239
0.2656
0.215
0.2427
0.2302
0.2697
0.204
0.2849
0.1702
0.2156
0.2167
0.1807
0.2076
0.2644
0.2082
0.1962
0.2121
0.2028
0.1795
0.1644
0.1272
0.1322
0.2237
0.1429
0.1321
0.1672
0.1483
0.1326
0.2188
0.189
0.1806
0.186
0.146
0.134
0.1677
0.1281
0.1297
0.1974
0.144
0.1356
0.1841
0.1441
0.2034
0.1758
0.1385
0.1337
0.182
0.1472
0.1206
0.1477
0.1199
0.1277
0.1383
0.1226
0.1114
0.1935
0.1707
0.1728
0.1643
0.1318
0.1306
0.1817
0.1373
0.1364
0.1823
0.1614
0.1349
0.1837
0.1475
0.1366
0.1878
0.1464
0.1341
0.1443
0.1211
0.1404
0.1439
0.1135
0.1171
0.1558
0.1285
0.1395
0.1973
0.1775
0.1758
0.188
0.1504
0.1356
0.1873
0.1417
0.1358
0.1761
0.1396
0.131
0.1367
0.1143
0.1178
0.1542
0.1227
0.1243
0.1568
0.1324
0.1226
0.1648
0.1318
0.1294
0.1572
0.1412
0.1215
0.1561
0.1282
0.1224
0.1384
0.1241
0.1236
0.1367
0.1183
0.1243
0.1641
0.1333
0.1323
0.181
0.1509
0.1377
0.1605
0.1312
0.1308
0.2119
0.194
0.1686
0.1918
0.1656
0.1671
0.1603
0.1293
0.139
0.1568
0.1301
0.1323
0.1714
0.1384
0.1337
0.1542
0.1291
0.1246
0.1772
0.1439
0.1479
0.1618
0.1331
0.1258
0.2029
0.1561
0.1311
0.1519
0.116
0.1153
0.1598
0.1363
0.1358
0.2229
0.1756
0.1699
0.2238
0.1841
0.1988
0.1955
0.1799
0.1809
0.2092
0.2071
0.1798
0.1768
0.1399
0.128
0.205
0.1482
0.1359
0.1422
0.1266
0.1363
0.1386
0.1352
0.1316
0.1428
0.1247
0.1251
0.138
0.1204
0.139
0.194
0.1276
0.1165
0.1503
0.1328
0.2103
0.1788
0.1542
0.1243
0.1865
0.2607
0.2504
0.2284
0.2452
0.2487
0.1851
0.1291
0.1194
0.2067
0.2008
0.1212
0.1697
0.1344
0.1339
0.2834
0.1982
0.1214
0.1639
0.1236
0.1255
0.196
0.1717
0.1672
0.1538
0.1254
0.1145
0.2021
0.1587
0.1571
0.1436
0.1249
0.1208
0.1477
0.1223
0.1125
0.1607
0.1278
0.117
0.1801
0.1341
0.1187
0.1649
0.1276
0.1303
0.1563
0.1289
0.1327
0.1788
0.1367
0.1301
0.1645
0.1318
0.128
0.1693
0.1331
0.1284
0.1753
0.1328
0.1387
0.1572
0.1305
0.1224
0.1679
0.1292
0.123
0.1423
0.1263
0.1199
0.1397
0.1156
0.1129
0.1845
0.1395
0.1535
0.1796
0.1241
0.1487
0.1743
0.1226
0.1201
0.1595
0.132
0.1242
0.1439
0.1194
0.1195
0.1531
0.1485
0.1214
0.1402
0.1208
0.1174
0.1541
0.1304
0.1264
0.1466
0.1453
0.1224
0.1644
0.1292
0.119
0.1995
0.1873
0.1881
0.1561
0.1149
0.112
0.1369
0.114
0.117
0.1567
0.13
0.1262
0.1575
0.1277
0.123
0.1564
0.1325
0.124
0.1571
0.1312
0.1232
0.1568
0.1326
0.1237
0.1597
0.1345
0.1241
0.1582
0.1258
0.1295
0.1607
0.1334
0.1234
0.1601
0.1373
0.1252
0.1498
0.1173
0.1096
0.1583
0.1318
0.1234
0.1559
0.1353
0.1236
0.1572
0.1316
0.124
0.1591
0.1326
0.1243
0.1607
0.1334
0.1245
0.1587
0.1313
0.1255
0.1568
0.1261
0.1296
0.158
0.1362
0.1254
0.2451
0.1378
0.1278
0.1931
0.1356
0.1246
0.144
0.1245
0.1204
0.2158
0.1362
0.1241
0.1618
0.1355
0.123
0.1602
0.1306
0.1235
0.1597
0.1251
0.1349
0.1423
0.1185
0.1187
0.1668
0.1293
0.1231
0.1576
0.1385
0.1246
0.1569
0.1319
0.1227
0.1564
0.124
0.1307
0.1587
0.1359
0.1227
0.1575
0.1261
0.1309
0.1562
0.13
0.1248
0.1545
0.1264
0.1363
0.1597
0.1375
0.1245
0.1443
0.1322
0.126
0.1555
0.1176
0.1128
0.197
0.1381
0.1231
0.144
0.1224
0.1197
0.1386
0.1199
0.1195
0.143
0.1202
0.1277
0.1422
0.1185
0.121
0.1608
0.1321
0.1243
0.1613
0.1302
0.1245
0.1587
0.1265
0.1255
0.1845
0.1326
0.1231
0.1608
0.126
0.1258
0.1568
0.1313
0.1237
0.1567
0.1252
0.1254
0.1419
0.1223
0.117
0.1602
0.1274
0.1255
0.1436
0.1221
0.1169
0.145
0.1206
0.1227
0.1574
0.1354
0.1225
0.1464
0.1156
0.1224
0.1645
0.1514
0.123
0.1464
0.1165
0.1309
0.157
0.1327
0.1261
0.1824
0.1334
0.1206
0.1482
0.1283
0.1171
0.1463
0.1189
0.1213
0.144
0.125
0.1185
0.1438
0.118
0.1149
0.2039
0.1351
0.1252
0.1706
0.1273
0.1245
0.162
0.1196
0.1292
0.1354
0.1156
0.1141
0.1502
0.1269
0.1171
0.1403
0.1295
0.1157
0.1509
0.1284
0.1315
0.1493
0.1198
0.1104
0.1529
0.1257
0.1235
0.1682
0.1171
0.1138
0.1781
0.1283
0.1206
0.1505
0.1334
0.1202
0.1593
0.1463
0.1174
0.1385
0.1162
0.118
0.1484
0.1259
0.1212
0.1589
0.1252
0.1214
0.1422
0.1248
0.1185
0.1435
0.1236
0.1197
0.1568
0.132
0.1246
0.1463
0.1194
0.1189
0.1563
0.1306
0.1233
0.1585
0.1325
0.1216
0.1583
0.126
0.125
0.1423
0.1293
0.1195
0.1569
0.1275
0.1228
0.1429
0.1233
0.1219
0.1613
0.1266
0.1245
0.1415
0.1215
0.1175
0.1598
0.1254
0.1224
0.1562
0.1509
0.1226
0.1573
0.1296
0.1229
0.1707
0.1227
0.129
0.1398
0.1238
0.1174
0.1474
0.1235
0.1213
0.1423
0.1264
0.1215
0.142
0.1171
0.1161
0.1531
0.1386
0.1219
0.1419
0.1259
0.1205
0.1559
0.1279
0.1221
0.1412
0.1175
0.1421
0.14
0.1287
0.119
0.157
0.1269
0.1234
0.1431
0.1243
0.119
0.1593
0.1251
0.1213
0.1427
0.13
0.1182
0.1458
0.1266
0.12
0.1472
0.1206
0.1202
0.1365
0.1244
0.1201
0.1439
0.1165
0.1167
0.1479
0.1277
0.1254
0.1625
0.1269
0.1189
0.1477
0.1199
0.1184
0.1436
0.1171
0.1158
0.1376
0.1162
0.1195
0.1412
0.1176
0.1252
0.1551
0.124
0.1308
0.1418
0.1182
0.1283
0.1551
0.1342
0.1236
0.1438
0.1189
0.1239
0.1585
0.1252
0.1226
0.1435
0.1219
0.1235
0.2121
0.1338
0.1215
0.1643
0.1257
0.1278
0.1373
0.1171
0.1269
0.1463
0.1207
0.1175
0.1489
0.1192
0.1276
0.148
0.1258
0.1249
0.1399
0.117
0.1176
0.1472
0.1082
0.1057
0.1512
0.125
0.1496
0.1409
0.1186
0.1157
0.2034
0.139
0.1266
0.1423
0.1176
0.1201
0.1784
0.1262
0.1225
0.1574
0.126
0.1264
0.186
0.1379
0.1219
0.16
0.1252
0.1267
0.1435
0.1233
0.1239
0.1646
0.1262
0.1241
0.1901
13.3483
0.1492
4.2048
0.136
0.1253
0.161
0.1184
0.1156
0.1425
0.1204
0.1249
0.148
0.1187
0.1179
0.1739
0.133
0.1272
0.1413
0.1173
0.1257
0.1863
0.1343
0.1166
0.1674
0.1234
0.1276
0.1641
0.1308
0.1214
0.1405
0.116
0.1202
0.1613
0.1324
0.1206
0.1449
0.1178
0.1237
0.1663
0.1307
0.1224
0.1504
0.1193
0.1275
0.1497
0.1207
0.1161
0.139
0.1176
0.1204
0.1356
0.1138
0.1134
0.1505
0.1186
0.1193
0.1653
0.1289
0.122
0.1577
0.1272
0.1236
0.1469
0.1177
0.1252
0.139
0.1166
0.1262
0.1393
0.1208
0.1209
0.1451
0.1187
0.1265
0.1448
0.1193
0.1208
0.142
0.1162
0.1256
0.1469
0.1175
0.1254
0.183
0.1274
0.1239
0.1505
0.1198
0.1282
0.1444
0.1238
0.1439
0.1977
0.1235
0.1153
0.1427
0.1171
0.1159
0.1421
0.1168
0.1153
0.1429
0.1173
0.1257
0.1389
0.1155
0.1267
0.1428
0.1161
0.1163
0.1378
0.116
0.1249
0.1437
0.1176
0.1214
0.1508
0.1232
0.122
0.1427
0.1193
0.1385
0.1565
0.1353
0.1244
0.1535
0.1193
0.1186
0.1561
0.1256
0.1309
0.1432
0.1185
0.1256
0.1411
0.1161
0.1174
0.1771
0.1285
12.2992
3.7694
0.1349
0.1236
0.1421
0.118
0.1157
0.1453
0.1181
0.1256
0.1786
11.3145
0.1273
4.411
0.1374
0.1213
0.1446
0.1173
0.1205
0.1482
0.1181
0.1173
0.1404
0.1165
0.117
0.1402
0.1205
0.1239
0.1456
0.121
0.1255
0.153
0.1232
0.143
0.144
0.1236
0.1282
0.1455
0.1196
0.1223
0.1693
0.1382
0.1246
0.1523
0.1244
0.1122
0.1423
0.1186
0.1256
0.1478
0.1242
0.146
0.1461
0.1197
0.1382
0.1628
0.1344
0.1202
0.1477
0.1186
0.1155
0.1894
0.1264
0.1221
0.1521
0.121
0.1449
0.1836
0.1502
0.12
0.1614
0.1332
0.1286
0.1381
0.1168
0.1214
0.1686
0.1279
0.1174
0.1799
0.1419
0.1228
0.1577
0.128
0.1159
0.1552
0.1178
0.1282
0.1566
0.1243
0.1109
0.1406
0.1299
0.1169
0.1412
0.12
0.1204
0.1448
0.1161
0.1143
0.1436
0.1176
0.1231
0.1542
0.1241
0.1204
0.1429
0.1187
0.1306
0.1443
0.1187
0.1298
0.1434
0.1173
0.1181
0.143
0.1201
0.1237
0.1562
0.1339
0.1261
0.1504
0.1199
0.117
0.1554
0.1253
0.1373
0.1369
0.1156
0.1212
0.1485
0.1233
0.1154
0.1342
0.1175
0.1146
0.1401
0.1233
0.1151
0.1463
0.1207
0.1178
0.1477
0.1265
0.1249
0.1397
0.1163
0.1211
0.1513
0.1196
0.1175
0.1437
0.1196
0.1348
0.1346
0.1147
0.1245
0.1387
0.1185
0.117
0.1429
0.1609
0.132
0.1594
0.1407
0.1238
0.1516
0.1183
0.1178
0.1584
0.1265
0.1357
0.1436
0.1178
0.1268
0.1438
0.1184
0.1174
0.141
0.1177
0.1146
0.1414
0.1186
0.1134
0.1473
0.1199
0.1165
0.1411
0.1179
0.1283
0.1416
0.117
0.1253
0.1825
13.6875
0.1243
4.0606
0.1381
0.1193
0.1454
0.1184
0.1174
0.1485
0.1192
0.1262
0.1365
0.1155
0.1215
0.142
0.1167
0.1285
0.1639
0.1257
0.1195
0.1434
0.1172
0.1182
0.1429
0.12
0.1178
0.1453
0.1164
0.1151
0.1484
0.1172
0.1157
0.1458
0.1191
0.1224
0.1473
0.1181
0.1354
0.179
0.1603
0.1248
0.1915
0.1304
0.1202
0.1625
0.1189
0.1301
0.1424
0.1217
0.1164
0.1459
0.1173
0.1177
0.1539
0.134
0.1248
0.1443
0.1223
0.1178
0.1502
0.1249
0.1256
0.1499
0.1203
0.1183
0.1594
0.1266
0.1349
0.1398
0.1163
0.1236
0.1523
0.1205
0.1224
0.1414
0.1215
0.1142
0.1346
0.1197
0.115
0.1467
0.1179
0.1199
0.1392
0.1199
0.116
0.1511
0.121
0.1205
0.1551
0.1261
0.1358
0.1392
0.1178
0.1248
0.1421
0.1158
0.1156
0.143
0.1179
0.1164
0.1562
0.1283
0.125
0.1437
0.1185
0.1202
0.139
0.1225
0.1188
0.1432
0.1174
0.116
0.1388
0.115
0.1422
0.1418
0.1197
0.133
0.1636
0.1169
0.1132
0.1346
0.1116
0.1181
0.1427
0.1195
0.1189
0.1546
0.1206
0.1284
0.143
0.1179
0.1189
0.1591
0.1246
0.1256
0.1409
0.1177
0.1207
0.1507
0.1154
0.1206
0.1382
0.1152
0.1289
0.1448
0.1194
0.1203
0.16
0.1272
0.1237
0.1418
0.1183
0.1255
0.1503
0.123
0.13
0.1644
0.1303
0.1229
0.1352
0.1158
0.124
0.1358
0.1147
0.1147
0.1519
0.1205
0.1165
0.1509
0.1237
0.1322
0.1365
0.117
0.1208
0.1407
0.1464
0.1162
0.1512
0.1271
0.1291
0.1478
0.1077
0.1056
0.1545
0.1185
0.1267
0.143
0.1242
0.1282
0.1574
0.1315
0.1224
0.1401
0.1167
0.1291
0.1462
0.1291
0.1458
0.144
0.119
0.1165
0.1414
0.1238
0.1224
0.1567
0.1262
0.141
0.1432
0.1283
0.1212
0.1637
0.126
0.1233
0.153
0.1226
0.1356
0.1347
0.1147
0.1253
0.1393
0.1279
0.1261
0.1482
0.1243
0.1213
0.165
0.1241
0.1328
0.1665
0.1231
0.1231
0.158
0.1278
0.1406
0.1477
0.1211
0.1226
0.144
0.1236
0.1225
0.154
0.1436
0.1227
0.1811
0.1275
0.1201
0.1527
0.1262
0.1459
0.1427
0.1218
0.1228
0.1443
0.1218
0.1113
0.1371
0.126
0.116
0.149
0.1289
0.1202
0.1442
0.1193
0.1168
0.1566
0.1314
0.1224
0.1642
0.1236
0.1207
0.1522
0.1243
0.147
0.1454
0.1196
0.1194
0.1352
0.1172
0.1247
0.146
0.1183
0.1245
0.1422
0.1272
0.119
0.1536
0.1274
0.1237
0.1654
0.1304
0.1229
0.1942
0.1384
0.1241
0.144
0.1224
0.1272
0.1373
0.115
0.1229
0.1874
0.1325
0.1237
0.1915
0.1365
0.1244
0.1422
0.1197
0.1247
0.1394
0.1172
0.1181
0.1852
0.134
0.1218
0.158
0.13
0.1268
0.144
0.1164
0.1172
0.1428
0.1185
0.1292
0.1448
0.121
0.1248
0.151
0.126
0.1213
0.1362
0.1202
0.1157
0.1418
0.1222
0.1165
0.1563
0.1221
0.1196
0.1426
0.1187
0.1393
0.1591
0.1127
0.1131
0.1402
0.1203
0.1197
0.1629
0.1258
0.1224
0.1363
0.1158
0.1268
0.1352
0.1214
0.1174
0.1413
0.1223
0.1201
0.1561
0.1263
0.1365
0.1575
0.1082
0.1086
0.1394
0.1223
0.1288
0.1524
0.1238
0.1267
0.1422
0.1188
0.1222
0.1341
0.1186
0.1131
0.1359
0.1197
0.1234
0.1488
0.1257
0.1301
0.1475
0.1174
0.1167
0.154
0.1294
0.1293
0.1435
0.1167
0.1265
0.1619
0.1282
0.1224
0.1431
0.1184
0.1273
0.1351
0.1151
0.1187
0.1391
0.1286
0.1161
0.1606
0.126
0.1235
0.1399
0.1174
0.1272
0.1502
0.1279
0.1407
0.1496
0.1204
0.1189
0.1483
0.1245
0.1313
0.138
0.1189
0.1246
0.1479
0.1326
0.1217
0.1443
0.1194
0.1216
0.155
0.126
0.1248
0.1541
0.1238
0.1237
0.1417
0.1186
0.1234
0.164
0.1268
0.1224
0.1441
0.1194
0.1284
0.1526
0.1255
0.1273
0.1672
0.1248
0.1209
0.1578
0.1279
0.1317
0.2108
0.1434
0.1254
0.1459
0.1295
0.1408
0.1532
0.1266
0.1399
0.1371
0.1151
0.1217
0.137
0.1169
0.121
0.1366
0.1168
0.1294
0.1388
0.1157
0.1217
0.1352
0.1174
0.1217
0.1503
0.128
0.1183
0.1581
0.1256
0.1249
0.1415
0.1256
0.1195
0.1754
0.1282
0.1243
0.142
0.1182
0.1204
0.1812
0.1297
0.1206
0.1689
0.1332
0.1281
0.2399
0.14
0.1215
0.1562
0.1265
0.1324
0.1386
0.1174
0.1218
0.1371
0.125
0.1172
0.1485
0.1317
0.1219
0.1474
0.1287
0.1235
0.1496
0.1195
0.1185
0.1576
0.1255
0.1307
0.1437
0.1273
0.1203
0.166
0.1263
0.1222
0.1456
0.1179
0.1294
0.1576
0.1387
0.1252
0.1563
0.1189
0.1185
0.1572
0.1244
0.1309
0.1437
0.1181
0.1261
0.1581
0.1254
0.1248
0.1533
0.1063
0.1037
0.144
0.12
0.1245
0.1542
0.1283
0.1216
0.1457
0.1202
0.1329
0.1398
0.1183
0.123
0.1586
0.1258
0.1224
0.1514
0.1241
0.1352
0.1398
0.1192
0.1261
0.1478
0.1285
0.1232
0.1398
0.1169
0.1214
0.1539
0.1271
0.1294
0.1478
0.1221
0.1169
0.1466
0.1282
0.1345
0.1367
0.1183
0.1245
0.1373
0.1115
0.1169
0.1552
0.116
0.1174
0.1649
0.1267
0.1245
0.1425
0.1189
0.1294
0.1559
0.141
0.1238
0.1419
0.1259
0.1186
0.1564
0.1324
0.1277
0.1429
0.1174
0.1198
0.1466
0.1182
0.1212
0.156
0.1321
0.1236
0.1435
0.1181
0.1191
0.1624
0.1264
0.1227
0.1548
0.1263
0.1242
0.1431
0.1174
0.1185
0.1622
0.1258
0.1239
0.1407
0.122
0.1229
0.144
0.1177
0.1166
0.1533
0.1198
0.1184
0.1414
0.123
0.1419
0.1389
0.1165
0.1205
0.2009
0.1365
0.1233
0.1578
0.1238
0.1232
0.1422
0.1151
0.1248
0.1388
0.1163
0.1192
0.139
0.1157
0.1211
0.145
0.1188
0.1208
0.1444
0.119
0.1188
0.138
0.1153
0.1192
0.1467
0.1182
0.1207
0.1424
0.1188
0.1254
0.1446
0.1212
0.1175
0.1551
0.1239
0.1232
0.1467
0.1237
0.1222
0.1395
0.1165
0.1183
0.1363
0.1164
0.1259
0.1904
0.1379
0.1198
0.1491
0.1279
0.1178

--------------------------
CreateVideoDecoder_D3D11_1
--------------------------
22.4333

---------------------------
DestroyVideoDecoder_D3D11_1
---------------------------
0

----------------
First Frame Time
----------------
78.1221

--------------------------------------
VideoDecoderBeginFrame_WDDM2_4_D3D11_1
--------------------------------------
0.0092
0.0031
0.0035
0.0029
0.0031
0.0025
0.0031
0.0027
0.0026
0.0026
0.0021
0.0018
0.0019
0.0025
0.0022
0.0019
0.0019
0.0017
0.0026
0.0041
0.0021
0.0019
0.0016
0.0018
0.0017
0.0018
0.0016
0.0018
0.0033
0.0016
0.0018
0.0018
0.0019
0.0017
0.0017
0.0015
0.0017
0.0022
0.0017
0.0017
0.0017
0.0016
0.0022
0.0017
0.0029
0.0023
0.0026
0.0015
0.0015
0.0016
0.0017
0.0016
0.0022
0.0021
0.0017
0.0016
0.0017
0.0016
0.0018
0.0016
0.0029
0.002
0.002
0.0157
0.0023
0.0025
0.0025
0.0017
0.0029
0.0019
0.0016
0.0016
0.0015
0.0025
0.002
0.0032
0.0051
0.0018
0.0033
0.0034
0.0022
0.0026
0.0018
0.0022
0.0022
0.0018
0.0018
0.0018
0.0017
0.0034
0.0025
0.0024
0.0026
0.0019
0.0033
0.0018
0.0016
0.0018
0.0017
0.0015
0.0016
0.0024
0.0024
0.0019
0.0015
0.0017
0.0015
0.0017
0.0017
0.0018
0.0022
0.0017
0.0016
0.0019
0.0027
0.0016
0.0018
0.0017
0.0017
0.0018
0.0019
0.0019
0.0019
0.0019
0.0017
0.0019
0.0018
0.0018
0.0018
0.0022
0.002
0.0039
0.0026
0.0019
0.0031
0.0024
0.0021
0.0021
0.0017
0.0017
0.0019
0.0036
0.0019
0.0019
0.002
0.0017
0.0019
0.0018
0.0017
0.0018
0.0031
0.0028
0.0022
0.0022
0.002
0.0018
0.0022
0.0021
0.002
0.0023
0.0021
0.0029
0.0022
0.0019
0.0022
0.0023
0.0021
0.0021
0.0019
0.0019
0.002
0.0031
0.0023
0.0018
0.0019
0.0017
0.0035
0.0024
0.0021
0.0016
0.0017
0.0017
0.0015
0.0016
0.0018
0.0021
0.0032
0.0022
0.0019
0.0017
0.0016
0.0019
0.0017
0.0017
0.0019
0.0017
0.0019
0.0023
0.002
0.0019
0.0021
0.0018
0.0022
0.0019
0.002
0.0022
0.0022
0.0026
0.002
0.0017
0.0019
0.0031
0.0019
0.0016
0.0017
0.0016
0.0016
0.0019
0.0016
0.0018
0.0017
0.0017
0.0018
0.0016
0.0017
0.0015
0.003
0.0025
0.0024
0.0019
0.0017
0.002
0.002
0.0021
0.0016
0.0017
0.0016
0.0017
0.0026
0.0018
0.0018
0.0016
0.0016
0.0015
0.0016
0.0019
0.0015
0.0036
0.002
0.002
0.0019
0.0029
0.0023
0.0018
0.0016
0.0019
0.0022
0.0025
0.0019
0.0019
0.0029
0.0019
0.0032
0.0024
0.0025
0.0019
0.0028
0.0019
0.0026
0.002
0.002
0.0018
0.0018
0.0019
0.003
0.0026
0.0018
0.0015
0.0016
0.0016
0.0016
0.0016
0.0015
0.0028
0.0021
0.0017
0.0037
0.0019
0.0017
0.0016
0.0016
0.0016
0.0015
0.0016
0.0016
0.0017
0.0017
0.0016
0.0019
0.0016
0.0016
0.0018
0.0029
0.0026
0.0019
0.0017
0.0028
0.0027
0.002
0.0018
0.0016
0.0017
0.0019
0.0017
0.0016
0.003
0.005
0.0019
0.0018
0.0019
0.0027
0.002
0.0033
0.002
0.0029
0.0022
0.0018
0.002
0.002
0.0019
0.0018
0.0018
0.0017
0.0018
0.0016
0.0016
0.0017
0.0016
0.0016
0.0015
0.0017
0.0017
0.0017
0.0017
0.0016
0.0016
0.0017
0.0017
0.0019
0.0018
0.0015
0.0017
0.0016
0.0015
0.0015
0.0015
0.0019
0.0016
0.0016
0.0016
0.0016
0.0018
0.0019
0.0019
0.0016
0.0024
0.0017
0.0026
0.0025
0.002
0.0017
0.0016
0.0026
0.0021
0.0017
0.0016
0.0018
0.0018
0.0026
0.0028
0.0032
0.0021
0.0019
0.0017
0.0017
0.0017
0.0018
0.0016
0.0017
0.0015
0.0016
0.0018
0.0017
0.0017
0.0017
0.0017
0.0018
0.0016
0.0016
0.0015
0.0016
0.0017
0.0016
0.0014
0.0015
0.0015
0.0018
0.0024
0.0017
0.0017
0.0017
0.0017
0.0017
0.002
0.0016
0.0015
0.0016
0.0016
0.0016
0.0018
0.0015
0.0017
0.0017
0.0017
0.0016
0.0016
0.0016
0.0017
0.002
0.0017
0.0017
0.0016
0.0016
0.0016
0.0016
0.0018
0.0018
0.0017
0.0017
0.0015
0.0016
0.0017
0.0027
0.0022
0.0019
0.0017
0.0016
0.0017
0.003
0.0019
0.0016
0.0023
0.0016
0.0017
0.0019
0.0017
0.0027
0.002
0.0018
0.0015
0.0015
0.0015
0.0017
0.0029
0.003
0.0018
0.0017
0.0031
0.0024
0.0018
0.0016
0.003
0.0021
0.0016
0.0045
0.0017
0.0016
0.002
0.0016
0.0017
0.0016
0.0017
0.0017
0.0018
0.0015
0.0014
0.0015
0.0017
0.0019
0.0017
0.0017
0.0015
0.0015
0.0015
0.0016
0.0016
0.002
0.0015
0.0016
0.0015
0.0014
0.0016
0.0017
0.0016
0.0016
0.0016
0.0016
0.0016
0.0016
0.0015
0.0017
0.0019
0.0016
0.0017
0.0016
0.0017
0.0028
0.0019
0.004
0.0018
0.0018
0.0015
0.0015
0.0016
0.0015
0.0015
0.0018
0.0712
0.0016
0.0022
0.0017
0.0038
0.0022
0.0029
0.0021
0.0017
0.0018
0.0016
0.0017
0.0015
0.0018
0.0016
0.0017
0.0017
0.0017
0.0018
0.0016
0.0016
0.0016
0.0017
0.0016
0.0016
0.0022
0.0016
0.0016
0.0017
0.0015
0.0015
0.0015
0.0016
0.0016
0.0016
0.0015
0.0021
0.0015
0.0018
0.0016
0.0017
0.0017
0.0017
0.0017
0.0017
0.0017
0.0016
0.0017
0.0017
0.0016
0.0017
0.0017
0.0019
0.0017
0.0017
0.0016
0.0031
0.0029
0.0021
0.0016
0.0016
0.0018
0.0017
0.0019
0.0017
0.0023
0.0019
0.0022
0.0016
0.0016
0.0016
0.0032
0.0022

----------------------------
VideoDecoderEndFrame_D3D11_1
----------------------------
0.0458
0.0655
0.0675
0.0681
0.0723
0.0798
0.0662
0.0771
0.0686
0.093
0.0917
0.0829
0.0943
0.0925
0.0931
0.09
0.0735
0.075
0.0825
0.0831
0.0869
0.0859
0.0887
0.0738
0.0871
0.0682
0.0737
0.0578
0.0847
0.085
0.0874
0.0843
0.0892
0.0839
0.0614
0.0627
0.0769
0.0882
0.0929
0.0861
0.056
0.0585
0.0598
0.061
0.0651
0.0651
0.0644
0.0568
0.0692
0.0857
0.0907
0.0809
0.0817
0.0805
0.0831
0.0711
0.0881
0.0822
0.0909
0.0836
0.0807
0.0719
0.0913
0.0661
0.0869
0.092
0.0909
0.083
0.0847
0.0643
0.0581
0.0551
0.0544
0.0618
0.0625
0.0591
0.1073
0.0908
0.0646
0.0624
0.0626
0.0671
0.066
0.0835
0.064
0.0796
0.0718
0.062
0.058
0.063
0.0641
0.0589
0.0765
0.0622
0.0593
0.0922
0.0598
0.0601
0.057
0.0712
0.0767
0.0648
0.0587
0.0598
0.0602
0.0591
0.0572
0.0646
0.0632
0.061
0.0845
0.0551
0.056
0.0634
0.0614
0.0609
0.0652
0.063
0.0626
0.0614
0.0601
0.065
0.0587
0.0631
0.0606
0.0629
0.0606
0.0618
0.0617
0.0602
0.0614
0.0658
0.0629
0.0571
0.0662
0.0607
0.0616
0.0592
0.0571
0.0611
0.0613
0.0617
0.0605
0.0591
0.0598
0.0614
0.0596
0.0613
0.0557
0.0555
0.0659
0.0553
0.0548
0.0584
0.0597
0.0585
0.0623
0.0582
0.0617
0.059
0.0587
0.058
0.057
0.0587
0.0617
0.0558
0.0643
0.0558
0.0613
0.0588
0.0654
0.0606
0.0594
0.0594
0.0591
0.0582
0.0661
0.0604
0.0558
0.0571
0.0631
0.0551
0.0664
0.0625
0.062
0.0549
0.0603
0.0604
0.0559
0.0569
0.0601
0.0612
0.064
0.059
0.0637
0.0637
0.0605
0.0596
0.0607
0.064
0.0595
0.0568
0.0573
0.0597
0.0696
0.0593
0.0621
0.0685
0.0569
0.0704
0.0576
0.0686
0.0658
0.0571
0.0645
0.0635
0.0587
0.0639
0.0549
0.0654
0.0659
0.0586
0.0556
0.0544
0.0624
0.0613
0.0618
0.0577
0.0578
0.0551
0.0602
0.0585
0.0563
0.06
0.0594
0.0594
0.0572
0.0641
0.0676
0.057
0.0604
0.0659
0.0587
0.0556
0.058
0.0618
0.065
0.0652
0.0591
0.0642
0.0595
0.0653
0.0587
0.0609
0.0594
0.0603
0.0596
0.0576
0.0581
0.0554
0.0595
0.0577
0.0646
0.0579
0.0574
0.0566
0.0572
0.0568
0.0599
0.0625
0.0539
0.0649
0.0559
0.0594
0.06
0.0631
0.0571
0.0576
0.0583
0.0581
0.0553
0.0545
0.0585
0.0648
0.0559
0.0581
0.0665
0.0564
0.0558
0.0584
0.0578
0.0549
0.0581
0.0561
0.0584
0.0576
0.0589
0.0649
0.06
0.0552
0.0552
0.0627
0.0643
0.0606
0.0565
0.0581
0.0678
0.0579
0.0537
0.0525
0.0532
0.0607
0.0563
0.0555
0.0555
0.0618
0.0595
0.0551
0.0561
0.0567
0.0606
0.0597
0.0629
0.0553
0.0656
0.0572
0.0562
0.0564
0.0572
0.0537
0.0541
0.0607
0.0565
0.0694
0.0572
0.0567
0.0581
0.0569
0.0574
0.0545
0.0591
0.0578
0.0592
0.0604
0.0541
0.0558
0.0586
0.0567
0.0626
0.0588
0.0567
0.0568
0.0607
0.0548
0.0557
0.0598
0.0593
0.0651
0.0603
0.059
0.0562
0.0581
0.058
0.067
0.0564
0.0573
0.0571
0.067
0.0544
0.0565
0.057
0.0572
0.0618
0.0583
0.0589
0.0582
0.0715
0.055
0.058
0.0635
0.0602
0.0564
0.0578
0.0583
0.0612
0.0584
0.0598
0.0575
0.0607
0.0553
0.058
0.0572
0.0552
0.0575
0.058
0.0614
0.0576
0.0553
0.0543
0.0603
0.0612
0.0593
0.0554
0.0549
0.0544
0.0579
0.0554
0.0563
0.0557
0.0593
0.0589
0.0601
0.0573
0.0621
0.0556
0.0585
0.0594
0.0573
0.0585
0.059
0.057
0.0542
0.0615
0.0585
0.0552
0.0578
0.0591
0.0569
0.0569
0.0625
0.0618
0.0568
0.0591
0.0574
0.0647
0.0626
0.0566
0.067
0.0576
0.0563
0.0562
0.0631
0.0617
0.0549
0.062
0.0596
0.0611
0.0632
0.0636
0.0625
0.0577
0.0552
0.057
0.0586
0.0569
0.0631
0.0684
0.0603
0.0573
0.0617
0.0565
0.0587
0.0589
0.0627
0.0621
0.0533
0.0559
0.0625
0.062
0.0558
0.0559
0.0621
0.0596
0.0545
0.0642
0.0603
0.0588
0.0557
0.0554
0.0655
0.0571
0.0542
0.0593
0.0622
0.0559
0.0539
0.0693
0.0586
0.0573
0.0617
0.058
0.0559
0.0609
0.0636
0.0608
0.0563
0.0647
0.0557
0.0626
0.0562
0.0546
0.0586
0.0636
0.0629
0.0639
0.0585
0.0582
0.0572
0.0617
0.0595
0.0604
0.0597
0.0586
0.0584
0.0576
0.0614
0.0606
0.0621
0.0643
0.0596
0.0587
0.055
0.0568
0.0543
0.0555
0.0547
0.0597
0.0579
0.0611
0.0689
0.0623
0.0606
0.0602
0.0682
0.0607
0.0568
0.0581
0.0556
0.0613
0.0665
0.0617
0.0623
0.0645
0.0589
0.061
0.0646
0.0596
0.0567
0.0606
0.0556
0.0601
0.06
0.0585
0.0565
0.0601
0.0577
0.0565
0.0594
0.0581
0.0627
0.0572
0.0616
0.0554
0.0596
0.0554
0.0678
0.0624
0.0602
0.0705
0.0597
0.0561
0.056
0.0595
0.0594
0.065
0.0609
0.0574
0.0663
0.055
0.0557
0.0554
0.0586
0.053
0.0645
0.0577
0.0554
0.0557
0.0574
0.0589
0.0582
0.0553
0.0606
0.0567
0.0591
0.0631
0.0558
0.0575
0.054
0.0605
0.0603

---------------------------------
VideoDecoderSubmitBuffers_D3D11_1
---------------------------------
8.4959
16.9432
8.0389
6.6412
6.4309
6.5668
6.3786
6.644
6.6151
6.5637
0.9045
0.8612
0.836
0.8454
0.8583
0.7699
0.5577
0.6422
0.5935
0.7819
0.6201
0.5569
0.6319
0.6847
0.5875
0.5908
0.5175
0.4957
0.7185
0.5673
0.6114
0.6345
0.6176
0.6155
0.5345
0.4877
0.5523
0.7218
0.624
0.6225
0.5985
0.4981
0.541
0.5485
0.5901
0.5638
0.5433
0.5048
0.497
0.5625
0.6204
0.5551
0.7424
0.6805
0.5593
0.5467
0.5861
0.5397
0.6372
0.5665
0.6603
0.5113
0.5717
0.7649
0.7922
0.7398
0.7778
0.5917
0.6598
0.5282
0.5471
0.5224
0.5238
0.6059
0.6428
0.6299
0.9191
0.9558
0.6384
0.7303
0.5879
0.7922
0.5527
0.728
0.5327
0.6831
0.5131
0.5134
0.5404
0.5997
0.5857
0.5629
0.6175
0.5826
0.5833
0.5971
0.5465
0.5665
0.5185
0.4969
0.6909
0.6045
0.5614
0.5573
0.5123
0.5648
0.5033
0.5501
0.555
0.5542
0.7886
0.5056
0.4921
0.5537
0.5497
0.5513
0.5557
0.556
0.5618
0.5588
0.5686
0.5658
0.5066
0.5536
0.5607
0.5581
0.5588
0.5634
0.555
0.5534
0.5623
0.7087
0.6162
0.5178
0.667
0.5752
0.5624
0.5706
0.516
0.5642
0.5659
0.5596
0.5562
0.5633
0.5569
0.5531
0.5617
0.5653
0.5291
0.5136
0.6318
0.513
0.4997
0.5197
0.5064
0.5671
0.5599
0.5513
0.5974
0.5536
0.5472
0.5458
0.5055
0.5565
0.5135
0.5175
0.5494
0.5194
0.5787
0.5273
0.562
0.5971
0.5293
0.5217
0.518
0.5053
0.6435
0.582
0.5514
0.4984
0.5272
0.5145
0.55
0.5061
0.5579
0.5415
0.5888
0.5354
0.5646
0.4933
0.5286
0.5509
0.5139
0.5097
0.5508
0.5222
0.552
0.5539
0.5524
0.5167
0.55
0.5121
0.5747
0.5079
0.5491
0.5753
0.5508
0.5807
0.5054
0.516
0.5251
0.5074
0.5532
0.5142
0.5534
0.5288
0.5167
0.5609
0.5228
0.5402
0.5169
0.5271
0.5263
0.4967
0.4939
0.5435
0.5672
0.5208
0.5058
0.4914
0.5053
0.5492
0.5131
0.5507
0.5164
0.5537
0.5177
0.635
0.5724
0.5021
0.5053
0.5234
0.5489
0.4864
0.4913
0.5636
0.5208
0.6518
0.5071
0.5781
0.5507
0.6206
0.5693
0.5238
0.5549
14.3837
4.6132
0.5288
0.5233
0.517
0.6041
0.5088
0.5957
0.569
0.5823
0.5487
0.5657
0.5085
0.5658
0.5355
0.5112
0.4989
0.4916
0.521
0.5762
0.5598
0.522
0.5061
0.5058
0.5198
0.5131
0.5075
0.5231
0.5927
0.5284
0.5368
0.6183
0.5052
0.4923
0.5118
0.4977
0.4988
0.5004
0.5069
0.5299
0.5274
0.5708
0.5224
0.5586
0.5152
0.4936
13.2603
4.1761
0.5046
0.5192
12.1353
4.8272
0.5157
0.5126
0.4971
0.5112
0.5247
0.5538
0.5225
0.5249
0.6016
0.5423
0.5267
0.5566
0.5327
0.5709
0.5171
0.6031
0.5626
0.6183
0.5698
0.4955
0.6072
0.5997
0.5822
0.5374
0.512
0.5146
0.532
0.4961
0.5092
0.5319
0.5207
0.5199
0.4991
0.5213
0.561
0.5173
0.559
0.4935
0.5094
0.4981
0.5081
0.5193
0.536
0.501
0.5237
0.5311
0.4917
0.4975
0.5983
0.5742
0.5182
0.5686
0.5133
0.4973
0.4947
0.5238
0.5191
0.5125
0.5095
14.5904
4.4625
0.5184
0.5276
0.4931
0.516
0.5623
0.5058
0.5061
0.4974
0.5012
0.5235
0.5376
0.6398
0.6056
0.5545
0.5136
0.5207
0.5533
0.5242
0.5397
0.5163
0.5798
0.4996
0.5216
0.5161
0.4878
0.5107
0.502
0.5222
0.5683
0.5006
0.4944
0.5067
0.5502
0.5186
0.5061
0.4959
0.5146
0.5283
0.5294
0.4853
0.5113
0.5392
0.5112
0.5475
0.5087
0.5202
0.5097
0.5174
0.5523
0.5108
0.5341
0.5531
0.495
0.4943
0.5208
0.5446
0.499
0.5329
0.5522
0.4966
0.521
0.5228
0.5601
0.5083
0.5493
0.496
0.5208
0.563
0.5241
0.5535
0.5537
0.4926
0.5141
0.5486
0.5759
0.5563
0.5745
0.5166
0.5274
0.5598
0.6073
0.6267
0.5088
0.4991
0.5062
0.5326
0.5075
0.5476
0.5725
0.5622
0.5047
0.494
0.5103
0.5134
0.5512
0.5777
0.6298
0.5237
0.496
0.6228
0.6189
0.5114
0.4961
0.6118
0.5616
0.5007
0.523
0.515
0.5314
0.5045
0.5115
0.528
0.5319
0.5049
0.5155
0.5463
0.4948
0.4904
0.5118
0.5537
0.5047
0.5133
0.535
0.5012
0.485
0.5051
0.5364
0.5038
0.562
0.5108
0.55
0.5108
0.4841
0.5071
0.5449
0.5089
0.5471
0.5179
0.5403
0.5012
0.5368
0.5183
0.5474
0.5568
0.5142
0.5514
0.516
0.5406
0.5716
0.5603
0.665
0.5417
0.5648
0.5396
0.5396
0.5448
0.4927
0.4896
0.5316
0.5496
0.5118
0.5762
0.4995
0.5989
0.5739
0.7025
0.5547
0.4944
0.5
0.5434
0.5353
0.5096
0.5546
0.5213
0.556
0.5254
0.5616
0.5205
0.5525
0.5138
0.5449
0.485
0.5106
0.5366
0.5301
0.5062
0.5416
0.5413
0.5065
0.5366
0.5076
0.5434
0.5144
0.5387
0.4984
0.4852
0.5375
0.5535
0.5193
0.5613
0.5206
0.5597
0.5136
0.5126
0.5585
0.5192
0.5521
0.5577
0.5113
0.5508
0.5167
0.5061
0.528
0.5316
0.5006
0.6387
0.556
0.511
0.498
0.4982
0.5221
0.5142
0.5014
0.5189
0.5145
0.526
0.549
0.517
0.489
0.4954
0.6204
0.5278

