---------------------------------------------
CalcPrivateVideoDecoderOutputViewSize_D3D11_1
---------------------------------------------
0.0021
0.0013
0.001
0.0036
0.0013
0.0012
0.003
0.0014
0.0016
0.0025
0.0015
0.0009
0.0021
0.003
0.0011
0.0009
0.0008
0.0027
0.0016
0.0029
0.0015
0.001
0.002
0.0013
0.0017
0.0013
0.0016
0.0016
0.0035
0.0012
0.002
0.0012
0.0052
0.0011
0.0015
0.001
0.0014
0.0009
0.0008
0.0013
0.0011
0.0011
0.0026
0.001
0.0011
0.0012
0.0012
0.0012
0.0013
0.0014
0.0017
0.0009
0.0013
0.0016
0.0013
0.0015
0.0013
0.0013
0.0011
0.0011
0.0012
0.0011
0.0022
0.0046
0.0018
0.0014
0.0014
0.001
0.0019
0.001
0.0007
0.0013
0.0014
0.0018
0.0015
0.0012
0.0013
0.0015
0.0012
0.0018
0.0014
0.0012
0.0018
0.0018
0.002
0.0017
0.0012
0.0014
0.0015
0.002
0.0014
0.0016
0.0013
0.0018
0.0048
0.0022
0.0016
0.0019
0.0016
0.0018
0.0018
0.0016
0.0016
0.0015
0.002
0.0015
0.0021
0.0012
0.0016
0.0023
0.0021
0.0019
0.0018
0.0013
0.0018
0.0018
0.0018
0.0018
0.0016
0.001
0.0015
0.0018
0.0017
0.0018
0.0018
0.0029
0.0014
0.0019
0.0017
0.0016
0.002
0.0017
0.0019
0.0017
0.0042
0.0023
0.0026
0.0016
0.0017
0.0016
0.0014
0.0036
0.0009
0.0011
0.0014
0.0021
0.0019
0.0016
0.0016
0.0018
0.0022
0.001
0.002
0.0018
0.0016
0.0017
0.0016
0.0014
0.0018
0.002
0.0011
0.0014
0.0018
0.0015
0.0014
0.0018
0.002
0.0013
0.0017
0.0026
0.0018
0.0023
0.0022
0.0021
0.0015
0.0017
0.0017
0.0016
0.0017
0.0017
0.0013
0.002
0.0017
0.0015
0.0016
0.0012
0.0015
0.0011
0.0019
0.0014
0.002
0.0011
0.0017
0.001
0.0015
0.0016
0.0012
0.0009
0.0011
0.0015
0.0022
0.0016
0.0023
0.0013
0.0014
0.0017
0.0011
0.0016
0.0008
0.0012
0.0014
0.0083
0.0013
0.001
0.0011
0.0019
0.0012
0.001
0.0015
0.0008
0.0009
0.0013
0.0012
0.0011
0.0018
0.0013
0.001
0.0014
0.0018
0.0016
0.0018
0.0014
0.0012
0.0015
0.001
0.0015
0.001
0.0017
0.002
0.0022
0.0015
0.0014
0.0011
0.0008
0.0015
0.0012
0.0011
0.0008
0.0012
0.0015
0.0009
0.0008
0.0018
0.0009
0.0012
0.001
0.001
0.001
0.0015
0.0013
0.0025
0.0012
0.0018
0.0011
0.0015
0.0017
0.0009
0.0015
0.0012
0.0011
0.0014
0.001
0.0034
0.0015
0.0012
0.0022
0.0055
0.0023
0.0015
0.0023
0.0015
0.0012
0.0017
0.0018
0.0018
0.0017
0.0015
0.0019
0.0017
0.0017
0.0015
0.0048
0.0018
0.0031
0.0023
0.0018
0.0017
0.001
0.0009
0.0011

-----------------------
CodechalDecode::Execute
-----------------------
1.0068
0.8551
0.9315
0.4348
0.8089
0.8595
0.3476
0.7527
0.2972
0.2563
0.2825
0.2512
0.2788
0.2572
0.2935
0.2757
0.2917
0.325
0.2907
0.3475
0.281
0.2581
0.3061
0.2729
0.3461
0.2751
0.2894
0.2758
0.2357
0.2883
0.2816
0.237
0.2572
0.2708
0.2838
0.2707
0.279
0.2592
0.2578
0.2631
0.2412
0.2958
0.27
0.2402
0.3024
0.2732
0.2564
0.2843
0.2567
0.3042
0.2876
0.2511
0.2699
0.2766
0.2866
0.2801
0.2885
0.2638
0.2287
0.2734
0.2534
0.2458
0.2857
0.2819
0.2618
0.3247
0.2726
0.2476
0.292
0.2519
0.2448
0.2811
0.2805
0.2716
0.2784
0.2769
0.2565
0.2939
0.2793
0.2805
0.2822
0.2593
0.2836
0.3004
0.2609
0.2445
0.2742
0.2938
0.2801
0.2953
0.3003
0.2779
0.2914
0.2955
0.3036
0.3048
0.3023
0.3552
0.3118
0.2881
0.3121
0.3264
0.291
0.2686
0.2698
0.2906
0.2888
0.255
0.291
0.2905
0.2781
0.2776
0.2658
0.3248
0.2792
0.2859
0.3056
0.3111
0.2933
0.23
0.2569
0.3256
0.2946
0.2965
0.3396
0.3077
0.2612
0.2935
0.2783
0.2796
0.3176
0.3643
0.3838
0.3435
0.3046
0.3083
0.2983
0.2855
0.2766
0.3148
0.3275
0.3159
0.2329
0.2893
0.2994
0.2769
0.3239
0.2993
0.2686
0.2864
0.2895
0.3157
0.2718
0.2856
0.3324
0.3232
0.3581
0.2797
0.2694
0.3328
0.2543
0.2478
0.2539
0.2756
0.2663
0.3225
0.3059
0.2754
0.2972
0.29
0.3059
0.3067
0.3591
0.2922
0.2441
0.2747
0.2681
0.2559
0.2444
0.256
0.2613
0.2469
0.2643
0.2652
0.2746
0.2727
0.2734
0.242
0.2963
0.2736
0.278
0.2682
0.2699
0.2713
0.2562
0.2735
0.2629
0.2654
0.2572
0.3042
0.2413
0.2675
0.3078
0.2836
0.2576
0.3021
0.2768
0.3041
0.2263
0.276
0.2414
0.2627
0.2575
0.2633
0.2459
0.3077
0.2814
0.2529
0.2672
0.2744
0.2829
0.2469
0.2778
0.2442
0.2937
0.2782
0.2521
0.2708
0.2946
0.3268
0.3
0.2837
0.2424
0.2952
0.249
0.2748
0.2617
0.2543
0.282
0.2542
0.2716
0.2625
0.2588
0.2952
0.2725
0.2442
0.2592
0.2389
0.2845
0.2654
0.264
0.281
0.2657
0.2539
0.2881
0.2759
0.2581
0.2668
0.2951
0.2419
0.2928
0.2627
0.288
0.266
0.2699
0.2869
0.2694
0.2889
0.2355
0.2401
0.2988
0.2483
0.2973
0.2765
0.2712
0.3125
0.2661
0.3131
0.2529
0.3618
0.2702
0.2448
0.2584
0.2819
0.2572
0.2798
0.3162
0.2898
0.2764
0.3723
0.2622
0.3156
0.3033
0.2571
0.2739
0.271
0.2971
0.2638
0.2509
0.2731

---------------------------------------
CodechalDecodeHevcG12::DecodeStateLevel
---------------------------------------
0.1525
0.2625
0.5524
0.1896
0.6485
0.1584
0.0904
0.1826
0.5129
0.1727
0.5658
0.1743
0.0751
0.1519
0.4685
0.149
0.0375
0.1496
0.0358
0.1136
0.0479
0.1264
0.0377
0.1132
0.039
0.1282
0.0372
0.1137
0.0393
0.1457
0.0392
0.1212
0.0362
0.1523
0.043
0.1595
0.0406
0.1271
0.0573
0.1427
0.039
0.1254
0.038
0.1171
0.0487
0.1318
0.0392
0.1253
0.042
0.1364
0.0372
0.131
0.0404
0.1348
0.0376
0.1256
0.0334
0.0987
0.0433
0.1236
0.0409
0.1291
0.0344
0.1078
0.035
0.1142
0.0371
0.1269
0.0355
0.1313
0.0358
0.1309
0.0377
0.1261
0.0396
0.1161
0.0362
0.1167
0.0401
0.118
0.0317
0.1101
0.0455
0.1328
0.0379
0.1213
0.0324
0.1099
0.0491
0.1312
0.04
0.1195
0.0349
0.1184
0.0438
0.1312
0.0339
0.1206
0.0413
0.1321
0.0391
0.136
0.0339
0.1132
0.0378
0.1222
0.0403
0.1223
0.044
0.1279
0.0423
0.1228
0.0416
0.1369
0.0352
0.1205
0.0332
0.0973
0.0373
0.124
0.0365
0.1165
0.035
0.113
0.0437
0.1272
0.0409
0.1225
0.0372
0.1221
0.0501
0.1369
0.0388
0.1247
0.0336
0.1112
0.0443
0.131
0.036
0.1149
0.0333
0.1082
0.0413
0.1242
0.0397
0.1283
0.0364
0.1211
0.0401
0.127
0.0387
0.1273
0.0365
0.1177
0.0482
0.1288
0.0425
0.1236
0.047
0.1216
0.0406
0.131
0.0363
0.1191
0.0372
0.1274
0.044
0.1385
0.0344
0.1226
0.0343
0.1102
0.0436
0.1174
0.0548
0.1213
0.04
0.1128
0.0397
0.1394
0.0456
0.1318
0.0362
0.1085
0.0467
0.1273
0.0409
0.1344
0.0405
0.1342
0.0409
0.1411
0.0435
0.1401
0.0485
0.1692
0.0413
0.1526
0.0412
0.1271
0.0367
0.1278
0.0495
0.1584
0.0402
0.1353
0.0403
0.1242
0.0366
0.1268
0.0374
0.1385
0.0398
0.1324
0.0326
0.1176
0.0393
0.1385
0.0408
0.1356
0.0391
0.1322
0.0402
0.1287
0.0351
0.1211
0.0419
0.1593
0.0373
0.1254
0.0455
0.1221
0.0425
0.1429
0.0453
0.1389
0.0404
0.1525
0.0312
0.111
0.04
0.1123
0.0486
0.1551
0.0322
0.1254
0.0401
0.1341
0.0468
0.1611
0.0435
0.1445
0.04
0.1136
0.0437
0.1262
0.039
0.1224
0.039
0.1263
0.0445
0.1398
0.0474
0.1736
0.052
0.1812
0.048
0.1629
0.0436
0.144
0.0444
0.144
0.0417
0.1352
0.0381
0.1307
0.0387
0.1293
0.0451
0.1414
0.0495
0.1481
0.045
0.1383
0.0324
0.1084
0.0382
0.1397
0.0386
0.1393
0.0367
0.1268
0.0482
0.1445
0.0433
0.1389
0.0394
0.1089
0.0411
0.128
0.043
0.1265
0.0386
0.1611
0.0369
0.1203
0.0344
0.1148
0.0393
0.123
0.0409
0.1504
0.0498
0.1519
0.0397
0.1265
0.0434
0.1176
0.0451
0.1534
0.0346
0.1169
0.0345
0.1153
0.0376
0.1163
0.0457
0.1133
0.0368
0.1234
0.0415
0.12
0.052
0.1301
0.0432
0.1192
0.0365
0.1154
0.0438
0.1275
0.0484
0.1254
0.0484
0.1237
0.0587
0.1376
0.0453
0.1219
0.0344
0.1126
0.0407
0.1216
0.0366
0.1211
0.0405
0.1108
0.0368
0.0998
0.035
0.1143
0.0354
0.1279
0.0361
0.1058
0.0377
0.1149
0.0395
0.1199
0.0386
0.1283
0.0368
0.1236
0.0393
0.1223
0.0335
0.1126
0.0429
0.1328
0.0433
0.1198
0.0404
0.1238
0.0386
0.1247
0.0373
0.1252
0.0362
0.1223
0.0356
0.1194
0.0426
0.1217
0.0376
0.1208
0.0377
0.1204
0.0347
0.1161
0.0475
0.1364
0.0316
0.114
0.0396
0.1205
0.0447
0.1368
0.0373
0.1295
0.0387
0.1166
0.0467
0.1358
0.0445
0.1224
0.0478
0.1333
0.0341
0.0968
0.0369
0.1274
0.0328
0.1116
0.0372
0.1145
0.0359
0.1172
0.0406
0.119
0.0347
0.1109
0.0483
0.1396
0.0395
0.1306
0.0333
0.1194
0.0357
0.1252
0.04
0.1238
0.0398
0.1277
0.0326
0.1151
0.04
0.1268
0.0355
0.111
0.0438
0.1327
0.0414
0.1283
0.0373
0.1171
0.0368
0.1275
0.036
0.1213
0.0429
0.1272
0.0456
0.1351
0.0435
0.125
0.0317
0.1166
0.0402
0.1344
0.0324
0.1182
0.0386
0.1265
0.035
0.1216
0.0418
0.1115
0.0467
0.1117
0.035
0.1158
0.0385
0.1231
0.0372
0.1161
0.0393
0.1169
0.0391
0.1433
0.0385
0.1246
0.0329
0.1152
0.0373
0.1163
0.0337
0.1098
0.0401
0.1295
0.0367
0.1213
0.0347
0.1222
0.0354
0.1371
0.0357
0.1223
0.0351
0.1161
0.0422
0.131
0.0416
0.1189
0.0338
0.1206
0.0341
0.1314
0.0413
0.1346
0.0338
0.1161
0.0401
0.1302
0.039
0.1176
0.0439
0.1269
0.0386
0.1191
0.0357
0.1235
0.0441
0.1239
0.0404
0.1207
0.0424
0.1282
0.0353
0.1006
0.0336
0.1084
0.0481
0.1294
0.0366
0.1131
0.0415
0.1329
0.0394
0.128
0.039
0.1235
0.0425
0.1525
0.0354
0.1183
0.0511
0.132
0.0381
0.1134
0.0498
0.1673
0.0394
0.119
0.0322
0.1156
0.0367
0.1144
0.042
0.1269
0.034
0.1173
0.0409
0.1242
0.0446
0.1442
0.0392
0.1254
0.0383
0.1258
0.0561
0.1717
0.038
0.1205
0.0458
0.1414
0.0464
0.1284
0.0386
0.1165
0.039
0.1224
0.0449
0.1182
0.0464
0.1348
0.0349
0.1214
0.0378
0.1146
0.0355
0.1315

-------------------------------------
CodechalDecodeHevcG12::SetFrameStates
-------------------------------------
0.3541
0.0109
0.0094
0.0142
0.0108
0.0093
0.0094
0.0112
0.0094
0.0095
0.0084
0.0072
0.0108
0.0096
0.0094
0.0098
0.0074
0.0085
0.0153
0.0167
0.0086
0.0073
0.0133
0.0085
0.0566
0.0085
0.01
0.0081
0.0087
0.0097
0.0091
0.0069
0.0074
0.0079
0.0087
0.0077
0.0089
0.0074
0.0077
0.0075
0.0069
0.0095
0.0088
0.0065
0.0094
0.0091
0.0068
0.0087
0.0078
0.0094
0.0104
0.007
0.0105
0.009
0.0102
0.01
0.009
0.0072
0.0069
0.0093
0.0082
0.0072
0.0099
0.0101
0.0082
0.0163
0.0077
0.0115
0.0104
0.0075
0.0068
0.0098
0.0088
0.0085
0.009
0.0084
0.008
0.0094
0.0118
0.0105
0.0102
0.0077
0.0137
0.0105
0.0081
0.0083
0.0082
0.0095
0.0097
0.0104
0.0112
0.0088
0.0097
0.0114
0.018
0.0103
0.0101
0.0118
0.0094
0.0128
0.0481
0.0111
0.01
0.009
0.0089
0.0097
0.0087
0.0066
0.0079
0.0094
0.0087
0.009
0.0079
0.0094
0.011
0.0101
0.011
0.0105
0.0081
0.0071
0.0073
0.0103
0.043
0.0101
0.013
0.0102
0.0088
0.0104
0.0137
0.0104
0.011
0.0127
0.0128
0.0106
0.0107
0.0099
0.0102
0.0093
0.0094
0.0115
0.0112
0.0119
0.0071
0.0094
0.0138
0.0098
0.0118
0.0105
0.009
0.0104
0.0099
0.0081
0.0085
0.0086
0.0174
0.0101
0.0132
0.0089
0.0085
0.0103
0.0075
0.0075
0.0075
0.0103
0.007
0.0515
0.0113
0.0101
0.0506
0.0102
0.0116
0.0123
0.0097
0.0178
0.0082
0.009
0.01
0.0075
0.0092
0.0143
0.0078
0.0088
0.0093
0.0094
0.0098
0.0079
0.0082
0.0066
0.0106
0.0085
0.0092
0.0075
0.009
0.009
0.0084
0.008
0.0075
0.0093
0.0077
0.0101
0.007
0.0077
0.0117
0.0134
0.0069
0.01
0.0091
0.0109
0.0075
0.0089
0.0067
0.0092
0.0077
0.0079
0.0066
0.0107
0.0102
0.0066
0.0087
0.0081
0.0077
0.008
0.009
0.0065
0.0099
0.0081
0.0069
0.0081
0.0094
0.0568
0.0091
0.0081
0.0068
0.0092
0.0068
0.0084
0.0083
0.0072
0.0108
0.008
0.0092
0.0086
0.0079
0.0082
0.0084
0.0067
0.0072
0.0069
0.0089
0.0079
0.0071
0.0092
0.0088
0.0068
0.0106
0.0087
0.007
0.0083
0.0098
0.0069
0.0111
0.0078
0.009
0.0093
0.0131
0.0109
0.0072
0.0091
0.0076
0.0067
0.0104
0.0071
0.0144
0.0087
0.0077
0.0094
0.0097
0.0132
0.0087
0.011
0.0099
0.0083
0.0095
0.0105
0.0097
0.0105
0.0109
0.0103
0.0102
0.0117
0.0087
0.0112
0.0109
0.0079
0.0089
0.0086
0.0108
0.0084
0.0067
0.0084

--------------------------
CreateVideoDecoder_D3D11_1
--------------------------
24.7346
21.1153
19.3848
15.1406

---------------------------
DestroyVideoDecoder_D3D11_1
---------------------------
29.7494
15.7428
41.3019
0

---------------------
DxvaEncodeHEVC_Create
---------------------
24.5572
20.9545
19.2143

-----------------------
DxvaEncodeHEVC_EndFrame
-----------------------
0.0018
0.001
0.0013
0.0013
0.0036
0.0009
0.0014
0.0011
0.0006
0.0015
0.0009
0.0007
0.0007
0.0048
0.0009
0.0007
0.0028
0.0007
0.0029
0.0055
0.0028
0.0028
0.0008
0.0026
0.0008
0.0032
0.0007
0.0026
0.0038
0.0023
0.0007
0.0027
0.0006
0.0025
0.0007
0.0025
0.0007
0.0027
0.0027
0.0009
0.0009
0.0024
0.0027
0.0023
0.0027
0.0007
0.0024
0.0006
0.0007
0.0031
0.0006
0.0028
0.0007
0.0025
0.0007
0.0008
0.0025
0.0007
0.0026
0.0007
0.0025
0.0027
0.0026
0.004
0.0024
0.0008
0.0025
0.0008
0.0023
0.0007
0.0033
0.0007
0.0026
0.0026
0.0028
0.0007
0.0026
0.0006
0.0028
0.0006
0.003
0.0007
0.0027
0.0008
0.0028
0.0025
0.0031
0.0008
0.0024
0.0006
0.0034
0.0008
0.0028
0.0007
0.0048
0.0026
0.0007
0.0027
0.0008
0.0026
0.0008
0.0028
0.0019
0.0009
0.0027
0.0007
0.0027
0.0006
0.0009
0.0026
0.0028
0.001
0.0008
0.0029
0.0007
0.0025
0.0031
0.0008
0.0026
0.0008
0.0027
0.0006
0.0037
0.0008
0.0028
0.0007
0.0029
0.003
0.0008
0.0034
0.0008
0.0007
0.0027
0.0031
0.0029
0.0027
0.0013
0.0008
0.001
0.0011
0.0031
0.0032
0.0028
0.0007
0.0033
0.0009
0.0032
0.0007
0.0029
0.0031
0.0008
0.0008
0.0028
0.0007
0.0007
0.0026
0.0008
0.0025
0.0006
0.0025
0.0007
0.0029
0.0008
0.0026
0.0026
0.0028
0.0008
0.0008
0.001
0.0031
0.0007
0.0007
0.0009
0.0027
0.0008
0.0029
0.001
0.0007
0.0007
0.0008
0.0005
0.001
0.0007
0.0008
0.0006
0.0008
0.0006
0.0007
0.0006
0.0009
0.0007
0.0006
0.0005
0.0008
0.0025
0.0007
0.0005
0.0006
0.0006
0.0007
0.0006
0.0006
0.0009
0.0007
0.0035
0.0006
0.0033
0.0006
0.0007
0.0006
0.0008
0.0053
0.0009
0.0006
0.0007
0.0006
0.0008
0.0005
0.0007
0.0006
0.0007
0.0005
0.0006
0.0025
0.0047
0.0009
0.001
0.0008
0.0009
0.0006
0.0026
0.0007
0.0006
0.0006
0.0009
0.0006
0.0007
0.0008
0.0007
0.0006
0.0026
0.0006
0.0006
0.0007
0.0006
0.0007
0.001
0.0008
0.0006
0.0007
0.0006
0.0025
0.0009
0.0006
0.0006
0.0006
0.0006
0.0006
0.0008
0.0032
0.0007
0.0005
0.0031
0.0005
0.0006
0.0005
0.0005
0.0025
0.0007
0.0006
0.0008
0.0026
0.0007
0.0012
0.0007
0.0008
0.0008
0.0007
0.0029
0.0009
0.0024
0.0008
0.0008
0.0012
0.0012
0.0012
0.001
0.0007
0.0007
0.0008
0.0007
0.0006
0.0009
0.0007
0.0008
0.0028
0.0009
0.0007
0.001
0.0006

----------------------
DxvaEncodeHEVC_Execute
----------------------
0.0048
0.0012
14.3351
6.5328
1.1219
0.6235
0.9265
0.7286
0.4063
0.6946
0.3868
0.5718
0.323
0.483
0.332
0.5517
0.0237
0.4722
0.0221
0.443
0.0183
0.4749
0.0331
0.4617
0.0185
0.475
0.0186
0.4726
0.0296
0.4987
0.0275
0.5112
0.0324
0.4771
0.0266
0.5966
0.0203
0.4767
0.0308
0.4543
0.0218
0.4916
0.0324
0.468
0.0261
0.4871
0.02
0.4819
0.0288
0.4933
0.0198
0.479
0.0305
0.5183
0.0251
0.4573
0.0266
0.4511
0.0185
0.4305
0.0219
0.5233
0.0237
0.4368
0.0236
0.4798
0.0256
0.4826
0.0284
0.5159
0.0205
0.4834
0.0282
0.4804
0.0195
0.4751
0.0286
0.4596
0.0201
0.4963
0.0225
0.5198
0.0254
0.447
0.0227
0.5158
0.021
0.4353
0.0247
0.4357
0.0198
0.5004
0.0222
0.4516
0.028
0.5199
0.0221
0.4701
0.0203
0.5266
0.0274
0.4313
0.0139
0.4986
0.0282
0.4738
0.0196
0.4929
0.0292
0.4853
0.0201
0.4574
0.0196
0.4541
0.0245
0.5023
0.0236
0.4901
0.0302
0.5139
0.0243
0.4646
0.0252
0.494
0.0289
0.4809
0.0274
0.4893
0.0222
0.4775
0.026
0.492
0.0194
0.4212
0.0195
0.5118
0.0273
0.4861
0.0296
0.4779
0.0201
0.4894
0.0281
0.5147
0.0226
0.4841
0.0286
0.4493
0.0211
0.5334
0.0278
0.462
0.0146
0.6403
0.021
0.444
0.0183
0.5078
0.0302
0.492
0.0198
0.4286
0.0221
0.4366
0.0166
0.4687
0.0208
0.533
0.0259
0.4854
0.0329
0.4845
0.0225
0.614
0.0221
0.4663
0.0148
0.4273
0.026
0.511
0.0178
0.5696
0.0211
0.5586
0.0203
0.5427
0.0207
0.5561
0.0158
0.6391
0.0239
0.5606
0.0262
0.5294
0.0203
0.4969
0.0198
0.5278
0.029
0.6102
0.0221
0.4969
0.0167
0.5315
0.0275
0.6396
0.0221
0.5955
0.0208
0.5982
0.0271
0.5036
0.0174
0.5719
0.021
0.4935
0.0156
0.8109
0.0205
0.4997
0.0175
0.5091
0.0262
0.6882
0.0199
0.5641
0.0221
0.5628
0.0263
0.558
0.0155
0.4623
0.0418
0.606
0.5372
0.0224
0.4893
0.019
0.5343
0.02
0.525
0.027
0.4748
0.0152
0.6665
0.0286
0.5204
0.0233
0.4718
0.0222
0.5388
0.0183
0.5035
0.0266
0.4957
0.0205
0.5425
0.0234
0.6304
0.0352
0.5677
0.021
0.5621
0.0142
0.5653
0.0256
0.5605
0.026
0.5569
0.0221
0.4813
0.0216
0.6227
0.0254
0.5593
0.0206
0.5937
0.0218
0.6316
0.0205
0.6074
0.0276
0.5034
0.0186
0.5247
0.0229
0.5687
0.0272
0.5731
0.0216
0.5613
0.0237
0.522
0.0187
0.4739
0.0142
0.5182
0.0233
0.7397
0.0313
0.5935
0.0205
0.4688
0.0185
0.4495
0.0204
0.731
0.0186
0.4977
0.0223
0.4283
0.018
0.4959
0.024
0.4857
0.0208
0.4503
0.0147
0.4825
0.0232
0.4291
0.017
0.5048
0.0245
0.5239
0.0209
0.5588
0.0354
0.5146
0.0294
0.5138
0.0228
0.4884
0.0161
0.5055
0.0171
0.4811
0.0201
0.7204
0.0277
0.5029
0.0164
0.4673
0.0183
0.4954
0.0307
0.4529
0.0203
0.4862
0.0199
0.6609
0.0248
0.496
0.0328
0.4324
0.0162
0.481
0.0139
0.4329
0.0245
0.503
0.0276
0.4439
0.0167
0.5181
0.0256
0.521
0.0177
0.4491
0.0159
0.5187
0.0258
0.4928
0.0198
0.5082
0.0252
0.5186
0.0228
0.4529
0.0224
0.5087
0.0237
0.4605
0.0229
0.5109
0.022
0.4833
0.0241
0.4733
0.0204
0.483
0.0232
0.523
0.0239
0.4476
0.0232
0.4754
0.0243
0.4761
0.0245
0.478
0.0228
0.4773
0.0237
0.5213
0.0239
0.4657
0.0241
0.8567
0.0309
0.4776
0.0175
0.4846
0.0241
0.4816
0.022
0.5325
0.0272
0.5296
0.0264
0.4665
0.0244
0.4844
0.0221
0.4747
0.0247
0.4777
0.0243
0.4652
0.0242
0.4841
0.0209
0.472
0.0241
0.4683
0.0193
0.4676
0.0228
0.511
0.0236
0.4508
0.0227
0.5068
0.0232
0.4582
0.0195
0.4692
0.0223
0.4638
0.0211
0.4333
0.0147
0.5079
0.0247
0.4581
0.0233
0.556
0.0246
0.4509
0.0225
0.4566
0.0189
0.5049
0.0227
0.4638
0.0177
0.4892
0.0248
0.6548
0.0262
0.4689
0.0198
0.5197
0.0259
0.4812
0.0242
0.5008
0.0215
0.4825
0.024
0.43
0.0247
0.5169
0.0236
0.4434
0.0157
0.4808
0.0355
0.4951
0.0231
0.4722
0.0242
0.4793
0.0218
0.4651
0.0211
0.5191
0.0229
0.4572
0.0228
0.5002
0.021
0.4829
0.0281
0.4252
0.0131
0.5189
0.0238
0.4772
0.024
0.5139
0.0232
0.4402
0.0163
0.5003
0.0173
0.4862
0.026
0.5151
0.0305
0.4722
0.0233
0.4907
0.0241
0.4598
0.0259
0.4381
0.017
0.5283
0.0249
0.4334
0.0366
0.4522
0.0197
0.4858
0.0281
0.4318
0.0183
0.4901
0.0162
0.4946
0.0244
0.4642
0.0221
0.4298
0.0162
0.6248
0.0232
0.4837
0.0209
0.5044
0.0179
0.4989
0.028
0.531
0.0209
0.5012
0.0259
0.5119
0.0234
0.4507
0.0187
0.4809
0.0183
0.5444
0.0167
0.6422
0.0189
0.5978
0.0206
0.6539
0.024
0.5183
0.0175
0.4952
0.0183
0.4755
0.016
0.5217
0.0229
0.4689
0.0164
0.4422
0.0154
0.5119
0.0263
0.4887
0.0192
0.4982
0.0256
0.4504
0.0204
0.4956
0.023
0.4868
0.0216
0.4797
0.0348
0.4627
0.0332
0.0334

----------------
First Frame Time
----------------
175.961

----------------------
HEVC_QueryStatusReport
----------------------
1.1197
0.9221
0.4048
0.3833
0.3216
0.3306
0.0224
0.021
0.0169
0.0319
0.0174
0.017
0.0214
0.0262
0.031
0.0232
0.0192
0.0275
0.0185
0.0248
0.0226
0.0189
0.0257
0.0187
0.0274
0.024
0.0236
0.0172
0.0189
0.0226
0.0206
0.0246
0.0253
0.0195
0.0251
0.0183
0.0253
0.017
0.0212
0.0241
0.0198
0.02
0.0218
0.0167
0.0211
0.0214
0.0211
0.019
0.0242
0.0126
0.025
0.0185
0.0255
0.0191
0.0184
0.0215
0.0224
0.0268
0.0229
0.0219
0.0254
0.0241
0.021
0.0227
0.0182
0.0167
0.0262
0.0267
0.0189
0.025
0.0216
0.0254
0.0178
0.0244
0.0134
0.0176
0.0172
0.0268
0.0185
0.019
0.0154
0.0175
0.0245
0.0292
0.0191
0.0185
0.0137
0.023
0.0166
0.0175
0.019
0.0176
0.0145
0.0205
0.0228
0.0191
0.0164
0.0276
0.0188
0.0154
0.0238
0.0206
0.0193
0.0237
0.0161
0.0178
0.0144
0.0191
0.0146
0.0224
0.0183
0.021
0.0228
0.0144
0.0349
0.0212
0.0155
0.0187
0.0203
0.0141
0.0247
0.022
0.0191
0.0169
0.023
0.0174
0.022
0.0314
0.0198
0.0131
0.0225
0.0245
0.0184
0.0185
0.0237
0.0194
0.0207
0.0188
0.0243
0.0174
0.0198
0.026
0.0178
0.0224
0.0157
0.0132
0.0202
0.0201
0.019
0.0173
0.0172
0.0174
0.0211
0.015
0.0228
0.0177
0.0134
0.0204
0.0156
0.0213
0.0196
0.0305
0.0262
0.0191
0.0148
0.0158
0.0185
0.0225
0.0152
0.0171
0.0295
0.017
0.0186
0.0215
0.0313
0.0149
0.0126
0.022
0.0264
0.0156
0.0243
0.0165
0.0146
0.0245
0.0186
0.0237
0.0217
0.0213
0.0226
0.0217
0.0208
0.0229
0.0169
0.0218
0.0228
0.0218
0.0231
0.0231
0.0218
0.0226
0.0226
0.0227
0.0266
0.0163
0.0228
0.021
0.0259
0.0252
0.0232
0.021
0.0234
0.023
0.0229
0.0199
0.0228
0.0182
0.0215
0.0225
0.0215
0.022
0.0184
0.0172
0.0179
0.0137
0.0235
0.0214
0.0232
0.0213
0.016
0.0214
0.0162
0.0236
0.025
0.0187
0.0244
0.0231
0.0202
0.0228
0.0213
0.0224
0.0145
0.0336
0.0222
0.0222
0.0205
0.0199
0.0218
0.0216
0.0201
0.0247
0.012
0.0225
0.0227
0.0221
0.015
0.016
0.0249
0.0272
0.0222
0.023
0.0227
0.0158
0.0236
0.0347
0.0186
0.0249
0.0166
0.0152
0.0233
0.0188
0.015
0.0214
0.0196
0.0167
0.0268
0.0196
0.0224
0.0219
0.0154
0.017
0.0151
0.0171
0.0189
0.0221
0.0148
0.017
0.0147
0.0214
0.0151
0.0141
0.0249
0.018
0.0244
0.0169
0.0217
0.0205
0.0337
0.0321
0.0321

--------------------------------------
VideoDecoderBeginFrame_WDDM2_4_D3D11_1
--------------------------------------
0.01
0.0025
0.0023
0.0047
0.0028
0.0022
0.0048
0.0025
0.003
0.0036
0.0023
0.002
0.0035
0.0035
0.0022
0.0018
0.0019
0.0068
0.0033
0.0031
0.0016
0.0023
0.0027
0.0023
0.0034
0.0019
0.0046
0.0026
0.003
0.0022
0.0022
0.0021
0.002
0.002
0.002
0.0021
0.0026
0.002
0.0018
0.0024
0.002
0.0024
0.0034
0.0021
0.0019
0.0019
0.002
0.0023
0.002
0.0023
0.0033
0.0016
0.0045
0.0025
0.0022
0.0029
0.002
0.0025
0.0021
0.005
0.0021
0.0021
0.0027
0.0033
0.0024
0.0022
0.0024
0.002
0.0028
0.0023
0.0018
0.002
0.0023
0.0021
0.0022
0.0028
0.0029
0.0022
0.0024
0.0027
0.0031
0.0019
0.0029
0.0022
0.0026
0.0032
0.0026
0.0034
0.0023
0.0062
0.0022
0.0028
0.0022
0.0032
0.0053
0.0031
0.0026
0.0029
0.003
0.003
0.0031
0.0023
0.0028
0.003
0.0031
0.0031
0.0025
0.0024
0.0026
0.0034
0.0032
0.0031
0.0023
0.0023
0.0033
0.0022
0.0033
0.0033
0.0033
0.0021
0.0026
0.0031
0.0023
0.0035
0.0033
0.0082
0.0029
0.0028
0.0029
0.0029
0.0037
0.0031
0.0034
0.0026
0.0032
0.0033
0.0034
0.0033
0.0032
0.0025
0.0024
0.0052
0.002
0.0024
0.0027
0.0028
0.0025
0.0035
0.0025
0.0037
0.0032
0.0032
0.0024
0.0035
0.0027
0.0028
0.0033
0.0024
0.0028
0.0029
0.0021
0.0024
0.0028
0.002
0.0019
0.0028
0.0036
0.0029
0.003
0.0032
0.0028
0.0029
0.0026
0.0029
0.0027
0.0026
0.0032
0.0024
0.0026
0.0027
0.0029
0.0037
0.0029
0.0024
0.003
0.0023
0.0022
0.002
0.0031
0.0024
0.0021
0.0021
0.0017
0.0023
0.0022
0.002
0.0023
0.0018
0.0018
0.0022
0.0022
0.0019
0.0028
0.0022
0.002
0.0027
0.0023
0.0032
0.0022
0.002
0.0022
0.0037
0.0021
0.002
0.0019
0.0026
0.0021
0.0019
0.0026
0.0019
0.0019
0.002
0.002
0.002
0.0025
0.0024
0.0019
0.002
0.0031
0.0025
0.0026
0.0023
0.002
0.0022
0.0019
0.0024
0.0026
0.0026
0.0026
0.0019
0.0021
0.0023
0.0021
0.002
0.0021
0.0021
0.0026
0.003
0.0022
0.0021
0.002
0.0022
0.0027
0.002
0.0021
0.0021
0.0025
0.0019
0.0025
0.0019
0.0034
0.0027
0.0028
0.0021
0.0023
0.0025
0.0018
0.0027
0.0026
0.0019
0.0025
0.0019
0.0031
0.0022
0.0021
0.0027
0.003
0.0033
0.0027
0.0031
0.0026
0.0021
0.0032
0.0028
0.003
0.0029
0.0031
0.0035
0.0026
0.0027
0.0028
0.0033
0.0048
0.0021
0.0029
0.0022
0.0026
0.0021
0.0025
0.0028

----------------------------
VideoDecoderEndFrame_D3D11_1
----------------------------
0.0405
0.0579
0.0927
0.1146
0.1123
0.0048
0.1145
0.003
0.0554
0.0043
0.0639
0.0035
0.0891
0.011
0.0585
0.0033
0.0635
0.0032
0.0623
0.0091
0.0636
0.0026
0.0598
0.003
0.0026
0.0595
0.0023
0.0539
0.0831
0.0025
0.0608
0.0063
0.0613
0.0029
0.0965
0.0029
0.0646
0.0091
0.0626
0.0024
0.0611
0.0072
0.0643
0.0098
0.0642
0.0066
0.0607
0.0063
0.0637
0.0023
0.0636
0.0063
0.0574
0.0025
0.0621
0.0068
0.0635
0.0023
0.0582
0.0062
0.0628
0.0055
0.0638
0.0079
0.0634
0.0025
0.0614
0.0064
0.0622
0.0026
0.0658
0.0059
0.0618
0.0021
0.0616
0.006
0.0595
0.0021
0.0625
0.0064
0.0621
0.0066
0.0604
0.0026
0.0607
0.003
0.0633
0.0058
0.0613
0.0043
0.0604
0.0058
0.0595
0.0068
0.0668
0.0023
0.0619
0.0059
0.0644
0.0022
0.0633
0.0027
0.0627
0.0073
0.0659
0.0022
0.0592
0.0067
0.063
0.0024
0.0583
0.0059
0.0577
0.0022
0.0614
0.0027
0.0614
0.007
0.0566
0.0021
0.0642
0.0063
0.0629
0.0022
0.0597
0.0067
0.0617
0.0068
0.0615
0.0063
0.0563
0.0055
0.0645
0.0064
0.0025
0.006
0.0584
0.0588
0.0024
0.0621
0.006
0.0681
0.002
0.0616
0.0069
0.0632
0.0021
0.0603
0.0061
0.0584
0.0063
0.0608
0.0069
0.0606
0.0022
0.0637
0.0069
0.0617
0.0019
0.0607
0.0068
0.0594
0.0021
0.0589
0.0062
0.0599
0.002
0.0591
0.0066
0.0657
0.0026
0.077
0.0066
0.0616
0.0068
0.0653
0.0075
0.0639
0.0025
0.0634
0.0059
0.0747
0.0025
0.0896
0.0079
0.0912
0.003
0.0831
0.0063
0.0888
0.0028
0.0847
0.0087
0.0898
0.0069
0.0872
0.0024
0.0768
0.0065
0.081
0.0031
0.0851
0.0068
0.078
0.0025
0.0805
0.0069
0.0919
0.0039
0.0856
0.0032
0.0774
0.0067
0.0912
0.0022
0.0806
0.0064
0.0744
0.0026
0.0833
0.0027
0.0826
0.006
0.078
0.0071
0.0878
0.0036
0.0779
0.0024
0.0943
0.0069
0.0898
0.0019
0.0059
0.0759
0.0708
0.0079
0.0604
0.0036
0.0893
0.0063
0.0741
0.0029
0.0935
0.0073
0.0812
0.0021
0.0643
0.009
0.0589
0.0026
0.063
0.0092
0.0625
0.0031
0.0626
0.0078
0.0659
0.0094
0.0864
0.0027
0.0868
0.0089
0.0801
0.0023
0.0865
0.0022
0.0895
0.0065
0.078
0.0051
0.0816
0.0067
0.0832
0.0061
0.0799
0.0036
0.0826
0.003
0.0026
0.0851
0.0787
0.0038
0.086
0.0077
0.0782
0.005
0.077
0.0071
0.09
0.0025
0.0942
0.0081
0.0667
0.0031
0.0622
0.01
0.0022
0.0644
0.0616
0.0074
0.0723
0.008
0.1022
0.0026
0.0624
0.0029
0.0637
0.0069
0.115
0.0025
0.0649
0.0035
0.0584
0.0062
0.0759
0.0071
0.0605
0.0058
0.065
0.002
0.0586
0.006
0.0562
0.002
0.0657
0.0079
0.0632
0.0035
0.06
0.0066
0.0615
0.0073
0.0813
0.009
0.0652
0.0025
0.0623
0.003
0.0596
0.0032
0.0741
0.007
0.0813
0.0025
0.0582
0.0021
0.0611
0.0026
0.0568
0.0064
0.0599
0.0028
0.0592
0.0079
0.068
0.0036
0.0696
0.0022
0.059
0.0023
0.0588
0.0023
0.0636
0.0021
0.0622
0.0027
0.0638
0.0029
0.0601
0.0023
0.0642
0.002
0.0662
0.0024
0.0654
0.0021
0.0685
0.0024
0.0663
0.002
0.0673
0.0028
0.0594
0.0025
0.0574
0.0024
0.0607
0.0022
0.0633
0.0025
0.0618
0.006
0.0622
0.0023
0.0624
0.0025
0.0587
0.0022
0.0623
0.0021
0.0632
0.0021
0.0623
0.0022
0.0622
0.0021
0.0635
0.0024
0.0608
0.0022
0.0115
0.0645
0.0614
0.002
0.0646
0.0052
0.0597
0.0021
0.061
0.0026
0.0607
0.0022
0.0619
0.0025
0.0572
0.0079
0.0671
0.0023
0.0608
0.0022
0.0612
0.0023
0.0607
0.0024
0.0627
0.0024
0.0629
0.002
0.0633
0.0021
0.0599
0.002
0.0554
0.0024
0.0627
0.0021
0.0624
0.0021
0.0631
0.0062
0.0621
0.0092
0.0614
0.0024
0.0648
0.0028
0.0628
0.0023
0.0601
0.0027
0.0561
0.0022
0.0644
0.0062
0.0573
0.0023
0.0637
0.002
0.0635
0.002
0.0571
0.0024
0.0634
0.0076
0.057
0.0024
0.0616
0.0024
0.0596
0.0024
0.0621
0.002
0.0802
0.007
0.0597
0.0022
0.0561
0.0019
0.0683
0.0024
0.0636
0.002
0.0619
0.0024
0.0609
0.0027
0.0634
0.0025
0.0586
0.0022
0.0588
0.0023
0.0598
0.0021
0.0629
0.0062
0.0617
0.0022
0.0583
0.0023
0.0603
0.0023
0.065
0.0024
0.0606
0.0023
0.062
0.0024
0.0625
0.0024
0.0643
0.0069
0.0589
0.0023
0.0584
0.0023
0.0588
0.0069
0.0625
0.0019
0.0636
0.0025
0.0578
0.0018
0.056
0.0022
0.0602
0.0075
0.0572
0.0024
0.0647
0.003
0.064
0.0024
0.0624
0.0059
0.0606
0.0022
0.0629
0.0041
0.0657
0.0031
0.0585
0.003
0.0831
0.0026
0.0649
0.0028
0.0645
0.0066
0.0588
0.0027
0.0624
0.0064
0.0594
0.0025
0.0653
0.0026
0.0721
0.0039
0.0844
0.0035
0.0761
0.0037
0.1003
0.003
0.0594
0.0026
0.0837
0.0021
0.064
0.0037
0.0743
0.002
0.0592
0.002
0.0577
0.0029
0.0633
0.0022
0.06
0.003
0.0585
0.0063
0.058
0.0031
0.0023
0.0024
0.0024

---------------------------------
VideoDecoderSubmitBuffers_D3D11_1
---------------------------------
1.1199
0.8719
0.9467
0.4611
0.8322
0.8847
0.366
0.776
0.3189
0.2805
0.3026
0.2675
0.2996
0.2729
0.3081
0.2909
0.311
0.3439
0.3123
0.3793
0.3025
0.2752
0.3277
0.2918
0.3664
0.2937
0.3089
0.2967
0.2514
0.3109
0.302
0.252
0.2735
0.2878
0.3012
0.2879
0.2981
0.2747
0.2759
0.2799
0.2579
0.3121
0.2883
0.2584
0.3191
0.2907
0.2718
0.3035
0.2734
0.3231
0.307
0.2674
0.2904
0.2949
0.308
0.2987
0.3079
0.2815
0.2431
0.2982
0.2675
0.2615
0.3061
0.3013
0.2794
0.3465
0.2916
0.2623
0.3118
0.2676
0.2586
0.3018
0.3004
0.2892
0.2985
0.2955
0.2729
0.3133
0.2978
0.3002
0.305
0.2757
0.3014
0.3186
0.2801
0.2625
0.2938
0.3139
0.3008
0.3211
0.319
0.2972
0.3101
0.3173
0.3265
0.3263
0.3228
0.3768
0.3344
0.3071
0.3307
0.3501
0.3106
0.2868
0.2871
0.3112
0.3079
0.27
0.3107
0.3095
0.2943
0.2953
0.2825
0.3428
0.3013
0.3056
0.3656
0.3349
0.3118
0.2419
0.2741
0.3489
0.3115
0.318
0.3605
0.3295
0.2819
0.3163
0.3021
0.3012
0.3407
0.3865
0.4079
0.363
0.3248
0.3282
0.32
0.3047
0.3013
0.3361
0.3466
0.338
0.2454
0.3074
0.3162
0.295
0.3453
0.3574
0.2872
0.311
0.3118
0.331
0.2892
0.3047
0.3542
0.3452
0.3845
0.2971
0.2886
0.3526
0.2719
0.2645
0.2709
0.2958
0.2825
0.3438
0.3259
0.2972
0.3165
0.3087
0.3277
0.3259
0.3831
0.3194
0.2611
0.2929
0.2902
0.2838
0.2622
0.2772
0.28
0.2647
0.2906
0.2809
0.2926
0.2895
0.2916
0.2565
0.3173
0.2915
0.2985
0.2843
0.2875
0.2905
0.273
0.2924
0.2779
0.2838
0.273
0.323
0.2575
0.2899
0.3285
0.3015
0.274
0.3237
0.2954
0.3251
0.2407
0.2938
0.2608
0.2796
0.2745
0.2807
0.2613
0.329
0.3001
0.2674
0.2846
0.2924
0.2998
0.2626
0.2953
0.2582
0.3135
0.2971
0.2666
0.2873
0.3134
0.3449
0.323
0.3031
0.2567
0.3158
0.264
0.2925
0.2783
0.2713
0.3035
0.2718
0.2934
0.2806
0.275
0.3146
0.2903
0.2634
0.2761
0.254
0.3065
0.2839
0.2803
0.2969
0.2875
0.2681
0.3136
0.2923
0.2742
0.283
0.3161
0.2561
0.3154
0.2791
0.3079
0.2831
0.2869
0.3081
0.2867
0.3103
0.2503
0.2548
0.3192
0.2635
0.3202
0.2965
0.2882
0.3347
0.2855
0.3823
0.272
0.3849
0.2955
0.2625
0.2812
0.3021
0.2774
0.3011
0.3354
0.3121
0.2974
0.3951
0.2812
0.3386
0.3252
0.2782
0.2923
0.288
0.3188
0.2817
0.2644
0.2898

