---------------------------------------------
CalcPrivateVideoDecoderOutputViewSize_D3D11_1
---------------------------------------------
0.002
0.0012
0.0013
0.0012
0.0012
0.0008
0.0013
0.0009
0.0007
0.0013
0.0007
0.0026
0.0009
0.003
0.001
0.001
0.0017
0.0012
0.0009
0.0027
0.0015
0.001
0.0012
0.001
0.001
0.0008
0.0008
0.0007
0.0019
0.0006
0.0007
0.0006
0.0016
0.0011
0.0023
0.001
0.0008
0.0008
0.0007
0.0011
0.0007
0.0009
0.002
0.0012
0.0011
0.0007
0.0017
0.001
0.0011
0.0008
0.0007
0.0008
0.0007
0.0006
0.0005
0.0007
0.0008
0.0016
0.0008
0.001
0.0015
0.0009
0.0018
0.0029
0.0009
0.0014
0.0014
0.001
0.0006
0.0006
0.0007
0.0006
0.0006
0.0007
0.0007
0.0006
0.0006
0.0006
0.0006
0.0007
0.0007
0.0008
0.0006
0.0006
0.0006
0.0006
0.0006
0.0006
0.0006
0.0007
0.0005
0.001
0.0008
0.0005
0.0018
0.0007
0.0007
0.0007
0.0016
0.002
0.001
0.0009
0.0008
0.0009
0.0009
0.0008
0.0015
0.0018
0.001
0.0008
0.0011
0.0011
0.0013
0.0008
0.0008
0.0007
0.0008
0.0007
0.0006
0.0007
0.0006
0.0007
0.001
0.0006
0.0006
0.0006
0.0006
0.0007
0.0006
0.0007
0.0009
0.0011
0.0008
0.0046
0.0012
0.0007
0.0007
0.0007
0.0008
0.0007
0.0006
0.0033
0.0009
0.0008
0.0006
0.0011
0.0006
0.0007
0.0008
0.0006
0.0009
0.001
0.0006
0.0006
0.0008
0.0007
0.0006
0.0007
0.0006
0.0005
0.0006
0.0007
0.0009
0.001
0.0011
0.0009
0.0007
0.0007
0.0007
0.0006
0.0007
0.0008
0.0007
0.0007
0.0011
0.0007
0.0007
0.0007
0.0007
0.0007
0.0005
0.0006
0.0006
0.0006
0.0006
0.0008
0.0006
0.0005
0.0006
0.0006
0.0008
0.0006
0.0006
0.0008
0.0006
0.0007
0.0009
0.0011
0.0007
0.0006
0.0008
0.0006
0.0006
0.0007
0.0008
0.0006
0.0006
0.0006
0.0006
0.0008
0.0006
0.0099
0.0007
0.0009
0.0006
0.0008
0.0007
0.0007
0.0007
0.0017
0.0006
0.0006
0.0006
0.0006
0.0007
0.0012
0.0007
0.0006
0.0006
0.0009
0.0006
0.0007
0.0006
0.0006
0.0008
0.0006
0.0007
0.0006
0.0006
0.0007
0.0006
0.0008
0.0007
0.0006
0.0006
0.0007
0.0007
0.0006
0.0007
0.0006
0.001
0.0006
0.0007
0.0008
0.0007
0.0006
0.0006
0.0017
0.0028
0.001
0.0008
0.0007
0.0013
0.0007
0.0008
0.0007
0.0006
0.0007
0.0006
0.001
0.0008
0.0007
0.0007
0.0006
0.0009
0.0006
0.0017
0.0008
0.0008
0.0022
0.001
0.0009
0.0006
0.0006
0.0006
0.0007
0.0007
0.0006
0.0007
0.0009
0.0007
0.0007
0.0008
0.0006
0.0005
0.0009
0.0008
0.0008
0.0007
0.0007
0.0011
0.0007
0.0006
0.0007
0.0006
0.0007
0.0006
0.0006
0.0006
0.0006
0.0006
0.0006
0.0007
0.0006
0.0006
0.0006
0.0032
0.0007
0.0008
0.0006
0.0006
0.0008
0.0006
0.0006
0.0006
0.0006
0.0006
0.0009
0.0008
0.0006
0.0007
0.0006
0.0006
0.0006
0.0006
0.0006
0.0006
0.0006
0.0006
0.0006
0.0006
0.0006
0.0006
0.0005
0.0006
0.0007
0.0006
0.0006
0.0006
0.0006
0.0007
0.0006
0.0006
0.0011
0.0009
0.0006
0.0006
0.0006
0.0007
0.0006
0.0006
0.0009
0.0008
0.0009
0.0007
0.0008
0.0006
0.0007
0.0009
0.0006
0.0008
0.0007
0.0008
0.0006
0.0007
0.0007
0.0006
0.0009
0.0006
0.0006
0.0007
0.0005
0.0007
0.0006
0.0006
0.0006
0.0006
0.0006
0.0007
0.0014
0.001
0.0017
0.0009
0.002
0.0011
0.0009
0.0009
0.0014
0.0008
0.0008
0.0008
0.0008
0.0005
0.0009
0.0022
0.0015
0.001
0.0014
0.0013
0.0017
0.0008
0.001
0.0018
0.0011
0.0026
0.0017
0.0013
0.0009
0.0011
0.0009
0.0009
0.0015
0.0016
0.0014
0.0018
0.0014
0.0017
0.0012
0.001
0.0015
0.0009
0.0008
0.0011
0.0015
0.0015
0.0009
0.0013
0.001
0.0008
0.0015
0.0009
0.0007
0.0007
0.0008
0.0009
0.0006
0.0027
0.0006
0.0007
0.0018
0.0009
0.0015
0.0014
0.0008
0.0022
0.0009
0.0012
0.0009
0.001
0.0007
0.0008
0.0007
0.0007
0.0007
0.0006
0.0007
0.0008
0.0008
0.0011
0.0009
0.0006
0.0008
0.0006
0.0052
0.0042
0.0013
0.0009
0.002
0.0009
0.0018
0.0016
0.0014
0.0009
0.001
0.001
0.0017
0.0013
0.0009
0.0008
0.0007
0.0007
0.0008
0.0016
0.0009
0.0006
0.0017
0.001
0.002
0.001
0.0009
0.0018
0.001
0.002
0.001
0.0007
0.0008
0.0008
0.0007
0.0011
0.0007
0.0007
0.0007
0.0007
0.0008
0.0007
0.0006
0.0006
0.0007
0.0006
0.0006
0.0008
0.0006
0.0016
0.0006
0.0007
0.0006
0.0011
0.0014
0.0017
0.0008
0.0007
0.0009
0.0009
0.0008
0.0008
0.0007
0.0007
0.0008
0.0007
0.0006
0.0006
0.0006
0.0007
0.0006
0.0009
0.0007
0.0007
0.0008
0.0014
0.0006
0.0007
0.0009
0.0006
0.0007
0.0006
0.0006
0.0009
0.0005
0.0006
0.0008
0.0006
0.0009
0.0006
0.0006
0.0006
0.0009
0.0006
0.0008
0.0009
0.0009
0.0015
0.0023
0.0013
0.002
0.0009
0.0008
0.0007
0.0005
0.0007
0.0007
0.0008
0.0007
0.0006
0.0006
0.0006
0.0007
0.0007
0.0005
0.0006
0.0012
0.002
0.0019
0.0018
0.0014
0.0011
0.0012
0.0008
0.0009
0.0008
0.0006

-----------------------
CodechalDecode::Execute
-----------------------
4.6128
2.6961
7.1477
14.1571
3.1877
3.4123
0.6996
0.6725
0.5914
0.5836
0.5694
0.7953
0.6577
0.7434
0.6035
0.6864
3.0223
2.9181
3.1125
0.6951
0.8696
0.5238
2.5342
0.58
0.4431
0.42
0.394
0.4134
0.3969
0.4197
0.3954
1.5478
0.4958
0.4574
0.5476
0.4106
0.4179
0.4419
0.3985
0.4107
0.435
0.4016
0.4245
0.4028
0.3982
0.3785
0.4959
0.4291
0.4868
0.4257
0.4231
0.4163
0.4203
0.4223
0.4141
0.4212
0.4238
0.4488
0.4462
0.3809
0.4595
0.4799
0.4931
0.4578
0.4522
0.464
0.408
0.4406
0.4242
0.426
0.4237
0.4132
0.39
0.4157
0.4142
0.3954
0.423
0.413
0.4186
0.4179
0.4091
0.4103
0.4156
0.4223
0.4174
0.4117
0.3905
0.4187
0.4065
0.3906
0.4173
0.4148
0.4162
0.3924
0.4206
0.4121
0.4262
4.1627
0.4356
0.4815
0.405
0.4388
0.4081
0.4172
0.4316
4.2535
4.004
0.4565
0.4478
4.0097
0.4561
0.3905
0.3994
0.4216
0.427
0.3952
0.4161
0.3877
0.4236
0.3837
0.4117
0.3963
0.4254
0.3871
0.4293
0.3857
0.415
0.3768
0.3877
0.425
4.4255
0.4115
0.4076
0.4672
0.3992
0.4202
0.3967
0.4114
0.3887
0.41
0.4092
0.4184
0.4067
0.4194
0.4203
0.3817
0.4099
0.3898
0.4158
0.4106
0.4302
0.3893
0.4051
0.4146
0.3884
0.4082
0.4097
0.4169
0.3899
0.4033
0.4191
0.4173
0.3867
5.2559
0.4463
0.3815
0.3992
0.4028
0.4154
0.3832
0.4104
0.4128
0.3843
0.4067
0.3707
0.396
0.4065
0.4148
0.4144
0.3892
0.4178
0.3889
0.4168
0.4074
0.423
0.3776
0.4145
0.4048
0.4071
0.4219
0.4104
0.3893
0.4135
0.3768
0.4059
0.3876
0.402
0.3715
0.385
0.4254
0.4178
0.3832
0.4207
0.4169
0.4117
0.3795
0.4046
0.4049
0.4125
0.4159
0.3758
0.4117
0.4027
0.4099
0.3818
0.4155
0.4001
0.4098
0.4077
0.411
0.3835
0.4061
0.4079
0.4001
0.4031
0.4139
0.4145
0.3857
0.4233
0.3657
0.4116
0.4227
0.4299
0.4046
0.4174
0.4319
0.4124
0.3941
0.4143
0.4059
0.382
0.4105
0.3918
0.4133
0.3843
0.4165
0.4166
0.3793
0.399
0.4083
0.414
0.382
0.4166
0.3798
0.3986
0.3995
0.4088
0.4652
0.5446
0.4016
0.4013
0.4068
0.3749
0.4187
0.3966
0.4206
0.4005
0.4183
0.4204
0.4052
0.3859
0.4151
0.4059
0.4128
0.4187
0.4264
0.4144
0.378
0.3841
0.5321
0.3995
0.4136
0.4213
0.4188
0.3846
0.4182
0.3823
0.4087
0.4189
0.3795
0.4107
0.3801
0.4117
0.409
0.3851
0.4033
0.4094
0.4067
0.4271
0.4022
0.4275
0.3851
0.4053
0.4134
0.3796
0.4178
0.4148
0.3809
0.407
0.4188
0.3793
0.4096
0.416
0.3772
0.4
0.4116
0.382
0.4141
0.4253
0.4219
0.4088
0.3875
0.4205
0.3756
0.4029
0.4155
0.3804
0.3909
0.3648
0.4002
0.4209
0.4192
0.4031
0.4177
0.3869
0.4166
0.3906
0.4106
0.4049
0.4085
0.4194
0.3796
0.4044
0.4083
0.375
0.4072
0.4111
0.3819
0.4079
0.4244
0.3828
0.4016
0.4007
0.4056
0.4238
0.4215
0.3787
0.4183
0.4117
0.4062
0.3857
0.3647
0.4146
0.4275
0.4184
0.4152
0.4121
0.3905
0.4154
0.4138
0.4081
0.4142
0.4109
0.3904
0.4163
0.4088
0.4229
0.4009
0.4138
0.4198
0.4074
0.4128
0.4158
0.4115
0.4034
0.3826
0.4089
0.4302
0.417
0.4647
0.3831
0.4801
0.431
0.5763
0.3942
0.6102
0.3714
0.4549
0.4673
0.4565
0.475
0.4429
0.4483
0.4081
0.5433
0.4277
0.4707
0.4598
0.4823
0.4929
0.4643
0.5668
0.5358
0.4279
0.6865
0.5032
0.5654
0.4264
0.5741
0.4306
0.3957
0.433
0.5048
0.477
0.4437
0.4454
0.4895
0.3629
0.4005
0.4586
0.4074
0.4129
0.6417
0.4168
0.456
0.4028
0.4449
0.3792
0.405
0.5769
0.417
0.4592
0.426
0.4459
0.4636
0.4254
0.42
0.4152
0.4245
0.5043
0.3987
0.4395
0.5702
0.4249
0.6725
0.4341
0.4218
0.4335
0.3932
0.4256
0.3876
0.4686
0.505
0.4252
0.548
0.4004
0.377
0.5553
0.6543
0.6029
0.3912
0.5295
0.3924
0.7189
0.432
0.4084
0.3975
0.4704
0.41
0.458
0.4678
0.4389
0.4325
0.3935
0.4495
0.4602
0.4783
0.4146
0.401
0.4121
0.3986
0.4202
0.5888
0.4253
0.3836
0.5129
0.4297
0.504
0.4401
0.4123
0.5013
0.3898
0.6711
0.4062
0.4064
0.4273
0.4166
0.3839
0.3885
0.3974
0.4347
0.4272
0.4184
0.4256
0.4288
0.3806
0.4252
0.4268
0.4071
0.3914
0.4212
0.4113
0.3954
0.4209
0.3768
0.4294
0.3812
0.3932
0.4923
0.4237
0.4175
0.4383
0.4077
0.4379
0.4217
0.3861
0.4047
0.3895
0.4182
0.416
0.4152
0.3982
0.4116
0.4246
0.39
0.4095
0.4132
0.4023
0.4083
0.4146
0.4093
0.4196
0.4123
0.4026
0.4077
0.4096
0.3771
0.3864
0.4176
0.3604
0.3799
0.4192
0.4101
0.4058
0.4157
0.3927
0.4184
0.3872
0.4346
0.3964
0.438
0.5091
0.4287
0.5181
0.4407
0.4216
0.3927
0.4162
0.4121
0.4182
0.3783
0.3893
0.4131
0.4157
0.3809
0.4096
0.4251
0.3892
0.4125
0.4026
0.5134
0.4669
0.4304
0.4776
0.4364
0.4416
0.4422
0.3924
0.4076
0.39

---------------------------------------
CodechalDecodeHevcG12::DecodeStateLevel
---------------------------------------
0.456
2.9945
0.3381
1.973
3.2962
0.3113
5.4381
3.2544
0.2365
0.229
0.2264
2.9126
0.2275
0.1986
0.2183
0.1954
0.2266
0.1973
0.2259
0.187
0.2198
0.1868
0.3541
0.2012
0.2388
0.247
0.2971
0.2065
0.2602
0.1784
0.2381
0.2093
0.2779
2.2637
0.2342
2.3267
0.2206
2.5691
0.2791
0.2259
0.3032
0.3505
0.2085
0.1647
0.2111
2.035
0.2505
0.1708
0.1822
0.1273
0.1626
0.1276
0.1483
0.1275
0.1608
0.1249
0.1483
0.1295
0.1632
0.1288
0.1471
0.1291
0.2019
0.9392
0.1989
0.1347
0.1803
0.129
0.2354
0.1302
0.1607
0.1224
0.1614
0.1267
0.1716
0.1356
0.1554
0.1239
0.163
0.1252
0.1618
0.1417
0.152
0.1285
0.1635
0.1329
0.1534
0.1268
0.1586
0.1224
0.1474
0.1206
0.2033
0.1287
0.1701
0.129
0.2035
0.1327
0.1639
0.1303
0.1692
0.1277
0.1629
0.1267
0.163
0.1317
0.1676
0.128
0.161
0.1267
0.1616
0.1323
0.1687
0.1281
0.1683
0.1277
0.1666
0.1372
0.1449
0.12
0.1892
0.1275
0.2001
0.1329
0.2074
0.1301
0.1893
0.1241
0.1787
0.1374
0.1927
0.1301
0.1608
0.1173
0.1803
0.1253
0.1657
0.1286
0.1622
0.1357
0.1639
0.1276
0.1638
0.1247
0.1493
0.1263
0.1591
0.1259
0.1614
0.1255
0.1463
0.1333
0.166
0.1312
0.16
0.1265
0.1591
0.1339
0.1627
0.1269
0.1609
0.1244
0.1616
0.1226
0.1606
0.1245
0.161
0.1331
0.1633
0.1267
0.1596
0.1266
0.1462
0.1292
0.1586
0.1274
0.1588
0.125
0.1506
0.1257
0.1648
0.1275
0.1594
0.122
0.1613
0.1284
0.1462
0.1276
0.1632
0.1263
0.1603
0.1261
0.1698
0.127
0.1854
3.5751
0.1662
0.13
0.2018
0.1284
0.1615
0.1235
0.1653
0.1325
0.1615
0.1255
0.1596
0.1307
0.1691
0.1256
0.1958
3.7026
0.1629
3.1001
0.1794
0.1268
0.1782
0.1278
0.1842
3.3745
0.1815
0.1336
0.1499
0.1187
0.1544
0.12
0.1654
0.1271
0.1617
0.1345
0.1553
0.1198
0.158
0.1281
0.1496
0.1206
0.1647
0.1282
0.1472
0.1216
0.1612
0.1249
0.1553
0.121
0.1631
0.129
0.1523
0.1196
0.1691
0.1291
0.1459
0.1272
0.1614
0.1256
0.1402
0.1238
0.1456
0.1291
0.1652
0.1265
0.1721
3.8519
0.1574
0.1256
0.1544
0.122
0.1764
0.1331
0.1534
0.1215
0.1623
0.1271
0.1526
0.1244
0.1606
0.1261
0.1474
0.1254
0.157
0.1247
0.157
0.132
0.1654
0.1259
0.1567
0.1229
0.1624
0.133
0.165
0.1266
0.1464
0.1203
0.1541
0.134
0.1507
0.1207
0.1625
0.1237
0.1549
0.1347
0.1576
0.146
0.1454
0.1178
0.155
0.1264
0.1604
0.1239
0.146
0.1279
0.1565
0.1296
0.1608
0.1243
0.1588
0.1305
0.1488
0.126
0.1545
0.1269
0.1583
0.1314
0.1579
0.1262
0.1468
0.1215
0.1728
4.6782
0.1744
0.1267
0.1434
0.1182
0.1517
0.1266
0.1548
0.1276
0.1628
0.1257
0.1489
0.1203
0.1536
0.1352
0.161
0.1254
0.1461
0.1246
0.1565
0.1292
0.1407
0.1145
0.1529
0.1224
0.1559
0.1294
0.1606
0.1301
0.1611
0.1258
0.146
0.1301
0.16
0.1319
0.1471
0.1207
0.1565
0.1373
0.1597
0.1243
0.1695
0.1241
0.1445
0.1218
0.1564
0.1334
0.1569
0.1223
0.1561
0.132
0.1634
0.1283
0.1616
0.1238
0.1466
0.1298
0.1584
0.1337
0.1459
0.1182
0.1554
0.131
0.1512
0.1188
0.1572
0.1183
0.1406
0.1164
0.1486
0.1226
0.1607
0.1351
0.1659
0.126
0.1472
0.1196
0.1602
0.1291
0.1595
0.1333
0.1588
0.1252
0.1454
0.1202
0.1535
0.128
0.1552
0.123
0.1594
0.1276
0.1585
0.1354
0.1457
0.1182
0.1541
0.126
0.1555
0.1267
0.1577
0.1256
0.1479
0.1183
0.1558
0.1355
0.1559
0.1216
0.1562
0.1314
0.1538
0.1307
0.1607
0.124
0.1458
0.1242
0.1536
0.1313
0.1628
0.1242
0.1543
0.1259
0.1561
0.127
0.1575
0.1237
0.1591
0.1276
0.1466
0.1257
0.1693
0.1245
0.1414
0.1126
0.1557
0.1333
0.1635
0.1272
0.174
0.1268
0.1557
0.1254
0.1597
0.1321
0.1808
0.124
0.1596
0.1241
0.1482
0.1321
0.165
0.1246
0.1553
0.1258
0.1456
0.1272
0.1565
0.1282
0.1494
0.1285
0.1591
0.1322
0.1453
0.1245
0.1575
0.1337
0.1603
0.1327
0.1461
0.119
0.151
0.1303
0.1582
0.1263
0.1591
0.1217
0.142
0.1248
0.1582
0.1324
0.1443
0.1223
0.156
0.1239
0.1543
0.1228
0.1572
0.1238
0.1728
0.1262
0.2332
0.133
0.1573
0.1215
0.153
0.1262
0.1616
0.1235
0.1424
0.1179
0.1557
0.1364
0.1526
0.1233
0.1657
0.1249
0.1554
0.1242
0.1601
0.1343
0.166
0.126
0.1572
0.1255
0.1472
0.1253
0.1571
0.1328
0.157
0.1252
0.1577
0.1319
0.1614
0.1248
0.1635
0.1307
0.1614
0.1216
0.1422
0.1201
0.1478
0.1215
0.2168
0.1351
0.1508
0.1263
0.1555
0.1308
0.1627
0.1316
0.163
0.1266
0.144
0.1264
0.1628
0.1337
0.1467
0.1191
0.1531
0.1324
0.1594
0.1344
0.1469
0.1183
0.1543
0.131
0.1467
0.1209
0.1557
0.1279
0.1579
0.1269
0.1491
0.1204
0.1578
0.1182
0.1587
0.1269
0.1635
0.122
0.165
0.1243
0.1533
0.1286
0.1616
0.1301
0.1439
0.1252
0.154
0.1315
0.1575
0.1319
0.1467
0.118
0.1562
0.1354
0.1595
0.129
0.1455
0.1194
0.1525
0.1322
0.1602
0.1333
0.1459
0.1197
0.1572
0.1321
0.1611
0.1331
0.1456
0.1184
0.1528
0.128
0.1601
0.1282
0.1452
0.118
0.1567
0.1337
0.1629
0.1338
0.164
0.1265
0.1605
0.1257
0.1446
0.1294
0.1601
0.1258
0.1449
0.1189
0.1544
0.1267
0.1612
0.1251
0.144
0.1202
0.1482
0.1175
0.1406
0.1118
0.1534
0.1265
0.1622
0.1291
0.1655
0.1277
0.1557
0.1247
0.1594
0.1342
0.147
0.1202
0.1592
0.1341
0.1487
0.1268
0.1607
0.1236
0.1549
0.1278
0.1588
0.1267
0.1626
0.1242
0.1446
0.1221
0.1579
0.1268
0.1586
0.1236
0.1432
0.1215
0.1597
0.1267
0.1586
0.1269
0.1446
0.1234
0.1559
0.1294
0.1612
0.1352
0.1461
0.1242
0.1567
0.1233
0.1532
0.1246
0.1573
0.1272
0.157
0.1235
0.1591
0.1372
0.1429
0.1244
0.1557
0.1376
0.1597
0.1248
0.1571
0.1282
0.1511
0.1188
0.1414
0.1132
0.1607
0.1244
0.1719
0.1254
0.1606
0.1283
0.1588
0.1265
0.1601
0.1249
0.1466
0.1291
0.1594
0.1273
0.1574
0.1276
0.1559
0.1248
0.1588
0.1315
0.1594
0.1244
0.1465
0.1283
0.1564
0.1343
0.1586
0.1244
0.1628
0.1334
0.158
0.1214
0.1624
0.1281
0.1568
0.1339
0.1547
0.132
0.1607
0.1259
0.1592
0.1306
0.1565
0.1314
0.1565
0.1233
0.1456
0.1243
0.1544
0.1334
0.1545
0.1345
0.1626
0.1295
0.1786
0.1477
0.1477
0.1217
0.1938
0.1257
0.1693
0.1343
0.2311
0.177
0.1506
0.1284
0.2229
0.2009
0.1423
0.1159
0.1843
0.1331
0.1845
0.1417
0.1746
0.1439
0.1968
0.1427
0.1708
0.1404
0.1788
0.1397
0.1527
0.1286
0.2332
0.1435
0.1627
0.1307
0.1806
0.1366
0.1821
0.141
0.1937
0.1406
0.2046
0.1437
0.1785
0.1523
0.2198
0.1892
0.2141
0.1553
0.1635
0.1374
0.2816
0.1935
0.2031
0.1366
0.2201
0.1862
0.1682
0.1315
0.2174
0.1929
0.1676
0.1346
0.1483
0.1234
0.1599
0.1405
0.2077
0.1403
0.1916
0.1415
0.1747
0.1303
0.1686
0.1378
0.1895
0.144
0.1406
0.1105
0.1517
0.1317
0.1733
0.1411
0.1504
0.1347
0.1531
0.14
0.2272
0.2468
0.1622
0.1225
0.1827
0.1256
0.1571
0.122
0.1545
0.152
0.1445
0.1192
0.1636
0.1247
0.2151
0.188
0.1593
0.1395
0.1835
0.142
0.1635
0.1332
0.1781
0.1394
0.1773
0.146
0.1623
0.142
0.1643
0.1334
0.1697
0.1238
0.1599
0.1268
0.2065
0.1371
0.1501
0.1319
0.1661
0.1366
0.2176
0.185
0.1615
0.1394
0.2587
0.1977
0.1601
0.1455
0.1605
0.1372
0.1669
0.1399
0.1524
0.1256
0.168
0.1334
0.1525
0.117
0.1662
0.1656
0.1927
0.1261
0.162
0.1309
0.1714
0.222
0.1583
0.1225
0.1459
0.1171
0.2183
0.1596
0.2278
0.1678
0.2563
0.14
0.152
0.1196
0.2609
0.1281
0.1466
0.1205
0.3333
0.1502
0.167
0.1284
0.1554
0.1258
0.1503
0.1282
0.1951
0.1243
0.1544
0.1278
0.1873
0.1278
0.1843
0.1336
0.1705
0.13
0.1681
0.1309
0.1512
0.1225
0.1647
0.14
0.1825
0.127
0.1688
0.1657
0.1602
0.1291
0.1551
0.129
0.1525
0.1363
0.1568
0.1221
0.1604
0.1272
0.1975
0.1578
0.1738
0.1173
0.1454
0.1242
0.2212
0.1303
0.1636
0.132
0.2048
0.1312
0.1738
0.1298
0.151
0.1381
0.2042
0.1309
0.1505
0.119
0.2592
0.2052
0.1529
0.1205
0.1537
0.128
0.163
0.1338
0.159
0.1338
0.1469
0.1218
0.1484
0.1196
0.1515
0.1296
0.1748
0.1266
0.1674
0.1267
0.1604
0.1256
0.166
0.1251
0.1688
0.1269
0.1457
0.1198
0.1618
0.135
0.1667
0.1272
0.1591
0.1254
0.1488
0.1275
0.1578
0.1347
0.1592
0.1254
0.1489
0.1275
0.1658
0.1248
0.1447
0.1192
0.1724
0.1274
0.1415
0.1155
0.1465
0.1233
0.2082
0.127
0.162
0.1262
0.1625
0.1258
0.1714
0.1262
0.1483
0.1327
0.1783
0.1284
0.1648
0.1284
0.1497
0.1209
0.1548
0.1291
0.1488
0.1258
0.1615
0.1336
0.16
0.1264
0.1602
0.1283
0.1539
0.1222
0.1619
0.1253
0.1633
0.1287
0.1533
0.1192
0.1577
0.1283
0.1573
0.1322
0.1559
0.1238
0.1558
0.1324
0.1586
0.1271
0.1581
0.1228
0.1579
0.1343
0.1611
0.1245
0.157
0.1235
0.1555
0.1295
0.1577
0.13
0.1414
0.1197
0.1482
0.1213
0.1636
0.125
0.1374
0.1115
0.1433
0.123
0.1671
0.1248
0.1532
0.1333
0.1548
0.1299
0.1613
0.1252
0.1475
0.1279
0.1563
0.1354
0.1493
0.1186
0.164
0.1301
0.1532
0.1221
0.1733
0.1266
0.2214
0.1304
0.1699
0.1293
0.2131
0.1317
0.1732
0.1285
0.1616
0.1329
0.1476
0.1322
0.1559
0.1361
0.1587
0.1269
0.1609
0.133
0.1396
0.1227
0.1482
0.1259
0.1619
0.1252
0.1586
0.1308
0.1442
0.1255
0.1606
0.1246
0.1602
0.1345
0.147
0.127
0.1558
0.1274
0.1499
0.1315
0.2198
0.1313
0.1866
0.1288
0.1845
0.1124
0.2006
0.127
0.1781
0.1267
0.1776
0.1272
0.1691
0.1375
0.1536
0.1215
0.1603
0.124
0.143
0.1338

-------------------------------------
CodechalDecodeHevcG12::SetFrameStates
-------------------------------------
0.8742
0.2646
3.417
5.3489
2.547
0.099
0.0989
0.106
0.0346
0.0347
0.0342
0.0561
0.0386
0.0457
0.0427
0.1079
0.3523
0.2242
0.1963
0.0475
0.0525
0.0371
0.154
0.0385
0.0379
0.0361
0.0318
0.0342
0.032
0.035
0.0316
0.2697
0.0429
0.0383
0.0481
0.0348
0.0347
0.0357
0.0318
0.0333
0.0352
0.0337
0.0354
0.0337
0.0332
0.0312
0.0435
0.0358
0.0398
0.0351
0.0342
0.0344
0.0343
0.0343
0.0342
0.0352
0.0345
0.0388
0.04
0.0313
0.0363
0.0391
0.0404
0.0377
0.0275
0.0369
0.0343
0.0349
0.035
0.0352
0.034
0.0337
0.0312
0.0337
0.0346
0.03
0.0332
0.0336
0.0335
0.0334
0.0336
0.0325
0.0348
0.0336
0.0335
0.0336
0.0306
0.0355
0.0333
0.0304
0.0338
0.0343
0.0339
0.0313
0.0352
0.0336
0.0349
0.2633
0.0386
0.0396
0.0344
0.0358
0.0327
0.0346
0.0356
0.2333
0.6275
0.0407
0.0373
0.3266
0.0404
0.0353
0.0327
0.0338
0.0345
0.0326
0.0333
0.0317
0.0349
0.0309
0.0336
0.0314
0.033
0.031
0.0334
0.0304
0.035
0.0301
0.03
0.0351
0.2659
0.0375
0.041
0.0433
0.0344
0.0348
0.0315
0.0338
0.032
0.0337
0.0328
0.0343
0.0332
0.0332
0.0334
0.0307
0.0323
0.0305
0.0332
0.0326
0.0326
0.0322
0.0349
0.0378
0.031
0.0316
0.0333
0.0337
0.031
0.0318
0.0334
0.0325
0.0316
0.2746
0.0425
0.0313
0.0331
0.0334
0.0384
0.0311
0.0325
0.0333
0.031
0.0329
0.0307
0.0313
0.0329
0.0335
0.0342
0.0302
0.0322
0.0308
0.0323
0.0331
0.034
0.0303
0.0352
0.0323
0.0318
0.0332
0.0334
0.0298
0.032
0.0303
0.0315
0.0312
0.027
0.0309
0.0301
0.0352
0.0334
0.031
0.033
0.0333
0.0357
0.0306
0.0308
0.0362
0.0335
0.0326
0.0302
0.0351
0.0325
0.0374
0.0309
0.0332
0.0322
0.0325
0.0324
0.0357
0.0305
0.0324
0.0322
0.0325
0.0324
0.0344
0.0347
0.0304
0.0339
0.0231
0.0334
0.0352
0.0358
0.0336
0.0337
0.0338
0.0337
0.0307
0.0327
0.0334
0.0305
0.0325
0.0305
0.0332
0.0304
0.0321
0.0337
0.0312
0.0317
0.0333
0.0344
0.0312
0.0345
0.0308
0.0304
0.0323
0.0323
0.0411
0.0476
0.0337
0.0333
0.0318
0.0234
0.0331
0.0313
0.0361
0.0333
0.0334
0.0338
0.0341
0.031
0.0336
0.0353
0.0333
0.0346
0.035
0.0355
0.0321
0.0309
0.0464
0.0343
0.0365
0.0342
0.035
0.031
0.0334
0.0336
0.0318
0.0341
0.031
0.0345
0.0307
0.0334
0.0337
0.0315
0.0275
0.0337
0.0316
0.0377
0.0335
0.0355
0.0314
0.0327
0.033
0.0309
0.0347
0.0343
0.0315
0.0309
0.0345
0.0311
0.0318
0.0333
0.0309
0.0316
0.0337
0.0335
0.0328
0.0347
0.0348
0.0334
0.0305
0.0367
0.0302
0.0319
0.0343
0.0348
0.0322
0.0239
0.0326
0.0344
0.035
0.0335
0.0336
0.0313
0.0328
0.031
0.0338
0.0333
0.0335
0.04
0.0311
0.0321
0.0331
0.0298
0.0311
0.0342
0.0308
0.0329
0.0343
0.0307
0.0323
0.0329
0.0331
0.034
0.0339
0.0304
0.0335
0.0342
0.0328
0.0314
0.023
0.0334
0.0341
0.0364
0.0342
0.0345
0.031
0.0335
0.038
0.0329
0.0337
0.0367
0.031
0.0362
0.0356
0.0341
0.0321
0.0324
0.0329
0.032
0.0334
0.0342
0.0329
0.0334
0.0304
0.0346
0.032
0.0318
0.0368
0.0325
0.0408
0.0367
0.0428
0.0249
0.0476
0.0317
0.0376
0.0346
0.0359
0.0352
0.0342
0.0343
0.0358
0.0463
0.0348
0.0418
0.0387
0.0386
0.0367
0.0361
0.0439
0.0449
0.034
0.0601
0.0415
0.047
0.0333
0.0457
0.0336
0.0316
0.0374
0.0441
0.0377
0.0381
0.0375
0.0408
0.0244
0.032
0.0383
0.0345
0.032
0.0462
0.038
0.0399
0.0333
0.0353
0.0339
0.0321
0.0478
0.0335
0.0351
0.0338
0.0337
0.0351
0.032
0.0335
0.0323
0.0325
0.043
0.0325
0.0372
0.0458
0.0331
0.0648
0.0347
0.0337
0.0329
0.0304
0.0322
0.0236
0.0455
0.0704
0.0367
0.0352
0.0321
0.0311
0.0391
0.0683
0.0676
0.0316
0.034
0.0318
0.0793
0.0379
0.0342
0.0319
0.0421
0.0351
0.0405
0.0389
0.038
0.0319
0.0318
0.0439
0.0408
0.0385
0.0335
0.0321
0.0321
0.033
0.034
0.0442
0.023
0.0309
0.0421
0.0356
0.0419
0.0363
0.0332
0.0418
0.0336
0.0549
0.0335
0.0365
0.0355
0.0337
0.0308
0.0315
0.0315
0.0352
0.0352
0.0344
0.0345
0.0353
0.0309
0.0341
0.0345
0.0333
0.0312
0.0344
0.0357
0.0304
0.0337
0.0304
0.0336
0.0238
0.0336
0.0404
0.0376
0.0366
0.0364
0.0343
0.0355
0.0348
0.0315
0.0335
0.0306
0.0333
0.0387
0.0343
0.0321
0.035
0.0343
0.0314
0.0346
0.0332
0.0336
0.0332
0.0333
0.034
0.0368
0.0335
0.0334
0.0328
0.0339
0.0308
0.0314
0.0349
0.0233
0.0299
0.0336
0.0341
0.0331
0.0374
0.0323
0.0338
0.0316
0.0376
0.0316
0.0364
0.0418
0.0336
0.0453
0.0383
0.0349
0.0317
0.0337
0.0363
0.0345
0.0307
0.0306
0.0345
0.034
0.0305
0.0327
0.0344
0.0319
0.0377
0.0321
0.0441
0.0391
0.0274
0.0401
0.0372
0.0365
0.0343
0.0319
0.0334
0.0312

--------------------------
CreateVideoDecoder_D3D11_1
--------------------------
19.2048

---------------------------
DestroyVideoDecoder_D3D11_1
---------------------------
0

----------------
First Frame Time
----------------
61.3302

--------------------------------------
VideoDecoderBeginFrame_WDDM2_4_D3D11_1
--------------------------------------
0.0115
0.0029
0.0023
0.0027
0.0025
0.0019
0.0021
0.0021
0.0019
0.0023
0.0017
0.004
0.0024
0.0039
0.0025
0.0023
0.0026
0.0025
0.0019
0.004
0.0031
0.0026
0.0023
0.0027
0.0025
0.0018
0.0019
0.002
0.0026
0.002
0.0019
0.0022
0.0067
0.0023
0.0038
0.0022
0.0021
0.002
0.0018
0.0024
0.0018
0.0018
0.0038
0.0021
0.0022
0.0018
0.003
0.0025
0.0024
0.002
0.0019
0.0019
0.002
0.0018
0.0017
0.0018
0.0017
0.0028
0.0022
0.0019
0.0024
0.0022
0.0028
0.0041
0.0021
0.0034
0.002
0.002
0.0016
0.002
0.0018
0.002
0.0017
0.0019
0.002
0.0016
0.0017
0.0017
0.0017
0.0018
0.0018
0.0017
0.0017
0.0018
0.0019
0.0017
0.0016
0.0018
0.0017
0.0016
0.002
0.0022
0.0017
0.0015
0.0032
0.0019
0.0018
0.002
0.0027
0.0028
0.0019
0.002
0.0019
0.002
0.0018
0.0019
0.0024
0.0031
0.0026
0.0025
0.0027
0.0022
0.0029
0.0019
0.0019
0.002
0.0016
0.002
0.0018
0.002
0.0018
0.0019
0.0017
0.0018
0.0018
0.002
0.0019
0.0018
0.0017
0.0021
0.0022
0.0026
0.0024
0.0033
0.0023
0.0021
0.0018
0.0019
0.0022
0.0018
0.0016
0.0033
0.0018
0.0019
0.0019
0.0018
0.0017
0.0018
0.0016
0.0017
0.0018
0.002
0.0015
0.0018
0.0018
0.0017
0.0018
0.0019
0.0018
0.0017
0.0018
0.0018
0.002
0.0024
0.0031
0.0019
0.0018
0.0021
0.0018
0.0018
0.0019
0.0018
0.0019
0.0017
0.002
0.0017
0.0019
0.002
0.0019
0.0016
0.0018
0.0018
0.0019
0.0018
0.0019
0.0017
0.0018
0.0018
0.0017
0.0019
0.0019
0.0018
0.0018
0.0017
0.0016
0.002
0.0024
0.0021
0.0018
0.0021
0.0018
0.0019
0.0017
0.0017
0.002
0.0021
0.0017
0.0017
0.002
0.0018
0.0021
0.0032
0.0017
0.0019
0.0018
0.0018
0.0018
0.0019
0.0021
0.0019
0.0017
0.0016
0.002
0.0019
0.0018
0.0023
0.0019
0.0017
0.0018
0.0025
0.0017
0.002
0.002
0.0017
0.0017
0.0018
0.0018
0.0018
0.0018
0.0017
0.0018
0.0017
0.0024
0.0017
0.0017
0.0018
0.0018
0.0019
0.0017
0.002
0.0024
0.0016
0.0018
0.0019
0.0019
0.002
0.002
0.0026
0.0036
0.0025
0.0024
0.0021
0.0025
0.0018
0.0018
0.0019
0.002
0.0019
0.0034
0.0018
0.0018
0.0017
0.0017
0.0017
0.0017
0.0018
0.0028
0.002
0.0017
0.0031
0.0026
0.002
0.0018
0.0019
0.0016
0.0018
0.0019
0.0018
0.0017
0.0018
0.0019
0.0019
0.0017
0.0017
0.0018
0.0023
0.0017
0.0017
0.0021
0.0018
0.0022
0.0017
0.0018
0.0021
0.002
0.0017
0.0018
0.002
0.0016
0.0019
0.0019
0.002
0.0018
0.0017
0.0017
0.0019
0.0039
0.0018
0.0018
0.0018
0.0019
0.0016
0.0016
0.002
0.0015
0.0018
0.0017
0.0021
0.0021
0.0018
0.0018
0.0018
0.0019
0.0017
0.0017
0.0017
0.0017
0.0019
0.0017
0.0017
0.002
0.0018
0.0017
0.0018
0.0018
0.0019
0.0017
0.0019
0.0016
0.0017
0.0018
0.0016
0.0019
0.0017
0.0023
0.0022
0.0019
0.0017
0.0017
0.0019
0.0023
0.0025
0.0017
0.0019
0.0017
0.0018
0.002
0.0017
0.0018
0.0019
0.0019
0.0016
0.0017
0.0017
0.0022
0.0021
0.0019
0.0022
0.002
0.0019
0.0019
0.0017
0.0018
0.0019
0.002
0.002
0.0017
0.0019
0.0017
0.0027
0.0021
0.0027
0.0021
0.0042
0.0027
0.0022
0.002
0.0024
0.002
0.0019
0.0018
0.002
0.0018
0.002
0.0029
0.0028
0.0045
0.0028
0.0027
0.0025
0.0021
0.0027
0.0031
0.0021
0.0041
0.003
0.0026
0.002
0.0034
0.0019
0.0023
0.0027
0.0032
0.0026
0.003
0.0027
0.003
0.0022
0.0017
0.0026
0.0021
0.0018
0.0023
0.0027
0.0031
0.0021
0.0025
0.0019
0.002
0.0026
0.0023
0.0021
0.0019
0.002
0.002
0.0017
0.0017
0.0017
0.0016
0.0032
0.0021
0.0026
0.0028
0.0019
0.004
0.0021
0.002
0.0019
0.0018
0.0017
0.0025
0.0018
0.0023
0.0019
0.0026
0.002
0.0019
0.0016
0.0048
0.003
0.0017
0.0018
0.0042
0.0039
0.0053
0.0026
0.0021
0.0032
0.0021
0.0031
0.003
0.0027
0.0022
0.0017
0.0018
0.0029
0.0024
0.002
0.0021
0.002
0.0019
0.0025
0.0069
0.0021
0.0018
0.0031
0.0023
0.0031
0.0024
0.002
0.003
0.0024
0.0031
0.0024
0.0019
0.0022
0.0018
0.0017
0.0019
0.0017
0.0019
0.0017
0.0018
0.0018
0.0018
0.0041
0.0018
0.0019
0.0016
0.0018
0.0018
0.0017
0.0018
0.0018
0.0017
0.0018
0.0022
0.0022
0.0028
0.0026
0.0022
0.0021
0.0022
0.0018
0.002
0.0019
0.0018
0.0015
0.0018
0.0018
0.0019
0.0017
0.0016
0.0018
0.002
0.0019
0.0017
0.0019
0.0017
0.0018
0.0018
0.0018
0.002
0.002
0.0019
0.0019
0.0019
0.0017
0.0022
0.0022
0.0016
0.0018
0.0016
0.0018
0.0018
0.0017
0.0016
0.0023
0.0022
0.002
0.0027
0.004
0.0024
0.0056
0.0024
0.0018
0.0022
0.0017
0.0019
0.0019
0.0018
0.0017
0.0019
0.0018
0.0019
0.0016
0.002
0.0019
0.0018
0.002
0.003
0.003
0.0029
0.0028
0.0025
0.0022
0.0018
0.0018
0.002
0.0018

----------------------------
VideoDecoderEndFrame_D3D11_1
----------------------------
0.0363
0.0579
0.0829
0.0869
0.062
0.0595
0.0664
0.0618
0.064
0.0613
0.0598
0.0666
0.0621
0.07
0.0775
0.0655
0.0638
0.0629
0.0683
0.0715
0.0827
0.0645
0.073
0.0635
0.0642
0.0607
0.0578
0.0608
0.0611
0.0607
0.0587
0.0655
0.0613
0.0893
0.0654
0.0585
0.07
0.0621
0.0571
0.072
0.0693
0.059
0.0673
0.06
0.0587
0.0589
0.0637
0.0583
0.0631
0.0635
0.0642
0.0629
0.0606
0.0598
0.0665
0.0614
0.0637
0.0628
0.062
0.0568
0.0571
0.0605
0.0641
0.0603
0.0733
0.0596
0.0566
0.0584
0.0622
0.0631
0.0627
0.0651
0.0594
0.0612
0.061
0.0582
0.0592
0.0603
0.0638
0.0608
0.0716
0.0617
0.0621
0.0605
0.0594
0.0653
0.0588
0.0597
0.0615
0.0588
0.0601
0.0683
0.0619
0.0569
0.0626
0.0639
0.0585
0.0651
0.0616
0.0945
0.0627
0.06
0.0595
0.068
0.0618
0.063
0.0659
0.0622
0.0877
0.0621
0.0539
0.086
0.0601
0.0646
0.0623
0.059
0.0605
0.0578
0.0583
0.0567
0.0598
0.0589
0.0593
0.0592
0.0601
0.0575
0.0614
0.0584
0.0565
0.0617
0.0649
0.0566
0.0885
0.0624
0.0599
0.0659
0.0613
0.0642
0.0596
0.0604
0.0596
0.0628
0.0623
0.0629
0.0594
0.0588
0.0582
0.057
0.0626
0.0609
0.0592
0.0577
0.0641
0.0584
0.0577
0.0635
0.0588
0.0656
0.0567
0.0598
0.0602
0.0604
0.0551
0.0648
0.0546
0.0868
0.0608
0.0601
0.0592
0.059
0.0605
0.0593
0.0587
0.0587
0.055
0.0616
0.0603
0.0589
0.0623
0.0562
0.0597
0.0569
0.0597
0.0611
0.061
0.0565
0.0608
0.0595
0.0593
0.059
0.0635
0.0587
0.0612
0.0554
0.0598
0.0577
0.0606
0.0593
0.0624
0.0617
0.0621
0.0593
0.0589
0.062
0.061
0.0559
0.0595
0.0625
0.0613
0.0605
0.0578
0.0608
0.0594
0.0599
0.0605
0.0608
0.0613
0.0646
0.06
0.0594
0.0586
0.0584
0.0629
0.0598
0.0604
0.0591
0.0594
0.0622
0.0589
0.0566
0.0578
0.0588
0.0606
0.0607
0.0624
0.0612
0.0599
0.0601
0.0576
0.0596
0.0605
0.0628
0.0619
0.062
0.0579
0.0607
0.0605
0.0558
0.0609
0.0589
0.0614
0.0585
0.0603
0.0563
0.0587
0.0594
0.0621
0.0639
0.0646
0.0569
0.0603
0.0588
0.0577
0.0613
0.0584
0.06
0.0607
0.0601
0.0608
0.0588
0.0587
0.0612
0.0593
0.0602
0.0597
0.0629
0.0618
0.0577
0.058
0.0647
0.0595
0.0625
0.06
0.0625
0.0571
0.0602
0.0558
0.0631
0.0584
0.0564
0.0608
0.0566
0.0613
0.0589
0.0675
0.0601
0.0593
0.0587
0.0641
0.0619
0.0586
0.0578
0.0612
0.0611
0.0557
0.0629
0.0578
0.0573
0.0628
0.0599
0.0582
0.0619
0.0604
0.0579
0.061
0.0595
0.0607
0.0607
0.0595
0.0594
0.0629
0.0581
0.06
0.0579
0.0613
0.0589
0.0585
0.0587
0.0577
0.0605
0.0581
0.0606
0.06
0.0621
0.0602
0.059
0.0609
0.0601
0.0604
0.0604
0.0603
0.0567
0.0601
0.0628
0.0551
0.0582
0.0612
0.0577
0.0612
0.0626
0.0596
0.0597
0.0608
0.058
0.0583
0.0614
0.0605
0.0616
0.0616
0.0598
0.0578
0.0595
0.0623
0.0587
0.0607
0.0588
0.0646
0.0597
0.0604
0.0587
0.0641
0.0584
0.0589
0.0585
0.0632
0.0603
0.0591
0.0579
0.0593
0.0618
0.0585
0.0599
0.0597
0.0605
0.06
0.0561
0.0609
0.0713
0.0585
0.0668
0.0623
0.0657
0.0647
0.0764
0.0652
0.0921
0.0592
0.0674
0.0886
0.0922
0.0907
0.0863
0.0868
0.0811
0.0912
0.0795
0.0853
0.093
0.083
0.0906
0.0953
0.0843
0.0918
0.0824
0.0889
0.0902
0.0837
0.0862
0.0852
0.0669
0.0579
0.0815
0.0933
0.0911
0.0743
0.0771
0.0966
0.0529
0.077
0.0909
0.077
0.0845
0.0746
0.0765
0.06
0.0627
0.061
0.0627
0.0565
0.0808
0.0758
0.093
0.0836
0.0915
0.0924
0.0822
0.0899
0.082
0.0764
0.0759
0.0692
0.0772
0.0812
0.0923
0.0907
0.0861
0.0978
0.0869
0.0762
0.0924
0.061
0.0665
0.0649
0.0618
0.0632
0.0569
0.0579
0.1121
0.1016
0.1162
0.0608
0.0615
0.0738
0.0645
0.0647
0.0674
0.0599
0.0592
0.0591
0.0625
0.0641
0.0635
0.0698
0.0627
0.0619
0.0628
0.0712
0.0722
0.0599
0.0614
0.0595
0.0969
0.0617
0.0595
0.057
0.0683
0.0592
0.068
0.0634
0.0608
0.0675
0.0579
0.0881
0.0591
0.0614
0.0645
0.0592
0.0558
0.0567
0.0582
0.0625
0.0614
0.0609
0.0615
0.0633
0.0566
0.061
0.0624
0.0611
0.0589
0.0581
0.0597
0.0591
0.0601
0.0582
0.0621
0.0724
0.0717
0.0627
0.0615
0.0605
0.0668
0.0594
0.0627
0.06
0.0588
0.0599
0.06
0.0601
0.06
0.0611
0.0571
0.0594
0.063
0.0576
0.0628
0.0602
0.065
0.0629
0.0607
0.0624
0.062
0.0605
0.0666
0.0627
0.0599
0.0569
0.0582
0.0665
0.0545
0.0572
0.06
0.0609
0.0598
0.0589
0.0567
0.0611
0.0607
0.0602
0.0579
0.0618
0.0628
0.06
0.067
0.0643
0.0601
0.0594
0.0613
0.0593
0.06
0.056
0.059
0.059
0.0623
0.061
0.0619
0.0591
0.0553
0.0595
0.0536
0.0702
0.0561
0.0562
0.0622
0.061
0.0569
0.0611
0.0581
0.0566
0.0543

---------------------------------
VideoDecoderSubmitBuffers_D3D11_1
---------------------------------
4.74
2.7142
7.1689
14.1721
3.2023
3.4262
0.7132
0.6878
0.6064
0.5988
0.5831
0.8253
0.674
0.7674
0.6203
0.7024
3.0441
2.9373
3.1281
0.718
0.894
0.5409
2.5525
0.5975
0.4604
0.4354
0.4071
0.4296
0.4112
0.4363
0.4079
1.5638
0.5173
0.4787
0.5735
0.4267
0.4358
0.4574
0.412
0.4251
0.45
0.4201
0.4406
0.4195
0.4127
0.3917
0.5195
0.4456
0.507
0.4406
0.4371
0.4306
0.4345
0.4367
0.428
0.4348
0.4379
0.4696
0.4616
0.3947
0.478
0.4975
0.515
0.4769
0.4719
0.4832
0.4259
0.457
0.4391
0.4401
0.4381
0.4276
0.4029
0.4306
0.4275
0.4078
0.4368
0.4266
0.4323
0.4314
0.4229
0.4245
0.4322
0.4362
0.4313
0.4257
0.4032
0.4318
0.4195
0.403
0.4302
0.4327
0.4306
0.4052
0.4367
0.4262
0.4425
4.1779
0.4553
0.5048
0.4194
0.4543
0.4255
0.4356
0.4484
4.2749
4.0256
0.4798
0.4658
4.0295
0.4753
0.4048
0.4168
0.437
0.443
0.4108
0.431
0.4014
0.4402
0.3967
0.4265
0.4109
0.4391
0.401
0.4451
0.3979
0.4295
0.3901
0.4005
0.4429
4.4455
0.4288
0.4229
0.4904
0.4149
0.4369
0.4108
0.4251
0.402
0.4247
0.4228
0.4346
0.4206
0.4328
0.4348
0.3954
0.4233
0.4031
0.4316
0.4237
0.4452
0.4051
0.4178
0.4292
0.4013
0.4212
0.4224
0.4309
0.4035
0.416
0.4347
0.4314
0.401
5.2739
0.4672
0.397
0.4134
0.416
0.4297
0.3965
0.4238
0.4265
0.3978
0.4226
0.3854
0.4095
0.4211
0.4294
0.4288
0.4014
0.4317
0.4018
0.4306
0.4238
0.4378
0.3901
0.4273
0.4208
0.4204
0.4362
0.4254
0.4019
0.4269
0.3893
0.4188
0.4016
0.4215
0.3857
0.3978
0.4399
0.4332
0.3959
0.4354
0.4307
0.4254
0.3916
0.4173
0.4177
0.4266
0.4295
0.3877
0.4271
0.4161
0.423
0.3947
0.4279
0.4135
0.4239
0.4208
0.4241
0.3962
0.4188
0.423
0.4129
0.4161
0.4324
0.4296
0.3987
0.4393
0.3817
0.4254
0.4382
0.4441
0.418
0.4308
0.447
0.427
0.4066
0.4281
0.4201
0.3944
0.4269
0.404
0.4268
0.3992
0.4291
0.4303
0.3921
0.4138
0.4218
0.4316
0.3947
0.4306
0.3924
0.4108
0.4128
0.4226
0.4856
0.5732
0.4165
0.4198
0.422
0.3906
0.4322
0.4111
0.4346
0.4141
0.4323
0.435
0.4191
0.3975
0.4289
0.4189
0.4268
0.4329
0.441
0.4332
0.391
0.3967
0.5615
0.4142
0.427
0.4357
0.4333
0.3969
0.4311
0.3946
0.4209
0.4322
0.3924
0.4231
0.3931
0.4255
0.4224
0.3996
0.4228
0.4238
0.4215
0.4503
0.4156
0.4458
0.3984
0.419
0.4276
0.3932
0.4312
0.429
0.3937
0.4199
0.4323
0.3919
0.4226
0.4297
0.3923
0.4161
0.4261
0.4017
0.4314
0.4395
0.4367
0.4222
0.4003
0.4343
0.39
0.4153
0.4299
0.3926
0.406
0.3802
0.4161
0.4368
0.4334
0.4183
0.4313
0.3998
0.4302
0.4027
0.4245
0.418
0.4221
0.4334
0.3915
0.4194
0.4217
0.3869
0.4197
0.4251
0.3944
0.421
0.4386
0.396
0.417
0.4142
0.4195
0.4421
0.4361
0.3912
0.4322
0.4265
0.4199
0.3996
0.3805
0.429
0.4436
0.4337
0.4288
0.4282
0.4033
0.431
0.4277
0.4219
0.4275
0.4249
0.4032
0.429
0.4228
0.4373
0.4158
0.4277
0.4341
0.4216
0.4265
0.4302
0.4251
0.4166
0.3948
0.4219
0.4439
0.4318
0.4833
0.3966
0.5041
0.4472
0.601
0.4118
0.6323
0.3882
0.4784
0.4812
0.4712
0.4904
0.4561
0.4623
0.424
0.5646
0.4447
0.4923
0.4776
0.5106
0.5122
0.4792
0.5853
0.5628
0.4438
0.719
0.5265
0.5843
0.4408
0.5937
0.4452
0.4094
0.4518
0.5269
0.4962
0.464
0.4644
0.5112
0.3811
0.4143
0.4777
0.4217
0.4259
0.6618
0.4358
0.4794
0.4175
0.4626
0.3933
0.4195
0.5976
0.4327
0.4751
0.4403
0.4603
0.4782
0.4387
0.4364
0.4289
0.4387
0.5291
0.4121
0.4586
0.5885
0.4378
0.701
0.4489
0.4367
0.4479
0.4084
0.4402
0.4042
0.4862
0.5376
0.4403
0.568
0.4145
0.3921
0.5742
0.6815
0.6327
0.4044
0.546
0.406
0.7514
0.4513
0.4246
0.4114
0.4923
0.4294
0.4782
0.4873
0.4592
0.4507
0.408
0.4687
0.4814
0.4994
0.4294
0.4136
0.4256
0.4125
0.4364
0.6116
0.4423
0.3968
0.5357
0.4478
0.5276
0.4571
0.427
0.5251
0.4061
0.6958
0.4222
0.424
0.4421
0.4304
0.396
0.4032
0.4103
0.4532
0.4423
0.4328
0.4414
0.4436
0.3932
0.4397
0.4416
0.4207
0.4051
0.4353
0.4246
0.4086
0.4352
0.3907
0.4453
0.3984
0.4093
0.514
0.44
0.4326
0.4559
0.4227
0.4532
0.4369
0.4018
0.4176
0.4018
0.4325
0.4301
0.4288
0.4119
0.4249
0.4389
0.4059
0.4219
0.4266
0.416
0.4212
0.4288
0.4236
0.4333
0.4254
0.4165
0.4206
0.423
0.3919
0.3993
0.434
0.3749
0.3915
0.4346
0.4246
0.4192
0.43
0.4065
0.4321
0.4012
0.4547
0.4106
0.4573
0.5326
0.4444
0.5447
0.4574
0.4357
0.4055
0.43
0.4255
0.4323
0.3927
0.4013
0.4269
0.4301
0.3928
0.4229
0.4403
0.4019
0.4258
0.4176
0.5396
0.4895
0.4513
0.498
0.4543
0.4594
0.4573
0.4067
0.4239
0.4021

