---------------------------------------------
CalcPrivateVideoDecoderOutputViewSize_D3D11_1
---------------------------------------------
0.0032
0.0018
0.0019
0.0021
0.0015
0.001
0.004
0.0008
0.0009
0.0017
0.0011
0.0008
0.0009
0.0024
0.001
0.0008
0.0009
0.0008
0.0007
0.0023
0.0008
0.0008
0.0007
0.0015
0.001
0.001
0.0007
0.0018
0.002
0.0007
0.0006
0.0007
0.001
0.001
0.0006
0.0007
0.0006
0.0008
0.0006
0.0006
0.0007
0.0005
0.0019
0.0009
0.0007
0.0007
0.0007
0.0009
0.0007
0.001
0.001
0.0006
0.0006
0.0006
0.0006
0.0006
0.0016
0.0009
0.0008
0.0006
0.0006
0.0006
0.0006
0.0017
0.0007
0.0008
0.0008
0.0006
0.0007
0.0008
0.0008
0.0006
0.0007
0.0007
0.0006
0.0007
0.0007
0.0006
0.0007
0.0006
0.0006
0.0008
0.0008
0.0007
0.0012
0.0006
0.0005
0.0009
0.0008
0.0006
0.0006
0.0007
0.0007
0.0006
0.0017
0.0006
0.0006
0.0007
0.0007
0.0007
0.0007
0.0007
0.0007
0.0007
0.0007
0.0016
0.0012
0.0009
0.0009
0.0009
0.0008
0.001
0.0019
0.0019
0.002
0.0017
0.0007
0.0008
0.0009
0.0008
0.0007
0.0007
0.0007
0.0007
0.0008
0.0008
0.0007
0.0007
0.0006
0.0007
0.0007
0.0008
0.001
0.0007
0.0007
0.0006
0.0007
0.0006
0.0007
0.0007
0.0007
0.002
0.0009
0.0008
0.0006
0.0006
0.0007
0.0006
0.0012
0.0007
0.0014
0.001
0.0015
0.0009
0.0013
0.0009
0.0012
0.0015
0.001
0.0009
0.0013
0.0013
0.0009
0.0007
0.0008
0.0009
0.0007
0.0007
0.0011
0.0007
0.0009
0.0008
0.0008
0.0015
0.0009
0.0013
0.001
0.0015
0.0009
0.0009
0.0009
0.0008
0.0008
0.0007
0.0008
0.0008
0.0008
0.0007
0.0008
0.0007
0.0008
0.0007
0.0008
0.0008
0.0007
0.0007
0.0007
0.0008
0.0008
0.0008
0.0009
0.0007
0.001
0.0013
0.0008
0.0015
0.0008
0.0019
0.0009
0.0007
0.0009
0.0129
0.0008
0.0007
0.0007
0.0016
0.0009
0.0009
0.0011
0.0007
0.0006
0.0009
0.0008
0.0007
0.0008
0.0008
0.001
0.0006
0.0006
0.0007
0.001
0.0006
0.0006
0.0012
0.0007
0.0006
0.0007
0.0006
0.0007
0.0007
0.0007
0.0009
0.0007
0.0007
0.0007
0.0007
0.0007
0.0007
0.0009
0.0008
0.0005
0.0016
0.001
0.0007
0.0014
0.0009
0.0016
0.0011
0.0011
0.0021
0.0011
0.0007
0.0006
0.001
0.0008
0.0006
0.0014
0.0009
0.0007
0.0007
0.0007
0.0007
0.0007
0.0007
0.0006
0.0006
0.0007
0.0008
0.0006
0.0007
0.0007
0.0005
0.0006
0.0006
0.0006
0.0006
0.0005
0.0012
0.0009
0.0006
0.0005
0.0007
0.0018
0.0006
0.0007
0.0007
0.0007
0.001
0.0006
0.0006
0.0006
0.0007
0.0007
0.0008
0.001
0.0006
0.0006
0.0006
0.0006
0.0007
0.0007
0.0007
0.0006
0.0006
0.0007
0.0009
0.0115
0.0007
0.0009
0.0006
0.0006
0.001
0.0007
0.0006
0.0016
0.0006
0.0008
0.0009
0.0007
0.0006
0.0009
0.0006
0.0007
0.0006
0.0009
0.0008
0.0006
0.0009
0.0009
0.0006
0.0043
0.0008
0.0009
0.0009
0.0006
0.0006
0.001
0.0007
0.0007
0.0006
0.0006
0.0006
0.0007
0.0008
0.0008
0.0006
0.0008
0.0007
0.0006
0.0008
0.0006
0.0006
0.0007
0.0009
0.0006
0.0007
0.0007
0.0006
0.0007
0.0006
0.0007
0.0006
0.0006
0.001
0.0007
0.001
0.0007
0.0007
0.0007
0.0006
0.0006
0.0007
0.0008
0.0008
0.0007
0.0016
0.0011
0.0006
0.0009
0.0006
0.0007
0.0007
0.0006
0.0009
0.0014
0.0013
0.0012
0.0009
0.0007
0.0007
0.0008
0.0007
0.0006
0.001
0.0007
0.0007
0.0006
0.0007
0.0007
0.0006
0.0006
0.0016
0.0009
0.0009
0.0009
0.0034
0.0006
0.0006
0.0007
0.0006
0.0008
0.001
0.0007
0.0007
0.0007
0.0009
0.0007
0.0008
0.0008
0.0008
0.0007
0.0007
0.0008
0.0007
0.0008
0.001
0.0006
0.0006
0.0006
0.0006
0.0006
0.0008
0.0006
0.0007
0.0006
0.0007
0.001
0.0006
0.0006
0.0006
0.0006
0.0006
0.0007
0.0006
0.0008
0.0007
0.0007
0.0005
0.0006
0.0009
0.0006
0.0008
0.0008
0.0006
0.0006
0.001
0.0006
0.0006
0.0009
0.0007
0.0008
0.0013
0.0008
0.0006
0.0115
0.0007
0.0006
0.001
0.001
0.0006
0.0007
0.0007
0.0007
0.0006
0.0006
0.0007
0.0006
0.0021
0.002
0.0016
0.0013
0.0011
0.001
0.0007
0.0013
0.0009
0.0015
0.0011
0.0012
0.0008
0.0016
0.0008
0.0007
0.0007
0.0008
0.0014
0.0008
0.0009
0.0022
0.002
0.0015
0.0009
0.001
0.0007
0.0014
0.0007
0.0009
0.0016
0.0009
0.003
0.0008
0.0006
0.0009
0.001
0.0009
0.0011
0.0017
0.0011
0.0011
0.0007
0.0018
0.001
0.0008
0.0007
0.0008
0.0016
0.001
0.0011
0.001
0.0011
0.0016
0.0008
0.0011
0.0006
0.0007
0.001
0.001
0.0013
0.0007
0.0018
0.0009
0.0009
0.0006
0.0009
0.0008
0.0014
0.0008
0.0006
0.0007
0.0006
0.0007
0.0008
0.0016
0.0011
0.0012
0.0016
0.0011
0.0007
0.0008
0.0016
0.001
0.0021
0.0009
0.001
0.0009
0.0007
0.0007
0.0007
0.0007
0.0007
0.0007
0.0008
0.0006
0.0011
0.0006
0.0009
0.0006
0.0007
0.0009
0.0007
0.0007
0.0068
0.0007
0.0006
0.0006
0.0019
0.001
0.0019
0.0011
0.0017

-----------------------
CodechalDecode::Execute
-----------------------
11.407
27.9339
33.8988
0.6153
0.5491
0.5462
0.5852
0.5486
0.5502
0.5541
0.499
0.5385
1.1629
0.557
0.5402
0.4996
0.5475
0.5486
0.5091
0.5254
0.5658
0.5092
0.5769
0.5535
0.428
0.3958
0.3825
0.5015
0.4076
0.3802
0.4018
0.3997
0.3891
0.3923
0.4189
0.3917
0.4107
0.4086
0.407
0.3778
0.4059
0.4041
0.4225
0.3834
0.4141
0.4141
0.3925
0.4311
0.4158
0.3814
0.3939
0.4094
0.3808
0.4091
0.4097
0.4144
0.3823
0.4047
0.4113
0.4074
0.3997
0.4036
0.4054
0.4093
0.4147
0.4081
0.417
0.3818
0.4142
0.4173
0.4228
0.4161
0.3844
0.4109
0.4022
0.3757
0.4014
0.4048
0.4111
0.3808
0.4031
0.3976
0.411
0.383
0.3956
0.4038
0.3987
0.4141
0.4075
0.3811
0.4164
0.3983
0.4181
0.3883
0.4052
0.4012
0.4074
0.3811
0.4251
0.3634
0.4099
0.4219
0.4169
0.4186
0.4088
0.4671
0.4306
0.4233
0.4194
0.4175
0.4225
0.4207
0.4767
0.5233
0.5128
0.4416
0.4194
0.4243
0.3909
0.4142
0.4069
0.4125
0.3791
0.4097
0.4152
0.3771
0.4066
0.4081
0.4084
0.4127
0.3843
0.4161
0.3702
0.4172
0.3971
0.4063
0.4146
0.3801
0.4098
0.4056
0.4129
0.4007
0.4299
0.3851
0.406
0.4126
0.3784
0.4093
0.4119
0.4136
0.416
0.4431
0.4392
0.4048
0.4828
0.4037
0.4377
0.4608
0.439
0.4328
0.4596
0.4764
0.4282
0.4218
0.3975
0.4034
0.3894
0.415
0.3869
0.388
0.4045
0.3957
0.4227
0.4636
0.4033
0.3931
0.4191
0.4422
0.4296
0.402
0.4272
0.4024
0.4221
0.3928
0.416
0.3818
0.4241
0.3852
0.4287
0.4179
0.3766
0.4281
0.3849
0.4162
0.3936
0.4046
0.4218
0.3957
0.3709
0.4203
0.3759
0.4196
0.383
0.395
0.4194
0.4045
0.4168
0.5216
0.3996
0.4192
0.4122
0.421
0.3865
0.4421
0.4167
0.4438
0.398
0.4208
0.3853
0.417
0.4016
0.4111
0.3911
0.4045
0.4039
0.4126
0.3807
0.4068
0.3987
0.4137
0.4134
0.3661
0.4112
0.3893
0.4116
0.3823
0.4028
0.4109
0.3998
0.4076
0.4029
0.4024
0.4132
0.4011
0.4058
0.3774
0.4122
0.3993
0.3875
0.4349
0.397
4.4937
0.4627
11.303
0.4851
0.4208
3.85
0.4315
0.4341
0.5473
0.4684
0.4157
0.4139
0.4186
0.3733
0.426
0.4256
0.3838
0.374
0.3872
0.4179
0.3911
0.3988
0.4176
0.3839
0.4158
0.4111
0.4028
0.4037
0.4116
0.4045
0.4131
0.3852
0.4122
0.4178
0.422
0.4044
0.431
0.3915
0.4064
0.4086
0.4212
0.3979
0.4046
0.4201
0.4226
0.3854
0.4051
0.3877
0.4142
0.4095
0.412
0.3978
0.4035
0.4092
0.405
0.3871
0.4105
0.4087
0.3783
0.4053
0.4042
0.402
0.4135
0.4129
0.3906
0.4268
0.4151
0.414
0.4026
0.4088
0.3744
0.387
0.4112
0.3882
0.4034
0.4078
0.4088
0.4123
0.3905
0.4198
0.386
0.4222
0.4169
0.3879
0.4175
0.409
0.4011
0.4491
0.4139
0.4108
0.402
0.4012
0.4097
0.3843
0.408
0.3908
0.4196
0.4109
0.4163
0.3844
0.4104
0.413
0.3824
0.4072
0.4332
0.411
0.4131
0.4386
0.4022
0.4066
0.4092
0.3928
0.4052
0.388
0.419
0.3839
0.4087
0.3988
0.4028
0.409
0.399
0.4037
0.3886
0.4679
0.4152
0.3872
0.4116
0.4298
0.389
0.4246
0.3865
0.3704
0.3791
0.4127
0.391
0.3919
0.4029
0.4358
0.4361
0.4435
0.4253
0.4149
0.3908
0.3956
0.3905
0.3768
0.4008
0.4207
0.4124
0.4213
0.4143
0.4425
0.4227
0.4074
0.4058
0.4064
0.4054
0.3804
0.399
0.4189
0.4225
0.4065
0.4316
0.3917
0.4245
0.3903
0.4145
0.3827
0.3966
0.4055
0.3962
0.4135
0.3852
0.4181
0.3848
0.4164
0.3907
0.4162
0.3881
0.4283
0.4111
0.3924
0.4183
0.4131
0.4114
0.3887
0.4054
0.4087
0.4075
0.4102
0.4091
0.3904
0.4032
0.4063
0.4158
0.3971
0.4022
0.3881
0.4081
0.3879
0.4052
0.4146
0.4039
0.4255
0.412
0.3845
0.4025
0.4065
0.4043
0.42
0.4178
0.359
0.4146
0.4022
0.3889
0.4131
0.409
0.3786
0.4271
0.4169
0.3777
0.4119
0.4024
0.4184
0.3856
0.4082
0.4001
0.409
0.4122
0.3853
0.4147
0.3964
0.4093
0.4165
0.4124
0.3756
0.4625
0.4901
0.4536
0.4528
0.4363
0.3937
0.423
0.4578
0.4014
0.5013
0.4298
0.4842
0.4278
0.4758
0.4391
0.4294
0.4226
0.4074
0.4775
0.4176
0.4663
0.6178
0.7013
0.4747
0.5012
0.3871
0.3936
0.4577
0.4478
0.4958
0.5252
0.4538
0.4876
0.4358
0.4044
0.44
0.4562
0.4182
0.6126
0.5308
0.4248
0.5664
0.4078
0.5305
0.4624
0.4524
0.4587
0.4529
0.5224
0.4127
0.4902
0.489
0.4247
0.5409
0.4614
0.4641
0.4572
0.4106
0.4135
0.396
0.6121
0.4166
0.5383
0.4424
0.4044
0.4048
0.3934
0.416
0.5592
0.433
0.403
0.4051
0.3996
0.4704
0.3952
0.5016
0.4304
0.4177
0.5035
0.4749
0.4514
0.4478
0.4596
0.4374
0.7079
0.4072
0.4164
0.473
0.4587
0.4066
0.446
0.4468
0.4137
0.3801
0.5161
0.4263
0.4219
0.4325
0.7669
0.7748
0.4972
0.4199
0.3944
0.6378
0.3883
0.4164
0.4461
0.3693
0.6104
0.4003
0.487
0.4159
0.4623

---------------------------------------
CodechalDecodeHevcG12::DecodeStateLevel
---------------------------------------
0.5387
9.6321
8.8317
9.9694
8.626
14.8389
0.2196
0.1635
0.1826
0.166
0.202
0.1598
0.2201
0.182
0.2026
0.1617
0.2081
0.1874
0.2217
0.1709
0.2001
0.1624
0.2096
0.1652
0.254
0.744
0.2255
0.1683
0.2243
0.1645
0.201
0.1581
0.2136
0.1825
0.2126
0.1767
0.1878
0.1748
0.2101
0.1643
0.2167
0.1779
0.2034
0.159
0.2548
0.1731
0.2186
0.171
0.1638
0.1341
0.1474
0.1309
0.1446
0.1208
0.2141
0.1256
0.1624
0.1182
0.1452
0.1248
0.15
0.1284
0.1514
0.1256
0.1472
0.1211
0.1537
0.1151
0.1675
0.1271
0.1468
0.126
0.1607
0.1275
0.1522
0.1299
0.1529
0.1314
0.1431
0.1219
0.1511
0.1299
0.1528
0.1297
0.1623
0.1273
0.1445
0.1233
0.1527
0.1344
0.1604
0.1263
0.1449
0.13
0.1708
0.1279
0.1602
0.1285
0.1414
0.1258
0.1475
0.1188
0.1541
0.1296
0.142
0.1252
0.1555
0.1309
0.1557
0.1266
0.1562
0.1301
0.143
0.1258
0.1553
0.1266
0.1534
0.1276
0.1533
0.1312
0.1519
0.1234
0.1516
0.1296
0.1521
0.1318
0.1559
0.1242
0.1571
0.132
0.163
0.1219
0.1684
0.1206
0.1418
0.1246
0.1598
0.1243
0.1545
0.1351
0.1562
0.1388
0.1573
0.1267
0.1426
0.1274
0.1533
0.1345
0.1536
0.1233
0.1423
0.1205
0.155
0.1258
0.1576
0.1237
0.156
0.1298
0.1425
0.1246
0.1557
0.1239
0.1512
0.1248
0.1548
0.1283
0.1437
0.1202
0.1515
0.1192
0.1513
0.1262
0.152
0.1259
0.1576
0.1292
0.1566
0.1241
0.1425
0.122
0.1536
0.1368
0.1514
0.1229
0.1578
0.1342
0.1451
0.1265
0.154
0.1243
0.153
0.1243
0.1554
0.1298
0.1442
0.12
0.1623
0.1259
0.1406
0.1115
0.1513
0.1346
0.1665
0.1257
0.1594
0.1296
0.1628
0.1272
0.1578
0.126
0.1741
0.1451
0.1716
0.1266
0.1588
0.1333
0.166
0.1265
0.1572
0.1322
0.1659
0.1325
0.1614
0.1265
0.1936
0.1249
0.2155
0.1328
0.206
0.1335
0.1614
0.1261
0.1617
0.1273
0.1587
0.1365
0.1453
0.1272
0.1541
0.1287
0.1536
0.1309
0.1558
0.1336
0.1447
0.1192
0.1578
0.1235
0.1571
0.1329
0.1429
0.1196
0.1527
0.1313
0.154
0.1303
0.1564
0.1254
0.1562
0.132
0.145
0.1249
0.1574
0.1248
0.1406
0.1128
0.1543
0.1344
0.1502
0.1231
0.153
0.1282
0.1554
0.134
0.1447
0.1201
0.1542
0.1242
0.1521
0.1307
0.1568
0.1267
0.1451
0.1296
0.1566
0.1476
0.1442
0.1212
0.1528
0.1292
0.1574
0.1325
0.1438
0.1194
0.1535
0.1343
0.1495
0.1337
0.1567
0.1296
0.1566
0.1237
0.1659
0.1413
0.178
0.1232
0.1505
0.1287
0.1955
0.135
0.1491
0.1328
0.1662
0.1269
0.1883
0.1255
0.1761
0.1281
0.1701
0.1356
0.1819
0.1271
0.1939
0.1303
0.1627
0.135
0.1597
0.1273
0.1552
0.1208
0.1561
0.1188
0.1453
0.1273
0.158
0.1288
0.1434
0.1289
0.145
0.1303
0.1527
0.1294
0.157
0.1218
0.1601
0.1257
0.1874
0.1253
0.1503
0.1323
0.1475
0.1175
0.1564
0.1324
0.1662
0.1263
0.1618
0.1348
0.1498
0.1319
0.1648
0.1273
0.1477
0.1358
0.1662
0.1275
0.147
0.1234
0.1635
0.1252
0.1461
0.1196
0.1562
0.1423
0.1516
0.1189
0.1574
0.1397
0.1664
0.1275
0.1446
0.118
0.1586
0.1329
0.1525
0.1195
0.1583
0.1245
0.1557
0.1222
0.1532
0.1276
0.1634
0.1261
0.1499
0.1189
0.148
0.1135
0.1645
0.1293
0.1445
0.1192
0.1558
0.1395
0.1497
0.1187
0.155
0.1172
0.1679
0.1246
0.1567
0.1224
0.1559
0.1343
0.2155
0.1329
0.1499
0.1297
0.1579
0.1364
0.1572
0.1328
0.1585
0.1329
0.146
0.1265
0.1553
0.1612
0.1596
0.1258
0.1649
0.135
0.1523
0.1225
0.1607
0.1273
0.1478
0.1198
0.1545
0.1327
0.1529
0.1282
0.1591
0.1265
0.1474
0.1242
0.1537
0.1242
0.1527
0.1299
0.1562
0.133
0.1457
0.1182
0.1549
0.1256
0.1503
0.1268
0.1585
0.1249
0.1584
0.1286
0.1417
0.1128
0.1576
0.1249
0.1472
0.1184
0.156
0.13
0.144
0.1198
0.1511
0.1269
0.1574
0.1319
0.1514
0.1228
0.1531
0.1297
0.153
0.1302
0.1539
0.1231
0.1565
0.1319
0.1508
0.1296
0.1564
0.1242
0.1433
0.1218
0.1558
0.1307
0.1507
0.1237
0.1469
0.1187
0.1647
0.133
0.1455
0.129
0.2201
4.0936
0.1918
0.1346
4.9303
6.2153
0.2065
0.1373
0.1579
0.1376
0.2175
0.1477
0.1675
0.1282
0.1564
0.146
0.2439
0.1269
0.1957
0.1303
0.1606
0.1275
0.1632
0.1253
0.1645
0.1241
0.1424
0.1165
0.1657
0.1351
0.1649
0.1289
0.1462
0.12
0.1402
0.1232
0.1452
0.1247
0.156
0.1352
0.1494
0.1277
0.148
0.1299
0.1585
0.1331
0.1455
0.121
0.1551
0.1355
0.1549
0.1303
0.1548
0.1252
0.1536
0.1295
0.1551
0.1317
0.1562
0.1244
0.1564
0.1307
0.1442
0.1259
0.16
0.1299
0.1542
0.1387
0.1612
0.1261
0.1545
0.1248
0.1681
0.1263
0.1509
0.1215
0.1576
0.1255
0.1541
0.1291
0.1642
0.1259
0.1495
0.1244
0.1551
0.1271
0.1609
0.1254
0.1619
0.1329
0.1471
0.119
0.1566
0.1178
0.1461
0.1269
0.1556
0.1299
0.1541
0.1307
0.1557
0.1336
0.1525
0.1227
0.1506
0.1312
0.1549
0.1309
0.1551
0.1253
0.1445
0.1252
0.1534
0.1338
0.1559
0.1248
0.1416
0.1212
0.1567
0.1288
0.1532
0.1231
0.1526
0.1259
0.1569
0.1336
0.1585
0.1258
0.1522
0.1211
0.1546
0.1359
0.156
0.1313
0.1566
0.1253
0.1554
0.1237
0.1566
0.1283
0.1448
0.1139
0.1448
0.1232
0.1568
0.1306
0.1452
0.1261
0.1511
0.1283
0.1535
0.1292
0.1547
0.1283
0.1603
0.1256
0.1538
0.119
0.1627
0.1217
0.1468
0.1232
0.1609
0.1243
0.1596
0.1296
0.1487
0.121
0.1553
0.1353
0.1547
0.1315
0.1562
0.124
0.188
0.1285
0.1562
0.1315
0.1565
0.1306
0.1548
0.1242
0.154
0.1254
0.1577
0.128
0.1455
0.1251
0.155
0.1253
0.15
0.1178
0.159
0.1279
0.1557
0.1305
0.161
0.1302
0.1434
0.1229
0.1534
0.1318
0.159
0.1295
0.1445
0.1184
0.1538
0.1277
0.1579
0.153
0.1577
0.124
0.164
0.1308
0.1623
0.1494
0.1545
0.1237
0.1562
0.1301
0.1561
0.1273
0.1472
0.1247
0.1562
0.1172
0.1468
0.1264
0.1605
0.1255
0.1448
0.1261
0.1554
0.1289
0.1537
0.1243
0.1528
0.1253
0.1546
0.1239
0.1525
0.1264
0.1515
0.1307
0.1473
0.1201
0.1789
0.1314
0.1542
0.1394
0.1504
0.1203
0.1521
0.1327
0.1584
0.1446
0.1473
0.1226
0.1603
0.1315
0.1447
0.1262
0.1405
0.1183
0.142
0.1207
0.1567
0.1312
0.1498
0.1205
0.1577
0.1151
0.1582
0.123
0.1662
0.1364
0.1766
0.1289
0.174
0.1342
0.1623
0.1349
0.1598
0.1253
0.1453
0.1274
0.1514
0.1206
0.1482
0.1195
0.1429
0.114
0.1514
0.128
0.16
0.1315
0.1543
0.1345
0.1609
0.1344
0.1576
0.131
0.1651
0.13
0.1588
0.136
0.1537
0.1298
0.1545
0.1253
0.1521
0.1336
0.152
0.1295
0.1459
0.1199
0.1487
0.1262
0.1538
0.1409
0.1607
0.1228
0.1485
0.1345
0.1677
0.1268
0.149
0.1199
0.1582
0.1338
0.1451
0.1269
0.158
0.1245
0.1429
0.1259
0.145
0.1295
0.1521
0.1283
0.1503
0.1209
0.1581
0.1292
0.1451
0.1244
0.1608
0.132
0.1455
0.119
0.159
0.1307
0.1465
0.1264
0.1617
0.1249
0.1532
0.1189
0.1693
0.1274
0.1577
0.1274
0.1493
0.1237
0.1555
0.1351
0.1574
0.1239
0.1541
0.1319
0.1457
0.1281
0.1557
0.127
0.1559
0.1294
0.1541
0.1309
0.157
0.1253
0.1565
0.1277
0.1489
0.1237
0.1515
0.1219
0.1553
0.1259
0.1581
0.1326
0.1483
0.1235
0.1503
0.1285
0.1464
0.1263
0.1547
0.1273
0.1498
0.1195
0.1538
0.1297
0.1553
0.1321
0.154
0.1257
0.1617
0.134
0.1539
0.133
0.1468
0.1196
0.1532
0.1292
0.1559
0.126
0.1558
0.123
0.1595
0.1307
0.1629
0.1267
0.1401
0.1112
0.1572
0.1323
0.1514
0.1299
0.1527
0.1202
0.1552
0.1351
0.1533
0.1309
0.143
0.12
0.1658
0.1274
0.1586
0.126
0.1433
0.1196
0.1549
0.1338
0.1518
0.1275
0.1581
0.1239
0.1462
0.126
0.1515
0.1317
0.1546
0.1244
0.1575
0.1304
0.1538
0.1275
0.1446
0.1262
0.154
0.1346
0.1521
0.1228
0.1535
0.1298
0.1585
0.1335
0.1579
0.1256
0.1436
0.1224
0.1807
0.1308
0.2035
0.1261
0.1785
0.1292
0.1869
0.1256
0.1647
0.1345
0.154
0.1231
0.1673
0.1271
0.1814
0.1237
0.1569
0.1186
0.1966
0.1288
0.1683
0.1249
0.2064
0.1269
0.1665
0.1276
0.1948
0.1271
0.172
0.1356
0.1639
0.1281
0.1586
0.1374
0.1699
0.1209
0.1982
0.1281
0.1681
0.1202
0.1768
0.1408
0.2372
0.1728
0.28
0.1966
0.1896
0.1383
0.213
0.1371
0.1468
0.1218
0.1477
0.1277
0.1713
0.1404
0.1756
0.1397
0.2042
0.1376
0.2137
0.1483
0.1743
0.1402
0.1848
0.144
0.1784
0.1322
0.1469
0.1304
0.1622
0.1433
0.1808
0.141
0.1562
0.1325
0.2417
0.1927
0.2227
0.1444
0.1628
0.1305
0.2202
0.1828
0.1544
0.1295
0.2135
0.144
0.1811
0.1404
0.1769
0.14
0.2015
0.132
0.1787
0.1397
0.2242
0.1434
0.1564
0.1329
0.2019
0.1385
0.1988
0.1395
0.1587
0.1322
0.2299
0.1451
0.1809
0.1442
0.1786
0.1489
0.1749
0.1402
0.1577
0.1305
0.1543
0.1284
0.1497
0.1259
0.2412
0.1908
0.1547
0.1394
0.2081
0.1491
0.1745
0.1408
0.1525
0.1278
0.1485
0.1381
0.1511
0.1281
0.1571
0.1354
0.2096
0.1794
0.1655
0.1357
0.1513
0.1289
0.1517
0.1297
0.1518
0.1295
0.1904
0.1395
0.1534
0.1211
0.2039
0.1432
0.1612
0.1399
0.1613
0.1368
0.2099
0.1351
0.1843
0.146
0.1733
0.1415
0.1721
0.14
0.1775
0.1336
0.1678
0.1289
0.2886
0.1992
0.1565
0.1305
0.1614
0.1309
0.1779
0.1541
0.1808
0.14
0.1596
0.129
0.1695
0.1508
0.1662
0.1317
0.1625
0.1208
0.1429
0.1186
0.1582
0.2217
0.163
0.135
0.149
0.1213
0.1607
0.1437
0.2953
0.2426
0.3079
0.2523
0.2446
0.1239
0.157
0.1334
0.1513
0.1246
0.2052
0.2483
0.1513
0.1201
0.1527
0.1295
0.1686
0.1371
0.1383
0.1248
0.224
0.1889
0.1512
0.1279
0.1999
0.1342
0.1523
0.142
0.1815
0.1277

-------------------------------------
CodechalDecodeHevcG12::SetFrameStates
-------------------------------------
0.9395
8.9872
10.2707
0.1054
0.0867
0.075
0.0722
0.0721
0.0367
0.0373
0.0337
0.0354
0.0339
0.0409
0.0376
0.0335
0.0362
0.0376
0.0333
0.0364
0.0442
0.0335
0.0365
0.0409
0.0383
0.0348
0.0324
0.0448
0.0338
0.0314
0.0324
0.0334
0.0342
0.0269
0.0338
0.033
0.0336
0.0348
0.034
0.032
0.0346
0.0347
0.036
0.0321
0.0335
0.0348
0.0319
0.0367
0.0351
0.0323
0.0343
0.0343
0.0322
0.033
0.0336
0.0353
0.0314
0.0336
0.034
0.0348
0.0357
0.0333
0.0337
0.0374
0.0351
0.0335
0.0269
0.0326
0.0351
0.0343
0.0345
0.0371
0.0319
0.0343
0.0351
0.0311
0.0321
0.0334
0.0355
0.0313
0.0332
0.0329
0.0348
0.0361
0.0335
0.0323
0.033
0.0351
0.035
0.0317
0.0347
0.0355
0.0339
0.0322
0.0341
0.0339
0.0342
0.0359
0.0368
0.0227
0.0332
0.0353
0.035
0.035
0.035
0.0398
0.0381
0.0355
0.0356
0.0348
0.0354
0.0346
0.0412
0.0471
0.0465
0.0387
0.0354
0.035
0.0324
0.0377
0.0344
0.0346
0.0319
0.0328
0.0336
0.0313
0.0324
0.0339
0.0365
0.0339
0.0315
0.0351
0.0226
0.0368
0.0337
0.0336
0.0345
0.0339
0.0327
0.0343
0.0339
0.0335
0.0335
0.036
0.0357
0.0341
0.034
0.0338
0.0342
0.0339
0.0374
0.0385
0.0373
0.0358
0.0397
0.0331
0.0396
0.0394
0.0391
0.0365
0.0421
0.039
0.0366
0.0403
0.0336
0.0262
0.0325
0.0342
0.0324
0.0319
0.0343
0.0336
0.035
0.0415
0.0345
0.0347
0.0378
0.0406
0.0378
0.0336
0.0364
0.0333
0.0356
0.033
0.035
0.0332
0.0354
0.0323
0.0344
0.0352
0.0326
0.0345
0.0327
0.0342
0.0326
0.034
0.0349
0.033
0.0233
0.0349
0.0326
0.0344
0.0327
0.0345
0.0349
0.0353
0.0348
0.046
0.0346
0.0358
0.0347
0.0365
0.0326
0.0344
0.0362
0.04
0.0358
0.038
0.0325
0.037
0.0335
0.0351
0.0322
0.0346
0.0335
0.0341
0.0317
0.0324
0.0332
0.0373
0.0345
0.0228
0.0344
0.0334
0.0347
0.0321
0.0329
0.0339
0.036
0.0334
0.0336
0.0339
0.0348
0.0333
0.0341
0.0316
0.033
0.037
0.0329
0.0371
0.0337
0.0442
0.0383
0.0353
0.0382
0.0347
3.357
0.0363
0.0358
0.047
0.0372
0.0347
0.0349
0.0348
0.0236
0.0344
0.0365
0.034
0.0316
0.0351
0.0341
0.0324
0.0335
0.0355
0.0344
0.0339
0.0335
0.0359
0.0335
0.0338
0.0358
0.0345
0.0323
0.0335
0.0339
0.0353
0.0337
0.0369
0.0327
0.0342
0.0347
0.0353
0.0339
0.0331
0.037
0.0351
0.0324
0.0274
0.0318
0.0351
0.0339
0.0338
0.0349
0.0333
0.0341
0.0365
0.0324
0.0342
0.0346
0.0314
0.0319
0.0329
0.0335
0.0342
0.0371
0.0322
0.0393
0.0345
0.0343
0.0339
0.0346
0.0312
0.036
0.033
0.0326
0.0333
0.0342
0.0346
0.0369
0.0331
0.0275
0.0324
0.0347
0.0353
0.0323
0.0362
0.0348
0.0336
0.0361
0.0343
0.0338
0.0348
0.0339
0.0343
0.032
0.0341
0.0332
0.0363
0.0346
0.0351
0.034
0.0347
0.0342
0.0364
0.0327
0.0343
0.0354
0.0322
0.0342
0.0344
0.034
0.0348
0.0332
0.0275
0.0326
0.0352
0.0317
0.034
0.0333
0.0339
0.0371
0.0338
0.0333
0.0329
0.0438
0.0352
0.0341
0.0371
0.0357
0.0349
0.0348
0.0319
0.0306
0.0324
0.0333
0.0335
0.0329
0.0327
0.0375
0.0359
0.0363
0.0352
0.0379
0.0326
0.0335
0.0335
0.024
0.0336
0.0353
0.035
0.0348
0.0359
0.0421
0.0365
0.0342
0.0363
0.0327
0.0337
0.0336
0.0327
0.0355
0.0393
0.0381
0.037
0.0329
0.0351
0.0326
0.0353
0.0316
0.0368
0.0339
0.034
0.0339
0.0316
0.0341
0.0332
0.0345
0.0327
0.0351
0.0229
0.0362
0.0354
0.0331
0.0375
0.0358
0.0347
0.0319
0.0358
0.0339
0.0338
0.0372
0.0348
0.0323
0.0344
0.0339
0.0332
0.0335
0.0339
0.0323
0.0341
0.0341
0.0339
0.0337
0.0358
0.0356
0.0341
0.0346
0.0332
0.0344
0.0347
0.0352
0.0344
0.022
0.0329
0.0344
0.0325
0.0339
0.0345
0.0334
0.0346
0.0349
0.0314
0.0334
0.0345
0.0393
0.0319
0.0352
0.0331
0.033
0.034
0.0319
0.0363
0.0358
0.0345
0.0352
0.037
0.0313
0.0407
0.0431
0.0406
0.039
0.0393
0.0336
0.035
0.0388
0.0273
0.0546
0.036
0.0396
0.036
0.0404
0.036
0.0365
0.0358
0.034
0.0405
0.0365
0.0369
0.0604
0.0602
0.0408
0.0485
0.033
0.0333
0.0357
0.0364
0.0385
0.0427
0.0374
0.0504
0.0368
0.0443
0.0345
0.0365
0.0334
0.05
0.0425
0.0348
0.0366
0.0324
0.0472
0.0386
0.0363
0.0333
0.0348
0.0407
0.0337
0.0385
0.0385
0.0345
0.0434
0.0367
0.0361
0.0367
0.0318
0.0395
0.0343
0.0523
0.0332
0.0508
0.0355
0.0331
0.0322
0.033
0.0328
0.0483
0.0356
0.0342
0.033
0.033
0.0371
0.0239
0.0442
0.0358
0.0339
0.042
0.0362
0.0376
0.0357
0.0406
0.0391
0.0673
0.0342
0.0337
0.0412
0.0364
0.0331
0.0325
0.034
0.0369
0.0318
0.0461
0.0369
0.0601
0.0345
0.0644
0.0514
0.042
0.0349
0.0328
0.0341
0.0325
0.0335
0.0357
0.0217
0.0499
0.0353
0.0444
0.0339
0.0411

--------------------------
CreateVideoDecoder_D3D11_1
--------------------------
25.3757

---------------------------
DestroyVideoDecoder_D3D11_1
---------------------------
0

----------------
First Frame Time
----------------
92.7742

--------------------------------------
VideoDecoderBeginFrame_WDDM2_4_D3D11_1
--------------------------------------
0.0097
0.0038
0.0034
0.0041
0.0026
0.0019
0.0024
0.0019
0.0025
0.0022
0.002
0.0021
0.0019
0.0034
0.0023
0.002
0.002
0.002
0.002
0.0039
0.0018
0.0018
0.002
0.0028
0.0024
0.002
0.0021
0.0028
0.0041
0.0016
0.0021
0.0018
0.0025
0.0025
0.0018
0.0018
0.0017
0.0017
0.0017
0.0018
0.0016
0.0019
0.0029
0.002
0.0018
0.0021
0.0017
0.002
0.0022
0.0021
0.0022
0.0022
0.0018
0.0018
0.0018
0.0019
0.0022
0.0018
0.0017
0.0019
0.002
0.0018
0.002
0.0028
0.0018
0.0022
0.0021
0.0017
0.002
0.0018
0.0021
0.0019
0.002
0.0017
0.0018
0.0017
0.0019
0.002
0.002
0.0021
0.0016
0.0019
0.0019
0.0023
0.0027
0.0019
0.0018
0.0019
0.0019
0.0017
0.0019
0.002
0.0019
0.0018
0.0028
0.0019
0.0019
0.002
0.0024
0.002
0.0019
0.002
0.0021
0.0019
0.0018
0.0026
0.0023
0.002
0.002
0.0018
0.002
0.0018
0.0028
0.0032
0.0032
0.0026
0.0022
0.0025
0.002
0.0019
0.0019
0.002
0.002
0.0016
0.0019
0.002
0.0018
0.002
0.0018
0.0018
0.002
0.0019
0.0023
0.0018
0.0018
0.002
0.0021
0.0019
0.0019
0.0018
0.0019
0.0028
0.0019
0.0018
0.0017
0.0019
0.002
0.0019
0.0024
0.0019
0.0024
0.0021
0.0027
0.0021
0.0024
0.0019
0.0018
0.0026
0.0021
0.002
0.0025
0.0022
0.0021
0.0019
0.0022
0.002
0.0022
0.0019
0.0022
0.0017
0.0018
0.0017
0.002
0.0028
0.002
0.0021
0.0019
0.0029
0.0023
0.002
0.002
0.0017
0.0017
0.0017
0.0018
0.0019
0.0018
0.0018
0.0018
0.0021
0.0019
0.0018
0.0018
0.002
0.0018
0.0018
0.0019
0.002
0.0021
0.0019
0.0018
0.0016
0.0019
0.0024
0.002
0.0021
0.0018
0.0036
0.0022
0.0021
0.0021
0.0084
0.002
0.0017
0.0019
0.0027
0.0022
0.002
0.002
0.0017
0.0018
0.0019
0.0018
0.0019
0.0024
0.0019
0.0019
0.0018
0.0018
0.002
0.002
0.0021
0.002
0.0025
0.0019
0.002
0.0017
0.0018
0.0019
0.0019
0.002
0.002
0.002
0.002
0.0019
0.0019
0.0017
0.0019
0.0022
0.0023
0.002
0.0053
0.0027
0.0018
0.0026
0.0022
0.0027
0.0019
0.0022
0.0033
0.0024
0.0021
0.0021
0.0023
0.0019
0.0019
0.0025
0.002
0.0018
0.0016
0.0017
0.0022
0.0017
0.0017
0.0018
0.0016
0.0022
0.0019
0.0019
0.0019
0.0019
0.002
0.0019
0.0018
0.0019
0.0019
0.0027
0.0019
0.0022
0.002
0.0017
0.0019
0.0021
0.0018
0.002
0.0021
0.0024
0.0027
0.0022
0.0018
0.0018
0.0019
0.0018
0.0019
0.0018
0.002
0.0019
0.0021
0.002
0.0019
0.0017
0.002
0.0018
0.0018
0.002
0.0018
0.0038
0.002
0.002
0.0019
0.0019
0.0032
0.0017
0.0019
0.0021
0.0018
0.0021
0.002
0.0019
0.0024
0.0021
0.002
0.002
0.0019
0.002
0.0017
0.0021
0.0019
0.0022
0.0018
0.002
0.0019
0.002
0.0021
0.0022
0.0018
0.0026
0.0023
0.0018
0.0023
0.0018
0.002
0.0021
0.0023
0.0019
0.0018
0.002
0.0016
0.002
0.0017
0.0017
0.002
0.0022
0.0044
0.0022
0.0021
0.0021
0.0018
0.0019
0.0019
0.0018
0.0019
0.002
0.0023
0.0026
0.0026
0.0018
0.0018
0.0019
0.0019
0.0018
0.0018
0.0019
0.0017
0.0018
0.0026
0.0024
0.0017
0.0019
0.0023
0.0018
0.0019
0.0018
0.0017
0.0027
0.0025
0.0025
0.0019
0.0019
0.0024
0.0022
0.0021
0.0017
0.0026
0.0051
0.0024
0.0023
0.002
0.0021
0.0022
0.0018
0.003
0.0019
0.0024
0.0021
0.002
0.002
0.002
0.002
0.0018
0.0018
0.0024
0.0019
0.0016
0.002
0.002
0.002
0.0021
0.0021
0.0018
0.002
0.0021
0.0022
0.0018
0.0022
0.0018
0.0021
0.0018
0.0019
0.0018
0.0019
0.002
0.0019
0.0018
0.0021
0.0018
0.0021
0.0018
0.002
0.002
0.002
0.002
0.002
0.0021
0.002
0.0021
0.0023
0.0019
0.002
0.0018
0.0019
0.0023
0.0021
0.0018
0.0018
0.002
0.0018
0.0024
0.002
0.002
0.002
0.0018
0.0018
0.002
0.0093
0.0021
0.0018
0.0017
0.0023
0.0019
0.002
0.0018
0.002
0.0018
0.0021
0.0019
0.0018
0.0029
0.0036
0.0029
0.0023
0.0021
0.0019
0.0022
0.0027
0.0026
0.003
0.0019
0.0025
0.0022
0.0027
0.0021
0.002
0.0021
0.0019
0.0026
0.002
0.0021
0.0056
0.0063
0.0025
0.0025
0.0022
0.0018
0.0023
0.002
0.0023
0.0029
0.0025
0.0025
0.0018
0.0018
0.0019
0.0021
0.0018
0.0027
0.0028
0.0025
0.0028
0.0021
0.003
0.0024
0.0022
0.0019
0.0019
0.0025
0.002
0.0025
0.0026
0.0019
0.0028
0.0023
0.0021
0.0021
0.002
0.0021
0.0023
0.0029
0.0019
0.0031
0.0022
0.0023
0.0019
0.0017
0.0018
0.0024
0.0019
0.0019
0.002
0.002
0.0022
0.0021
0.0027
0.0021
0.0019
0.0029
0.0024
0.0022
0.002
0.0029
0.0025
0.0041
0.0021
0.0024
0.0021
0.0021
0.002
0.0017
0.0019
0.0019
0.0016
0.0018
0.0017
0.0022
0.0019
0.0045
0.002
0.0018
0.0019
0.0019
0.0022
0.0024
0.002
0.0019
0.0018
0.003
0.0022
0.003
0.0022
0.0028

----------------------------
VideoDecoderEndFrame_D3D11_1
----------------------------
0.0423
0.0767
0.0865
0.0642
0.0593
0.0596
0.068
0.062
0.0618
0.0745
0.0589
0.0598
0.0628
0.0779
0.0615
0.0576
0.0637
0.0615
0.0565
0.063
0.0644
0.0608
0.0633
0.0678
0.0616
0.0571
0.0549
0.0609
0.0564
0.0575
0.0617
0.0571
0.056
0.0626
0.0609
0.0575
0.0597
0.0636
0.0606
0.059
0.0605
0.063
0.0595
0.0569
0.0603
0.0605
0.0598
0.0599
0.059
0.0561
0.0587
0.0588
0.0574
0.0611
0.0608
0.0609
0.0593
0.06
0.0616
0.059
0.059
0.0636
0.0601
0.0596
0.0618
0.061
0.0624
0.0615
0.0614
0.0611
0.0588
0.0613
0.0568
0.0593
0.0605
0.0559
0.0603
0.0594
0.0591
0.0581
0.0581
0.0605
0.0608
0.0597
0.0575
0.062
0.0591
0.0634
0.0604
0.0589
0.0585
0.0621
0.0607
0.0564
0.0632
0.0582
0.0592
0.059
0.0595
0.0569
0.0592
0.0597
0.0601
0.0625
0.0673
0.0721
0.0608
0.0657
0.0604
0.0667
0.0582
0.0661
0.0616
0.064
0.0641
0.0626
0.0607
0.0611
0.0589
0.06
0.0604
0.0595
0.0572
0.0608
0.0609
0.0599
0.0613
0.0587
0.0586
0.0601
0.0564
0.0615
0.0563
0.0618
0.0614
0.0624
0.0594
0.0546
0.062
0.0572
0.059
0.0635
0.0604
0.0568
0.059
0.0622
0.0573
0.0616
0.0607
0.0649
0.0591
0.0655
0.0575
0.0614
0.0606
0.0591
0.0629
0.0681
0.0618
0.0603
0.0652
0.0621
0.063
0.0625
0.0601
0.0602
0.0566
0.0605
0.0606
0.056
0.0633
0.0602
0.0644
0.0606
0.0567
0.0579
0.0644
0.0665
0.0622
0.0585
0.0632
0.0638
0.058
0.0628
0.0616
0.061
0.0653
0.0571
0.0687
0.0591
0.067
0.0676
0.057
0.0674
0.0624
0.07
0.0659
0.0578
0.0639
0.0591
0.0625
0.0649
0.0557
0.0651
0.0616
0.0654
0.0621
0.0667
0.058
0.0611
0.0613
0.0679
0.0607
0.06
0.0671
0.0596
0.0566
0.0637
0.0699
0.0589
0.0572
0.0618
0.0547
0.0612
0.0612
0.0593
0.0575
0.0598
0.0585
0.0588
0.0605
0.0617
0.06
0.0571
0.0642
0.0559
0.0604
0.0609
0.0618
0.0611
0.0631
0.0596
0.0627
0.0631
0.0597
0.0554
0.0624
0.06
0.0556
0.0637
0.0605
0.0803
0.0544
0.0891
0.056
0.0875
0.1106
0.1147
0.0572
0.0623
0.0593
0.0616
0.0559
0.0553
0.0556
0.0599
0.0634
0.0593
0.0587
0.0547
0.0639
0.0575
0.0589
0.0599
0.0594
0.0612
0.0598
0.0586
0.0628
0.061
0.0584
0.0584
0.0552
0.063
0.0627
0.0611
0.0665
0.061
0.0585
0.0604
0.061
0.061
0.0597
0.0648
0.062
0.0589
0.0604
0.0607
0.0551
0.0615
0.0589
0.0612
0.0653
0.0604
0.0602
0.0599
0.0586
0.0589
0.06
0.0568
0.0607
0.0574
0.0626
0.0595
0.0587
0.0563
0.0803
0.0588
0.0626
0.0607
0.0579
0.0578
0.0598
0.0598
0.0594
0.0613
0.0579
0.0594
0.0615
0.0588
0.0591
0.0581
0.0624
0.0605
0.0636
0.0618
0.0605
0.0632
0.0632
0.0601
0.0616
0.06
0.0591
0.0604
0.0612
0.061
0.0674
0.063
0.0641
0.0568
0.0576
0.061
0.0585
0.0556
0.0589
0.0637
0.0611
0.0569
0.0629
0.0594
0.0629
0.0607
0.0583
0.0599
0.0553
0.0622
0.0562
0.0603
0.0603
0.0576
0.0596
0.0644
0.0611
0.0583
0.0637
0.0572
0.0563
0.0621
0.0609
0.0571
0.06
0.0595
0.0558
0.0612
0.0602
0.0586
0.0571
0.0603
0.064
0.0633
0.0609
0.0636
0.0611
0.0594
0.0597
0.0576
0.0565
0.0605
0.0619
0.0624
0.0641
0.0604
0.0623
0.0609
0.061
0.0614
0.0617
0.0597
0.0559
0.06
0.061
0.0695
0.0593
0.0599
0.0599
0.0633
0.0621
0.0621
0.0567
0.057
0.0613
0.0591
0.0615
0.0616
0.0609
0.0586
0.058
0.0584
0.0626
0.0611
0.0601
0.0623
0.0559
0.0589
0.0662
0.0596
0.0588
0.0604
0.0633
0.0594
0.061
0.061
0.0565
0.0582
0.0608
0.062
0.0595
0.0636
0.0594
0.0601
0.0591
0.0594
0.0583
0.0603
0.0589
0.0579
0.0552
0.0619
0.0592
0.0591
0.0578
0.0603
0.0616
0.0605
0.0607
0.0588
0.0607
0.0606
0.0572
0.0621
0.0591
0.0561
0.0589
0.0585
0.063
0.058
0.0613
0.061
0.0596
0.0628
0.0568
0.0601
0.0626
0.0615
0.0601
0.0595
0.0566
0.0623
0.0587
0.0582
0.0613
0.0677
0.0567
0.0628
0.0612
0.0604
0.0693
0.0588
0.0632
0.0611
0.0624
0.0645
0.0625
0.0637
0.0615
0.0622
0.0585
0.0795
0.0649
0.0876
0.0731
0.0739
0.06
0.0585
0.0752
0.0857
0.0696
0.0894
0.0896
0.0893
0.0732
0.0687
0.0858
0.0852
0.0902
0.0847
0.0893
0.0779
0.0858
0.076
0.0917
0.0829
0.0863
0.0797
0.0931
0.086
0.0832
0.0854
0.0613
0.0908
0.0905
0.0892
0.0916
0.0951
0.063
0.0617
0.0591
0.0875
0.0907
0.1044
0.0948
0.0598
0.0582
0.0573
0.0611
0.0797
0.0568
0.0594
0.0633
0.0637
0.0814
0.0825
0.0907
0.0782
0.0705
0.0814
0.0836
0.0872
0.0851
0.0898
0.083
0.0881
0.0698
0.0808
0.0879
0.0827
0.0853
0.0891
0.0658
0.0582
0.0575
0.059
0.06
0.0669
0.0999
0.1118
0.1019
0.0582
0.0714
0.0623
0.1088
0.0567
0.0598
0.0609
0.0566
0.0943
0.0589
0.062
0.0583
0.0594

---------------------------------
VideoDecoderSubmitBuffers_D3D11_1
---------------------------------
11.6383
27.9669
33.9224
0.6441
0.565
0.5668
0.5998
0.5638
0.5652
0.5702
0.5123
0.5539
1.177
0.5744
0.5558
0.5134
0.5626
0.5641
0.5226
0.5427
0.581
0.523
0.5923
0.5744
0.4444
0.4094
0.3954
0.5258
0.4247
0.393
0.4146
0.4133
0.4037
0.4113
0.436
0.4048
0.4236
0.4223
0.4209
0.3903
0.4229
0.4173
0.4369
0.3955
0.4293
0.4276
0.4053
0.4459
0.4299
0.3939
0.4098
0.4241
0.393
0.4214
0.4246
0.4292
0.3947
0.4198
0.4241
0.4201
0.4127
0.4164
0.4184
0.4272
0.4279
0.4219
0.436
0.3943
0.4279
0.4304
0.4369
0.4299
0.3965
0.4233
0.4158
0.3881
0.4138
0.4174
0.4241
0.3934
0.4158
0.4112
0.424
0.3951
0.4112
0.4171
0.4114
0.4283
0.4219
0.393
0.4296
0.4108
0.4317
0.4003
0.4192
0.4143
0.4208
0.393
0.4444
0.3786
0.4253
0.4365
0.431
0.4328
0.422
0.487
0.4465
0.438
0.4336
0.4313
0.4366
0.4347
0.4986
0.5487
0.5401
0.4615
0.4337
0.4386
0.404
0.4266
0.4198
0.4256
0.3913
0.4223
0.4286
0.3891
0.4188
0.4206
0.4218
0.4257
0.396
0.431
0.3857
0.4309
0.4108
0.4193
0.4282
0.3923
0.4226
0.4184
0.4265
0.4185
0.4436
0.3992
0.4188
0.4259
0.3901
0.4216
0.4278
0.4279
0.4377
0.461
0.4587
0.4184
0.5022
0.4173
0.4551
0.4814
0.4547
0.4468
0.4817
0.4967
0.443
0.4365
0.4113
0.42
0.4017
0.4283
0.4013
0.4036
0.4187
0.4092
0.441
0.4858
0.4176
0.4092
0.4329
0.4637
0.4459
0.416
0.4455
0.4167
0.439
0.4065
0.43
0.3945
0.4383
0.3977
0.4431
0.4316
0.3895
0.4423
0.3974
0.4304
0.4067
0.4179
0.4361
0.41
0.386
0.4377
0.3879
0.4335
0.3961
0.4106
0.4343
0.4206
0.4309
0.5477
0.4139
0.4336
0.426
0.4443
0.3988
0.4562
0.4318
0.4636
0.4136
0.435
0.3989
0.43
0.4153
0.4268
0.404
0.4171
0.417
0.4257
0.3949
0.4192
0.4114
0.428
0.4276
0.3805
0.4269
0.4051
0.4254
0.3954
0.4154
0.4237
0.4131
0.4208
0.4162
0.4162
0.4273
0.4139
0.4191
0.3895
0.4254
0.412
0.4021
0.4539
0.4177
4.5153
0.4795
11.3194
0.5041
0.4382
3.8772
0.4458
0.4499
0.5751
0.4868
0.431
0.4278
0.435
0.3899
0.4392
0.4431
0.3977
0.3862
0.3994
0.4325
0.403
0.4117
0.4305
0.3957
0.4287
0.4243
0.4154
0.4169
0.4244
0.4174
0.4261
0.3967
0.4275
0.4314
0.4363
0.4188
0.447
0.4048
0.4195
0.4216
0.4357
0.4275
0.418
0.4348
0.4372
0.4002
0.4247
0.4002
0.4282
0.4229
0.4251
0.4108
0.416
0.4217
0.4183
0.3999
0.4236
0.4218
0.3899
0.4176
0.4168
0.4146
0.4266
0.4268
0.4031
0.4478
0.4296
0.4281
0.4155
0.4218
0.3881
0.399
0.4244
0.4006
0.4164
0.4217
0.4258
0.4257
0.4053
0.4396
0.3986
0.4363
0.4305
0.4008
0.4305
0.4223
0.4163
0.4655
0.4273
0.4243
0.4195
0.4145
0.4231
0.3967
0.4212
0.4064
0.4347
0.4247
0.4305
0.3972
0.4233
0.4258
0.3948
0.4192
0.4455
0.4244
0.4255
0.4548
0.416
0.4197
0.4224
0.4076
0.425
0.4008
0.4339
0.3958
0.4242
0.4112
0.4156
0.422
0.4119
0.416
0.4036
0.4906
0.4295
0.4003
0.4242
0.4432
0.4009
0.4387
0.3985
0.3826
0.391
0.4249
0.4062
0.4077
0.4158
0.4501
0.4502
0.459
0.4387
0.4285
0.4033
0.4118
0.4059
0.3948
0.4142
0.4346
0.4256
0.4341
0.4271
0.4693
0.4378
0.4208
0.4189
0.42
0.4191
0.3927
0.411
0.4321
0.4412
0.4196
0.4479
0.4065
0.4398
0.4037
0.4288
0.395
0.4088
0.4212
0.4114
0.4269
0.3979
0.4316
0.4012
0.4299
0.4032
0.434
0.4025
0.4436
0.4241
0.4062
0.431
0.428
0.4245
0.4006
0.4176
0.4222
0.42
0.4234
0.4221
0.4039
0.4155
0.4193
0.4289
0.4125
0.4154
0.4011
0.4213
0.4002
0.42
0.428
0.4164
0.4398
0.4256
0.3969
0.4144
0.4203
0.4191
0.436
0.4321
0.3732
0.428
0.4158
0.4013
0.4259
0.4223
0.3913
0.4417
0.4313
0.3899
0.4241
0.4154
0.4351
0.398
0.4203
0.4134
0.4239
0.4261
0.3976
0.4279
0.409
0.4225
0.43
0.4266
0.388
0.4962
0.5141
0.4757
0.4713
0.453
0.4071
0.4373
0.4776
0.4192
0.5249
0.4465
0.5045
0.4432
0.4978
0.4548
0.4453
0.4378
0.4215
0.5007
0.4321
0.4878
0.645
0.7348
0.4908
0.5195
0.4008
0.4057
0.4756
0.4619
0.5152
0.5472
0.468
0.5056
0.4522
0.4179
0.4554
0.4706
0.4358
0.6328
0.5531
0.4401
0.5922
0.4209
0.5557
0.4776
0.4665
0.4713
0.4737
0.5446
0.4263
0.5106
0.5073
0.4401
0.5638
0.4765
0.4775
0.4716
0.423
0.4292
0.4116
0.633
0.4295
0.5633
0.4564
0.4179
0.4175
0.4074
0.4291
0.5787
0.4484
0.4157
0.4185
0.4122
0.4864
0.4112
0.5218
0.4471
0.4321
0.5265
0.4899
0.4656
0.4613
0.4806
0.4533
0.74
0.4212
0.4298
0.4864
0.4731
0.4186
0.4589
0.4621
0.4287
0.3935
0.533
0.4401
0.4434
0.4466
0.7921
0.7926
0.5107
0.4332
0.4077
0.6544
0.4011
0.43
0.4621
0.3828
0.638
0.4154
0.5098
0.4308
0.4858

