---------------------------------------------
CalcPrivateVideoDecoderOutputViewSize_D3D11_1
---------------------------------------------
0.002
0.0016
0.002
0.0012
0.001
0.0013
0.0013
0.0019
0.0008
0.0012
0.0008
0.0006
0.0006
0.0014
0.0007
0.0022
0.0009
0.0009
0.0008
0.0019
0.0006
0.0007
0.0009
0.0006
0.0006
0.0007
0.0006
0.0006
0.0014
0.0006
0.0006
0.0007
0.0007
0.0008
0.0007
0.0006
0.0006
0.0006
0.0006
0.0006
0.0007
0.001
0.0014
0.0009
0.0008
0.0007
0.0006
0.0018
0.0006
0.0006
0.0017
0.0009
0.0009
0.0017
0.0008
0.0007
0.0015
0.0009
0.0008
0.0006
0.0009
0.0007
0.0009
0.0045
0.0011
0.0007
0.0009
0.0007
0.0008
0.0008
0.0007
0.0007
0.0007
0.0006
0.0015
0.001
0.0012
0.0012
0.0009
0.0012
0.0011
0.0015
0.0019
0.0009
0.001
0.0008
0.0012
0.0006
0.0014
0.0014
0.0018
0.0016
0.001
0.0008
0.0023
0.0007
0.0008
0.0007
0.0006
0.0007
0.0032
0.0009
0.001
0.0008
0.0008
0.0008
0.0008
0.0008
0.0024
0.001
0.0012
0.0009
0.0013
0.0035
0.0007
0.0012
0.0013
0.0008
0.0011
0.0015
0.0017
0.001
0.0013
0.001
0.0026
0.0014
0.0017
0.0009
0.0012
0.0007

-----------------------
CodechalDecode::Execute
-----------------------
10.6524
11.7795
10.854
10.2902
4.5723
0.9306
0.8948
1.0597
0.6335
0.6431
0.6813
0.5909
0.6124
0.6256
0.593
0.7682
4.8665
4.7646
0.5565
0.5574
0.5519
0.5414
0.5361
0.5736
0.4243
0.4179
0.4256
0.4274
0.4236
0.4015
0.4286
0.4282
0.4313
0.433
0.4204
0.3974
0.4295
0.4165
0.3958
0.4294
0.4205
0.4065
0.4025
0.5575
0.4338
0.4711
0.4756
0.4814
0.3957
0.3726
0.4659
0.4561
0.4732
0.5182
0.4851
0.4313
0.4535
0.4777
0.4257
0.4775
0.4673
0.4144
0.4762
0.7197
0.5045
0.4778
0.4341
0.4624
0.4139
0.4636
0.4832
0.4147
0.4507
0.3905
0.4654
0.4427
0.4181
0.5637
0.4101
0.5731
0.4883
0.443
0.5065
0.4834
0.4314
0.4641
0.4022
0.3818
0.4304
0.4553
0.497
0.482
0.4275
0.4015
0.4015
0.4189
0.4548
0.3852
0.3863
0.3977
0.4155
0.6733
8.0931
0.7871
5.5925
5.729
0.4771
3.407
2.2688
2.7261
3.0755
0.4318
0.419
0.6746
0.4445
0.5282
0.5735
0.4017
0.534
0.4491
0.4542
0.4221
0.4343
0.433
0.5017
0.46
0.4945
0.4682
0.4169
0.4003

---------------------------------------
CodechalDecodeHevcG12::DecodeStateLevel
---------------------------------------
0.5309
4.1737
0.5549
2.8773
4.3251
5.8896
6.2796
2.4404
0.2502
0.2104
0.2555
0.2297
0.2403
0.2807
0.3335
0.2754
0.253
0.1978
0.2419
0.1935
0.2598
0.2307
0.2152
0.1875
0.2293
0.1936
0.2374
0.1891
0.2268
0.1927
0.3542
0.2036
0.2407
4.1313
0.2175
4.2282
0.2242
0.1709
0.2185
0.1723
0.2259
0.1714
0.2237
0.1675
0.2056
0.1742
0.2433
0.1719
0.1682
0.1291
0.164
0.1284
0.1625
0.1345
0.1683
0.1312
0.166
0.1291
0.1496
0.135
0.1689
0.1304
0.1625
0.1386
0.1633
0.1349
0.1708
0.1319
0.1638
0.1298
0.1487
0.1319
0.1678
0.1295
0.1624
0.1281
0.1479
0.1321
0.1659
0.1319
0.1636
0.1284
0.1588
0.1221
0.1532
0.1318
0.2205
0.1824
0.1759
0.1309
0.174
0.1564
0.1996
0.1366
0.1939
0.1394
0.1617
0.1238
0.142
0.1202
0.18
0.1439
0.1762
0.1434
0.1842
0.15
0.2108
0.1406
0.191
0.1441
0.1656
0.1414
0.1769
0.1373
0.1865
0.1511
0.1621
0.1375
0.1884
0.1572
0.1842
0.1431
0.162
0.1313
0.1924
0.1462
0.2842
0.207
0.2119
0.142
0.198
0.1433
0.1696
0.1346
0.1779
0.1453
0.156
0.1303
0.185
0.1463
0.1861
0.1612
0.1627
0.127
0.1683
0.1382
0.1511
0.1313
0.1812
0.1369
0.1652
0.1388
0.1686
0.1274
0.2202
0.1848
0.1528
0.1405
0.2256
0.1898
0.205
0.146
0.1745
0.1346
0.2082
0.1384
0.1794
0.15
0.1684
0.1338
0.175
0.1542
0.1528
0.1333
0.144
0.1285
0.1675
0.127
0.1853
0.1283
0.2024
0.1325
0.1966
0.1356
0.1637
0.1323
0.1544
0.1292
0.153
0.1268
0.1634
0.1378
0.1763
0.1452
0.1478
0.1246
0.1487
0.1236
0.1532
0.127
0.1545
0.1448
0.1598
0.1306
0.1796
4.144
0.1721
0.1303
0.184
0.188
0.1824
0.137
0.1632
0.1731
0.176
0.1292
0.2461
1.7818
0.3535
0.2187
0.1772
0.1389
0.1796
0.1283
0.1603
0.1261
0.2977
0.1832
0.1857
0.1316
0.2032
0.173
0.2205
0.1829
0.1535
0.1322
0.2046
0.1751
0.1742
0.1325
0.1745
0.1316
0.162
0.1249
0.1694
0.1265
0.1671
0.1294
0.1988
0.1358
0.187
0.131
0.1992
0.1407
0.1763
0.1465
0.1646
0.126
0.1519
0.1252

-------------------------------------
CodechalDecodeHevcG12::SetFrameStates
-------------------------------------
5.6928
8.2007
0.5233
1.4513
3.8912
0.2478
0.1168
0.253
0.0366
0.0401
0.0358
0.0356
0.0359
0.0371
0.0358
0.0472
0.3581
0.2036
0.0379
0.0447
0.0391
0.0365
0.0341
0.0365
0.0364
0.0358
0.036
0.0355
0.0362
0.0324
0.0357
0.0356
0.0362
0.0368
0.0358
0.0323
0.0373
0.0353
0.0319
0.0349
0.0359
0.0347
0.0323
0.0427
0.0357
0.036
0.0419
0.036
0.0312
0.0331
0.0393
0.0406
0.0378
0.042
0.0389
0.034
0.0366
0.0368
0.0326
0.0356
0.0357
0.0327
0.0364
0.0651
0.0386
0.0371
0.034
0.0365
0.0333
0.0354
0.0355
0.033
0.0353
0.0316
0.0416
0.0361
0.0347
0.0446
0.0327
0.0446
0.0389
0.0384
0.0417
0.0396
0.0333
0.0379
0.0329
0.0306
0.0383
0.0406
0.0423
0.0429
0.0355
0.0319
0.0335
0.0322
0.0345
0.0319
0.0309
0.0327
0.0333
0.2858
3.6693
0.3822
5.125
5.3037
0.0332
2.9952
0.0791
2.0099
2.6565
0.0343
0.0355
0.0616
0.036
0.0407
0.0443
0.0333
0.041
0.0384
0.0409
0.0386
0.0387
0.0374
0.0459
0.0383
0.0419
0.0413
0.0349
0.0335

--------------------------
CreateVideoDecoder_D3D11_1
--------------------------
14.7658

---------------------------
DestroyVideoDecoder_D3D11_1
---------------------------
0

----------------
First Frame Time
----------------
65.2623

--------------------------------------
VideoDecoderBeginFrame_WDDM2_4_D3D11_1
--------------------------------------
0.0093
0.0027
0.0024
0.0023
0.002
0.0021
0.0022
0.0037
0.0019
0.0023
0.002
0.0019
0.0018
0.003
0.002
0.0037
0.0022
0.0021
0.0023
0.0029
0.0019
0.0018
0.0023
0.0018
0.0019
0.0018
0.0017
0.0018
0.0026
0.0017
0.0018
0.0019
0.0019
0.0018
0.0019
0.0016
0.0017
0.0017
0.0016
0.0017
0.0017
0.0024
0.0027
0.0021
0.0018
0.0018
0.0019
0.0018
0.0017
0.0016
0.0026
0.0022
0.0022
0.0033
0.0025
0.0018
0.0025
0.002
0.0017
0.0018
0.002
0.0021
0.0027
0.0066
0.0023
0.0018
0.0021
0.0017
0.0017
0.0016
0.0018
0.0016
0.0018
0.0015
0.0025
0.0048
0.0019
0.0023
0.0017
0.0023
0.0024
0.0027
0.003
0.0022
0.0018
0.0017
0.0018
0.0016
0.0026
0.0031
0.0031
0.0027
0.0021
0.0021
0.003
0.0023
0.0017
0.0018
0.0017
0.0016
0.0021
0.0018
0.0016
0.0019
0.0017
0.002
0.0018
0.0018
0.0065
0.0026
0.0024
0.002
0.0025
0.0023
0.0019
0.0021
0.0028
0.002
0.0021
0.0029
0.0029
0.0022
0.0023
0.0023
0.004
0.0029
0.0029
0.0026
0.0022
0.0018

----------------------------
VideoDecoderEndFrame_D3D11_1
----------------------------
0.0365
0.0571
0.0864
0.083
0.0889
0.0605
0.061
0.0624
0.0697
0.0627
0.0636
0.0642
0.0635
0.0649
0.0649
0.0658
0.0619
0.0615
0.06
0.0638
0.0601
0.0581
0.0615
0.0601
0.0583
0.063
0.0596
0.0589
0.0645
0.0584
0.0625
0.0614
0.0611
0.0599
0.0644
0.0585
0.0636
0.0629
0.0561
0.0589
0.0621
0.0628
0.0639
0.0758
0.0608
0.0706
0.0603
0.059
0.0576
0.0572
0.077
0.0808
0.0877
0.0926
0.0922
0.0913
0.0851
0.0917
0.0765
0.0854
0.084
0.0886
0.0907
0.0858
0.0881
0.0901
0.0809
0.0971
0.0806
0.0925
0.0882
0.0565
0.0655
0.0704
0.0906
0.0771
0.0675
0.0797
0.0686
0.0794
0.0571
0.0739
0.0781
0.0951
0.0775
0.0727
0.0525
0.0534
0.0645
0.062
0.0802
0.0813
0.0828
0.073
0.0752
0.0824
0.0936
0.0734
0.0723
0.0698
0.0736
0.0667
0.0542
0.0605
0.0525
0.054
0.0717
0.0772
0.1274
0.0556
0.0535
0.1122
0.1125
0.0606
0.0576
0.0742
0.0842
0.0559
0.0772
0.0594
0.0662
0.0581
0.0639
0.0635
0.0616
0.0646
0.0869
0.0664
0.0574
0.0596

---------------------------------
VideoDecoderSubmitBuffers_D3D11_1
---------------------------------
10.7735
11.7964
10.8693
10.3059
4.5916
0.9458
0.9093
1.0873
0.6502
0.6644
0.6951
0.6057
0.6268
0.6409
0.6069
0.7945
4.8854
4.7816
0.5728
0.5735
0.5674
0.556
0.5529
0.5909
0.4389
0.432
0.4396
0.4413
0.4384
0.4142
0.4425
0.4442
0.446
0.4473
0.4342
0.4106
0.4432
0.4297
0.4083
0.4428
0.4338
0.4235
0.4162
0.5749
0.4485
0.4865
0.4912
0.4967
0.4079
0.3848
0.4859
0.4714
0.4891
0.5405
0.5015
0.4445
0.4741
0.4929
0.4394
0.4913
0.4837
0.4279
0.4919
0.7531
0.5239
0.4937
0.45
0.4766
0.4278
0.4774
0.4971
0.4276
0.4651
0.403
0.4834
0.4585
0.4333
0.5819
0.424
0.5922
0.5072
0.4629
0.5299
0.4983
0.4465
0.4784
0.4166
0.3939
0.4521
0.4765
0.5209
0.5036
0.4427
0.4144
0.4162
0.4318
0.4684
0.3986
0.3989
0.4112
0.4289
0.6883
8.108
0.8039
5.6085
5.7472
0.4921
3.4248
2.3108
2.7485
3.0925
0.4472
0.4366
0.7013
0.461
0.5461
0.5953
0.4162
0.5518
0.4697
0.4745
0.4389
0.4571
0.4537
0.5263
0.4786
0.5179
0.4874
0.4383
0.4147

