---------------------------------------------
CalcPrivateVideoDecoderOutputViewSize_D3D11_1
---------------------------------------------
0.0019
0.0045
0.0012
0.0014
0.0013
0.0013
0.0018
0.0032
0.0013
0.0016
0.0008
0.0009
0.0007
0.0016
0.0009
0.0014
0.0013
0.0011
0.001
0.0037
0.001
0.0008
0.0012
0.0011
0.0016
0.0008
0.0009
0.0019
0.002
0.0013
0.001
0.0018
0.0016
0.0012
0.0013
0.0014
0.001
0.002
0.0018
0.0015
0.001
0.0038
0.0035
0.0009
0.0014
0.001
0.0007
0.0014
0.0009
0.0017
0.0011
0.0009
0.0008
0.0018
0.0013
0.0008
0.0009
0.0008
0.0013
0.0016
0.0008
0.0009
0.0008
0.002
0.0018
0.0018
0.0012
0.0009
0.0007
0.0008
0.0011
0.0007
0.0017
0.0011
0.0017
0.0009
0.0008
0.0008
0.0006
0.0007
0.0009
0.0008
0.0007
0.0008
0.0006
0.0009
0.0008
0.0007
0.0007
0.0007
0.0007
0.001
0.0007
0.0013
0.0025
0.0011
0.0017
0.0017
0.001
0.0009
0.002
0.0009
0.0009
0.0009
0.0009
0.0006
0.0008
0.0011
0.0008
0.001
0.0011
0.0011
0.0013
0.0008
0.0012
0.0009
0.0007
0.001
0.0011
0.0009
0.0009
0.0008
0.0007
0.0009
0.0009
0.0008
0.0007
0.0008
0.0007
0.0008
0.0012
0.0015
0.0015
0.002
0.0009
0.0009
0.0008
0.001
0.0008
0.001
0.0008
0.0023
0.0008
0.0009
0.0011
0.0008
0.0007
0.001
0.0009
0.0006
0.0008
0.0009
0.0006
0.001
0.0007
0.0006
0.0007
0.001
0.0007
0.0007
0.0009
0.0007
0.001
0.0011
0.0014
0.0019
0.0011
0.0009
0.0008
0.0008
0.0013
0.0019
0.0013
0.0007
0.0011
0.0011
0.0012
0.0008
0.0009
0.001
0.0019
0.0012
0.0016
0.0009
0.0009
0.0007
0.0008
0.0008
0.0007
0.0006
0.0008
0.0007
0.0007
0.0008
0.0007
0.0007
0.0008
0.0007
0.0008
0.0009
0.0006
0.0008
0.0008
0.0007
0.0007
0.0006
0.0009
0.0008
0.0006
0.0007
0.0008
0.0073
0.0009
0.0007
0.0008
0.0006
0.0007
0.0007
0.0007
0.0011
0.001
0.0008
0.0015
0.0009
0.0011
0.0008
0.0009
0.0008
0.0011
0.0009
0.0009
0.001
0.0009
0.0011
0.0015
0.0011
0.0014
0.0008
0.0008
0.0008
0.0015
0.0014
0.0009
0.001
0.001
0.0008
0.0014
0.0015
0.0009
0.0019
0.0027
0.0009
0.0009
0.0011
0.0013
0.0013
0.0014
0.0008
0.0007
0.0007
0.0006
0.0008
0.0011
0.0006
0.0016
0.0011
0.0009
0.0023
0.0014
0.0017
0.0008
0.0007
0.0008
0.0013
0.0012
0.0006
0.0016
0.001
0.0019
0.001
0.0009
0.0008
0.001
0.0007
0.0011
0.0019
0.0011
0.0007
0.0009
0.0008
0.0006
0.0012
0.0008
0.0006
0.0012
0.001
0.0006
0.0009
0.0012
0.0009
0.0007
0.0009
0.0015
0.0017
0.0011
0.0008
0.0011
0.002
0.0012
0.0014
0.0009
0.0012
0.0007
0.0015
0.001
0.0023
0.0038
0.0008
0.0008
0.0007
0.0007
0.0014
0.0009
0.0007
0.0008
0.0009
0.0007
0.0012
0.0008
0.0011
0.0013
0.0009
0.0011
0.0012
0.0008
0.0016
0.001
0.001
0.0007
0.0014
0.001
0.002
0.0018
0.0012
0.0008
0.0006
0.0009
0.001
0.0008
0.001
0.0013
0.0012
0.0009
0.0014
0.0018
0.0014
0.0014
0.0011
0.0012
0.0009
0.0011
0.0015
0.0008
0.0009
0.0013
0.0012
0.0007
0.0011
0.0009
0.0007
0.0011
0.0018
0.0009
0.0016
0.0018
0.0008
0.0015
0.0015
0.0014
0.0011
0.0008
0.0016
0.0009
0.0008
0.0015
0.0012
0.0007
0.0008
0.0009
0.0007
0.0012
0.0013
0.0008
0.0008
0.0015
0.0014
0.0008
0.0007
0.0011
0.0008
0.001
0.0012
0.0007
0.0008
0.0011
0.0013
0.0011
0.0011
0.0019
0.0011
0.0012
0.001
0.0014
0.0017
0.001
0.0011
0.0014
0.0016
0.0009
0.0011
0.0011
0.0016
0.0015
0.0018
0.0013
0.001
0.0022
0.0014
0.0018
0.0012
0.0017
0.0015
0.0016
0.0016
0.0018
0.0016
0.0011
0.0011
0.0009
0.0012
0.001
0.0007
0.0013
0.0012
0.0016
0.001
0.0008
0.001
0.0014
0.0009
0.0007
0.0009
0.0017
0.0014
0.0009
0.001
0.0011
0.0007
0.0016
0.0009
0.0009
0.0008
0.002
0.0014
0.0009
0.001
0.001
0.001
0.0012
0.0007
0.0014
0.001
0.0013
0.0013
0.0044
0.0016
0.0008
0.0009
0.0009
0.001
0.001
0.0017
0.0027
0.001
0.0016
0.0009
0.0021
0.0016
0.0009
0.0022
0.0009
0.0008
0.0017
0.0012
0.0014
0.0014
0.001
0.0007
0.0008
0.0008
0.0006
0.0011
0.0011
0.0008
0.0011
0.0016
0.001
0.0011
0.0014
0.0009
0.0007
0.0008
0.0007
0.0008
0.0016
0.0012
0.0024
0.0009
0.0011
0.0012
0.0011
0.0015
0.0011
0.0017
0.0011
0.0011
0.0009
0.0007
0.0007
0.0006
0.0006
0.0008
0.001
0.0008
0.0007
0.0007
0.0007
0.0007
0.0007
0.0007
0.0007
0.0009
0.0007
0.0006
0.0008
0.0006
0.0009
0.0009
0.0008
0.0007
0.0009
0.0007
0.0007
0.0007
0.0007
0.0007
0.0009
0.0006
0.0009
0.0007
0.0007
0.0007
0.0007
0.0016
0.0006
0.0007
0.0008
0.0009
0.0008
0.0009
0.0015
0.0011
0.0011
0.0008
0.0008
0.001
0.0007
0.0008
0.001
0.0006
0.0005
0.0009
0.0009
0.0006
0.0008
0.0007
0.0007
0.0007
0.0006
0.0008
0.0007
0.0008
0.0013
0.0015
0.0012
0.0008
0.0009
0.0007
0.0009
0.0009

-----------------------
CodechalDecode::Execute
-----------------------
7.4243
2.946
9.8844
17.6143
11.956
0.7646
0.8926
0.8844
0.8377
0.6452
0.6497
0.643
0.5937
0.5577
0.6889
0.8672
3.1414
3.1004
2.9723
0.627
0.5972
0.509
2.8413
0.6897
0.5412
0.4144
0.4199
0.5536
0.4348
0.4671
0.4288
1.4547
0.6206
0.4816
0.4775
0.5234
0.708
0.5496
0.4588
0.5651
0.4299
0.5264
0.5047
0.4057
0.6702
0.448
0.404
0.5916
0.5398
0.4701
0.4195
0.3947
0.4129
0.5009
0.4363
0.4012
0.4305
0.3982
0.4213
0.4845
0.4156
0.4012
0.4337
0.4278
0.5806
0.5134
0.4231
0.4313
0.3973
0.4108
0.4477
0.4093
0.45
0.3905
0.4725
0.4393
0.4218
0.3999
0.415
0.4028
0.4337
0.4231
0.4211
0.4159
0.4231
0.4305
0.4126
0.3917
0.4251
0.4153
0.391
0.4217
0.4011
0.4062
0.4197
0.4197
0.4998
2.2468
0.4319
0.5801
0.5173
0.4124
0.4068
0.4256
0.4066
0.4421
1.6823
0.4531
0.4034
2.7573
0.4632
0.4131
0.4318
0.4269
0.4426
0.3928
0.4347
0.4338
0.397
0.469
0.4307
0.3933
0.4095
0.4013
0.4368
0.3809
0.4241
0.3957
0.4088
0.3786
2.6906
0.4132
0.6329
0.4717
0.435
0.4358
0.3901
0.4133
0.3893
0.4216
0.3891
0.4209
0.3998
0.4117
0.4194
0.3941
0.4388
0.3864
0.4279
0.3836
0.4129
0.3906
0.4094
0.4202
0.4215
0.4062
0.3889
0.4177
0.383
0.4195
0.4203
0.3816
0.4244
2.6169
0.418
0.5516
0.448
0.3917
0.4233
0.4327
0.4438
0.5107
0.4643
0.4301
0.4079
0.5788
0.4258
0.3912
0.3819
0.4112
0.5967
0.5986
0.4421
0.412
0.3816
0.3706
0.3805
0.3751
0.384
0.3999
0.3842
0.3949
0.3854
0.376
0.3782
0.3731
0.3576
0.3768
0.4106
0.4161
0.4176
0.4039
0.4219
0.3934
0.4167
0.4018
0.4146
0.3838
0.3881
0.4069
0.4062
0.3989
0.4122
0.3795
0.4221
0.4101
0.3816
0.4316
0.3804
0.4006
0.412
0.396
0.442
0.4177
0.4234
0.4227
0.4278
0.4199
0.4309
0.3856
0.422
0.4448
0.4381
0.4116
0.4518
0.4207
0.6076
0.4544
0.3994
0.4169
0.6275
0.6358
0.3994
0.4308
0.3986
0.4148
0.4267
0.5836
0.4345
0.3915
0.7424
0.4052
0.4311
0.437
0.6247
0.6134
0.6027
0.435
0.3943
0.4255
0.4188
0.3801
0.3776
0.3971
0.4945
0.4482
0.4308
0.7029
0.6477
0.3953
0.4305
0.3783
0.4002
0.3922
0.3967
0.397
0.4209
0.4403
0.481
0.3986
0.42
0.4124
0.4034
0.3792
0.5774
0.4687
0.3845
0.3953
0.3988
0.3733
0.3864
0.6532
0.3882
0.3804
0.4265
0.3894
0.3858
0.4228
0.6214
0.3876
0.4163
0.3771
0.4547
0.4443
0.4502
0.3917
0.3747
0.6422
0.4204
0.6266
0.4046
0.5643
0.3849
0.4495
0.4123
0.6557
0.3893
0.3829
0.3987
0.3755
0.3659
0.4221
0.3776
0.3846
0.3721
0.3918
0.3852
0.3961
0.4115
0.5913
0.4563
0.3805
0.5834
0.4353
0.3919
0.4806
0.3851
0.4159
0.414
0.5936
0.4316
0.6495
0.4736
0.4389
0.4363
0.4412
0.4278
0.467
0.4522
0.5299
0.6063
0.5469
0.5709
0.5756
0.5708
0.5038
0.6052
0.6113
0.6775
0.481
0.4235
0.4379
0.4414
0.4273
0.6475
0.5636
0.4762
0.4591
0.3943
0.423
0.4085
0.4983
0.3905
0.4665
0.6903
0.3939
0.6253
0.4357
0.5872
0.3875
0.3733
0.4615
0.4464
0.4775
0.5356
0.4108
0.4404
0.3902
0.4219
0.411
0.6077
0.4037
0.3975
0.4343
0.4163
0.621
0.4289
0.4128
0.4101
0.5416
0.4349
0.4012
0.4433
0.4979
0.4184
0.4197
0.4074
0.4026
0.6072
0.4641
0.4725
0.4816
0.6311
0.4398
0.4111
0.4335
0.6495
0.5526
0.4388
0.4298
0.3982
0.4703
0.5446
0.568
0.5973
0.4055
0.5008
0.422
0.519
0.4202
0.5982
0.4208
0.564
0.6282
0.4384
0.5062
0.424
0.4132
0.45
0.6695
0.4304
0.385
0.5636
0.5936
0.6227
0.4035
0.4116
0.4286
0.6238
0.4332
0.4058
0.4144
0.4822
0.4024
0.3897
0.4206
0.373
0.3715
0.4348
0.3974
0.4029
0.3941
0.5237
0.5914
0.3914
0.4284
0.4055
0.6043
0.4073
0.4297
0.4272
0.4407
0.5073
0.4309
0.3962
0.4616
0.4937
0.439
0.4008
0.3976
0.3952
0.472
0.6185
0.4293
0.4362
0.3989
0.4411
0.4422
0.4603
0.4412
0.3942
0.4127
0.4531
0.3993
0.5938
0.6043
0.4108
0.3883
0.4021
0.3879
0.4151
0.6185
0.4527
0.3934
0.5945
0.397
0.4031
0.5893
0.395
0.4439
0.3947
0.4287
0.3942
0.4274
0.4236
0.4229
0.5169
0.4256
0.4353
0.4495
0.4771
0.449
0.4532
0.4723
0.4234
0.4544
0.3906
0.405
0.3997
0.4254
0.4186
0.4122
0.3966
0.4231
0.4284
0.4271
0.4082
0.388
0.4262
0.4064
0.4237
0.43
0.3837
0.4187
0.3836
0.4113
0.4396
0.382
0.4148
0.3901
0.4182
0.3987
0.4236
0.3833
0.4145
0.4261
0.3789
0.4074
0.4041
0.3883
0.4129
0.4152
0.394
0.4103
0.4076
0.4232
0.4189
0.3907
0.4319
0.4013
0.4674
0.4036
0.434
0.3894
0.4036
0.4238
0.4277
0.3821
0.3725
0.3943
0.4111
0.4051
0.3888
0.419
0.4337
0.3942
0.4252
0.3875
0.3883
0.4188
0.4191
0.3978
0.392
0.4538
0.4495
0.4117
0.3868
0.3807
0.3897
0.4082

---------------------------------------
CodechalDecodeHevcG12::DecodeStateLevel
---------------------------------------
0.4878
5.8434
0.3356
2.0483
5.9979
0.5151
8.6101
3.2902
0.2803
5.8679
0.2311
0.2556
0.3379
0.2173
0.308
0.2256
0.3157
0.2892
0.2461
0.1915
0.2461
0.2017
0.2532
0.2049
0.2042
0.1917
0.2159
0.1679
0.2365
0.2223
0.3294
0.3034
0.2578
2.4882
0.2218
2.4538
0.2909
2.3464
0.248
0.1975
0.23
0.2046
0.2051
0.1604
0.3425
2.1981
0.2974
0.2267
0.2288
0.1452
0.1556
0.1334
0.1621
0.1291
0.2256
0.1524
0.1653
0.1349
0.1842
0.1346
0.1675
0.1335
0.2056
0.8354
0.248
0.176
0.1917
0.137
0.1887
0.1417
0.2094
0.1333
0.3711
0.1631
0.215
0.1459
0.1803
0.1271
0.2053
0.2081
0.1717
0.1273
0.2347
0.1372
0.2056
0.1273
0.1612
0.1235
0.2252
0.2474
0.167
0.138
0.1502
0.127
0.2271
0.1844
0.2032
0.1752
0.1924
0.1263
0.1684
0.1192
0.1483
0.1244
0.1698
0.1223
0.205
0.1346
0.1747
0.1252
0.1518
0.1255
0.1716
0.1289
0.1495
0.122
0.1555
0.1248
0.1861
0.1445
0.1615
0.1263
0.1549
0.1226
0.1732
0.1295
0.1567
0.1269
0.2203
0.1703
0.1936
0.1488
0.1575
0.1225
0.1685
0.1303
0.1538
0.1241
0.1549
0.1371
0.1871
0.1311
0.1601
0.1279
0.1845
0.1228
0.153
0.1167
0.1863
0.1323
0.1739
0.1283
0.1649
0.1283
0.1479
0.1322
0.1622
0.1266
0.1504
0.1313
0.174
0.1306
0.1645
0.1277
0.1661
0.1273
0.1627
0.1272
0.1634
0.1336
0.1741
0.128
0.1604
0.1258
0.1453
0.1279
0.1679
0.1275
0.1621
0.127
0.1465
0.1266
0.1659
0.1227
0.1604
0.1238
0.1583
0.1203
0.1617
0.1285
0.1631
0.1279
0.2047
0.1284
0.2151
1.6608
0.1688
0.1293
0.2331
0.1284
0.2074
0.1295
0.1577
0.1307
0.16
0.1254
0.1641
0.1291
0.1596
0.1234
0.168
0.1407
0.1783
1.0944
0.1803
0.1299
0.1577
0.1206
0.1953
2.1438
0.1804
0.1274
0.1585
0.1224
0.163
0.129
0.1695
0.1261
0.1748
0.1256
0.15
0.1192
0.1636
0.1424
0.1752
0.1266
0.1485
0.1246
0.1569
0.1666
0.1669
0.1294
0.1527
0.1211
0.1585
0.1263
0.1548
0.1284
0.1725
0.1253
0.1465
0.1195
0.1596
0.1301
0.1546
0.121
0.1567
0.1273
0.1471
0.1183
0.1555
2.2326
0.1578
0.1219
0.2812
0.1291
0.1857
0.1242
0.1635
0.1382
0.173
0.128
0.1506
0.119
0.1559
0.1331
0.1496
0.1211
0.157
0.1273
0.1465
0.1264
0.1584
0.1265
0.1516
0.1284
0.1543
0.1344
0.1651
0.1281
0.1514
0.1256
0.1613
0.1515
0.148
0.1216
0.1695
0.1258
0.1459
0.125
0.1609
0.1294
0.1467
0.1215
0.159
0.1281
0.1601
0.1356
0.161
0.1334
0.1556
0.1266
0.1435
0.1303
0.158
0.1314
0.1489
0.1197
0.157
0.1337
0.1612
0.1288
0.1466
0.1197
0.1655
0.1256
0.1525
2.1186
0.1633
0.1223
0.2064
0.1267
0.1844
0.1286
0.1478
0.1271
0.1736
0.1268
0.1699
0.13
0.1805
0.1266
0.2166
0.1301
0.1862
0.1263
0.1773
0.1275
0.1611
0.1216
0.2132
0.1716
0.1733
0.1306
0.1484
0.127
0.1452
0.122
0.1595
0.1221
0.2313
0.1754
0.2211
0.2066
0.1729
0.1226
0.1597
0.1287
0.145
0.1232
0.146
0.117
0.1435
0.1222
0.1422
0.1223
0.1436
0.1286
0.1539
0.1279
0.1451
0.1197
0.1473
0.1302
0.1528
0.1203
0.1434
0.1188
0.1422
0.1278
0.1435
0.1184
0.139
0.1123
0.1439
0.1233
0.1596
0.1246
0.1574
0.1293
0.1597
0.1355
0.1494
0.121
0.1676
0.1263
0.1479
0.1322
0.1611
0.128
0.148
0.1381
0.1585
0.1346
0.1474
0.1214
0.148
0.1249
0.1542
0.1339
0.157
0.1241
0.1489
0.1296
0.1551
0.1348
0.1468
0.1199
0.1619
0.1333
0.1554
0.1345
0.1452
0.1219
0.162
0.1408
0.1463
0.121
0.1524
0.1263
0.1648
0.1257
0.1523
0.1243
0.1809
0.1252
0.1619
0.1289
0.1656
0.1235
0.163
0.1331
0.1647
0.1317
0.1615
0.1331
0.1677
0.1289
0.1427
0.1206
0.1628
0.1343
0.1758
0.1327
0.1762
0.1273
0.1586
0.1272
0.1825
0.1271
0.1645
0.1284
0.2324
0.1993
0.1968
0.1273
0.148
0.131
0.1686
0.1266
0.2475
0.199
0.2394
0.2098
0.1598
0.122
0.166
0.1391
0.1582
0.1256
0.1582
0.1366
0.157
0.1427
0.2267
0.1919
0.1651
0.1334
0.1521
0.1213
0.3041
0.2045
0.1549
0.1273
0.1705
0.1339
0.1735
0.127
0.2444
0.1997
0.2372
0.1984
0.2359
0.1955
0.1724
0.1322
0.1482
0.1314
0.1647
0.127
0.1608
0.1336
0.1505
0.1184
0.1444
0.12
0.1511
0.1278
0.1948
0.1404
0.1799
0.1273
0.1632
0.1413
0.2779
0.2039
0.2588
0.1962
0.1494
0.1272
0.1672
0.1318
0.1471
0.1181
0.1497
0.1349
0.1509
0.1202
0.1505
0.1221
0.148
0.1357
0.1592
0.1241
0.1449
0.18
0.1812
0.1448
0.1516
0.1267
0.1602
0.1315
0.1557
0.1331
0.1608
0.1235
0.1457
0.1197
0.22
0.1939
0.181
0.1322
0.1463
0.1215
0.1479
0.1252
0.1489
0.1299
0.1429
0.121
0.15
0.1213
0.2758
0.1958
0.1509
0.1248
0.1477
0.1199
0.1635
0.1258
0.1492
0.1193
0.1467
0.1257
0.164
0.1274
0.2365
0.1974
0.1485
0.1265
0.1621
0.1277
0.1425
0.1176
0.1746
0.1292
0.1649
0.132
0.1764
0.1368
0.1493
0.1281
0.1429
0.1198
0.2484
0.2014
0.1638
0.1345
0.2504
0.1961
0.152
0.1325
0.2179
0.1905
0.1449
0.1317
0.1687
0.1314
0.1591
0.1322
0.2436
0.1944
0.1475
0.124
0.1467
0.1258
0.1512
0.1313
0.1419
0.1255
0.1409
0.1176
0.1623
0.1225
0.144
0.1212
0.1446
0.1231
0.1422
0.1197
0.1475
0.1297
0.1477
0.1233
0.1525
0.1188
0.1585
0.122
0.2283
0.1935
0.1859
0.1282
0.143
0.1241
0.2229
0.1934
0.1672
0.1388
0.1502
0.1218
0.1885
0.1309
0.1486
0.1208
0.1588
0.1336
0.1601
0.1262
0.2268
0.1923
0.1754
0.1257
0.248
0.2004
0.176
0.1251
0.171
0.1318
0.1658
0.1416
0.1703
0.1375
0.1691
0.1274
0.197
0.133
0.1688
0.1499
0.2045
0.1736
0.2223
0.2078
0.1804
0.2022
0.2081
0.2002
0.2296
0.185
0.2172
0.1893
0.1818
0.1614
0.2625
0.1817
0.2412
0.2032
0.2667
0.216
0.1654
0.1667
0.1654
0.1308
0.1663
0.1381
0.1744
0.1476
0.1631
0.139
0.2531
0.2118
0.2123
0.1909
0.1508
0.175
0.1801
0.144
0.1552
0.1205
0.162
0.1378
0.1593
0.1268
0.1935
0.1399
0.154
0.1205
0.1779
0.146
0.2805
0.2081
0.1534
0.1236
0.2489
0.1988
0.1651
0.1353
0.2239
0.1923
0.148
0.1174
0.148
0.1191
0.1724
0.1407
0.1642
0.1429
0.2095
0.1388
0.2194
0.1676
0.1544
0.1358
0.1441
0.1743
0.1524
0.1212
0.1541
0.1472
0.1568
0.1325
0.227
0.2011
0.1564
0.1225
0.1525
0.1261
0.1649
0.1288
0.1537
0.132
0.2454
0.2001
0.16
0.1371
0.1639
0.1235
0.1531
0.132
0.1898
0.1984
0.1579
0.1479
0.1529
0.1258
0.1965
0.1268
0.1489
0.2022
0.1679
0.124
0.1683
0.126
0.1523
0.1271
0.1567
0.1217
0.2245
0.2016
0.1674
0.1643
0.1919
0.1346
0.1555
0.1785
0.2371
0.199
0.1665
0.1279
0.1543
0.1313
0.1529
0.1381
0.2363
0.2178
0.2077
0.1834
0.1716
0.1342
0.1624
0.1393
0.1541
0.1241
0.1648
0.1451
0.1991
0.1777
0.2302
0.1788
0.2247
0.196
0.1549
0.1273
0.1897
0.1412
0.1504
0.1429
0.2142
0.1394
0.1629
0.1286
0.2282
0.1852
0.1562
0.1359
0.2143
0.1838
0.238
0.205
0.1696
0.1275
0.1754
0.1632
0.1596
0.1273
0.1633
0.1251
0.1712
0.143
0.2334
0.2491
0.1714
0.13
0.1504
0.1205
0.2149
0.1843
0.2258
0.1953
0.2313
0.2095
0.1569
0.1257
0.154
0.1351
0.1673
0.1312
0.2393
0.1943
0.1666
0.1334
0.1634
0.1222
0.1499
0.1437
0.1727
0.1244
0.1577
0.1224
0.1486
0.1211
0.1572
0.1345
0.1432
0.1161
0.1442
0.1212
0.1639
0.1256
0.1528
0.1238
0.1596
0.1219
0.1487
0.1298
0.2206
0.1431
0.2216
0.1933
0.1496
0.1219
0.1662
0.1301
0.1541
0.1214
0.2255
0.2056
0.1569
0.1229
0.1675
0.1317
0.1664
0.1297
0.1876
0.1296
0.2195
0.1451
0.1624
0.1282
0.153
0.1236
0.1723
0.1374
0.1646
0.1806
0.1693
0.1341
0.1537
0.1252
0.1571
0.1235
0.153
0.126
0.1746
0.1542
0.28
0.1509
0.1595
0.1446
0.1702
0.1238
0.1525
0.1255
0.1803
0.1248
0.1687
0.1291
0.1739
0.1517
0.1664
0.1236
0.1492
0.1264
0.1588
0.1348
0.1749
0.1342
0.1533
0.1179
0.243
0.1783
0.2191
0.2098
0.1585
0.1262
0.1542
0.1214
0.1519
0.1279
0.1449
0.126
0.1627
0.128
0.2354
0.2004
0.175
0.1407
0.1536
0.1204
0.2239
0.1831
0.1505
0.1302
0.1528
0.1211
0.2137
0.1976
0.1527
0.1189
0.1553
0.1627
0.151
0.1244
0.1685
0.1287
0.1493
0.1277
0.1604
0.1362
0.1595
0.1235
0.1594
0.1307
0.2129
0.1343
0.1624
0.1311
0.169
0.1309
0.1844
0.1264
0.1958
0.1312
0.1778
0.1328
0.1871
0.1264
0.1889
0.1263
0.1639
0.129
0.1838
0.1261
0.1488
0.1233
0.152
0.1312
0.1528
0.1297
0.1585
0.1354
0.1585
0.1322
0.1616
0.1234
0.1564
0.1195
0.1692
0.1274
0.1651
0.1305
0.1652
0.1289
0.1576
0.1287
0.145
0.128
0.1616
0.133
0.1571
0.1259
0.1623
0.1346
0.1714
0.1278
0.1481
0.1207
0.1629
0.1276
0.1493
0.1192
0.1546
0.1314
0.1667
0.1339
0.1462
0.1191
0.1545
0.1374
0.147
0.1224
0.1641
0.1253
0.148
0.1332
0.1651
0.1272
0.1489
0.1195
0.1566
0.1347
0.1673
0.1277
0.1448
0.1161
0.1537
0.1272
0.1574
0.123
0.1538
0.1168
0.1573
0.1326
0.1633
0.1253
0.1488
0.1277
0.1544
0.1333
0.1581
0.1248
0.1681
0.1252
0.1585
0.1307
0.1493
0.1229
0.1646
0.1316
0.1578
0.1212
0.1829
0.1317
0.1503
0.1326
0.1655
0.1287
0.1486
0.1268
0.1532
0.1272
0.1639
0.1342
0.1612
0.1427
0.1465
0.1211
0.1433
0.1157
0.148
0.1291
0.1559
0.1278
0.1518
0.13
0.1468
0.1264
0.1567
0.1379
0.1672
0.1289
0.1481
0.1311
0.168
0.1262
0.1481
0.1249
0.1484
0.1212
0.1627
0.1286
0.1603
0.1334
0.1541
0.1246
0.1632
0.114
0.1751
0.1327
0.1849
0.13
0.1649
0.1224
0.1452
0.1269
0.1429
0.1289
0.156
0.1208
0.1607
0.1266

-------------------------------------
CodechalDecodeHevcG12::SetFrameStates
-------------------------------------
0.8081
0.4256
3.2183
5.5637
5.6634
0.1213
0.1786
0.1515
0.0498
0.0386
0.037
0.036
0.0383
0.034
0.0431
0.0484
0.2669
0.2881
0.1934
0.0409
0.0391
0.035
0.1677
0.038
0.0409
0.0328
0.0335
0.0456
0.0362
0.0411
0.0332
0.2927
0.0622
0.0381
0.0387
0.0401
0.034
0.0465
0.0455
0.0425
0.036
0.0455
0.0419
0.0323
0.0414
0.0409
0.0325
0.0456
0.0426
0.0399
0.0377
0.0315
0.0327
0.0426
0.0352
0.0338
0.0338
0.0321
0.0441
0.0417
0.0334
0.0333
0.0376
0.0333
0.0577
0.0435
0.0355
0.0372
0.0321
0.0327
0.0356
0.0352
0.0395
0.0326
0.043
0.0373
0.0355
0.0329
0.0341
0.0312
0.035
0.0359
0.0341
0.0338
0.0332
0.0342
0.0342
0.0308
0.0341
0.0338
0.0308
0.0349
0.0323
0.033
0.0335
0.0353
0.0508
0.2378
0.0398
0.1109
0.0483
0.0337
0.0327
0.0353
0.0326
0.0356
0.2838
0.0415
0.0339
0.2869
0.0504
0.04
0.0374
0.034
0.0353
0.0329
0.0332
0.0355
0.0331
0.0335
0.0355
0.0321
0.0331
0.0309
0.0362
0.0305
0.0335
0.0325
0.0351
0.031
0.1753
0.0357
0.1083
0.0439
0.0356
0.0361
0.032
0.0334
0.0323
0.0342
0.0322
0.0366
0.0313
0.0326
0.0369
0.0313
0.0338
0.0313
0.0346
0.0312
0.0329
0.0318
0.0343
0.0332
0.0346
0.035
0.0305
0.0343
0.0322
0.0334
0.0343
0.0315
0.0353
0.1983
0.0355
0.1001
0.0394
0.0323
0.0344
0.0347
0.0363
0.0453
0.038
0.035
0.0337
0.0532
0.0339
0.032
0.0316
0.0351
0.0464
0.0459
0.0444
0.0339
0.0317
0.0309
0.0308
0.0307
0.0318
0.0318
0.032
0.0315
0.0321
0.03
0.0297
0.0311
0.0223
0.0309
0.0336
0.0354
0.0338
0.0351
0.0349
0.0314
0.0365
0.0314
0.0326
0.0333
0.0311
0.0327
0.0387
0.033
0.0328
0.0311
0.0337
0.0326
0.0308
0.033
0.0348
0.0316
0.0336
0.032
0.036
0.0363
0.0352
0.0344
0.0357
0.0342
0.0357
0.0247
0.0346
0.0373
0.0373
0.0345
0.0396
0.0354
0.047
0.0362
0.0326
0.0338
0.049
0.0516
0.0323
0.0338
0.0317
0.0334
0.0363
0.0462
0.0354
0.0322
0.0643
0.0349
0.0346
0.036
0.0489
0.0485
0.0467
0.0362
0.0312
0.0342
0.0334
0.0319
0.0241
0.0313
0.0425
0.0391
0.0363
0.0575
0.0538
0.0337
0.0372
0.0315
0.0323
0.0332
0.0326
0.0321
0.0412
0.0327
0.0413
0.0338
0.0348
0.0349
0.0325
0.0319
0.044
0.0428
0.0348
0.0308
0.0318
0.0305
0.0309
0.0485
0.0326
0.0324
0.038
0.0243
0.0317
0.0349
0.0535
0.0313
0.0337
0.0314
0.0426
0.0397
0.0366
0.0317
0.0321
0.0537
0.0354
0.051
0.0341
0.0431
0.0309
0.0386
0.0345
0.0575
0.0349
0.0313
0.0336
0.0312
0.0303
0.0417
0.0325
0.0323
0.0301
0.0313
0.0315
0.0329
0.0277
0.0438
0.0371
0.0322
0.0436
0.0363
0.0366
0.0449
0.0341
0.0342
0.039
0.0451
0.036
0.0541
0.0507
0.0365
0.0337
0.0341
0.0358
0.041
0.0318
0.0354
0.0452
0.0432
0.0439
0.0453
0.0458
0.0471
0.0477
0.0459
0.0497
0.0352
0.0353
0.0322
0.0329
0.0328
0.0543
0.0434
0.0323
0.0374
0.0356
0.032
0.033
0.0423
0.0338
0.0401
0.0543
0.0324
0.0498
0.0381
0.047
0.0327
0.0305
0.0504
0.0348
0.0349
0.0451
0.0363
0.0373
0.0325
0.0338
0.0339
0.0472
0.037
0.0341
0.039
0.0271
0.0494
0.034
0.0353
0.0332
0.035
0.0339
0.0386
0.0324
0.0307
0.0378
0.0356
0.0366
0.0342
0.0425
0.0377
0.0482
0.0345
0.0513
0.0437
0.0351
0.0343
0.0537
0.05
0.0338
0.0343
0.0348
0.0393
0.0466
0.048
0.047
0.0364
0.0567
0.03
0.0455
0.0367
0.057
0.0374
0.0468
0.05
0.0393
0.04
0.0378
0.0354
0.0375
0.0481
0.04
0.033
0.044
0.044
0.0483
0.0349
0.0331
0.0363
0.0496
0.0358
0.0344
0.0326
0.0446
0.0346
0.0329
0.0346
0.0319
0.0309
0.0387
0.0335
0.0268
0.0336
0.053
0.0502
0.0345
0.0353
0.0384
0.0465
0.036
0.0341
0.0363
0.0344
0.0442
0.0422
0.0344
0.0457
0.0335
0.0391
0.0336
0.0327
0.0337
0.0411
0.0561
0.0365
0.0391
0.0355
0.0373
0.037
0.0328
0.0479
0.0333
0.0325
0.0423
0.035
0.0512
0.0471
0.0374
0.0311
0.0333
0.0346
0.0348
0.0515
0.0374
0.0327
0.0497
0.0327
0.0485
0.0451
0.033
0.0332
0.0325
0.0367
0.032
0.0347
0.038
0.0356
0.045
0.0364
0.0372
0.0369
0.0409
0.0384
0.0361
0.0417
0.0372
0.038
0.0258
0.033
0.0321
0.0359
0.0348
0.0324
0.0312
0.0324
0.0356
0.0351
0.0335
0.0307
0.0385
0.0358
0.0347
0.0341
0.0311
0.0333
0.0308
0.036
0.0342
0.0317
0.0325
0.0309
0.0344
0.0311
0.0365
0.0311
0.0315
0.034
0.0303
0.0326
0.0337
0.025
0.0336
0.0358
0.0326
0.0326
0.0354
0.0341
0.0336
0.0317
0.0367
0.0313
0.0404
0.0329
0.0378
0.0316
0.0347
0.0342
0.0354
0.0315
0.0311
0.0334
0.035
0.0324
0.0315
0.0333
0.0469
0.0315
0.0366
0.0311
0.0311
0.0335
0.0338
0.0317
0.0241
0.0369
0.0371
0.0362
0.0316
0.0306
0.0308
0.0346

--------------------------
CreateVideoDecoder_D3D11_1
--------------------------
22.0224

---------------------------
DestroyVideoDecoder_D3D11_1
---------------------------
0

----------------
First Frame Time
----------------
68.9337

--------------------------------------
VideoDecoderBeginFrame_WDDM2_4_D3D11_1
--------------------------------------
0.01
0.0025
0.0027
0.0034
0.0034
0.0029
0.003
0.0042
0.0026
0.0027
0.0021
0.0022
0.0018
0.0026
0.0023
0.0025
0.003
0.0024
0.0021
0.0041
0.0021
0.0022
0.0023
0.0025
0.0026
0.0018
0.0019
0.0032
0.0033
0.0024
0.002
0.0032
0.0031
0.0026
0.002
0.0028
0.0021
0.0035
0.0059
0.0028
0.0022
0.0027
0.0043
0.0019
0.0025
0.0025
0.002
0.0027
0.0022
0.0024
0.0051
0.0019
0.0018
0.003
0.0021
0.0018
0.002
0.0017
0.0024
0.0025
0.0019
0.0019
0.0018
0.0027
0.003
0.0027
0.0024
0.002
0.0017
0.0018
0.0018
0.0017
0.0027
0.002
0.0028
0.0022
0.0021
0.0017
0.0018
0.0017
0.002
0.002
0.0019
0.0018
0.0019
0.0018
0.0017
0.0018
0.0018
0.0018
0.0016
0.0021
0.0017
0.0022
0.003
0.0019
0.0028
0.0028
0.0023
0.0023
0.0035
0.0021
0.002
0.0019
0.002
0.002
0.0019
0.0029
0.0022
0.0021
0.0031
0.0025
0.0024
0.0021
0.0023
0.0051
0.0019
0.002
0.0021
0.0018
0.0019
0.0017
0.0016
0.0017
0.0019
0.002
0.0018
0.0017
0.002
0.002
0.0025
0.0028
0.0028
0.0034
0.0021
0.0021
0.002
0.0018
0.0018
0.0018
0.0019
0.0035
0.0018
0.0021
0.0017
0.0016
0.0016
0.002
0.002
0.002
0.0018
0.0021
0.0017
0.0018
0.0022
0.0028
0.0017
0.0018
0.0018
0.0017
0.0019
0.0017
0.0021
0.0024
0.0024
0.0031
0.0024
0.0019
0.0018
0.003
0.0021
0.003
0.0024
0.0021
0.0021
0.0026
0.0022
0.0018
0.0019
0.0018
0.0026
0.0027
0.0028
0.0021
0.0019
0.0018
0.0016
0.0018
0.0016
0.0018
0.0018
0.0017
0.0018
0.0017
0.0016
0.0018
0.002
0.0018
0.002
0.0018
0.002
0.002
0.0019
0.0018
0.0017
0.0017
0.0017
0.0017
0.002
0.0017
0.0018
0.0042
0.0019
0.002
0.0018
0.0019
0.0017
0.0018
0.0017
0.0017
0.0019
0.0018
0.0021
0.002
0.0025
0.0019
0.002
0.0017
0.0023
0.0021
0.0018
0.0023
0.0019
0.0017
0.0026
0.0022
0.0029
0.0023
0.0018
0.0019
0.0025
0.003
0.002
0.0019
0.0019
0.002
0.0025
0.0026
0.0019
0.0024
0.0043
0.0023
0.002
0.0022
0.0029
0.0026
0.0026
0.002
0.0017
0.0019
0.0017
0.0018
0.0021
0.0018
0.0033
0.0025
0.0021
0.0037
0.0032
0.0019
0.002
0.0017
0.0017
0.0025
0.002
0.0018
0.0027
0.0021
0.003
0.0021
0.002
0.0021
0.0019
0.0043
0.0024
0.003
0.0023
0.0018
0.0021
0.0016
0.0017
0.0026
0.0019
0.0017
0.0021
0.0025
0.0017
0.0024
0.0024
0.0016
0.0018
0.0019
0.0028
0.003
0.0023
0.0019
0.0018
0.0035
0.0022
0.003
0.002
0.0023
0.0017
0.0028
0.0022
0.004
0.0038
0.002
0.0019
0.0015
0.0016
0.0025
0.002
0.0017
0.0019
0.0018
0.0025
0.0023
0.0025
0.0023
0.0026
0.002
0.0023
0.0023
0.0018
0.0031
0.0019
0.0021
0.0019
0.0024
0.0021
0.0033
0.0033
0.0025
0.0021
0.0019
0.0029
0.0019
0.0021
0.0019
0.0029
0.0026
0.0022
0.0026
0.0032
0.0031
0.0026
0.0023
0.0026
0.0022
0.0024
0.0031
0.002
0.002
0.0027
0.0026
0.0017
0.0024
0.0025
0.0019
0.0022
0.0029
0.0022
0.0028
0.0028
0.0019
0.0027
0.0027
0.0027
0.0021
0.0017
0.0026
0.0024
0.002
0.0027
0.0023
0.0022
0.0019
0.0022
0.0019
0.0029
0.0037
0.002
0.0029
0.0029
0.0031
0.0021
0.0018
0.0022
0.0016
0.0026
0.0024
0.0017
0.0019
0.0025
0.0026
0.0022
0.0021
0.0031
0.0024
0.0027
0.0023
0.0032
0.0031
0.0021
0.0019
0.0028
0.0028
0.002
0.0021
0.0022
0.0028
0.0032
0.0033
0.003
0.0025
0.0037
0.0026
0.0034
0.0025
0.0027
0.0026
0.0029
0.003
0.0034
0.003
0.0026
0.0021
0.0021
0.0029
0.0025
0.004
0.0025
0.0024
0.0032
0.0026
0.0019
0.0019
0.0025
0.0021
0.0021
0.0017
0.0027
0.0024
0.0019
0.0019
0.002
0.0016
0.0027
0.0022
0.0021
0.0019
0.0035
0.0028
0.0027
0.002
0.002
0.0026
0.0024
0.0023
0.0032
0.0019
0.0024
0.0029
0.0049
0.003
0.002
0.0022
0.002
0.0018
0.0019
0.0029
0.004
0.0025
0.0026
0.0024
0.0028
0.0024
0.0019
0.0035
0.0021
0.002
0.003
0.0029
0.0027
0.0029
0.0021
0.0018
0.0023
0.0019
0.0018
0.0028
0.0023
0.0019
0.0024
0.0024
0.0019
0.0025
0.0025
0.0019
0.002
0.002
0.0017
0.0019
0.0028
0.0024
0.0041
0.0025
0.002
0.0023
0.0024
0.0027
0.0024
0.0032
0.002
0.0023
0.0021
0.0018
0.0018
0.0017
0.0019
0.0019
0.002
0.0019
0.0022
0.002
0.0019
0.0018
0.0017
0.0018
0.0019
0.0019
0.002
0.002
0.0018
0.0018
0.0019
0.002
0.0016
0.0018
0.0018
0.0018
0.0018
0.0019
0.0017
0.0018
0.0019
0.0016
0.002
0.002
0.0019
0.002
0.0019
0.0016
0.0019
0.0018
0.0019
0.0024
0.0021
0.0018
0.0025
0.0019
0.0021
0.0019
0.0018
0.0018
0.0019
0.0018
0.0018
0.0018
0.0018
0.002
0.002
0.0018
0.0018
0.0016
0.0018
0.0018
0.0019
0.0017
0.0018
0.0024
0.0024
0.0025
0.0024
0.0019
0.0017
0.0018
0.0017
0.0018

----------------------------
VideoDecoderEndFrame_D3D11_1
----------------------------
0.0426
0.0571
0.0875
0.0957
0.0845
0.0801
0.0848
0.0753
0.0909
0.0812
0.0896
0.0973
0.0656
0.0652
0.086
0.0877
0.0917
0.1016
0.0819
0.0643
0.06
0.0654
0.0938
0.0878
0.0933
0.0771
0.0784
0.0873
0.0841
0.1005
0.0764
0.0896
0.0716
0.126
0.0858
0.0827
0.0706
0.0644
0.0638
0.0617
0.0628
0.0608
0.07
0.0579
0.1128
0.0605
0.073
0.0916
0.0798
0.0626
0.0563
0.0596
0.0637
0.065
0.0664
0.0597
0.0629
0.0765
0.0579
0.0896
0.0628
0.0714
0.0615
0.0754
0.108
0.0734
0.0601
0.0618
0.0704
0.0702
0.0614
0.057
0.0571
0.0713
0.0622
0.0623
0.0615
0.0576
0.0634
0.0584
0.0625
0.0577
0.06
0.0629
0.0609
0.0638
0.0625
0.0597
0.0627
0.0626
0.0585
0.0619
0.0595
0.0583
0.0634
0.0676
0.0751
0.0591
0.053
0.0971
0.0618
0.0614
0.0629
0.0625
0.0627
0.0609
0.0646
0.0581
0.084
0.0644
0.0648
0.0817
0.0638
0.0592
0.0625
0.0628
0.0593
0.0607
0.0551
0.0786
0.0608
0.0566
0.0648
0.0622
0.0617
0.0595
0.0616
0.0604
0.0606
0.0558
0.0651
0.054
0.0937
0.0603
0.0603
0.059
0.0559
0.0606
0.0622
0.0616
0.0612
0.0662
0.0565
0.0607
0.0584
0.0567
0.0623
0.059
0.0585
0.0555
0.0585
0.0568
0.061
0.0611
0.0587
0.062
0.0552
0.0649
0.0607
0.0591
0.0614
0.0553
0.0609
0.064
0.0535
0.0911
0.0594
0.0621
0.0603
0.056
0.0675
0.0603
0.062
0.0665
0.0634
0.0754
0.0606
0.0568
0.0603
0.0595
0.0771
0.1036
0.06
0.0593
0.0593
0.0573
0.0581
0.0564
0.0569
0.0587
0.0588
0.0569
0.0603
0.0556
0.0578
0.0579
0.054
0.0563
0.0607
0.0617
0.0611
0.0606
0.0597
0.0559
0.0581
0.0578
0.0598
0.0584
0.059
0.0598
0.0612
0.0704
0.0609
0.0568
0.0596
0.0622
0.0569
0.0588
0.0558
0.0617
0.0653
0.055
0.0586
0.0622
0.0593
0.0613
0.0631
0.0621
0.0596
0.0573
0.0604
0.0591
0.0631
0.0607
0.0814
0.0611
0.091
0.0622
0.0657
0.0594
0.0889
0.0907
0.0585
0.0652
0.0583
0.0639
0.0574
0.0836
0.0652
0.0626
0.0865
0.0586
0.0585
0.0678
0.0886
0.0877
0.0883
0.061
0.0575
0.063
0.0645
0.0546
0.0546
0.0606
0.0677
0.0618
0.0587
0.0904
0.0909
0.0571
0.0574
0.0666
0.0549
0.0636
0.0578
0.056
0.0612
0.0614
0.0679
0.0621
0.0579
0.0586
0.0585
0.0584
0.0972
0.0619
0.0564
0.0583
0.0591
0.0563
0.0619
0.0873
0.0571
0.0588
0.0649
0.0593
0.0601
0.0678
0.0839
0.06
0.0607
0.0557
0.0627
0.0652
0.0759
0.0612
0.0562
0.0874
0.0624
0.0907
0.0553
0.0806
0.0591
0.0645
0.0588
0.0839
0.0674
0.0648
0.0549
0.0521
0.0679
0.0607
0.0583
0.0595
0.0569
0.0566
0.0573
0.0615
0.0571
0.0862
0.0585
0.0629
0.0809
0.0577
0.0602
0.0644
0.06
0.0604
0.0619
0.084
0.0568
0.0958
0.0623
0.0809
0.0949
0.0823
0.0625
0.0652
0.1061
0.115
0.1235
0.1031
0.1219
0.0988
0.1221
0.1457
0.1403
0.12
0.1083
0.0971
0.08
0.1033
0.068
0.0936
0.0988
0.0932
0.0763
0.0733
0.0591
0.0915
0.0926
0.0678
0.0573
0.0816
0.0892
0.0622
0.0649
0.0634
0.0822
0.0527
0.0569
0.0733
0.0913
0.0663
0.083
0.0722
0.0763
0.0879
0.069
0.0752
0.089
0.0669
0.0831
0.0745
0.079
0.0701
0.0607
0.0683
0.0763
0.0883
0.0741
0.0566
0.0741
0.0754
0.0593
0.0799
0.063
0.0582
0.0877
0.0711
0.0679
0.0844
0.0827
0.0745
0.059
0.0954
0.0863
0.0726
0.0797
0.0603
0.058
0.093
0.0781
0.0815
0.0874
0.0798
0.0616
0.0627
0.0644
0.0699
0.0809
0.0592
0.0803
0.074
0.0615
0.0889
0.0647
0.0632
0.0589
0.0855
0.0567
0.0622
0.0915
0.106
0.081
0.0584
0.0767
0.0609
0.0894
0.0653
0.059
0.0741
0.0661
0.0585
0.0591
0.0553
0.0588
0.0598
0.0588
0.0685
0.0639
0.0653
0.0615
0.0776
0.0617
0.068
0.0561
0.0847
0.066
0.0603
0.0607
0.0594
0.0581
0.0769
0.062
0.0623
0.0845
0.0769
0.0657
0.0595
0.0616
0.0798
0.0676
0.0578
0.0659
0.0626
0.0601
0.0546
0.0916
0.0614
0.0557
0.0729
0.0594
0.0615
0.0651
0.0832
0.0578
0.0729
0.0676
0.059
0.0599
0.0837
0.0623
0.0659
0.0894
0.0711
0.0649
0.0841
0.0591
0.0619
0.0585
0.0639
0.0574
0.0629
0.0574
0.0576
0.0629
0.0621
0.0617
0.0608
0.0628
0.0648
0.0594
0.0601
0.0579
0.056
0.0556
0.0553
0.0551
0.0647
0.0614
0.0596
0.0601
0.061
0.0632
0.0595
0.0579
0.0644
0.0595
0.0582
0.061
0.061
0.0625
0.0627
0.0578
0.0612
0.0595
0.0644
0.0627
0.0579
0.0661
0.0585
0.0595
0.0552
0.0595
0.0573
0.0571
0.0591
0.0664
0.0602
0.0602
0.0589
0.0581
0.0595
0.0584
0.0591
0.0628
0.0564
0.0607
0.0567
0.063
0.0579
0.0617
0.057
0.0597
0.0586
0.0605
0.0577
0.0549
0.0574
0.0627
0.062
0.0594
0.0597
0.0625
0.0585
0.0595
0.0538
0.058
0.0605
0.0621
0.0572
0.0566
0.0622
0.0666
0.0585
0.0693
0.0632
0.0586
0.0687

---------------------------------
VideoDecoderSubmitBuffers_D3D11_1
---------------------------------
7.5567
2.963
9.9019
17.6349
11.974
0.784
0.912
0.9148
0.8578
0.6619
0.6644
0.6592
0.6069
0.579
0.704
0.8877
3.1598
3.117
2.9896
0.655
0.6148
0.5237
2.8608
0.7077
0.5625
0.4281
0.4347
0.5785
0.4519
0.4852
0.444
1.4784
0.6457
0.4998
0.4949
0.5466
0.7267
0.5744
0.4797
0.587
0.4457
0.5574
0.5279
0.4204
0.696
0.4651
0.4183
0.6141
0.5591
0.4904
0.4376
0.4128
0.4273
0.5218
0.4527
0.4153
0.4452
0.4135
0.4393
0.5041
0.4293
0.4174
0.4544
0.4444
0.6206
0.541
0.4406
0.447
0.4107
0.4239
0.4629
0.4238
0.4704
0.4074
0.4935
0.4569
0.4369
0.4127
0.4313
0.4158
0.4477
0.4369
0.4351
0.4297
0.437
0.4444
0.4261
0.4041
0.4393
0.4289
0.4035
0.4397
0.4151
0.4219
0.4359
0.4344
0.5229
2.2688
0.4477
0.5972
0.5489
0.4292
0.4218
0.4418
0.4213
0.4586
1.6993
0.4744
0.4185
2.7767
0.4837
0.4292
0.4505
0.4431
0.4593
0.4082
0.4497
0.4493
0.4125
0.4841
0.448
0.4074
0.4263
0.4148
0.455
0.3934
0.4393
0.4106
0.4222
0.393
2.7106
0.4305
0.6551
0.4951
0.4498
0.452
0.4037
0.4289
0.4024
0.4364
0.4023
0.4362
0.4127
0.4255
0.4336
0.4071
0.4556
0.3993
0.4448
0.3957
0.4267
0.4065
0.4226
0.4347
0.4358
0.4195
0.4007
0.4317
0.395
0.4341
0.4341
0.3939
0.442
2.6356
0.4344
0.575
0.4649
0.4045
0.4378
0.4486
0.4626
0.5348
0.4863
0.4457
0.4251
0.601
0.4421
0.4053
0.3954
0.4261
0.6193
0.6182
0.4658
0.4275
0.3954
0.3832
0.3937
0.3883
0.3967
0.4135
0.3969
0.4076
0.398
0.3886
0.3899
0.3866
0.3732
0.3888
0.4258
0.4312
0.431
0.4166
0.4374
0.4058
0.4294
0.4145
0.4281
0.396
0.4009
0.4199
0.4197
0.416
0.4258
0.3922
0.4371
0.4242
0.3943
0.446
0.3929
0.4136
0.4253
0.4085
0.46
0.4319
0.442
0.4379
0.4438
0.4338
0.4484
0.4013
0.4361
0.4619
0.4538
0.425
0.4723
0.4373
0.628
0.471
0.4132
0.4312
0.6486
0.6658
0.4141
0.4459
0.4124
0.4299
0.4445
0.6032
0.4503
0.4071
0.7768
0.4211
0.4466
0.4554
0.6452
0.6341
0.6223
0.451
0.4072
0.4398
0.4329
0.3933
0.394
0.4123
0.5174
0.4662
0.4464
0.7324
0.673
0.4099
0.4462
0.3916
0.4127
0.4099
0.4132
0.41
0.4457
0.4544
0.5029
0.4134
0.4347
0.4257
0.4189
0.3926
0.596
0.4912
0.3989
0.4079
0.4142
0.3856
0.3989
0.6766
0.4018
0.3969
0.4434
0.406
0.3985
0.4395
0.6458
0.4008
0.4295
0.3915
0.4763
0.4634
0.4666
0.4047
0.3864
0.6674
0.4363
0.6509
0.42
0.5819
0.3994
0.4703
0.4324
0.685
0.4139
0.3964
0.4121
0.3881
0.3784
0.4412
0.3911
0.3998
0.3846
0.4055
0.3984
0.413
0.4304
0.6109
0.475
0.3931
0.6019
0.451
0.4059
0.5034
0.4013
0.431
0.4286
0.6136
0.449
0.6755
0.499
0.4543
0.4507
0.4557
0.4441
0.485
0.4659
0.5466
0.6277
0.5653
0.5867
0.5937
0.5921
0.5253
0.6237
0.6302
0.7036
0.4972
0.4397
0.4586
0.4559
0.4421
0.6691
0.5808
0.4914
0.4768
0.4096
0.4361
0.4235
0.5251
0.4042
0.4895
0.7175
0.4073
0.6486
0.4535
0.61
0.4029
0.3877
0.4807
0.463
0.4933
0.5556
0.4255
0.4548
0.4075
0.4369
0.4259
0.6298
0.4198
0.4124
0.454
0.4359
0.6453
0.444
0.4271
0.4243
0.5597
0.4513
0.4182
0.4576
0.5139
0.4356
0.4363
0.426
0.4181
0.6311
0.4814
0.4924
0.4985
0.6543
0.4598
0.4265
0.4493
0.6745
0.5719
0.4538
0.4454
0.4139
0.4907
0.5672
0.5895
0.6187
0.4215
0.5257
0.4429
0.5424
0.4373
0.6189
0.4381
0.5851
0.651
0.4575
0.527
0.4425
0.4297
0.4674
0.6914
0.4485
0.4012
0.5833
0.6163
0.6445
0.4188
0.4249
0.4469
0.6469
0.449
0.4204
0.4283
0.5037
0.4179
0.4024
0.4359
0.3887
0.3837
0.4542
0.4122
0.42
0.4066
0.5473
0.6131
0.4062
0.444
0.4199
0.6243
0.4228
0.4442
0.4499
0.4565
0.526
0.4507
0.4125
0.4816
0.5087
0.4549
0.4147
0.4162
0.4085
0.4928
0.6467
0.4458
0.4558
0.414
0.4601
0.461
0.4755
0.4648
0.4088
0.4262
0.4721
0.4173
0.6155
0.6265
0.4262
0.4002
0.4156
0.4016
0.428
0.6412
0.4708
0.4066
0.6149
0.4131
0.4164
0.6093
0.4122
0.457
0.4091
0.4463
0.4074
0.4413
0.4423
0.44
0.5438
0.4408
0.4533
0.4679
0.4984
0.4688
0.4723
0.4961
0.4424
0.4733
0.4095
0.4194
0.4137
0.4408
0.4333
0.4289
0.4121
0.4379
0.4433
0.4418
0.4234
0.4004
0.4401
0.4199
0.439
0.4463
0.3963
0.4325
0.3966
0.4246
0.454
0.3952
0.4284
0.4031
0.4335
0.4113
0.4375
0.3967
0.4273
0.4413
0.3937
0.4209
0.4188
0.4043
0.4268
0.4295
0.4072
0.4259
0.4216
0.4392
0.4332
0.4047
0.4513
0.4161
0.4901
0.4173
0.4497
0.4018
0.4176
0.4382
0.4412
0.3945
0.3866
0.4064
0.4255
0.4183
0.4016
0.4359
0.4468
0.4068
0.4402
0.4008
0.4022
0.4332
0.4329
0.4125
0.408
0.4728
0.4667
0.4256
0.3993
0.3927
0.4026
0.4218

