---------------------------------------------
CalcPrivateVideoDecoderOutputViewSize_D3D11_1
---------------------------------------------
0.002
0.0013
0.0014
0.0021
0.0017
0.0011
0.0017
0.0009
0.0008
0.0021
0.0008
0.0007
0.0007
0.0017
0.0006
0.0013
0.0009
0.0007
0.0008
0.0033
0.0007
0.0012
0.0016
0.001
0.0009
0.001
0.0008
0.0006
0.0019
0.0009
0.0007
0.0006
0.0022
0.0011
0.0023
0.001
0.0008
0.0016
0.001
0.0007
0.0035
0.0018
0.0021
0.0009
0.0007
0.0008
0.0006
0.0006
0.0008
0.0008
0.0007
0.0007
0.0006
0.0009
0.0005
0.0009
0.0006
0.0007
0.0006
0.0006
0.0007
0.0007
0.0005
0.0024
0.0006
0.0007
0.0008
0.0007
0.0006
0.0006
0.0006
0.0008
0.0005
0.0008
0.0006
0.0006
0.0009
0.0006
0.0005
0.0006
0.0007
0.0006
0.0006
0.0006
0.0006
0.0005
0.0006
0.0007
0.001
0.0006
0.0006
0.0009
0.0006
0.0006
0.002
0.0007
0.0007
0.0007
0.0016
0.0018
0.001
0.0008
0.0019
0.002
0.001
0.0008
0.0009
0.0019
0.0008
0.0008
0.0011
0.0009
0.0015
0.0011
0.001
0.001
0.0009
0.0006
0.0021
0.0009
0.0007
0.0015
0.0011
0.0012
0.0009
0.0009
0.0009
0.0008
0.0007
0.0009
0.0014
0.0011
0.001
0.0012
0.0008
0.0008
0.0007
0.0031
0.0007
0.0008
0.0034
0.0025
0.0008
0.0008
0.0007
0.0008
0.0006
0.001
0.0008
0.0007
0.0008
0.0007
0.0008
0.001
0.0009
0.0007
0.0006
0.0009
0.0006
0.0007
0.0008
0.0009
0.0007
0.0011
0.0017
0.0016
0.0011
0.0008
0.001
0.002
0.0012
0.0014
0.0017
0.0014
0.0011
0.0008
0.0008
0.0007
0.0009
0.0007
0.0015
0.001
0.0009
0.0009
0.0019
0.0011
0.002
0.0012
0.0009
0.0008
0.0009
0.0008
0.0008
0.0008
0.0007
0.0011
0.0011
0.0007
0.0013
0.0012
0.0008
0.0044
0.0017
0.001
0.0009
0.0008
0.001
0.0008
0.0008
0.0007
0.0008
0.0164
0.0007
0.0007
0.0007
0.0007
0.0007
0.0012
0.0007
0.0006
0.0009
0.0007
0.0007
0.0015
0.0007
0.0008
0.0008
0.0008
0.0008
0.001
0.0006
0.0007
0.0007
0.0007
0.0008
0.0008
0.0016
0.0011
0.0021
0.001
0.0011
0.0014
0.0008
0.0022
0.001
0.0008
0.0008
0.0007
0.0008
0.0011
0.0008
0.0009
0.0007
0.0012
0.0008
0.0008
0.0008
0.001
0.0007
0.0006
0.0017
0.0009
0.0008
0.0007
0.0008
0.0008
0.0008
0.0007
0.0008
0.0006
0.0017
0.0009
0.0008
0.0023
0.001
0.0012
0.001
0.0008
0.0007
0.0013
0.0016
0.0007
0.0006
0.0007
0.0008
0.0011
0.0008
0.001
0.0007
0.0008
0.0011
0.0016
0.0009
0.0008
0.0008
0.0017
0.0008
0.0008
0.0009
0.0008
0.0012
0.001
0.001
0.0011
0.0012
0.0016
0.0018
0.0019
0.0011
0.0009
0.001
0.0007
0.0008
0.001
0.0007
0.0007
0.0037
0.0008
0.0008
0.0007
0.0007
0.0007
0.0008
0.001
0.0008
0.0011
0.0007
0.001
0.0008
0.0006
0.001
0.0009
0.0012
0.0008
0.0009
0.0009
0.0009
0.0007
0.0009
0.0015
0.001
0.001
0.001
0.0018
0.0014
0.0012
0.0008
0.0015
0.001
0.0014
0.0015
0.0019
0.0008
0.0011
0.0013
0.0009
0.0008
0.0008
0.0008
0.0009
0.0012
0.0012
0.0008
0.0007
0.0008
0.0008
0.0009
0.0009
0.0008
0.0007
0.0007
0.0007
0.0007
0.0009
0.001
0.0007
0.0008
0.001
0.0009
0.0009
0.0007
0.0009
0.0008
0.0007
0.0008
0.0008
0.0006
0.0008
0.0007
0.0007
0.0007
0.0008
0.0007
0.001
0.0011
0.0008
0.0009
0.0008
0.0008
0.001
0.0008
0.0007
0.0008
0.0007
0.0009
0.0009
0.0009
0.0014
0.0017
0.0009
0.001
0.0009
0.0007
0.0007
0.0008
0.0007
0.0007
0.0006
0.0008
0.0014
0.0009
0.0018
0.0019
0.0009
0.0017
0.001
0.0011
0.0015
0.0009
0.0009
0.0009
0.0008
0.0008
0.0009
0.001
0.0007
0.0011
0.0008
0.0022
0.0009
0.0009
0.0009
0.0007
0.0007
0.0012
0.0015
0.0009
0.0015
0.0015
0.001
0.0008
0.0008
0.0015
0.0019
0.0015
0.0011
0.0017
0.0012
0.0014
0.0008
0.0008
0.0006
0.0007
0.0007
0.0008
0.0011
0.001
0.0006
0.0007
0.0007
0.0008
0.0009
0.0008
0.0008
0.0158
0.0009
0.0006
0.0008
0.0007
0.0006
0.0006
0.0007
0.0013
0.0006
0.0006
0.0007
0.0007
0.0008
0.0007
0.0007
0.0009
0.0007
0.0007
0.0007
0.0016
0.0007
0.0009
0.0006
0.0007
0.0008
0.0009
0.0007
0.0007
0.0006
0.0006
0.0009
0.0006
0.0011
0.0007
0.0019
0.0009
0.0018
0.0017
0.0012
0.0013
0.0014
0.0007
0.0008
0.0007
0.0007
0.0012
0.0007
0.0013
0.0006
0.0008
0.0075
0.0011
0.0008
0.0009
0.0008
0.0007
0.001
0.0008
0.0015
0.001
0.0008
0.0018
0.001
0.0008
0.0007
0.0012
0.001
0.0006
0.0006
0.0008
0.0007
0.0007
0.0008
0.0007
0.0008
0.0007
0.0007
0.0007
0.0008
0.0007
0.0009
0.0008
0.0009
0.0007
0.0008
0.0007
0.0008
0.0009
0.0008
0.0007
0.0008
0.0007
0.0008
0.0009
0.001
0.0008
0.0008
0.0006
0.0007
0.0007
0.0016
0.0014
0.0008
0.0008
0.0007
0.0009
0.0007
0.0007
0.0007
0.0007
0.0007
0.0007
0.0007
0.0009
0.0007
0.0008
0.0011
0.0011
0.0009
0.0009
0.0007
0.0007
0.001
0.0008
0.0008

-----------------------
CodechalDecode::Execute
-----------------------
10.9757
3.2034
10.5344
11.1948
8.5631
0.8898
0.8134
0.5715
0.5629
0.6258
0.6399
0.5943
0.6027
0.6105
0.5729
0.6878
3.3723
2.8062
2.8331
0.5466
2.9195
0.5887
2.4613
0.5912
0.4459
0.4258
0.4134
0.4189
0.4258
0.423
0.4164
1.4841
0.4343
0.4252
0.5458
0.4643
0.3943
0.4793
0.4012
0.4226
0.3859
0.483
0.4078
0.425
0.4167
0.4268
0.4175
0.4194
0.3979
0.4222
0.4173
0.3949
0.4233
0.3862
0.4173
0.4106
0.3937
0.4235
0.4114
0.4227
0.4235
0.4123
0.3935
0.4262
0.3903
0.3939
0.385
0.4133
0.4267
0.4249
0.4161
0.4229
0.4207
0.412
0.422
0.4221
0.4126
0.3955
0.4208
0.4122
0.3937
0.4213
0.4192
0.3922
0.4221
0.4087
0.4002
0.4234
0.4118
0.3951
0.4195
0.3747
0.3914
0.4266
0.4262
0.4174
0.4177
2.0087
0.446
0.5072
0.4486
0.4004
0.5026
0.4969
0.441
0.4205
1.6192
0.4981
0.3885
1.5395
0.4212
0.415
1.9953
0.4165
0.4527
1.3142
0.4166
0.4316
1.3957
0.4487
0.4019
0.4407
0.438
0.4326
0.4283
0.3933
0.4356
0.4317
0.4238
0.3967
0.5987
1.017
0.4275
0.4469
0.44
0.4011
0.4385
0.3843
0.4156
0.445
0.4171
0.4164
0.413
0.4103
0.4128
0.3959
0.4146
0.4164
0.397
0.4131
0.3982
0.4206
0.4016
0.4156
0.4204
0.392
0.4206
0.3944
0.412
0.4222
0.3912
0.4137
0.4125
2.3966
0.4056
0.4812
0.4475
0.3759
0.3997
0.5286
0.5876
0.6054
0.4896
0.4236
0.4401
0.4102
0.4479
0.3889
0.4284
0.3988
0.4797
0.3896
0.4139
0.4409
0.4653
0.3981
0.5104
0.4417
0.4405
0.4411
0.4298
0.4294
0.425
0.4342
0.424
0.4304
0.3766
0.4149
0.4068
0.4121
0.4073
0.5199
0.6329
0.5256
0.393
0.4125
0.4135
0.4079
0.4281
0.3924
0.421
0.4067
0.4259
0.3869
0.4329
0.424
0.3866
0.434
0.4216
0.3866
0.4269
0.4153
0.4258
0.4278
0.4162
0.4241
0.4215
0.4262
0.447
0.3729
0.421
0.4257
0.3954
0.4176
0.4705
0.4348
0.4964
0.4035
0.5251
0.4098
0.3947
0.5527
0.4178
0.5407
0.4089
0.3847
0.4159
0.4216
0.4512
0.423
0.4579
0.4559
0.4363
0.5731
0.4609
0.454
0.4235
0.4516
0.4502
0.4175
0.4428
0.4546
0.4063
0.4387
0.4563
0.4877
0.4142
0.452
0.4125
0.4621
0.6025
0.4007
0.3714
0.6707
0.4478
0.5511
0.4246
0.4161
0.4149
0.4291
0.4131
0.3846
0.413
0.461
0.414
0.3991
0.3909
0.5908
0.4074
0.4177
0.6121
0.6315
0.4236
0.4511
0.4787
0.4401
0.4206
0.4648
0.4663
0.4426
0.4183
0.4906
0.4078
0.5981
0.5936
0.4788
0.5038
0.6712
0.441
0.4474
0.4298
0.4252
0.4605
0.4119
0.4615
0.3883
0.6408
0.7037
0.5072
0.4168
0.4247
0.6421
0.4338
0.5594
0.3938
0.5743
0.4141
0.4301
0.3788
0.3839
0.4334
0.4236
0.4312
0.4082
0.4299
0.5154
0.3984
0.4236
0.525
0.5519
0.4575
0.3929
0.385
0.4821
0.441
0.4923
0.388
0.4471
0.4285
0.6327
0.4068
0.4647
0.4418
0.4229
0.4502
0.4027
0.4221
0.4302
0.4333
0.4317
0.3943
0.3764
0.4292
0.409
0.4399
0.399
0.4246
0.4276
0.4275
0.3966
0.4159
0.4274
0.384
0.4311
0.3936
0.4161
0.4317
0.4158
0.4283
0.433
0.4206
0.4321
0.3997
0.4178
0.4291
0.4275
0.3817
0.4197
0.3935
0.4159
0.4294
0.4258
0.4125
0.3921
0.3692
0.4217
0.4337
0.4296
0.42
0.4261
0.3841
0.4168
0.4222
0.3812
0.3889
0.4276
0.3997
0.4052
0.4583
0.4392
0.4086
0.4297
0.3936
0.4149
0.4093
0.4028
0.3982
0.3993
0.3838
0.4273
0.4198
0.5059
0.5008
0.436
0.5022
0.4469
0.4452
0.4179
0.4339
0.4391
0.4478
0.4182
0.3914
0.4326
0.3971
0.4297
0.4192
0.3926
0.528
0.4273
0.4293
0.3946
0.4143
0.4699
0.457
0.6409
0.4148
0.4367
0.4328
0.3893
0.3986
0.4158
0.4451
0.6254
0.5779
0.4223
0.5671
0.4231
0.3857
0.3915
0.4192
0.3926
0.4246
0.3971
0.4112
0.4011
0.4408
0.3909
0.4276
0.4196
0.4033
0.4346
0.4441
0.3939
0.429
0.3996
0.4014
0.4252
0.394
0.4211
0.3897
0.4314
0.3801
0.3921
0.4232
0.3883
0.4223
0.4138
0.4142
0.422
0.4114
0.4188
0.397
0.4028
0.4139
0.4217
0.3973
0.4202
0.3868
0.4319
0.4229
0.4234
0.3946
0.4161
0.407
0.4179
0.4062
0.3843
0.3968
0.4861
0.4545
0.5019
0.4796
0.4686
0.4555
0.4787
0.3856
0.4151
0.4076
0.3942
0.4331
0.4011
0.4373
0.3752
0.3856
0.4778
0.3654
0.4086
0.4403
0.4021
0.4242
0.3863
0.4144
0.4651
0.3866
0.3775
0.4983
0.447
0.3925
0.4255
0.4431
0.3907
0.3912
0.4029
0.4291
0.409
0.4174
0.4073
0.4215
0.3945
0.4259
0.3979
0.4254
0.3837
0.4312
0.3985
0.4283
0.4165
0.4095
0.3704
0.4074
0.4275
0.4234
0.3845
0.4251
0.3885
0.4239
0.3982
0.4291
0.3894
0.425
0.4188
0.4162
0.4152
0.387
0.4745
0.4363
0.4117
0.4304
0.3902
0.4339
0.4356
0.389
0.3752
0.383
0.4222
0.4172
0.4063
0.4321
0.3904
0.4069
0.4005
0.379
0.42
0.4365
0.3945
0.4132
0.422
0.4231
0.4072

---------------------------------------
CodechalDecodeHevcG12::DecodeStateLevel
---------------------------------------
0.4421
4.3259
0.4946
2.1307
4.7567
2.7542
6.6322
2.8512
0.3069
4.5665
0.2181
0.377
0.229
0.2929
0.1826
0.1936
0.2257
0.1976
0.2276
0.1879
0.2226
0.2279
0.2308
0.1718
0.224
0.1899
0.2284
0.1931
0.2104
0.201
0.265
0.1776
0.2921
2.6218
0.2165
2.2744
0.2259
2.2906
0.2282
0.1678
0.2726
2.3562
0.254
0.1718
0.2312
1.931
0.2321
0.2026
0.1827
0.1298
0.1647
0.1317
0.1588
0.1269
0.1637
0.1271
0.1624
0.1337
0.1662
0.1282
0.1616
0.1287
0.1608
1.1156
0.159
0.1293
0.1644
0.1272
0.2374
0.1327
0.1827
0.1348
0.1511
0.1213
0.2016
0.127
0.1513
0.1247
0.1646
0.1285
0.1481
0.1204
0.1861
0.1296
0.1517
0.1327
0.1631
0.1341
0.1622
0.1281
0.1643
0.1355
0.1623
0.1253
0.1647
0.1263
0.1514
0.1309
0.1677
0.1263
0.1648
0.1274
0.1467
0.1293
0.1696
0.1263
0.1479
0.1212
0.1572
0.1351
0.1619
0.1252
0.1482
0.1307
0.1683
0.1286
0.1606
0.1248
0.1616
0.1351
0.1658
0.1305
0.1605
0.1254
0.1468
0.132
0.1674
0.1265
0.1539
0.1192
0.1485
0.1298
0.1471
0.118
0.1579
0.1291
0.1632
0.1352
0.1631
0.128
0.1611
0.1283
0.1612
0.1345
0.1657
0.1267
0.1599
0.1253
0.1621
0.1353
0.1676
0.1264
0.1612
0.1261
0.1502
0.1288
0.1643
0.1272
0.1613
0.1255
0.148
0.1271
0.1656
0.1279
0.1633
0.1288
0.1468
0.1293
0.167
0.1265
0.1579
0.1259
0.1502
0.1341
0.1667
0.1275
0.1612
0.1263
0.1486
0.128
0.1662
0.1268
0.1409
0.1158
0.151
0.1234
0.1622
0.1363
0.1659
0.1281
0.1649
0.1252
0.1686
0.1246
0.1816
1.5094
0.167
0.135
0.2031
0.1278
0.1823
0.1266
0.1549
0.1273
0.2006
0.1289
0.2088
0.1302
0.175
0.1324
0.165
0.1312
0.1906
1.1151
0.202
0.1292
0.1526
0.1219
0.191
1.0106
0.1665
0.1248
0.1607
0.1242
0.2141
1.4423
0.16
0.1236
0.1805
0.1268
0.1827
0.8913
0.1628
0.1267
0.1681
0.1287
0.185
0.9893
0.1904
0.1278
0.1496
0.1273
0.163
0.1349
0.1679
0.1334
0.1718
0.1275
0.1652
0.1283
0.1491
0.1279
0.1747
0.1297
0.1668
0.1306
0.1641
0.1323
0.152
0.1246
0.1684
0.1326
0.1766
0.1275
0.1623
0.1301
0.1742
0.1287
0.1757
0.1357
0.1495
0.1301
0.1709
0.1275
0.1476
0.1214
0.1649
0.1287
0.1586
0.124
0.1622
0.1242
0.1604
0.1249
0.158
0.1303
0.157
0.1311
0.1607
0.1262
0.1485
0.1304
0.1558
0.137
0.1631
0.1268
0.1555
0.1216
0.1599
0.1263
0.1508
0.1286
0.1557
0.1371
0.1545
0.1254
0.1589
0.1202
0.1631
0.1285
0.1496
0.1223
0.1629
0.1286
0.1479
0.1291
0.1603
0.1257
0.1601
0.1359
0.1534
0.1211
0.1605
0.125
0.1621
0.1248
0.1541
1.9099
0.1548
0.1188
0.2031
0.1267
0.1779
0.1293
0.143
0.1233
0.1519
0.1276
0.1791
0.1748
0.219
0.2003
0.2359
0.1922
0.1926
0.1336
0.1583
0.1219
0.1656
0.1337
0.1512
0.1343
0.1783
0.1371
0.1473
0.1212
0.1652
0.1296
0.1539
0.1271
0.182
0.1472
0.1485
0.1204
0.1677
0.1229
0.1683
0.1379
0.1879
0.1276
0.1515
0.1236
0.2111
0.1349
0.1763
0.1294
0.1682
0.1393
0.1763
0.1313
0.1658
0.1281
0.1636
0.1381
0.1692
0.1282
0.1677
0.1301
0.1644
0.1331
0.167
0.1279
0.1446
0.1129
0.1558
0.1358
0.1579
0.1243
0.1568
0.132
0.1611
0.1288
0.2194
0.1371
0.2425
0.1898
0.187
0.1867
0.15
0.127
0.1536
0.1317
0.1574
0.133
0.1635
0.1269
0.1654
0.1288
0.1473
0.1298
0.1689
0.127
0.1534
0.1292
0.1631
0.1359
0.1488
0.1212
0.1657
0.1367
0.1633
0.1342
0.148
0.1231
0.1674
0.1304
0.1675
0.1265
0.1482
0.1235
0.1648
0.129
0.1596
0.1279
0.1632
0.1368
0.1647
0.1235
0.1614
0.1297
0.165
0.1282
0.1614
0.13
0.1622
0.1364
0.1834
0.1287
0.1447
0.1151
0.1586
0.1339
0.1675
0.1269
0.1496
0.1279
0.1575
0.1361
0.1684
0.1698
0.1649
0.1377
0.2046
0.1361
0.161
0.12
0.2168
0.1455
0.1604
0.1242
0.1477
0.1258
0.2146
0.1766
0.1567
0.1344
0.2233
0.1337
0.1587
0.1282
0.1433
0.1308
0.159
0.1366
0.1559
0.144
0.1732
0.1478
0.1623
0.1303
0.1784
0.143
0.1812
0.145
0.1663
0.144
0.2248
0.1872
0.1774
0.1455
0.1791
0.1403
0.1614
0.1372
0.1742
0.1484
0.1765
0.1408
0.1558
0.142
0.1676
0.1426
0.1882
0.1342
0.1614
0.1238
0.166
0.1441
0.1783
0.1458
0.2071
0.1439
0.1576
0.1346
0.1725
0.1411
0.1577
0.1328
0.164
0.165
0.2338
0.1931
0.1518
0.1294
0.1393
0.1243
0.2688
0.1987
0.186
0.1285
0.2099
0.1856
0.1644
0.1299
0.1589
0.1339
0.1655
0.1283
0.1606
0.1375
0.1552
0.1355
0.1482
0.1253
0.154
0.1379
0.1792
0.1398
0.1552
0.1408
0.1548
0.1237
0.1463
0.1315
0.2294
0.1921
0.1586
0.1288
0.1624
0.1279
0.2444
0.188
0.2365
0.2014
0.163
0.1292
0.1697
0.1411
0.1926
0.1381
0.1707
0.1355
0.1575
0.1423
0.1794
0.1399
0.1842
0.1345
0.17
0.1411
0.16
0.1258
0.2079
0.1402
0.1508
0.1398
0.2347
0.1931
0.2343
0.1876
0.1896
0.1426
0.2055
0.143
0.29
0.1935
0.1646
0.1438
0.1741
0.1332
0.1631
0.1305
0.164
0.1367
0.1637
0.1408
0.1528
0.1259
0.1564
0.1435
0.1491
0.1203
0.1746
0.2412
0.2679
0.2569
0.1985
0.1269
0.1479
0.1353
0.1647
0.1345
0.2145
0.251
0.1718
0.1281
0.2086
0.189
0.1517
0.1285
0.2162
0.1841
0.1612
0.1332
0.1614
0.1271
0.149
0.1153
0.1482
0.1264
0.1605
0.1298
0.1684
0.1278
0.1674
0.1288
0.1526
0.1373
0.1702
0.1313
0.1961
0.1711
0.1605
0.1239
0.1653
0.1307
0.213
0.1409
0.2408
0.1423
0.1699
0.1339
0.1503
0.1214
0.144
0.1307
0.1974
0.1282
0.1777
0.1241
0.2007
0.1331
0.1486
0.1239
0.1782
0.1291
0.1572
0.148
0.2461
0.202
0.1516
0.1208
0.1888
0.1329
0.1777
0.1296
0.1666
0.1297
0.1801
0.1296
0.15
0.1342
0.1611
0.1299
0.1648
0.1376
0.1722
0.1289
0.1661
0.1285
0.1551
0.121
0.1456
0.1156
0.1721
0.1279
0.1626
0.1233
0.1781
0.129
0.1493
0.1354
0.1661
0.1282
0.1702
0.1281
0.1657
0.128
0.1494
0.1309
0.156
0.1228
0.1707
0.1291
0.1488
0.1218
0.1643
0.1363
0.1502
0.1279
0.1615
0.127
0.1655
0.1329
0.1617
0.1233
0.1673
0.1341
0.1655
0.1338
0.1627
0.1325
0.1713
0.128
0.1531
0.1301
0.1631
0.1269
0.1653
0.1405
0.1725
0.1292
0.15
0.1222
0.1588
0.1368
0.1495
0.124
0.1601
0.1275
0.1654
0.14
0.1696
0.1277
0.1635
0.1262
0.1511
0.1216
0.1429
0.1146
0.1628
0.1282
0.1743
0.1292
0.1718
0.127
0.1622
0.1264
0.1703
0.1287
0.15
0.1208
0.1608
0.1355
0.1635
0.1299
0.1479
0.1206
0.1518
0.1179
0.1635
0.1263
0.1544
0.1212
0.1508
0.1213
0.1925
0.1262
0.168
0.1409
0.1513
0.1385
0.1653
0.1383
0.1518
0.1271
0.1597
0.1329
0.1561
0.1306
0.1537
0.1294
0.153
0.1298
0.1551
0.1301
0.1436
0.1273
0.1624
0.1277
0.1543
0.136
0.2133
0.1292
0.2103
0.1344
0.1727
0.1252
0.2191
0.1291
0.1734
0.1326
0.1719
0.1278
0.174
0.114
0.1682
0.1334
0.1821
0.1262
0.1746
0.1416
0.1645
0.1279
0.1561
0.1221
0.1665
0.1381
0.1515
0.1277
0.1639
0.1295
0.1687
0.1214
0.1482
0.1259
0.2207
0.1336
0.1662
0.1263
0.1634
0.1368
0.1499
0.1262
0.1582
0.1291
0.1737
0.1775
0.1815
0.123
0.2546
0.1991
0.1564
0.1322
0.168
0.1245
0.1714
0.1229
0.1494
0.1243
0.1559
0.1282
0.16
0.1357
0.1707
0.138
0.2222
0.2279
0.2681
0.1293
0.1535
0.1433
0.2193
0.1871
0.1566
0.1242
0.1469
0.1219
0.1501
0.1262
0.1623
0.1224
0.153
0.1223
0.1604
0.1348
0.1489
0.1293
0.1587
0.1293
0.1531
0.1282
0.1687
0.1266
0.1496
0.1236
0.1604
0.1386
0.1565
0.1319
0.1547
0.1255
0.1678
0.1303
0.1832
0.129
0.1486
0.1297
0.1633
0.1285
0.1513
0.1283
0.1521
0.1267
0.1655
0.1276
0.1515
0.1214
0.157
0.1385
0.1487
0.1204
0.1672
0.1299
0.1465
0.1199
0.1542
0.1221
0.1627
0.1287
0.1478
0.1278
0.1604
0.1336
0.1595
0.1251
0.1579
0.1326
0.1595
0.1327
0.1599
0.1256
0.1602
0.1332
0.1496
0.1247
0.1537
0.1204
0.1585
0.1327
0.1662
0.127
0.1495
0.1276
0.1589
0.137
0.1493
0.121
0.1708
0.1287
0.1653
0.126
0.1656
0.1274
0.1478
0.1282
0.1561
0.1346
0.158
0.1254
0.1605
0.1329
0.1566
0.1271
0.1478
0.1196
0.151
0.1283
0.1946
0.131
0.1892
0.1302
0.2093
0.1304
0.1958
0.1293
0.1913
0.1294
0.1804
0.1265
0.2032
0.1286
0.1466
0.1268
0.1548
0.138
0.1552
0.1297
0.1493
0.1293
0.1688
0.1279
0.1452
0.1262
0.1732
0.1292
0.1432
0.1185
0.146
0.1208
0.1873
0.1322
0.1405
0.113
0.1598
0.1237
0.1672
0.1356
0.1509
0.1241
0.1642
0.1303
0.1515
0.1211
0.1578
0.127
0.1908
0.1346
0.1478
0.1229
0.1422
0.1232
0.1984
0.1351
0.1682
0.135
0.1479
0.1276
0.1572
0.133
0.1783
0.1281
0.1489
0.1219
0.1533
0.1234
0.1531
0.1282
0.1666
0.1306
0.1593
0.1241
0.1643
0.1258
0.1584
0.1243
0.16
0.1346
0.1497
0.127
0.1627
0.1336
0.1535
0.1278
0.1708
0.1285
0.1485
0.1194
0.1563
0.1484
0.1492
0.1259
0.1713
0.126
0.1598
0.1272
0.1615
0.1258
0.1448
0.1144
0.1535
0.131
0.1703
0.1286
0.1636
0.1269
0.1452
0.123
0.1714
0.128
0.1495
0.121
0.1585
0.1359
0.1562
0.121
0.1653
0.1256
0.1504
0.1197
0.1669
0.1277
0.1601
0.1322
0.1586
0.1322
0.1609
0.1264
0.1476
0.1234
0.1868
0.134
0.1772
0.1222
0.1552
0.1365
0.1646
0.1406
0.1499
0.126
0.1729
0.1322
0.172
0.1356
0.151
0.121
0.1427
0.1187
0.1458
0.1247
0.1556
0.1381
0.1636
0.1288
0.1591
0.123
0.1676
0.1381
0.1541
0.1203
0.1598
0.1263
0.1515
0.1293
0.1435
0.1196
0.1585
0.1371
0.1655
0.1373
0.1474
0.1267
0.1596
0.1258
0.1631
0.1308
0.1701
0.1275
0.1594
0.1273

-------------------------------------
CodechalDecodeHevcG12::SetFrameStates
-------------------------------------
5.9131
0.4054
2.8628
1.543
3.5414
0.1505
0.1458
0.0896
0.0367
0.0364
0.0365
0.0355
0.0348
0.0354
0.0347
0.0456
0.3378
0.1934
0.2012
0.0369
0.1506
0.0409
0.155
0.0396
0.0375
0.0362
0.0335
0.0345
0.0353
0.034
0.0339
0.0888
0.0472
0.0355
0.0489
0.0388
0.0334
0.0397
0.0328
0.0331
0.0324
0.0417
0.0348
0.034
0.034
0.0343
0.0352
0.0344
0.0317
0.0346
0.0343
0.031
0.0342
0.0319
0.0353
0.0334
0.0308
0.0342
0.0346
0.0336
0.0336
0.0339
0.0307
0.035
0.0248
0.0312
0.0319
0.0353
0.0352
0.0346
0.0346
0.034
0.0339
0.0356
0.0341
0.0339
0.0336
0.0317
0.0348
0.034
0.0308
0.0336
0.0344
0.0317
0.0339
0.0339
0.0306
0.0342
0.0339
0.0316
0.0345
0.0338
0.0308
0.0361
0.0362
0.0351
0.0318
0.1845
0.0392
0.0481
0.0389
0.0327
0.0428
0.0415
0.0366
0.0325
0.1927
0.0416
0.0323
0.2433
0.0372
0.0337
0.2132
0.0377
0.0396
0.1329
0.0346
0.0358
0.1123
0.0366
0.0319
0.0411
0.0388
0.0354
0.035
0.0323
0.0352
0.0367
0.0344
0.0327
0.1884
0.6129
0.0347
0.0374
0.0359
0.0324
0.0345
0.0315
0.0328
0.0337
0.0335
0.0355
0.0345
0.0325
0.037
0.0317
0.0326
0.0341
0.0323
0.0341
0.0317
0.0365
0.0346
0.0319
0.0347
0.0328
0.0342
0.032
0.0359
0.0341
0.0323
0.0333
0.0316
0.2101
0.0339
0.0396
0.04
0.031
0.0348
0.0405
0.0463
0.0526
0.0486
0.0374
0.0399
0.0336
0.037
0.0378
0.0358
0.033
0.0407
0.0349
0.0337
0.0358
0.041
0.0349
0.0434
0.0371
0.0367
0.0365
0.0367
0.035
0.0357
0.0361
0.0344
0.0359
0.0242
0.034
0.0342
0.036
0.0322
0.0423
0.0543
0.0365
0.0324
0.0343
0.0344
0.0326
0.0364
0.031
0.0335
0.0335
0.0349
0.0333
0.0357
0.0343
0.0315
0.0358
0.0351
0.0311
0.0342
0.0346
0.0347
0.037
0.0341
0.0351
0.0358
0.0353
0.0364
0.0243
0.0339
0.0357
0.0334
0.0341
0.0354
0.0345
0.044
0.0345
0.0414
0.0351
0.0334
0.0438
0.0338
0.054
0.035
0.0316
0.0353
0.0319
0.0338
0.0328
0.0355
0.0354
0.0329
0.0444
0.0348
0.0348
0.0325
0.0334
0.0348
0.0319
0.0338
0.0363
0.0244
0.033
0.0346
0.0375
0.0313
0.0337
0.0323
0.0322
0.0484
0.0328
0.0298
0.0567
0.0377
0.0433
0.0327
0.0325
0.0328
0.0344
0.0318
0.0299
0.0314
0.0351
0.0311
0.0329
0.0312
0.0424
0.034
0.0333
0.0487
0.0552
0.0337
0.0347
0.0365
0.0283
0.0327
0.0357
0.0445
0.0348
0.0319
0.0461
0.0312
0.047
0.0496
0.0386
0.043
0.0456
0.0381
0.0374
0.0358
0.0336
0.0399
0.0447
0.0345
0.0316
0.057
0.0331
0.0686
0.0316
0.0334
0.0332
0.0372
0.0402
0.0318
0.0439
0.0345
0.0315
0.0251
0.0314
0.0375
0.0348
0.0359
0.0316
0.0348
0.0379
0.0319
0.0352
0.0534
0.0608
0.0396
0.0341
0.0312
0.0412
0.0354
0.0434
0.0322
0.0359
0.0355
0.0531
0.0426
0.0357
0.0374
0.0356
0.0379
0.0324
0.0418
0.0351
0.0368
0.0347
0.033
0.0241
0.0356
0.032
0.0374
0.0318
0.0366
0.0352
0.0342
0.0326
0.0426
0.0376
0.0309
0.0352
0.0323
0.0339
0.0356
0.0338
0.0354
0.0347
0.0338
0.0346
0.0325
0.041
0.0345
0.0343
0.031
0.033
0.0319
0.0386
0.0345
0.0358
0.0344
0.0334
0.0241
0.0338
0.0358
0.0367
0.0348
0.0343
0.0316
0.0327
0.0343
0.0314
0.0303
0.0441
0.0326
0.0344
0.0379
0.0364
0.0322
0.0339
0.0322
0.0328
0.0335
0.0338
0.032
0.0328
0.0308
0.0375
0.0376
0.0432
0.0418
0.0347
0.0417
0.035
0.0394
0.0264
0.0345
0.0371
0.0374
0.0356
0.0322
0.0353
0.0323
0.0347
0.0356
0.0326
0.0484
0.0356
0.0355
0.0331
0.0364
0.032
0.0446
0.0523
0.0344
0.0443
0.039
0.0331
0.0339
0.0325
0.0364
0.0414
0.0704
0.0354
0.0524
0.047
0.033
0.0322
0.0329
0.0335
0.0342
0.034
0.0354
0.0331
0.0362
0.032
0.034
0.035
0.0351
0.0401
0.036
0.0314
0.042
0.0324
0.0322
0.0378
0.0321
0.034
0.0326
0.035
0.0319
0.031
0.0358
0.0312
0.035
0.034
0.0334
0.0353
0.0346
0.0346
0.0321
0.0257
0.0328
0.0347
0.0339
0.0336
0.0313
0.0346
0.0344
0.0354
0.033
0.0328
0.036
0.034
0.0327
0.0308
0.0315
0.0426
0.0391
0.0421
0.0412
0.0412
0.0372
0.0382
0.0304
0.0329
0.0327
0.0314
0.0359
0.0468
0.0352
0.0302
0.0301
0.0455
0.0237
0.0331
0.0358
0.0368
0.0367
0.0305
0.0361
0.0365
0.0322
0.0313
0.0422
0.0377
0.0331
0.0478
0.0358
0.0323
0.032
0.0332
0.0348
0.0336
0.034
0.0342
0.0352
0.0337
0.0353
0.0308
0.0344
0.0314
0.0326
0.0355
0.0335
0.035
0.0321
0.0226
0.035
0.035
0.037
0.0308
0.0331
0.0319
0.0338
0.0326
0.0369
0.0319
0.0336
0.0342
0.0336
0.0353
0.0316
0.0404
0.037
0.0341
0.0361
0.0318
0.0342
0.0355
0.0313
0.0311
0.0306
0.0362
0.0341
0.0333
0.0352
0.0316
0.0333
0.0325
0.0241
0.0357
0.0419
0.0332
0.0417
0.0344
0.0348
0.0342

--------------------------
CreateVideoDecoder_D3D11_1
--------------------------
517.55

---------------------------
DestroyVideoDecoder_D3D11_1
---------------------------
0

----------------
First Frame Time
----------------
571.884

--------------------------------------
VideoDecoderBeginFrame_WDDM2_4_D3D11_1
--------------------------------------
0.0103
0.0026
0.0025
0.0043
0.003
0.0028
0.0031
0.0023
0.0018
0.0028
0.0019
0.0018
0.0019
0.0024
0.0018
0.0029
0.0029
0.002
0.0023
0.0027
0.0019
0.0028
0.0028
0.0027
0.0024
0.0023
0.002
0.0019
0.003
0.002
0.0021
0.0016
0.0025
0.002
0.0037
0.0022
0.0019
0.0023
0.002
0.0018
0.002
0.0031
0.0039
0.0046
0.0019
0.0018
0.0018
0.0018
0.0016
0.0018
0.0018
0.0018
0.0017
0.0022
0.0019
0.0017
0.0016
0.0018
0.0018
0.0021
0.0018
0.0021
0.0017
0.003
0.0018
0.0016
0.0019
0.0046
0.003
0.0019
0.0019
0.0018
0.0018
0.0019
0.0018
0.0018
0.0019
0.0017
0.0021
0.002
0.0024
0.0016
0.0018
0.0018
0.0019
0.0019
0.0016
0.0019
0.0019
0.0017
0.0018
0.0019
0.0017
0.0017
0.0026
0.0023
0.0017
0.0018
0.0026
0.0034
0.0022
0.0019
0.0029
0.0028
0.0024
0.0019
0.0022
0.0029
0.0022
0.0017
0.0025
0.0021
0.0023
0.0025
0.0026
0.0024
0.0018
0.0018
0.0024
0.0019
0.0016
0.0025
0.0023
0.0023
0.0021
0.0017
0.0019
0.0019
0.0018
0.0022
0.0024
0.0025
0.002
0.0024
0.0019
0.002
0.0018
0.0018
0.0017
0.0019
0.0017
0.0043
0.002
0.0018
0.0018
0.0017
0.0018
0.0017
0.0018
0.002
0.0019
0.0017
0.0017
0.002
0.0018
0.0018
0.0017
0.002
0.0017
0.0018
0.0021
0.0017
0.002
0.0025
0.0025
0.009
0.0023
0.0018
0.0018
0.0029
0.0028
0.003
0.003
0.0029
0.0022
0.0017
0.0018
0.002
0.0018
0.0019
0.0036
0.0022
0.002
0.002
0.0026
0.002
0.0031
0.0022
0.0021
0.0019
0.0019
0.0019
0.0021
0.0019
0.0018
0.0021
0.0025
0.0018
0.0022
0.002
0.0018
0.0032
0.0034
0.0023
0.0018
0.0021
0.0019
0.0017
0.0019
0.0017
0.0017
0.0033
0.0022
0.002
0.0017
0.0021
0.0017
0.0022
0.0018
0.0016
0.0017
0.0019
0.0021
0.0023
0.0017
0.0019
0.0019
0.0021
0.0018
0.0019
0.0016
0.0018
0.0019
0.0016
0.0018
0.0021
0.0031
0.0024
0.0031
0.0026
0.0021
0.0022
0.0019
0.004
0.002
0.0018
0.0018
0.0017
0.0019
0.002
0.0018
0.0018
0.0017
0.0023
0.0019
0.002
0.0018
0.0019
0.0022
0.0016
0.0017
0.002
0.0017
0.0016
0.0018
0.0019
0.0016
0.0018
0.0023
0.0017
0.0031
0.0019
0.0017
0.0069
0.0023
0.0027
0.0021
0.0019
0.0018
0.0022
0.0016
0.0017
0.0018
0.0019
0.0017
0.0026
0.0016
0.0023
0.0019
0.0017
0.0025
0.0027
0.0024
0.0048
0.002
0.0032
0.0016
0.002
0.002
0.002
0.0025
0.0026
0.0021
0.0024
0.0026
0.0028
0.0028
0.0033
0.0027
0.0022
0.002
0.0018
0.0021
0.0051
0.0017
0.0017
0.009
0.0019
0.0017
0.0018
0.0021
0.0018
0.002
0.0023
0.0017
0.0025
0.0019
0.002
0.0023
0.0017
0.0018
0.0019
0.0028
0.0017
0.0019
0.002
0.002
0.0019
0.0018
0.0024
0.0024
0.002
0.0018
0.0028
0.0025
0.0024
0.0019
0.0027
0.0022
0.0027
0.0029
0.0023
0.0022
0.0021
0.0028
0.0016
0.0021
0.0022
0.002
0.0022
0.0024
0.0025
0.0019
0.0019
0.0019
0.0019
0.0019
0.002
0.002
0.0016
0.0021
0.0019
0.0024
0.0022
0.0019
0.0017
0.002
0.0022
0.002
0.002
0.0019
0.0019
0.0018
0.0021
0.002
0.002
0.0019
0.0018
0.0018
0.0022
0.0021
0.0019
0.0045
0.0025
0.0029
0.0018
0.0019
0.0019
0.0018
0.0019
0.0021
0.0018
0.0019
0.0024
0.0022
0.0022
0.002
0.0025
0.0031
0.002
0.002
0.0021
0.0018
0.0017
0.0017
0.0018
0.0017
0.0018
0.0016
0.0028
0.0022
0.0031
0.003
0.0023
0.0027
0.0019
0.0022
0.0024
0.0021
0.0021
0.0019
0.0019
0.002
0.0018
0.0017
0.0021
0.0019
0.0017
0.0034
0.0023
0.0021
0.002
0.0018
0.0018
0.0022
0.0029
0.0026
0.0031
0.003
0.0024
0.0019
0.0019
0.0028
0.0021
0.0042
0.0022
0.0029
0.0027
0.0023
0.0018
0.0024
0.0017
0.0017
0.0019
0.0017
0.0021
0.0021
0.0021
0.0017
0.0016
0.0018
0.0019
0.0021
0.0018
0.0179
0.0018
0.0018
0.0019
0.0017
0.0021
0.0018
0.0023
0.0019
0.0017
0.0019
0.0017
0.002
0.0018
0.0017
0.0017
0.0018
0.0017
0.0017
0.0019
0.0018
0.0018
0.0017
0.0016
0.002
0.0018
0.0018
0.0018
0.0018
0.0017
0.0018
0.0018
0.0018
0.002
0.0017
0.0033
0.0024
0.0029
0.0029
0.0026
0.0025
0.0026
0.0016
0.0017
0.0019
0.0017
0.0018
0.0017
0.0021
0.0018
0.0015
0.0031
0.005
0.0018
0.0019
0.0016
0.0019
0.0027
0.002
0.0027
0.002
0.0017
0.0028
0.0025
0.0018
0.0019
0.0024
0.0016
0.0016
0.0017
0.0017
0.0019
0.0018
0.0038
0.0017
0.0018
0.0015
0.0025
0.0017
0.0019
0.0016
0.002
0.0017
0.0017
0.0017
0.0019
0.0017
0.0017
0.0019
0.0015
0.0016
0.0019
0.0017
0.0018
0.0022
0.0019
0.0018
0.002
0.002
0.002
0.0016
0.003
0.0028
0.0022
0.0021
0.0068
0.0019
0.0018
0.0019
0.002
0.0016
0.0019
0.0018
0.0017
0.0018
0.0019
0.0017
0.0025
0.0024
0.0019
0.002
0.0016
0.0017
0.0019
0.0018
0.002

----------------------------
VideoDecoderEndFrame_D3D11_1
----------------------------
0.0403
0.056
0.0894
0.0998
0.0723
0.0724
0.0651
0.0678
0.0655
0.0643
0.0659
0.0635
0.0685
0.0634
0.0628
0.0782
0.0624
0.064
0.0618
0.0649
0.0711
0.0659
0.0712
0.062
0.0631
0.06
0.0615
0.066
0.0635
0.0601
0.0664
0.064
0.0605
0.0885
0.0634
0.0627
0.0637
0.0622
0.0569
0.0592
0.0632
0.0621
0.0624
0.0626
0.0673
0.0635
0.062
0.0648
0.0616
0.0622
0.0635
0.0571
0.0592
0.0582
0.0615
0.0622
0.0589
0.062
0.0629
0.0613
0.0603
0.0637
0.0573
0.0645
0.0615
0.0578
0.0567
0.0622
0.0609
0.0622
0.0636
0.0587
0.0599
0.0616
0.0591
0.0627
0.0632
0.0617
0.0602
0.0607
0.0572
0.0609
0.0645
0.0572
0.0613
0.0624
0.0605
0.0621
0.0624
0.063
0.0605
0.0581
0.0599
0.0611
0.0605
0.0603
0.0576
0.0643
0.0651
0.0955
0.062
0.0586
0.0638
0.064
0.0598
0.0602
0.0651
0.0563
0.0843
0.0597
0.0539
0.0888
0.0601
0.0533
0.0904
0.0552
0.052
0.0896
0.0546
0.0543
0.0844
0.0605
0.0637
0.0659
0.0711
0.0599
0.0615
0.0635
0.0633
0.0617
0.0577
0.0535
0.0774
0.1132
0.0599
0.0587
0.0604
0.0568
0.0621
0.061
0.0596
0.0653
0.0575
0.0606
0.0594
0.0606
0.06
0.0637
0.0607
0.0637
0.0556
0.0596
0.0613
0.0582
0.0658
0.0611
0.062
0.0573
0.0583
0.0629
0.0608
0.0634
0.0595
0.0649
0.0561
0.0856
0.0617
0.0557
0.0562
0.0704
0.0764
0.1105
0.0977
0.0592
0.0626
0.0582
0.0607
0.0632
0.0588
0.0614
0.0728
0.0656
0.0597
0.0546
0.0568
0.0652
0.0665
0.0654
0.0622
0.0651
0.0595
0.0625
0.0632
0.0591
0.0602
0.0596
0.0574
0.0617
0.0586
0.0529
0.0698
0.0681
0.0952
0.0783
0.0628
0.0668
0.0605
0.0593
0.0615
0.059
0.06
0.061
0.0591
0.0561
0.0603
0.0598
0.059
0.0609
0.0618
0.0652
0.0611
0.059
0.0632
0.0622
0.0614
0.0599
0.0598
0.0597
0.061
0.0593
0.0623
0.0628
0.055
0.0604
0.0721
0.0606
0.0626
0.0575
0.0651
0.0617
0.0612
0.0835
0.0683
0.0771
0.058
0.0589
0.0756
0.0814
0.0839
0.0827
0.0889
0.0734
0.0874
0.0846
0.089
0.0815
0.0823
0.0859
0.0938
0.0792
0.0848
0.0775
0.0818
0.0878
0.0915
0.0813
0.0794
0.0845
0.078
0.0844
0.0859
0.0571
0.0674
0.0855
0.0715
0.0812
0.0803
0.0577
0.0609
0.084
0.0877
0.0724
0.0776
0.0981
0.0787
0.0557
0.0596
0.0838
0.0614
0.0618
0.0845
0.0837
0.0639
0.0886
0.0863
0.0913
0.0754
0.0839
0.0846
0.0864
0.0742
0.0821
0.0751
0.0839
0.0921
0.0804
0.0973
0.0977
0.0811
0.0725
0.0598
0.0618
0.0635
0.0584
0.0993
0.0603
0.1129
0.1162
0.0607
0.1034
0.0607
0.11
0.0604
0.0801
0.0654
0.0827
0.0548
0.0561
0.0589
0.0555
0.0599
0.061
0.0607
0.077
0.0606
0.0783
0.0581
0.0709
0.0591
0.0596
0.0583
0.068
0.0595
0.0635
0.068
0.0642
0.0654
0.0587
0.0574
0.0868
0.057
0.0607
0.0597
0.0677
0.0612
0.0581
0.0618
0.0644
0.0599
0.067
0.0612
0.0607
0.061
0.0579
0.0654
0.0564
0.0589
0.0612
0.0651
0.0556
0.0614
0.0592
0.0599
0.0655
0.0573
0.0613
0.0608
0.0601
0.0648
0.0596
0.1389
0.0613
0.0586
0.0584
0.0636
0.06
0.0629
0.0621
0.0557
0.0586
0.0605
0.062
0.0719
0.0623
0.063
0.0617
0.0637
0.0596
0.0646
0.0609
0.0648
0.063
0.0613
0.0657
0.0566
0.0575
0.0622
0.0598
0.0591
0.0605
0.06
0.0597
0.0587
0.0612
0.0587
0.059
0.0626
0.0576
0.0569
0.0605
0.0577
0.0688
0.0628
0.0572
0.0607
0.0613
0.0627
0.0629
0.0664
0.0623
0.063
0.0689
0.0601
0.0658
0.057
0.0611
0.064
0.0648
0.0643
0.0617
0.0611
0.0592
0.0625
0.0689
0.074
0.0885
0.0697
0.0623
0.0619
0.0556
0.0588
0.0644
0.0657
0.0943
0.0589
0.0588
0.0636
0.0611
0.061
0.0603
0.0642
0.0653
0.0627
0.057
0.0583
0.0569
0.0613
0.0577
0.0611
0.06
0.0578
0.0636
0.0628
0.059
0.0633
0.0579
0.0589
0.06
0.0602
0.0624
0.0588
0.0623
0.0586
0.0598
0.0648
0.0585
0.0653
0.0645
0.0637
0.0617
0.0629
0.0601
0.0622
0.0622
0.0622
0.0589
0.057
0.0598
0.0583
0.0607
0.0624
0.0678
0.0602
0.0597
0.0606
0.0632
0.0608
0.0555
0.0624
0.0674
0.0575
0.0606
0.061
0.0572
0.0616
0.057
0.0569
0.0579
0.0629
0.0552
0.056
0.0562
0.0563
0.0602
0.0617
0.0708
0.0637
0.06
0.063
0.0598
0.0627
0.0561
0.0621
0.0615
0.0614
0.0562
0.0629
0.0614
0.0594
0.06
0.0589
0.0619
0.055
0.0615
0.062
0.0608
0.06
0.0618
0.0613
0.0559
0.0604
0.0604
0.0591
0.0584
0.0594
0.0568
0.0627
0.0613
0.0574
0.059
0.0601
0.0601
0.062
0.0573
0.0592
0.0594
0.0597
0.0574
0.0587
0.0583
0.0619
0.0606
0.061
0.0592
0.0583
0.0617
0.0587
0.0639
0.0617
0.0569
0.0633
0.0613
0.0623
0.0589
0.0564
0.0641
0.0597
0.0692
0.0627
0.0613
0.0605
0.0642
0.0617
0.0608
0.0623
0.058
0.0588
0.0618
0.0596
0.0604

---------------------------------
VideoDecoderSubmitBuffers_D3D11_1
---------------------------------
11.1116
3.2211
10.5576
11.2371
8.5835
0.9166
0.8336
0.5858
0.5761
0.6413
0.655
0.6126
0.6167
0.6256
0.587
0.7128
3.397
2.8233
2.8503
0.5637
2.9413
0.6084
2.4831
0.6109
0.4627
0.4406
0.4271
0.4332
0.4411
0.4367
0.4302
1.4993
0.4523
0.4424
0.5736
0.481
0.4074
0.5021
0.416
0.4371
0.3985
0.5057
0.4236
0.4395
0.43
0.4409
0.431
0.4331
0.4102
0.436
0.4313
0.4084
0.4372
0.3992
0.4301
0.4241
0.4061
0.4371
0.425
0.4367
0.4369
0.4258
0.4058
0.4407
0.4049
0.406
0.3998
0.4269
0.441
0.439
0.4299
0.437
0.4347
0.4258
0.4355
0.436
0.4261
0.4079
0.4347
0.4258
0.4056
0.4351
0.4328
0.4044
0.435
0.4221
0.4126
0.4369
0.4251
0.4073
0.4329
0.3893
0.4038
0.4411
0.4417
0.4317
0.4311
2.0253
0.4655
0.5316
0.4656
0.4145
0.5264
0.5204
0.4576
0.4364
1.639
0.5203
0.4034
1.5583
0.4409
0.4331
2.0157
0.4348
0.4717
1.3328
0.4327
0.4469
1.4166
0.4654
0.4159
0.4607
0.4532
0.4487
0.4497
0.4065
0.4519
0.4488
0.4384
0.4118
0.6178
1.0359
0.4431
0.4655
0.4551
0.4157
0.4533
0.3966
0.429
0.46
0.433
0.441
0.4278
0.4236
0.4267
0.4089
0.4294
0.4309
0.4112
0.4272
0.4115
0.4336
0.4148
0.4319
0.435
0.405
0.4343
0.4072
0.4271
0.4356
0.405
0.4281
0.4275
2.4153
0.4231
0.503
0.4655
0.3884
0.4145
0.5505
0.6054
0.6272
0.516
0.442
0.4564
0.4245
0.4629
0.402
0.4435
0.4119
0.5009
0.4046
0.4281
0.4574
0.4871
0.4139
0.5346
0.4584
0.4557
0.4564
0.4446
0.4431
0.4401
0.4498
0.4379
0.447
0.3939
0.4284
0.4226
0.4286
0.4245
0.5442
0.6594
0.5438
0.4075
0.4267
0.4295
0.4216
0.4431
0.4053
0.4346
0.4222
0.4431
0.3991
0.4473
0.4377
0.3992
0.4508
0.4356
0.3986
0.441
0.4287
0.4393
0.4466
0.4312
0.4378
0.4359
0.44
0.4632
0.388
0.4346
0.4437
0.4085
0.4305
0.4859
0.4509
0.5171
0.42
0.5473
0.425
0.4095
0.572
0.433
0.5721
0.4245
0.3994
0.4292
0.4348
0.4641
0.439
0.4733
0.4701
0.4529
0.591
0.4758
0.4681
0.4368
0.466
0.464
0.4305
0.456
0.4719
0.4224
0.4527
0.4716
0.5026
0.4276
0.4654
0.4264
0.4752
0.626
0.415
0.383
0.6995
0.4644
0.5679
0.4399
0.4299
0.4276
0.4462
0.4265
0.3994
0.4256
0.4743
0.4262
0.4131
0.4034
0.6083
0.4227
0.433
0.6339
0.657
0.4397
0.466
0.4956
0.4624
0.4342
0.4819
0.4847
0.4563
0.4338
0.5083
0.4207
0.6195
0.6146
0.5001
0.5269
0.6979
0.4578
0.463
0.4467
0.4392
0.4749
0.4367
0.4759
0.4016
0.6715
0.7209
0.5229
0.4334
0.4391
0.6554
0.4499
0.5793
0.408
0.5966
0.4287
0.4453
0.3957
0.3963
0.4528
0.4382
0.447
0.4212
0.4454
0.5308
0.4119
0.4383
0.5658
0.572
0.4789
0.407
0.3974
0.5038
0.4595
0.5136
0.4018
0.4653
0.4437
0.6531
0.4256
0.484
0.4585
0.4377
0.4702
0.4169
0.4361
0.4454
0.4502
0.4482
0.41
0.3939
0.446
0.424
0.4559
0.4123
0.4398
0.4439
0.4425
0.4101
0.4372
0.4415
0.3969
0.4475
0.4064
0.4358
0.4475
0.4331
0.4435
0.4493
0.4356
0.4476
0.4143
0.4319
0.4437
0.4427
0.3947
0.4337
0.4073
0.429
0.4441
0.4412
0.4269
0.4074
0.3863
0.4366
0.4501
0.4448
0.4347
0.4408
0.3974
0.4308
0.4364
0.3947
0.4039
0.4437
0.4161
0.4208
0.4781
0.4582
0.4225
0.4453
0.4074
0.4287
0.4241
0.4173
0.4114
0.4125
0.3986
0.447
0.4355
0.5308
0.5235
0.4539
0.5251
0.4632
0.4646
0.4386
0.4488
0.4557
0.464
0.4338
0.4046
0.4477
0.418
0.4453
0.4383
0.408
0.555
0.4444
0.4439
0.4079
0.4281
0.4832
0.474
0.6626
0.4308
0.4587
0.4526
0.4034
0.4112
0.4304
0.4627
0.651
0.6058
0.4387
0.5873
0.4446
0.4011
0.4055
0.4374
0.4057
0.4389
0.4105
0.4245
0.4153
0.4582
0.4042
0.4409
0.4341
0.4161
0.4511
0.4595
0.4058
0.4473
0.4131
0.414
0.4397
0.4076
0.4342
0.4044
0.4481
0.3958
0.4054
0.4372
0.4009
0.4362
0.4291
0.4271
0.4355
0.4257
0.4325
0.4098
0.419
0.4276
0.4383
0.4115
0.434
0.3996
0.448
0.4399
0.4375
0.4077
0.4297
0.4204
0.4324
0.4191
0.3993
0.4095
0.511
0.4726
0.5264
0.5027
0.4875
0.475
0.4987
0.3984
0.4295
0.4217
0.408
0.4506
0.4134
0.4558
0.3875
0.3973
0.5
0.381
0.4226
0.4558
0.4158
0.4393
0.4007
0.4338
0.4841
0.4017
0.3905
0.5226
0.4648
0.4062
0.4391
0.4615
0.4044
0.4039
0.4165
0.4446
0.4227
0.4318
0.421
0.4353
0.4068
0.443
0.411
0.4407
0.3971
0.4439
0.4162
0.443
0.4303
0.4231
0.3857
0.4204
0.4416
0.4389
0.3963
0.4392
0.4023
0.4382
0.4129
0.4479
0.4034
0.4402
0.433
0.4301
0.429
0.3992
0.4954
0.4564
0.4266
0.4458
0.4038
0.4498
0.4506
0.4022
0.3873
0.396
0.4357
0.4328
0.422
0.4493
0.4042
0.4256
0.4154
0.3962
0.4342
0.4527
0.4076
0.4269
0.4361
0.4379
0.4226

