---------------------------------------------
CalcPrivateVideoDecoderOutputViewSize_D3D11_1
---------------------------------------------
0.002
0.0012
0.0013
0.0012
0.0036
0.0008
0.0015
0.0009
0.0011
0.0014
0.0007
0.0007
0.0006
0.0015
0.0007
0.0006
0.0006
0.0008
0.001
0.0024
0.0008
0.0007
0.001
0.0007
0.0009
0.0012
0.001
0.0012
0.0033
0.001
0.002
0.001
0.0018
0.0013
0.0012
0.0025
0.0009
0.0016
0.0013
0.0016
0.0017
0.0019
0.0033
0.001
0.0016
0.0013
0.0008
0.0013
0.0008
0.0007
0.0026
0.001
0.0008
0.001
0.0009
0.0007
0.0008
0.0007
0.0006
0.0013
0.0007
0.0006
0.0007
0.004
0.0009
0.0011
0.0009
0.0018
0.0013
0.0007
0.0015
0.0009
0.0019
0.0011
0.0009
0.001
0.0007
0.0008
0.0013
0.0008
0.0007
0.0006
0.0006
0.0006
0.0007
0.0006
0.0011
0.0012
0.0013
0.0009
0.0011
0.0015
0.001
0.0007
0.0023
0.0019
0.0009
0.001
0.0019
0.001
0.0008
0.0011
0.0012
0.0008
0.0015
0.001
0.0014
0.001
0.0015
0.0012
0.0013
0.0009
0.0021
0.0012
0.0007
0.0008
0.0007
0.0007
0.001
0.0019
0.0007
0.0007
0.0008
0.0007
0.0019
0.0013
0.0008
0.0016
0.0018
0.002
0.0016
0.0012
0.0017
0.0011
0.0009
0.0007
0.0008
0.0006
0.0006
0.0006
0.0007
0.0033
0.0009
0.0009
0.0007
0.0024
0.0009
0.0008
0.0007
0.0007
0.0015
0.0009
0.001
0.0011
0.0016
0.0011
0.0017
0.0009
0.0014
0.0012
0.001
0.0009
0.0018
0.0013
0.0021
0.0021
0.0009
0.0009
0.0007
0.0015
0.001
0.002
0.0008
0.0008
0.0011
0.0008
0.0008
0.0007
0.0009
0.0008
0.0007
0.0007
0.0006
0.0007
0.0007
0.0008
0.0007
0.0007
0.0007
0.0006
0.0014
0.0007
0.0008
0.0007
0.0007
0.0008
0.001
0.0007
0.0008
0.0007
0.0007
0.0016
0.0009
0.0009
0.0014
0.0009
0.0013
0.0007
0.0007
0.0006
0.0007
0.0098
0.0009
0.0008
0.0007
0.0007
0.0011
0.0006
0.0006
0.0021
0.0015
0.001
0.0008
0.0009
0.0007
0.0015
0.001
0.0008
0.0022
0.0013
0.0009
0.0013
0.0011
0.0008
0.0008
0.0017
0.0018
0.001
0.0017
0.0015
0.0008
0.0011
0.0007
0.0008
0.0007
0.001
0.0007
0.0006
0.0007
0.0006
0.0011
0.0007
0.0007
0.001
0.0007
0.0015
0.0009
0.0021
0.0014
0.0012
0.0008
0.0006
0.001
0.0007
0.0009
0.0011
0.0006
0.0009
0.0007
0.0008
0.0007
0.0006
0.0007
0.0013
0.0009
0.0006
0.0011
0.0009
0.0009
0.0009
0.0011
0.0008
0.0008
0.0009
0.0007
0.0008
0.0007
0.0008
0.001
0.0016
0.0011
0.0009
0.0011
0.0024
0.0011
0.0013
0.0008
0.0014
0.0008
0.0014
0.001
0.0008
0.0015
0.001
0.0008
0.001
0.0008
0.0007
0.0009
0.001
0.0011
0.0006
0.0014
0.0011
0.0009
0.0014
0.0031
0.0008
0.0009
0.0007
0.0015
0.0009
0.0013
0.0007
0.0014
0.0009
0.0015
0.0013
0.001
0.0006
0.0015
0.0014
0.0008
0.0015
0.0011
0.0008
0.0007
0.0008
0.0007
0.0009
0.0008
0.0007
0.0007
0.0007
0.0006
0.0007
0.0007
0.0009
0.001
0.0006
0.0007
0.0007
0.0008
0.0006
0.0015
0.0009
0.0007
0.0019
0.0014
0.0018
0.0014
0.0012
0.0007
0.0014
0.0019
0.0041
0.0019
0.0021
0.0015
0.0021
0.0012
0.0008
0.0014
0.001
0.001
0.0017
0.0013
0.001
0.001
0.0013
0.0007
0.001
0.0006
0.0007
0.0023
0.0012
0.0009
0.0008
0.0008
0.0012
0.0008
0.0023
0.0016
0.0015
0.0012
0.0022
0.0012
0.001
0.0012
0.0007
0.0014
0.0008
0.0007
0.001
0.0006
0.0015
0.0011
0.0013
0.0009
0.0013
0.0008
0.0011
0.0014
0.0007
0.0008
0.0007
0.0007
0.0007
0.0011
0.0007
0.001
0.0009
0.0006
0.0011
0.0015
0.0009
0.0015
0.001
0.001
0.0021
0.0012
0.0012
0.0023
0.0011
0.0008
0.0008
0.0007
0.001
0.0008
0.0007
0.0006
0.0008
0.0007
0.0006
0.0007
0.0007
0.0006
0.0007
0.0006
0.0006
0.0009
0.0006
0.0021
0.0011
0.0017
0.0008
0.0007
0.0012
0.0006
0.0013
0.0008
0.0006
0.001
0.0011
0.001
0.0015
0.001
0.0009
0.0031
0.0007
0.0011
0.0007
0.0006
0.0015
0.0268
0.0015
0.0007
0.0015
0.001
0.0008
0.0011
0.0008
0.0009
0.0006
0.0012
0.0008
0.0006
0.0009
0.0006
0.0008
0.0007
0.0007
0.0007
0.0007
0.0006
0.0021
0.0008
0.0013
0.0008
0.0008
0.0007
0.0006
0.0012
0.0012
0.0007
0.0008
0.0006
0.0012
0.001
0.0006
0.0016
0.0011
0.0008
0.0016
0.0015
0.0009
0.0018
0.0011
0.0008
0.0019
0.001
0.0008
0.0015
0.0015
0.001
0.0023
0.002
0.0008
0.0008
0.0007
0.0014
0.0017
0.0011
0.0009
0.0016
0.0016
0.0013
0.001
0.0018
0.0012
0.0009
0.0016
0.0017
0.001
0.0012
0.0055
0.0011
0.001
0.0007
0.0008
0.0013
0.0008
0.001
0.0014
0.0009
0.0015
0.0012
0.0008
0.0007
0.0018
0.001
0.0016
0.001
0.0012
0.001
0.0009
0.001
0.0014
0.0012
0.001
0.0012
0.0018
0.0014
0.0008
0.0015
0.0015
0.0009
0.0011
0.0008
0.0009
0.0006
0.0007
0.0008
0.0007
0.0013
0.0008
0.0008
0.0008
0.0007
0.0008
0.0009
0.001
0.0011
0.0006
0.0008
0.0008
0.0006
0.0007
0.0011
0.0007

-----------------------
CodechalDecode::Execute
-----------------------
9.7455
4.0816
4.3695
2.5028
8.0237
2.7514
0.8004
0.7217
0.6506
0.7408
0.6611
0.6447
0.68
0.6883
0.7055
0.6835
4.4464
3.6913
0.6168
0.6132
0.6125
0.6063
0.5661
0.5901
0.4714
0.6745
0.6837
0.6821
0.7206
0.4723
0.5759
0.446
0.5167
0.5239
0.4758
0.8
0.4502
0.4842
0.4625
0.706
0.5302
0.7346
0.4692
0.4486
0.4904
0.4614
0.4346
0.6497
0.4206
0.4158
0.7733
0.4653
0.4724
0.4398
0.434
0.4362
0.4335
0.4383
0.4666
0.6719
0.4448
0.471
0.4398
0.4883
0.4456
0.4414
0.4289
0.6756
0.4587
0.4312
0.5029
0.4649
0.6429
0.5881
0.4312
0.4505
0.4278
0.4672
0.4281
0.4602
0.4608
0.4365
0.422
0.4959
0.418
0.4205
0.638
0.6708
0.6379
0.4388
0.6539
0.6572
0.4938
0.4494
0.4415
0.6227
0.6284
1.8481
0.6773
0.4308
0.4387
0.6085
0.5851
0.4838
0.6807
0.4455
3.509
0.4903
0.5167
0.7153
0.6137
0.5312
0.6564
0.444
0.4572
0.4445
0.4735
0.4693
0.6626
0.4219
0.4317
0.4786
0.4912
0.4419
0.5585
0.6513
0.4911
0.4946
0.5614
0.6481
4.3796
0.5384
0.5318
0.471
0.4389
0.4296
0.4462
0.4247
0.4324
0.4654
0.4577
0.4875
0.4442
0.4247
0.4148
0.5008
0.4506
0.4302
0.432
0.4435
0.4788
0.4423
0.4489
0.4627
0.4758
0.4466
0.5554
0.4489
0.5413
0.4719
0.4427
0.444
0.5051
2.3896
0.6399
0.7007
0.4294
0.45
0.4187
0.5097
0.4554
0.4788
0.4555
0.472
0.4793
0.4537
0.4673
0.4667
0.4732
0.4592
0.4566
0.4805
0.4367
0.4678
0.4712
0.4352
0.4485
0.4761
0.4266
0.4685
0.4653
0.4261
0.4409
0.4624
0.4219
0.4392
0.4197
0.418
0.4437
0.4195
0.4235
0.5076
0.4617
0.4289
0.4736
0.4545
0.666
0.4351
0.4367
0.4471
0.439
0.4953
0.4417
0.4664
0.4433
0.4426
0.6338
0.4389
0.4458
0.7334
0.4688
0.5377
0.4373
0.469
0.4555
0.485
0.4482
0.454
0.5518
0.4615
0.42
0.5043
0.5929
0.4256
0.4567
0.4523
0.5261
0.453
0.5815
0.6882
0.4204
0.4459
0.4668
0.4324
0.4577
0.6431
0.4683
0.432
0.4537
0.4237
0.4624
0.4616
0.4267
0.6558
0.4318
0.4783
0.4614
0.7104
0.6471
0.6629
0.4205
0.4529
0.4066
0.4165
0.4596
0.4984
0.4307
0.47
0.4744
0.4732
0.4299
0.4299
0.4738
0.4357
0.4394
0.4327
0.439
0.5111
0.4339
0.4449
0.5668
0.4424
0.4659
0.464
0.4769
0.4566
0.4752
0.4168
0.5173
0.6597
0.5058
0.5275
0.5238
0.6198
0.5028
0.4485
0.496
0.7103
0.6871
0.617
0.4711
0.5221
0.5439
0.4865
0.4405
0.6199
0.4708
0.4335
0.6133
0.6014
0.5972
0.4508
0.4997
0.4465
0.4638
0.4703
0.4559
0.4446
0.4574
0.4405
0.5059
0.4607
0.5547
0.4344
0.4729
0.4947
0.5137
0.4778
0.4189
0.4458
0.4978
0.6502
0.4375
0.4987
0.4677
0.4677
0.4569
0.4637
0.4627
0.4563
0.4538
0.4515
0.4765
0.4551
0.4591
0.4614
0.4566
0.4962
0.4494
0.449
0.5002
0.5055
0.442
0.5188
0.4997
0.4611
0.4548
0.7038
0.4526
0.6773
0.5474
0.4647
0.5182
0.6591
0.649
0.5542
0.5586
1.0461
0.5137
0.6945
0.6595
0.4421
0.456
0.4756
0.4923
0.5373
0.4656
0.4858
0.4559
0.4567
0.4339
0.438
0.4202
0.442
0.8441
0.5842
0.4759
0.43
0.473
0.489
0.4647
0.6159
0.5594
0.6913
0.4229
0.748
0.4897
0.4648
0.6768
0.4774
0.4876
0.4766
0.4715
0.4448
0.4687
0.4598
0.497
0.6588
0.4314
0.5905
0.4174
0.6352
0.6267
0.4374
0.4649
0.4353
0.4515
0.4368
0.6539
0.4569
0.5103
0.6069
0.4641
0.6395
0.5286
0.4481
0.6659
0.4177
0.4746
0.5806
0.5605
0.4452
0.7203
0.6722
0.4673
0.4516
0.4242
0.464
0.4659
0.422
0.4295
0.4325
0.4398
0.4634
0.4321
0.4604
0.4278
0.4533
0.4331
0.4563
0.4327
0.4638
0.5558
0.4798
0.4466
0.4393
0.4383
0.4596
0.4381
0.6318
0.4694
0.4329
0.5415
0.4611
0.4552
0.6347
0.4262
0.4457
0.4125
0.4431
0.4548
0.4206
0.4431
0.4913
0.4382
0.6571
0.4299
0.4932
0.4411
0.421
0.4495
0.4634
0.4198
0.4469
0.6221
0.4426
0.4637
0.4199
0.4368
0.4653
0.4379
0.4628
0.414
0.4321
0.4646
0.7056
0.4331
0.6435
0.4668
0.4576
0.468
0.4516
0.4854
0.637
0.4547
0.4589
0.4561
0.4724
0.4397
0.4618
0.5005
0.4727
0.4211
0.4955
0.6409
0.473
0.6607
0.4469
0.4264
0.7055
0.4606
0.4526
0.4775
0.5029
0.5023
0.5963
0.5093
0.456
0.4492
0.4361
0.439
0.5049
0.513
0.4802
0.4997
0.4907
0.6394
0.4535
0.5058
0.4874
0.4368
0.5418
0.5348
0.4356
0.4774
0.4964
0.4956
0.4239
0.4404
0.4178
0.4463
0.4305
0.4396
0.5203
0.4766
0.499
0.4742
0.4779
0.4427
0.602
0.6244
0.4732
0.4303
0.6319
0.4391
0.4404
0.4486
0.4915
0.4461
0.4287
0.6772
0.4993
0.6297
0.4382
0.4711
0.4693
0.4733
0.6447
0.4357
0.4379
0.4546
0.4534
0.4469
0.4665
0.447
0.4646
0.4286
0.4622
0.4224
0.4683
0.4489
0.4701
0.4669
0.418
0.4797
0.4444
0.4452
0.4498
0.6333
0.4313

---------------------------------------
CodechalDecodeHevcG12::DecodeStateLevel
---------------------------------------
0.2945
0.3438
3.3213
0.5328
0.2012
1.9013
1.7682
0.1882
2.1303
0.713
0.1929
0.4449
2.3093
0.1877
2.1707
0.3144
0.1473
0.244
0.1902
0.1748
0.2398
0.206
0.1442
0.1948
0.1568
0.1536
0.2117
0.1171
0.1399
0.229
0.1343
0.1445
0.2085
0.123
0.1488
0.1705
0.1617
0.1447
0.1839
0.137
0.1476
0.2034
0.1776
0.1536
0.185
0.1323
0.1469
0.2173
0.1742
0.1926
3.6294
0.148
0.1867
3.1156
0.1425
0.1528
0.176
0.1302
0.1542
0.177
0.1367
0.1561
0.1712
0.1338
0.1568
0.1768
0.1191
0.1408
0.164
0.1279
0.149
0.1689
0.0775
0.1467
0.1283
0.1031
0.2112
0.1964
0.1091
0.2151
0.1965
0.1087
0.2155
0.1974
0.112
0.2157
0.2239
0.0825
0.1433
0.1259
0.1129
0.1712
0.1314
0.0795
0.1377
0.1174
0.0872
0.1665
0.131
0.0889
0.1688
0.1343
0.0783
0.1538
0.1268
0.145
0.2465
0.2031
0.0744
0.1406
0.1256
0.0818
0.1529
0.1268
0.0775
0.1436
0.1253
0.1109
0.2275
0.2007
0.095
0.1614
0.1266
0.1173
0.2305
0.2063
0.0837
0.1384
0.1239
0.0782
0.137
0.1238
0.085
0.154
0.1291
0.0801
0.1387
0.1273
0.0739
0.1322
0.121
0.1023
0.2088
0.1911
0.0671
0.1315
0.1232
0.0651
0.1306
0.1252
0.1243
0.2546
0.2062
0.0769
0.1466
0.1277
0.0808
0.1459
0.133
0.0744
0.136
0.1224
0.0688
0.1396
0.129
0.0726
0.1385
0.1231
0.0689
0.135
0.1304
0.0687
0.1334
0.1338
0.0782
0.148
0.1291
0.1091
0.2144
0.1931
0.0737
0.139
0.1247
0.0781
0.1417
0.1375
0.0697
0.1412
0.1271
0.0893
0.1444
0.1265
0.0751
0.1334
0.1256
0.0739
0.1364
0.1262
0.0722
0.13
0.12
0.0977
0.2135
0.2078
0.081
0.1428
0.1241
0.0676
0.1326
0.1297
0.0951
0.1478
0.129
0.0898
0.1433
0.1231
0.1186
0.1886
0.164
0.0895
0.184
0.1782
0.0702
0.1377
0.1228
0.0721
0.1394
0.1267
0.0716
0.1335
0.1222
0.0682
0.1322
0.1505
0.0721
0.1319
0.1211
0.0755
0.1546
0.1304
0.0842
0.1397
0.1324
0.0686
0.1314
0.1343
0.0684
0.1293
0.1297
0.0845
0.1555
0.1445
0.0671
0.1301
0.1265
0.0658
0.1288
0.1279
0.0938
0.2088
0.1918
0.1081
0.2127
0.195
0.0946
0.2157
0.1868
0.0679
0.136
0.1247
0.0994
0.2135
0.1935
0.0992
0.2023
0.2034
0.078
0.1617
0.1395
0.074
0.1445
0.1259
0.0707
0.141
0.1246
0.1034
0.1809
0.1783
0.0831
0.2312
0.1789
0.0883
0.1481
1.2141
0.1138
0.2165
0.1928
0.0689
0.1332
0.1246
0.0709
0.1425
0.1236
0.0869
0.187
0.1918
0.095
0.1941
0.1594
0.0804
0.1531
0.1283
0.1026
0.2187
0.1995
0.0804
0.1448
0.12
0.0993
0.1812
2.8019
0.0869
0.1462
0.131
0.0915
0.1667
0.127
0.0799
0.156
0.1298
0.0853
0.1902
0.1989
0.0742
0.1341
0.1802
0.1024
0.2103
0.186
0.0897
0.1318
0.1189
0.0787
0.1405
0.1239
0.0735
0.1333
0.1315
0.0765
0.1478
0.1268
0.0776
0.1449
0.133
0.0958
0.2065
0.1962
0.0696
0.13
0.1224
0.0686
0.1393
0.1235
0.0796
0.1515
0.1313
0.0806
0.1636
0.1321
0.0715
0.1338
0.1301
0.1176
0.1521
0.129
0.0965
0.2059
0.1935
0.0826
0.1513
0.1382
0.0858
0.1492
0.137
0.1039
0.1878
0.13
0.0982
0.2077
0.1909
0.0967
0.149
3.7365
0.0881
0.1492
0.1856
0.1044
0.1566
0.1387
0.0871
0.1399
0.1273
0.0727
0.1345
0.1307
0.0695
0.1332
0.1269
0.0718
0.1465
0.123
0.0694
0.1329
0.1236
0.0703
0.1342
0.1295
0.0756
0.1431
0.137
0.0726
0.1399
0.1372
0.0841
0.1584
0.1218
0.0728
0.1376
0.1274
0.0694
0.1339
0.1224
0.0651
0.1304
0.1245
0.0906
0.144
0.1253
0.0718
0.1394
0.1239
0.0683
0.1346
0.1265
0.0675
0.1296
0.1372
0.0698
0.1318
0.1322
0.0829
0.144
0.1274
0.0863
0.13
0.1246
0.0744
0.1406
0.125
0.074
0.1426
0.1252
0.0831
0.1544
0.1199
0.0709
0.1343
0.1212
0.1003
0.1804
0.1334
0.0711
0.1406
0.1273
0.0952
0.1747
0.1289
0.0762
0.1557
0.1225
0.0764
0.1413
0.1225
0.0689
0.1412
0.1249
0.096
0.1473
0.1285
0.08
0.1402
1.7949
0.1225
0.1958
0.1505
0.1258
0.2239
0.1752
0.0674
0.1317
0.1187
0.0719
0.1385
0.1328
0.0644
0.1327
0.1269
0.0977
0.1537
0.1288
0.0721
0.1465
0.1264
0.0821
0.1548
0.1271
0.0729
0.1547
0.1235
0.0797
0.1424
0.1371
0.0774
0.1431
0.1382
0.0725
0.1377
0.1355
0.0769
0.1509
0.1288
0.0776
0.1458
0.1365
0.0759
0.1475
0.1396
0.0766
0.1422
0.127
0.0692
0.1505
0.1286
0.0866
0.1464
0.1265
0.07
0.1373
0.1232
0.0794
0.1501
0.1271
0.0775
0.1519
0.1285
0.0644
0.1373
0.118
0.076
0.1357
0.1309
0.0791
0.1523
0.1269
0.0662
0.1339
0.1278
0.0773
0.1506
0.1287
0.0808
0.1375
0.1335
0.0674
0.1321
0.1269
0.0697
0.1355
0.1331
0.0783
0.1431
0.1255
0.0667
0.1303
0.1288
0.0697
0.1372
0.1222
0.0707
0.1258
0.1132
0.0664
0.1324
0.1207
0.0712
0.1435
0.1232
0.065
0.1291
0.1269
0.067
0.1311
0.1227
0.0999
0.1473
0.127
0.0769
0.1429
0.1237
0.0682
0.1337
0.123
0.0815
0.1489
0.1246
0.0744
0.1399
0.1293
0.0998
0.2078
0.2034
0.066
0.1303
0.1415
0.067
0.1315
0.1312
0.0784
0.1371
0.126
0.0692
0.1335
0.1378
0.0854
0.1423
0.1363
0.071
0.1385
0.1232
0.0749
0.1455
0.1312
0.0723
0.1387
0.1242
0.0701
0.1354
0.134
0.0908
0.2037
0.1904
0.0692
0.1428
0.1237
0.0701
0.1393
0.1312
0.1218
0.2203
0.2042
0.0866
0.1366
0.123
0.1045
0.1738
0.1286
0.0695
0.1343
0.1277
0.0786
0.1458
0.1299
0.0718
0.1409
0.1337
0.0831
0.1424
0.1256
0.0723
0.1426
0.1228
0.0684
0.1325
0.1206
0.1202
0.1596
0.1255
0.081
0.1374
0.1212
0.0686
0.1335
0.1207
0.1029
0.1424
0.1298
0.0874
0.1911
0.1829
0.0686
0.1337
0.1256
0.0724
0.139
0.1308
0.0737
0.1398
0.1233
0.09
0.1748
0.1271
0.0777
0.1375
0.1255
0.1125
0.1689
0.1418
0.106
0.2261
0.1868
0.0654
0.1365
0.1218
0.0722
0.1368
0.128
0.0764
0.1481
0.1292
0.0686
0.1336
0.1245
0.0771
0.142
0.1271
0.0952
0.2037
0.1957
0.0787
0.1497
0.1269
0.0707
0.134
0.1207
0.0739
0.1386
0.1341
0.066
0.1321
0.1264
0.075
0.1478
0.1234
0.0762
0.1427
0.1309
0.0674
0.1333
0.1258
0.0986
0.2125
0.1874
0.0676
0.1341
0.1314
0.0807
0.1485
0.1236
0.0769
0.1421
0.1284
0.1229
0.2232
0.1864
0.0941
0.2084
0.1903
0.0927
0.2161
0.1943
0.0648
0.1305
0.1276
0.0788
0.1369
0.1226
0.0685
0.1226
0.113
0.0648
0.1304
0.1227
0.0815
0.1398
0.1293
0.104
0.1426
0.1305
0.0677
0.1346
0.1285
0.0776
0.147
0.1279
0.0772
0.1517
0.1295
0.0769
0.1535
0.1295
0.0699
0.1332
0.1223
0.0726
0.134
0.1207
0.0731
0.1412
0.1457
0.0678
0.1324
0.1201
0.0712
0.1406
0.1246
0.0682
0.138
0.1264
0.0707
0.1332
0.1239
0.0845
0.1524
0.1315
0.074
0.1329
0.1257
0.0853
0.1386
0.1235
0.0962
0.1925
0.1414
0.0717
0.1355
0.125
0.0793
0.1447
0.1278
0.0726
0.1382
0.1464
0.0837
0.1499
0.1284
0.0754
0.1358
0.1356
0.0794
0.15
0.1294
0.0651
0.1278
0.1199
0.0728
0.1341
0.1869
0.1057
0.2079
0.1919
0.0845
0.1553
0.1371
0.0944
0.1698
0.1443
0.0939
0.1625
0.1397
0.1222
0.1994
0.1427
0.0965
0.1466
0.1369
0.0794
0.1342
0.1201
0.0813
0.1596
0.1368
0.1297
0.2107
0.1974
0.123
0.2662
0.1582
0.0979
0.1576
0.2164
0.082
0.1504
0.128
0.082
0.1505
0.139
0.1015
0.1598
0.1426
0.0882
0.1577
0.1296
0.0682
0.1371
0.1324
0.0907
0.2038
0.1864
0.0793
0.1551
0.1262
0.0689
0.1326
0.1306
0.0871
0.1932
0.1862
0.0859
0.196
0.1887
0.0894
0.195
0.1803
0.0706
0.1416
0.1334
0.09
0.1536
0.1316
0.0742
0.1405
0.1275
0.0774
0.1407
0.1379
0.081
0.1462
0.1237
0.074
0.138
0.1348
0.0735
0.1386
0.1309
0.0764
0.1397
0.139
0.071
0.1351
0.1327
0.0916
0.1546
0.1341
0.0777
0.1408
0.1314
0.112
0.166
0.1383
0.0689
0.136
0.129
0.0814
0.1453
0.1267
0.0827
0.1477
0.1523
0.0895
0.1481
0.1532
0.0834
0.1431
0.1331
0.0704
0.1271
0.1155
0.0786
0.1354
0.1314
0.0884
0.1452
0.1369
0.1011
0.2081
0.1904
0.0693
0.1395
0.1307
0.0994
0.1504
0.1269
0.0806
0.1514
0.1252
0.0788
0.1396
0.1328
0.0756
0.1516
0.1259
0.0751
0.1494
0.1306
0.0752
0.1488
0.1341
0.0748
0.1449
0.1285
0.0733
0.1491
0.1315
0.0741
0.1452
0.1321
0.0777
0.1604
0.1357
0.0755
0.1475
0.1275
0.0743
0.1476
0.1351
0.0791
0.1531
0.1252
0.072
0.1475
0.1372
0.0796
0.1696
0.1395
0.0733
0.1512
0.1239
0.0711
0.1477
0.1279
0.0793
0.1704
0.1382
0.0819
0.171
0.1398
0.0718
0.1444
0.1267
0.0688
0.1386
0.1938
0.0858
0.1534
0.1315
0.0763
0.1504
0.1262
0.0758
0.1402
0.133
0.1206
0.2189
0.1958
0.0747
0.1366
0.125
0.1012
0.2105
0.1984
0.0795
0.2263
0.124
0.0952
0.1252
0.1143
0.0741
0.1452
0.1931
0.1494
0.1991
0.1325
0.1094
0.2325
0.1425
0.1026
0.1669
0.1342
0.1157
0.1531
0.1303
0.1813
0.3744
0.2627
0.0911
0.1627
0.1287
0.1164
0.2242
0.1764
0.1075
0.2059
0.1947
0.0758
0.1439
0.1199
0.0712
0.1503
0.1222
0.0755
0.1519
0.1295
0.0834
0.1494
0.1302
0.0955
0.1577
0.1429
0.0809
0.1412
0.1242
0.0825
0.1484
0.13
0.0719
0.1377
0.1355
0.076
0.1362
0.1274
0.07
0.1339
0.1291
0.0681
0.1296
0.1284
0.0712
0.1295
0.1193
0.0669
0.1336
0.1304
0.1553
0.2041
0.302
0.1365
0.1598
0.1295
0.0806
0.1517
0.1295
0.0696
0.1333
0.1249
0.0763
0.1487
0.1294
0.0798
0.1552
0.1286
0.0774
0.1442
0.13
0.1119
0.2178
0.1334
0.1066
0.1636
0.1361
0.1011
0.2141
0.2056
0.0718
0.1276
0.1139
0.1242
0.2367
0.2018
0.0841
0.1529
0.1296
0.0843
0.1434
0.1221
0.1042
0.2139
0.2001
0.0816
0.1498
0.1307
0.0817
0.1486
0.133
0.0788
0.1505
0.1322
0.0797
0.1468
0.1289
0.0731
0.1333
0.1264
0.0785
0.1432
0.1355
0.0775
0.1378
0.1227
0.0877
0.1511
0.1331
0.0976
0.2117
0.194
0.0724
0.1386
0.1223
0.0907
0.1947
0.167
0.0649
0.1299
0.1273
0.0938
0.2025
0.1899
0.0958
0.1919
0.1953
0.0701
0.1385
0.1233
0.077
0.1455
0.1278
0.0691
0.1335
0.1294
0.0761
0.1412
0.1267
0.069
0.1333
0.1251
0.0994
0.2125
0.1876
0.0727
0.1348
0.1485
0.0983
0.1562
0.1264
0.0872
0.189
0.1886
0.0762
0.1421
0.1365
0.0951
0.2017
0.1938
0.0959
0.1615
0.1323
0.0723
0.136
0.1293
0.1002
0.2111
0.1959
0.0708
0.1238
0.114
0.0756
0.1416
0.1374
0.1049
0.1531
0.1366
0.0761
0.1412
0.2275
0.0761
0.1348
0.1254
0.1246
0.2472
0.1696
0.1039
0.2071
0.1987
0.0768
0.1485
0.1267
0.0762
0.1416
0.1302
0.066
0.1321
0.1257
0.0744
0.1457
0.1266
0.0762
0.1428
0.1312
0.0675
0.1339
0.12
0.0662
0.1308
0.1283
0.0701
0.1363
0.1219
0.069
0.1337
0.1308
0.074
0.1436
0.1289
0.0682
0.1339
0.1255
0.0747
0.1385
0.1343
0.0682
0.1321
0.1257
0.0723
0.1406
0.1279
0.0682
0.1331
0.1301
0.0724
0.1414
0.1329
0.0687
0.1365
0.1244
0.0736
0.1418
0.1386
0.105
0.1651
0.1331
0.0814
0.148
0.129
0.0714
0.1439
0.1236
0.0722
0.1374
0.124
0.0678
0.141
0.1241
0.0758
0.1373
0.1309
0.07
0.1355
0.1321
0.088
0.203
0.1881
0.0843
0.1347
0.1204
0.0678
0.1327
0.134
0.0993
0.1614
0.1411
0.0741
0.1364
0.1357
0.0736
0.1424
0.1246
0.0961
0.1995
0.1835
0.0672
0.1325
0.1211
0.0698
0.1428
0.1245
0.0662
0.1311
0.1204
0.0723
0.1368
0.1299
0.0678
0.1535
0.131
0.0687
0.1313
0.1211
0.0715
0.134
0.1323
0.0836
0.1511
0.1288
0.0688
0.1319
0.1216
0.0988
0.2091
0.1936
0.0649
0.1299
0.1266
0.0854
0.1493
0.1278
0.0711
0.1347
0.1283
0.0693
0.1306
0.1223
0.0728
0.1345
0.1362
0.0744
0.1485
0.1283
0.0668
0.1294
0.1223
0.0717
0.134
0.1326
0.0928
0.1931
0.1935
0.0708
0.1394
0.1243
0.0789
0.1445
0.1272
0.0671
0.1292
0.1248
0.0665
0.1321
0.1336
0.0775
0.1457
0.1263
0.0679
0.1337
0.1288
0.0739
0.1495
0.1285
0.0657
0.1308
0.1199
0.0756
0.1276
0.115
0.0777
0.1442
0.1364
0.1248
0.2164
0.1936
0.0678
0.1373
0.1221
0.0971
0.2255
0.178
0.0759
0.1445
0.1258
0.0751
0.1379
0.1272
0.0728
0.1434
0.1282
0.072
0.1382
0.1301
0.0818
0.153
0.1276
0.0919
0.2066
0.1915
0.0735
0.1447
0.1269
0.0744
0.1411
0.126
0.0715
0.1471
0.127
0.0792
0.1413
0.1319
0.0727
0.1306
0.1211
0.072
0.1366
0.1345
0.0905
0.1523
0.1271
0.0862
0.1507
0.1235
0.0645
0.1328
0.1256
0.0837
0.1562
0.1276
0.0968
0.1975
0.1901
0.0735
0.1367
0.1523
0.1025
0.2029
0.1922
0.0741
0.1376
0.1246
0.0677
0.1323
0.1237
0.1115
0.2084
0.2026
0.0757
0.1418
0.1282
0.071
0.1378
0.1353
0.0861
0.1471
0.1248
0.088
0.1451
0.1317
0.0748
0.1478
0.1528
0.1033
0.183
0.1438
0.0909
0.1501
0.1397
0.0706
0.147
0.1331
0.0788
0.1401
0.1254
0.0684
0.1379
0.1282
0.0767
0.1355
0.1301
0.0846
0.1396
0.1419
0.0894
0.1541
0.1369
0.0943
0.1507
0.1283
0.09
0.1637
0.1251
0.0795
0.1465
0.1383
0.1034
0.2053
0.18
0.0747
0.1425
0.1278
0.0982
0.1515
0.1276
0.0823
0.1579
0.127
0.0707
0.1343
0.1241
0.1116
0.1671
0.1275
0.092
0.1633
0.1456
0.0718
0.1378
0.1221
0.082
0.1511
0.1269
0.0883
0.1541
0.124
0.0887
0.148
0.1312
0.0675
0.1323
0.1207
0.0688
0.1375
0.1244
0.0656
0.1279
0.1232
0.07
0.1456
0.1207
0.0695
0.1356
0.1244
0.067
0.1485
0.12
0.0863
0.1592
0.1308
0.0814
0.1522
0.1281
0.0857
0.1573
0.1229
0.0769
0.1484
0.1313
0.081
0.1527
0.1292
0.0736
0.1356
0.1255
0.0972
0.1907
0.1668
0.0901
0.2056
0.1889
0.0807
0.1525
0.1227
0.0676
0.129
0.129
0.0935
0.2324
0.1601
0.0715
0.1325
0.1267
0.0687
0.1295
0.1237
0.0724
0.1396
0.1217
0.0852
0.1534
0.1317
0.0742
0.133
0.1249
0.0686
0.1335
0.1201
0.099
0.2092
0.2033
0.0871
0.1549
0.1257
0.0988
0.1941
0.182
0.0705
0.1343
0.129
0.0862
0.1377
0.1236
0.0792
0.1439
0.1338
0.0729
0.159
0.1273
0.0985
0.2059
0.1887
0.0681
0.1344
0.1307
0.0686
0.1345
0.1294
0.0745
0.1433
0.1258
0.0727
0.1436
0.1272
0.0695
0.1393
0.1389
0.075
0.1423
0.1269
0.0707
0.1374
0.1255
0.0761
0.1485
0.1289
0.0688
0.1328
0.1209
0.0744
0.1472
0.1306
0.0678
0.1322
0.1239
0.0756
0.1422
0.1392
0.0683
0.1371
0.1384
0.078
0.1425
0.1287
0.0814
0.138
0.1215
0.0659
0.1312
0.1239
0.076
0.1419
0.1375
0.0685
0.1477
0.1233
0.0706
0.141
0.1267
0.0758
0.1392
0.1288
0.0993
0.2069
0.1775
0.0671
0.1319
0.131

-------------------------------------
CodechalDecodeHevcG12::SetFrameStates
-------------------------------------
5.5095
1.311
0.1498
0.9888
3.2263
1.7584
0.0684
0.0589
0.0086
0.0077
0.0082
0.0085
0.0083
0.009
0.0082
0.0083
0.2961
0.105
0.0117
0.0106
0.0102
0.0105
0.0106
0.0092
0.0091
0.0125
0.0126
0.0118
0.0128
0.0109
0.0141
0.0095
0.0116
0.0105
0.0097
0.0163
0.0092
0.0102
0.0097
0.0127
0.0113
0.014
0.0118
0.009
0.0105
0.0093
0.0089
0.0111
0.0081
0.0072
0.016
0.0097
0.009
0.008
0.0077
0.0102
0.0074
0.0075
0.011
0.0116
0.0084
0.0079
0.0074
0.0128
0.0094
0.0084
0.0086
0.0113
0.0095
0.0075
0.0136
0.009
0.0134
0.0103
0.0084
0.0109
0.0073
0.0071
0.0078
0.0071
0.0107
0.0074
0.0073
0.0084
0.007
0.0071
0.0099
0.0131
0.0107
0.008
0.0112
0.0112
0.0093
0.0101
0.0093
0.0135
0.0094
0.264
0.014
0.0086
0.008
0.0098
0.0104
0.0104
0.0127
0.008
0.2787
0.011
0.0121
0.2423
0.0108
0.0084
0.013
0.0082
0.008
0.0081
0.0085
0.0084
0.0107
0.0071
0.0074
0.0093
0.0089
0.0075
0.0137
0.0122
0.01
0.0108
0.0121
0.0127
0.2668
0.0093
0.0115
0.0093
0.0081
0.0072
0.0078
0.0076
0.0076
0.0082
0.008
0.0152
0.0098
0.0077
0.0075
0.0197
0.0091
0.0082
0.0075
0.0073
0.011
0.0086
0.0077
0.0086
0.0105
0.0084
0.0124
0.0096
0.0111
0.0103
0.0078
0.0078
0.0116
0.2546
0.0143
0.0152
0.0088
0.0083
0.0075
0.0115
0.009
0.0096
0.0079
0.0083
0.0092
0.0078
0.0089
0.0089
0.0082
0.0084
0.0077
0.0097
0.0078
0.0087
0.0091
0.0071
0.0076
0.0089
0.0074
0.009
0.0095
0.0079
0.0079
0.0095
0.0071
0.0078
0.0083
0.0081
0.0104
0.0072
0.0074
0.0124
0.0096
0.0081
0.0104
0.0091
0.0115
0.0076
0.0075
0.0076
0.0075
0.0121
0.009
0.0088
0.0076
0.0077
0.0113
0.0078
0.0076
0.0162
0.0117
0.0123
0.0078
0.0089
0.0086
0.011
0.0094
0.0082
0.0157
0.0102
0.0082
0.0115
0.0116
0.0078
0.008
0.0103
0.012
0.0092
0.0193
0.0141
0.0077
0.0081
0.0087
0.0075
0.0084
0.0101
0.009
0.0075
0.0078
0.0075
0.0082
0.0088
0.0075
0.0114
0.0074
0.0106
0.0093
0.0148
0.0119
0.0122
0.0076
0.0082
0.0076
0.0077
0.0081
0.0111
0.0076
0.009
0.0089
0.0087
0.0074
0.0079
0.0084
0.0106
0.0078
0.0075
0.008
0.0143
0.0082
0.0073
0.0109
0.0086
0.009
0.0079
0.0084
0.0076
0.0087
0.0072
0.0094
0.0174
0.0099
0.0091
0.0097
0.0154
0.0099
0.0091
0.0086
0.0128
0.0103
0.0124
0.0104
0.0092
0.0109
0.0094
0.0077
0.0101
0.0084
0.0071
0.0093
0.0093
0.0102
0.0073
0.0103
0.0089
0.0104
0.0103
0.0103
0.0078
0.0076
0.0072
0.0107
0.012
0.0118
0.0077
0.0106
0.0089
0.0105
0.0093
0.0082
0.0079
0.0107
0.0114
0.0082
0.0104
0.0089
0.0079
0.0078
0.0075
0.0077
0.0075
0.0072
0.0073
0.0075
0.0074
0.0075
0.0081
0.0075
0.0079
0.0076
0.0074
0.0084
0.0079
0.007
0.007
0.0109
0.0089
0.0077
0.0138
0.0089
0.0134
0.0098
0.015
0.0077
0.0154
0.0164
0.0136
0.02
0.0206
0.0114
0.017
0.0119
0.0089
0.0091
0.0106
0.0113
0.0116
0.0096
0.0115
0.0084
0.0081
0.0079
0.0073
0.0077
0.0073
0.011
0.0115
0.0103
0.0081
0.0088
0.012
0.009
0.0144
0.0163
0.0153
0.009
0.0145
0.0107
0.0095
0.0111
0.009
0.01
0.0095
0.0094
0.0081
0.0091
0.0122
0.0096
0.0119
0.0084
0.0103
0.0073
0.0102
0.0105
0.0077
0.0084
0.0075
0.0085
0.0076
0.0113
0.0076
0.0111
0.0097
0.0087
0.0102
0.0116
0.0092
0.0116
0.0082
0.009
0.0189
0.0091
0.0083
0.0171
0.0125
0.0094
0.009
0.0072
0.0078
0.0086
0.0073
0.0078
0.008
0.0078
0.0085
0.0076
0.0086
0.0074
0.0084
0.0075
0.0082
0.0078
0.0085
0.0127
0.0104
0.0083
0.0081
0.0079
0.0083
0.0077
0.0107
0.0094
0.0075
0.0129
0.0092
0.0089
0.0119
0.0076
0.0077
0.007
0.0075
0.0075
0.0074
0.0075
0.0108
0.0105
0.0118
0.0108
0.011
0.0092
0.0071
0.008
0.0085
0.0077
0.0076
0.0103
0.0082
0.0084
0.0097
0.0108
0.0081
0.0076
0.0083
0.0071
0.0078
0.0079
0.015
0.0089
0.0111
0.0087
0.0084
0.0081
0.0082
0.0091
0.0102
0.0085
0.0085
0.0083
0.0088
0.0072
0.0076
0.0112
0.0093
0.0078
0.011
0.012
0.0093
0.013
0.0095
0.0087
0.0133
0.0099
0.0085
0.0109
0.0114
0.0093
0.0174
0.0119
0.0083
0.0076
0.0075
0.0073
0.0106
0.0103
0.0083
0.0104
0.0096
0.0115
0.0082
0.01
0.0091
0.0078
0.011
0.0126
0.0089
0.0089
0.0114
0.0103
0.0081
0.0079
0.0076
0.0084
0.0078
0.0075
0.0111
0.0094
0.0116
0.01
0.0094
0.0084
0.0111
0.0104
0.0105
0.0087
0.0115
0.0101
0.0084
0.0079
0.0104
0.0083
0.0079
0.0112
0.0117
0.0122
0.0085
0.0104
0.0089
0.0087
0.0114
0.0077
0.0075
0.0084
0.0082
0.0079
0.0085
0.008
0.0083
0.0076
0.0083
0.0074
0.0084
0.0075
0.0092
0.0096
0.0072
0.0082
0.0076
0.008
0.0081
0.0113
0.0074

--------------------------
CreateVideoDecoder_D3D11_1
--------------------------
15.6476

---------------------------
DestroyVideoDecoder_D3D11_1
---------------------------
0

----------------
First Frame Time
----------------
61.2361

--------------------------------------
VideoDecoderBeginFrame_WDDM2_4_D3D11_1
--------------------------------------
0.0099
0.0026
0.0024
0.0024
0.0044
0.0023
0.0021
0.002
0.0026
0.002
0.0018
0.0019
0.0018
0.0028
0.0017
0.0022
0.0023
0.0021
0.0028
0.0033
0.0024
0.0026
0.0022
0.0021
0.0022
0.0027
0.0029
0.0027
0.0037
0.003
0.0038
0.0023
0.0027
0.0029
0.0024
0.0041
0.0023
0.0027
0.0028
0.003
0.0033
0.0038
0.0043
0.0026
0.0029
0.0024
0.0021
0.0026
0.0021
0.0019
0.0037
0.0024
0.0023
0.0023
0.0019
0.0018
0.0019
0.0019
0.002
0.0027
0.0021
0.0022
0.002
0.0058
0.0025
0.0021
0.002
0.0027
0.0024
0.0017
0.0032
0.002
0.0057
0.0026
0.0021
0.0019
0.0018
0.0021
0.0046
0.0018
0.0019
0.0019
0.0017
0.0018
0.0022
0.0017
0.0022
0.0028
0.0025
0.002
0.0054
0.0029
0.0023
0.0018
0.0031
0.0035
0.0021
0.0026
0.0036
0.0021
0.002
0.0025
0.0025
0.0044
0.003
0.0019
0.0031
0.0027
0.0033
0.0026
0.0027
0.0021
0.0033
0.0021
0.002
0.0017
0.0025
0.002
0.0025
0.0016
0.0018
0.0022
0.002
0.0018
0.0036
0.0031
0.0023
0.0031
0.0032
0.003
0.0032
0.0024
0.0031
0.0025
0.0019
0.0016
0.0022
0.0023
0.0018
0.0021
0.0017
0.0047
0.0022
0.0018
0.0016
0.0028
0.0023
0.0018
0.0017
0.0017
0.0027
0.0019
0.0022
0.0026
0.003
0.0028
0.0033
0.0023
0.0052
0.0025
0.0019
0.0021
0.0033
0.0029
0.0044
0.004
0.002
0.0019
0.002
0.0031
0.002
0.0023
0.0021
0.0019
0.0025
0.002
0.0023
0.0022
0.0022
0.002
0.0019
0.0022
0.0022
0.002
0.002
0.0019
0.0019
0.0021
0.0019
0.0016
0.0025
0.0021
0.0021
0.0019
0.0016
0.0018
0.0021
0.0019
0.0018
0.0017
0.0016
0.0032
0.002
0.0019
0.0026
0.0032
0.0059
0.002
0.0018
0.0017
0.0016
0.0044
0.0019
0.0018
0.0019
0.002
0.0032
0.002
0.0018
0.0043
0.0033
0.0029
0.0021
0.0022
0.0017
0.0029
0.0028
0.0022
0.0039
0.0026
0.0019
0.0026
0.0027
0.0021
0.0018
0.003
0.0033
0.0022
0.0038
0.0031
0.0018
0.0019
0.002
0.0017
0.0021
0.0026
0.0021
0.0023
0.0017
0.0018
0.0023
0.002
0.0017
0.0028
0.0016
0.0028
0.0023
0.0039
0.003
0.0031
0.0017
0.0021
0.0021
0.0016
0.0022
0.0024
0.002
0.0023
0.002
0.0022
0.002
0.0018
0.0018
0.0023
0.002
0.0018
0.0023
0.0026
0.0023
0.0022
0.0028
0.0031
0.0023
0.0021
0.0026
0.002
0.002
0.0019
0.003
0.0033
0.0024
0.0022
0.0023
0.0044
0.0029
0.0028
0.0022
0.0035
0.0027
0.0032
0.0026
0.0046
0.0031
0.0027
0.0018
0.0024
0.0021
0.0017
0.0023
0.0022
0.0024
0.0017
0.0025
0.0024
0.0017
0.0027
0.0098
0.0018
0.0017
0.0017
0.0029
0.0021
0.0026
0.0017
0.0027
0.002
0.0027
0.0027
0.0021
0.002
0.0027
0.0029
0.0018
0.0026
0.002
0.002
0.0026
0.0018
0.0018
0.002
0.0017
0.0017
0.0017
0.0018
0.0017
0.0019
0.0017
0.0019
0.0017
0.0017
0.0019
0.0018
0.002
0.0016
0.0052
0.0021
0.0019
0.0036
0.0023
0.0034
0.0025
0.0024
0.002
0.0026
0.0033
0.0033
0.0027
0.0043
0.0029
0.0041
0.0027
0.0021
0.0026
0.002
0.0024
0.003
0.003
0.0022
0.0023
0.002
0.0017
0.0018
0.0018
0.0016
0.0029
0.0032
0.0021
0.0044
0.0021
0.0031
0.002
0.004
0.0036
0.0033
0.0027
0.0041
0.0027
0.0024
0.0027
0.0024
0.0028
0.0022
0.0022
0.002
0.0021
0.0026
0.0025
0.0029
0.0025
0.0026
0.0018
0.0023
0.0026
0.0016
0.0019
0.0021
0.0017
0.002
0.0028
0.0018
0.0029
0.0025
0.0019
0.0027
0.0033
0.0023
0.0031
0.0022
0.0027
0.004
0.0024
0.0021
0.0042
0.0029
0.0021
0.0019
0.0017
0.0021
0.0021
0.0022
0.0018
0.0019
0.0021
0.002
0.0017
0.0018
0.0018
0.0021
0.0021
0.002
0.0042
0.0017
0.0035
0.0027
0.002
0.0021
0.0018
0.0025
0.0016
0.0023
0.0026
0.002
0.0048
0.0022
0.0026
0.003
0.0022
0.002
0.0018
0.0015
0.0019
0.0017
0.0017
0.0026
0.0048
0.0027
0.0019
0.0028
0.0022
0.0017
0.002
0.002
0.002
0.0018
0.0027
0.002
0.0021
0.0018
0.0018
0.002
0.0021
0.0019
0.0017
0.0018
0.0017
0.0037
0.0021
0.0027
0.0021
0.0022
0.0018
0.0017
0.0025
0.0024
0.0021
0.0021
0.0018
0.0025
0.0018
0.0016
0.003
0.0022
0.0018
0.0027
0.0032
0.0025
0.0033
0.0024
0.0017
0.0033
0.0027
0.0018
0.0027
0.0029
0.0021
0.0039
0.0032
0.0021
0.002
0.0018
0.0017
0.0028
0.0032
0.002
0.0027
0.0026
0.0029
0.0023
0.0031
0.0025
0.0021
0.0028
0.0031
0.0023
0.0025
0.0031
0.0023
0.0019
0.002
0.002
0.0021
0.0023
0.0022
0.0028
0.0024
0.003
0.0028
0.0024
0.002
0.0028
0.0025
0.0026
0.0018
0.0027
0.0025
0.002
0.002
0.0025
0.0021
0.002
0.0024
0.0031
0.0028
0.0022
0.0027
0.0022
0.0022
0.0028
0.0023
0.0023
0.0019
0.002
0.0019
0.0019
0.0023
0.0022
0.0022
0.0022
0.0023
0.0019
0.0021
0.0025
0.0025
0.0016
0.0021
0.002
0.0017
0.0049
0.0025
0.0017

----------------------------
VideoDecoderEndFrame_D3D11_1
----------------------------
0.0371
0.0575
0.083
0.0879
0.1086
0.0669
0.0715
0.0633
0.0715
0.0651
0.0616
0.0626
0.0645
0.0611
0.0634
0.0611
0.061
0.0657
0.0621
0.0676
0.0625
0.0632
0.0617
0.0617
0.0635
0.0866
0.0842
0.0843
0.0813
0.0649
0.0731
0.0573
0.0592
0.0605
0.0626
0.09
0.0586
0.0821
0.06
0.1012
0.0773
0.0963
0.0628
0.0614
0.0728
0.0554
0.0551
0.0793
0.0549
0.0628
0.0909
0.0643
0.058
0.0793
0.0609
0.067
0.0619
0.0706
0.0623
0.088
0.0736
0.0745
0.0725
0.0619
0.0596
0.0569
0.058
0.0939
0.0554
0.0737
0.0615
0.0616
0.0607
0.077
0.0549
0.075
0.0673
0.0798
0.0631
0.0636
0.0604
0.064
0.0742
0.0684
0.0563
0.0539
0.0828
0.0929
0.0769
0.0577
0.0871
0.0852
0.068
0.0697
0.0623
0.0963
0.0896
0.0615
0.0637
0.0534
0.0578
0.0832
0.0801
0.06
0.0924
0.0579
0.062
0.0622
0.0592
0.0569
0.0804
0.1094
0.0793
0.0572
0.065
0.0592
0.0619
0.0645
0.0881
0.0566
0.0666
0.0574
0.0589
0.0626
0.0664
0.0932
0.0647
0.0589
0.0617
0.0756
0.0611
0.0604
0.0654
0.0558
0.0545
0.0548
0.0567
0.0577
0.0609
0.0571
0.0644
0.0592
0.0604
0.0592
0.0596
0.0653
0.0583
0.0573
0.0662
0.0576
0.0614
0.0569
0.0553
0.0763
0.06
0.0665
0.0601
0.0614
0.0624
0.0637
0.0553
0.0615
0.0594
0.0559
0.0687
0.0813
0.0573
0.0572
0.0565
0.0706
0.0675
0.0614
0.0552
0.0681
0.0574
0.0591
0.0651
0.0575
0.0609
0.0636
0.0648
0.0614
0.0601
0.0607
0.0663
0.0556
0.0654
0.0554
0.0785
0.0587
0.061
0.0584
0.0555
0.0591
0.0577
0.0594
0.0562
0.0598
0.0538
0.0547
0.0583
0.0654
0.0617
0.0642
0.0654
0.0558
0.085
0.0595
0.058
0.0559
0.0547
0.0635
0.0574
0.063
0.0599
0.0583
0.0842
0.0583
0.0639
0.0883
0.062
0.0612
0.0579
0.0629
0.0623
0.0599
0.0601
0.0598
0.0609
0.0715
0.055
0.0616
0.0634
0.0573
0.0544
0.0629
0.0655
0.0571
0.066
0.0611
0.0571
0.0631
0.0636
0.0587
0.0607
0.0832
0.0595
0.0611
0.0616
0.0538
0.0599
0.061
0.0547
0.079
0.0587
0.0607
0.0626
0.0678
0.0596
0.0847
0.058
0.0601
0.0578
0.0555
0.064
0.0619
0.0586
0.0615
0.0631
0.0601
0.0584
0.0564
0.0604
0.0547
0.0624
0.0641
0.0615
0.0721
0.0564
0.0595
0.0642
0.0613
0.0642
0.0604
0.0607
0.0621
0.0589
0.0572
0.0883
0.0811
0.0757
0.0977
0.0919
0.0796
0.0805
0.0819
0.0839
0.1023
0.0714
0.0833
0.0801
0.0816
0.1025
0.0738
0.0732
0.0814
0.0709
0.0702
0.079
0.0773
0.0767
0.0753
0.0728
0.0742
0.0607
0.0613
0.0739
0.0757
0.0752
0.0701
0.0795
0.0738
0.0723
0.0541
0.061
0.0797
0.0762
0.0588
0.0577
0.0582
0.0613
0.082
0.0595
0.0714
0.0656
0.0807
0.0684
0.0738
0.0743
0.0677
0.0742
0.0735
0.0852
0.0728
0.0674
0.0656
0.0769
0.0821
0.0732
0.0739
0.0898
0.0857
0.0668
0.0887
0.0809
0.0758
0.0787
0.0566
0.0584
0.0952
0.0582
0.059
0.0683
0.1079
0.0747
0.0655
0.0603
0.0663
0.0651
0.0812
0.0831
0.0568
0.0595
0.0604
0.0645
0.0641
0.074
0.0625
0.0615
0.0577
0.0652
0.0618
0.0627
0.0729
0.0778
0.0713
0.0614
0.0607
0.0638
0.0643
0.0611
0.0669
0.0669
0.0884
0.0613
0.0806
0.0655
0.0589
0.0884
0.0602
0.0691
0.0624
0.0627
0.0595
0.0636
0.0597
0.0673
0.0833
0.0558
0.0808
0.0574
0.0864
0.0602
0.0568
0.0647
0.0606
0.062
0.0578
0.0771
0.0562
0.0606
0.0768
0.0617
0.0812
0.0665
0.0608
0.0891
0.0581
0.0616
0.0809
0.0603
0.0636
0.0719
0.0649
0.0583
0.0572
0.057
0.0561
0.0627
0.0599
0.0579
0.0615
0.0609
0.0615
0.0603
0.0617
0.0597
0.0617
0.0602
0.0581
0.0642
0.0587
0.0662
0.0608
0.0579
0.058
0.0626
0.0573
0.058
0.0796
0.0624
0.0533
0.0613
0.0543
0.0609
0.0859
0.0591
0.0606
0.0631
0.0572
0.0569
0.0584
0.0632
0.0636
0.0588
0.0829
0.0599
0.0634
0.0576
0.0563
0.0563
0.0607
0.0581
0.0604
0.0888
0.0601
0.0668
0.0568
0.0566
0.0627
0.0602
0.0603
0.0541
0.0559
0.0631
0.0715
0.0563
0.0753
0.0624
0.0612
0.0552
0.0586
0.0628
0.0848
0.0623
0.0662
0.0563
0.0585
0.0578
0.0595
0.0602
0.0648
0.0606
0.0636
0.0862
0.0589
0.084
0.0682
0.0587
0.0955
0.0609
0.0589
0.0723
0.0581
0.0836
0.0665
0.0646
0.0555
0.054
0.0571
0.0631
0.0604
0.0638
0.0688
0.0649
0.0826
0.0847
0.0606
0.0695
0.0681
0.0602
0.0715
0.0726
0.0614
0.0661
0.0627
0.0655
0.0558
0.0635
0.0583
0.0579
0.0598
0.056
0.0613
0.0593
0.0628
0.0648
0.0631
0.0548
0.075
0.0821
0.0607
0.0606
0.0701
0.0593
0.0626
0.0597
0.0592
0.0591
0.0573
0.0845
0.0608
0.0865
0.0588
0.0638
0.0646
0.0648
0.0807
0.0623
0.0605
0.0589
0.0657
0.0566
0.0634
0.0651
0.063
0.0584
0.0732
0.0627
0.0613
0.0556
0.0626
0.0609
0.059
0.0589
0.0578
0.062
0.0584
0.0851
0.0723

---------------------------------
VideoDecoderSubmitBuffers_D3D11_1
---------------------------------
9.8315
4.0987
4.3851
2.5182
8.0519
2.7673
0.8149
0.7353
0.6655
0.7544
0.6747
0.6596
0.6936
0.7031
0.7195
0.6982
4.4608
3.7064
0.6383
0.6321
0.6294
0.6217
0.5824
0.6075
0.4867
0.695
0.7051
0.7035
0.7432
0.4908
0.6014
0.4616
0.5349
0.544
0.4918
0.8305
0.4665
0.5034
0.48
0.7293
0.5517
0.7609
0.4897
0.4662
0.5125
0.4778
0.4488
0.6691
0.4345
0.4288
0.8017
0.4851
0.487
0.4543
0.447
0.4492
0.4461
0.4506
0.4798
0.6914
0.4599
0.4851
0.4565
0.5127
0.4608
0.4565
0.4444
0.6961
0.476
0.4438
0.524
0.4789
0.6664
0.6067
0.4451
0.4645
0.4402
0.4802
0.4423
0.4725
0.4732
0.4496
0.435
0.509
0.4303
0.4325
0.6565
0.6919
0.6568
0.4524
0.6733
0.693
0.5099
0.4628
0.4557
0.6474
0.6482
1.8676
0.7018
0.4452
0.4524
0.6271
0.603
0.5043
0.7021
0.4592
3.5285
0.5084
0.5382
0.7344
0.6323
0.5473
0.6804
0.4584
0.4705
0.4593
0.4885
0.4843
0.6834
0.4346
0.445
0.4949
0.5059
0.4551
0.5845
0.6717
0.5097
0.5149
0.5835
0.6699
4.3998
0.5552
0.554
0.4867
0.4521
0.4423
0.4636
0.4405
0.4451
0.4803
0.4712
0.5079
0.46
0.4372
0.4288
0.5214
0.4661
0.4437
0.4463
0.4614
0.4981
0.456
0.4634
0.4798
0.4961
0.462
0.5794
0.4678
0.5616
0.4895
0.457
0.4587
0.5276
2.4074
0.6666
0.7272
0.4439
0.4644
0.4311
0.5315
0.4701
0.4946
0.4697
0.486
0.4974
0.4682
0.4823
0.4813
0.488
0.4732
0.4702
0.4959
0.4494
0.4826
0.4864
0.4477
0.4613
0.4907
0.439
0.4825
0.4825
0.4391
0.4533
0.4774
0.4346
0.4534
0.4366
0.4308
0.4571
0.4317
0.4379
0.5309
0.4784
0.4416
0.4928
0.4703
0.6856
0.4518
0.4503
0.4607
0.4513
0.5182
0.4563
0.4846
0.4569
0.4561
0.6527
0.4528
0.4584
0.7624
0.4874
0.5561
0.4504
0.484
0.4692
0.5052
0.4638
0.4675
0.5794
0.4805
0.4335
0.5242
0.6102
0.4385
0.4698
0.476
0.5485
0.4674
0.6079
0.7079
0.433
0.4623
0.4817
0.4454
0.4721
0.6599
0.4838
0.4447
0.4666
0.4378
0.4795
0.4767
0.4395
0.676
0.4444
0.4977
0.4775
0.736
0.6659
0.6826
0.4329
0.4687
0.4208
0.4296
0.4753
0.5175
0.4434
0.4859
0.4894
0.4872
0.4423
0.4423
0.4898
0.4534
0.4531
0.4457
0.4555
0.5292
0.4501
0.4577
0.5874
0.4569
0.4809
0.4788
0.4909
0.47
0.4953
0.4295
0.5341
0.682
0.5222
0.5422
0.5415
0.646
0.5195
0.4657
0.5101
0.7339
0.7064
0.6385
0.4879
0.5393
0.5655
0.5019
0.4532
0.6371
0.4843
0.4458
0.6287
0.6175
0.6139
0.4632
0.5197
0.4609
0.4798
0.4904
0.4816
0.4575
0.4703
0.4533
0.5256
0.476
0.5745
0.447
0.4924
0.5094
0.5329
0.4946
0.4347
0.4584
0.5185
0.6697
0.4511
0.518
0.4842
0.4813
0.4706
0.4784
0.4761
0.4695
0.4671
0.4662
0.4895
0.4746
0.4725
0.4764
0.4698
0.5108
0.4634
0.4631
0.5153
0.5197
0.4546
0.5341
0.5197
0.4788
0.4734
0.7279
0.4696
0.7017
0.5657
0.4919
0.5319
0.6853
0.6769
0.581
0.5795
1.0808
0.5346
0.7229
0.6797
0.4561
0.4754
0.4915
0.5111
0.5591
0.4828
0.5025
0.4726
0.4717
0.4467
0.4519
0.4334
0.4561
0.8748
0.6033
0.4929
0.4431
0.4878
0.5088
0.4795
0.6404
0.5848
0.714
0.44
0.7743
0.5075
0.4819
0.695
0.4924
0.5054
0.491
0.4859
0.4595
0.483
0.4798
0.5149
0.6777
0.4453
0.6083
0.4299
0.6532
0.6458
0.4502
0.48
0.4486
0.4655
0.4496
0.6724
0.4694
0.5287
0.623
0.4781
0.6574
0.5509
0.4644
0.6882
0.4334
0.4921
0.6106
0.5779
0.4606
0.7503
0.6924
0.4827
0.4668
0.4395
0.4794
0.4822
0.435
0.4454
0.4458
0.4529
0.477
0.4443
0.4742
0.4407
0.4663
0.4457
0.4693
0.4458
0.4775
0.5826
0.4963
0.4608
0.4523
0.451
0.4772
0.4509
0.6521
0.489
0.4454
0.5658
0.4761
0.4701
0.6559
0.4406
0.4589
0.4246
0.4575
0.4691
0.4332
0.4564
0.5118
0.455
0.678
0.4452
0.5144
0.4564
0.4329
0.4649
0.4791
0.4347
0.4599
0.6383
0.4595
0.4782
0.4332
0.4494
0.4786
0.4506
0.4759
0.4261
0.4465
0.4782
0.732
0.4477
0.6613
0.4816
0.4736
0.4819
0.466
0.5031
0.6538
0.4693
0.4733
0.4709
0.4908
0.4544
0.4742
0.5215
0.489
0.4333
0.5161
0.6629
0.4883
0.6847
0.464
0.4408
0.7315
0.4791
0.4659
0.4971
0.5254
0.518
0.6256
0.5328
0.4698
0.4623
0.4503
0.4509
0.5248
0.532
0.4953
0.518
0.5141
0.659
0.4679
0.5271
0.5035
0.4542
0.5621
0.5594
0.4506
0.4939
0.517
0.5221
0.4371
0.4529
0.43
0.4614
0.4434
0.4546
0.5414
0.4916
0.5204
0.4904
0.4927
0.457
0.6223
0.6409
0.4928
0.4449
0.6571
0.4547
0.455
0.4645
0.5111
0.4627
0.4448
0.6952
0.5241
0.6488
0.4521
0.4909
0.4844
0.4874
0.6639
0.4485
0.4534
0.4689
0.4671
0.4593
0.4797
0.4632
0.4795
0.4412
0.4756
0.4344
0.4823
0.4611
0.4867
0.4875
0.4302
0.4936
0.4571
0.4607
0.4635
0.6526
0.4435

