---------------------------------------------
CalcPrivateVideoDecoderOutputViewSize_D3D11_1
---------------------------------------------
0.0021
0.0014
0.0015
0.0032
0.003
0.0022
0.002
0.0017
0.0016
0.0021
0.0011
0.0015
0.0014
0.0028
0.0014
0.0051
0.0047
0.0015
0.007
0.0084
0.0019
0.0013
0.0013
0.0022
0.0017
0.0016
0.0021
0.0019
0.0044
0.0015
0.0015
0.0015
0.002
0.0021
0.0047
0.002
0.0036
0.0012
0.0015
0.0012
0.0011
0.0014
0.0033
0.0012
0.0014
0.0011
0.0012
0.001
0.0015
0.0024
0.001
0.0015
0.001
0.0012
0.0007
0.0014
0.0013
0.0009
0.0009
0.001
0.0016
0.0015
0.0012
0.0024
0.0014
0.0014
0.0022
0.0023
0.0022
0.0023
0.0024
0.0024
0.0019
0.0022
0.002
0.0029
0.0022
0.0017
0.0021
0.002
0.0023
0.0017
0.0021
0.002
0.0021
0.0024
0.0025
0.0017
0.0021
0.0024
0.0023
0.0021
0.0021
0.0023
0.0068
0.0011
0.0072
0.002
0.0023
0.0019
0.0017
0.002
0.0021
0.002
0.0021
0.0022
0.0019
0.0024
0.0014
0.0009
0.0019
0.0022
0.0021
0.0027
0.0025
0.0028
0.0021
0.0017
0.0021
0.0028
0.0021
0.0018
0.0021
0.0024
0.0022
0.0014
0.002
0.0015
0.0016
0.0017
0.0021
0.002
0.0014
0.0021
0.0014
0.0033
0.0021
0.0015
0.0012
0.0022
0.0021
0.0053
0.0024
0.0024
0.002
0.0014
0.002
0.0019
0.0016
0.0016
0.0017
0.002
0.0022
0.0019
0.0019
0.0021
0.0021
0.002
0.0017
0.0022
0.002
0.0024
0.0019
0.0012
0.0008
0.0021
0.0018
0.0024
0.0024
0.0024
0.0019
0.0022
0.0024
0.0021
0.0029
0.0021
0.005
0.0026
0.0019
0.0021
0.0022
0.0021
0.0026
0.0021
0.0022
0.0025
0.002
0.0023
0.0016
0.0018
0.0019
0.0019
0.0016
0.0016
0.0015
0.0023
0.0015
0.0012
0.0016
0.0011
0.0027
0.0017
0.0019
0.0021
0.0011
0.0024
0.0023
0.002
0.0023
0.0021
0.0016
0.0028
0.002
0.0023
0.0022
0.0023
0.0019
0.0022
0.002
0.0029
0.0021
0.0084
0.0019
0.0019
0.0023
0.0022
0.0022
0.002
0.0021
0.0021
0.0012
0.0019
0.0016
0.0017
0.0022
0.002
0.002
0.0021
0.0021
0.0024
0.0019
0.0014
0.0017
0.0014
0.0015
0.0014
0.0011
0.002
0.0024
0.0022
0.0025
0.0022
0.0023
0.0024
0.002
0.0022
0.0023
0.0022
0.0019
0.0024
0.0023
0.0021
0.0025
0.0021
0.0019
0.0022
0.0019
0.0023
0.0017
0.0026
0.0013
0.001
0.0023
0.0018
0.0021
0.0022
0.0026
0.0018
0.0024
0.0025
0.0024
0.0021
0.0021
0.0019
0.0023
0.002
0.0022
0.0022
0.0025
0.0025
0.0024
0.0021
0.0022
0.0025
0.0021
0.0022
0.0089
0.0022
0.0024
0.0023
0.0021
0.0022
0.0021
0.0026
0.0022
0.0022
0.0025
0.0019
0.0026
0.0016
0.0062
0.0024
0.0021
0.0023
0.0022
0.0023
0.0062
0.0022
0.0021
0.0021
0.0022
0.0023
0.0019
0.0023
0.0021
0.0025
0.0021
0.0022
0.0024
0.0019
0.002
0.0025
0.0021
0.002
0.0025
0.0027
0.0022
0.0021
0.0023
0.002
0.002
0.0049
0.0025
0.0021
0.0017
0.0018
0.002
0.0027
0.0025
0.0018
0.0018
0.002
0.0017
0.0014
0.0014
0.0018
0.0017
0.0014
0.0011
0.003
0.0021
0.002
0.002
0.001
0.0011
0.0009
0.0023
0.0012
0.001
0.0009
0.0013
0.001
0.0009
0.0021
0.0016
0.002
0.0022
0.0018
0.0013
0.0009
0.0018
0.0016
0.0012
0.0018
0.0023
0.0025
0.0024
0.0019
0.0026
0.0021
0.0021
0.0019
0.0032
0.0021
0.0026
0.002
0.0025
0.0022
0.0022
0.0022
0.0023
0.002
0.0017
0.0023
0.0019
0.0018
0.002
0.0016
0.0016
0.0016
0.0015
0.0023
0.0023
0.0017
0.0019
0.0016
0.0017
0.0014
0.0019
0.0013
0.0015
0.0015
0.0015
0.0011
0.0019
0.0018
0.0017
0.0018
0.002
0.0013
0.0022
0.0015
0.002
0.0018
0.0017
0.0019
0.0017
0.0018
0.0017
0.002
0.0014
0.0017
0.0018
0.0018
0.002
0.0019
0.0016
0.0016
0.0015
0.0016
0.0021
0.0016
0.0027
0.0017
0.0016
0.0016
0.0013
0.0016
0.0017
0.0011
0.0012
0.002
0.0016
0.0013
0.002
0.0017
0.0018
0.0035
0.0018
0.0018
0.0024
0.0024
0.0014
0.0019
0.0052
0.0012
0.0011
0.0016
0.0011
0.0011
0.0019
0.0022
0.0022
0.0021
0.0013
0.0014
0.0011
0.0018
0.0019
0.0021
0.0024
0.0025
0.0022
0.0021
0.0045
0.0018
0.0023
0.0031
0.0023
0.0021
0.0021
0.0021
0.002
0.0024
0.0021
0.0021
0.0024
0.0021
0.002
0.002
0.0024
0.0018
0.0023
0.002
0.0021
0.0021
0.0024
0.0024
0.0017
0.0022
0.003
0.0019
0.0022
0.0021
0.002
0.0022
0.0023
0.0021
0.002
0.0022
0.0024
0.0023
0.0023
0.0023
0.0022
0.0023
0.002
0.0023
0.0019
0.0016
0.0023
0.0024
0.0023
0.0021
0.0021
0.0023
0.0017
0.0017
0.0019
0.0019
0.0019
0.0023
0.0018
0.0018
0.0024
0.0021
0.0021
0.0021
0.0023
0.0024
0.0022
0.0023
0.0016
0.0023
0.0015
0.0013
0.0023
0.0021
0.0018
0.0015
0.0015
0.0021
0.0023
0.0022
0.0022
0.0021
0.0019
0.0023
0.003
0.0022
0.0015
0.0023
0.0015
0.002
0.0021
0.0023
0.0021
0.0022
0.0024
0.0021
0.0022
0.002
0.002
0.0023
0.0029
0.0021
0.0022
0.0024
0.0014
0.001

-----------------------
CodechalDecode::Execute
-----------------------
9.463
3.4092
9.534
4.133
9.5845
5.3821
0.9438
1.0166
0.7817
0.748
0.8286
0.8046
0.8273
0.7708
0.7102
0.8225
0.7918
0.7925
0.7511
0.8054
0.9618
0.7361
0.7219
0.8423
0.5902
0.6029
0.5761
0.6366
0.5405
0.5553
0.7955
0.5635
0.5295
0.5981
0.561
0.5568
0.5769
0.5396
0.5527
0.5286
0.5573
0.5328
0.5921
0.5767
0.5655
0.5563
0.6159
0.5444
0.5776
0.5735
0.5256
0.5423
0.5463
0.5266
0.5442
0.5389
0.5456
0.5401
0.5175
0.5527
0.6068
0.5745
0.5629
0.5558
0.5481
0.5469
0.5908
0.6233
0.612
0.6005
0.6154
0.6356
0.6116
0.625
0.5988
0.6537
0.6219
0.5585
0.6225
0.6201
0.5982
0.6008
0.5992
0.5917
0.5944
0.6299
0.6045
0.5552
0.6555
0.6086
0.6401
0.5616
0.6169
0.6103
0.5888
0.5487
0.5601
0.5726
3.4058
0.6054
0.6071
0.5996
0.6127
0.5582
0.5994
0.5645
0.5919
0.5994
0.5482
0.5344
0.5808
0.6111
0.6262
0.5767
0.6267
0.559
0.6202
0.6854
0.5569
0.5265
3.95
0.6164
0.5771
0.6433
0.6061
0.5416
0.5988
0.5532
0.5347
0.6162
0.5812
0.6363
0.5738
0.5915
0.5571
0.5352
0.6147
0.5699
0.5652
0.6305
0.6146
0.606
0.5806
0.645
0.5766
0.5374
0.7642
0.5502
0.5177
0.5673
0.5848
0.5839
0.5797
0.5825
0.5765
0.7765
0.5925
0.6353
0.6013
0.5775
0.5372
0.6162
0.5771
0.5525
0.5182
0.6746
0.539
0.6137
0.612
0.643
0.5607
0.601
0.631
0.604
0.6211
0.6033
0.5817
0.6217
0.6022
0.5894
0.6321
0.6061
0.5571
0.63
0.6014
0.6394
0.563
0.6309
0.726
0.8104
0.5744
0.5408
0.542
0.5591
0.5502
0.6159
0.5531
0.5864
0.5575
0.582
0.78
0.5559
0.6412
0.5425
0.5422
0.6259
0.6003
0.6232
0.6231
0.6256
0.5716
0.5543
0.617
0.6475
0.5651
0.6161
0.5705
0.6286
0.6112
0.6354
0.608
0.6641
0.5511
0.6394
0.5914
0.6013
0.6021
0.6503
0.6076
0.5898
0.551
0.6497
0.547
0.5724
0.6289
0.6217
0.5697
0.6253
0.6006
0.6185
4.6655
0.5842
0.5309
0.5455
0.5632
0.5313
0.5509
0.6095
0.5604
0.6013
0.6517
0.6136
0.599
0.6207
0.5674
0.622
0.5575
0.6168
0.5845
0.6315
0.6292
0.5607
0.6264
0.5991
0.5723
0.6261
0.5853
0.6443
0.5829
0.625
0.5512
0.5337
0.6214
0.5944
0.6294
0.5929
0.6177
0.5603
0.6456
0.5896
0.6162
0.5893
0.6314
0.6013
0.6437
0.6069
0.5991
0.6056
0.6356
0.5748
0.6348
0.5895
0.6061
0.5811
0.5669
0.6269
0.5805
0.6058
0.5849
0.6247
0.5748
0.6307
0.6215
0.5808
0.6259
0.5847
0.6237
0.6398
0.6299
0.521
0.6237
0.6351
0.5974
0.5529
0.6045
0.6489
0.5629
0.6284
0.5648
0.5997
0.631
0.5857
0.5934
0.5936
0.5906
0.6165
0.5915
0.62
0.6256
0.5626
0.5891
0.6213
0.5672
0.575
0.637
0.5864
0.6163
0.6146
0.5851
0.6217
0.6349
0.6234
0.566
0.6015
0.5809
0.6278
0.6105
0.586
0.6323
0.6164
0.6091
0.5223
0.6268
0.5244
0.5711
0.5919
0.5212
0.5575
0.5789
0.5782
0.5586
0.6063
0.6371
0.5521
0.535
0.5223
0.6297
0.5535
0.532
0.5203
0.5598
0.5413
0.5104
0.5553
0.5493
0.5765
0.6496
0.5974
0.5455
0.5365
0.6086
0.539
0.5779
0.6499
0.6116
0.5817
0.6311
0.6053
0.6186
0.62
0.6335
0.5851
0.6135
0.5849
0.6173
0.5716
0.6383
0.5979
0.6291
0.6111
0.5828
0.6168
0.5623
0.8168
0.5368
0.5924
0.5603
0.5804
0.5536
0.5395
0.7519
0.7791
0.6887
0.5818
0.5995
0.8103
0.5611
0.6314
0.6154
0.6366
0.7677
0.5544
0.5357
0.5967
0.5852
0.6866
0.6193
0.5067
0.6118
0.5588
0.6597
0.5678
0.5527
0.6169
0.5897
0.6188
0.6407
0.6846
0.6065
0.6225
0.6561
0.5515
0.7742
0.5382
0.5816
0.6265
0.5731
0.5723
0.5322
0.5977
0.5712
0.554
1.0103
0.6162
0.809
0.5473
0.5217
0.5284
0.5443
0.5956
0.5617
0.6218
0.5647
0.5967
0.6258
0.5386
0.6928
0.6079
0.5474
0.574
0.6592
0.5548
0.5609
0.6663
0.5697
0.5566
0.5337
0.5567
0.5592
0.5509
0.5528
0.6207
0.6322
0.5612
0.5561
0.6524
0.5219
0.643
0.5647
0.6112
0.5832
0.6279
0.6223
0.5988
0.5403
0.5993
0.6232
0.5732
0.6426
0.5643
0.6342
0.6135
0.5694
0.6195
0.5948
0.5791
0.6293
0.6168
0.594
0.5815
0.6429
0.6028
0.6326
0.6032
0.5992
0.6542
0.5891
0.6254
0.6104
0.5638
0.6113
0.5844
0.6358
0.6163
0.5876
0.6418
0.6291
0.6213
0.6207
0.607
0.6512
0.6018
0.602
0.6001
0.6102
0.6208
0.6013
0.6383
0.6135
0.5606
0.6225
0.6428
0.5629
0.6034
0.6275
0.6511
0.6013
0.6004
0.6141
0.6088
0.5643
0.6196
0.5676
0.5586
0.6255
0.5587
0.6054
0.5862
0.6194
0.5928
0.596
0.5813
0.5553
0.6313
0.5234
0.5504
0.6366
0.6071
0.5141
0.5431
0.5612
0.584
0.6174
0.6017
0.6279
0.6039
0.5952
0.5712
0.6149
0.6238
0.5501
0.6108
0.5274
0.6337
0.6011
0.6103
0.6042
0.6309
0.5561
0.6187
0.6117
0.6262
0.5591
0.6292
0.6046
0.6153
0.5893
0.5796
0.551
0.5389

---------------------------------------
CodechalDecodeHevcG12::DecodeStateLevel
---------------------------------------
0.2509
0.3972
3.8897
0.4085
0.2512
0.347
4.0942
0.2054
3.8877
0.5502
0.2483
2.6867
4.0588
0.2891
4.4362
0.4748
0.27
4.2195
0.225
0.1972
0.2304
0.2492
0.225
0.226
0.1642
0.1842
0.2165
0.1446
0.1823
0.2316
0.1745
0.2006
0.2319
0.1566
0.1956
0.2315
0.1668
0.1908
0.223
0.1513
0.177
0.228
0.1505
0.1942
0.2179
0.2357
0.1951
0.2221
0.2114
0.1968
0.2159
0.2064
0.1786
0.2136
0.1622
0.1976
0.2198
0.16
0.1952
0.2336
0.1913
0.2564
0.2773
0.1512
0.1698
0.2134
0.1463
0.1927
0.2273
0.1724
0.1807
0.2465
0.0886
0.188
0.1722
0.1057
0.1908
0.1586
0.0946
0.1776
0.16
0.1052
0.199
0.1736
0.0827
0.168
0.1562
0.1034
0.1644
0.1515
0.1076
0.239
0.2638
0.086
0.1886
0.1554
0.0766
0.1726
0.1516
0.0975
0.1836
0.1636
0.0824
0.1866
0.1568
0.0847
0.1707
0.1707
0.0881
0.1768
0.1791
0.0984
0.1637
0.1457
0.0859
0.1705
0.1592
0.083
0.1686
0.1499
0.0866
0.1737
0.1526
0.0789
0.163
0.1652
0.0934
0.1897
0.157
0.0954
0.1872
0.1557
0.0903
0.1737
0.1541
0.0836
0.1685
0.1684
0.1076
0.1903
0.1621
0.0859
0.169
0.1603
0.0863
0.188
0.164
0.0899
0.1881
0.1622
0.081
0.1644
0.1525
0.0871
0.1755
0.1541
0.0945
0.1651
0.1505
0.0811
0.1642
0.1542
0.0856
0.1764
0.1549
0.0882
0.1656
0.1532
0.0854
0.1725
0.1615
0.0828
0.1733
0.1534
0.0789
0.1622
0.1564
0.0954
0.1723
0.1549
0.0871
0.1794
0.1556
0.1002
0.1736
0.1656
0.0839
0.1776
0.1643
0.0977
0.1721
0.1523
0.0774
0.1715
0.1699
0.0845
0.1811
0.1499
0.0904
0.1874
0.1677
0.1099
0.1909
0.1593
0.1009
0.1805
0.1682
0.1061
0.1788
0.1552
0.1052
0.1911
0.1622
0.1131
0.1861
0.1688
0.1018
0.1984
0.1614
0.1081
0.1828
0.1697
0.1008
0.1901
0.1592
0.1164
0.1844
0.1738
0.1082
0.1882
0.1596
0.0921
0.168
0.1623
0.1079
0.187
0.1643
0.107
0.19
0.1691
0.0975
0.1825
0.1662
0.0984
0.1851
0.1614
0.1037
0.1785
0.1601
0.0971
0.1777
0.1665
0.1009
0.1732
0.1663
0.107
0.1914
0.166
0.1062
0.1746
0.1583
0.0978
0.1683
0.1511
0.1159
0.1806
0.167
0.0992
0.183
0.1615
0.1085
0.1906
0.166
0.0914
0.1671
0.1524
0.1035
0.1856
0.1603
0.0994
0.187
0.1683
0.0946
0.1865
0.1581
0.0848
0.1764
0.1553
0.0862
0.1666
0.1714
0.0928
0.174
0.1622
0.0868
0.1919
2.8057
0.0994
0.1835
0.168
0.1015
0.1845
0.1667
0.102
0.1893
0.1582
0.1021
0.1839
0.1697
0.093
0.1698
0.159
0.1059
0.1841
0.1576
0.0882
0.1822
0.1565
0.1042
0.1785
0.1581
0.1011
0.1847
0.1562
0.086
0.1667
0.1493
0.0803
0.175
0.1552
0.0959
0.1693
0.1579
0.1054
0.1882
0.1609
0.1037
0.199
0.1652
0.093
0.1766
0.1633
0.1034
0.1855
0.1595
0.091
0.1799
0.1499
0.1021
0.1901
0.1725
0.1134
0.2299
0.1831
0.0889
0.1773
0.1562
0.0849
0.1633
0.1485
0.1093
0.2052
3.2237
0.1002
0.1944
0.1677
0.0931
0.1763
0.1662
0.1177
0.1969
0.1583
0.1
0.184
0.1677
0.0852
0.1689
0.1543
0.102
0.1942
0.1571
0.0898
0.1703
0.1596
0.0788
0.1698
0.1627
0.094
0.1925
0.1675
0.0907
0.1807
0.162
0.1054
0.1899
0.1744
0.0974
0.1661
0.1695
0.0949
0.1902
0.1599
0.084
0.1854
0.1558
0.0833
0.1725
0.1493
0.0999
0.2022
0.1568
0.0912
0.1808
0.164
0.094
0.181
0.1555
0.1132
0.193
0.1573
0.1017
0.186
0.1715
0.1031
0.178
0.1645
0.097
0.1739
0.1626
0.1174
0.1892
0.1625
0.0906
0.1897
0.1622
0.08
0.1742
0.1522
0.1003
0.2542
0.2374
0.0866
0.1715
0.1582
0.0789
0.164
0.1564
0.0985
0.1749
0.1554
0.0971
0.1758
0.1704
0.1006
0.1812
0.1548
0.0826
0.1823
0.1527
0.0871
0.1907
0.1621
0.0965
0.1767
0.1595
0.1089
0.2493
0.245
0.0817
0.1826
0.1627
0.118
0.182
0.1714
0.1123
0.1786
0.1676
0.0959
0.1896
0.1565
0.0797
0.1677
0.1624
0.1037
0.1939
0.1729
0.0896
0.1898
0.1593
0.0918
0.1715
0.1546
0.0775
0.1627
0.1565
0.1118
0.2031
0.1893
0.0886
0.1668
0.1567
0.102
0.1857
0.1699
0.098
0.1855
0.1665
0.1133
0.1994
0.1592
0.0893
0.1714
0.1652
0.1038
0.1854
0.1584
0.1106
0.201
0.1593
0.1036
0.1815
0.1673
0.1036
0.1841
0.1586
0.1059
0.1794
0.1553
0.0937
0.1823
0.1632
0.0959
0.207
0.1627
0.0987
0.18
0.1674
0.0961
0.1899
0.1576
0.1084
0.1878
0.1751
0.1008
0.1798
0.1693
0.0913
0.1754
0.152
0.1091
0.1783
0.1708
0.0968
0.184
0.1655
0.1044
0.1907
0.1747
0.0891
0.1806
0.1553
0.1057
0.1884
0.1706
0.1066
0.2378
0.2187
0.1226
0.2551
0.2349
0.099
0.1711
0.1492
0.0901
0.1651
0.1506
0.089
0.1764
0.154
0.0866
0.1797
0.1606
0.0895
0.1749
0.1579
0.1059
0.192
0.1593
0.0927
0.1735
0.1526
0.0996
0.18
0.1658
0.0978
0.1731
0.1559
0.0947
0.1896
0.1629
0.1198
0.2493
0.2236
0.0881
0.1741
0.1663
0.1124
0.1908
0.1679
0.0847
0.1761
0.1539
0.0843
0.1699
0.152
0.1122
0.196
0.1576
0.1016
0.1784
0.1689
0.1168
0.1777
0.1699
0.1058
0.1908
0.1575
0.1075
0.1894
0.1702
0.0896
0.1828
0.1589
0.0842
0.1787
0.1572
0.1035
0.1853
0.1723
0.113
0.1949
0.1696
0.0911
0.1707
0.1668
0.1094
0.1902
0.1595
0.0898
0.1855
0.1538
0.1059
0.1887
0.1704
0.0973
0.203
0.1612
0.1091
0.1876
0.1777
0.1013
0.191
0.1637
0.112
0.1867
0.2056
0.0891
0.1737
0.1527
0.1094
0.1926
0.1729
0.0925
0.1811
0.1731
0.1072
0.1831
0.159
0.0985
0.1829
0.17
0.1195
0.1903
0.1827
0.1041
0.1889
0.1615
0.0994
0.1744
0.165
0.0914
0.1733
0.1531
0.1091
0.2121
0.1608
0.0806
0.1765
0.1551
0.0888
0.1786
0.1552
0.1097
0.1883
0.1569
0.0982
0.2062
0.1622
0.0932
0.1723
0.163
0.1119
0.1991
0.1599
0.1026
0.1758
0.1714
0.1048
0.1924
0.1623
0.0867
0.1802
4.0411
0.0921
0.1826
0.163
0.0826
0.1676
0.1509
0.0866
0.1692
0.1634
0.0924
0.181
0.1573
0.0832
0.1659
0.1609
0.0876
0.1793
0.1566
0.1032
0.181
0.163
0.088
0.1804
0.1547
0.0956
0.186
0.1637
0.1277
0.1945
0.1573
0.1037
0.1838
0.1702
0.1103
0.1785
0.1569
0.1118
0.1791
0.1652
0.0925
0.1801
0.1568
0.1116
0.1815
0.1605
0.0862
0.1801
0.1555
0.0987
0.1886
0.1639
0.0932
0.1906
0.1576
0.1099
0.1871
0.1714
0.1116
0.1866
0.1628
0.0916
0.1676
0.1617
0.1038
0.1849
0.166
0.0966
0.1878
0.1603
0.0903
0.177
0.1638
0.1117
0.1909
0.1586
0.1024
0.1781
0.1625
0.1155
0.1967
0.1599
0.0972
0.1735
0.1674
0.1119
0.1855
0.1605
0.0863
0.1716
0.1568
0.08
0.172
0.1602
0.1015
0.1943
0.1711
0.1045
0.1767
0.1557
0.1072
0.192
0.1706
0.0978
0.1886
0.1555
0.1039
0.1819
0.1759
0.0906
0.1695
0.1607
0.1133
0.1941
0.1718
0.097
0.1823
0.1647
0.1007
0.188
0.1715
0.0919
0.1789
0.1612
0.1053
0.1997
0.1606
0.1019
0.1783
0.1694
0.1162
0.1912
0.1578
0.102
0.1817
0.1708
0.1008
0.1788
0.1662
0.0985
0.1774
0.1746
0.1078
0.1982
0.1584
0.0913
0.1758
0.166
0.1121
0.1919
0.1652
0.0965
0.189
0.1554
0.0991
0.1838
0.1698
0.0967
0.1854
0.1556
0.0917
0.1698
0.166
0.1094
0.1941
0.1683
0.093
0.179
0.1652
0.0972
0.1825
0.1567
0.0937
0.1831
0.1585
0.1081
0.1883
0.1644
0.0961
0.1753
0.1602
0.1192
0.1876
0.1628
0.1107
0.1831
0.1555
0.0955
0.183
0.1568
0.1026
0.1912
0.1701
0.0933
0.1913
0.157
0.1043
0.1899
0.1719
0.1241
0.1843
0.1549
0.1068
0.192
0.1652
0.0804
0.165
0.1509
0.0977
0.1912
0.1729
0.1101
0.1968
0.1676
0.0919
0.184
0.1671
0.0876
0.1721
0.1495
0.0978
0.1836
0.1742
0.1141
0.1869
0.1738
0.0909
0.1708
0.1619
0.1133
0.1924
0.1656
0.092
0.1799
0.1562
0.0995
0.1796
0.1562
0.105
0.2108
0.1588
0.091
0.1791
0.1709
0.1064
0.1814
0.1594
0.0965
0.1811
0.1684
0.0974
0.1784
0.171
0.1108
0.1842
0.1573
0.0968
0.1879
0.1583
0.109
0.1845
0.1657
0.116
0.1843
0.1539
0.0878
0.177
0.1547
0.1072
0.174
0.1559
0.1088
0.1965
0.1598
0.0909
0.1716
0.1662
0.0944
0.1819
0.1561
0.1103
0.1864
0.1693
0.0972
0.1864
0.1574
0.0977
0.1898
0.1752
0.1051
0.1846
0.1549
0.0922
0.1908
0.1571
0.1038
0.1863
0.1688
0.1096
0.2
0.159
0.1115
0.1813
0.1672
0.0914
0.1812
0.1561
0.1085
0.1808
0.1555
0.0912
0.1846
0.1563
0.0997
0.2108
0.16
0.0966
0.185
0.1655
0.0962
0.1868
0.1599
0.1082
0.1871
0.1709
0.1012
0.1826
0.1565
0.1002
0.1855
0.1626
0.0839
0.1606
0.1499
0.096
0.2036
0.172
0.0842
0.169
0.1483
0.0841
0.1942
0.1587
0.0909
0.1953
0.1633
0.0945
0.1615
0.1474
0.0834
0.1714
0.1724
0.0997
0.17
0.1604
0.0877
0.1876
0.1636
0.0918
0.166
0.1448
0.1016
0.1854
0.168
0.1179
0.1964
0.158
0.0851
0.1709
0.1634
0.0833
0.1678
0.1582
0.0782
0.1702
0.1519
0.1063
0.1991
0.1684
0.0935
0.1648
0.1624
0.0798
0.17
0.1532
0.0735
0.1765
0.1521
0.094
0.1788
0.1535
0.0927
0.1652
0.1576
0.082
0.1599
0.1469
0.0899
0.1756
0.1548
0.086
0.1753
0.1597
0.0937
0.1778
0.1618
0.1198
0.1973
0.1563
0.096
0.1815
0.1765
0.0789
0.1723
0.164
0.0813
0.1798
0.1543
0.0995
0.1838
0.1686
0.0815
0.1683
0.1512
0.0922
0.1856
0.1637
0.117
0.1932
0.1669
0.0995
0.1983
0.161
0.0927
0.1793
0.1676
0.1066
0.192
0.1651
0.0987
0.1829
0.1636
0.1041
0.174
0.1813
0.1059
0.1967
0.1614
0.1086
0.1844
0.1723
0.0982
0.182
0.1531
0.0991
0.1916
0.164
0.0919
0.1765
0.1666
0.1043
0.1863
0.1693
0.0948
0.1736
0.1662
0.1101
0.188
0.1735
0.1022
0.1761
0.1666
0.1121
0.1882
0.1695
0.1004
0.1801
0.1734
0.0903
0.174
0.1762
0.0984
0.1864
0.1784
0.0988
0.1724
0.1526
0.129
0.2697
0.2198
0.0802
0.167
0.1581
0.0891
0.2025
0.1585
0.0954
0.166
0.1568
0.0887
0.1868
0.1699
0.0816
0.1765
0.168
0.0806
0.1811
0.1585
0.103
0.2447
0.2366
0.2082
0.2344
0.1787
0.1254
0.2099
0.1706
0.095
0.1871
0.168
0.0976
0.1921
0.1677
0.1118
0.251
0.2352
0.0891
0.1836
0.1633
0.1184
0.1936
0.1689
0.1017
0.2028
0.1683
0.1095
0.2097
0.1727
0.1178
0.276
0.2147
0.0824
0.1754
0.1655
0.0803
0.1747
0.1561
0.0985
0.1876
0.1763
0.094
0.1898
0.1585
0.1252
0.2187
0.1741
0.1026
0.1942
0.1748
0.0823
0.1623
0.1484
0.099
0.1967
0.1713
0.0876
0.1805
0.1678
0.1232
0.2082
0.1667
0.0852
0.1751
0.1646
0.0861
0.1734
0.1627
0.1081
0.1809
0.1674
0.1027
0.1861
0.153
0.1049
0.19
0.1703
0.1186
0.1895
0.1744
0.1229
0.2147
0.1764
0.0994
0.187
0.1822
0.102
0.1975
0.1745
0.1218
0.1973
0.1762
0.086
0.1741
0.1642
0.1096
0.2527
0.2334
0.0856
0.1684
0.1609
0.0987
0.1855
0.1596
0.1125
0.2011
0.1679
0.0873
0.1795
0.1717
0.0914
0.1761
0.1653
0.081
0.1683
0.1627
0.1043
0.1731
0.1528
0.1023
0.1754
0.1543
0.0967
0.1719
0.1506
0.1055
0.3509
0.3152
0.0947
0.1908
0.1796
0.1114
0.185
0.3155
0.0817
0.1818
0.1555
0.0772
0.1662
0.1599
0.0801
0.1689
0.1551
0.0761
0.1764
0.1535
0.0954
0.1917
0.169
0.087
0.1767
0.1555
0.0931
0.1879
0.1593
0.0903
0.1689
0.162
0.0997
0.2005
0.1667
0.1114
0.1891
0.1649
0.0807
0.1722
0.1547
0.122
0.2189
0.1997
0.0971
0.2111
0.1585
0.0805
0.1754
0.1574
0.0901
0.1869
0.1537
0.1233
0.2102
0.1585
0.0764
0.1649
0.1562
0.0969
0.1675
0.1574
0.1054
0.2383
0.1573
0.0849
0.1784
0.1673
0.0891
0.1802
0.1544
0.0833
0.1679
0.1589
0.0885
0.1785
0.1559
0.092
0.172
0.1607
0.0846
0.1829
0.1542
0.0917
0.1751
0.1455
0.1065
0.1871
0.1682
0.1105
0.1985
0.1605
0.0915
0.1705
0.161
0.0887
0.1748
0.1563
0.127
0.2025
0.1638
0.0811
0.1691
0.1513
0.1197
0.1881
0.1687
0.0877
0.1827
0.1576
0.1044
0.1874
0.1618
0.0937
0.1871
0.1584
0.1115
0.186
0.1673
0.1131
0.1847
0.1588
0.1046
0.1763
0.165
0.0892
0.1678
0.1516
0.0977
0.1866
0.1632
0.1009
0.1873
0.1696
0.0893
0.1881
0.16
0.112
0.1899
0.1695
0.0905
0.1792
0.1547
0.1149
0.1889
0.1578
0.1039
0.1942
0.1611
0.0934
0.1702
0.1522
0.1036
0.1995
0.1608
0.0949
0.1809
0.1715
0.0922
0.1884
0.1574
0.1067
0.1909
0.1735
0.1086
0.1904
0.1633
0.1021
0.1748
0.1662
0.0977
0.1763
0.1621
0.1139
0.1971
0.1616
0.1013
0.1814
0.1673
0.1136
0.1953
0.1592
0.0948
0.1958
0.1599
0.0958
0.1851
0.1678
0.1183
0.1943
0.1745
0.0964
0.1835
0.1622
0.1093
0.1859
0.162
0.103
0.1833
0.156
0.0914
0.1787
0.1546
0.0989
0.183
0.1616
0.0952
0.1838
0.152
0.1049
0.1889
0.1781
0.1084
0.1851
0.1556
0.0964
0.187
0.1562
0.109
0.1885
0.1726
0.1115
0.178
0.1728
0.101
0.1917
0.1704
0.1032
0.1905
0.1692
0.1005
0.1843
0.1625
0.1137
0.1985
0.168
0.098
0.1929
0.1572
0.1001
0.1758
0.1655
0.1069
0.1894
0.1551
0.1038
0.182
0.1632
0.1019
0.187
0.1685
0.0971
0.1918
0.1605
0.1074
0.1975
0.1603
0.0971
0.1825
0.1706
0.0898
0.1705
0.1606
0.1131
0.1775
0.1558
0.1136
0.1944
0.1591
0.0932
0.1692
0.1623
0.0996
0.1905
0.1603
0.1035
0.1931
0.1677
0.1143
0.187
0.1671
0.0941
0.1945
0.16
0.1
0.1789
0.1648
0.1001
0.1935
0.163
0.0997
0.182
0.1682
0.0914
0.1698
0.1616
0.1023
0.1888
0.1591
0.0865
0.175
0.1679
0.0933
0.1779
0.1517
0.1056
0.1916
0.1704
0.0911
0.1707
0.1521
0.101
0.1814
0.1717
0.1001
0.1739
0.1661
0.1066
0.1936
0.1624
0.1004
0.1764
0.1681
0.0938
0.1823
0.1622
0.0918
0.1769
0.1684
0.0875
0.1697
0.1617
0.1172
0.1902
0.1565
0.0788
0.1661
0.1547
0.0868
0.1791
0.1558
0.1077
0.1931
0.1743
0.0996
0.1896
0.1596
0.0776
0.1676
0.1491
0.0814
0.1733
0.1577
0.0788
0.1828
0.1545
0.0977
0.1793
0.1526
0.1015
0.1889
0.1728
0.11
0.1828
0.1572
0.1116
0.1926
0.155
0.1027
0.1831
0.1649
0.0941
0.1861
0.1695
0.0914
0.1771
0.1622
0.109
0.1879
0.1602
0.1074
0.1885
0.1667
0.0884
0.1737
0.1534
0.0969
0.1911
0.1726
0.0834
0.1661
0.1519
0.1083
0.2038
0.1598
0.1062
0.1807
0.1541
0.0945
0.1971
0.1644
0.098
0.1822
0.1671
0.1059
0.1947
0.1615
0.0892
0.169
0.1607
0.1041
0.1848
0.1581
0.1028
0.1935
0.1625
0.1073
0.1792
0.1694
0.0882
0.1801
0.1536
0.1071
0.1904
0.1654
0.0944
0.1967
0.1617
0.1007
0.1826
0.1743
0.0975
0.1889
0.1568
0.0978
0.173
0.1639
0.0909
0.1706
0.1555
0.0774
0.1672
0.1737

-------------------------------------
CodechalDecodeHevcG12::SetFrameStates
-------------------------------------
4.6483
2.249
1.1808
0.481
0.5944
0.2214
0.1097
0.108
0.0102
0.0112
0.0102
0.0103
0.0095
0.0086
0.0088
0.0129
0.0117
0.0099
0.0106
0.0141
0.014
0.0084
0.0136
0.0102
0.0099
0.0128
0.0096
0.0146
0.0101
0.0109
0.0243
0.0086
0.0095
0.0118
0.01
0.0118
0.0103
0.0111
0.0096
0.0081
0.01
0.0077
0.0124
0.0091
0.0097
0.0099
0.0123
0.008
0.012
0.0099
0.0078
0.0082
0.0084
0.0079
0.0087
0.0078
0.0086
0.0078
0.0081
0.0086
0.0526
0.0101
0.0089
0.0096
0.0077
0.0104
0.0112
0.0128
0.0112
0.0144
0.0117
0.0118
0.0114
0.014
0.0115
0.0154
0.0143
0.0103
0.0115
0.0108
0.0109
0.0109
0.0108
0.011
0.0134
0.0159
0.0142
0.0104
0.0142
0.0115
0.0149
0.0103
0.0114
0.0114
0.0123
0.0095
0.0105
0.0114
0.164
0.0113
0.0116
0.0109
0.0109
0.0103
0.0112
0.0104
0.0107
0.0138
0.0089
0.0084
0.0104
0.011
0.0122
0.0108
0.0119
0.0106
0.0115
0.0127
0.0125
0.0097
0.2555
0.0119
0.011
0.0155
0.0113
0.0126
0.0105
0.0099
0.0083
0.0123
0.0113
0.0132
0.0108
0.012
0.0107
0.0086
0.013
0.0101
0.0091
0.0146
0.011
0.0125
0.0109
0.012
0.0112
0.0088
0.0127
0.0104
0.0091
0.0107
0.0108
0.0135
0.0453
0.0123
0.0131
0.0139
0.0129
0.0203
0.0113
0.0096
0.0092
0.0136
0.011
0.0091
0.0096
0.0139
0.009
0.0114
0.011
0.0148
0.0105
0.011
0.0122
0.011
0.0113
0.0138
0.0114
0.0123
0.0162
0.0111
0.0123
0.0114
0.0103
0.0143
0.011
0.0116
0.0104
0.0115
0.0119
0.0144
0.0136
0.0115
0.0099
0.0103
0.0097
0.0119
0.0112
0.0111
0.0089
0.009
0.0133
0.0105
0.0159
0.0092
0.0119
0.0122
0.011
0.0108
0.014
0.0121
0.0106
0.0109
0.011
0.0142
0.0105
0.0114
0.0106
0.0178
0.0112
0.0119
0.0112
0.0119
0.0095
0.0118
0.0109
0.011
0.0108
0.0124
0.011
0.012
0.0097
0.0134
0.0103
0.0112
0.0145
0.0113
0.0103
0.0116
0.0111
0.011
0.2076
0.015
0.0102
0.0083
0.0087
0.0077
0.0085
0.0109
0.0103
0.0153
0.0155
0.0108
0.0107
0.0138
0.0105
0.0111
0.0103
0.0111
0.0109
0.0125
0.0109
0.0103
0.0117
0.0112
0.0109
0.0122
0.0108
0.0154
0.0109
0.0118
0.0095
0.009
0.0118
0.0131
0.0154
0.0109
0.0117
0.0102
0.0115
0.011
0.012
0.0176
0.0125
0.0109
0.0154
0.0109
0.0111
0.0124
0.0158
0.0109
0.0121
0.0108
0.0136
0.011
0.0114
0.0116
0.0109
0.014
0.0113
0.0112
0.0109
0.0121
0.0138
0.0111
0.0124
0.0111
0.012
0.0138
0.0142
0.0111
0.0123
0.0123
0.011
0.0103
0.0109
0.0156
0.0117
0.0113
0.0103
0.0111
0.0123
0.0109
0.0109
0.0108
0.0111
0.0117
0.011
0.0123
0.0143
0.0104
0.0138
0.0124
0.0104
0.0107
0.0128
0.011
0.0118
0.0136
0.0111
0.0117
0.0122
0.014
0.0103
0.011
0.0109
0.0124
0.0152
0.0109
0.0126
0.0109
0.0112
0.0119
0.0119
0.0108
0.0122
0.0126
0.0088
0.0082
0.0113
0.012
0.0121
0.0122
0.0152
0.0102
0.0103
0.0092
0.0122
0.0104
0.0104
0.0073
0.0105
0.0101
0.0087
0.0104
0.0095
0.011
0.0154
0.0111
0.0097
0.0097
0.0112
0.0112
0.0109
0.0148
0.0119
0.011
0.0121
0.011
0.0141
0.0117
0.0168
0.0135
0.0114
0.0111
0.0119
0.0106
0.0124
0.0108
0.0121
0.011
0.0111
0.0119
0.0125
0.0149
0.0119
0.0115
0.0103
0.0108
0.01
0.0097
0.0109
0.0134
0.0168
0.0095
0.0112
0.012
0.0098
0.0128
0.0124
0.0141
0.0131
0.0092
0.0099
0.0104
0.0155
0.0149
0.0113
0.0086
0.0121
0.0091
0.0131
0.011
0.0105
0.0147
0.0132
0.0116
0.0133
0.0151
0.0116
0.0113
0.0134
0.0102
0.0126
0.0096
0.0107
0.0111
0.0095
0.0114
0.0113
0.0171
0.0133
0.0127
0.0178
0.01
0.0118
0.0108
0.0089
0.0084
0.0131
0.0106
0.0118
0.0116
0.0096
0.0097
0.0144
0.009
0.011
0.0119
0.0102
0.0112
0.0141
0.0461
0.0135
0.0124
0.0128
0.0112
0.0092
0.0084
0.0105
0.0077
0.0113
0.0123
0.0142
0.0104
0.0096
0.0117
0.0089
0.0142
0.0105
0.011
0.011
0.0121
0.0111
0.0108
0.0102
0.0118
0.0178
0.0104
0.0149
0.0103
0.0138
0.011
0.015
0.0117
0.011
0.0111
0.0124
0.0111
0.0112
0.011
0.0148
0.011
0.0125
0.0113
0.0113
0.0122
0.0111
0.0123
0.0111
0.0103
0.0113
0.0136
0.0122
0.0112
0.011
0.0123
0.0141
0.0133
0.0124
0.0114
0.0159
0.0139
0.0111
0.0109
0.012
0.0114
0.0109
0.0158
0.0108
0.0104
0.0144
0.0157
0.0105
0.0112
0.0115
0.0154
0.011
0.015
0.0112
0.0118
0.0105
0.0119
0.0103
0.0102
0.0123
0.0102
0.0109
0.0111
0.0118
0.0109
0.0106
0.011
0.0106
0.0115
0.0101
0.0096
0.0124
0.011
0.0089
0.009
0.0121
0.0136
0.0114
0.011
0.014
0.0119
0.0115
0.0109
0.0117
0.012
0.0092
0.0119
0.008
0.0131
0.0139
0.0109
0.0152
0.0141
0.0106
0.0143
0.0117
0.0142
0.0105
0.0115
0.0113
0.011
0.0111
0.0109
0.0094
0.0079

--------------------------
CreateVideoDecoder_D3D11_1
--------------------------
28.7429
25.6107
23.0809
11.5446

---------------------------
DestroyVideoDecoder_D3D11_1
---------------------------
15.3066
16.0201
65.009
0

---------------------
DxvaEncodeHEVC_Create
---------------------
28.5647
25.4487
22.9174

-----------------------
DxvaEncodeHEVC_EndFrame
-----------------------
0.0016
0.0014
0.0012
0.0012
0.0014
0.0008
0.0014
0.0009
0.0009
0.0018
0.0008
0.0009
0.0008
0.0021
0.0007
0.0009
0.0037
0.0007
0.0007
0.0038
0.0007
0.0009
0.0007
0.0008
0.001
0.0007
0.0009
0.0008
0.0042
0.0007
0.0007
0.0008
0.0008
0.0008
0.0008
0.0006
0.0006
0.0009
0.0008
0.0007
0.0008
0.0006
0.0032
0.0008
0.0006
0.0008
0.0006
0.0007
0.0008
0.0008
0.0008
0.0006
0.0007
0.0006
0.0007
0.0008
0.001
0.0007
0.0007
0.0009
0.0007
0.0009
0.0006
0.0041
0.0007
0.0006
0.0008
0.0006
0.0008
0.0006
0.0007
0.0007
0.0007
0.0006
0.0007
0.0008
0.0007
0.0008
0.0006
0.0008
0.0006
0.0005
0.0008
0.003
0.0007
0.0008
0.0006
0.0007
0.0006
0.0006
0.0005
0.0005
0.0006
0.0007
0.0036
0.0006
0.0006
0.0006
0.0007
0.0007
0.0006
0.0007
0.0007
0.0006
0.0006
0.0007
0.0008
0.0006
0.0006
0.0007
0.0006
0.0007
0.0005
0.0007
0.0007
0.0005
0.0005
0.0008
0.0008
0.0006
0.0007
0.0007
0.0008
0.0006
0.0009
0.0007
0.0009
0.0007
0.0006
0.0008
0.0006
0.0007
0.0008
0.0007
0.0007
0.0008
0.0007
0.0006
0.0006
0.0007
0.0007
0.0044
0.0006
0.0007
0.0009
0.0007
0.0007
0.0007
0.0008
0.0007
0.0009
0.0007
0.0012
0.0007
0.0032
0.001
0.0007
0.0007
0.0009
0.0008
0.0007
0.0007
0.0005
0.0008
0.0006
0.0007
0.0006
0.0008
0.0005
0.0007
0.0006
0.0007
0.0005
0.0007
0.0005
0.0005
0.0006
0.0009
0.0006
0.0007
0.0006
0.0007
0.0006
0.0007
0.0006
0.0006
0.0005
0.0005
0.001
0.0009
0.0009
0.0009
0.0009
0.0006
0.0008
0.0011
0.0007
0.0008
0.0007
0.0007
0.0006
0.0009
0.0007
0.0007
0.0006
0.0007
0.0006
0.0007
0.0006
0.0007
0.0005
0.0045
0.0006
0.0007
0.0006
0.0006
0.0006
0.0007
0.0005
0.0007
0.0006
0.0008
0.0006
0.0008
0.0006
0.0006
0.0006
0.0009
0.0005
0.0008
0.0007
0.0006
0.0007
0.0007
0.0006
0.0007
0.0006
0.0008
0.0005
0.0006
0.0006
0.0007
0.0006
0.0007
0.0005
0.0008
0.0006
0.0005
0.0007
0.0006
0.0006
0.0005
0.0006
0.0031
0.0005
0.0007
0.0005
0.0007
0.0006
0.0006
0.0005
0.0008
0.0006
0.0006
0.0005
0.0006
0.0007
0.0006
0.0006
0.0006
0.0007
0.0005
0.0005
0.0006
0.0005
0.0007
0.0005
0.0007
0.0005
0.0009
0.0006
0.0006
0.0005
0.0005
0.0005
0.0007
0.0006
0.0007
0.0005
0.0006
0.0005
0.0006
0.0005
0.0006
0.0006
0.0006
0.0006
0.0007
0.0006
0.0009
0.0006
0.0007
0.0005
0.0007
0.0005
0.0005
0.001
0.0006
0.0006
0.0009
0.0009
0.0007
0.0006
0.0007
0.0005
0.0005
0.0036
0.0007
0.0006
0.0007
0.0006
0.0005
0.0008
0.0008
0.0006
0.0007
0.0006
0.0007
0.0005
0.0006
0.0005
0.0007
0.0006
0.0007
0.0006
0.0006
0.0005
0.0008
0.0006
0.0007
0.0007
0.0005
0.0015
0.0006
0.0007
0.0007
0.0006
0.0006
0.0005
0.0006
0.0006
0.0005
0.0009
0.001
0.0007
0.0009
0.0009
0.0009
0.0006
0.0009
0.0006
0.001
0.0006
0.0006
0.0005
0.0006
0.0008
0.0005
0.0007
0.0009
0.001
0.0007
0.0006
0.0009
0.0006
0.0005
0.0008
0.0007
0.0007
0.001
0.0007
0.0007
0.0007
0.0009
0.0007
0.0008
0.0006
0.0007
0.0006
0.0007
0.0006
0.0006
0.0007
0.0006
0.0008
0.0007
0.0006
0.0009
0.0006
0.001
0.0007
0.001
0.0007
0.0009
0.0006
0.0009
0.0008
0.0006
0.0009
0.0008
0.0011
0.0006
0.0007
0.0008
0.0007
0.0009
0.0007
0.0008
0.0008
0.0007
0.0007
0.0007
0.0008
0.0006
0.0006
0.0007
0.0008
0.0008
0.0007
0.0008
0.0006
0.001
0.0008
0.0012
0.0007
0.0007
0.0007
0.001
0.0007
0.0009
0.0008
0.0013
0.001
0.0009
0.0007
0.0008
0.0033
0.0008
0.0034
0.0009
0.0012
0.0008
0.0008
0.0006
0.0011
0.0007
0.0008
0.0007
0.0008
0.0008
0.0007
0.0007
0.0009
0.001
0.0011
0.0008
0.0007
0.0007
0.0007
0.0007
0.0012
0.0008
0.0009
0.0008
0.0079
0.0008
0.0007
0.0006
0.0029
0.0005
0.0007
0.0007
0.0008
0.0007
0.0007
0.0007
0.0007
0.0007
0.0008
0.0007
0.0005
0.0005
0.0008
0.0006
0.001
0.0007
0.0006
0.0006
0.0006
0.0005
0.0006
0.0006
0.0006
0.0006
0.0008
0.0006
0.0005
0.0006
0.0006
0.0006
0.0006
0.0005
0.0007
0.0006
0.0006
0.0007
0.0005
0.0005
0.0008
0.0006
0.0008
0.0005
0.0008
0.0006
0.0006
0.0007
0.0006
0.0007
0.001
0.0005
0.0007
0.0006
0.0007
0.0005
0.0008
0.0006
0.0005
0.0006
0.0007
0.0007
0.0006
0.0006
0.0006
0.0006
0.0006
0.0006
0.0007
0.0006
0.0006
0.0005
0.0007
0.0005
0.0008
0.0006
0.0007
0.0006
0.0005
0.0005
0.0008
0.0006
0.0006
0.0006
0.0006
0.0009
0.0006
0.0029
0.0007
0.0009
0.0009
0.0005
0.0009
0.0005
0.0009
0.0007
0.0005
0.0007
0.0007
0.0007
0.0006
0.0006
0.0007
0.0006
0.0005
0.0006
0.0006
0.0006
0.0008
0.0006
0.0009
0.0005
0.0006
0.0006
0.0007
0.0007
0.0007
0.0006
0.0007
0.0007
0.0011
0.0008

----------------------
DxvaEncodeHEVC_Execute
----------------------
0.005
0.0013
27.6144
19.546
4.7893
18.7423
4.8631
0.6962
4.9574
0.8332
0.875
0.6555
0.9989
0.6083
0.9683
0.5789
0.0733
0.6054
0.5837
0.0242
0.6767
0.0242
0.5086
0.0191
0.5395
0.0194
0.504
0.0314
0.7648
0.0292
0.9437
0.0249
0.4998
0.0323
0.7264
0.0288
0.5684
0.0171
0.6623
0.0264
0.4987
0.0304
0.6111
0.0241
0.5004
0.0175
0.6331
0.0173
0.5954
0.0242
0.5318
0.0226
0.4994
0.0212
0.5248
0.0165
0.7129
0.0196
0.5242
0.0169
0.4616
0.0188
0.526
0.0229
0.4926
0.0215
0.595
0.0192
0.5072
0.0166
0.4806
0.0153
0.4939
0.0131
0.5344
0.0259
0.5136
0.0222
0.4887
0.018
0.5117
0.0279
0.5265
0.0155
0.4908
0.0223
0.4774
0.0206
0.5335
0.0248
0.5042
0.0203
0.5551
0.035
0.5351
0.0173
0.5107
0.0211
0.5453
0.0235
0.5004
0.0245
0.55
0.0211
0.473
0.0326
0.5367
0.0215
0.497
0.025
0.4812
0.0199
0.5007
0.0231
0.5167
0.0231
0.4764
0.027
0.5106
0.026
0.4607
0.0252
0.5223
0.0259
0.4579
0.021
0.5274
0.0221
0.4536
0.0183
0.4488
0.0213
0.5299
0.0208
0.4827
0.0323
0.5486
0.0238
0.4692
0.0206
0.5242
0.0247
0.47
0.0197
0.4821
0.0189
0.4674
0.0188
0.5414
0.0161
0.4993
0.0242
0.5239
0.0306
0.4674
0.0195
0.4902
0.0196
0.4687
0.0204
0.463
0.015
0.4505
0.0143
0.5754
0.0187
0.461
0.019
0.5641
0.0176
0.4704
0.0204
0.4312
0.0151
0.5673
0.0242
0.4709
0.0217
0.4828
0.0201
0.4397
0.0186
0.5337
0.0198
0.465
0.0229
0.4496
0.0156
0.4549
0.0179
0.4587
0.0196
0.5205
0.0244
0.4365
0.0135
0.4659
0.0326
0.4915
0.0208
0.4871
0.0187
0.4703
0.02
0.4609
0.0205
0.4718
0.0187
0.4584
0.0182
0.479
0.0227
0.5709
0.0235
0.4643
0.0314
0.4892
0.0194
0.4555
0.0194
0.5477
0.0257
0.4923
0.0247
0.5703
0.0241
0.4776
0.0237
0.4769
0.0197
0.4896
0.014
0.4492
0.0152
0.5124
0.0176
0.5216
0.0159
0.47
0.0263
0.424
0.0166
0.4972
0.0161
0.4955
0.0218
0.5375
0.0274
0.4834
0.0204
0.5256
0.0337
0.5455
0.0234
0.514
0.0173
0.4562
0.022
0.509
0.0226
0.5076
0.0175
0.5186
0.0391
0.5466
0.0277
0.5017
0.025
0.568
0.0271
0.515
0.0239
0.5212
0.0247
0.5411
0.0296
0.4779
0.0213
0.4641
0.0223
0.5648
0.0244
0.482
0.0247
0.5372
0.0208
0.4629
0.0187
0.575
0.0228
0.4715
0.0139
0.5278
0.0137
0.4736
0.0149
0.5072
0.0212
0.4779
0.0164
0.5944
0.0253
0.5503
0.0207
0.7098
0.0212
0.6123
0.015
0.6012
0.0189
0.5642
0.018
0.5819
0.0202
0.6254
0.0192
0.5361
0.0175
0.5001
0.0222
0.5262
0.0173
0.4864
0.0134
0.4419
0.0121
0.5723
0.0199
0.5694
0.02
0.4908
0.0216
0.5054
0.0195
0.4962
0.0245
0.5427
0.0267
0.4555
0.024
0.543
0.0215
0.4623
0.0206
0.5277
0.0192
0.4921
0.0204
0.54
0.0236
0.4945
0.0164
0.4962
0.0198
0.5735
0.025
0.4753
0.0239
0.5498
0.0199
0.4935
0.0228
0.4653
0.0192
0.45
0.0162
0.4905
0.0239
0.5391
0.0173
0.4552
0.0252
0.5563
0.0191
0.4411
0.0165
0.4897
0.0342
0.5939
0.0165
0.5557
0.019
0.5075
0.0328
0.5122
0.0162
0.4848
0.0177
0.6394
0.0298
0.5307
0.0264
0.5158
0.0211
0.5093
0.0256
0.5578
0.0224
0.5009
0.0244
0.7241
0.0214
0.5317
0.0256
0.5134
0.0254
0.567
0.0426
0.4726
0.0293
0.4962
0.0193
0.476
0.0202
0.5199
0.0243
0.4673
0.0203
0.5094
0.0238
0.4697
0.0163
0.4851
0.02
0.5421
0.0267
0.4534
0.026
0.5238
0.0182
0.4611
0.0227
0.5422
0.0193
0.4696
0.0229
0.5429
0.0193
0.4785
0.025
0.5053
0.0124
0.4943
0.0219
0.5641
0.0248
0.484
0.0361
0.4488
0.0148
0.5564
0.0256
0.4683
0.0203
0.5166
0.0215
0.5509
0.025
0.4906
0.0332
0.4899
0.0191
0.5095
0.0133
0.4502
0.0148
0.4958
0.0197
0.4717
0.0196
0.5254
0.02
0.4704
0.0188
0.5387
0.0197
0.4744
0.0201
0.4375
0.0153
0.4278
0.0171
0.4706
0.0177
0.5225
0.0237
0.5003
0.027
0.5769
0.0241
0.4637
0.0203
0.5589
0.0231
0.4439
0.0205
0.5702
0.0227
0.4629
0.0152
0.4796
0.0201
0.4455
0.0142
0.5095
0.0243
0.4469
0.0203
0.5462
0.0214
0.4453
0.021
0.5762
0.0236
0.4781
0.0254
0.458
0.0146
0.444
0.032
0.5337
0.0224
0.4834
0.021
0.5106
0.0237
0.4689
0.026
0.5874
0.0241
0.4803
0.0251
0.5288
0.0337
0.4782
0.0241
0.5736
0.0175
0.47
0.0321
0.4422
0.0145
0.478
0.0173
0.5154
0.0367
0.491
0.021
0.4955
0.0233
0.4618
0.0275
0.5226
0.0214
0.4942
0.0303
0.4994
0.0232
0.5368
0.0197
0.5098
0.0247
0.4692
0.0195
0.5586
0.0232
0.4509
0.0151
0.4669
0.0206
0.5036
0.0225
0.4764
0.0249
0.5456
0.024
0.4737
0.025
0.5629
0.0229
0.4592
0.0195
0.5602
0.0244
0.4547
0.0195
0.512
0.0216
0.4702
0.0247
0.4475
0.0147
0.5153
0.0431
0.4569
0.5501
0.0243
0.489
0.0258
0.432
0.0157
0.5102
0.0239
0.4667
0.0244
0.5749
0.0244
0.4721
0.0247
0.4476
0.0146
0.4719
0.0203
0.4659
0.0186
0.4767
0.0305
0.4972
0.023
0.4753
0.0209
0.5555
0.0229
0.4504
0.0231
0.5526
0.0239
0.4588
0.0201
0.4571
0.0224
0.5339
0.0188
0.4522
0.0214
0.5474
0.0214
0.482
0.0381
0.4541
0.0155
0.4318
0.0143
0.5964
0.0254
0.4758
0.0245
0.5828
0.0243
0.4685
0.0249
0.4556
0.0146
0.494
0.0194
0.4421
0.0179
0.4901
0.0238
0.4663
0.02
0.5142
0.0194
0.465
0.0252
0.56
0.0238
0.4765
0.0247
0.4445
0.0145
0.5124
0.0201
0.475
0.0254
0.5651
0.0233
0.4608
0.0204
0.4975
0.0237
0.4461
0.0224
0.544
0.0233
0.4884
0.0158
0.4829
0.0358
0.5712
0.0242
0.48
0.0253
0.4678
0.0201
0.4595
0.0203
0.4346
0.0118
0.42
0.0135
0.4466
0.0134
0.5393
0.0375
0.5714
0.0284
0.4625
0.014
0.5508
0.0345
0.5272
0.0189
0.6273
0.0224
0.5072
0.0169
0.5209
0.0243
0.4372
0.0302
0.5932
0.0252
0.4481
0.0127
0.47
0.0177
0.4545
0.0145
0.4541
0.0232
0.6441
0.0299
0.4805
0.0183
0.5133
0.0317
0.6101
0.0239
0.6281
0.0209
0.456
0.0149
0.4287
0.0128
0.5713
0.0252
0.4581
0.0159
0.4463
0.0124
0.6357
0.0199
0.4603
0.0333
0.5045
0.0338
0.5623
0.0213
0.5566
0.0411
0.5309
0.0238
0.4998
0.0219
0.5138
0.0261
0.5168
0.0248
0.4593
0.0212
0.5567
0.0244
0.4708
0.0233
0.4744
0.0203
0.4803
0.019
0.4555
0.0219
0.4593
0.0227
0.5138
0.0238
0.4481
0.0202
0.5359
0.024
0.4589
0.0204
0.5561
0.0239
0.4582
0.0207
0.5546
0.0239
0.646
0.0217
0.5658
0.0139
0.6389
0.0192
0.4992
0.0219
0.5331
0.0232
0.444
0.0163
0.498
0.0211
0.7767
0.0234
0.5605
0.0145
0.5998
0.0352
0.5867
0.0283
0.6724
0.0247
0.4947
0.0149
0.5929
0.0266
0.6525
0.0232
0.6205
0.033
0.6599
0.0237
0.5567
0.02
0.5783
0.0212
0.5736
0.0236
0.5317
0.0177
0.474
0.0178
0.5699
0.0171
0.5671
0.0199
0.4946
0.0151
0.5157
0.0133
0.4769
0.015
0.5679
0.0223
0.6796
0.0218
0.536
0.0198
0.5531
0.0158
0.4815
0.0154
0.5859
0.0175
0.5712
0.0207
0.6203
0.0426
0.486
0.0141
0.5703
0.0152
0.5586
0.0239
0.5814
0.0187
0.5848
0.0251
0.6325
0.0278
0.6164
0.0231
0.7199
0.0194
0.5197
0.0176
0.6108
0.0206
0.5618
0.0143
0.5272
0.0153
0.6899
0.0189
0.5209
0.0143
0.5725
0.0287
0.6108
0.0194
0.9016
0.0315
0.5295
0.0158
0.5281
0.022
0.5769
0.0198
0.6498
0.0276
0.4452
0.0159
0.5989
0.0277
0.5653
0.0198
0.4993
0.0198
0.5136
0.0158
0.5376
0.0166
0.5459
0.0232
0.5058
0.0177
0.4838
0.0185
0.5842
0.0312
0.6286
0.0242
0.5004
0.0165
0.494
0.0145
0.502
0.0182
0.5354
0.0184
0.5244
0.0226
0.4796
0.0157
0.5297
0.0227
0.4967
0.0218
0.5134
0.0275
0.4677
0.0181
0.5171
0.0327
0.4644
0.0272
0.5888
0.0193
0.4978
0.0248
0.4891
0.0213
0.4619
0.0204
0.456
0.0204
0.4759
0.0322
0.4537
0.0311
0.4704
0.0151
0.5035
0.0212
0.4586
0.023
0.5732
0.0242
0.4783
0.0253
0.4509
0.0145
0.4335
0.0143
0.587
0.0243
0.4699
0.0147
0.4986
0.0239
0.4825
0.0236
0.4644
0.0167
0.4839
0.0195
0.4539
0.0198
0.4747
0.0192
0.4697
0.0198
0.5154
0.0236
0.4601
0.02
0.5628
0.0246
0.4732
0.0242
0.4373
0.0176
0.4327
0.0144
0.5676
0.0239
0.4747
0.0231
0.4781
0.0204
0.4698
0.0232
0.5319
0.0195
0.5082
0.0216
0.4905
0.0378
0.5282
0.017
0.4912
0.0426
0.4824
0.0302
0.5169
0.0168
0.4489
0.0182
0.4534
0.0148
0.5543
0.022
0.4596
0.0379
0.5809
0.0244
0.4804
0.0252
0.4634
0.0147
0.4941
0.021
0.4937
0.0237
0.5308
0.0227
0.4828
0.0248
0.4838
0.0255
0.4587
0.0184
0.5835
0.0242
0.4841
0.0359
0.4901
0.0282
0.4621
0.0199
0.5622
0.0237
0.4606
0.015
0.4653
0.021
0.4754
0.0202
0.4881
0.017
0.4715
0.0199
0.4582
0.0193
0.4584
0.0187
0.4673
0.0178
0.5045
0.0176
0.4653
0.0142
0.4717
0.0197
0.4777
0.019
0.4608
0.0204
0.5197
0.0215
0.4447
0.0201
0.5078
0.0169
0.4623
0.025
0.5057
0.0193
0.447
0.0214
0.5612
0.0252
0.4713
0.0319
0.4808
0.019
0.4638
0.0229
0.5602
0.0236
0.4614
0.0213
0.475
0.0212
0.4934
0.0199
0.856
0.0327
0.5371
0.0172
0.4664
0.02
0.5585
0.0238
0.5654
0.0229
0.5757
0.021
0.4573
0.017
0.5073
0.0223
0.4513
0.0197
0.5066
0.021
0.4608
0.0192
0.4328
0.0144
0.5881
0.0441
0.4909
0.0212
0.5352
0.0176
0.4909
0.0198
0.5109
0.0189
0.5559
0.0407
0.4824
0.0348
0.4454
0.0148
0.4804
0.02
0.4612
0.0199
0.5361
0.0196
0.4752
0.0234
0.4324
0.0146
0.488
0.0195
0.4636
0.0201
0.4848
0.0167
0.45
0.0225
0.5575
0.0191
0.4608
0.0199
0.5549
0.0194
0.4722
0.0251
0.5498
0.0227
0.537
0.0178
0.4689
0.0182
0.5348
0.0356
0.0175

----------------
First Frame Time
----------------
180.824

----------------------
HEVC_QueryStatusReport
----------------------
4.786
4.8606
4.9549
0.8734
0.9973
0.9669
0.07
0.0193
0.0229
0.0179
0.0177
0.0297
0.0252
0.0235
0.0307
0.0267
0.0158
0.0247
0.0287
0.0226
0.0162
0.0133
0.0225
0.0214
0.0195
0.0151
0.018
0.0156
0.0172
0.0183
0.0199
0.0179
0.0154
0.0138
0.0119
0.0246
0.0211
0.0168
0.0224
0.0145
0.0211
0.0191
0.0235
0.0191
0.0336
0.016
0.0197
0.0224
0.0233
0.02
0.0314
0.0204
0.0236
0.019
0.022
0.0219
0.0257
0.0244
0.0241
0.0244
0.0198
0.0207
0.017
0.0203
0.0195
0.0311
0.0226
0.0193
0.0201
0.0185
0.0177
0.0178
0.0148
0.0229
0.029
0.0182
0.0185
0.0188
0.0138
0.0131
0.0174
0.0176
0.0162
0.0185
0.0138
0.0229
0.0205
0.0189
0.0174
0.0178
0.0218
0.0145
0.0166
0.0181
0.0232
0.0124
0.0316
0.0195
0.0174
0.0187
0.0193
0.0177
0.0171
0.0186
0.0222
0.0305
0.0181
0.0182
0.0246
0.0235
0.0229
0.0225
0.0184
0.0128
0.0142
0.0162
0.0146
0.0251
0.0155
0.0147
0.0203
0.0262
0.0191
0.0327
0.0219
0.0162
0.0208
0.0213
0.0163
0.038
0.0263
0.0238
0.0259
0.0225
0.0233
0.0283
0.0198
0.0189
0.0232
0.0234
0.0197
0.0176
0.0213
0.0128
0.0126
0.0137
0.0196
0.015
0.0239
0.0195
0.0193
0.0138
0.0172
0.0164
0.0185
0.0179
0.0162
0.0209
0.0162
0.0123
0.0111
0.0186
0.0186
0.0203
0.0183
0.0232
0.0253
0.0229
0.0203
0.0194
0.018
0.0191
0.0224
0.0152
0.0186
0.0237
0.0225
0.0185
0.0216
0.0179
0.0129
0.0227
0.0161
0.0239
0.0179
0.0155
0.0326
0.015
0.0177
0.0312
0.0148
0.0163
0.0284
0.025
0.0199
0.0244
0.0212
0.0228
0.0202
0.0243
0.0239
0.0415
0.0279
0.0182
0.0189
0.023
0.0192
0.0227
0.0152
0.0187
0.0256
0.0248
0.017
0.0212
0.0181
0.0217
0.0183
0.0239
0.0113
0.0207
0.0234
0.0348
0.0137
0.0244
0.0191
0.0202
0.0239
0.0322
0.018
0.0122
0.0136
0.0184
0.0183
0.0189
0.0178
0.0184
0.019
0.0143
0.016
0.0166
0.0223
0.0258
0.0228
0.0193
0.0218
0.0194
0.0216
0.0142
0.0188
0.0132
0.0228
0.0191
0.0203
0.0196
0.0223
0.0239
0.0135
0.0307
0.0212
0.0189
0.0226
0.0224
0.0227
0.0238
0.0323
0.023
0.0163
0.0311
0.0134
0.0162
0.0356
0.0194
0.0222
0.0264
0.0202
0.0291
0.022
0.0187
0.0234
0.0184
0.0222
0.014
0.0192
0.0214
0.0237
0.0229
0.0239
0.0217
0.0185
0.0231
0.0185
0.0204
0.0235
0.0135
0.0416
0.0233
0.0246
0.0146
0.0227
0.023
0.0231
0.0234
0.0134
0.0191
0.0176
0.0293
0.0215
0.0197
0.0217
0.0218
0.0228
0.0169
0.0213
0.0177
0.0203
0.0203
0.0369
0.0143
0.0132
0.0241
0.0233
0.0231
0.0238
0.0135
0.0183
0.0166
0.0227
0.0189
0.0182
0.024
0.0227
0.0236
0.0135
0.019
0.0242
0.0222
0.0191
0.0226
0.0213
0.022
0.0128
0.0342
0.0229
0.024
0.0189
0.0192
0.0109
0.0123
0.0123
0.0355
0.025
0.0129
0.0327
0.0174
0.0204
0.0156
0.0231
0.0292
0.0239
0.0116
0.0166
0.0136
0.0221
0.0282
0.0172
0.0305
0.0224
0.0194
0.0139
0.0118
0.0238
0.014
0.0115
0.0184
0.031
0.0328
0.0195
0.0396
0.0227
0.0206
0.0247
0.0235
0.0196
0.0233
0.0222
0.019
0.0178
0.0207
0.0214
0.0224
0.0191
0.0226
0.0189
0.0228
0.0193
0.0225
0.02
0.0128
0.0175
0.0205
0.0219
0.0147
0.0199
0.0219
0.0132
0.0334
0.0271
0.023
0.0138
0.0254
0.0215
0.0318
0.0219
0.0183
0.0198
0.0224
0.0164
0.0165
0.0155
0.0187
0.0131
0.0115
0.0139
0.0183
0.0203
0.0187
0.0146
0.0143
0.0159
0.0195
0.0409
0.013
0.0141
0.0208
0.0174
0.0214
0.0265
0.0218
0.0173
0.016
0.0188
0.0132
0.0141
0.0171
0.0132
0.024
0.0176
0.0297
0.0145
0.0205
0.0187
0.0242
0.0146
0.0243
0.0181
0.018
0.0145
0.0154
0.0215
0.0165
0.017
0.0293
0.0216
0.0154
0.0129
0.0167
0.0148
0.0206
0.0144
0.0215
0.0191
0.0256
0.0147
0.0294
0.026
0.0181
0.0237
0.0201
0.0192
0.0193
0.0312
0.03
0.0139
0.0199
0.0217
0.023
0.0241
0.0131
0.0131
0.023
0.0137
0.0225
0.0222
0.0156
0.0182
0.0186
0.0183
0.0187
0.0225
0.0189
0.0233
0.0229
0.0165
0.0134
0.0227
0.0221
0.0193
0.022
0.0183
0.0204
0.0369
0.0158
0.0415
0.0293
0.0156
0.0171
0.0127
0.0208
0.034
0.0232
0.0241
0.0135
0.0197
0.0224
0.0216
0.0235
0.0242
0.0172
0.0229
0.0347
0.0206
0.0186
0.0226
0.0139
0.0197
0.0191
0.0158
0.0187
0.018
0.0176
0.0166
0.0165
0.0132
0.0185
0.0178
0.0192
0.0204
0.0189
0.0158
0.0238
0.0183
0.0202
0.0231
0.0308
0.0179
0.0217
0.0224
0.0201
0.02
0.0188
0.0314
0.0161
0.0189
0.0225
0.0215
0.0197
0.0158
0.021
0.0187
0.0197
0.018
0.0131
0.0428
0.0197
0.0161
0.0189
0.0178
0.0397
0.0338
0.0136
0.0187
0.0188
0.0183
0.0221
0.0134
0.0184
0.0188
0.0156
0.0213
0.018
0.0187
0.0183
0.0239
0.0215
0.0167
0.0169
0.0344
0.0157

--------------------------------------
VideoDecoderBeginFrame_WDDM2_4_D3D11_1
--------------------------------------
0.0089
0.003
0.0026
0.0058
0.0086
0.0048
0.0034
0.0032
0.0032
0.0033
0.0036
0.0031
0.003
0.003
0.0025
0.0032
0.0059
0.0033
0.0034
0.0075
0.0028
0.0023
0.0028
0.0028
0.0035
0.0027
0.0027
0.0034
0.0043
0.0022
0.0237
0.0023
0.0033
0.0034
0.0029
0.0035
0.0066
0.0026
0.0029
0.0024
0.0021
0.0022
0.0079
0.0029
0.0021
0.002
0.0042
0.0019
0.0024
0.0022
0.0018
0.0021
0.0022
0.0024
0.0019
0.0021
0.0022
0.0021
0.0019
0.002
0.0028
0.0025
0.0021
0.0034
0.0023
0.0047
0.0032
0.0044
0.0039
0.0049
0.0041
0.0041
0.0034
0.0041
0.0045
0.0046
0.0041
0.0035
0.0035
0.0036
0.0038
0.0032
0.0039
0.0035
0.0038
0.0039
0.0045
0.0031
0.0049
0.0039
0.0043
0.004
0.004
0.0037
0.0054
0.0026
0.0039
0.004
0.0042
0.004
0.0034
0.0038
0.0036
0.0031
0.0038
0.0032
0.0038
0.0041
0.0029
0.0024
0.0039
0.004
0.0038
0.0047
0.0074
0.0042
0.0038
0.0031
0.004
0.003
0.0038
0.0078
0.0038
0.005
0.0034
0.0065
0.0033
0.0039
0.0035
0.0043
0.0036
0.004
0.0025
0.0037
0.003
0.0027
0.0033
0.0027
0.0025
0.0041
0.0039
0.0054
0.0044
0.0047
0.0037
0.0029
0.003
0.0036
0.0028
0.0035
0.0033
0.0032
0.003
0.0036
0.0036
0.0043
0.0037
0.0038
0.0029
0.0036
0.003
0.0036
0.0032
0.0033
0.0021
0.004
0.0026
0.0035
0.0037
0.0044
0.0033
0.0034
0.0041
0.004
0.0033
0.0041
0.0034
0.0034
0.0032
0.0042
0.0043
0.0036
0.0044
0.0041
0.0035
0.0041
0.0035
0.0036
0.0038
0.0032
0.0036
0.0052
0.0028
0.003
0.0034
0.0038
0.003
0.0029
0.0024
0.0023
0.0036
0.0035
0.0035
0.0027
0.0026
0.004
0.0033
0.0037
0.0039
0.0036
0.0029
0.0053
0.0039
0.004
0.0033
0.0038
0.0034
0.0036
0.0038
0.004
0.004
0.0042
0.0032
0.004
0.0043
0.0034
0.0033
0.0045
0.0036
0.004
0.003
0.0045
0.003
0.0039
0.004
0.0039
0.0039
0.0037
0.0062
0.0039
0.0062
0.0031
0.0028
0.0027
0.0021
0.0023
0.0024
0.0037
0.0063
0.0039
0.0044
0.0041
0.0038
0.0069
0.0042
0.004
0.0039
0.0038
0.0039
0.0043
0.0037
0.0033
0.0041
0.0038
0.0033
0.0046
0.0036
0.0047
0.0034
0.0047
0.0032
0.0022
0.0034
0.0033
0.0038
0.0034
0.0043
0.0031
0.004
0.0044
0.0045
0.0049
0.0044
0.0037
0.0049
0.0042
0.0033
0.004
0.0043
0.0041
0.004
0.0041
0.0068
0.0044
0.0039
0.0038
0.0048
0.0044
0.0062
0.0036
0.0047
0.0043
0.004
0.0043
0.0043
0.0042
0.0043
0.0039
0.0041
0.003
0.0104
0.0041
0.0037
0.0041
0.0036
0.0045
0.0048
0.0036
0.0039
0.0036
0.0039
0.0041
0.0038
0.0034
0.0048
0.0046
0.0038
0.0043
0.0041
0.0038
0.0036
0.0046
0.0037
0.0039
0.0045
0.0044
0.0045
0.0038
0.0038
0.0043
0.0037
0.0039
0.004
0.0035
0.0035
0.0042
0.0031
0.0043
0.0043
0.0038
0.0039
0.0035
0.0041
0.0029
0.0029
0.0038
0.0034
0.0029
0.0038
0.0038
0.0042
0.004
0.0036
0.0028
0.0019
0.002
0.0039
0.0024
0.0024
0.0018
0.0029
0.008
0.0023
0.0052
0.003
0.0044
0.0045
0.0047
0.0025
0.0018
0.0039
0.0032
0.0054
0.0038
0.0037
0.0044
0.0041
0.0032
0.0041
0.0047
0.0055
0.0041
0.004
0.0032
0.0043
0.0033
0.0043
0.0034
0.0044
0.0035
0.0074
0.004
0.005
0.0038
0.0063
0.0033
0.0032
0.0034
0.0031
0.0032
0.0024
0.004
0.006
0.0035
0.0031
0.0026
0.0027
0.0031
0.0035
0.0026
0.0028
0.0027
0.0031
0.0022
0.0033
0.0041
0.0033
0.0028
0.0038
0.0026
0.0043
0.0037
0.0036
0.004
0.003
0.0035
0.0032
0.0039
0.0056
0.0036
0.0035
0.0033
0.0037
0.0033
0.0031
0.0032
0.003
0.0038
0.0028
0.0039
0.0048
0.0034
0.0068
0.0031
0.0029
0.0035
0.0032
0.0028
0.0033
0.0079
0.0032
0.0034
0.0029
0.0041
0.0042
0.0035
0.0025
0.0024
0.003
0.0038
0.0039
0.0031
0.0033
0.0028
0.006
0.0024
0.0022
0.0021
0.0022
0.002
0.0031
0.0039
0.0042
0.0041
0.0028
0.0028
0.0029
0.0038
0.004
0.0036
0.0043
0.0046
0.004
0.0035
0.0028
0.0036
0.0045
0.0043
0.0043
0.0038
0.0041
0.0037
0.0038
0.0046
0.0037
0.0042
0.0044
0.0039
0.004
0.0044
0.0045
0.0036
0.0044
0.0038
0.0037
0.0047
0.0045
0.0044
0.0039
0.0042
0.004
0.0038
0.004
0.0036
0.0035
0.0043
0.0041
0.0038
0.0046
0.0037
0.0047
0.0038
0.0037
0.0043
0.0038
0.0037
0.0035
0.0048
0.004
0.0031
0.0046
0.0053
0.0042
0.0041
0.0038
0.0054
0.004
0.0039
0.0039
0.0038
0.0029
0.0045
0.003
0.0036
0.0043
0.0035
0.0035
0.0048
0.0044
0.0036
0.0033
0.0155
0.0031
0.0038
0.0054
0.0024
0.0037
0.0035
0.0062
0.0038
0.0031
0.0038
0.0039
0.0038
0.0047
0.0038
0.0032
0.0036
0.0043
0.0038
0.0029
0.0039
0.0024
0.0043
0.0043
0.0041
0.0037
0.004
0.0041
0.0043
0.0035
0.0045
0.0033
0.0039
0.0063
0.0038
0.0035
0.0041
0.0028
0.0017

----------------------------
VideoDecoderEndFrame_D3D11_1
----------------------------
0.0378
0.0574
0.0878
0.0042
0.1033
0.004
0.0895
0.0033
0.0701
0.0041
0.092
0.0044
0.0835
0.0058
0.0858
0.0032
0.0029
0.09
0.0528
0.0047
0.0975
0.0038
0.0857
0.0031
0.0734
0.003
0.0603
0.0031
0.0645
0.0038
0.0629
0.0052
0.0029
0.0605
0.0053
0.072
0.0029
0.0706
0.0025
0.0663
0.0062
0.0618
0.0043
0.0557
0.0029
0.0671
0.0023
0.063
0.0037
0.0635
0.0031
0.068
0.0027
0.0932
0.0025
0.0636
0.0028
0.0583
0.0067
0.0753
0.0029
0.0592
0.0025
0.0655
0.0027
0.0691
0.0027
0.0666
0.0035
0.0671
0.0026
0.0586
0.0026
0.0561
0.0024
0.0665
0.0031
0.0588
0.0028
0.0694
0.003
0.0594
0.0026
0.0675
0.0022
0.0612
0.0051
0.0711
0.0027
0.0623
0.0029
0.0683
0.0027
0.0622
0.0068
0.0645
0.0023
0.0591
0.0027
0.0634
0.0022
0.0614
0.0025
0.0597
0.0021
0.0023
0.0602
0.0593
0.0022
0.0668
0.0022
0.059
0.0024
0.0623
0.0031
0.0578
0.003
0.0638
0.003
0.0626
0.0052
0.0643
0.0023
0.061
0.0051
0.0665
0.0021
0.064
0.0059
0.0626
0.0023
0.0662
0.0017
0.063
0.0022
0.072
0.0043
0.0621
0.0021
0.061
0.0018
0.0754
0.0019
0.0625
0.0019
0.0704
0.002
0.0609
0.0018
0.0709
0.0022
0.0635
0.0023
0.0595
0.0024
0.0736
0.0021
0.0641
0.0019
0.0715
0.002
0.0626
0.0018
0.0711
0.0017
0.0617
0.0023
0.0688
0.0044
0.063
0.0024
0.0611
0.002
0.0633
0.002
0.0628
0.0021
0.07
0.0018
0.0629
0.0019
0.0682
0.0017
0.0648
0.0018
0.0745
0.0019
0.0021
0.0704
0.0621
0.0049
0.068
0.0019
0.0608
0.0019
0.0643
0.0019
0.062
0.0022
0.0755
0.0023
0.0614
0.0019
0.0686
0.0022
0.0593
0.0019
0.0746
0.0022
0.0619
0.0018
0.0752
0.0045
0.0644
0.0025
0.0019
0.0652
0.0621
0.0019
0.063
0.002
0.0658
0.0021
0.0624
0.002
0.0685
0.0018
0.0707
0.002
0.0601
0.0019
0.0648
0.0018
0.0669
0.0017
0.0617
0.0027
0.0627
0.0026
0.0659
0.0023
0.0658
0.0021
0.0664
0.0022
0.0631
0.0024
0.0649
0.002
0.068
0.0027
0.0613
0.0019
0.0645
0.0029
0.0612
0.0029
0.0723
0.0021
0.0618
0.0026
0.0734
0.0018
0.0608
0.0022
0.0656
0.0033
0.0608
0.0026
0.0625
0.0024
0.0671
0.0033
0.0644
0.0023
0.0639
0.0026
0.0626
0.0019
0.0709
0.002
0.0664
0.0022
0.0626
0.0057
0.0647
0.0019
0.0617
0.0022
0.0624
0.0032
0.089
0.0023
0.0669
0.0024
0.0596
0.0025
0.0703
0.0025
0.0697
0.0021
0.0664
0.0032
0.0631
0.0032
0.0637
0.0037
0.0773
0.0025
0.0721
0.0054
0.0806
0.0029
0.0649
0.0026
0.0819
0.0076
0.061
0.003
0.0594
0.0026
0.0928
0.0029
0.0627
0.0024
0.0018
0.0603
0.0588
0.0029
0.063
0.0025
0.0741
0.0022
0.0668
0.0019
0.0706
0.0022
0.0637
0.0018
0.0598
0.0019
0.0746
0.0019
0.0636
0.0019
0.0646
0.0018
0.0724
0.0032
0.0613
0.0019
0.0658
0.0019
0.0638
0.0021
0.0706
0.0026
0.0609
0.0019
0.0669
0.0021
0.0682
0.002
0.0603
0.0019
0.0711
0.0017
0.0609
0.002
0.069
0.0018
0.0576
0.0019
0.0721
0.0019
0.0813
0.0019
0.0862
0.003
0.068
0.003
0.0801
0.0029
0.071
0.003
0.0623
0.003
0.0605
0.0024
0.0644
0.0029
0.0686
0.0037
0.0595
0.0027
0.0606
0.0027
0.0612
0.0024
0.0833
0.0029
0.0634
0.0023
0.0685
0.0031
0.0587
0.0026
0.0682
0.002
0.0609
0.0018
0.0639
0.002
0.075
0.002
0.0628
0.0026
0.0646
0.0019
0.0029
0.0659
0.0658
0.0019
0.0705
0.0084
0.0664
0.0019
0.0639
0.0019
0.0715
0.002
0.0609
0.0019
0.069
0.0019
0.0622
0.0019
0.0689
0.0017
0.063
0.002
0.0656
0.0018
0.0694
0.003
0.0619
0.002
0.0628
0.0021
0.0674
0.0019
0.0622
0.0021
0.0708
0.0019
0.0602
0.0024
0.0679
0.0022
0.0647
0.0022
0.0625
0.0021
0.065
0.0022
0.0639
0.0019
0.0684
0.002
0.0651
0.0019
0.0651
0.002
0.0633
0.0054
0.0733
0.0021
0.0638
0.0018
0.0658
0.0051
0.0609
0.0023
0.0626
0.0026
0.0623
0.0021
0.0592
0.0024
0.0635
0.0021
0.0608
0.002
0.0684
0.0019
0.061
0.0044
0.0697
0.0019
0.0719
0.0018
0.0617
0.0021
0.0679
0.0018
0.0748
0.0021
0.0602
0.0043
0.0691
0.0019
0.0591
0.0019
0.0707
0.0019
0.0595
0.0021
0.0609
0.0018
0.0708
0.0018
0.059
0.002
0.0708
0.0028
0.0642
0.0019
0.0611
0.0019
0.0704
0.0018
0.0704
0.0021
0.0628
0.0021
0.0629
0.0019
0.0701
0.002
0.0024
0.0662
0.0601
0.0019
0.0725
0.002
0.059
0.0018
0.073
0.0024
0.0618
0.0019
0.0702
0.002
0.061
0.0017
0.0699
0.0019
0.0607
0.0018
0.0649
0.0021
0.0685
0.0019
0.0655
0.0018
0.0717
0.0018
0.0729
0.0018
0.0679
0.0016
0.0619
0.002
0.0688
0.0019
0.0625
0.0021
0.0589
0.0018
0.067
0.0019
0.0619
0.0016
0.0699
0.0019
0.0641
0.0018
0.0671
0.0017
0.0636
0.0018
0.0602
0.0018
0.0693
0.0019
0.0646
0.0019
0.0661
0.0019
0.0635
0.0024
0.0692
0.0018
0.0673
0.002
0.0599
0.0017
0.068
0.002
0.06
0.0017
0.0656
0.0019
0.0729
0.0028
0.0641
0.0018
0.0631
0.0021
0.0736
0.0026
0.0649
0.0024
0.0617
0.0063
0.0653
0.0019
0.0629
0.002
0.0704
0.0018
0.0614
0.0044
0.0659
0.0048
0.0587
0.0018
0.0699
0.0018
0.0621
0.0021
0.0651
0.0018
0.0751
0.0018
0.0604
0.0024
0.06
0.002
0.0659
0.002
0.0631
0.002
0.0602
0.002
0.0698
0.0021
0.0638
0.0017
0.0676
0.002
0.0625
0.0018
0.066
0.0019
0.0584
0.0018
0.0698
0.002
0.0651
0.0018
0.0632
0.0019
0.0702
0.0017
0.0621
0.002
0.0694
0.0019
0.0636
0.002
0.0734
0.0021
0.0599
0.0017
0.0693
0.0029
0.0642
0.0022
0.0637
0.0019
0.0727
0.002
0.0643
0.0019
0.0609
0.0019
0.0718
0.0017
0.0761
0.0017
0.0604
0.0021
0.062
0.0017
0.0563
0.0029
0.0645
0.0031
0.0641
0.0019
0.0608
0.0028
0.0726
0.003
0.0607
0.0049
0.0625
0.002
0.066
0.0025
0.0674
0.0019
0.0613
0.003
0.0682
0.0022
0.0633
0.0023
0.0571
0.0022
0.0632
0.0019
0.0575
0.0035
0.0587
0.0024
0.0645
0.0025
0.0639
0.0032
0.0577
0.0035
0.0708
0.0021
0.0588
0.0018
0.0677
0.0031
0.0636
0.002
0.0685
0.0017
0.0662
0.0028
0.0026
0.0651
0.0618
0.0023
0.0676
0.0034
0.0585
0.0034
0.066
0.0025
0.0719
0.0022
0.0645
0.0029
0.0614
0.0021
0.0697
0.0021
0.0619
0.002
0.0671
0.002
0.0747
0.0021
0.0713
0.0025
0.0666
0.002
0.0708
0.0031
0.0632
0.0021
0.0707
0.0018
0.0625
0.0023
0.0698
0.0019
0.0616
0.0019
0.0689
0.0021
0.0614
0.0019
0.0782
0.0036
0.0733
0.0024
0.0675
0.0033
0.0913
0.0024
0.0598
0.003
0.0608
0.0021
0.0778
0.0026
0.1018
0.003
0.0792
0.0023
0.0749
0.0031
0.0842
0.0025
0.0916
0.0036
0.0932
0.0021
0.0941
0.0029
0.0858
0.0054
0.0889
0.0053
0.0814
0.0032
0.0939
0.0029
0.0921
0.0027
0.0866
0.0025
0.0966
0.0022
0.0591
0.0022
0.0644
0.0029
0.0863
0.0027
0.0755
0.0022
0.091
0.0021
0.0896
0.0027
0.0573
0.0029
0.093
0.0031
0.0868
0.0024
0.1042
0.0027
0.0758
0.0021
0.0586
0.0032
0.0723
0.0028
0.0602
0.0034
0.0678
0.0023
0.0913
0.0024
0.0946
0.0021
0.086
0.0033
0.089
0.0023
0.0828
0.0031
0.0784
0.003
0.0893
0.0041
0.078
0.0032
0.0859
0.0032
0.0937
0.0024
0.0849
0.0027
0.07
0.006
0.0596
0.0025
0.0636
0.0055
0.0612
0.0029
0.0718
0.0094
0.0976
0.0027
0.0979
0.0027
0.1213
0.0026
0.0583
0.0032
0.06
0.002
0.0587
0.0035
0.0598
0.0035
0.0623
0.0026
0.0657
0.0029
0.064
0.0032
0.0673
0.0027
0.0607
0.0026
0.061
0.0031
0.0625
0.0037
0.0995
0.0048
0.0638
0.0025
0.0632
0.0023
0.0637
0.0028
0.0632
0.0027
0.0775
0.004
0.0598
0.0033
0.0585
0.0028
0.0649
0.003
0.0653
0.01
0.058
0.003
0.0614
0.0029
0.06
0.0019
0.0593
0.0049
0.0636
0.003
0.0691
0.002
0.0612
0.0019
0.0661
0.0027
0.0023
0.0728
0.0023
0.0804
0.0582
0.0025
0.0701
0.0023
0.0609
0.002
0.0686
0.0022
0.0618
0.0019
0.062
0.0018
0.072
0.0016
0.0659
0.0023
0.0614
0.0021
0.0607
0.0026
0.071
0.0028
0.0591
0.0019
0.0698
0.002
0.0599
0.0019
0.0697
0.0017
0.0626
0.0019
0.0664
0.0019
0.0622
0.0019
0.0688
0.0018
0.0602
0.0019
0.0617
0.002
0.0667
0.0018
0.0652
0.0021
0.0698
0.0019
0.0627
0.0019
0.0652
0.0018
0.0692
0.0017
0.0624
0.0022
0.0653
0.0018
0.072
0.0018
0.0618
0.0021
0.0674
0.0018
0.0701
0.0019
0.0586
0.002
0.0631
0.002
0.0611
0.0025
0.0633
0.0018
0.0713
0.0022
0.0648
0.0018
0.0622
0.0019
0.0722
0.0022
0.0641
0.0019
0.0668
0.002
0.065
0.0023
0.0704
0.0022
0.0637
0.002
0.0719
0.0019
0.0635
0.0097
0.0641
0.0018
0.0724
0.0021
0.0643
0.002
0.0647
0.0019
0.0716
0.0018
0.0614
0.0022
0.0751
0.0021
0.0676
0.0019
0.0598
0.0019
0.0715
0.0019
0.0663
0.0021
0.0712
0.0021
0.0626
0.0019
0.0677
0.0021
0.064
0.0019
0.0695
0.0018
0.0612
0.0019
0.0698
0.0019
0.0584
0.0016
0.0719
0.002
0.0615
0.0019
0.0646
0.0019
0.0634
0.0019
0.0702
0.0021
0.0619
0.0017
0.0692
0.0028
0.0637
0.0021
0.0701
0.0018
0.0608
0.0019
0.0703
0.002
0.0033
0.0601
0.0629
0.0019
0.0726
0.0044
0.0637
0.002
0.0637
0.003
0.0608
0.0032
0.065
0.0017
0.0591
0.0026
0.064
0.0017
0.0739
0.0024
0.0669
0.002
0.0704
0.0017
0.0629
0.0023
0.065
0.0021
0.0676
0.0022
0.0645
0.0019
0.0826
0.0023
0.0648
0.002
0.0596
0.0022
0.0888
0.0017
0.073
0.0019
0.0658
0.0018
0.0722
0.0018
0.0632
0.0021
0.0591
0.0018
0.0715
0.0027
0.0635
0.0018
0.0722
0.0019
0.0632
0.0018
0.0684
0.0019
0.0649
0.0018
0.0709
0.0019
0.0622
0.0018
0.0655
0.0021
0.0629
0.0024
0.0583
0.0026
0.0027

---------------------------------
VideoDecoderSubmitBuffers_D3D11_1
---------------------------------
9.5486
3.4273
9.5513
4.169
9.611
5.4091
0.9695
1.0425
0.801
0.7717
0.8476
0.8257
0.849
0.7917
0.73
0.8512
0.8566
0.8134
0.7806
0.8297
0.983
0.753
0.7407
0.8677
0.609
0.6241
0.5948
0.6592
0.5602
0.5735
0.8321
0.5807
0.5474
0.6234
0.5814
0.578
0.596
0.5566
0.5706
0.5499
0.5758
0.5537
0.6158
0.5942
0.5835
0.5745
0.6368
0.5605
0.5972
0.5917
0.5446
0.5591
0.564
0.5422
0.5629
0.5584
0.5624
0.5555
0.5331
0.572
0.6272
0.64
0.5811
0.5749
0.5637
0.5655
0.6119
0.6487
0.6346
0.6266
0.6417
0.6601
0.6343
0.6501
0.6274
0.684
0.6526
0.5785
0.6457
0.644
0.6212
0.6249
0.6235
0.6142
0.6181
0.6552
0.6313
0.5755
0.6844
0.6333
0.6674
0.582
0.6404
0.6371
0.6165
0.5641
0.5804
0.5947
3.4348
0.6283
0.6369
0.6217
0.6424
0.5787
0.6282
0.5847
0.6125
0.6249
0.5646
0.549
0.6012
0.6338
0.6512
0.604
0.6534
0.5788
0.6437
0.708
0.5764
0.545
3.9766
0.641
0.6038
0.6724
0.6312
0.5586
0.6196
0.5715
0.5551
0.639
0.6027
0.6601
0.5939
0.6121
0.6134
0.552
0.6418
0.5892
0.5847
0.6573
0.6366
0.6296
0.6019
0.6761
0.5978
0.5542
0.7877
0.5697
0.5343
0.589
0.6067
0.607
0.6004
0.6054
0.5992
0.8026
0.6136
0.6611
0.6221
0.5962
0.556
0.6365
0.5972
0.573
0.533
0.7019
0.557
0.6377
0.6346
0.6772
0.5806
0.6238
0.6578
0.6262
0.6434
0.6288
0.6028
0.6449
0.6238
0.611
0.6581
0.6285
0.5778
0.6568
0.6234
0.6645
0.5831
0.6547
0.7469
0.8378
0.5971
0.5594
0.5614
0.5775
0.5678
0.6386
0.5714
0.607
0.5784
0.5991
0.805
0.5736
0.6692
0.5649
0.5598
0.6532
0.6219
0.6447
0.649
0.6507
0.5915
0.5712
0.6471
0.673
0.5862
0.6394
0.5918
0.6545
0.6337
0.6598
0.6309
0.6881
0.5684
0.6635
0.6131
0.6285
0.6241
0.6756
0.6324
0.6124
0.568
0.6758
0.5641
0.5936
0.6562
0.6435
0.5945
0.6492
0.6223
0.6409
4.6894
0.6071
0.5492
0.5632
0.5814
0.5479
0.5685
0.6313
0.5801
0.6239
0.6835
0.6362
0.6211
0.6457
0.5879
0.6445
0.5776
0.6394
0.6059
0.6576
0.6508
0.5814
0.6499
0.6208
0.6014
0.6518
0.6069
0.6741
0.6048
0.6506
0.5698
0.5524
0.6501
0.6185
0.6541
0.6146
0.6415
0.5805
0.6692
0.6161
0.64
0.6117
0.6568
0.6231
0.6747
0.6286
0.6211
0.6276
0.6652
0.5962
0.6605
0.6109
0.6283
0.6029
0.5871
0.6504
0.6025
0.6326
0.607
0.6474
0.5964
0.656
0.6485
0.6025
0.6555
0.6061
0.6489
0.6677
0.6588
0.541
0.6465
0.6605
0.6199
0.5734
0.6273
0.6805
0.5845
0.653
0.5848
0.6223
0.6565
0.6073
0.6153
0.6153
0.6143
0.6415
0.6131
0.6451
0.6518
0.5824
0.6186
0.6468
0.5872
0.5969
0.6627
0.6082
0.6413
0.6409
0.6071
0.6513
0.6602
0.6499
0.5861
0.6244
0.6037
0.6519
0.6326
0.6076
0.6574
0.639
0.6316
0.541
0.6497
0.5419
0.5918
0.6183
0.5378
0.576
0.5978
0.602
0.5843
0.6799
0.665
0.5728
0.5519
0.539
0.6552
0.5727
0.5488
0.5346
0.5784
0.5579
0.5262
0.5755
0.5683
0.5975
0.6794
0.6202
0.5631
0.5526
0.6329
0.5605
0.6007
0.6769
0.6364
0.604
0.6565
0.6276
0.6454
0.6441
0.6594
0.6087
0.6374
0.6067
0.6453
0.5917
0.6635
0.6195
0.6538
0.6329
0.606
0.6496
0.5843
0.8448
0.5935
0.6164
0.5799
0.6002
0.5741
0.5557
0.7742
0.8438
0.7208
0.5987
0.6212
0.8311
0.5779
0.6513
0.6347
0.6582
0.7901
0.5764
0.5541
0.6169
0.611
0.7142
0.6453
0.523
0.6356
0.5773
0.7435
0.5865
0.5753
0.6441
0.6137
0.6445
0.6642
0.7124
0.6762
0.6452
0.6784
0.57
0.7971
0.555
0.603
0.6486
0.5912
0.5947
0.5501
0.634
0.5938
0.5749
1.0433
0.6385
0.8323
0.5667
0.5385
0.546
0.5633
0.6181
0.5783
0.6411
0.5812
0.6169
0.6487
0.5575
0.7121
0.6258
0.567
0.5937
0.6848
0.5744
0.6237
0.6893
0.5905
0.574
0.5489
0.5755
0.5756
0.5682
0.5753
0.651
0.6588
0.5812
0.5738
0.6792
0.5365
0.6733
0.5847
0.6339
0.6056
0.6531
0.6439
0.6205
0.5608
0.6222
0.6501
0.5931
0.6697
0.5844
0.6598
0.635
0.5898
0.643
0.6218
0.6005
0.6547
0.6406
0.6156
0.6029
0.6719
0.6272
0.6577
0.6259
0.622
0.6797
0.6108
0.6521
0.633
0.5841
0.6338
0.6081
0.6636
0.6384
0.609
0.6691
0.6563
0.6435
0.6456
0.6301
0.6832
0.6236
0.6242
0.6217
0.6342
0.6426
0.6233
0.6677
0.6347
0.5809
0.6485
0.6728
0.5831
0.6258
0.6507
0.6805
0.6234
0.6221
0.6362
0.6312
0.5843
0.6432
0.5875
0.5784
0.6508
0.5795
0.6277
0.6076
0.6458
0.6143
0.6186
0.6029
0.5764
0.6552
0.542
0.5694
0.6622
0.6299
0.5342
0.5608
0.582
0.6081
0.6423
0.624
0.6533
0.626
0.6173
0.595
0.6395
0.6482
0.5699
0.6326
0.5445
0.6591
0.6276
0.6319
0.6261
0.6565
0.5768
0.6453
0.6368
0.6598
0.5791
0.6532
0.6274
0.6375
0.6112
0.6011
0.573
0.5556

