---------------------------------------------
CalcPrivateVideoDecoderOutputViewSize_D3D11_1
---------------------------------------------
0.0023
0.0015
0.0014
0.0035
0.0017
0.0015
0.0017
0.0009
0.0017
0.0025
0.0013
0.0011
0.0007
0.0017
0.0008
0.001
0.0009
0.0007
0.0006
0.0021
0.002
0.0008
0.0007
0.0015
0.0006
0.0021
0.001
0.001
0.0078
0.0014
0.001
0.0008
0.0009
0.001
0.0007
0.0012
0.0011
0.0007
0.0009
0.0007
0.0008
0.001
0.0021
0.0008
0.0011
0.0009
0.0011
0.0008
0.0008
0.0008
0.0012
0.0008
0.0007
0.0007
0.0007
0.0008
0.0008
0.0008
0.0007
0.001
0.0008
0.0007
0.0009
0.0021
0.001
0.0009
0.0008
0.0007
0.0007
0.0007
0.0018
0.001
0.0009
0.0008
0.0012
0.0013
0.001
0.0008
0.0006
0.0006
0.0013
0.0007
0.0006
0.0009
0.0008
0.0009
0.0008
0.0017
0.001
0.001
0.0011
0.0007
0.0008
0.0008
0.0021
0.001
0.0008
0.0008
0.001
0.0007
0.001
0.0013
0.0008
0.001
0.001
0.0007
0.0007
0.0008
0.0006
0.0006
0.004
0.0007
0.0008
0.0008
0.0005
0.0006
0.001
0.0013
0.001
0.0012
0.0009
0.0009
0.001
0.0014
0.0011
0.001
0.002
0.0016
0.0012
0.0007
0.0008
0.0009
0.0008
0.0006
0.0018
0.0014
0.0011
0.0008
0.0007
0.0006
0.0009
0.0058
0.0009
0.0007
0.0015
0.0009
0.0018
0.0009
0.0007
0.0015
0.0009
0.0008
0.0036
0.001
0.0008
0.0011
0.001
0.0009
0.004
0.0008
0.0008
0.0008
0.0007
0.0006
0.0009
0.0007
0.0008
0.0016
0.0011
0.002
0.0019
0.001
0.0008
0.0006
0.0009
0.0007
0.0025
0.0011
0.0012
0.0008
0.0008
0.001
0.0019
0.0008
0.0007
0.0019
0.0017
0.0013
0.0033
0.0008
0.0009
0.0009
0.0007
0.0008
0.0009
0.0017
0.001
0.001
0.0007
0.0015
0.0009
0.0007
0.0009
0.0006
0.0009
0.0006
0.0017
0.0007
0.0011
0.0008
0.0007
0.0034
0.0008
0.0008
0.0008
0.0008
0.0008
0.0008
0.0009
0.0006
0.0018
0.001
0.0007
0.0007
0.0009
0.0011
0.0009
0.0008
0.0007
0.0007
0.0015
0.0007
0.0008
0.0009
0.0007
0.0007
0.0006
0.0006
0.0006
0.0008
0.0008
0.0007
0.0008
0.001
0.0009
0.0008
0.0008
0.0007
0.0009
0.0007
0.0008
0.0009
0.0008
0.0016
0.0008
0.0008
0.001
0.0007
0.0008
0.0007
0.0009
0.0008
0.0008
0.0008
0.0006
0.0009
0.0009
0.0008
0.0008
0.0009
0.0008
0.0009
0.0007
0.0009
0.0008
0.0008
0.0009
0.0007
0.0008
0.0007
0.001
0.0011
0.0008
0.0007
0.0008
0.0007
0.0008
0.0009
0.0007
0.0007
0.001
0.0008
0.0007
0.0008
0.0007
0.0007
0.0006
0.0006
0.0007
0.0009
0.0007
0.0007
0.0008
0.001
0.0008
0.0007
0.0008
0.0007
0.0008
0.0007
0.0009
0.0008
0.0007
0.0008
0.0008
0.0008
0.0117
0.0007
0.0006
0.0006
0.0009
0.0007
0.0008
0.0007
0.0006
0.0008
0.0009
0.0005
0.0006
0.0008
0.0008
0.0022
0.0008
0.0008
0.0009
0.0008
0.0008
0.0007
0.0007
0.0008
0.0013
0.0009
0.0007
0.0007
0.0009
0.0007
0.0007
0.0013
0.001
0.0008
0.0023
0.0011
0.0016
0.0009
0.0013
0.0006
0.0018
0.0009
0.0015
0.0008
0.0008
0.0007
0.0007
0.0009
0.001
0.0008
0.0007
0.001
0.0008
0.0006
0.0017
0.0011
0.0008
0.0007
0.001
0.0007
0.0008
0.0007
0.0007
0.0006
0.0013
0.0008
0.0008
0.001
0.0007
0.002
0.001
0.0018
0.001
0.0009
0.0008
0.0007
0.0009
0.0008
0.0007
0.001
0.0009
0.0008
0.0008
0.0006
0.0007
0.0007
0.0007
0.0006
0.0007
0.0007
0.0007
0.0008
0.0007
0.0007
0.001
0.0008
0.0007
0.0007
0.0019
0.0009
0.0012
0.0019
0.0009
0.0011
0.0015
0.0006
0.0009
0.0009
0.0007
0.0009
0.0007
0.0019
0.0011
0.0006
0.0014
0.001
0.0012
0.0033
0.0012
0.0009
0.0008
0.0008
0.0015
0.0009
0.0011
0.0009
0.0013
0.0018
0.0009
0.0012
0.0006
0.0012
0.0008
0.0011
0.001
0.0007
0.0017
0.0009
0.0007
0.001
0.0008
0.0008
0.0007
0.0006
0.0008
0.001
0.0007
0.0007
0.001
0.0007
0.0007
0.001
0.0007
0.0006
0.0016
0.001
0.0007
0.0007
0.0169
0.0013
0.0008
0.0009
0.0012
0.0008
0.0011
0.0007
0.001
0.0009
0.0009
0.0009
0.0008
0.0008
0.0008
0.0009
0.001
0.001
0.0007
0.0007
0.0007
0.0008
0.0009
0.0007
0.0008
0.0008
0.001
0.0007
0.0008
0.0007
0.0007
0.0008
0.0007
0.0008
0.0009
0.0008
0.0007
0.0007
0.0029
0.0008
0.0007
0.0009
0.0011
0.0007
0.0007
0.0007
0.0009
0.0008
0.0007
0.0008
0.0009
0.0009
0.0008
0.0008
0.0008
0.0007
0.0009
0.0008
0.0007
0.0008
0.0008
0.0006
0.0017
0.0007
0.0022
0.0011
0.001
0.0008
0.0008
0.001
0.0007
0.0008
0.001
0.0007
0.001
0.0007
0.001
0.0008
0.0008
0.0007
0.0008
0.0008
0.0008
0.0008
0.0007
0.0006
0.0012
0.0007
0.0006
0.0008
0.0006
0.0014
0.0007
0.0008
0.0005
0.0014
0.0007
0.0009
0.0008
0.0008
0.0008
0.0007
0.001
0.0008
0.0007
0.0008
0.0008
0.0008
0.0007
0.0008
0.0008
0.0008
0.0008
0.0007
0.0007
0.0009
0.0011
0.0008
0.0007
0.0008
0.0007
0.0007
0.0006
0.0509
0.0007
0.002

-----------------------
CodechalDecode::Execute
-----------------------
1.0918
1.2548
1.5545
0.4562
2.6509
1.4815
0.7679
1.0397
0.2778
0.1974
0.2352
0.2025
0.2015
0.1923
0.2275
0.1875
0.2055
0.2308
0.1804
0.1834
0.2679
0.1916
0.1816
0.2444
0.195
0.2844
0.2026
0.1925
0.1942
0.2178
0.185
0.1803
0.2228
0.1974
0.2161
0.205
0.2091
0.2066
0.2073
0.1775
0.2219
0.1963
0.2161
0.1992
0.2579
0.2126
0.1962
0.1921
0.2235
0.2011
0.2398
0.2068
0.1981
0.2425
0.2186
0.2046
0.1777
0.1693
0.1661
0.224
0.2328
0.1919
0.2309
0.2139
0.226
0.2326
0.2311
0.2424
0.1969
0.2084
0.272
0.2043
0.2104
0.245
0.2447
0.2051
0.2411
0.2045
0.2026
0.1971
0.2569
0.1855
0.1822
0.1914
0.2054
0.2128
0.2865
0.2773
0.2164
0.2536
0.1898
0.175
0.2203
0.2051
0.2309
0.2372
0.2358
0.2282
0.2261
0.1784
0.2163
0.2665
0.2259
0.2054
0.2449
0.2439
0.1909
0.1828
0.1756
0.1701
0.1925
0.1787
0.1733
0.1774
0.1923
0.193
0.2553
0.2915
0.2098
0.2482
0.2119
0.2269
0.2008
0.2293
0.2172
0.2218
0.2913
0.2557
0.2471
0.1882
0.2257
0.2409
0.1995
0.1785
0.2684
0.3097
0.2535
0.2273
0.2209
0.2201
0.2534
0.2814
0.2072
0.1916
0.2625
0.2008
0.3014
0.2683
0.1966
0.2541
0.2181
0.2012
0.3243
0.2885
0.1957
0.2563
0.2091
0.3494
0.2173
0.1887
0.214
0.2034
0.1862
0.1735
0.1883
0.1887
0.1903
0.218
0.2004
0.2768
0.2418
0.2272
0.1845
0.2021
0.2082
0.1985
0.315
0.2126
0.2585
0.2228
0.1959
0.194
0.1919
0.202
0.2475
0.2712
0.2938
0.21
0.215
0.1794
0.2161
0.1814
0.1967
0.1798
0.233
0.2429
0.1958
0.1869
0.1748
0.2227
0.2154
0.1949
0.1878
0.1984
0.204
0.1957
0.2603
0.1977
0.2375
0.2149
0.2085
0.1909
0.2164
0.1949
0.2143
0.2035
0.2134
0.2251
0.1964
0.1818
0.2667
0.1944
0.2018
0.1962
0.213
0.2004
0.2135
0.2276
0.1764
0.1799
0.2646
0.2147
0.1798
0.18
0.1851
0.1853
0.184
0.1909
0.1893
0.2155
0.1835
0.1805
0.2191
0.1886
0.2081
0.2001
0.2022
0.2177
0.1898
0.1843
0.2128
0.1902
0.202
0.1929
0.2196
0.1856
0.2043
0.2122
0.1774
0.1739
0.2144
0.1995
0.1905
0.189
0.192
0.1904
0.1889
0.1843
0.185
0.2177
0.1864
0.1804
0.2025
0.1815
0.1954
0.2211
0.1923
0.2043
0.201
0.1906
0.2216
0.1929
0.2076
0.1927
0.2119
0.1875
0.2051
0.2053
0.1994
0.187
0.2191
0.2621
0.1852
0.1932
0.1863
0.1839
0.1896
0.1892
0.1866
0.2087
0.1863
0.1877
0.2175
0.1881
0.2084
0.221
0.1974
0.2132
0.2081
0.1964
0.2242
0.1912
0.2037
0.1965
0.211
0.1869
0.2339
0.2141
0.2018
0.1874
0.2172
0.1889
0.1815
0.1856
0.184
0.1881
0.1885
0.1874
0.1822
0.2129
0.1825
0.1865
0.2095
0.2022
0.1989
0.2127
0.1915
0.2133
0.208
0.1963
0.223
0.1909
0.2009
0.1948
0.2182
0.1934
0.2193
0.2516
0.266
0.1816
0.2854
0.2374
0.2714
0.2158
0.186
0.1842
0.2087
0.2628
0.2685
0.2193
0.1868
0.1855
0.228
0.201
0.1932
0.208
0.2063
0.2213
0.1932
0.184
0.2751
0.1998
0.2032
0.1844
0.2234
0.188
0.2132
0.2215
0.1745
0.174
0.2237
0.1999
0.1718
0.181
0.1726
0.2814
0.2058
0.2625
0.2053
0.2216
0.1905
0.1903
0.2356
0.2008
0.2045
0.2146
0.2032
0.2024
0.2118
0.1792
0.2061
0.1922
0.1941
0.1925
0.2302
0.1894
0.2049
0.2077
0.174
0.1837
0.2079
0.2139
0.1872
0.1946
0.2585
0.2016
0.2354
0.3056
0.2107
0.193
0.2002
0.1932
0.2038
0.2139
0.2003
0.1914
0.2156
0.2816
0.2181
0.1967
0.2655
0.1937
0.2413
0.1989
0.2348
0.223
0.2213
0.197
0.2241
0.1829
0.2187
0.1912
0.2357
0.2889
0.1876
0.2256
0.2099
0.2523
0.1845
0.2137
0.2034
0.1745
0.1942
0.2055
0.2132
0.1983
0.2213
0.2039
0.2097
0.1788
0.2137
0.1954
0.1985
0.1901
0.2199
0.1904
0.2057
0.2066
0.1711
0.1824
0.2734
0.2142
0.1752
0.1825
0.2652
0.1873
0.1857
0.1857
0.1846
0.217
0.1881
0.1812
0.2122
0.199
0.2088
0.1879
0.206
0.1829
0.1804
0.1767
0.2096
0.1899
0.2052
0.194
0.2022
0.2129
0.2139
0.1936
0.1931
0.1911
0.2154
0.1865
0.1801
0.1888
0.1895
0.1882
0.1885
0.1823
0.1811
0.2186
0.1837
0.1825
0.2153
0.1938
0.1959
0.2179
0.1863
0.1943
0.2075
0.1825
0.2234
0.1913
0.204
0.1961
0.2196
0.1921
0.2096
0.2139
0.1732
0.17
0.2062
0.1975
0.1897
0.1897
0.1878
0.1896
0.2718
0.1991
0.2874
0.2219
0.19
0.1858
0.2149
0.2042
0.2178
0.2148
0.1917
0.1995
0.2065
0.1764
0.2213
0.2059
0.2151
0.1951
0.2116
0.1869
0.2165
0.2191
0.2061
0.1899
0.2165
0.2114
0.1766
0.1892
0.1886
0.2333
0.1981
0.1748
0.1762
0.265
0.1869
0.1823
0.2105
0.1971
0.2176
0.2146
0.1822
0.1992
0.1963
0.1994
0.2069
0.1904
0.2086
0.1951
0.2172
0.1916
0.2121
0.215
0.1991
0.1872
0.2203
0.1866
0.1809
0.1929
0.1986
0.1885
0.1809
0.1859
0.1836
0.3

---------------------------------------
CodechalDecodeHevcG12::DecodeStateLevel
---------------------------------------
0.3493
0.2255
0.1689
0.1444
0.1936
0.1784
0.1498
0.1175
0.1476
0.1074
0.1253
0.1047
0.1041
0.104
0.1118
0.0998
0.106
0.1187
0.0977
0.1
0.1432
0.101
0.0969
0.1347
0.103
0.1535
0.1107
0.1058
0.1043
0.1121
0.0998
0.0988
0.1189
0.1057
0.1162
0.1107
0.1105
0.1082
0.1119
0.0995
0.1196
0.105
0.1142
0.1126
0.1405
0.1145
0.0994
0.1018
0.1099
0.1122
0.1192
0.1027
0.1036
0.1432
0.1313
0.1134
0.096
0.093
0.0922
0.1224
0.122
0.1054
0.1269
0.1153
0.1209
0.1265
0.1219
0.1347
0.1079
0.1157
0.1404
0.1113
0.1155
0.1485
0.1316
0.1127
0.1356
0.1116
0.1104
0.1083
0.1371
0.1015
0.1024
0.1051
0.1094
0.116
0.1642
0.1483
0.1219
0.131
0.1001
0.0979
0.1241
0.11
0.1246
0.1205
0.1313
0.1223
0.1234
0.0975
0.1109
0.1477
0.1232
0.1144
0.1331
0.1394
0.1013
0.0992
0.0968
0.0923
0.1019
0.0963
0.0966
0.0991
0.1074
0.1111
0.1417
0.1564
0.115
0.1337
0.1111
0.1285
0.1081
0.1232
0.1178
0.1186
0.1523
0.1409
0.1403
0.1087
0.1224
0.1257
0.1067
0.0992
0.1484
0.1707
0.1421
0.1248
0.1232
0.1214
0.1413
0.1561
0.1154
0.1021
0.1203
0.1095
0.1475
0.1367
0.105
0.1163
0.1136
0.1081
0.1916
0.1367
0.1021
0.1172
0.1103
0.2023
0.1017
0.1021
0.1127
0.1053
0.1
0.0953
0.1017
0.1013
0.0995
0.1125
0.1045
0.1459
0.1223
0.1185
0.0975
0.1165
0.1047
0.1026
0.166
0.1186
0.1374
0.12
0.1018
0.0998
0.0985
0.1095
0.1127
0.1591
0.1382
0.1129
0.1159
0.1004
0.1136
0.0956
0.1057
0.0986
0.1202
0.1289
0.1018
0.1025
0.0949
0.1167
0.1179
0.1039
0.1016
0.1091
0.1101
0.1043
0.137
0.1037
0.1318
0.1176
0.1106
0.1005
0.1074
0.1042
0.1081
0.1052
0.1173
0.1222
0.1071
0.0967
0.1391
0.1031
0.1065
0.1058
0.1141
0.1063
0.1126
0.1273
0.0946
0.1005
0.1403
0.1138
0.098
0.0984
0.1032
0.1022
0.101
0.1068
0.1073
0.1189
0.1002
0.0994
0.12
0.1031
0.1032
0.1061
0.1062
0.1165
0.1006
0.1022
0.1157
0.1017
0.1046
0.1049
0.1205
0.0998
0.1085
0.1102
0.0984
0.0944
0.1145
0.1069
0.1058
0.1033
0.104
0.1071
0.1021
0.1013
0.0997
0.1192
0.1036
0.0982
0.1072
0.0971
0.1038
0.1163
0.1012
0.1105
0.1071
0.1042
0.1178
0.1051
0.1088
0.1068
0.1109
0.1005
0.1086
0.108
0.11
0.1032
0.118
0.168
0.0998
0.1051
0.1027
0.1012
0.1049
0.1086
0.1053
0.1117
0.0997
0.103
0.1099
0.0974
0.1083
0.1207
0.1019
0.1192
0.1096
0.1096
0.123
0.1019
0.1109
0.1084
0.1119
0.1014
0.1184
0.1094
0.11
0.1034
0.1158
0.0993
0.0993
0.104
0.1009
0.1011
0.1062
0.1002
0.0997
0.1123
0.0996
0.1021
0.1105
0.1126
0.1041
0.1126
0.1038
0.1161
0.1098
0.1102
0.1138
0.1006
0.1084
0.1072
0.1138
0.1063
0.1209
0.1255
0.1493
0.0983
0.1549
0.1213
0.146
0.1259
0.099
0.0998
0.1124
0.1462
0.1455
0.1136
0.1005
0.1006
0.1208
0.1058
0.1001
0.103
0.106
0.1119
0.1038
0.0981
0.1396
0.1049
0.1045
0.0983
0.1225
0.1003
0.11
0.1093
0.094
0.0941
0.1127
0.1045
0.0932
0.0967
0.0949
0.1496
0.1109
0.1327
0.1094
0.1171
0.1016
0.1007
0.1171
0.1087
0.1147
0.1187
0.1052
0.1052
0.1124
0.0956
0.1087
0.1014
0.103
0.1052
0.1287
0.1003
0.1074
0.109
0.0941
0.1027
0.108
0.1128
0.1014
0.1034
0.1341
0.1115
0.1316
0.1547
0.1118
0.1022
0.1052
0.1033
0.1095
0.1125
0.1035
0.1012
0.1095
0.1462
0.1151
0.106
0.1399
0.1016
0.1278
0.1076
0.1212
0.1162
0.1185
0.1065
0.1241
0.1003
0.1145
0.1026
0.1309
0.1525
0.101
0.1232
0.1085
0.1398
0.0985
0.1098
0.1077
0.0921
0.1016
0.1053
0.1151
0.1081
0.1085
0.1075
0.1115
0.0968
0.1169
0.101
0.1035
0.1017
0.1184
0.1024
0.1081
0.1074
0.0936
0.1005
0.1527
0.1115
0.0954
0.1029
0.1414
0.1035
0.1018
0.1018
0.1021
0.1198
0.1044
0.0998
0.1149
0.1106
0.1103
0.0998
0.1085
0.0976
0.098
0.0978
0.1128
0.1023
0.1076
0.1057
0.1106
0.1136
0.1129
0.1063
0.1049
0.1041
0.1109
0.0997
0.0998
0.1037
0.103
0.1054
0.101
0.1011
0.0996
0.1183
0.1003
0.0986
0.1177
0.106
0.1042
0.1153
0.0976
0.1033
0.1109
0.1011
0.1243
0.1019
0.1098
0.1078
0.1134
0.1021
0.1126
0.1141
0.0951
0.0936
0.1106
0.1051
0.1035
0.1021
0.1025
0.1051
0.1492
0.1092
0.1528
0.1178
0.1
0.0978
0.1124
0.1026
0.1197
0.1103
0.1019
0.1019
0.1108
0.0941
0.1166
0.1044
0.1101
0.1057
0.1124
0.0997
0.1086
0.1165
0.1095
0.1019
0.1121
0.1108
0.0947
0.0993
0.1008
0.1238
0.098
0.0935
0.0959
0.1401
0.1025
0.1012
0.111
0.108
0.1167
0.1168
0.0956
0.1098
0.109
0.1065
0.1091
0.1005
0.1141
0.1064
0.1176
0.101
0.1156
0.1182
0.1084
0.1031
0.1189
0.1
0.0987
0.1034
0.1138
0.1059
0.0987
0.1017
0.1011
0.1611

-------------------------------------
CodechalDecodeHevcG12::SetFrameStates
-------------------------------------
0.5238
0.9089
1.2915
0.2319
2.352
1.1834
0.5362
0.8175
0.0328
0.0241
0.0261
0.0224
0.0223
0.0224
0.0312
0.021
0.0229
0.0261
0.0204
0.0209
0.029
0.0218
0.0202
0.0258
0.0233
0.0328
0.0251
0.0226
0.0229
0.0262
0.0215
0.0205
0.0251
0.0229
0.0248
0.0244
0.0234
0.0237
0.0231
0.0194
0.0243
0.0226
0.0237
0.0225
0.0245
0.0219
0.0232
0.0222
0.0233
0.0223
0.0253
0.0219
0.026
0.0216
0.0213
0.0218
0.02
0.0185
0.0188
0.022
0.0243
0.0204
0.0231
0.0228
0.0228
0.0237
0.0239
0.0246
0.0212
0.0251
0.0305
0.0234
0.0228
0.0204
0.027
0.0233
0.0241
0.022
0.0211
0.0211
0.026
0.0199
0.0189
0.0203
0.025
0.0256
0.0334
0.0304
0.0231
0.0259
0.0219
0.0194
0.0218
0.0222
0.0258
0.0245
0.0248
0.0238
0.0241
0.0204
0.0251
0.0288
0.0227
0.0214
0.0255
0.0239
0.0216
0.0202
0.02
0.0203
0.0218
0.0204
0.02
0.0202
0.0207
0.0208
0.0277
0.0361
0.0258
0.0248
0.0217
0.0219
0.0215
0.0255
0.0239
0.0241
0.0313
0.0261
0.0269
0.0194
0.0244
0.0246
0.0215
0.0199
0.029
0.0359
0.0263
0.0224
0.0225
0.0231
0.025
0.0312
0.0226
0.0243
0.0279
0.0228
0.0313
0.0446
0.0222
0.0256
0.0277
0.0233
0.0279
0.046
0.0222
0.0457
0.0243
0.0249
0.0439
0.0207
0.0247
0.0231
0.0215
0.0196
0.0216
0.0215
0.0203
0.0262
0.0238
0.0335
0.0343
0.0257
0.0211
0.0199
0.0224
0.026
0.0434
0.0249
0.0277
0.0285
0.024
0.0273
0.0232
0.022
0.03
0.0238
0.0305
0.0245
0.0241
0.0206
0.0244
0.0202
0.0205
0.0206
0.0243
0.027
0.0243
0.0212
0.0197
0.0245
0.0228
0.022
0.0217
0.0215
0.0219
0.0242
0.0282
0.0275
0.024
0.0242
0.024
0.0258
0.0262
0.0215
0.0238
0.0234
0.0233
0.0241
0.021
0.0199
0.0287
0.0217
0.0217
0.0212
0.0235
0.0223
0.0239
0.0244
0.0204
0.0187
0.0264
0.0246
0.0216
0.0223
0.0206
0.021
0.0215
0.0219
0.0205
0.0238
0.021
0.0205
0.024
0.0201
0.0343
0.0225
0.0228
0.0245
0.0242
0.0201
0.0238
0.0218
0.0226
0.0229
0.0244
0.0212
0.0237
0.0283
0.0199
0.0186
0.0227
0.0229
0.0217
0.022
0.0257
0.0211
0.021
0.0206
0.0213
0.0237
0.0204
0.0205
0.0233
0.0202
0.0225
0.0239
0.0222
0.0226
0.0234
0.0223
0.0294
0.0212
0.0221
0.0222
0.0247
0.0214
0.0231
0.0231
0.0233
0.0214
0.0246
0.0213
0.0209
0.0219
0.021
0.0209
0.0221
0.0204
0.0207
0.0235
0.0209
0.0218
0.0237
0.0249
0.0295
0.025
0.0244
0.022
0.0233
0.0219
0.0241
0.0221
0.0224
0.0224
0.0244
0.0217
0.0291
0.0286
0.0225
0.0213
0.0247
0.0209
0.0232
0.0205
0.021
0.0211
0.0208
0.0213
0.0211
0.0235
0.0208
0.02
0.0241
0.0219
0.0207
0.0229
0.0213
0.0223
0.0259
0.0221
0.0295
0.022
0.0222
0.0219
0.0246
0.0218
0.0238
0.0269
0.0285
0.0213
0.0321
0.0309
0.0286
0.0243
0.021
0.0203
0.0206
0.029
0.028
0.024
0.021
0.0207
0.0236
0.0219
0.0212
0.0215
0.0223
0.0241
0.0211
0.0193
0.0291
0.0227
0.0225
0.0213
0.0238
0.0207
0.028
0.0247
0.0197
0.0185
0.0232
0.022
0.0191
0.0205
0.0189
0.0313
0.0245
0.03
0.0247
0.0243
0.0216
0.0231
0.0284
0.0215
0.0218
0.0219
0.0236
0.0226
0.0231
0.02
0.0225
0.0213
0.022
0.0208
0.0242
0.021
0.0226
0.0231
0.019
0.0206
0.0229
0.0245
0.0204
0.0231
0.0294
0.0233
0.024
0.042
0.0249
0.0216
0.0213
0.0217
0.021
0.0239
0.0225
0.0205
0.0231
0.035
0.0248
0.0227
0.0276
0.0216
0.026
0.0233
0.0269
0.0246
0.0249
0.0217
0.0249
0.0215
0.026
0.0218
0.0235
0.0323
0.0224
0.0253
0.026
0.0261
0.0199
0.0242
0.0238
0.0191
0.0245
0.0227
0.0234
0.0215
0.0376
0.0229
0.0236
0.0202
0.0226
0.0215
0.0218
0.0214
0.0239
0.021
0.0228
0.0224
0.0187
0.0226
0.0286
0.0251
0.0197
0.0196
0.0369
0.0212
0.0223
0.0218
0.0208
0.0239
0.0211
0.0208
0.0237
0.0211
0.0236
0.0212
0.0229
0.0206
0.0205
0.0202
0.0243
0.0213
0.0218
0.0232
0.0212
0.0237
0.0255
0.0214
0.0218
0.0213
0.0246
0.0215
0.0195
0.0211
0.0232
0.0204
0.0211
0.0204
0.0206
0.024
0.0202
0.0228
0.024
0.0212
0.0219
0.0238
0.0208
0.0223
0.0232
0.0207
0.0242
0.0218
0.0253
0.0221
0.0246
0.0214
0.0239
0.024
0.0198
0.019
0.023
0.0224
0.0219
0.0245
0.022
0.0215
0.0295
0.0226
0.0324
0.0263
0.0223
0.0208
0.0245
0.0218
0.0224
0.0282
0.0212
0.0207
0.0223
0.02
0.023
0.0214
0.0221
0.0224
0.0239
0.0206
0.0231
0.0235
0.0218
0.0211
0.0231
0.0238
0.02
0.023
0.0215
0.0249
0.0349
0.0194
0.0191
0.029
0.0216
0.0217
0.025
0.022
0.0262
0.0242
0.021
0.0205
0.0216
0.0222
0.0244
0.0223
0.0221
0.0224
0.0244
0.021
0.0239
0.0239
0.0235
0.0216
0.025
0.0212
0.0205
0.0208
0.0217
0.0205
0.0212
0.0213
0.0213
0.0336

--------------------------
CreateVideoDecoder_D3D11_1
--------------------------
14.7495

---------------------------
DestroyVideoDecoder_D3D11_1
---------------------------
0

----------------
First Frame Time
----------------
54.4392

--------------------------------------
VideoDecoderBeginFrame_WDDM2_4_D3D11_1
--------------------------------------
0.0093
0.0027
0.003
0.005
0.0032
0.0021
0.0102
0.0019
0.0042
0.0027
0.0026
0.0021
0.0019
0.0026
0.0018
0.0028
0.0018
0.002
0.0019
0.0024
0.0026
0.002
0.0017
0.0021
0.0016
0.0032
0.0023
0.0019
0.0031
0.0027
0.0018
0.0016
0.0021
0.0017
0.0018
0.002
0.0017
0.0018
0.0018
0.0019
0.0019
0.0024
0.0026
0.0017
0.0021
0.002
0.0024
0.0018
0.0017
0.002
0.0022
0.0018
0.0016
0.0019
0.0021
0.0023
0.0018
0.0017
0.0016
0.0022
0.0017
0.0017
0.0018
0.0028
0.0018
0.0019
0.0021
0.0018
0.0017
0.0015
0.0031
0.0024
0.0018
0.0017
0.0026
0.0021
0.002
0.0017
0.0017
0.0017
0.0023
0.0016
0.0017
0.0017
0.0018
0.0025
0.0023
0.0031
0.0021
0.0022
0.0019
0.0016
0.0019
0.0023
0.0031
0.0019
0.0019
0.0021
0.0021
0.0018
0.0021
0.0025
0.002
0.0017
0.0023
0.0019
0.0021
0.0017
0.0016
0.0016
0.0019
0.0017
0.0015
0.0016
0.0016
0.0019
0.0022
0.0029
0.0022
0.002
0.0017
0.0019
0.0021
0.0025
0.002
0.0021
0.0036
0.0026
0.0021
0.0015
0.0019
0.0018
0.0017
0.0016
0.0028
0.0032
0.0026
0.002
0.002
0.002
0.0022
0.0085
0.0019
0.0017
0.0027
0.002
0.0033
0.0019
0.0018
0.0023
0.0021
0.0019
0.0021
0.0021
0.0019
0.0022
0.0018
0.004
0.0047
0.0017
0.002
0.0019
0.0018
0.0016
0.0017
0.0017
0.0017
0.0026
0.0021
0.003
0.0034
0.0021
0.0018
0.0016
0.0019
0.0018
0.0043
0.0024
0.0022
0.002
0.0019
0.0017
0.002
0.0017
0.0018
0.0024
0.0031
0.0025
0.0019
0.0029
0.0019
0.0021
0.0017
0.0019
0.0026
0.0028
0.0022
0.0019
0.0017
0.0023
0.0022
0.0018
0.0018
0.0017
0.0018
0.0017
0.0028
0.0018
0.0029
0.0019
0.0019
0.0038
0.0018
0.0019
0.0017
0.0019
0.0019
0.0018
0.0017
0.0016
0.0026
0.002
0.0017
0.0017
0.0019
0.002
0.0019
0.0017
0.0017
0.0015
0.0028
0.002
0.0019
0.0018
0.0017
0.0016
0.0019
0.0018
0.0015
0.0019
0.0017
0.0016
0.0018
0.0019
0.0016
0.0017
0.0019
0.0017
0.0018
0.0016
0.0019
0.0019
0.0017
0.0016
0.0021
0.0018
0.0018
0.0018
0.0016
0.0016
0.003
0.0017
0.0016
0.0017
0.0016
0.0018
0.0016
0.0015
0.0015
0.0018
0.0017
0.0017
0.0019
0.0019
0.0017
0.0018
0.0019
0.0016
0.0018
0.0016
0.0018
0.0019
0.0016
0.0018
0.0019
0.0018
0.0022
0.0018
0.0017
0.0017
0.0021
0.0017
0.0018
0.0018
0.0017
0.002
0.053
0.0529
0.0016
0.0019
0.0017
0.0018
0.0021
0.0019
0.0017
0.0018
0.0019
0.0016
0.0018
0.0017
0.002
0.0019
0.0017
0.0018
0.002
0.0018
0.0079
0.0017
0.002
0.0019
0.002
0.0017
0.0016
0.0016
0.0019
0.0016
0.0019
0.0017
0.0016
0.0017
0.0017
0.0015
0.0019
0.0021
0.0021
0.0018
0.0018
0.0016
0.0017
0.0019
0.0026
0.002
0.0016
0.0017
0.002
0.0017
0.0021
0.0024
0.0024
0.0017
0.0035
0.0022
0.0026
0.002
0.0019
0.0043
0.0016
0.0019
0.0025
0.002
0.0017
0.0041
0.0019
0.0017
0.0018
0.0017
0.0017
0.0018
0.0018
0.0015
0.0028
0.0027
0.0016
0.0018
0.0021
0.0018
0.0021
0.0019
0.0021
0.0015
0.0021
0.0018
0.0016
0.0018
0.0015
0.0033
0.0021
0.0031
0.0021
0.0022
0.0021
0.0015
0.002
0.002
0.0016
0.002
0.002
0.002
0.0016
0.0023
0.0018
0.0022
0.0016
0.0022
0.0021
0.0018
0.0018
0.0018
0.0017
0.0015
0.0023
0.0017
0.0017
0.0016
0.0035
0.0021
0.0021
0.0034
0.0024
0.0017
0.0015
0.0018
0.0016
0.0017
0.0018
0.0021
0.0017
0.0043
0.0021
0.0019
0.003
0.002
0.0023
0.0017
0.0023
0.0019
0.002
0.0019
0.0027
0.0019
0.0025
0.0017
0.0023
0.0031
0.0021
0.0021
0.0017
0.0023
0.0018
0.0022
0.0019
0.0018
0.0019
0.0016
0.0017
0.0019
0.0015
0.0019
0.0017
0.0017
0.0018
0.002
0.0016
0.0018
0.0018
0.0017
0.0018
0.0017
0.0017
0.0015
0.003
0.0022
0.0018
0.0015
0.0138
0.0018
0.0019
0.0066
0.0017
0.0018
0.0019
0.0017
0.0018
0.0017
0.0017
0.002
0.0019
0.0017
0.0016
0.0016
0.0019
0.0017
0.0017
0.0019
0.0018
0.0019
0.0018
0.0017
0.0016
0.0018
0.0021
0.0018
0.0016
0.0018
0.0018
0.0017
0.0018
0.0017
0.0017
0.0019
0.0018
0.0016
0.0017
0.0018
0.0017
0.0018
0.0019
0.0017
0.0041
0.0018
0.0018
0.0019
0.0017
0.0017
0.002
0.0018
0.0018
0.0018
0.0017
0.0016
0.0018
0.002
0.0016
0.0018
0.0017
0.0015
0.0028
0.0019
0.0034
0.0024
0.0019
0.0024
0.002
0.0018
0.0017
0.0019
0.002
0.0017
0.0017
0.0016
0.0018
0.002
0.0016
0.0016
0.0019
0.0018
0.0018
0.0016
0.0017
0.0015
0.0023
0.0021
0.0018
0.0017
0.0016
0.0024
0.0017
0.0018
0.0015
0.0031
0.0017
0.002
0.0018
0.0018
0.0017
0.0017
0.0019
0.0016
0.0017
0.0017
0.002
0.002
0.0017
0.0017
0.002
0.0017
0.0019
0.0018
0.0017
0.0022
0.0023
0.0018
0.0016
0.0016
0.0017
0.0016
0.0017
0.0019
0.0017
0.0037

----------------------------
VideoDecoderEndFrame_D3D11_1
----------------------------
0.0345
0.0584
0.0876
0.0792
0.1171
0.0846
0.0543
0.0619
0.0646
0.059
0.0633
0.0572
0.0578
0.0635
0.0607
0.0564
0.0645
0.0605
0.0609
0.0587
0.0612
0.0561
0.0565
0.0635
0.0611
0.0651
0.0604
0.0597
0.0616
0.0702
0.0551
0.0561
0.0634
0.0569
0.0629
0.0601
0.0637
0.0592
0.0658
0.0582
0.062
0.0595
0.0589
0.0572
0.0814
0.0593
0.0579
0.0686
0.068
0.0598
0.0622
0.0646
0.0577
0.0636
0.0597
0.0633
0.0636
0.0551
0.0542
0.0812
0.0876
0.0739
0.0918
0.0695
0.0856
0.0809
0.0799
0.0865
0.0706
0.0799
0.0877
0.0701
0.078
0.0759
0.0765
0.0705
0.0849
0.0818
0.0787
0.0879
0.0939
0.0707
0.0717
0.0777
0.0788
0.0777
0.0856
0.0772
0.0825
0.0943
0.0572
0.0606
0.0791
0.0709
0.0801
0.0946
0.0773
0.0821
0.0946
0.056
0.0584
0.0794
0.0887
0.0825
0.0854
0.0841
0.067
0.0611
0.055
0.058
0.0646
0.0542
0.0555
0.059
0.0602
0.067
0.0845
0.0803
0.0643
0.0876
0.0772
0.09
0.0876
0.0807
0.0865
0.0797
0.0783
0.0758
0.0803
0.0695
0.0786
0.0855
0.0763
0.0704
0.09
0.0873
0.0934
0.0757
0.0864
0.0875
0.0967
0.084
0.0606
0.0642
0.061
0.0675
0.07
0.0593
0.0573
0.0946
0.0681
0.0627
0.1086
0.0615
0.0581
0.0606
0.0604
0.1174
0.0564
0.0601
0.0685
0.0607
0.063
0.0554
0.0598
0.0571
0.063
0.0669
0.0614
0.0714
0.0611
0.0641
0.0651
0.0584
0.0623
0.0592
0.0684
0.0903
0.0632
0.0626
0.0565
0.0583
0.0605
0.0765
0.0779
0.0908
0.0676
0.0591
0.0632
0.0563
0.0663
0.0601
0.0624
0.0588
0.0613
0.0634
0.0591
0.0562
0.0565
0.0645
0.0577
0.0568
0.0646
0.0607
0.0619
0.0636
0.0626
0.0601
0.0657
0.0631
0.0602
0.0565
0.0643
0.0638
0.0603
0.0596
0.0644
0.0603
0.0576
0.0622
0.0618
0.058
0.0585
0.0603
0.0607
0.0595
0.0634
0.066
0.0547
0.0581
0.0611
0.0697
0.0577
0.0613
0.0598
0.0625
0.0595
0.0638
0.0628
0.0599
0.0577
0.0579
0.0634
0.058
0.0574
0.0588
0.0599
0.0594
0.0555
0.0574
0.0672
0.0588
0.0595
0.0629
0.058
0.0571
0.0641
0.0593
0.0559
0.0548
0.0644
0.0605
0.0586
0.0645
0.0599
0.0615
0.0634
0.0643
0.0631
0.061
0.0628
0.0594
0.0591
0.0583
0.0565
0.0608
0.0569
0.0592
0.0656
0.0595
0.0581
0.0581
0.0574
0.0637
0.0587
0.0567
0.06
0.0653
0.0616
0.0632
0.0608
0.0599
0.06
0.0582
0.0585
0.0596
0.0636
0.0631
0.0599
0.0642
0.0603
0.059
0.0644
0.0595
0.062
0.0629
0.0592
0.0582
0.0599
0.061
0.0631
0.056
0.0584
0.0589
0.0612
0.0558
0.0693
0.0592
0.06
0.0587
0.0607
0.0609
0.0567
0.0608
0.0599
0.0599
0.0637
0.0594
0.0616
0.0598
0.057
0.0561
0.0641
0.0608
0.0582
0.0607
0.0575
0.0597
0.0593
0.0577
0.0615
0.0558
0.0623
0.0576
0.0584
0.0581
0.0602
0.0731
0.0783
0.0823
0.0816
0.071
0.0726
0.063
0.0687
0.0567
0.0712
0.0802
0.0854
0.0608
0.0689
0.0599
0.0611
0.0572
0.0582
0.0584
0.0605
0.0589
0.0563
0.0587
0.0634
0.0601
0.0596
0.0596
0.0682
0.059
0.0665
0.0662
0.0568
0.0561
0.0667
0.0608
0.0538
0.0589
0.0556
0.0631
0.0589
0.0654
0.0613
0.0652
0.056
0.0565
0.0662
0.0567
0.0561
0.0696
0.0586
0.0661
0.0731
0.057
0.1375
0.0318
0.0632
0.0603
0.0686
0.0638
0.063
0.0615
0.0551
0.0595
0.0585
0.0619
0.0589
0.0597
0.0627
0.0585
0.0612
0.066
0.0624
0.056
0.0622
0.0616
0.0583
0.0569
0.0641
0.0664
0.0603
0.0668
0.0662
0.0615
0.0631
0.0582
0.0662
0.0607
0.0622
0.0617
0.0615
0.0565
0.0578
0.0596
0.0627
0.0622
0.0595
0.0698
0.0576
0.0638
0.0608
0.0637
0.0588
0.0608
0.0629
0.0575
0.0624
0.0641
0.0641
0.0641
0.0607
0.0663
0.0634
0.0547
0.0665
0.056
0.0602
0.0604
0.0628
0.0602
0.0606
0.0582
0.0545
0.0572
0.0621
0.0585
0.0553
0.0552
0.0727
0.0591
0.0598
0.0604
0.0584
0.0654
0.0555
0.0574
0.0643
0.058
0.0617
0.0604
0.0648
0.056
0.0612
0.0585
0.0618
0.0577
0.0582
0.0617
0.0564
0.0665
0.0623
0.0566
0.0586
0.0603
0.0587
0.0559
0.0567
0.0601
0.0588
0.0565
0.0656
0.0605
0.0594
0.0598
0.0571
0.0565
0.0603
0.0569
0.0578
0.0619
0.0597
0.0605
0.0632
0.0585
0.0626
0.0556
0.058
0.0569
0.0623
0.0583
0.0587
0.0616
0.0549
0.0549
0.0625
0.0635
0.0614
0.0596
0.0625
0.0629
0.0619
0.0601
0.0631
0.0628
0.0587
0.0585
0.0697
0.0626
0.0605
0.0591
0.0628
0.0565
0.0659
0.0553
0.0612
0.0626
0.0611
0.0619
0.0595
0.0571
0.0678
0.0594
0.06
0.0587
0.0597
0.0613
0.0568
0.0565
0.0601
0.0599
0.0648
0.0585
0.056
0.0605
0.0556
0.0583
0.0647
0.0573
0.06
0.0583
0.0569
0.0567
0.0584
0.0628
0.0609
0.0569
0.0652
0.0588
0.0616
0.0567
0.0605
0.0621
0.0571
0.0616
0.0609
0.0617
0.0607
0.0632
0.0592
0.0622
0.0648
0.0601
0.0594
0.0667

---------------------------------
VideoDecoderSubmitBuffers_D3D11_1
---------------------------------
1.2168
1.2717
1.5719
0.4954
2.6734
1.4983
0.7878
1.0546
0.3002
0.2102
0.2528
0.2176
0.2147
0.2054
0.2436
0.1995
0.2187
0.2463
0.1931
0.195
0.2894
0.2049
0.1939
0.2622
0.2062
0.311
0.2161
0.2053
0.2071
0.2362
0.1975
0.1919
0.2396
0.2153
0.233
0.2199
0.2256
0.2219
0.2217
0.1888
0.2374
0.2115
0.2313
0.2128
0.2759
0.2268
0.2107
0.2075
0.241
0.2138
0.2596
0.2214
0.2113
0.2556
0.2308
0.2167
0.1893
0.1801
0.1769
0.2396
0.2484
0.2034
0.247
0.2292
0.2416
0.2497
0.2485
0.2598
0.2126
0.2203
0.2964
0.219
0.224
0.2618
0.2624
0.2185
0.2577
0.2181
0.215
0.2117
0.2751
0.1976
0.1938
0.2041
0.225
0.2258
0.3017
0.2995
0.2294
0.2708
0.2053
0.1866
0.2337
0.2202
0.2472
0.2549
0.2527
0.2455
0.2411
0.1897
0.2323
0.2842
0.2412
0.2173
0.2619
0.2592
0.2046
0.1963
0.1871
0.181
0.2069
0.1912
0.1841
0.1889
0.204
0.2046
0.2716
0.3144
0.2248
0.2645
0.2255
0.241
0.2154
0.2472
0.2327
0.2387
0.3155
0.2751
0.2635
0.1996
0.2408
0.2591
0.2135
0.1893
0.2901
0.334
0.2704
0.2418
0.2349
0.2331
0.2693
0.3021
0.2222
0.2086
0.2857
0.2143
0.3252
0.2935
0.2088
0.2743
0.2336
0.2144
0.3403
0.3071
0.2102
0.2864
0.2291
0.3675
0.2434
0.2012
0.2297
0.2196
0.1993
0.1852
0.2014
0.2014
0.2047
0.2387
0.2157
0.3013
0.2629
0.2438
0.1996
0.2157
0.2228
0.2105
0.3435
0.2264
0.2771
0.2381
0.2127
0.2068
0.2059
0.2163
0.2642
0.295
0.3196
0.2268
0.2313
0.1911
0.2326
0.1955
0.2095
0.1915
0.2511
0.2627
0.2145
0.2
0.186
0.2404
0.23
0.2088
0.2005
0.2196
0.2176
0.2069
0.2802
0.2103
0.2553
0.2288
0.2224
0.2043
0.2299
0.2096
0.2323
0.218
0.2291
0.2405
0.2094
0.1927
0.2879
0.2082
0.2156
0.2091
0.2275
0.2136
0.2287
0.2433
0.1887
0.1902
0.2851
0.2306
0.1913
0.1912
0.1974
0.1964
0.1955
0.2028
0.2014
0.2311
0.1958
0.1948
0.234
0.2033
0.2227
0.2149
0.2169
0.2346
0.2026
0.1957
0.2275
0.2047
0.2172
0.2052
0.2349
0.1983
0.2223
0.2277
0.1888
0.185
0.2297
0.2139
0.2024
0.2009
0.2043
0.2023
0.2012
0.1972
0.1965
0.2322
0.1994
0.1917
0.2184
0.1958
0.2102
0.2364
0.2071
0.2183
0.215
0.2027
0.2365
0.2073
0.2218
0.2055
0.2274
0.2008
0.2207
0.2213
0.2126
0.1989
0.2358
0.2753
0.1979
0.2072
0.1977
0.1962
0.2035
0.2012
0.1988
0.2231
0.1986
0.1999
0.2324
0.2035
0.2235
0.2374
0.2153
0.228
0.2229
0.2088
0.2403
0.2057
0.2177
0.2093
0.2268
0.1997
0.2538
0.2297
0.215
0.1985
0.2334
0.202
0.1931
0.1969
0.1963
0.1996
0.1999
0.1998
0.1935
0.2268
0.1945
0.1978
0.2267
0.2161
0.2138
0.2292
0.2052
0.2278
0.2234
0.2082
0.2407
0.2054
0.2149
0.2077
0.234
0.2061
0.2398
0.2728
0.2838
0.1945
0.309
0.2549
0.2904
0.2333
0.2
0.2018
0.2213
0.2786
0.287
0.2332
0.1989
0.1972
0.2425
0.215
0.2092
0.2218
0.2219
0.2368
0.2067
0.1996
0.2974
0.2145
0.2173
0.1965
0.2382
0.2006
0.2283
0.237
0.1865
0.1902
0.2401
0.2137
0.1825
0.1946
0.1835
0.3047
0.2207
0.2861
0.2197
0.2355
0.2028
0.2022
0.2508
0.2144
0.2182
0.2304
0.2323
0.217
0.2273
0.1907
0.2198
0.2063
0.2086
0.205
0.2454
0.2031
0.2199
0.2229
0.1857
0.194
0.2234
0.2298
0.1995
0.2098
0.2793
0.2185
0.2526
0.3322
0.2239
0.2073
0.2125
0.205
0.2166
0.2293
0.2157
0.2055
0.2307
0.3058
0.233
0.2093
0.2863
0.2078
0.2596
0.2126
0.253
0.2404
0.2369
0.2103
0.2417
0.1951
0.2358
0.2047
0.2522
0.3136
0.1998
0.245
0.2216
0.2707
0.1957
0.229
0.2165
0.1854
0.2071
0.2213
0.2279
0.2124
0.2385
0.2214
0.2241
0.1905
0.2272
0.2099
0.2119
0.2025
0.2348
0.2028
0.2279
0.2215
0.1833
0.1927
0.2938
0.2297
0.1866
0.1986
0.2846
0.2002
0.1982
0.1985
0.1968
0.232
0.2
0.1929
0.2271
0.2132
0.2269
0.208
0.2226
0.1955
0.1926
0.1882
0.2246
0.2042
0.2196
0.207
0.2168
0.2276
0.2303
0.2073
0.2052
0.2037
0.2315
0.1995
0.1917
0.2005
0.2011
0.2003
0.2002
0.1942
0.1922
0.2336
0.1956
0.194
0.2299
0.2076
0.212
0.235
0.2001
0.2089
0.222
0.1942
0.238
0.2058
0.2182
0.2087
0.2347
0.2047
0.225
0.2298
0.1851
0.1832
0.2226
0.2114
0.2014
0.2017
0.2028
0.2514
0.2933
0.2131
0.3113
0.2375
0.2025
0.1974
0.2298
0.2178
0.2319
0.2295
0.2057
0.213
0.2194
0.1882
0.2355
0.2198
0.2303
0.2079
0.2258
0.1994
0.2314
0.2339
0.2187
0.2101
0.2332
0.2262
0.1875
0.2016
0.1991
0.2506
0.2154
0.189
0.1866
0.286
0.1996
0.1943
0.2281
0.2113
0.2322
0.2298
0.1964
0.2124
0.2092
0.2118
0.2213
0.2046
0.2233
0.2077
0.2323
0.2041
0.2272
0.23
0.2121
0.1992
0.2377
0.1995
0.1921
0.2043
0.2104
0.2011
0.1921
0.1975
0.1949
0.3277

