---------------------------------------------
CalcPrivateVideoDecoderOutputViewSize_D3D11_1
---------------------------------------------
0.0024
0.0017
0.0018
0.0012
0.0013
0.0008
0.0039
0.0008
0.0009
0.0014
0.0009
0.0007
0.0007
0.0015
0.0007
0.0006
0.0006
0.0007
0.0006
0.0019
0.0011
0.0018
0.001
0.0008
0.0007
0.0008
0.0023
0.0008
0.0022
0.0008
0.0008
0.0006
0.001
0.0008
0.0006
0.0011
0.0007
0.001
0.0007
0.0006
0.0007
0.0007
0.0019
0.0007
0.001
0.0008
0.0006
0.0007
0.0006
0.0006
0.0007
0.0007
0.0011
0.0006
0.0006
0.001
0.0009
0.0006
0.0008
0.0006
0.0006
0.0005
0.0017
0.0037
0.0009
0.0011
0.0008
0.0016
0.0012
0.0017
0.0014
0.0016
0.0008
0.0007
0.0007
0.0011
0.0008
0.0012
0.0006
0.0007
0.0007
0.0007
0.0006
0.0006
0.0006
0.0009
0.0007
0.0006
0.0006
0.0009
0.0007
0.0008
0.0007
0.0006
0.003
0.001
0.0007
0.0011
0.0008
0.001
0.0006
0.0006
0.0016
0.0016
0.001
0.0017
0.0016
0.0017
0.0024
0.0033
0.001
0.0012
0.0006
0.0029
0.0007
0.0013
0.001
0.0006
0.0006
0.0007
0.0006
0.0008
0.0007
0.0008
0.0007
0.0006
0.0009
0.0006
0.0007
0.0007
0.001
0.0023
0.0013
0.0016
0.0021
0.0012
0.001
0.0009
0.0007
0.0016
0.0011
0.0032
0.0009
0.0006
0.0007
0.0016
0.0008
0.0007
0.0007
0.001
0.0008
0.0008
0.001
0.0006
0.0007
0.0007
0.0006
0.0007
0.0006
0.0006
0.0007
0.0006
0.0007
0.0006
0.0008
0.0011
0.0006
0.0007
0.0009
0.0007
0.0006
0.0009
0.0006
0.0012
0.0007
0.0006
0.0007
0.0007
0.0006
0.0006
0.0005
0.0006
0.0007
0.0005
0.0007
0.0006
0.0006
0.0006
0.0006
0.0006
0.0006
0.0006
0.0006
0.0006
0.0007
0.0006
0.0006
0.001
0.001
0.0006
0.0007
0.0011
0.0017
0.0014
0.0017
0.0017
0.0011
0.0015
0.0008
0.0007
0.0006
0.0115
0.0008
0.0006
0.0006
0.0006
0.0006
0.0005
0.0007
0.0007
0.0006
0.0007
0.0006
0.0007
0.0007
0.0005
0.0006
0.0006
0.0006
0.0005
0.0009
0.0009
0.0007
0.0006
0.0007
0.0006
0.0007
0.0007
0.0015
0.0006
0.0006
0.001
0.0009
0.0008
0.0007
0.0007
0.0006
0.0006
0.0006
0.0017
0.0007
0.0006
0.0006
0.0005
0.0005
0.0006
0.0012
0.0007
0.0008
0.0008
0.0007
0.0006
0.0012
0.0009
0.0009
0.0006
0.0006
0.0008
0.0007
0.0006
0.0017
0.0007
0.0006
0.001
0.0006
0.0006
0.0005
0.0006
0.0006
0.0006
0.0006
0.0006
0.0018
0.0006
0.0006
0.0005
0.0006
0.0006
0.0007
0.0026
0.0012
0.0018
0.0008
0.0015
0.0009
0.0009
0.001
0.001
0.0007
0.001
0.0007
0.0007
0.0023
0.0012
0.0007
0.0008
0.0007
0.0007
0.0006
0.0006
0.0007
0.0007
0.0007
0.0007
0.0006
0.0006
0.0108
0.0007
0.0006
0.0008
0.0007
0.0006
0.0007
0.0016
0.0009
0.0008
0.0008
0.0006
0.0006
0.0007
0.0011
0.0006
0.0006
0.0006
0.0024
0.0007
0.0006
0.0006
0.0018
0.0007
0.0006
0.0008
0.0009
0.0005
0.0007
0.0007
0.0006
0.0006
0.0007
0.0007
0.0006
0.0007
0.0006
0.0006
0.0006
0.0007
0.0007
0.001
0.0007
0.0006
0.0007
0.0006
0.0006
0.0008
0.0007
0.0006
0.0007
0.0007
0.0006
0.0006
0.0006
0.0006
0.0007
0.0006
0.0006
0.0006
0.0006
0.0005
0.0006
0.0006
0.0007
0.0006
0.0006
0.0013
0.0007
0.0007
0.0006
0.0006
0.0006
0.0006
0.0006
0.0006
0.0007
0.0006
0.0006
0.0006
0.0009
0.0009
0.0007
0.0007
0.0007
0.0007
0.0006
0.0007
0.0006
0.0009
0.0007
0.0007
0.0008
0.0006
0.0006
0.0006
0.0006
0.0007
0.0006
0.0007
0.0009
0.0006
0.0009
0.0007
0.0006
0.0006
0.0005
0.0005
0.0006
0.0006
0.0007
0.0006
0.0007
0.0008
0.0007
0.0007
0.0007
0.0009
0.0007
0.0006
0.0007
0.0006
0.0006
0.0007
0.0006
0.0005
0.0007
0.0007
0.0007
0.0006
0.0007
0.0006
0.0008
0.0007
0.0007
0.0006
0.0006
0.0006
0.0007
0.0006
0.0006
0.0005
0.0005
0.0006
0.0006
0.0008
0.0008
0.0008
0.0007
0.0007
0.001
0.0006
0.0007
0.0006
0.0006
0.0006
0.0006
0.0006
0.0155
0.0007
0.0006
0.0006
0.0007
0.0007
0.0006
0.0007
0.0006
0.0005
0.0014
0.0006
0.0006
0.0007
0.0006
0.0018
0.0009
0.0011
0.0009
0.0008
0.0009
0.0024
0.0007
0.001
0.0007
0.0007
0.0008
0.0008
0.0015
0.0021
0.0009
0.0008
0.0008
0.0007
0.0013
0.0008
0.0009
0.0007
0.0019
0.001
0.0008
0.0007
0.0006
0.0006
0.0008
0.0006
0.0006
0.0006
0.0009
0.0006
0.0007
0.0006
0.0007
0.0011
0.0008
0.0006
0.0007
0.0007
0.0006
0.0006
0.0006
0.0009
0.0007
0.0006
0.0018
0.0009
0.0009
0.0006
0.0006
0.0007
0.0015
0.0009
0.0008
0.0008
0.0009
0.0007
0.0007
0.0006
0.0006
0.0006
0.0009
0.0006
0.0006
0.0006
0.0006
0.0006
0.0009
0.0008
0.0007
0.0006
0.0012
0.0017
0.0009
0.0007
0.0015
0.0014
0.0007
0.001
0.0007
0.0016
0.001
0.001
0.0008
0.0008
0.0007
0.0007
0.0009
0.0007
0.0007
0.0007
0.0007
0.0006
0.0008
0.0008
0.0006
0.0007
0.0007
0.0007
0.0006
0.0008
0.0011
0.001
0.0008
0.0007
0.0007
0.001

-----------------------
CodechalDecode::Execute
-----------------------
7.4287
18.2711
15.7933
0.6672
8.9991
0.7908
0.6782
0.6707
0.5858
0.5843
0.6089
0.5732
0.5795
0.5771
0.6431
0.5588
0.6177
0.5754
0.6336
0.7404
0.7678
0.7485
0.594
0.524
0.3941
0.4183
0.4159
0.4006
0.4306
0.421
0.4653
0.4811
0.4672
0.4331
0.3874
0.525
0.3901
0.5623
0.4141
0.3944
0.4116
0.4396
0.4388
0.3863
0.571
0.417
0.4042
0.387
0.4056
0.4045
0.4626
0.4135
0.4096
0.4405
0.4214
0.5871
0.5572
0.4319
0.4787
0.4303
0.3972
0.4031
0.4587
0.6361
0.4178
0.4027
0.3898
0.4806
0.5679
0.5164
0.5962
0.4936
0.3979
0.4156
0.4455
0.5813
0.4229
0.387
0.4063
0.4304
0.3972
0.4044
0.4149
0.3934
0.456
0.5549
0.4606
0.4094
0.4498
0.5945
0.4089
0.4594
0.429
0.4308
0.4248
0.5716
0.4294
0.5553
0.4611
0.3938
0.4514
0.3982
0.5138
0.4604
0.4751
0.5166
0.4871
0.5868
0.718
0.5562
0.4297
0.4422
0.3967
0.5374
0.4145
0.4287
0.3854
0.3744
0.3851
0.3856
0.3791
0.4227
0.4083
0.4036
0.4181
0.395
0.4212
0.4127
0.4331
0.393
0.5296
0.4809
0.394
0.4696
0.5053
0.4572
0.4282
0.4066
0.4351
0.447
0.4209
0.4521
0.46
0.4003
0.4539
0.4648
0.4318
0.3937
0.4135
0.3902
0.4287
0.3906
0.3987
0.4186
0.4202
0.4236
0.3824
0.4167
0.437
0.3975
0.4199
0.3826
0.3961
0.4134
0.3911
0.4117
0.3919
0.4233
0.417
0.4069
0.392
0.4329
0.3881
0.3897
0.4079
0.4153
0.3815
0.414
0.4012
0.4126
0.4026
0.3962
0.4055
0.4086
0.4097
0.3843
0.4049
0.4045
0.4111
0.4002
0.4126
0.3884
0.3986
0.4017
0.4082
0.4055
0.4205
0.3869
0.3935
0.4148
0.4131
0.3994
0.4231
0.455
0.5005
0.6544
0.47
0.4873
0.4251
0.3876
0.4051
0.4145
0.4209
0.3838
0.4146
0.4115
0.3967
0.421
0.3845
0.4063
0.4066
0.4176
0.3813
0.4145
0.3878
0.4096
0.391
0.4241
0.3916
0.4114
0.4203
0.3667
0.4358
0.3949
0.4102
0.4177
0.4257
0.3967
0.4191
0.4
0.4366
0.4341
0.4253
0.412
0.4257
0.3986
0.4095
0.386
0.4207
0.3756
0.385
0.4041
0.3899
0.4177
0.4055
0.4153
0.473
0.4212
0.3996
0.3898
0.3777
0.3873
0.4552
0.4173
0.3739
0.4276
0.3741
0.4165
0.4189
0.4265
0.4572
0.4104
0.3971
0.4059
0.4081
0.4041
0.4081
0.4064
0.4022
0.407
0.4056
0.4058
0.3915
0.4459
0.383
0.4114
0.4067
0.4118
0.4038
0.4471
0.4261
0.4882
0.4408
0.4792
0.4484
0.3955
0.4336
0.3952
0.4241
0.4316
0.4435
0.3914
0.4224
0.4271
0.4068
0.4181
0.4178
0.3804
0.4167
0.3908
0.4091
0.4247
0.3855
0.4137
0.4305
0.4214
0.4112
0.4267
0.3966
0.4201
0.3876
0.4064
0.4263
0.4514
0.3864
0.4096
0.4014
0.3889
0.4169
0.3769
0.3758
0.4049
0.4005
0.4104
0.3848
0.4233
0.4234
0.3858
0.4027
0.3764
0.4101
0.3931
0.4013
0.4101
0.3798
0.4076
0.3933
0.3994
0.4042
0.4068
0.3998
0.406
0.4087
0.3994
0.4091
0.4174
0.4126
0.3887
0.413
0.4124
0.3809
0.4046
0.406
0.3941
0.4181
0.4003
0.4044
0.416
0.3825
0.409
0.4037
0.4023
0.4058
0.407
0.4012
0.4133
0.4025
0.4127
0.4136
0.4067
0.3855
0.4207
0.3988
0.4346
0.4172
0.4165
0.418
0.3782
0.4122
0.3931
0.4095
0.4121
0.4212
0.4225
0.4133
0.3844
0.4015
0.3891
0.4198
0.3853
0.4131
0.3887
0.4195
0.4139
0.3917
0.3867
0.4167
0.4315
0.3879
0.4153
0.42
0.3783
0.4111
0.408
0.504
0.4052
0.5308
0.4111
0.4137
0.4195
0.3849
0.4151
0.4058
0.3769
0.4179
0.407
0.4072
0.4136
0.3881
0.3735
0.4277
0.388
0.4173
0.3948
0.4351
0.3945
0.4237
0.3864
0.4156
0.4219
0.3895
0.4146
0.4162
0.3856
0.4112
0.3897
0.4215
0.389
0.3987
0.4256
0.3834
0.4231
0.3944
0.4237
0.384
0.4241
0.3879
0.4073
0.383
0.4136
0.3784
0.4
0.398
0.4139
0.3854
0.4202
0.3741
0.4075
0.4047
0.4029
0.4166
0.394
0.4109
0.4043
0.439
0.4114
0.424
0.3784
0.4178
0.3951
0.4129
0.3992
0.4156
0.3789
0.41
0.4102
0.4094
0.4059
0.4098
0.4707
0.4358
0.3984
0.4142
0.3986
0.4419
0.3895
0.4173
0.3989
0.4198
0.3892
0.4002
0.4445
0.4041
0.4913
0.4353
0.3934
0.445
0.4181
0.4057
0.422
0.3947
0.4071
0.5193
0.426
0.3843
0.4039
0.4037
0.402
0.3756
0.3835
0.4179
0.3797
0.4033
0.4049
0.4052
0.4028
0.3716
0.4281
0.3668
0.3954
0.4063
0.4148
0.3873
0.4154
0.4106
0.3935
0.4231
0.3781
0.4796
0.4158
0.4058
0.4081
0.4078
0.3988
0.4461
0.4422
0.415
0.415
0.3861
0.4152
0.4061
0.4233
0.3786
0.3944
0.386
0.3984
0.4077
0.3785
0.4018
0.4006
0.3916
0.4067
0.3895
0.4118
0.3997
0.4759
0.4264
0.4095
0.4299
0.4029
0.43
0.4421
0.4106
0.506
0.4614
0.3972
0.4071
0.3861
0.4179
0.4006
0.3763
0.4063
0.4148
0.3848
0.4066
0.4055
0.4219
0.3875
0.4215
0.3869
0.4209
0.394
0.4264
0.3925
0.4069
0.4121
0.423
0.3911
0.5031
0.3937

---------------------------------------
CodechalDecodeHevcG12::DecodeStateLevel
---------------------------------------
0.5031
5.912
8.6812
6.1482
0.2955
8.1854
0.2329
0.214
0.245
8.5326
0.241
0.2441
0.2042
0.2268
0.247
0.2079
0.24
0.201
0.22
0.1846
0.2279
0.186
0.2136
0.1822
0.2367
0.1866
0.2154
0.1779
0.2636
0.188
0.2114
0.1651
0.2363
0.1885
0.214
0.1816
0.2375
0.1899
0.3335
0.1994
0.2786
0.2382
0.3104
0.2061
0.2426
0.1747
0.2028
0.1698
0.1501
0.1261
0.1494
0.1339
0.1591
0.1249
0.1508
0.1241
0.1547
0.1452
0.1659
0.1325
0.1782
0.139
0.1711
0.1609
0.1753
0.1376
0.1763
0.1405
0.1482
0.1248
0.1998
0.181
0.1472
0.1289
0.214
0.1904
0.1528
0.1397
0.147
0.1286
0.1526
0.1365
0.1612
0.151
0.1508
0.1644
0.1488
0.1257
0.2239
0.1869
0.16
0.1339
0.1506
0.1344
0.1505
0.1225
0.1555
0.134
0.1535
0.1293
0.1832
0.1428
0.1515
0.1404
0.1558
0.1286
0.1656
0.1386
0.1599
0.1347
0.2276
0.1927
0.213
0.1866
0.1606
0.1471
0.1859
0.1483
0.1554
0.1577
0.1511
0.1336
0.155
0.1297
0.1704
0.1471
0.2529
0.187
0.163
0.1289
0.1563
0.1231
0.1494
0.1232
0.1843
0.1389
0.2121
0.1863
0.2068
0.1375
0.2276
0.197
0.1983
0.129
0.152
0.1231
0.1583
0.1315
0.1737
0.14
0.2262
0.1901
0.1607
0.1342
0.1444
0.1177
0.151
0.1282
0.1629
0.1262
0.15
0.1283
0.1485
0.1329
0.1572
0.1295
0.148
0.1273
0.1798
0.1408
0.2102
0.1827
0.1761
0.151
0.1564
0.1318
0.1728
0.148
0.2409
0.1844
0.1602
0.1274
0.1817
0.1386
0.1629
0.1354
0.1592
0.1407
0.1612
0.1329
0.2227
0.1834
0.1598
0.1389
0.2168
0.1766
0.1825
0.1437
0.1494
0.1298
0.1759
0.1387
0.1499
0.1277
0.2033
0.1486
0.1873
0.1286
0.1697
0.1643
0.195
0.1392
0.1968
0.1296
0.2572
0.1443
0.2402
0.2193
0.191
0.1967
0.1646
0.1283
0.1652
0.1252
0.1454
0.1353
0.2162
0.1322
0.1607
0.1262
0.1574
0.1369
0.1471
0.1213
0.1415
0.1233
0.1431
0.1284
0.1445
0.1257
0.1435
0.1233
0.1553
0.1375
0.1528
0.1325
0.157
0.1243
0.1584
0.1296
0.1448
0.1299
0.161
0.1303
0.1549
0.1363
0.1631
0.1386
0.1484
0.1263
0.1943
0.1525
0.2007
0.1277
0.1532
0.1124
0.1798
0.1287
0.2022
0.1335
0.1883
0.1272
0.1625
0.1277
0.1569
0.1256
0.1658
0.1299
0.1847
0.1181
0.1624
0.1279
0.1768
0.1297
0.1799
0.1297
0.1525
0.1223
0.1619
0.1699
0.1844
0.1242
0.1651
0.1336
0.1493
0.1249
0.1565
0.1286
0.149
0.1188
0.1651
0.126
0.146
0.1269
0.1528
0.1224
0.1647
0.1283
0.1591
0.1325
0.1657
0.1293
0.1454
0.1209
0.1604
0.1268
0.1733
0.1263
0.1479
0.1299
0.1587
0.1323
0.1451
0.1208
0.1506
0.1279
0.1541
0.1327
0.1493
0.1199
0.1593
0.1201
0.1506
0.1195
0.1589
0.1361
0.1586
0.1257
0.158
0.1257
0.1524
0.12
0.1648
0.132
0.145
0.1232
0.1469
0.1202
0.1505
0.1314
0.159
0.1314
0.1454
0.1225
0.1612
0.1261
0.1541
0.1244
0.1539
0.1315
0.1519
0.1241
0.1495
0.1249
0.1529
0.127
0.1554
0.1249
0.156
0.1282
0.1449
0.1253
0.1545
0.1273
0.154
0.1281
0.153
0.1319
0.1524
0.1235
0.1553
0.1327
0.1444
0.1261
0.154
0.124
0.1514
0.1258
0.1553
0.1256
0.1587
0.1226
0.1619
0.1264
0.1478
0.1187
0.151
0.1159
0.1594
0.1223
0.1534
0.1323
0.1519
0.1207
0.1633
0.1289
0.1769
0.1325
0.2012
0.1304
0.2513
0.2056
0.1908
0.129
0.1935
0.1344
0.1614
0.1341
0.1439
0.1277
0.1557
0.1255
0.1452
0.1338
0.1592
0.1331
0.1455
0.1208
0.1541
0.1348
0.1572
0.1344
0.1505
0.1255
0.16
0.1333
0.1442
0.1264
0.1569
0.1264
0.1537
0.1325
0.1574
0.1347
0.1459
0.1205
0.1562
0.1348
0.1511
0.1209
0.159
0.1242
0.1467
0.1231
0.167
0.1267
0.1499
0.121
0.153
0.1323
0.154
0.1236
0.1418
0.1128
0.1719
0.1268
0.1491
0.126
0.1581
0.1264
0.1579
0.1332
0.1634
0.1255
0.1542
0.1214
0.1579
0.1325
0.1513
0.1243
0.1641
0.1305
0.1655
0.1307
0.1586
0.1336
0.1564
0.1304
0.157
0.1346
0.1516
0.1295
0.1542
0.1293
0.1444
0.1259
0.1544
0.1409
0.1412
0.1252
0.1433
0.1271
0.1524
0.128
0.1442
0.1288
0.1548
0.1342
0.1537
0.1245
0.1593
0.127
0.185
0.146
0.1686
0.1299
0.149
0.127
0.1468
0.1248
0.1466
0.1196
0.1454
0.1261
0.1791
0.1288
0.1565
0.1305
0.1441
0.1119
0.1652
0.1273
0.1409
0.1211
0.1613
0.1286
0.1583
0.136
0.1635
0.1304
0.1852
0.1255
0.1608
0.1248
0.152
0.1238
0.1534
0.1283
0.1541
0.1307
0.1552
0.1245
0.1523
0.1292
0.1522
0.1319
0.154
0.1243
0.1559
0.1266
0.1546
0.124
0.1568
0.1248
0.1478
0.1198
0.1577
0.1596
0.1455
0.1207
0.1535
0.1278
0.1514
0.1305
0.1566
0.1302
0.1564
0.1236
0.1757
0.1235
0.1607
0.13
0.1987
0.1304
0.1685
0.1298
0.1916
0.1292
0.1796
0.1296
0.1547
0.1207
0.1737
0.1263
0.1466
0.1213
0.1662
0.124
0.1685
0.1273
0.167
0.1326
0.1518
0.1234
0.1624
0.1255
0.1634
0.1244
0.1571
0.122
0.1578
0.1343
0.1657
0.1273
0.1431
0.1238
0.1531
0.1405
0.154
0.1225
0.1571
0.1286
0.161
0.1336
0.153
0.1202
0.1554
0.1281
0.1774
0.1275
0.1611
0.135
0.1687
0.1232
0.163
0.1291
0.1573
0.123
0.1616
0.1325
0.1539
0.1213
0.1592
0.1252
0.1739
0.1262
0.1818
0.123
0.1492
0.121
0.1518
0.1275
0.1521
0.1291
0.1463
0.1273
0.1567
0.1354
0.1416
0.1182
0.1464
0.1112
0.1544
0.1254
0.1506
0.1231
0.1574
0.1311
0.1435
0.1264
0.1692
0.125
0.1654
0.1266
0.1439
0.1259
0.1594
0.1233
0.1457
0.1195
0.1519
0.1328
0.1469
0.1202
0.1488
0.1278
0.1544
0.1302
0.1449
0.1196
0.1535
0.134
0.1495
0.1247
0.1517
0.1243
0.155
0.127
0.1519
0.1305
0.1508
0.124
0.1532
0.1311
0.1537
0.1309
0.1549
0.1217
0.156
0.1305
0.1595
0.1302
0.1565
0.1242
0.145
0.1181
0.158
0.1284
0.1572
0.1248
0.1452
0.1235
0.1537
0.1284
0.1568
0.124
0.1502
0.1155
0.1625
0.1252
0.1536
0.125
0.153
0.131
0.1563
0.1327
0.1465
0.1203
0.1538
0.1317
0.1543
0.1259
0.1518
0.1239
0.1538
0.1275
0.1525
0.1307
0.1538
0.123
0.1601
0.1238
0.1534
0.1227
0.1541
0.1346
0.1601
0.1246
0.1567
0.124
0.1461
0.1256
0.1541
0.1408
0.1527
0.122
0.1629
0.1238
0.1637
0.1261
0.1589
0.1293
0.1601
0.1309
0.1432
0.119
0.1534
0.1334
0.1564
0.1195
0.1567
0.1249
0.1555
0.1322
0.164
0.1245
0.166
0.1263
0.155
0.1328
0.147
0.12
0.1549
0.1181
0.1474
0.1191
0.1625
0.1254
0.146
0.1219
0.1601
0.1254
0.1475
0.1204
0.1637
0.1261
0.159
0.1264
0.1456
0.1248
0.1487
0.1183
0.164
0.124
0.1702
0.1245
0.1474
0.1181
0.1565
0.1286
0.1572
0.1308
0.1454
0.1186
0.1528
0.1339
0.1534
0.1314
0.2004
0.1559
0.1575
0.1272
0.1977
0.1771
0.1568
0.1304
0.1569
0.1229
0.163
0.1263
0.1452
0.1238
0.1585
0.1274
0.154
0.128
0.1432
0.1184
0.1507
0.1246
0.1533
0.1309
0.1556
0.1244
0.1565
0.1305
0.1506
0.1188
0.1386
0.111
0.1634
0.1249
0.1442
0.12
0.1583
0.1238
0.1528
0.1182
0.1696
0.1298
0.156
0.1189
0.1663
0.1261
0.1483
0.1211
0.1564
0.1306
0.1606
0.1285
0.1459
0.1265
0.1571
0.1276
0.1577
0.1323
0.1453
0.124
0.1562
0.129
0.1453
0.1269
0.1604
0.1266
0.1474
0.1227
0.1592
0.1178
0.1714
0.1261
0.1465
0.1185
0.1663
0.1246
0.1467
0.1265
0.1658
0.1265
0.1457
0.1186
0.1547
0.1387
0.1462
0.1254
0.1546
0.125
0.1455
0.1219
0.1554
0.1291
0.1436
0.119
0.1511
0.1207
0.1506
0.116
0.1594
0.1239
0.146
0.1215
0.1638
0.1265
0.1421
0.1154
0.156
0.1237
0.1503
0.1308
0.1579
0.1222
0.1587
0.1277
0.1451
0.1306
0.1555
0.1261
0.1529
0.1271
0.1596
0.1229
0.1548
0.1244
0.1688
0.1261
0.1441
0.1187
0.1569
0.1337
0.1463
0.126
0.1554
0.1294
0.1524
0.1244
0.1623
0.1242
0.1453
0.1196
0.1519
0.1314
0.1546
0.132
0.1545
0.1308
0.1558
0.1232
0.1542
0.1314
0.184
0.13
0.1702
0.1286
0.1563
0.1168
0.1644
0.1247
0.1485
0.1289
0.1629
0.137
0.1434
0.1342
0.1657
0.1267
0.1467
0.1313
0.1687
0.1255
0.1405
0.1243
0.1497
0.1195
0.1792
0.1256
0.1522
0.1189
0.2022
0.129
0.1694
0.1353
0.1471
0.126
0.1603
0.1405
0.1593
0.1326
0.1544
0.1215
0.1555
0.1339
0.1464
0.1248
0.1583
0.1266
0.2111
0.1288
0.1622
0.1332
0.1437
0.1245
0.1541
0.1255
0.1524
0.1237
0.1517
0.128
0.1415
0.1151
0.144
0.124
0.1588
0.1299
0.1423
0.1238
0.1533
0.1283
0.1516
0.1299
0.1517
0.1303
0.1533
0.1245
0.1398
0.1188
0.1633
0.1237
0.1416
0.1132
0.1486
0.1282
0.1533
0.1289
0.1576
0.1307
0.144
0.128
0.162
0.1284
0.1532
0.1317
0.1485
0.1195
0.1631
0.1237
0.1407
0.1254
0.1798
0.1384
0.1551
0.1324
0.1558
0.1254
0.1535
0.1274
0.1524
0.1295
0.1528
0.1241
0.168
0.1307
0.1591
0.1573
0.1652
0.1261
0.159
0.1293
0.1438
0.1268
0.1551
0.1278
0.1547
0.1278
0.1593
0.1346
0.144
0.1184
0.1524
0.1235
0.1431
0.1214
0.1509
0.1256
0.1609
0.1249
0.1438
0.1206
0.1514
0.1299
0.1566
0.1232
0.1488
0.1196
0.1552
0.1242
0.1523
0.1197
0.1527
0.1293
0.1584
0.1167
0.1872
0.1323
0.1601
0.1257
0.1589
0.1223
0.1715
0.1206
0.1543
0.1197
0.1705
0.1264
0.1753
0.1269
0.1592
0.1258
0.2038
0.1303
0.1933
0.1288
0.1547
0.1211
0.1583
0.124
0.1445
0.1303
0.162
0.1263
0.1566
0.1229
0.1454
0.1168
0.1634
0.1235
0.1571
0.1238
0.1524
0.1199
0.1565
0.1274
0.1614
0.1223
0.1688
0.1274
0.1464
0.1229
0.1681
0.125
0.1489
0.1237
0.168
0.1255
0.158
0.12
0.1713
0.1264
0.1561
0.1194
0.1681
0.1167
0.1633
0.1212
0.1592
0.1306
0.1472
0.1228
0.2074
0.1302
0.1507
0.1207

-------------------------------------
CodechalDecodeHevcG12::SetFrameStates
-------------------------------------
0.7673
3.2927
7.1933
0.1109
0.1123
0.1893
0.1272
0.1093
0.0339
0.0348
0.0371
0.033
0.0359
0.0342
0.0356
0.0329
0.0356
0.0334
0.0354
0.0474
0.0395
0.0461
0.0348
0.0324
0.0347
0.0325
0.0355
0.0328
0.0334
0.0317
0.0386
0.0409
0.0437
0.0266
0.0324
0.0421
0.0319
0.0456
0.0331
0.0321
0.0357
0.0335
0.0336
0.0317
0.0451
0.0333
0.0326
0.0306
0.0318
0.0327
0.0356
0.0327
0.0338
0.0373
0.0326
0.0479
0.0465
0.0344
0.0369
0.0337
0.0314
0.0331
0.0401
0.0556
0.0354
0.035
0.0235
0.0423
0.0471
0.0433
0.0494
0.052
0.0348
0.0336
0.036
0.0464
0.0327
0.0326
0.0331
0.0406
0.033
0.035
0.0335
0.0323
0.0353
0.0451
0.0349
0.0323
0.0342
0.0489
0.0326
0.0356
0.0341
0.0341
0.036
0.0476
0.0345
0.0465
0.0347
0.0231
0.0358
0.0325
0.042
0.0399
0.0382
0.0441
0.0437
0.0451
0.0682
0.0509
0.037
0.0487
0.0323
0.0663
0.0362
0.0366
0.0331
0.032
0.0318
0.0316
0.034
0.0378
0.0345
0.0347
0.0355
0.0327
0.0344
0.0323
0.0351
0.0331
0.0661
0.0392
0.0303
0.0416
0.0455
0.0403
0.0382
0.033
0.0381
0.04
0.0345
0.0394
0.037
0.0354
0.0358
0.0427
0.038
0.0336
0.0369
0.0332
0.0379
0.0326
0.0335
0.0358
0.0359
0.035
0.0321
0.0347
0.0388
0.0326
0.0367
0.0325
0.0329
0.0341
0.0341
0.028
0.0334
0.0353
0.0349
0.0348
0.0328
0.0372
0.0329
0.0338
0.0336
0.035
0.0324
0.0377
0.034
0.0342
0.036
0.0337
0.0336
0.039
0.0348
0.0317
0.0335
0.0334
0.0335
0.0356
0.0338
0.032
0.0336
0.0339
0.034
0.0334
0.0364
0.0335
0.0262
0.0359
0.0348
0.0348
0.0373
0.0468
0.0427
0.0523
0.0394
0.0409
0.0362
0.0324
0.0344
0.0374
0.0357
0.0324
0.0349
0.0345
0.036
0.037
0.0314
0.0323
0.0338
0.035
0.034
0.0335
0.0322
0.0343
0.0324
0.0349
0.0327
0.0341
0.0352
0.023
0.0362
0.0338
0.0349
0.035
0.0361
0.0328
0.0351
0.034
0.0405
0.0377
0.0367
0.0348
0.0369
0.0323
0.0353
0.033
0.0361
0.0307
0.0318
0.0323
0.0324
0.0349
0.0375
0.0348
0.0392
0.0337
0.0386
0.0324
0.0312
0.0329
0.0446
0.0363
0.0238
0.0359
0.0321
0.0352
0.0345
0.0366
0.0481
0.0345
0.0336
0.0336
0.0345
0.0364
0.0341
0.0335
0.0359
0.0336
0.0347
0.0342
0.0335
0.0348
0.0322
0.0353
0.034
0.0341
0.0338
0.0407
0.037
0.0432
0.0415
0.0464
0.0392
0.0339
0.036
0.0297
0.0367
0.0374
0.0374
0.032
0.0358
0.0379
0.0337
0.0353
0.0355
0.0327
0.0346
0.0325
0.0338
0.0355
0.033
0.034
0.0355
0.0361
0.0344
0.0357
0.0323
0.0353
0.0318
0.0341
0.0354
0.0422
0.0341
0.0345
0.0338
0.0329
0.0347
0.0326
0.0247
0.0347
0.0341
0.0345
0.032
0.0356
0.0357
0.032
0.034
0.0311
0.0336
0.0335
0.0338
0.0345
0.0324
0.0339
0.0334
0.0348
0.0337
0.0336
0.0355
0.0332
0.0341
0.036
0.0333
0.0339
0.0345
0.0323
0.0344
0.0343
0.0318
0.0326
0.0352
0.0274
0.0358
0.0341
0.0335
0.0348
0.0319
0.0336
0.0338
0.038
0.0345
0.034
0.0339
0.0347
0.0334
0.034
0.0349
0.0352
0.0319
0.0339
0.0357
0.0468
0.0354
0.0355
0.0349
0.0329
0.0339
0.0317
0.0345
0.034
0.0357
0.0348
0.0349
0.0323
0.0262
0.0339
0.0343
0.0331
0.0347
0.033
0.0352
0.0359
0.0327
0.0319
0.034
0.0362
0.038
0.0351
0.0342
0.0322
0.0323
0.0342
0.0375
0.0343
0.0431
0.0334
0.0346
0.0357
0.0319
0.0355
0.034
0.0317
0.0332
0.034
0.0365
0.0344
0.0322
0.0218
0.0353
0.033
0.0349
0.0367
0.0372
0.0327
0.0355
0.032
0.0347
0.0347
0.0328
0.0397
0.0344
0.0322
0.0348
0.0322
0.0347
0.033
0.0325
0.0338
0.0323
0.0355
0.0326
0.0352
0.0326
0.0352
0.0323
0.0344
0.0321
0.0338
0.0324
0.0363
0.026
0.0352
0.0329
0.0342
0.0315
0.0327
0.0338
0.0337
0.0354
0.0324
0.036
0.035
0.0458
0.0344
0.0348
0.0317
0.0345
0.0325
0.0346
0.0344
0.0359
0.0321
0.0367
0.0348
0.0338
0.0336
0.0345
0.0422
0.0383
0.0374
0.0348
0.0337
0.037
0.0237
0.0354
0.0332
0.0351
0.032
0.0336
0.0371
0.0361
0.0423
0.0374
0.0341
0.0369
0.0348
0.0359
0.0361
0.0368
0.0331
0.0527
0.0375
0.0333
0.0338
0.0345
0.034
0.0321
0.0321
0.0352
0.032
0.0337
0.0338
0.0336
0.0342
0.0318
0.0375
0.0236
0.0327
0.0351
0.0352
0.0328
0.0362
0.0342
0.0348
0.0376
0.0313
0.0421
0.0364
0.0356
0.0347
0.0346
0.0349
0.0397
0.0364
0.0344
0.0347
0.0325
0.04
0.0342
0.0357
0.0336
0.0318
0.0316
0.0326
0.0341
0.0322
0.033
0.0334
0.033
0.0266
0.0328
0.0359
0.0365
0.0415
0.0396
0.0347
0.0365
0.0355
0.0362
0.0363
0.0349
0.0444
0.0391
0.0341
0.0349
0.0325
0.0352
0.0346
0.0322
0.0338
0.0354
0.0321
0.0348
0.0325
0.0356
0.0329
0.0348
0.0321
0.0351
0.0328
0.0351
0.0333
0.0264
0.0345
0.035
0.0334
0.0469
0.0353

--------------------------
CreateVideoDecoder_D3D11_1
--------------------------
21.6432

---------------------------
DestroyVideoDecoder_D3D11_1
---------------------------
0

----------------
First Frame Time
----------------
71.3181

--------------------------------------
VideoDecoderBeginFrame_WDDM2_4_D3D11_1
--------------------------------------
0.0113
0.0034
0.0025
0.0021
0.0023
0.0017
0.0022
0.002
0.0018
0.0022
0.0026
0.0021
0.0019
0.0029
0.0019
0.0018
0.0019
0.0019
0.0018
0.0039
0.0022
0.0031
0.0024
0.0019
0.0018
0.0017
0.0033
0.0021
0.0033
0.0016
0.0015
0.0017
0.0022
0.0019
0.0015
0.0022
0.0017
0.0021
0.0017
0.0018
0.0016
0.0017
0.0026
0.0017
0.0022
0.0017
0.0017
0.0016
0.0016
0.0017
0.0019
0.0016
0.002
0.0017
0.0018
0.0022
0.0023
0.0019
0.0018
0.0017
0.0016
0.0016
0.0029
0.0047
0.0022
0.0021
0.0018
0.0028
0.0026
0.0043
0.0026
0.003
0.0019
0.0017
0.0019
0.0022
0.0016
0.0021
0.0018
0.0017
0.0015
0.0017
0.0016
0.0016
0.0017
0.0021
0.0019
0.0016
0.0017
0.0021
0.002
0.0017
0.0018
0.0017
0.0034
0.0023
0.0018
0.0024
0.0018
0.0024
0.0018
0.0019
0.0027
0.0028
0.0024
0.0032
0.0031
0.0026
0.0058
0.0027
0.002
0.0022
0.0017
0.0023
0.0017
0.0025
0.0019
0.0017
0.0017
0.0018
0.0018
0.0017
0.0016
0.0018
0.002
0.0016
0.0022
0.0018
0.0016
0.0017
0.0023
0.0029
0.0027
0.003
0.0034
0.0026
0.0021
0.0022
0.0022
0.0176
0.0019
0.0034
0.0021
0.0018
0.0019
0.0027
0.0023
0.002
0.0017
0.0021
0.0021
0.0018
0.0022
0.002
0.0018
0.002
0.002
0.0018
0.002
0.0016
0.002
0.0019
0.0017
0.0017
0.0023
0.0025
0.0019
0.0017
0.0019
0.0019
0.002
0.0023
0.0019
0.0023
0.002
0.0019
0.0018
0.0017
0.0018
0.0018
0.002
0.0018
0.002
0.0018
0.002
0.0018
0.0017
0.0017
0.0019
0.0018
0.0019
0.0019
0.0019
0.002
0.0018
0.0019
0.0018
0.0023
0.0024
0.0017
0.0017
0.0023
0.0052
0.0026
0.0026
0.0034
0.0028
0.0025
0.0019
0.0018
0.0016
0.0081
0.0018
0.0017
0.0017
0.0017
0.0017
0.0016
0.0017
0.0016
0.0017
0.0019
0.0017
0.0016
0.0017
0.0017
0.0017
0.0017
0.0017
0.0018
0.0023
0.0023
0.0019
0.0017
0.0018
0.0018
0.0019
0.0019
0.0016
0.0018
0.0017
0.0027
0.0019
0.0018
0.0018
0.0017
0.0017
0.0017
0.0017
0.0018
0.0016
0.0017
0.0019
0.0015
0.0021
0.0017
0.0021
0.0019
0.002
0.0017
0.002
0.0039
0.0021
0.0019
0.0024
0.0022
0.0017
0.003
0.0019
0.0021
0.0019
0.0018
0.002
0.002
0.0018
0.0018
0.0019
0.0017
0.0017
0.0018
0.0016
0.0018
0.0022
0.0017
0.0016
0.0019
0.0018
0.0018
0.0018
0.0041
0.0022
0.0029
0.0022
0.0028
0.0022
0.0019
0.0023
0.0021
0.0018
0.0033
0.0018
0.0016
0.0023
0.0023
0.0017
0.0018
0.0017
0.0016
0.0017
0.0017
0.0016
0.0017
0.0017
0.0016
0.0018
0.0017
0.0051
0.0017
0.0016
0.0017
0.0017
0.0016
0.0019
0.003
0.002
0.0019
0.0019
0.0017
0.0019
0.0019
0.0023
0.003
0.0018
0.0018
0.0016
0.0018
0.0017
0.0015
0.0019
0.0018
0.0016
0.0051
0.0042
0.0018
0.0018
0.0017
0.0018
0.002
0.0017
0.0016
0.0017
0.0016
0.0017
0.0019
0.0018
0.0016
0.0016
0.0024
0.0018
0.0017
0.0018
0.0018
0.0019
0.0031
0.0017
0.0017
0.0018
0.0017
0.0017
0.0015
0.0016
0.0017
0.0018
0.0017
0.0018
0.0017
0.0016
0.0018
0.0017
0.0018
0.0016
0.0016
0.0017
0.0026
0.0017
0.0018
0.0019
0.0019
0.0045
0.0017
0.0017
0.0018
0.002
0.0019
0.0016
0.0018
0.0021
0.0021
0.0017
0.0019
0.0018
0.0017
0.0016
0.002
0.0018
0.0021
0.0016
0.0019
0.002
0.0017
0.0017
0.0016
0.0016
0.0018
0.002
0.0019
0.0026
0.0019
0.0018
0.0018
0.0016
0.0015
0.0017
0.0017
0.0016
0.0017
0.0019
0.0017
0.0018
0.002
0.0017
0.0017
0.0018
0.0022
0.0019
0.0019
0.0016
0.0018
0.0016
0.0017
0.0017
0.0016
0.0018
0.0017
0.0025
0.0018
0.0018
0.0017
0.0021
0.0016
0.0017
0.0019
0.0016
0.0017
0.0019
0.0017
0.0017
0.0016
0.0016
0.0017
0.0018
0.0021
0.002
0.0019
0.0018
0.0018
0.0019
0.0017
0.0018
0.0018
0.0017
0.0017
0.0018
0.0018
0.0061
0.0018
0.0017
0.0018
0.0016
0.0017
0.0016
0.0018
0.0018
0.0017
0.0016
0.0017
0.0017
0.0018
0.0019
0.0032
0.0024
0.0023
0.0019
0.0017
0.0023
0.0023
0.0019
0.0018
0.0018
0.0019
0.0018
0.0019
0.0025
0.003
0.0026
0.002
0.002
0.002
0.0027
0.002
0.0019
0.002
0.0034
0.0021
0.0019
0.0017
0.0017
0.0019
0.0022
0.0016
0.0018
0.0019
0.0017
0.0018
0.0017
0.0023
0.0016
0.0024
0.0022
0.0018
0.0018
0.0018
0.0018
0.0018
0.0017
0.0021
0.002
0.0017
0.0031
0.002
0.0021
0.0018
0.0018
0.0019
0.0029
0.0021
0.0019
0.002
0.0017
0.0019
0.0019
0.0019
0.0018
0.0015
0.0018
0.0019
0.0018
0.0018
0.0018
0.0018
0.0024
0.0021
0.002
0.0016
0.0023
0.0026
0.0022
0.0018
0.0032
0.0023
0.0021
0.0021
0.0037
0.0035
0.0026
0.0035
0.0021
0.0019
0.0018
0.0018
0.002
0.0018
0.0019
0.002
0.0018
0.0015
0.0018
0.0021
0.0017
0.0019
0.0018
0.0018
0.0018
0.0021
0.0025
0.0024
0.0018
0.002
0.0024
0.0027

----------------------------
VideoDecoderEndFrame_D3D11_1
----------------------------
0.0498
0.0786
0.0676
0.0644
0.06
0.0673
0.0646
0.067
0.0701
0.0596
0.063
0.0591
0.0663
0.0598
0.0598
0.0606
0.0642
0.0605
0.0849
0.0637
0.0819
0.0719
0.0614
0.0716
0.0591
0.0672
0.0637
0.074
0.0636
0.0819
0.0718
0.0696
0.062
0.0788
0.0569
0.0678
0.0603
0.0803
0.0761
0.0791
0.07
0.0885
0.0681
0.0698
0.0801
0.0751
0.0732
0.0673
0.0796
0.0769
0.079
0.0757
0.0752
0.0884
0.0792
0.0804
0.0775
0.0785
0.0885
0.0703
0.0686
0.0826
0.0812
0.0875
0.0695
0.0672
0.0746
0.0924
0.0764
0.0886
0.0847
0.0655
0.0576
0.0874
0.0778
0.0836
0.0948
0.0601
0.0636
0.0598
0.0598
0.0573
0.0818
0.0795
0.0846
0.0818
0.0841
0.0757
0.0939
0.08
0.0804
0.0825
0.0868
0.0782
0.071
0.0848
0.0813
0.0823
0.0937
0.0744
0.0858
0.0789
0.0963
0.0663
0.0611
0.0879
0.0627
0.1126
0.116
0.0613
0.0612
0.063
0.1176
0.0614
0.0668
0.0568
0.0582
0.057
0.058
0.0559
0.0573
0.0612
0.0606
0.0599
0.0599
0.0579
0.0615
0.0738
0.0618
0.061
0.0921
0.0603
0.0585
0.0633
0.0651
0.0618
0.0616
0.0607
0.0572
0.0616
0.0563
0.0654
0.0625
0.0613
0.0579
0.0768
0.0597
0.057
0.0619
0.0667
0.0624
0.0595
0.0578
0.0616
0.0603
0.059
0.0601
0.0596
0.06
0.0592
0.0614
0.0556
0.0589
0.0597
0.058
0.0639
0.0588
0.0619
0.0581
0.0589
0.0579
0.0595
0.0593
0.0587
0.0611
0.0591
0.06
0.0593
0.0645
0.059
0.0594
0.0639
0.0607
0.0597
0.0628
0.0606
0.0624
0.0611
0.0604
0.0606
0.0595
0.0568
0.0616
0.0603
0.0598
0.0622
0.0597
0.0667
0.0596
0.0595
0.062
0.0721
0.0651
0.0752
0.0664
0.0647
0.0627
0.0622
0.0616
0.0591
0.0601
0.0621
0.0599
0.0586
0.0604
0.0547
0.0588
0.0616
0.056
0.0598
0.062
0.0611
0.0577
0.062
0.0571
0.0615
0.0577
0.0601
0.0613
0.0608
0.0611
0.0592
0.0628
0.0598
0.064
0.0623
0.0618
0.057
0.0612
0.06
0.0591
0.0574
0.0574
0.0573
0.0628
0.0565
0.061
0.0582
0.0561
0.0536
0.0551
0.0576
0.0574
0.0623
0.0645
0.0608
0.0707
0.071
0.0629
0.0589
0.0576
0.0565
0.059
0.0633
0.0583
0.0614
0.06
0.0613
0.0609
0.0609
0.057
0.0649
0.0658
0.0591
0.0622
0.0609
0.0596
0.0596
0.0626
0.0617
0.0608
0.0614
0.0599
0.0606
0.0608
0.0599
0.063
0.0616
0.0623
0.06
0.0634
0.0614
0.0629
0.0607
0.0673
0.0568
0.0689
0.0643
0.0595
0.0611
0.067
0.0579
0.0704
0.0615
0.0588
0.0654
0.0591
0.0581
0.0668
0.0571
0.0671
0.0675
0.0556
0.068
0.0629
0.0653
0.0618
0.0652
0.0565
0.066
0.0555
0.0618
0.0888
0.0595
0.0656
0.0588
0.0607
0.0603
0.0598
0.0541
0.0564
0.0604
0.0604
0.0596
0.0609
0.061
0.0612
0.059
0.0626
0.0637
0.0619
0.0608
0.0601
0.0589
0.0629
0.0584
0.0596
0.0603
0.0595
0.0656
0.0607
0.0607
0.0595
0.0596
0.0633
0.0603
0.0596
0.0574
0.0589
0.0588
0.0559
0.0607
0.0599
0.0588
0.0615
0.061
0.0608
0.0577
0.0577
0.0614
0.0576
0.0636
0.0602
0.0576
0.0627
0.0673
0.0628
0.061
0.06
0.0584
0.0581
0.0597
0.0577
0.0595
0.0607
0.061
0.0607
0.0597
0.0615
0.055
0.0616
0.062
0.0633
0.0622
0.0617
0.0578
0.0632
0.0585
0.0593
0.0555
0.0623
0.0597
0.0638
0.0592
0.0569
0.0552
0.0623
0.06
0.0591
0.0601
0.0596
0.0577
0.0627
0.0596
0.072
0.0556
0.0713
0.0593
0.0606
0.0618
0.0566
0.0616
0.0585
0.0565
0.059
0.0606
0.0592
0.0594
0.0548
0.0584
0.0597
0.0545
0.0601
0.0592
0.0609
0.0598
0.0604
0.0578
0.0641
0.0617
0.0553
0.059
0.0615
0.0567
0.0587
0.0568
0.0595
0.0567
0.057
0.061
0.0751
0.0601
0.0596
0.0595
0.0581
0.0613
0.0552
0.0606
0.0565
0.0583
0.058
0.0559
0.0624
0.0594
0.0572
0.0579
0.0587
0.0591
0.0594
0.0627
0.0601
0.0555
0.0592
0.0583
0.0642
0.0653
0.058
0.0582
0.0607
0.0587
0.0635
0.0589
0.0594
0.055
0.0613
0.061
0.0586
0.0622
0.0596
0.0617
0.0673
0.0628
0.0599
0.0627
0.0667
0.065
0.059
0.0628
0.0622
0.0647
0.0586
0.0577
0.0585
0.0612
0.0628
0.0565
0.0604
0.0621
0.0548
0.0614
0.0557
0.0614
0.0688
0.0591
0.0596
0.0609
0.0655
0.0587
0.0588
0.0591
0.0617
0.0582
0.06
0.0598
0.0578
0.0603
0.0597
0.0609
0.0571
0.0614
0.0642
0.0609
0.0598
0.0585
0.0597
0.0576
0.0595
0.059
0.0644
0.0632
0.059
0.0625
0.0619
0.0614
0.0642
0.0603
0.0594
0.0643
0.0556
0.059
0.0629
0.0595
0.056
0.062
0.0649
0.0596
0.0598
0.0583
0.0578
0.0614
0.0594
0.0615
0.0616
0.0607
0.0552
0.0586
0.0626
0.0615
0.0618
0.0575
0.0623
0.0585
0.0606
0.0654
0.0698
0.0585
0.073
0.0653
0.0589
0.0725
0.0628
0.0586
0.0668
0.057
0.0618
0.0672
0.0592
0.0641
0.0596
0.0574
0.0712
0.0627
0.0621
0.0665
0.0707
0.0627
0.0609
0.0594
0.0614
0.058

---------------------------------
VideoDecoderSubmitBuffers_D3D11_1
---------------------------------
7.578
18.2899
15.8108
0.6819
9.0133
0.8056
0.6945
0.6854
0.6002
0.5987
0.6248
0.5866
0.5945
0.5918
0.6581
0.5729
0.6336
0.5885
0.6545
0.7621
0.7904
0.7733
0.6129
0.5382
0.4091
0.4326
0.4351
0.4157
0.449
0.4377
0.4792
0.4956
0.4883
0.4527
0.4015
0.542
0.4032
0.5788
0.4272
0.4073
0.4235
0.4525
0.4549
0.3995
0.5882
0.431
0.4171
0.4003
0.4178
0.4175
0.477
0.4264
0.4252
0.4544
0.4347
0.6052
0.575
0.4475
0.4953
0.4434
0.4097
0.4162
0.4781
0.6629
0.4332
0.4194
0.4055
0.503
0.5854
0.5391
0.6141
0.5196
0.4112
0.4329
0.4594
0.6005
0.4362
0.4021
0.4198
0.4451
0.4105
0.4187
0.4275
0.4059
0.47
0.5722
0.4748
0.4219
0.4629
0.6132
0.4226
0.4759
0.4425
0.4439
0.4403
0.5896
0.4434
0.5723
0.4774
0.4085
0.4678
0.4102
0.5339
0.4806
0.4932
0.5424
0.511
0.6107
0.7585
0.5855
0.4462
0.4657
0.409
0.567
0.4293
0.446
0.3999
0.3866
0.3975
0.3988
0.3921
0.4375
0.4233
0.4206
0.4317
0.4074
0.4351
0.425
0.4473
0.4095
0.5457
0.5036
0.4135
0.4909
0.5282
0.4748
0.4431
0.4209
0.4515
0.4664
0.4369
0.476
0.4771
0.4134
0.4685
0.4845
0.447
0.4068
0.427
0.4056
0.4482
0.4036
0.414
0.4326
0.4339
0.4382
0.3944
0.4302
0.4521
0.4109
0.434
0.3965
0.4086
0.4267
0.4057
0.4311
0.4055
0.4372
0.4312
0.4211
0.4059
0.4515
0.4016
0.4046
0.4207
0.4289
0.3945
0.4263
0.4142
0.4252
0.4151
0.4082
0.4188
0.4216
0.4229
0.396
0.4207
0.4172
0.4241
0.4128
0.4255
0.4
0.4144
0.4146
0.4212
0.419
0.4348
0.4012
0.413
0.4313
0.4265
0.4152
0.44
0.4759
0.5248
0.6804
0.4898
0.5077
0.4395
0.3999
0.4219
0.429
0.4352
0.396
0.4278
0.4241
0.4088
0.434
0.3962
0.4185
0.4189
0.4308
0.393
0.4301
0.4004
0.4234
0.4041
0.4396
0.4053
0.4256
0.4366
0.3816
0.4526
0.4078
0.4238
0.4311
0.4416
0.4113
0.4338
0.4136
0.4572
0.452
0.4409
0.4278
0.4394
0.4123
0.4239
0.3991
0.4347
0.3882
0.3974
0.4172
0.4031
0.4326
0.4187
0.4292
0.4907
0.4346
0.4133
0.4023
0.3905
0.4036
0.4744
0.4333
0.3913
0.4452
0.3858
0.4309
0.4325
0.4421
0.476
0.4238
0.4105
0.4194
0.4206
0.417
0.4212
0.4199
0.4158
0.4203
0.4192
0.4219
0.4069
0.4601
0.3998
0.4248
0.4201
0.4251
0.4197
0.4678
0.4423
0.5101
0.4575
0.5007
0.4653
0.4086
0.4528
0.4131
0.4416
0.4503
0.4635
0.4039
0.4395
0.4476
0.46
0.4324
0.4315
0.3933
0.4297
0.4034
0.4228
0.4388
0.3981
0.4278
0.4451
0.4359
0.4288
0.4412
0.4096
0.4353
0.4003
0.4238
0.4409
0.4737
0.3999
0.4231
0.4141
0.4019
0.4318
0.3898
0.3946
0.4199
0.4139
0.4245
0.397
0.4381
0.4394
0.3986
0.4156
0.3883
0.4236
0.4073
0.42
0.4243
0.3919
0.4225
0.4059
0.412
0.4178
0.4204
0.4129
0.4183
0.4215
0.4144
0.4219
0.431
0.4267
0.4036
0.4271
0.4257
0.3942
0.4167
0.4208
0.4116
0.4332
0.416
0.4172
0.4292
0.3969
0.4216
0.4168
0.4149
0.4182
0.4193
0.4167
0.4281
0.4156
0.4265
0.4274
0.4206
0.3976
0.4332
0.4108
0.4517
0.4315
0.431
0.4318
0.3901
0.426
0.4058
0.4257
0.4256
0.4367
0.4374
0.4269
0.3977
0.4203
0.4064
0.4338
0.3984
0.4265
0.4023
0.4331
0.4277
0.4042
0.401
0.4311
0.4485
0.4023
0.4297
0.4342
0.3909
0.4235
0.4214
0.5182
0.4181
0.5486
0.4252
0.4292
0.434
0.3971
0.4282
0.4181
0.3889
0.4314
0.4202
0.4198
0.4273
0.4012
0.3881
0.4427
0.4003
0.4318
0.409
0.4534
0.4076
0.4377
0.3995
0.433
0.4357
0.4023
0.427
0.4299
0.398
0.4267
0.4028
0.4353
0.4021
0.414
0.4402
0.3962
0.439
0.4084
0.4388
0.3973
0.4407
0.4005
0.4211
0.3952
0.4276
0.391
0.4187
0.4166
0.4278
0.3987
0.4348
0.388
0.4217
0.4185
0.4159
0.4309
0.4065
0.4244
0.4176
0.4629
0.4252
0.4378
0.3903
0.4313
0.4079
0.4265
0.4131
0.4295
0.3912
0.422
0.4231
0.4225
0.4192
0.4229
0.4925
0.4532
0.4137
0.4284
0.4117
0.4602
0.4058
0.4314
0.4125
0.434
0.4023
0.4144
0.4613
0.4215
0.5138
0.4518
0.4072
0.4619
0.4324
0.4258
0.4365
0.4085
0.425
0.5446
0.4421
0.397
0.4199
0.4178
0.4151
0.3894
0.396
0.4331
0.3937
0.416
0.4184
0.4174
0.4159
0.3828
0.4455
0.383
0.4079
0.4197
0.4287
0.3994
0.4316
0.4232
0.4072
0.4417
0.3898
0.5019
0.4299
0.4196
0.422
0.4215
0.4113
0.4664
0.4562
0.4287
0.4287
0.3979
0.428
0.4198
0.437
0.3902
0.4068
0.4008
0.4112
0.4206
0.3906
0.4181
0.4135
0.4056
0.4251
0.4036
0.424
0.4168
0.4967
0.4412
0.4237
0.4498
0.4197
0.4451
0.4586
0.4236
0.5298
0.4781
0.4126
0.4205
0.3983
0.4312
0.4136
0.3905
0.4202
0.4294
0.3977
0.4251
0.4191
0.4362
0.4004
0.4366
0.3999
0.4384
0.4071
0.4411
0.4067
0.4248
0.4293
0.4382
0.4046
0.5282
0.4085

