---------------------------------------------
CalcPrivateVideoDecoderOutputViewSize_D3D11_1
---------------------------------------------
0.0024
0.0052
0.0019
0.0015
0.0019
0.0026
0.0018
0.0018
0.0011
0.0025
0.0011
0.0011
0.001
0.0018
0.0012
0.0012
0.0012
0.0012
0.001
0.0024
0.0011
0.001
0.0008
0.0011
0.0012
0.001
0.0009
0.001
0.0031
0.0013
0.0011
0.0012
0.0011
0.0012
0.0011
0.001
0.0011
0.0019
0.0019
0.0012
0.001
0.001
0.0041
0.0011
0.0017
0.001
0.001
0.001
0.0015
0.0013
0.0014
0.0011
0.0011
0.001
0.0009
0.0011
0.0017
0.0015
0.0012
0.0018
0.0015
0.001
0.0013
0.0024
0.0015
0.0012
0.0016
0.0013
0.0011
0.0011
0.0011
0.001
0.002
0.0008
0.0009
0.001
0.001
0.001
0.0009
0.0011
0.001
0.0011
0.0009
0.0009
0.001
0.001
0.001
0.001
0.0016
0.0013
0.0012
0.0012
0.0009
0.0009
0.0046
0.0013
0.001
0.0017
0.0024
0.0011
0.0012
0.0009
0.0012
0.0011
0.0016
0.0014
0.0011
0.0012
0.0011
0.0007
0.0012
0.0019
0.002
0.0012
0.0012
0.0015
0.0016
0.0012
0.0015
0.0013
0.0012
0.0013
0.0012
0.001
0.0012
0.0013
0.001
0.0009
0.0016
0.0013
0.0015
0.0019
0.0015
0.0022
0.0013
0.0019
0.0013
0.0012
0.0017
0.0014
0.0013
0.0038
0.0014
0.0012
0.0011
0.0012
0.0016
0.0011
0.001
0.0012
0.0019
0.0011
0.0009
0.0009
0.001
0.001
0.0009
0.0015
0.0011
0.0008
0.0015
0.0014
0.0011
0.0012
0.0009
0.0017
0.0013
0.0012
0.0016
0.0012
0.0013
0.0014
0.0016
0.0017
0.0016
0.0015
0.0014
0.0017
0.0015
0.0011
0.0015
0.0014
0.0013
0.001
0.0019
0.0011
0.0011
0.0011
0.0023
0.0015
0.0013
0.0018
0.0018
0.0021
0.0014
0.0014
0.0015
0.001
0.0019
0.0013
0.0012
0.0011
0.0011
0.0013
0.001
0.0011
0.001
0.0009
0.0009
0.0018
0.0009
0.0034
0.0012
0.0009
0.001
0.0009
0.0011
0.0009
0.0013
0.0007
0.0008
0.0017
0.0008
0.0009
0.0013
0.0009
0.0009
0.0009
0.0008
0.0014
0.0008
0.0007
0.0009
0.0009
0.0007
0.0009
0.0009
0.0009
0.001
0.0007
0.0009
0.002
0.0016
0.0009
0.0012
0.0017
0.0018
0.0017
0.0012
0.001
0.0019
0.0017
0.0011
0.0008
0.001
0.0007
0.0012
0.0012
0.001
0.0016
0.0023
0.0016
0.0013
0.0016
0.001
0.0012
0.0011
0.0009
0.0018
0.0013
0.0008
0.0008
0.0014
0.0008
0.0023
0.001
0.0019
0.0018
0.0014
0.0016
0.0013
0.001
0.001
0.0008
0.0008
0.0008
0.0009
0.0008
0.0009
0.0008
0.0009
0.0016
0.0021
0.0017
0.0017
0.0013
0.0021
0.0021
0.0012
0.0013
0.0012
0.0014
0.0014
0.0013
0.0014
0.0011
0.0017
0.0011
0.0018
0.0012
0.002
0.0011
0.0017
0.001
0.001
0.0009
0.0102
0.0017
0.0015
0.0015
0.0015
0.0014
0.0013
0.0019
0.0014
0.0015
0.0016
0.0012
0.0011
0.0015
0.0016
0.0011
0.001
0.0014
0.0031
0.0012
0.0016
0.0013
0.0015
0.0015
0.0013
0.0011
0.0017
0.0014
0.0016
0.0017
0.0014
0.0009
0.0012
0.0015
0.0016
0.0014
0.0013
0.0012
0.0009
0.0018
0.0019
0.0011
0.0011
0.001
0.0013
0.0017
0.0013
0.0012
0.0012
0.001
0.0013
0.0011
0.0011
0.0011
0.0018
0.0014
0.0012
0.0012
0.0011
0.001
0.0012
0.0013
0.0011
0.0011
0.001
0.001
0.0011
0.0011
0.001
0.0011
0.0009
0.001
0.0013
0.0022
0.0009
0.0009
0.0009
0.0008
0.001
0.0009
0.001
0.0011
0.001
0.0011
0.0011
0.0011
0.001
0.0011
0.0009
0.001
0.0009
0.0017
0.0017
0.0013
0.0017
0.0015
0.0015
0.0011
0.001
0.0028
0.0016
0.0016
0.0016
0.0017
0.0015
0.0014
0.001
0.001
0.0016
0.0018
0.0028
0.0011
0.0013
0.0012
0.0011
0.001
0.0011
0.0011
0.0015
0.0016
0.0016
0.0012
0.0012
0.001
0.0012
0.0024
0.0009
0.0011
0.0011
0.0015
0.0013
0.0011
0.0009
0.001
0.0016
0.0017
0.0013
0.001
0.001
0.001
0.0011
0.0009
0.0009
0.001
0.0015
0.0013
0.0013
0.0011
0.0009
0.0016
0.0013
0.001
0.0009
0.0011
0.0016
0.0018
0.0018
0.0014
0.0039
0.0014
0.0015
0.0014
0.0013
0.0032
0.0009
0.0009
0.0015
0.0015
0.0011
0.0019
0.0014
0.0011
0.0017
0.0013
0.001
0.001
0.0013
0.0015
0.0018
0.0014
0.0012
0.001
0.0015
0.0013

-----------------------
CodechalDecode::Execute
-----------------------
1.2408
1.4666
0.5329
1.4251
0.7855
2.9605
1.2433
0.5225
0.3438
0.3357
0.3556
0.3154
0.3523
0.3314
0.3173
0.3301
0.3201
0.3429
0.3168
0.3557
0.3202
0.3206
0.3183
0.3353
0.3197
0.3208
0.3178
0.3152
0.325
0.3443
0.3369
0.3242
0.3245
0.3378
0.317
0.315
0.3131
0.3922
0.3526
0.3332
0.3174
0.3183
0.3149
0.303
0.3875
0.3266
0.3184
0.3162
0.3402
0.2141
0.3484
0.3148
0.3195
0.3203
0.3263
0.3126
0.3896
0.339
0.3391
0.3563
0.3396
0.319
0.3512
0.357
0.3526
0.3292
0.3559
0.315
0.3124
0.3125
0.3082
0.3296
0.3173
0.3097
0.3256
0.3247
0.3349
0.3076
0.322
0.3134
0.3077
0.3178
0.3091
0.2997
0.3277
0.3074
0.3226
0.3125
0.348
0.3254
0.3243
0.3399
0.3091
0.303
0.3344
0.3203
0.3521
0.3518
0.2474
0.3222
0.3593
0.3217
0.3146
0.3263
0.3887
0.3258
0.3217
0.325
0.3368
0.3161
0.342
0.3661
0.4012
0.3227
0.3124
0.3452
0.3301
0.3256
0.342
0.3343
0.3423
0.3567
0.3589
0.3179
0.3227
0.3396
0.3088
0.3534
0.3369
0.325
0.3718
0.4232
0.3606
0.3866
0.3639
0.4004
0.34
0.3682
0.3772
0.3371
0.3694
0.402
0.3677
0.3699
0.3456
0.3532
0.3552
0.2319
0.3188
0.3321
0.3315
0.3759
0.3529
0.31
0.3298
0.3256
0.3103
0.3637
0.3418
0.3288
0.4437
0.4404
0.3304
0.3517
0.3372
0.4562
0.3481
0.3734
0.3977
0.3154
0.3267
0.3839
0.5081
0.4518
0.7057
0.3591
0.3455
0.3776
0.3954
0.3258
0.3762
0.359
0.3601
0.3287
0.352
0.331
0.337
0.3243
0.3842
0.4127
0.3574
0.3551
0.3622
0.3716
0.575
0.4748
0.2291
0.3384
0.3688
0.3516
0.3448
0.3198
0.352
0.3162
0.3476
0.325
0.3536
0.3236
0.3488
0.3769
0.3246
0.351
0.3628
0.3343
0.3185
0.3244
0.3394
0.3125
0.3569
0.3152
0.3577
0.3306
0.3087
0.3489
0.3283
0.3537
0.3188
0.3469
0.3167
0.3533
0.3141
0.3163
0.3336
0.3122
0.3375
0.3162
0.3532
0.3137
0.344
0.3128
0.3583
0.4746
0.3444
0.3183
0.3129
0.2526
0.4284
0.4882
0.3447
0.3046
0.3976
0.4941
0.3103
0.3115
0.342
0.3018
0.3475
0.3266
0.3316
0.3551
0.4412
0.3985
0.3666
0.4114
0.3258
0.3321
0.3016
0.3149
0.3933
0.3125
0.3329
0.3298
0.3631
0.3256
0.4218
0.3352
0.3672
0.3401
0.332
0.3873
0.3325
0.3507
0.3119
0.3466
0.3151
0.3442
0.3123
0.3478
0.3111
0.3436
0.3104
0.3654
0.3482
0.3788
0.2706
0.3356
0.4014
0.3676
0.364
0.3391
0.3219
0.3217
0.3862
0.3384
0.3117
0.3339
0.382
0.3327
0.3585
0.3356
0.4212
0.3317
0.3855
0.3421
0.3392
0.3047
0.3458
0.3762
0.3565
0.3533
0.3718
0.3475
0.3169
0.402
0.3683
0.33
0.34
0.3199
0.3471
0.3493
0.3655
0.3261
0.3254
0.3274
0.3345
0.3218
0.3663
0.3516
0.3384
0.3654
0.3991
0.3145
0.3726
0.2349
0.3632
0.3628
0.353
0.3044
0.3331
0.3463
0.3441
0.3368
0.3321
0.3235
0.3233
0.3546
0.3879
0.3205
0.3146
0.3271
0.34
0.3645
0.3581
0.3123
0.3894
0.3124
0.3269
0.354
0.3172
0.3163
0.3582
0.318
0.3255
0.3321
0.3066
0.3237
0.33
0.3259
0.363
0.3697
0.3089
0.3172
0.3445
0.3153
0.3182
0.3333
0.3324
0.3157
0.3124
0.3149
0.3401
0.3173
0.2172
0.3109
0.3137
0.3068
0.3365
0.3183
0.3392
0.3167
0.3273
0.3647
0.3282
0.315
0.335
0.3142
0.3169
0.3582
0.3607
0.3222
0.3816
0.3767
0.3191
0.3214
0.3056
0.3762
0.325
0.3497
0.3549
0.3736
0.3429
0.3397
0.3127
0.3277
0.3502
0.3825
0.3846
0.319
0.3315
0.3368
0.3054
0.3067
0.3303
0.3443
0.3573
0.3666
0.3704
0.3171
0.307
0.312
0.3172
0.2143
0.3102
0.3207
0.3225
0.3481
0.3308
0.3366
0.3278
0.3049
0.3745
0.3578
0.3211
0.3129
0.317
0.3226
0.3186
0.3044
0.3223
0.3027
0.3609
0.3236
0.3212
0.3504
0.3029
0.3462
0.3322
0.3487
0.3132
0.3272
0.3743
0.366
0.3812
0.3682
0.3447
0.3456
0.3461
0.3595
0.337
0.3268
0.307
0.3015
0.3574
0.3349
0.3236
0.3919
0.3153
0.341
0.3797
0.3142
0.2201
0.3177
0.3221
0.361
0.3845
0.359
0.3298
0.351
0.3651
0.3616

---------------------------------------
CodechalDecodeHevcG12::DecodeStateLevel
---------------------------------------
0.3291
0.2205
0.1374
0.1595
0.1421
0.1109
0.1124
0.1602
0.1169
0.1077
0.1137
0.1002
0.1159
0.1079
0.1012
0.112
0.1019
0.1088
0.1018
0.1153
0.1025
0.1008
0.1001
0.1031
0.101
0.1018
0.1039
0.1004
0.1041
0.113
0.1141
0.1072
0.1061
0.1106
0.101
0.1013
0.0995
0.1413
0.117
0.1022
0.0993
0.1059
0.1002
0.0952
0.1369
0.1033
0.1017
0.1039
0.1109
0.0954
0.1159
0.1016
0.1024
0.0961
0.109
0.1003
0.1301
0.12
0.1098
0.1123
0.1132
0.0991
0.1127
0.1191
0.1155
0.1062
0.1212
0.1019
0.1005
0.1032
0.0974
0.1085
0.1043
0.0983
0.1044
0.1081
0.1047
0.0971
0.1021
0.1024
0.0964
0.1005
0.0982
0.0957
0.1187
0.0958
0.1044
0.0996
0.1122
0.1056
0.1055
0.1143
0.1008
0.0967
0.1121
0.1009
0.1061
0.1163
0.1097
0.1076
0.1182
0.1079
0.1013
0.1038
0.1259
0.1027
0.1018
0.1027
0.1079
0.0971
0.1125
0.1202
0.1423
0.1028
0.1006
0.1162
0.1107
0.1042
0.1116
0.1059
0.1126
0.1188
0.1203
0.104
0.1074
0.1072
0.1008
0.1173
0.1106
0.1049
0.1199
0.1413
0.1184
0.1338
0.1301
0.144
0.1142
0.1246
0.1249
0.113
0.1259
0.1491
0.1297
0.1197
0.1159
0.1194
0.1235
0.1122
0.1047
0.1015
0.1108
0.1314
0.1214
0.1012
0.1064
0.1112
0.1034
0.1248
0.1122
0.1135
0.1425
0.1421
0.11
0.1183
0.1167
0.1268
0.118
0.132
0.1464
0.1017
0.1113
0.1231
0.1267
0.1216
0.2443
0.122
0.1152
0.1253
0.1359
0.0982
0.1258
0.1185
0.1167
0.0992
0.1145
0.1092
0.1082
0.1099
0.1263
0.1427
0.1222
0.1217
0.113
0.1238
0.17
0.1171
0.0982
0.1132
0.1242
0.1141
0.1151
0.1023
0.1164
0.1033
0.1138
0.1079
0.1198
0.1098
0.1108
0.1286
0.1033
0.1181
0.1303
0.1095
0.101
0.103
0.1055
0.0985
0.1203
0.1008
0.1192
0.1052
0.0987
0.1189
0.1057
0.1124
0.1003
0.1108
0.0992
0.1153
0.1001
0.1012
0.1094
0.1026
0.111
0.0999
0.1101
0.0988
0.1091
0.0986
0.1197
0.1606
0.1122
0.1025
0.1012
0.1085
0.1485
0.1605
0.112
0.0978
0.1368
0.1584
0.0989
0.1013
0.1134
0.0955
0.1235
0.1081
0.1053
0.1193
0.1543
0.1322
0.1272
0.1449
0.1027
0.1071
0.0972
0.1027
0.1393
0.1008
0.107
0.107
0.1232
0.1053
0.1458
0.1134
0.1261
0.1143
0.1104
0.1293
0.1139
0.1155
0.1003
0.1114
0.1011
0.1105
0.0987
0.1129
0.0987
0.1112
0.0997
0.115
0.1157
0.1167
0.129
0.11
0.1411
0.1218
0.1233
0.1102
0.1022
0.1016
0.0967
0.1161
0.0989
0.1113
0.1331
0.1113
0.121
0.1187
0.1504
0.1154
0.1372
0.1068
0.1036
0.0972
0.1174
0.1246
0.119
0.1202
0.136
0.1162
0.1018
0.1332
0.1151
0.1075
0.1098
0.1045
0.1033
0.1147
0.1221
0.0992
0.1069
0.1076
0.1099
0.101
0.1231
0.1143
0.1106
0.1245
0.1038
0.1004
0.1231
0.101
0.126
0.1172
0.1172
0.0959
0.1079
0.119
0.1136
0.1124
0.1059
0.1104
0.1027
0.1157
0.136
0.1041
0.1004
0.1023
0.1111
0.1236
0.1165
0.1013
0.0992
0.1
0.1082
0.1213
0.0998
0.1009
0.1165
0.1019
0.1046
0.1107
0.0974
0.1017
0.1106
0.1037
0.1178
0.1142
0.0974
0.0997
0.1103
0.0993
0.1013
0.1175
0.106
0.1073
0.0984
0.0987
0.1118
0.1061
0.0891
0.1018
0.0989
0.096
0.1061
0.1002
0.1126
0.1003
0.1127
0.1117
0.1081
0.0999
0.1153
0.1015
0.1043
0.1186
0.124
0.1077
0.1371
0.1297
0.1017
0.104
0.0969
0.1262
0.1004
0.1175
0.1178
0.1282
0.1133
0.1093
0.1011
0.1081
0.1156
0.1268
0.1275
0.1056
0.1076
0.1059
0.0968
0.0965
0.1057
0.1092
0.1173
0.1245
0.1273
0.1065
0.0994
0.099
0.1011
0.0937
0.102
0.1043
0.1085
0.12
0.1112
0.1098
0.1076
0.0978
0.1357
0.1191
0.1046
0.1023
0.1054
0.1025
0.0993
0.0936
0.0961
0.0956
0.1169
0.1066
0.1048
0.1117
0.0954
0.1166
0.1117
0.1125
0.0992
0.1088
0.1248
0.1204
0.1302
0.1158
0.1043
0.1119
0.1157
0.1213
0.1115
0.1088
0.0986
0.0954
0.1182
0.1105
0.1054
0.1312
0.1041
0.1108
0.1249
0.1031
0.0964
0.0983
0.102
0.1263
0.1418
0.1194
0.1044
0.1157
0.1267
0.1203

-------------------------------------
CodechalDecodeHevcG12::SetFrameStates
-------------------------------------
0.6865
1.1422
0.307
1.1803
0.5544
2.7622
1.032
0.2269
0.1494
0.1502
0.1559
0.1451
0.1553
0.1468
0.1447
0.143
0.1443
0.1551
0.1443
0.1565
0.147
0.1488
0.1453
0.157
0.1444
0.1478
0.1464
0.1446
0.1471
0.1516
0.1466
0.1459
0.1461
0.1494
0.1444
0.1439
0.1464
0.1529
0.151
0.1594
0.1481
0.1416
0.1456
0.1434
0.1539
0.1503
0.1482
0.1448
0.1453
0.049
0.1547
0.1439
0.1468
0.1585
0.1443
0.1438
0.1666
0.1447
0.1507
0.1635
0.1478
0.1477
0.1567
0.1543
0.1493
0.1464
0.1511
0.1453
0.1428
0.1425
0.1404
0.146
0.1452
0.1441
0.1503
0.1462
0.1572
0.1435
0.1483
0.1416
0.1424
0.1434
0.145
0.1401
0.1415
0.1427
0.1477
0.1435
0.1514
0.1461
0.144
0.1487
0.1409
0.1428
0.1465
0.1476
0.1694
0.1507
0.0573
0.1464
0.1571
0.1452
0.1449
0.1517
0.1707
0.1492
0.1488
0.1509
0.1524
0.1481
0.1498
0.1543
0.1577
0.1491
0.144
0.1505
0.1459
0.1477
0.1485
0.156
0.1515
0.1553
0.1557
0.1437
0.1437
0.1521
0.1388
0.1544
0.145
0.1468
0.1684
0.1711
0.153
0.1531
0.15
0.1523
0.1469
0.1508
0.1524
0.1465
0.157
0.153
0.1479
0.1598
0.1481
0.1534
0.1479
0.0473
0.1446
0.1608
0.1443
0.1576
0.1498
0.1429
0.1466
0.1448
0.1409
0.15
0.1455
0.1418
0.204
0.2059
0.145
0.1442
0.1467
0.1515
0.148
0.1537
0.1524
0.1447
0.1451
0.1812
0.2573
0.1931
0.2866
0.15
0.1484
0.1633
0.1716
0.1596
0.1528
0.1527
0.1556
0.1559
0.1519
0.1453
0.148
0.1405
0.1614
0.1714
0.1504
0.1503
0.1637
0.1533
0.2834
0.2629
0.0547
0.1485
0.1518
0.1572
0.1524
0.1472
0.156
0.1429
0.1543
0.1466
0.1529
0.1453
0.155
0.154
0.149
0.1607
0.1534
0.1508
0.1497
0.1471
0.1484
0.1432
0.1546
0.1431
0.157
0.1464
0.1383
0.148
0.1441
0.1538
0.143
0.1531
0.1463
0.1553
0.1446
0.144
0.1484
0.1391
0.1486
0.1451
0.1531
0.1438
0.1531
0.1461
0.1544
0.2097
0.1515
0.1452
0.139
0.0588
0.1646
0.2125
0.1514
0.1417
0.156
0.2312
0.146
0.1439
0.1515
0.1429
0.1476
0.145
0.1464
0.1465
0.1689
0.1581
0.1536
0.1608
0.1494
0.1509
0.1404
0.1443
0.1537
0.1418
0.1455
0.1481
0.151
0.1502
0.1696
0.1463
0.1535
0.1468
0.147
0.1566
0.1454
0.1538
0.1435
0.1539
0.1446
0.1541
0.1453
0.1547
0.1442
0.1537
0.1432
0.1641
0.1437
0.1649
0.0577
0.1485
0.1571
0.1547
0.1572
0.1519
0.1477
0.1483
0.2194
0.1453
0.1446
0.147
0.149
0.1512
0.1539
0.1427
0.1628
0.1459
0.1533
0.145
0.1671
0.1445
0.1467
0.1603
0.153
0.1528
0.1531
0.1482
0.1445
0.163
0.1683
0.1473
0.1499
0.1451
0.1728
0.1535
0.1544
0.1608
0.1454
0.1485
0.1489
0.1451
0.1522
0.1541
0.1468
0.1572
0.1486
0.1442
0.1584
0.0576
0.1527
0.1496
0.1538
0.1426
0.1489
0.1468
0.1482
0.147
0.1533
0.1444
0.148
0.1559
0.1518
0.1429
0.1456
0.1472
0.1493
0.1511
0.1575
0.146
0.1446
0.1431
0.1445
0.1599
0.1481
0.1452
0.1515
0.1466
0.1521
0.1539
0.1408
0.1549
0.1476
0.1459
0.1665
0.1725
0.1426
0.1468
0.1508
0.147
0.1493
0.1449
0.1535
0.1393
0.1452
0.1464
0.1504
0.1428
0.0621
0.1427
0.1475
0.1417
0.1559
0.1442
0.1487
0.1432
0.1441
0.173
0.1459
0.1457
0.1459
0.1443
0.1441
0.1532
0.1505
0.1457
0.1541
0.1507
0.1452
0.1472
0.1426
0.1551
0.1537
0.1513
0.1521
0.1539
0.1516
0.1514
0.1445
0.146
0.1493
0.16
0.1601
0.1428
0.1478
0.1543
0.1418
0.1445
0.1458
0.1535
0.1523
0.155
0.1507
0.1426
0.1417
0.1454
0.1461
0.051
0.1419
0.145
0.1449
0.1478
0.1468
0.1505
0.1477
0.1406
0.1519
0.1551
0.1442
0.1421
0.1442
0.1484
0.1452
0.1476
0.1624
0.1414
0.1561
0.1458
0.143
0.1563
0.1452
0.1501
0.144
0.152
0.1444
0.1443
0.1541
0.1558
0.1599
0.1564
0.168
0.1539
0.1484
0.156
0.1459
0.1452
0.1419
0.143
0.1533
0.1467
0.148
0.1625
0.1404
0.1534
0.1595
0.1418
0.0537
0.1461
0.1461
0.1517
0.1481
0.1516
0.151
0.1568
0.1542
0.1567

--------------------------
CreateVideoDecoder_D3D11_1
--------------------------
16.0977

---------------------------
DestroyVideoDecoder_D3D11_1
---------------------------
0

----------------
First Frame Time
----------------
60.5574

--------------------------------------
VideoDecoderBeginFrame_WDDM2_4_D3D11_1
--------------------------------------
0.0096
0.0038
0.0035
0.0025
0.0026
0.004
0.0029
0.0032
0.0024
0.0028
0.0024
0.002
0.0024
0.003
0.0022
0.0024
0.0022
0.0021
0.0021
0.0034
0.0023
0.0024
0.0025
0.0025
0.0023
0.0026
0.0026
0.0024
0.0035
0.0025
0.005
0.0027
0.002
0.0023
0.002
0.0052
0.0025
0.0035
0.0032
0.0025
0.002
0.0019
0.0053
0.0021
0.003
0.002
0.0018
0.0018
0.0026
0.0025
0.0059
0.002
0.0021
0.0029
0.0021
0.0025
0.0031
0.0024
0.0021
0.0031
0.0024
0.002
0.0022
0.0036
0.0027
0.0023
0.0028
0.0028
0.0024
0.0022
0.0019
0.002
0.0021
0.002
0.002
0.0023
0.0025
0.0019
0.0021
0.002
0.0019
0.0021
0.0019
0.0021
0.002
0.0018
0.0021
0.002
0.0026
0.0028
0.0022
0.0023
0.0021
0.002
0.0034
0.0035
0.0019
0.0029
0.0027
0.0021
0.0028
0.0017
0.0027
0.0023
0.0028
0.0024
0.0022
0.0026
0.0024
0.0017
0.0024
0.0032
0.0035
0.0024
0.002
0.0028
0.003
0.0024
0.0045
0.0023
0.0023
0.0024
0.0029
0.0021
0.0025
0.0025
0.0019
0.0024
0.0029
0.0029
0.0032
0.0033
0.003
0.0032
0.0026
0.0035
0.0029
0.0027
0.0031
0.0028
0.0027
0.0055
0.0028
0.0024
0.002
0.0023
0.0025
0.0026
0.0021
0.002
0.0044
0.0023
0.002
0.0019
0.0021
0.0019
0.0019
0.0027
0.0024
0.0019
0.0026
0.0029
0.002
0.0021
0.0022
0.0032
0.0026
0.0024
0.003
0.005
0.0022
0.0026
0.003
0.0029
0.0055
0.0028
0.0027
0.003
0.0026
0.0023
0.0029
0.0034
0.0024
0.0021
0.0025
0.0023
0.0024
0.0019
0.0036
0.0025
0.0023
0.003
0.0031
0.0035
0.003
0.0033
0.0026
0.0024
0.0033
0.0027
0.0025
0.0027
0.0024
0.0023
0.0024
0.0022
0.0021
0.0023
0.0021
0.003
0.0021
0.0038
0.0021
0.002
0.0018
0.0022
0.0021
0.002
0.0023
0.0025
0.0045
0.0018
0.0019
0.0019
0.0021
0.0021
0.0019
0.0022
0.002
0.0019
0.0019
0.002
0.0024
0.0021
0.0019
0.002
0.002
0.0022
0.0021
0.0019
0.0022
0.0035
0.0035
0.0022
0.002
0.0029
0.0039
0.0032
0.0026
0.0021
0.0032
0.0029
0.0025
0.0021
0.0018
0.0017
0.0022
0.0024
0.002
0.0028
0.0043
0.0029
0.0026
0.0033
0.0021
0.0024
0.0019
0.002
0.0032
0.0024
0.002
0.0018
0.0029
0.0019
0.0038
0.0025
0.0033
0.0031
0.0023
0.0031
0.0022
0.0022
0.0022
0.0022
0.0018
0.0021
0.0023
0.0019
0.002
0.0019
0.0019
0.0028
0.0025
0.0031
0.0036
0.003
0.0066
0.0035
0.0028
0.0035
0.0028
0.0026
0.0025
0.0022
0.0025
0.0023
0.0029
0.002
0.003
0.0025
0.0038
0.0023
0.0031
0.0021
0.0019
0.0019
0.0126
0.003
0.0026
0.0029
0.0028
0.0025
0.0025
0.0035
0.0028
0.0028
0.0028
0.0023
0.0021
0.0027
0.0029
0.0023
0.0039
0.0024
0.0025
0.0021
0.0031
0.0026
0.0027
0.0027
0.0021
0.0024
0.0032
0.0026
0.0033
0.0028
0.0023
0.0019
0.0023
0.0028
0.0027
0.0024
0.0024
0.0022
0.0022
0.0034
0.0034
0.0025
0.0021
0.0024
0.0026
0.0029
0.0027
0.0023
0.0022
0.002
0.0024
0.0021
0.0025
0.0025
0.0041
0.0025
0.0022
0.0019
0.0019
0.0019
0.0019
0.0024
0.0021
0.0022
0.002
0.0025
0.0022
0.0025
0.0018
0.0021
0.0024
0.002
0.0024
0.0023
0.0021
0.0018
0.0021
0.0019
0.0026
0.0019
0.0031
0.0024
0.0021
0.0026
0.0019
0.0022
0.0021
0.0025
0.0021
0.0018
0.0021
0.0032
0.0029
0.0023
0.0031
0.0029
0.0026
0.002
0.0019
0.003
0.0026
0.0028
0.0028
0.0032
0.0025
0.0024
0.0019
0.0021
0.0031
0.0033
0.0037
0.0023
0.0022
0.0022
0.002
0.0019
0.002
0.0026
0.0029
0.003
0.0031
0.0023
0.0022
0.0021
0.0026
0.0027
0.0019
0.0022
0.0021
0.0027
0.0028
0.0054
0.002
0.0019
0.0029
0.0029
0.0027
0.0022
0.0022
0.0022
0.0021
0.0019
0.0018
0.0019
0.0028
0.0023
0.0023
0.0022
0.0018
0.0028
0.0023
0.0023
0.0018
0.0019
0.0031
0.0033
0.0033
0.0029
0.0089
0.0025
0.0027
0.0026
0.0022
0.0021
0.0018
0.0017
0.0028
0.0027
0.0023
0.0032
0.0022
0.0023
0.0029
0.0022
0.0021
0.0019
0.0024
0.0027
0.0035
0.0028
0.0024
0.002
0.0028
0.0028

----------------------------
VideoDecoderEndFrame_D3D11_1
----------------------------
0.0336
0.0581
0.0546
0.0792
0.0834
0.0779
0.1096
0.0349
0.0618
0.0584
0.0563
0.0543
0.0662
0.062
0.0613
0.0589
0.0587
0.0625
0.0603
0.0651
0.0612
0.0616
0.0599
0.0573
0.0588
0.0622
0.0647
0.0586
0.0587
0.0549
0.0678
0.0563
0.0525
0.0572
0.0546
0.0558
0.0547
0.0668
0.0632
0.0561
0.0528
0.0536
0.0553
0.0567
0.06
0.0535
0.0546
0.0547
0.0609
0.0539
0.0538
0.0598
0.0579
0.0577
0.0543
0.058
0.0626
0.0566
0.0586
0.0597
0.055
0.0531
0.0581
0.0696
0.0581
0.0597
0.0644
0.0551
0.0566
0.0542
0.0533
0.0553
0.0542
0.055
0.0554
0.0612
0.0543
0.0562
0.0574
0.0528
0.0548
0.0603
0.0585
0.0534
0.0536
0.0529
0.0537
0.0552
0.0609
0.0579
0.0555
0.0541
0.0551
0.0556
0.0553
0.0565
0.0565
0.0634
0.0564
0.0573
0.056
0.0577
0.0547
0.0563
0.0577
0.0572
0.0566
0.0574
0.0574
0.0542
0.0541
0.0576
0.0611
0.0568
0.0686
0.0607
0.0552
0.0552
0.0638
0.0612
0.0612
0.0636
0.0605
0.0595
0.0618
0.0615
0.0581
0.0642
0.0612
0.0592
0.0683
0.0744
0.0627
0.0636
0.0911
0.0852
0.1094
0.081
0.081
0.0803
0.0866
0.0863
0.0811
0.1063
0.0878
0.0614
0.082
0.0716
0.07
0.0603
0.0766
0.0992
0.0897
0.0562
0.0608
0.0552
0.0562
0.0735
0.0773
0.0737
0.0854
0.0798
0.0779
0.074
0.0737
0.0831
0.0772
0.079
0.0872
0.081
0.0665
0.0593
0.1142
0.121
0.1206
0.0565
0.0695
0.0588
0.0645
0.0562
0.0642
0.0628
0.064
0.0584
0.0609
0.059
0.0637
0.0629
0.062
0.0833
0.0597
0.0629
0.0633
0.0662
0.0885
0.0609
0.0574
0.061
0.0673
0.0643
0.0645
0.059
0.0612
0.06
0.0601
0.0575
0.0627
0.0588
0.0611
0.0606
0.0637
0.0606
0.0683
0.0629
0.0595
0.0634
0.0638
0.0641
0.0694
0.0668
0.07
0.0638
0.055
0.0662
0.0622
0.0642
0.063
0.0692
0.0647
0.0684
0.0678
0.0604
0.0609
0.0601
0.0656
0.0618
0.0663
0.0659
0.0672
0.0635
0.0635
0.0796
0.0662
0.0644
0.0575
0.065
0.0699
0.0846
0.0557
0.0576
0.0653
0.085
0.0586
0.0561
0.0811
0.0554
0.0724
0.0571
0.0807
0.06
0.0885
0.0592
0.0581
0.0686
0.0549
0.0565
0.0565
0.06
0.0625
0.0642
0.0595
0.0562
0.0612
0.0563
0.0714
0.0586
0.0597
0.0561
0.059
0.066
0.058
0.0668
0.0622
0.0678
0.0586
0.0657
0.059
0.0666
0.0597
0.0641
0.0649
0.0616
0.0618
0.0604
0.0608
0.0603
0.0639
0.0604
0.0653
0.0599
0.0587
0.0597
0.0642
0.0578
0.0571
0.054
0.0619
0.0566
0.0604
0.058
0.0723
0.058
0.0608
0.0563
0.0588
0.0579
0.0587
0.0684
0.0671
0.0585
0.0577
0.0542
0.065
0.0641
0.0648
0.0675
0.061
0.0593
0.058
0.0655
0.0595
0.0633
0.0602
0.0542
0.0599
0.0555
0.0608
0.0583
0.0589
0.0577
0.0631
0.0579
0.0629
0.0582
0.061
0.0555
0.0569
0.0541
0.0573
0.0614
0.0622
0.0543
0.0595
0.0593
0.0617
0.0611
0.0656
0.0618
0.0604
0.0526
0.057
0.0598
0.061
0.2515
0.0287
0.0575
0.059
0.0575
0.0594
0.0546
0.061
0.0593
0.0556
0.0535
0.0585
0.0567
0.077
0.0617
0.065
0.0674
0.0684
0.0634
0.0659
0.0574
0.0542
0.0643
0.0642
0.0595
0.0654
0.0569
0.0531
0.0558
0.0535
0.0527
0.0564
0.0565
0.0594
0.0604
0.0596
0.0559
0.0563
0.0619
0.0671
0.0567
0.0539
0.0555
0.0561
0.0641
0.0562
0.0696
0.0597
0.061
0.0571
0.0552
0.0574
0.065
0.0559
0.0616
0.0657
0.0621
0.0627
0.0533
0.0554
0.0568
0.0589
0.0577
0.0651
0.0533
0.0563
0.0547
0.0541
0.0545
0.0557
0.0579
0.061
0.0661
0.0616
0.0563
0.0633
0.0539
0.0562
0.0579
0.0528
0.0559
0.0577
0.0571
0.0581
0.0543
0.0561
0.0574
0.0608
0.0795
0.0564
0.0523
0.0537
0.0562
0.0559
0.053
0.0535
0.0579
0.064
0.0585
0.0556
0.0601
0.0554
0.0628
0.0594
0.0618
0.0571
0.0533
0.0592
0.0657
0.0649
0.0603
0.0615
0.0567
0.0709
0.0588
0.0565
0.0543
0.06
0.067
0.0592
0.0618
0.0574
0.0732
0.0575
0.0608
0.0649
0.0619
0.0546
0.0614
0.053
0.0586
0.058
0.0597
0.0561
0.0563
0.0634
0.0692

---------------------------------
VideoDecoderSubmitBuffers_D3D11_1
---------------------------------
1.3478
1.4919
0.5539
1.4453
0.805
3.0008
1.268
0.5485
0.3622
0.3555
0.3767
0.3321
0.3727
0.3501
0.3341
0.3487
0.3378
0.3628
0.3341
0.3768
0.3373
0.3375
0.3355
0.3539
0.3377
0.3381
0.3375
0.3327
0.345
0.3655
0.3573
0.3434
0.3415
0.3572
0.334
0.3334
0.3303
0.4202
0.3762
0.3522
0.335
0.3356
0.3332
0.3229
0.4151
0.3446
0.3357
0.333
0.3614
0.2324
0.3674
0.3322
0.3378
0.3367
0.3439
0.3301
0.4162
0.3578
0.3583
0.3781
0.359
0.3352
0.3737
0.3785
0.375
0.3486
0.3786
0.3326
0.3302
0.3292
0.3254
0.3493
0.3344
0.3268
0.3423
0.3426
0.3538
0.324
0.3396
0.3311
0.3242
0.3351
0.3252
0.316
0.3451
0.3244
0.3406
0.3298
0.3691
0.3452
0.3433
0.3601
0.3266
0.3192
0.3605
0.3392
0.3708
0.3745
0.2694
0.3422
0.3819
0.3379
0.3322
0.3472
0.4139
0.3439
0.3383
0.3462
0.3561
0.3313
0.362
0.3911
0.4293
0.3414
0.33
0.367
0.3504
0.3441
0.3629
0.3528
0.3617
0.3782
0.3815
0.3354
0.3411
0.3611
0.3288
0.3748
0.3598
0.3454
0.3992
0.4508
0.3891
0.4152
0.3838
0.4286
0.359
0.3868
0.3995
0.3553
0.39
0.429
0.3909
0.3899
0.3639
0.3804
0.3755
0.2504
0.3354
0.3505
0.3487
0.397
0.3712
0.3261
0.3487
0.343
0.3262
0.3856
0.3594
0.3457
0.4677
0.4635
0.3481
0.3702
0.3546
0.48
0.3673
0.3935
0.4228
0.3331
0.3509
0.4061
0.5387
0.4852
0.7501
0.3823
0.3672
0.4024
0.4208
0.3426
0.4029
0.3806
0.3815
0.3485
0.3726
0.3494
0.3564
0.344
0.4148
0.4338
0.3796
0.3762
0.3831
0.3999
0.6034
0.5054
0.2483
0.3562
0.3934
0.3724
0.3665
0.338
0.3738
0.3334
0.3683
0.3418
0.3737
0.3407
0.3694
0.4009
0.3409
0.3702
0.3815
0.3515
0.3353
0.3481
0.3582
0.3295
0.3766
0.3319
0.3771
0.3475
0.3252
0.3686
0.3453
0.3732
0.336
0.3679
0.3336
0.373
0.3314
0.3387
0.3516
0.3287
0.3554
0.3327
0.3732
0.3302
0.3632
0.3296
0.3801
0.5015
0.3655
0.335
0.3302
0.276
0.4579
0.5158
0.3652
0.3203
0.4246
0.5191
0.3271
0.3279
0.3639
0.3168
0.3655
0.3455
0.3502
0.3765
0.4732
0.4227
0.388
0.442
0.3423
0.3509
0.3176
0.3319
0.4225
0.3302
0.3503
0.3473
0.388
0.3427
0.4519
0.3537
0.39
0.3606
0.3506
0.4123
0.3517
0.3693
0.3293
0.3669
0.3321
0.364
0.3286
0.368
0.328
0.3634
0.3266
0.3897
0.3707
0.4017
0.2932
0.3559
0.4296
0.3922
0.3861
0.3582
0.34
0.3402
0.415
0.3583
0.3294
0.3579
0.4083
0.3499
0.3816
0.3539
0.4544
0.3529
0.4131
0.3614
0.3564
0.3204
0.3739
0.3997
0.3793
0.375
0.3963
0.3672
0.3353
0.4293
0.3901
0.3506
0.3607
0.3414
0.3658
0.3707
0.3967
0.3426
0.342
0.3454
0.3529
0.3405
0.3909
0.3723
0.3594
0.388
0.4188
0.3327
0.3989
0.2554
0.3846
0.3857
0.3754
0.323
0.3536
0.368
0.3687
0.357
0.3524
0.3413
0.341
0.3779
0.414
0.3407
0.3316
0.3459
0.3613
0.3884
0.3814
0.3288
0.4073
0.33
0.3463
0.3725
0.3352
0.3343
0.3811
0.3363
0.343
0.3492
0.3239
0.34
0.3472
0.3431
0.3834
0.3903
0.3263
0.3348
0.3635
0.3326
0.3345
0.3515
0.3562
0.333
0.3297
0.3329
0.3599
0.335
0.235
0.3278
0.3327
0.3237
0.3554
0.3373
0.3578
0.3344
0.3448
0.4031
0.3474
0.3326
0.3547
0.3322
0.3338
0.3821
0.3843
0.3401
0.4064
0.4014
0.3393
0.3385
0.322
0.4003
0.3434
0.3719
0.3769
0.3989
0.3627
0.3605
0.3294
0.3459
0.3737
0.4098
0.415
0.3357
0.3516
0.3561
0.3223
0.3236
0.3494
0.365
0.38
0.3905
0.3937
0.3341
0.3232
0.3296
0.3349
0.2328
0.3267
0.339
0.3409
0.3724
0.3503
0.3555
0.3458
0.3219
0.3988
0.3803
0.3387
0.3316
0.3341
0.3419
0.3357
0.3199
0.3383
0.3198
0.3827
0.3422
0.3393
0.3722
0.3185
0.3676
0.3513
0.3692
0.3292
0.3559
0.3988
0.391
0.408
0.3899
0.3714
0.3671
0.3684
0.3811
0.3566
0.346
0.3229
0.3167
0.3806
0.3554
0.3413
0.4194
0.3335
0.3603
0.4038
0.3321
0.2388
0.334
0.3407
0.3828
0.4109
0.3807
0.3471
0.3714
0.3869
0.3836

