---------------------------------------------
CalcPrivateVideoDecoderOutputViewSize_D3D11_1
---------------------------------------------
0.0024
0.0013
0.0014
0.0028
0.0025
0.0009
0.0016
0.0008
0.0017
0.0012
0.0008
0.0015
0.0007
0.0026
0.0013
0.0009
0.0009
0.0008
0.0009
0.0023
0.0008
0.0007
0.001
0.0011
0.0019
0.0011
0.0016
0.0021
0.0023
0.0009
0.0017
0.0019
0.0015
0.0009
0.001
0.0008
0.0009
0.0008
0.0007
0.0007
0.0006
0.0011
0.0019
0.0017
0.001
0.0008
0.0008
0.0008
0.0008
0.0008
0.0008
0.0007
0.0009
0.0009
0.0007
0.0008
0.0007
0.0006
0.0007
0.0006
0.0007
0.0006
0.0006
0.0019
0.0007
0.0007
0.0014
0.0013
0.0008
0.0009
0.0007
0.0007
0.0007
0.0008
0.0009
0.0007
0.0007
0.0008
0.0008
0.0009
0.0007
0.0007
0.0009
0.0008
0.0007
0.0007
0.0009
0.0007
0.0008
0.0007
0.0007
0.001
0.0009
0.0007
0.0021
0.0007
0.0008
0.0006
0.0019
0.0012
0.0011
0.001
0.0008
0.0011
0.0009
0.0018
0.0012
0.0011
0.001
0.0019
0.0011
0.0016
0.0014
0.0013
0.0016
0.0008
0.0011
0.0008
0.0015
0.0008
0.0008
0.0017
0.0011
0.0009
0.0009
0.0008
0.0017
0.0012
0.0013
0.0012
0.0016
0.0012
0.003
0.001
0.0008
0.0008
0.0008
0.0008
0.0008
0.0007
0.0007
0.009
0.0009
0.0009
0.0007
0.0007
0.0006
0.003
0.0009
0.0009
0.0007
0.0008
0.0007
0.0017
0.0018
0.0023
0.0011
0.0009
0.0007
0.0009
0.0016
0.0009
0.0012
0.0015
0.0011
0.0011
0.0014
0.0008
0.0007
0.0019
0.0011
0.0009
0.0008
0.0011
0.0007
0.0008
0.0007
0.0008
0.0008
0.0008
0.0008
0.0007
0.0006
0.0008
0.0007
0.0007
0.0007
0.0007
0.0007
0.0007
0.0007
0.0007
0.0008
0.0007
0.0008
0.0007
0.0012
0.0007
0.0013
0.0008
0.002
0.0036
0.001
0.0008
0.0012
0.0009
0.0008
0.0008
0.0008
0.0007
0.0011
0.0024
0.0009
0.0008
0.0007
0.0011
0.0007
0.0009
0.0007
0.0009
0.0007
0.0006
0.0007
0.0007
0.0009
0.0006
0.0007
0.0007
0.0011
0.0011
0.0007
0.0009
0.0016
0.002
0.0011
0.0012
0.0012
0.0009
0.0019
0.0013
0.0015
0.0013
0.0011
0.0012
0.0008
0.0008
0.0007
0.0008
0.0006
0.0008
0.0011
0.0007
0.0007
0.0007
0.0011
0.0011
0.0014
0.0025
0.001
0.0021
0.0011
0.0016
0.0015
0.0009
0.0009
0.0012
0.0008
0.0018
0.001
0.0013
0.0009
0.0008
0.0006
0.0007
0.0009
0.0013
0.0008
0.0007
0.0009
0.0008
0.0007
0.0007
0.0006
0.0009
0.0009
0.0019
0.001
0.0012
0.0008
0.0017
0.0014
0.0009
0.0013
0.0016
0.0023
0.0014
0.0007
0.0016
0.001
0.0013
0.0008
0.0016
0.0008
0.0009
0.001
0.0008
0.0007
0.0007
0.0007
0.0008
0.0008
0.0008
0.0009
0.0007
0.0016
0.0008
0.0041
0.0008
0.0007
0.0007
0.0006
0.0008
0.0008
0.0006
0.001
0.001
0.0008
0.001
0.0011
0.0008
0.0016
0.0011
0.0012
0.0009
0.0009
0.0008
0.0007
0.0007
0.0006
0.0007
0.0009
0.0008
0.0012
0.0011
0.0007
0.0008
0.0008
0.0007
0.0006
0.0009
0.0008
0.0009
0.0008
0.0008
0.0012
0.0008
0.0007
0.0006
0.0018
0.0025
0.001
0.0012
0.0007
0.0009
0.0008
0.0015
0.0016
0.001
0.0007
0.0017
0.0009
0.0008
0.0007
0.0007
0.0006
0.0012
0.0007
0.0006
0.0007
0.0007
0.001
0.0006
0.0006
0.0007
0.0009
0.0007
0.0008
0.0008
0.0008
0.0006
0.0007
0.0007
0.0006
0.0009
0.001
0.002
0.0015
0.001
0.0018
0.0016
0.0011
0.0009
0.0011
0.0008
0.0019
0.0012
0.0035
0.0009
0.0009
0.0008
0.0008
0.0008
0.0008
0.0008
0.0008
0.001
0.0008
0.0007
0.0008
0.0007
0.0007
0.0007
0.0008
0.0008
0.0006
0.0007
0.0009
0.0008
0.0011
0.0007
0.0009
0.0009
0.0008
0.0008
0.0013
0.0022
0.001
0.0011
0.0012
0.0011
0.0007
0.0018
0.0009
0.0009
0.0008
0.0013
0.0012
0.001
0.0008
0.0032
0.0007
0.0008
0.0009
0.0007
0.0008
0.001
0.0009
0.0009
0.001
0.0011
0.0015
0.0009
0.0009
0.0009
0.0007
0.0033
0.0006
0.0008
0.0009
0.0007
0.0006
0.0007
0.0007
0.0007
0.0119
0.0008
0.0008
0.0009
0.0008
0.0007
0.0008
0.0007
0.0008
0.0008
0.0007
0.0006
0.0007
0.0009
0.0007
0.0008
0.0013
0.0008
0.0008
0.0008
0.0007
0.0007
0.0007
0.0006
0.0007
0.0007
0.0009
0.0007
0.0007
0.0008
0.0007
0.0006
0.0007
0.0008
0.0006
0.0007
0.0007
0.0015
0.0009
0.0008
0.0006
0.0006
0.001
0.0007
0.0007
0.0007
0.0007
0.0007
0.0007
0.0007
0.0006
0.001
0.0008
0.0007
0.0009
0.0007
0.0007
0.001
0.001
0.0009
0.0008
0.0008
0.0007
0.0008
0.0008
0.0008
0.0008
0.0008
0.0007
0.0007
0.001
0.0007
0.0008
0.0009
0.0006
0.0007
0.0007
0.0009
0.001
0.0008
0.0007
0.0016
0.001
0.0008
0.0009
0.0008
0.0007
0.0013
0.0007
0.0006
0.0008
0.0008
0.0008
0.0008
0.0008
0.001
0.001
0.001
0.0008
0.0008
0.001
0.0007
0.0008
0.001
0.0007
0.0008
0.0008
0.0007
0.0016
0.0011
0.0026
0.001
0.001
0.0019
0.0007
0.0008
0.0006
0.0009
0.001
0.0008
0.0009
0.0013
0.0016
0.0015
0.0008
0.0011

-----------------------
CodechalDecode::Execute
-----------------------
10.7886
3.682
6.3001
4.2688
5.1873
5.1245
5.0469
4.8244
0.9239
0.6026
0.9644
0.7228
0.7052
0.8843
0.908
0.7603
3.2074
4.554
0.6504
0.5464
0.6049
0.6149
0.6008
0.6155
0.7017
0.5243
0.537
0.4808
0.4472
0.4616
0.5441
0.5411
0.4872
0.4735
0.4218
0.4118
0.4376
0.4545
0.4742
0.4647
0.4674
0.4784
0.4732
0.5114
0.4957
0.448
0.4791
0.4502
0.4766
0.4553
0.4629
0.467
0.4677
0.471
0.4665
0.4665
0.4608
0.4337
0.459
0.4356
0.466
0.464
0.4686
0.464
0.4242
0.4588
0.4743
0.4496
0.471
0.4593
0.4611
0.4663
0.4831
0.4416
0.4623
0.4406
0.4639
0.4687
0.4686
0.4649
0.4604
0.4363
0.4539
0.433
0.4678
0.4574
0.4404
0.4602
0.466
0.4596
0.4327
0.4332
0.4587
0.4384
0.4723
0.4617
0.4827
5.0354
0.5494
0.555
0.4919
0.4555
0.4787
0.5268
0.4847
0.5889
3.9546
0.5406
0.4926
4.1381
0.4667
0.5089
4.8758
0.4785
0.5307
1.5304
0.4944
0.447
0.6543
0.5369
0.454
0.5031
0.4713
0.4483
0.4795
0.4347
0.5251
0.4934
0.5485
0.5027
4.725
0.4946
0.4362
0.4684
0.4662
0.4391
0.484
0.4336
0.4699
0.4357
0.4517
0.438
0.4645
0.4259
0.4581
0.4669
0.4393
0.4616
0.4384
0.4678
0.4707
0.4282
0.4567
0.4937
0.4917
0.6043
0.4967
0.4397
0.4781
0.4339
0.55
0.4455
0.4354
4.6035
0.4754
0.5504
0.5357
0.4235
0.4402
0.577
0.4999
0.4733
0.4959
0.4468
0.4771
0.4437
0.4712
0.4708
0.4733
0.4571
0.4737
0.4735
0.4714
0.47
0.4749
0.4574
0.477
0.472
0.4583
0.4716
0.4282
0.4652
0.4636
0.435
0.4518
0.4413
0.4546
0.4628
0.4473
0.4584
0.5816
0.5039
0.4889
0.4525
0.5493
0.4924
0.4383
0.4638
0.4548
0.4526
0.4582
0.4232
0.4419
0.4609
0.4572
0.457
0.4628
0.436
0.4659
0.4642
0.432
0.4505
0.461
0.429
0.4375
0.4544
0.47
0.4595
0.4809
0.4276
0.4639
0.4303
0.5328
0.5693
0.5155
0.4455
0.4754
0.4582
0.6719
0.547
0.6499
0.6341
0.4868
0.4731
0.4679
0.466
0.4707
0.4248
0.4652
0.4608
0.4465
0.4643
0.4308
0.5145
0.5018
0.4583
0.661
0.7794
0.4472
0.5189
0.4846
0.529
0.4645
0.4493
0.4764
0.579
0.4408
0.6664
0.4733
0.6776
0.479
0.4449
0.468
0.4292
0.4736
0.4387
0.4661
0.4771
0.4652
0.4621
0.442
0.4333
0.5266
0.4333
0.4381
0.5708
0.4509
0.4735
0.4349
0.6398
0.4761
0.4301
0.4306
0.534
0.6237
0.4896
0.4801
0.5126
0.4408
0.4461
0.4637
0.4708
0.4289
0.4554
0.4883
0.4364
0.4706
0.4659
0.4392
0.4658
0.4482
0.4686
0.4597
0.4364
0.4527
0.4629
0.483
0.4658
0.4381
0.434
0.4589
0.435
0.4576
0.4638
0.4628
0.4653
0.43
0.4437
0.4263
0.4565
0.5074
0.4484
0.4716
0.4381
0.4755
0.4452
0.4597
0.432
0.4517
0.4372
0.4369
0.591
0.4822
0.4786
0.4597
0.468
0.4624
0.4621
0.4227
0.4716
0.4648
0.4587
0.4357
0.4261
0.4607
0.4554
0.4243
0.4249
0.6229
0.5017
0.4339
0.4557
0.4373
0.4219
0.4308
0.475
0.5149
0.4289
0.4176
0.4881
0.446
0.4282
0.4264
0.4189
0.4294
0.4138
0.4226
0.4341
0.4255
0.4151
0.4218
0.4071
0.4177
0.4205
0.4537
0.4377
0.4576
0.4609
0.4583
0.4579
0.4661
0.4367
0.455
0.4315
0.4168
0.6814
0.5105
0.4223
0.4947
0.5526
0.4553
0.4597
0.4494
0.4556
0.5126
0.4489
0.4885
0.4624
0.4693
0.4379
0.4526
0.4755
0.4375
0.4539
0.4745
0.4333
0.4586
0.4304
0.4605
0.4227
0.4708
0.4272
0.4598
0.4328
0.4679
0.4273
0.4695
0.422
0.427
0.4447
0.4698
0.4629
0.462
0.4341
0.4377
0.5239
0.4631
0.5277
0.4738
0.5309
0.4577
0.5603
0.4541
0.4443
0.5319
0.6524
0.5859
0.4295
0.4351
0.4306
0.4341
0.4307
0.4626
0.4737
0.4868
0.4853
0.4563
0.4346
0.4441
0.4253
0.5252
0.4725
0.4765
0.4211
0.4401
0.4677
0.4495
0.4787
0.4242
0.4654
0.4674
0.4516
0.4618
0.4625
0.4454
0.4668
0.4313
0.4679
0.4338
0.4573
0.4286
0.4616
0.425
0.4459
0.4469
0.4614
0.4737
0.4278
0.4571
0.429
0.4594
0.4261
0.468
0.4356
0.4657
0.4395
0.4704
0.435
0.4662
0.4462
0.4715
0.4231
0.4632
0.4559
0.4496
0.4575
0.4411
0.4176
0.44
0.4514
0.4338
0.4698
0.4617
0.4322
0.4683
0.4306
0.4638
0.444
0.4661
0.4281
0.4688
0.4283
0.4558
0.463
0.4488
0.4696
0.4194
0.4694
0.4323
0.458
0.4599
0.4324
0.4773
0.4504
0.4671
0.4632
0.4502
0.4689
0.4661
0.4532
0.4334
0.4679
0.4297
0.4673
0.465
0.4313
0.4637
0.43
0.4582
0.4292
0.4687
0.4668
0.4345
0.4614
0.4567
0.4679
0.4707
0.4639
0.4608
0.4221
0.4181
0.4343
0.4669
0.4365
0.4705
0.4391
0.4765
0.4878
0.4405
0.4236
0.6424
0.4849
0.4525
0.4728
0.5895
0.4871
0.4478
0.4109
0.4457
0.4678
0.514
0.4549
0.5655
0.5252
0.659
0.4907
0.537
0.4624
0.5147
0.4673
0.4997
0.4678
0.5029
0.508
0.578
0.475
0.5746
0.5255
0.5194
0.5211

---------------------------------------
CodechalDecodeHevcG12::DecodeStateLevel
---------------------------------------
0.2684
0.3661
4.0431
0.5104
0.2312
0.4846
2.1364
0.2061
2.6458
0.426
0.1958
0.1974
0.2631
0.175
0.1775
0.2083
0.342
0.342
0.2109
0.2922
0.3514
0.1824
0.2511
0.1854
0.1778
0.2191
0.3606
0.1423
0.1567
0.1819
0.1554
0.2719
0.3156
0.1476
0.1412
0.2209
0.1574
0.1612
0.1848
0.2413
0.1849
0.1804
0.1728
0.2086
0.2675
0.142
0.1477
0.2464
0.1218
0.1509
2.6276
0.1693
0.179
3.9334
0.1764
0.1513
0.1809
0.1104
0.1342
0.1585
0.1224
0.1473
0.1878
0.133
0.1435
0.198
0.1356
0.1394
0.1727
0.145
0.1548
0.1746
0.1126
0.1545
0.2641
0.1224
0.1495
0.1255
0.0863
0.1845
0.1329
0.0829
0.148
0.1313
0.0726
0.1435
0.1246
0.0767
0.1409
0.1297
0.122
0.1571
0.1307
0.1066
0.1635
0.1231
0.0827
0.1495
0.1292
0.0809
0.1442
0.1304
0.0675
0.1279
0.1183
0.0652
0.1285
0.12
0.0682
0.1402
0.1205
0.0709
0.1403
0.1251
0.0798
0.1515
0.1288
0.0789
0.1415
0.1304
0.0768
0.1483
0.1297
0.0823
0.1448
0.1267
0.0789
0.1486
0.1286
0.0913
0.1447
0.1441
0.0827
0.1597
0.1286
0.0723
0.1434
0.1246
0.0816
0.1548
0.1283
0.0724
0.1409
0.1249
0.0775
0.1559
0.1329
0.0722
0.1469
0.1268
0.0742
0.1511
0.1281
0.0749
0.1486
0.1293
0.0783
0.1487
0.1279
0.0788
0.1494
0.1309
0.0807
0.1431
0.1306
0.0777
0.1477
0.1283
0.0785
0.1418
0.1288
0.0675
0.1397
0.1237
0.0761
0.1432
0.1267
0.069
0.1366
0.1285
0.0781
0.1473
0.1286
0.0787
0.1431
0.1306
0.0786
0.1494
0.1286
0.0771
0.1428
0.1286
0.0689
0.1339
0.1177
0.0769
0.1425
0.1268
0.0793
0.1465
0.1256
0.0732
0.1357
0.1224
0.0791
0.1519
0.1279
0.0749
0.1458
0.1256
0.0793
0.1429
0.1234
0.078
0.1485
0.1259
0.0815
0.1507
0.1334
0.0681
0.1433
0.1242
0.0783
0.1449
0.1268
0.0687
0.1428
0.1243
0.0791
0.1442
0.1272
0.0781
0.1507
0.1283
0.0795
0.1443
0.1291
0.0773
0.1479
0.1274
0.0763
0.1424
0.1296
0.0668
0.1404
0.1276
0.0759
0.1401
0.125
0.0686
0.1344
0.1284
0.0779
0.1487
0.1274
0.0761
0.1419
0.1289
0.069
0.1401
0.1248
0.0764
0.1418
0.1279
0.0767
0.1481
0.1289
0.0754
0.1423
0.1287
0.0664
0.1377
0.1225
0.0734
0.1304
0.1212
0.0732
0.1375
0.1299
0.0698
0.1353
0.1282
0.0808
0.146
0.1256
0.0777
0.1417
0.1282
0.0867
0.1457
0.1269
0.0896
0.1552
4.3503
0.0923
0.1622
0.1317
0.1457
0.1472
0.1249
0.0843
0.1599
0.1271
0.0726
0.1472
0.123
0.0823
0.1518
0.1271
0.0904
0.1724
0.1269
0.0823
0.1536
0.1293
0.1121
0.1926
0.1297
0.0856
0.1633
3.3932
0.0956
0.1777
0.1285
0.0843
0.1533
0.1292
0.0954
0.1681
3.5494
0.0766
0.1433
0.1242
0.092
0.152
0.1335
0.0886
0.1644
4.2195
0.0793
0.149
0.124
0.0998
0.1675
0.1275
0.0799
0.1546
1.0451
0.0846
0.1539
0.1289
0.0751
0.1402
0.1258
0.069
0.144
0.1249
0.1795
0.1366
0.1188
0.08
0.1399
0.1238
0.09
0.1477
0.1258
0.0778
0.1491
0.1269
0.0759
0.1343
0.1246
0.0858
0.1472
0.1252
0.0707
0.1364
0.1218
0.0949
0.159
0.1308
0.0832
0.1525
0.1272
0.0983
0.1818
0.1292
0.0873
0.1581
0.127
0.1007
0.1814
4.0315
0.0867
0.1539
0.1284
0.0717
0.1322
0.1208
0.0779
0.1456
0.1255
0.077
0.1472
0.127
0.0717
0.134
0.1286
0.0802
0.1467
0.1305
0.0672
0.134
0.1296
0.0787
0.1456
0.1265
0.0694
0.139
0.1212
0.0753
0.1412
0.1249
0.0699
0.1363
0.1233
0.0761
0.1483
0.1262
0.0684
0.1333
0.1216
0.072
0.1507
0.1265
0.0788
0.1459
0.1281
0.0668
0.1317
0.1279
0.0749
0.1446
0.1275
0.0702
0.1397
0.1219
0.0762
0.1437
0.1316
0.0794
0.1498
0.1251
0.0691
0.1303
0.1203
0.0709
0.1494
0.1274
0.0855
0.1434
0.1251
0.0846
0.1536
0.1267
0.1162
0.193
0.1319
0.0841
0.162
0.1291
0.0709
0.1397
0.1241
0.0801
0.1548
0.1305
0.0712
0.1352
0.1233
0.0947
0.1666
0.1352
0.0706
0.1438
0.1257
0.0741
0.1335
0.1214
0.0979
0.1812
3.9127
0.079
0.1456
0.1347
0.1322
0.1688
0.1253
0.0909
0.1616
0.1451
0.0677
0.1325
0.1232
0.0675
0.1392
0.1321
0.1065
0.1781
0.1368
0.0868
0.1577
0.1289
0.0801
0.1489
0.1288
0.082
0.1659
0.1292
0.0748
0.1341
0.1244
0.0806
0.1512
0.1295
0.0732
0.135
0.1266
0.0791
0.1498
0.129
0.078
0.1467
0.1296
0.078
0.1508
0.1283
0.0744
0.1431
0.1272
0.079
0.1517
0.1287
0.0794
0.1451
0.131
0.0775
0.1509
0.1297
0.0788
0.1455
0.1308
0.0789
0.1517
0.1274
0.0752
0.1426
0.1279
0.0777
0.1538
0.1292
0.0783
0.1513
0.1268
0.0758
0.1418
0.1277
0.0792
0.1505
0.1285
0.0688
0.1338
0.1213
0.0745
0.1491
0.1286
0.0764
0.1451
0.1284
0.07
0.1404
0.123
0.0727
0.1401
0.1271
0.0707
0.144
0.123
0.0816
0.1319
0.1159
0.077
0.1427
0.1262
0.0723
0.1402
0.1223
0.0757
0.142
0.127
0.103
0.186
0.1326
0.081
0.1604
0.1256
0.0803
0.1572
0.1271
0.0685
0.1341
0.1406
0.0939
0.1836
0.1295
0.0817
0.158
0.1316
0.0694
0.1335
0.1316
0.0755
0.149
0.1273
0.0749
0.1404
0.1247
0.0708
0.1392
0.1321
0.0844
0.1452
0.1208
0.0669
0.1339
0.1188
0.0686
0.1428
0.1246
0.0721
0.1407
0.1253
0.0797
0.1387
0.1271
0.0752
0.1411
0.1312
0.0732
0.1503
0.1287
0.0719
0.1323
0.1209
0.0731
0.1523
0.1274
0.0767
0.1462
0.1266
0.0687
0.1389
0.1222
0.0723
0.1421
0.1255
0.0767
0.1407
0.1336
0.069
0.1328
0.1216
0.0703
0.1326
0.1198
0.0726
0.1419
0.1283
0.0781
0.1493
0.1288
0.076
0.1426
0.1286
0.0812
0.1476
0.1285
0.0728
0.1256
0.1165
0.0781
0.1458
0.1284
0.0698
0.134
0.1227
0.0981
0.1642
0.1302
0.1009
0.1792
0.1338
0.0964
0.1538
0.1333
0.0796
0.1391
0.1205
0.0767
0.153
0.1283
0.0809
0.1369
0.1341
0.1279
0.2148
0.1712
0.1177
0.1622
0.1296
0.0958
0.2012
0.1917
0.0963
0.1925
0.1918
0.0864
0.1513
0.1277
0.0794
0.1442
0.1347
0.0813
0.143
0.126
0.0767
0.1438
0.1339
0.0776
0.1513
0.1269
0.0704
0.1314
0.12
0.0738
0.1534
0.1286
0.0766
0.1435
0.1293
0.0782
0.1321
0.1243
0.0746
0.1445
0.1312
0.0684
0.1422
0.1214
0.067
0.1317
0.1789
0.0859
0.1638
0.1335
0.0768
0.1387
0.1288
0.102
0.2053
0.1919
0.1506
0.2325
0.1993
0.0695
0.1377
0.1263
0.0897
0.1619
0.1284
0.0837
0.1449
0.138
0.1046
0.1499
0.1328
0.0895
0.1307
0.1227
0.0724
0.1385
0.1266
0.0766
0.1452
0.1401
0.0902
0.1866
0.1717
0.0689
0.135
0.1363
0.1169
0.2012
0.1879
0.0861
0.1376
0.1268
0.108
0.2144
0.1954
0.082
0.1541
0.1278
0.0727
0.1374
0.1255
0.0769
0.1499
0.1296
0.0688
0.1359
0.1232
0.0803
0.1513
0.126
0.0719
0.1327
0.1252
0.0752
0.1473
0.1293
0.0813
0.1511
0.1289
0.0778
0.145
0.1294
0.0787
0.1429
0.1278
0.0711
0.1362
0.1293
0.0701
0.1342
0.1235
0.0955
0.1564
0.1416
0.0711
0.1383
0.121
0.0714
0.1412
0.1255
0.1044
0.1799
0.1331
0.0754
0.1381
0.1268
0.0815
0.1508
0.1297
0.0679
0.138
0.1241
0.0962
0.2025
0.1907
0.0753
0.1519
0.136
0.068
0.1391
0.1262
0.0691
0.1319
0.1252
0.1007
0.1711
0.128
0.114
0.2133
0.1364
0.0848
0.1548
0.1341
0.08
0.1499
0.14
0.1024
0.1509
0.1284
0.0752
0.1326
0.1238
0.0744
0.1339
0.1227
0.08
0.1389
0.131
0.0828
0.1461
0.1227
0.0689
0.1325
0.1214
0.0711
0.1394
0.1359
0.0834
0.1582
0.128
0.0701
0.1326
0.1259
0.0755
0.1514
0.1306
0.0782
0.1452
0.1286
0.0683
0.1358
0.1319
0.0781
0.1444
0.1279
0.0722
0.1349
0.1327
0.0771
0.1464
0.1294
0.0747
0.1461
0.1275
0.0674
0.1427
0.1235
0.0752
0.1433
0.1272
0.0761
0.1421
0.1334
0.0816
0.1501
0.126
0.0796
0.1428
0.1287
0.0694
0.1347
0.1273
0.0727
0.1336
0.1219
0.0743
0.1412
0.1341
0.0683
0.1351
0.1238
0.0758
0.1444
0.1253
0.0751
0.1418
0.1365
0.0754
0.1488
0.1266
0.0789
0.1425
0.1267
0.0681
0.1315
0.1295
0.0734
0.1337
0.1234
0.0709
0.1281
0.1142
0.0728
0.1472
0.1272
0.089
0.148
0.128
0.0748
0.1378
0.1232
0.0795
0.1468
0.1297
0.0698
0.1344
0.1239
0.0834
0.1447
0.1313
0.0684
0.1456
0.1264
0.0774
0.1434
0.1275
0.0684
0.138
0.1234
0.0724
0.1424
0.129
0.0677
0.1391
0.1246
0.0708
0.1355
0.1254
0.1094
0.1911
0.1314
0.0834
0.1506
0.1285
0.085
0.1493
0.1266
0.078
0.1428
0.1265
0.0764
0.151
0.1285
0.0782
0.1424
0.1256
0.076
0.1465
0.1289
0.0668
0.1324
0.123
0.0773
0.1483
0.1291
0.0772
0.1478
0.1281
0.077
0.143
0.1278
0.0674
0.1406
0.1231
0.0657
0.1336
0.1233
0.0741
0.1416
0.127
0.0725
0.1463
0.1185
0.0687
0.1378
0.1211
0.0657
0.1361
0.1268
0.109
0.1839
0.1703
0.0899
0.1559
0.1254
0.0694
0.1343
0.1225
0.0834
0.1378
0.1179
0.069
0.1372
0.1267
0.0682
0.1312
0.1209
0.0694
0.136
0.1207
0.0821
0.1394
0.1329
0.0921
0.1624
0.1251
0.0701
0.1308
0.1195
0.0691
0.1306
0.1196
0.0853
0.1515
0.1251
0.0736
0.1358
0.1265
0.0668
0.1334
0.1303
0.0691
0.1321
0.1229
0.0685
0.1286
0.1241
0.0675
0.137
0.1279
0.0664
0.1292
0.1221
0.0649
0.1345
0.1257
0.0667
0.1405
0.127
0.0668
0.1326
0.1254
0.0685
0.1293
0.1196
0.069
0.1311
0.1194
0.0639
0.1282
0.1205
0.0669
0.13
0.126
0.0716
0.1301
0.1223
0.0705
0.1439
0.1321
0.0681
0.1389
0.1226
0.0751
0.1434
0.1276
0.0689
0.1491
0.1249
0.0745
0.1476
0.1253
0.0757
0.1424
0.1304
0.0762
0.1524
0.1276
0.0684
0.144
0.122
0.0716
0.1506
0.1273
0.0675
0.1296
0.1278
0.07
0.1236
0.1189
0.1091
0.2063
0.1946
0.104
0.149
0.13
0.067
0.1336
0.1231
0.0843
0.1554
0.1313
0.0974
0.1773
0.1323
0.0737
0.1376
0.1342
0.0775
0.1408
0.1305
0.073
0.138
0.1286
0.0758
0.1351
0.1312
0.0899
0.166
0.1252
0.0762
0.1307
0.1365
0.0838
0.152
0.131
0.0773
0.1426
0.1319
0.0765
0.1454
0.1268
0.0689
0.1384
0.1235
0.0728
0.1453
0.1271
0.0801
0.1526
0.1283
0.0694
0.1386
0.1215
0.0754
0.141
0.1266
0.0799
0.1511
0.1293
0.0697
0.1346
0.1223
0.075
0.1459
0.1277
0.0684
0.1333
0.1268
0.0739
0.1468
0.1278
0.0672
0.1331
0.122
0.0786
0.15
0.1289
0.0687
0.1321
0.124
0.0731
0.1425
0.1292
0.0697
0.1359
0.1232
0.0763
0.1493
0.1281
0.0663
0.1334
0.1261
0.0768
0.1452
0.1303
0.0717
0.1246
0.1142
0.0687
0.1326
0.1193
0.0693
0.1408
0.1246
0.0803
0.1419
0.129
0.0761
0.1468
0.1285
0.0747
0.1459
0.1275
0.0667
0.1328
0.1238
0.0723
0.1344
0.1223
0.0825
0.1821
0.1286
0.0733
0.1409
0.1279
0.0847
0.179
0.1323
0.0776
0.1466
0.1277
0.0895
0.1748
0.1299
0.0733
0.1454
0.1278
0.1053
0.1759
0.1289
0.0732
0.1371
0.1341
0.0742
0.14
0.1225
0.0736
0.1479
0.1835
0.1027
0.2035
0.1956
0.0984
0.2046
0.1533
0.071
0.1318
0.1253
0.0744
0.1353
0.1229
0.0691
0.1332
0.1273
0.0705
0.138
0.1216
0.0706
0.1342
0.1237
0.0763
0.1416
0.1338
0.0821
0.1491
0.1289
0.0859
0.1413
0.1279
0.0815
0.1551
0.1291
0.075
0.1405
0.1269
0.0673
0.1403
0.1235
0.0729
0.1355
0.1301
0.0688
0.1308
0.1198
0.0971
0.1732
0.1224
0.0868
0.1441
0.1276
0.0804
0.1434
0.1279
0.0674
0.1293
0.1232
0.0741
0.1324
0.1306
0.0796
0.1437
0.1261
0.0766
0.1422
0.1218
0.0816
0.1517
0.1275
0.0683
0.1322
0.1203
0.0756
0.15
0.1273
0.0779
0.1419
0.1271
0.0702
0.1441
0.1242
0.0775
0.1421
0.1264
0.075
0.1479
0.129
0.0717
0.1348
0.1223
0.0773
0.1492
0.126
0.0729
0.1328
0.1226
0.0766
0.1494
0.1277
0.0717
0.1313
0.1275
0.0766
0.1395
0.1288
0.0675
0.133
0.1252
0.0768
0.1438
0.1266
0.0711
0.132
0.1196
0.0707
0.1421
0.1258
0.0744
0.1376
0.1237
0.0767
0.1418
0.1332
0.0813
0.1502
0.1287
0.0698
0.1317
0.1223
0.0727
0.1444
0.129
0.0685
0.1349
0.1222
0.0755
0.1389
0.1279
0.0673
0.132
0.1227
0.0764
0.1451
0.13
0.0712
0.1363
0.1167
0.0808
0.1418
0.1301
0.0737
0.137
0.1246
0.0803
0.1468
0.1265
0.0671
0.1354
0.1238
0.0774
0.145
0.1279
0.0696
0.141
0.1233
0.0781
0.1492
0.127
0.0675
0.1317
0.12
0.0783
0.1394
0.1356
0.074
0.1414
0.1259
0.0727
0.1396
0.1275
0.0738
0.1462
0.1254
0.0716
0.1388
0.1253
0.0666
0.1284
0.1206
0.07
0.1337
0.1315
0.0772
0.1411
0.1266
0.0681
0.1343
0.1307
0.0771
0.1517
0.1265
0.0776
0.1415
0.1263
0.0659
0.1372
0.1256
0.0795
0.1442
0.1264
0.0685
0.1303
0.1316
0.0777
0.1427
0.1257
0.0707
0.137
0.1242
0.0769
0.1481
0.1287
0.0692
0.1333
0.1207
0.0779
0.1494
0.1269
0.0672
0.132
0.1286
0.074
0.1398
0.1274
0.0765
0.1461
0.1247
0.0714
0.1379
0.1267
0.0799
0.1442
0.1277
0.0723
0.1252
0.114
0.0765
0.1459
0.129
0.0682
0.1387
0.1231
0.0748
0.1447
0.1257
0.076
0.14
0.1355
0.0732
0.1305
0.1237
0.0836
0.1432
0.1267
0.0809
0.1394
0.1223
0.0771
0.1423
0.1329
0.0759
0.1468
0.1266
0.0735
0.1405
0.1276
0.0761
0.1489
0.1281
0.0769
0.1479
0.1268
0.0748
0.141
0.1269
0.069
0.1363
0.1228
0.0795
0.1492
0.1259
0.0682
0.1323
0.128
0.0749
0.1509
0.1279
0.0771
0.143
0.1277
0.067
0.1312
0.1306
0.0786
0.1418
0.1272
0.0687
0.1324
0.1216
0.0745
0.1422
0.1269
0.0696
0.1324
0.1202
0.0781
0.1495
0.1278
0.0805
0.143
0.1272
0.0681
0.1395
0.1219
0.0751
0.1441
0.1264
0.0738
0.1448
0.1258
0.0795
0.141
0.1233
0.075
0.1479
0.1259
0.074
0.1513
0.1264
0.0787
0.1396
0.1265
0.074
0.1268
0.1139
0.0641
0.1314
0.1258
0.0684
0.136
0.1267
0.0791
0.1441
0.125
0.069
0.1341
0.1301
0.0763
0.1461
0.1285
0.0713
0.1388
0.1212
0.0761
0.1574
0.1279
0.0855
0.147
0.1363
0.0724
0.1331
0.1218
0.0704
0.13
0.1208
0.0898
0.2127
0.1921
0.0886
0.1469
0.1287
0.0691
0.1356
0.1378
0.0816
0.1508
0.1275
0.0916
0.1847
0.1734
0.0826
0.1528
0.136
0.0687
0.142
0.1259
0.0674
0.1288
0.1171
0.0689
0.1373
0.1338
0.0805
0.1446
0.1373
0.0939
0.1592
0.1393
0.0765
0.1398
0.1327
0.1073
0.1729
0.1509
0.0959
0.1558
0.1468
0.1299
0.2019
0.1494
0.0835
0.1562
0.1368
0.0976
0.168
0.143
0.0771
0.1448
0.1328
0.0892
0.1645
0.143
0.0775
0.146
0.132
0.0862
0.1557
0.1451
0.079
0.1388
0.1382
0.092
0.1509
0.132
0.0869
0.1597
0.1437
0.0951
0.1602
0.1878
0.0799
0.1434
0.1331
0.1045
0.1801
0.1434
0.1097
0.1643
0.1308
0.0886
0.1673
0.1415
0.0953
0.1579
0.15

-------------------------------------
CodechalDecodeHevcG12::SetFrameStates
-------------------------------------
5.7883
2.2972
1.1676
3.2988
4.4369
4.0372
3.9819
4.0787
0.0139
0.0094
0.0122
0.0119
0.0075
0.015
0.0137
0.0098
0.1868
0.1439
0.0083
0.0083
0.0081
0.0086
0.0083
0.0091
0.0142
0.0142
0.0114
0.0105
0.0087
0.0085
0.0112
0.0128
0.0088
0.0091
0.0083
0.0072
0.0095
0.0077
0.0088
0.0086
0.0086
0.0097
0.01
0.0111
0.0104
0.0081
0.0091
0.0077
0.0088
0.0082
0.0081
0.0086
0.0087
0.0086
0.0086
0.0084
0.0084
0.0073
0.0086
0.0075
0.0085
0.0084
0.0085
0.0098
0.0074
0.0085
0.0091
0.0107
0.0082
0.0087
0.0085
0.0086
0.0096
0.0076
0.0085
0.0074
0.0083
0.0084
0.0086
0.0082
0.0086
0.0076
0.0084
0.0072
0.0085
0.0083
0.0074
0.0085
0.0084
0.0085
0.0074
0.0076
0.008
0.0074
0.0103
0.0086
0.0092
0.2842
0.012
0.0118
0.0106
0.0084
0.0097
0.012
0.0105
0.0137
0.189
0.0107
0.0095
0.193
0.0107
0.0106
0.2509
0.0095
0.0117
0.1439
0.0121
0.0084
0.2097
0.0078
0.0081
0.0116
0.0095
0.0093
0.0096
0.0079
0.0128
0.01
0.0123
0.0096
0.2602
0.0121
0.0083
0.0089
0.0085
0.0079
0.0087
0.0074
0.009
0.0077
0.0083
0.0087
0.0086
0.0073
0.0083
0.009
0.0073
0.0083
0.0078
0.0084
0.0088
0.0074
0.0079
0.0116
0.0111
0.0147
0.0106
0.0083
0.0088
0.0077
0.0123
0.0083
0.008
0.2509
0.0088
0.0098
0.0111
0.0073
0.0079
0.0142
0.0109
0.0095
0.0092
0.0088
0.0087
0.0079
0.0089
0.0091
0.009
0.0088
0.0088
0.009
0.0085
0.0088
0.009
0.0088
0.0088
0.0088
0.0086
0.0087
0.0077
0.0084
0.0088
0.0078
0.0111
0.0078
0.0093
0.0086
0.0082
0.0088
0.0132
0.0097
0.0098
0.0075
0.0119
0.01
0.0079
0.0082
0.0083
0.008
0.009
0.0089
0.0075
0.008
0.0081
0.0083
0.0086
0.0074
0.0084
0.0088
0.0077
0.0082
0.0084
0.0071
0.0081
0.0082
0.0087
0.0088
0.0093
0.0081
0.0081
0.0072
0.0146
0.0138
0.0102
0.0085
0.0098
0.0082
0.0144
0.0142
0.012
0.012
0.0109
0.0095
0.0094
0.0088
0.0087
0.0076
0.0081
0.0088
0.0079
0.0107
0.0077
0.0073
0.0108
0.0095
0.0122
0.0148
0.0093
0.0151
0.0097
0.0116
0.0095
0.0087
0.0089
0.0101
0.0081
0.0111
0.0169
0.0123
0.0091
0.0079
0.0086
0.0075
0.0089
0.0083
0.0086
0.0089
0.0085
0.0085
0.0075
0.0076
0.012
0.009
0.0078
0.013
0.0094
0.0088
0.0082
0.0114
0.0088
0.0082
0.0078
0.0122
0.0145
0.0095
0.0086
0.0115
0.0088
0.0089
0.0081
0.0106
0.0089
0.008
0.0096
0.0077
0.0084
0.0086
0.0076
0.0098
0.0077
0.0082
0.0086
0.0074
0.0085
0.0087
0.0156
0.0089
0.0073
0.0079
0.0086
0.0074
0.0088
0.0084
0.0085
0.0089
0.0073
0.0082
0.0083
0.0082
0.0113
0.009
0.0087
0.0077
0.009
0.0075
0.0087
0.0075
0.0081
0.0074
0.0081
0.0141
0.0103
0.0093
0.0091
0.0089
0.0088
0.0086
0.0075
0.0084
0.0086
0.0083
0.0077
0.0078
0.0082
0.0074
0.007
0.0071
0.0125
0.0115
0.0091
0.0112
0.0079
0.0078
0.0075
0.0105
0.012
0.0093
0.0075
0.0108
0.0093
0.0077
0.0077
0.0071
0.0072
0.007
0.0073
0.0074
0.0075
0.007
0.0078
0.0069
0.0071
0.007
0.0082
0.0084
0.0084
0.0076
0.0084
0.0082
0.0088
0.0075
0.008
0.0074
0.0078
0.014
0.0114
0.0083
0.0109
0.0125
0.0098
0.0084
0.009
0.009
0.0119
0.0088
0.0092
0.0087
0.0091
0.0076
0.0083
0.0094
0.0081
0.0085
0.009
0.0074
0.0081
0.0075
0.0084
0.0075
0.0092
0.0074
0.0083
0.0077
0.0091
0.0073
0.0089
0.0079
0.0073
0.0077
0.009
0.0088
0.0089
0.0073
0.0082
0.0112
0.0093
0.0101
0.0088
0.0111
0.0086
0.0132
0.0082
0.008
0.0071
0.0105
0.0106
0.0078
0.0077
0.0075
0.0074
0.0076
0.0085
0.0089
0.0107
0.0103
0.0087
0.0076
0.0077
0.0082
0.0111
0.0085
0.009
0.0071
0.0103
0.009
0.0077
0.0091
0.0074
0.0083
0.0084
0.0076
0.0085
0.0083
0.0103
0.0086
0.0074
0.0085
0.0074
0.008
0.0077
0.0087
0.0073
0.0078
0.0082
0.0087
0.009
0.0075
0.0079
0.0075
0.0082
0.0073
0.0083
0.0078
0.0087
0.0076
0.009
0.0072
0.0083
0.0077
0.0089
0.0076
0.0079
0.0082
0.0082
0.0083
0.0081
0.0073
0.0074
0.0082
0.0074
0.0087
0.0087
0.0076
0.0088
0.0074
0.0084
0.0076
0.0085
0.0076
0.0085
0.0075
0.0085
0.0086
0.008
0.0087
0.0081
0.0083
0.0076
0.0083
0.0083
0.0074
0.0087
0.0077
0.0085
0.0082
0.0082
0.0087
0.0087
0.0084
0.0075
0.0084
0.0075
0.0085
0.0089
0.0074
0.0087
0.0077
0.0081
0.0076
0.0084
0.0085
0.0076
0.0085
0.0084
0.0105
0.0096
0.0087
0.0088
0.008
0.0073
0.0073
0.0094
0.0074
0.0086
0.0077
0.0083
0.009
0.008
0.0072
0.0098
0.01
0.0081
0.0089
0.01
0.0085
0.0092
0.0075
0.0073
0.0074
0.0088
0.0076
0.0115
0.0101
0.0201
0.0091
0.01
0.0078
0.0085
0.0076
0.0083
0.008
0.0094
0.0086
0.0087
0.0104
0.0126
0.0132
0.009
0.0117

--------------------------
CreateVideoDecoder_D3D11_1
--------------------------
18.5052

---------------------------
DestroyVideoDecoder_D3D11_1
---------------------------
0

----------------
First Frame Time
----------------
73.1084

--------------------------------------
VideoDecoderBeginFrame_WDDM2_4_D3D11_1
--------------------------------------
0.0101
0.0037
0.0028
0.0037
0.0029
0.002
0.0026
0.0018
0.0036
0.0023
0.0019
0.0026
0.0018
0.0037
0.0024
0.0022
0.0019
0.0019
0.0021
0.0027
0.0019
0.0019
0.0022
0.0023
0.0049
0.0027
0.0066
0.0025
0.0025
0.002
0.0029
0.0028
0.0023
0.0025
0.0019
0.0019
0.0017
0.0016
0.0019
0.0019
0.0018
0.0027
0.0028
0.0027
0.0022
0.002
0.002
0.0018
0.0017
0.0018
0.0016
0.0024
0.002
0.0019
0.0019
0.0017
0.0019
0.0016
0.0019
0.0017
0.0019
0.0018
0.0017
0.0032
0.0016
0.0017
0.0023
0.0023
0.0022
0.002
0.0019
0.0018
0.002
0.0017
0.0019
0.0017
0.0019
0.0018
0.0018
0.0019
0.0017
0.0016
0.0016
0.0025
0.0017
0.0017
0.0018
0.0021
0.0018
0.0018
0.0016
0.0023
0.0019
0.0017
0.0029
0.0017
0.0018
0.0019
0.0028
0.0024
0.0029
0.0019
0.0021
0.0022
0.002
0.0034
0.0025
0.0023
0.002
0.0023
0.0023
0.0033
0.0026
0.0022
0.0026
0.0021
0.0026
0.0021
0.003
0.002
0.0019
0.0033
0.0024
0.0023
0.002
0.0021
0.0031
0.0022
0.0024
0.002
0.0028
0.0028
0.0031
0.0019
0.0018
0.0019
0.0021
0.0018
0.0019
0.0018
0.0019
0.0032
0.0019
0.0018
0.0018
0.0018
0.0017
0.0018
0.0019
0.0017
0.0018
0.0018
0.0016
0.0028
0.0029
0.0032
0.0022
0.0019
0.0018
0.0017
0.0029
0.0019
0.002
0.0025
0.002
0.0021
0.0023
0.0017
0.0018
0.0033
0.0023
0.002
0.002
0.0022
0.0019
0.0018
0.0018
0.0018
0.0018
0.0017
0.002
0.0017
0.0017
0.0018
0.0017
0.0017
0.0017
0.0017
0.0018
0.0019
0.0018
0.0016
0.0019
0.0021
0.0017
0.0019
0.0027
0.0021
0.0025
0.0018
0.0035
0.0023
0.0021
0.0017
0.0027
0.0023
0.0019
0.0027
0.0023
0.0018
0.002
0.0035
0.0018
0.0018
0.0017
0.0019
0.0017
0.0018
0.0019
0.0018
0.0018
0.0017
0.0018
0.0016
0.002
0.0017
0.0018
0.0019
0.0019
0.0021
0.0017
0.0018
0.0027
0.0033
0.0024
0.0022
0.0019
0.0018
0.0032
0.0029
0.0028
0.003
0.0026
0.0019
0.0022
0.0018
0.0018
0.0019
0.0019
0.0018
0.002
0.0017
0.0019
0.0018
0.0026
0.002
0.0028
0.0037
0.0022
0.0027
0.0021
0.0029
0.003
0.0022
0.0019
0.0024
0.0017
0.003
0.0022
0.0027
0.0019
0.0018
0.002
0.0017
0.0018
0.0026
0.0019
0.002
0.0026
0.0016
0.0017
0.0018
0.0017
0.0023
0.0019
0.0032
0.0021
0.0019
0.0017
0.0027
0.002
0.0018
0.0024
0.0028
0.0034
0.0029
0.0018
0.0029
0.0021
0.0023
0.0017
0.0026
0.002
0.0018
0.002
0.002
0.0018
0.0019
0.0017
0.0017
0.0018
0.0018
0.0018
0.0015
0.0018
0.0019
0.0045
0.003
0.0017
0.002
0.0017
0.0018
0.0018
0.0017
0.0019
0.0017
0.0017
0.0021
0.0023
0.0018
0.0027
0.0025
0.002
0.0021
0.0019
0.0018
0.002
0.0019
0.0019
0.0017
0.0018
0.0017
0.0031
0.002
0.0019
0.0021
0.0019
0.0019
0.0019
0.0017
0.0017
0.0017
0.0016
0.0016
0.0021
0.0017
0.0017
0.0016
0.0032
0.0028
0.0022
0.0022
0.0025
0.0018
0.0017
0.0027
0.0027
0.002
0.0018
0.0026
0.0021
0.0018
0.0017
0.0017
0.0017
0.0018
0.0015
0.0018
0.0017
0.0016
0.0018
0.0016
0.0017
0.0016
0.0017
0.002
0.0018
0.0018
0.0018
0.0019
0.0017
0.0018
0.0017
0.002
0.002
0.0034
0.0028
0.0021
0.0027
0.0029
0.0019
0.0017
0.002
0.0019
0.0028
0.0024
0.0021
0.0019
0.0022
0.0019
0.0019
0.0021
0.0018
0.0018
0.0018
0.0017
0.0017
0.0018
0.0017
0.0018
0.0019
0.0017
0.0017
0.0017
0.0016
0.0018
0.0021
0.002
0.0018
0.0016
0.0019
0.0018
0.0017
0.0016
0.0027
0.0025
0.002
0.0021
0.0022
0.0022
0.0019
0.0031
0.0019
0.003
0.002
0.0026
0.0025
0.0022
0.0018
0.0018
0.002
0.0018
0.0017
0.0018
0.0018
0.0024
0.0022
0.0018
0.0018
0.0021
0.0026
0.002
0.0023
0.0021
0.0017
0.0022
0.0018
0.0018
0.0018
0.0018
0.0018
0.0015
0.0017
0.0018
0.0126
0.0017
0.0017
0.002
0.0018
0.0017
0.0018
0.0017
0.0018
0.0017
0.0017
0.0017
0.0018
0.0018
0.0018
0.0041
0.0017
0.0018
0.0017
0.0016
0.0017
0.0017
0.0016
0.0016
0.0017
0.0017
0.0017
0.0018
0.0016
0.0018
0.0018
0.0017
0.0053
0.0019
0.0018
0.0017
0.0017
0.0018
0.0021
0.0018
0.0017
0.0018
0.0018
0.0016
0.0017
0.0018
0.0015
0.0018
0.0017
0.0017
0.0018
0.0021
0.0021
0.0016
0.0018
0.0017
0.0019
0.002
0.002
0.0019
0.0017
0.0017
0.0018
0.002
0.0018
0.0019
0.0018
0.002
0.0018
0.0016
0.0021
0.0016
0.0018
0.0021
0.0016
0.0018
0.0017
0.0018
0.0018
0.0017
0.0019
0.0029
0.0022
0.002
0.002
0.0021
0.0018
0.0017
0.0016
0.0017
0.0017
0.002
0.0019
0.002
0.0021
0.0017
0.002
0.0025
0.0019
0.0022
0.0023
0.0019
0.0018
0.002
0.0018
0.0018
0.002
0.0018
0.003
0.0021
0.0034
0.0025
0.0021
0.002
0.0018
0.002
0.0018
0.0025
0.0023
0.0022
0.0019
0.0024
0.0029
0.0035
0.002
0.0025

----------------------------
VideoDecoderEndFrame_D3D11_1
----------------------------
0.0549
0.0883
0.1047
0.0803
0.1048
0.1372
0.1497
0.0882
0.0568
0.0533
0.1361
0.0581
0.0626
0.0681
0.0614
0.0593
0.056
0.0604
0.0744
0.0635
0.0627
0.0621
0.0889
0.0638
0.0909
0.0852
0.0642
0.0633
0.0626
0.061
0.0642
0.0664
0.0631
0.0731
0.0562
0.0552
0.0574
0.06
0.0611
0.0626
0.0599
0.0689
0.0646
0.0593
0.0583
0.0636
0.0566
0.0541
0.0547
0.0598
0.0564
0.0638
0.0624
0.0643
0.0612
0.0613
0.0606
0.058
0.0609
0.0598
0.0585
0.059
0.0613
0.0589
0.0601
0.059
0.0608
0.06
0.0636
0.0604
0.0588
0.0582
0.0609
0.0598
0.06
0.0595
0.0607
0.0602
0.0613
0.059
0.0614
0.0582
0.0584
0.0624
0.059
0.0656
0.0591
0.0634
0.0606
0.0611
0.0592
0.0572
0.0624
0.0614
0.0608
0.061
0.0666
0.065
0.062
0.0926
0.0679
0.0593
0.0643
0.066
0.063
0.0657
0.0564
0.0556
0.0905
0.0583
0.0534
0.0973
0.064
0.0591
0.0941
0.0565
0.0528
0.0852
0.0546
0.0517
0.0856
0.0627
0.0621
0.06
0.0596
0.0604
0.0626
0.0575
0.0647
0.0629
0.0592
0.054
0.0866
0.0616
0.0633
0.0583
0.0601
0.0571
0.0602
0.0564
0.0644
0.0629
0.0608
0.0628
0.0624
0.0591
0.0564
0.0606
0.0577
0.0621
0.0595
0.0596
0.0588
0.0656
0.0607
0.0646
0.0641
0.0621
0.0591
0.0582
0.0674
0.0583
0.0627
0.0658
0.0549
0.0932
0.0595
0.0571
0.0612
0.0632
0.0618
0.0626
0.0616
0.0589
0.0632
0.0613
0.0597
0.0611
0.0583
0.0595
0.0604
0.0618
0.0598
0.0592
0.062
0.061
0.0635
0.0616
0.061
0.0589
0.0583
0.0593
0.0632
0.057
0.0614
0.0634
0.0591
0.0588
0.0609
0.0549
0.07
0.0569
0.0591
0.058
0.0605
0.0615
0.0618
0.0633
0.0644
0.0632
0.059
0.0609
0.0596
0.061
0.0606
0.0586
0.0621
0.0599
0.0586
0.0616
0.0585
0.0631
0.0599
0.0584
0.0588
0.0597
0.0594
0.0608
0.063
0.0582
0.0592
0.0609
0.0675
0.0616
0.0661
0.0562
0.0607
0.0597
0.0652
0.0703
0.0717
0.0669
0.0633
0.0615
0.0642
0.0601
0.0657
0.0588
0.0589
0.0614
0.0574
0.0618
0.0579
0.0636
0.0635
0.0642
0.0796
0.0927
0.0657
0.0566
0.0626
0.072
0.0653
0.0615
0.0619
0.0587
0.0661
0.0813
0.0607
0.0793
0.0606
0.0597
0.0618
0.0604
0.0609
0.0579
0.0604
0.0621
0.0589
0.0652
0.0642
0.0599
0.0613
0.059
0.0587
0.0643
0.0645
0.0636
0.0618
0.0847
0.0627
0.0573
0.0575
0.0737
0.065
0.0568
0.0686
0.0762
0.0585
0.053
0.0632
0.0584
0.0597
0.06
0.0611
0.0604
0.0599
0.0587
0.0557
0.0611
0.0631
0.059
0.0603
0.0605
0.0607
0.0589
0.0674
0.0622
0.0574
0.0618
0.0583
0.0595
0.0623
0.0588
0.0603
0.0596
0.0584
0.0562
0.0554
0.0624
0.0663
0.0578
0.0644
0.0577
0.0597
0.0586
0.0606
0.0577
0.0596
0.0574
0.065
0.0658
0.0646
0.0624
0.0606
0.0612
0.059
0.0584
0.0569
0.0593
0.061
0.0581
0.0582
0.0597
0.0593
0.0553
0.0553
0.0593
0.0858
0.0604
0.0562
0.0607
0.0528
0.0599
0.0572
0.0634
0.0601
0.0559
0.0586
0.0648
0.0601
0.0618
0.0568
0.0584
0.0554
0.0573
0.0588
0.0568
0.0578
0.0567
0.059
0.0601
0.0578
0.0561
0.0611
0.065
0.0592
0.0719
0.0597
0.0773
0.0614
0.0593
0.0596
0.0703
0.0661
0.0939
0.0596
0.0601
0.0619
0.0652
0.0565
0.0673
0.0605
0.0574
0.0604
0.0586
0.0615
0.0591
0.0625
0.0565
0.0617
0.06
0.0577
0.0646
0.0621
0.0576
0.061
0.0563
0.0631
0.0631
0.0591
0.0588
0.0629
0.0618
0.0611
0.0576
0.0609
0.0612
0.0553
0.0618
0.0617
0.0594
0.0643
0.0572
0.0601
0.0576
0.0652
0.059
0.0562
0.0612
0.0578
0.0576
0.0664
0.06
0.0855
0.0998
0.0654
0.0566
0.0624
0.0567
0.0585
0.059
0.0627
0.0586
0.0593
0.0616
0.0611
0.0568
0.0584
0.0557
0.0623
0.0621
0.0664
0.0552
0.0587
0.0586
0.0572
0.0598
0.0618
0.0613
0.0601
0.0589
0.0606
0.06
0.0608
0.0606
0.0625
0.0613
0.0592
0.0615
0.0555
0.064
0.0579
0.0602
0.0628
0.058
0.0592
0.0591
0.0593
0.0587
0.0602
0.0592
0.0622
0.0584
0.0591
0.0613
0.0607
0.0568
0.0613
0.0593
0.0578
0.0607
0.0628
0.0577
0.0615
0.0605
0.0648
0.0658
0.0595
0.0595
0.0579
0.0601
0.0603
0.0628
0.0605
0.0561
0.063
0.0592
0.0606
0.0634
0.0591
0.0578
0.0616
0.0606
0.0606
0.0617
0.0601
0.0614
0.0588
0.0596
0.0609
0.0565
0.0604
0.0578
0.0628
0.0588
0.0621
0.0588
0.0589
0.0619
0.0576
0.0581
0.0564
0.0598
0.0622
0.0577
0.0617
0.0584
0.0594
0.058
0.0604
0.0608
0.0585
0.0623
0.0617
0.0676
0.0627
0.0621
0.0623
0.0653
0.0574
0.0589
0.0662
0.0552
0.067
0.057
0.0588
0.061
0.0701
0.056
0.0822
0.0617
0.065
0.0617
0.0726
0.0616
0.0589
0.0567
0.0678
0.0933
0.0845
0.0835
0.0928
0.0919
0.0934
0.0839
0.0905
0.0795
0.0881
0.0771
0.0859
0.0829
0.0882
0.0846
0.0785
0.0719
0.0862
0.0754
0.0833
0.092

---------------------------------
VideoDecoderSubmitBuffers_D3D11_1
---------------------------------
10.9035
3.7031
6.3159
4.294
5.2125
5.1417
5.0656
4.8377
0.9477
0.6169
0.988
0.7418
0.7188
0.912
0.9292
0.7757
3.2252
4.5687
0.6665
0.5654
0.6227
0.6339
0.619
0.6326
0.7264
0.5625
0.5576
0.4978
0.4615
0.4772
0.5656
0.564
0.5056
0.4905
0.4363
0.424
0.4512
0.4679
0.4876
0.4794
0.481
0.4985
0.4885
0.5316
0.5156
0.4618
0.4941
0.4638
0.4911
0.4697
0.4767
0.481
0.4811
0.4847
0.4801
0.4798
0.4754
0.4461
0.4723
0.4476
0.4793
0.4776
0.4828
0.479
0.4392
0.4736
0.4929
0.4669
0.4853
0.4724
0.4748
0.4801
0.4977
0.4541
0.4765
0.4529
0.4776
0.4826
0.4826
0.4783
0.474
0.4482
0.4686
0.4451
0.4809
0.4708
0.4525
0.4734
0.479
0.4731
0.4443
0.4485
0.4722
0.4511
0.4876
0.4752
0.4993
5.0518
0.5708
0.5745
0.5123
0.4699
0.4942
0.5456
0.5016
0.6151
3.9774
0.5622
0.5096
4.1573
0.486
0.5279
4.8955
0.4953
0.5523
1.5486
0.5159
0.4614
0.6766
0.5504
0.4689
0.526
0.4868
0.4626
0.4963
0.4484
0.5487
0.5126
0.5691
0.5215
4.7521
0.5153
0.4512
0.4854
0.4809
0.4522
0.5037
0.4462
0.4852
0.4497
0.4648
0.4524
0.4785
0.4382
0.471
0.4813
0.4517
0.475
0.4528
0.4825
0.4854
0.4404
0.4694
0.5148
0.5124
0.6314
0.5135
0.4527
0.4917
0.4466
0.5737
0.46
0.4506
4.6261
0.4909
0.5691
0.5564
0.4365
0.4577
0.6041
0.5181
0.4889
0.5115
0.4631
0.4916
0.4573
0.486
0.4852
0.4884
0.47
0.4874
0.4886
0.4852
0.484
0.4895
0.4709
0.4916
0.486
0.4725
0.4856
0.4407
0.4783
0.4774
0.4479
0.4642
0.4555
0.4741
0.4769
0.4621
0.474
0.607
0.5262
0.5039
0.4658
0.5698
0.5085
0.4508
0.4768
0.4684
0.4657
0.4743
0.4375
0.4556
0.474
0.4706
0.4704
0.4757
0.4492
0.4794
0.4778
0.444
0.4648
0.4744
0.4415
0.4529
0.4681
0.4841
0.4733
0.4978
0.4439
0.4775
0.4431
0.555
0.5956
0.5327
0.4613
0.4923
0.4723
0.7001
0.5701
0.6707
0.6557
0.5049
0.4889
0.4831
0.4802
0.4845
0.4377
0.4795
0.4741
0.4617
0.4784
0.4432
0.5303
0.5196
0.4741
0.684
0.8099
0.4632
0.5456
0.5037
0.5535
0.4839
0.4627
0.4903
0.5962
0.4536
0.6896
0.4895
0.6982
0.4942
0.4585
0.4817
0.4418
0.4881
0.4553
0.48
0.4916
0.4793
0.4757
0.4545
0.4486
0.5493
0.4481
0.453
0.5964
0.4657
0.4874
0.4473
0.6594
0.4906
0.4428
0.4461
0.5564
0.6529
0.5078
0.4945
0.5346
0.4558
0.4627
0.477
0.4903
0.4425
0.4693
0.5039
0.4487
0.484
0.4803
0.452
0.4799
0.4607
0.4818
0.473
0.4484
0.4681
0.4772
0.4999
0.4792
0.4505
0.4479
0.4726
0.4476
0.471
0.4778
0.4763
0.4798
0.4421
0.4599
0.443
0.4696
0.5287
0.4634
0.4865
0.4504
0.4933
0.4574
0.4736
0.4447
0.467
0.4492
0.4496
0.6215
0.4994
0.4937
0.4731
0.4821
0.477
0.4762
0.4347
0.4859
0.4779
0.473
0.4483
0.4393
0.4778
0.468
0.4364
0.4371
0.648
0.5226
0.4499
0.4789
0.4514
0.4391
0.4441
0.4945
0.5368
0.4428
0.432
0.5118
0.4613
0.4402
0.4383
0.4307
0.4416
0.425
0.4347
0.4459
0.4373
0.4273
0.4364
0.4186
0.4294
0.4323
0.4674
0.45
0.4724
0.4732
0.472
0.4713
0.4803
0.4488
0.4676
0.4461
0.4319
0.7076
0.5315
0.4355
0.5184
0.5765
0.4702
0.4728
0.4641
0.4695
0.5343
0.4652
0.5068
0.4767
0.4847
0.4511
0.4686
0.491
0.451
0.4678
0.4892
0.4459
0.4721
0.4426
0.4741
0.4355
0.4847
0.4393
0.4751
0.4458
0.4821
0.4393
0.4855
0.4377
0.4415
0.4581
0.484
0.4765
0.4767
0.4468
0.4574
0.5441
0.4794
0.5465
0.4905
0.5531
0.4717
0.5857
0.4682
0.4591
0.545
0.6718
0.6051
0.4466
0.4479
0.4432
0.4474
0.4431
0.4762
0.4876
0.5072
0.502
0.4699
0.4479
0.4586
0.4408
0.5463
0.487
0.4922
0.4339
0.4527
0.4826
0.4644
0.4947
0.4366
0.4793
0.4816
0.4652
0.4761
0.476
0.4607
0.4817
0.4456
0.4819
0.446
0.47
0.4414
0.4782
0.4398
0.4591
0.4605
0.4753
0.4884
0.4406
0.4704
0.4414
0.4735
0.4383
0.482
0.4501
0.481
0.4528
0.4853
0.4476
0.4802
0.4606
0.4859
0.4355
0.4764
0.4699
0.4626
0.4714
0.4547
0.4324
0.4527
0.4651
0.4459
0.4842
0.4765
0.4449
0.4831
0.443
0.4779
0.4573
0.4801
0.441
0.4863
0.4406
0.4694
0.4779
0.462
0.4857
0.4372
0.4835
0.445
0.4745
0.4739
0.4461
0.4971
0.464
0.4812
0.4771
0.4641
0.4832
0.4797
0.467
0.4461
0.4821
0.4414
0.4809
0.4797
0.4439
0.478
0.444
0.4714
0.4416
0.483
0.4804
0.4467
0.4754
0.4706
0.488
0.4874
0.478
0.4767
0.4374
0.4304
0.4467
0.4841
0.4492
0.485
0.4529
0.4905
0.5042
0.4562
0.4369
0.6615
0.5026
0.4659
0.4865
0.6068
0.5014
0.4608
0.4274
0.4576
0.4805
0.5288
0.4674
0.5871
0.5428
0.6884
0.5091
0.5543
0.4754
0.5285
0.4802
0.5126
0.4822
0.5213
0.5218
0.5939
0.4912
0.5976
0.5461
0.5341
0.5388

