---------------------------------------------
CalcPrivateVideoDecoderOutputViewSize_D3D11_1
---------------------------------------------
0.0022
0.0013
0.0012
0.0013
0.0011
0.0025
0.0016
0.0012
0.0009
0.0022
0.0007
0.0019
0.0009
0.0028
0.0011
0.0018
0.0009
0.001
0.001
0.002
0.001
0.0011
0.0026
0.0011
0.0008
0.0016
0.0007
0.0021
0.0024
0.0009
0.0014
0.0012
0.0009
0.0011
0.0013
0.001
0.0007
0.0007
0.0007
0.0009
0.0006
0.0009
0.0022
0.0007
0.0011
0.0009
0.0008
0.0007
0.0006
0.0007
0.0006
0.0008
0.0013
0.0014
0.0012
0.0011
0.0014
0.0016
0.0014
0.0012
0.0013
0.0013
0.0012
0.0031
0.0012
0.0013
0.0017
0.0014
0.0012
0.0012
0.0012
0.0011
0.0013
0.0015
0.0015
0.0019
0.0011
0.001
0.0017
0.002
0.0013
0.0013
0.0009
0.001
0.0011
0.0012
0.0014
0.0009
0.0024
0.0011
0.0018
0.0012
0.0013
0.001
0.002
0.0007
0.0007
0.0007
0.0009
0.0009
0.002
0.0009
0.0008
0.0009
0.0009
0.0009
0.0009
0.001
0.0009
0.0008
0.0009
0.0011
0.0011
0.0007
0.0007
0.0008
0.0006
0.0008
0.0007
0.0008
0.0006
0.0007
0.0023
0.0008
0.002
0.0023
0.0011
0.0016
0.0015
0.0017
0.0012
0.0013
0.001
0.0018
0.0007
0.0007
0.0008
0.0008
0.0009
0.0008
0.0007
0.0094
0.0006
0.0006
0.0006
0.0006
0.0006
0.0007
0.0006
0.0006
0.0006
0.0011
0.0009
0.0009
0.0007
0.0006
0.0007
0.0007
0.0006
0.0006
0.0008
0.001
0.0008
0.0011
0.001
0.0007
0.0024
0.0009
0.0008
0.0008
0.0009
0.0007
0.0007
0.001
0.0006
0.0006
0.0007
0.0006
0.0006
0.0006
0.0006
0.0006
0.0008
0.0007
0.001
0.0006
0.0006
0.0017
0.0011
0.0012
0.0021
0.0011
0.0009
0.001
0.0017
0.0015
0.0018
0.001
0.0019
0.001
0.0009
0.0009
0.0011
0.0007
0.0006
0.0007
0.0008
0.0015
0.0008
0.0006
0.0006
0.0103
0.0007
0.0007
0.0006
0.0007
0.0006
0.0005
0.0006
0.0006
0.0006
0.0006
0.0006
0.0012
0.0005
0.0006
0.0006
0.0006
0.0007
0.0009
0.0007
0.0013
0.0007
0.0007
0.002
0.0012
0.0013
0.0017
0.0008
0.0019
0.0009
0.0008
0.0008
0.0008
0.0008
0.0007
0.0007
0.0008
0.001
0.001
0.0015
0.0009
0.0009
0.0008
0.0007
0.0008
0.0006
0.0007
0.0008
0.0006
0.0007
0.0008
0.001
0.0006
0.0009
0.0006
0.0006
0.0007
0.0007
0.0006
0.001
0.0006
0.0006
0.0009
0.0006
0.0006
0.0006
0.0008
0.0006
0.0006
0.0006
0.0006
0.0006
0.0009
0.0006
0.0006
0.0007
0.0007
0.0007
0.0007
0.0008
0.0006
0.0006
0.0007
0.001
0.0009
0.0006
0.0008
0.001
0.0011
0.0006
0.0007
0.0006
0.0006
0.0006
0.0006
0.0006
0.0006
0.0006
0.0007
0.0005
0.0005
0.0006
0.0007
0.0007
0.0006
0.003
0.0007
0.0007
0.0008
0.0006
0.0007
0.0006
0.0006
0.0007
0.0006
0.0006
0.0009
0.001
0.0006
0.0007
0.0007
0.0007
0.0008
0.0006
0.0006
0.0006
0.0007
0.0007
0.0005
0.001
0.0007
0.0008
0.0006
0.0005
0.0007
0.0008
0.0008
0.0008
0.0009
0.0005
0.0006
0.0006
0.0009
0.0007
0.0006
0.0006
0.0006
0.0007
0.0007
0.001
0.0009
0.0007
0.0006
0.0007
0.0006
0.0007
0.0006
0.0006
0.0006
0.0006
0.0005
0.0006
0.0006
0.0006
0.0005
0.0006
0.0011
0.0006
0.0007
0.0006
0.0005
0.0006
0.0006
0.0017
0.0007
0.0007
0.0006
0.0008
0.0006
0.0006
0.0007
0.0007
0.0007
0.0009
0.0006
0.0023
0.0012
0.0009
0.001
0.0008
0.0007
0.0011
0.0009
0.0009
0.0011
0.0008
0.0009
0.0009
0.0007
0.0008
0.0009
0.0007
0.0007
0.0009
0.0009
0.0014
0.0009
0.0007
0.0008
0.0007
0.0007
0.0007
0.0007
0.0006
0.0007
0.0009
0.0008
0.0012
0.001
0.0008
0.0007
0.0008
0.0007
0.0007
0.001
0.0013
0.0006
0.0011
0.0014
0.0009
0.001
0.0008
0.0009
0.0022
0.0009
0.0008
0.0008
0.0007
0.0017
0.0012
0.0017
0.0014
0.0025
0.0009
0.0012
0.0007
0.001
0.0012
0.0011
0.0007
0.0007
0.001
0.0012
0.0008
0.0008
0.0009
0.0007
0.0007
0.0006
0.0007
0.0008
0.0007
0.0011
0.0107
0.0051
0.0006
0.0006
0.0011
0.0007
0.0008
0.0011
0.0007
0.0006
0.0006
0.0006
0.0033
0.0024
0.0014
0.0021
0.0014
0.001
0.0009
0.0008
0.001
0.0008
0.0007
0.0007
0.0015
0.0013
0.001
0.0007
0.0016
0.001
0.0013
0.001
0.001
0.0037
0.0007
0.0006
0.0006
0.001
0.0007
0.0008
0.0007
0.0007
0.0007
0.0007
0.0009
0.0008
0.0006
0.0016
0.0018
0.0016
0.0014
0.0009
0.0009
0.0009
0.0021
0.0017
0.0009
0.0014
0.0015
0.0011
0.0012
0.001
0.0009
0.0019
0.001
0.0012
0.0007
0.0015
0.0014
0.0008
0.0009
0.0009
0.0007
0.0021
0.0007
0.0024
0.0011
0.0008
0.0008
0.0007
0.0006
0.0009
0.001
0.0007
0.0006
0.0008
0.0006
0.0008
0.0006
0.0006
0.0007
0.0008
0.0005
0.0012
0.0016
0.0023
0.0042
0.001
0.001
0.0008
0.0007
0.0007
0.0009
0.0007
0.0008
0.0006
0.0007
0.0009
0.0007
0.0006
0.0007
0.0006
0.0007
0.0007
0.0008
0.0008
0.0009
0.0011
0.001
0.0009
0.0007
0.0007
0.0007
0.0008
0.0007
0.0007

-----------------------
CodechalDecode::Execute
-----------------------
7.2771
3.7609
10.4488
19.4586
5.7764
7.2365
0.8993
0.713
0.628
0.598
0.6399
0.7091
0.5973
0.6995
0.6232
0.7341
3.501
3.2143
3.1083
0.5672
0.5494
0.5236
2.8
0.6416
0.4502
0.4826
0.3982
0.6712
0.4707
0.3999
0.6312
1.3439
0.4453
0.3814
0.6176
0.4591
0.3886
0.4298
0.4239
0.3815
0.423
0.3766
0.3907
0.4153
0.6151
0.4035
0.4201
0.4088
0.4233
0.418
0.4233
0.428
0.5843
0.6305
0.621
0.6181
0.6195
0.6344
0.6297
0.6307
0.629
0.6151
0.6476
0.6374
0.5857
0.6324
0.6064
0.6296
0.6222
0.6206
0.6327
0.5989
0.6392
0.5141
0.412
0.5172
0.4407
0.3999
0.5011
0.4835
0.4345
0.5356
0.4477
0.4459
0.4477
0.4377
0.5827
0.4043
0.6923
0.4223
0.4372
0.4007
0.549
0.3896
0.3936
0.385
0.4122
2.5521
0.409
0.4351
0.4884
0.4375
0.4254
0.4155
0.4463
0.4431
1.5297
0.4057
0.4401
1.699
0.4583
0.4136
0.3953
0.4239
0.4308
0.388
0.4226
0.387
0.4268
0.4191
0.3972
0.4207
0.4495
0.4128
0.445
0.6423
0.5076
0.4051
0.427
0.6036
2.1462
0.4232
0.4531
0.5024
0.425
0.3982
0.4362
0.396
0.4266
0.3928
0.422
0.3925
0.4266
0.3893
0.4144
0.3926
0.4196
0.4285
0.3988
0.4195
0.389
0.3941
0.4138
0.4204
0.4282
0.4183
0.3941
0.4209
0.3893
0.4116
0.4269
0.3852
0.4232
2.0218
0.4042
0.4318
0.5297
0.4463
0.4107
0.4374
0.4239
0.3974
0.396
0.3926
0.419
0.4252
0.4201
0.386
0.4249
0.4206
0.3828
0.4229
0.3819
0.4288
0.3886
0.4156
0.4265
0.4682
0.4529
0.4525
0.5294
0.4422
0.4737
0.4051
0.4911
0.4521
0.4224
0.4202
0.5278
0.4158
0.4282
0.4113
0.4391
0.3974
0.4174
0.3706
0.3982
0.4187
0.3871
0.4122
0.4153
0.418
0.4182
0.3886
0.4123
0.3797
0.4076
0.4106
0.4083
0.3769
0.417
0.4097
0.4045
0.3931
0.4026
0.3913
0.4239
0.3837
0.4323
0.3789
0.4194
0.4181
0.4348
0.4151
0.4924
0.4571
0.4386
0.4721
0.4442
0.5082
0.4073
0.3846
0.4258
0.415
0.4362
0.3946
0.4213
0.403
0.4008
0.4253
0.4486
0.3968
0.4131
0.392
0.4112
0.4221
0.4182
0.3918
0.4208
0.3799
0.4127
0.3929
0.4085
0.3903
0.4316
0.4276
0.4114
0.4118
0.4286
0.4143
0.4135
0.388
0.412
0.3866
0.414
0.4143
0.4186
0.4098
0.4097
0.417
0.4146
0.4084
0.4112
0.4208
0.3832
0.4143
0.3812
0.4073
0.4128
0.4145
0.4066
0.4144
0.3909
0.4061
0.3835
0.4164
0.3862
0.4186
0.4416
0.3991
0.4125
0.4206
0.4124
0.414
0.4271
0.4143
0.4105
0.42
0.414
0.4116
0.4184
0.412
0.3819
0.4154
0.4151
0.407
0.4272
0.4153
0.4137
0.3802
0.4066
0.3845
0.4108
0.4141
0.3799
0.4153
0.3844
0.404
0.3973
0.4189
0.4214
0.4238
0.4095
0.3851
0.4201
0.4074
0.3892
0.4214
0.3772
0.414
0.4088
0.4106
0.4095
0.3882
0.4102
0.3793
0.4153
0.3983
0.4056
0.383
0.4121
0.4189
0.3858
0.3935
0.4156
0.3952
0.4089
0.4127
0.3879
0.4074
0.3902
0.4086
0.4196
0.3878
0.4293
0.4057
0.3958
0.4243
0.4084
0.387
0.4163
0.406
0.4115
0.3874
0.4069
0.4092
0.3923
0.4034
0.4129
0.4204
0.3837
0.4023
0.4138
0.3999
0.408
0.3845
0.4049
0.4053
0.383
0.4101
0.4077
0.3917
0.4203
0.3899
0.3698
0.4146
0.6534
0.4499
0.5806
0.4296
0.5691
0.4209
0.4373
0.3787
0.4143
0.3954
0.409
0.4189
0.4089
0.4325
0.3787
0.4266
0.4328
0.3889
0.4252
0.3825
0.431
0.3903
0.3777
0.3842
0.4449
0.3968
0.4104
0.4023
0.3789
0.392
0.3961
0.3532
0.4874
0.4587
0.4653
0.4071
0.4713
0.4078
0.46
0.3993
0.6443
0.4262
0.4331
0.6058
0.4405
0.5818
0.4408
0.4236
0.5105
0.4669
0.4647
0.4146
0.4472
0.502
0.4519
0.5028
0.482
0.6998
0.4282
0.4512
0.4177
0.4132
0.5903
0.5764
0.3902
0.4388
0.4643
0.5543
0.4084
0.4502
0.4285
0.4655
0.4492
0.4147
0.4208
0.4047
0.4359
0.5907
0.4245
0.5874
0.4178
0.3993
0.6181
0.3899
0.418
0.3809
0.4156
0.3836
0.4296
0.4462
0.4506
0.5502
0.4414
0.518
0.5603
0.4379
0.4186
0.3885
0.4088
0.3968
0.4166
0.4375
0.4565
0.4756
0.401
0.4043
0.4486
0.4241
0.5388
0.4878
0.3916
0.413
0.4746
0.407
0.4689
0.6308
0.4656
0.4205
0.4009
0.6181
0.381
0.3963
0.5692
0.3944
0.3943
0.4034
0.4319
0.4764
0.4157
0.41
0.4492
0.4008
0.5155
0.488
0.4653
0.4011
0.4874
0.5919
0.5016
0.4215
0.4176
0.4697
0.4392
0.3967
0.3942
0.4271
0.4392
0.3798
0.3774
0.394
0.4178
0.5061
0.4347
0.5142
0.4544
0.4332
0.3909
0.4293
0.4141
0.4239
0.3917
0.4192
0.4276
0.373
0.4138
0.4165
0.4298
0.3775
0.4179
0.3963
0.4189
0.3928
0.4123
0.5207
0.4244
0.4428
0.4317
0.425
0.432
0.4046
0.4127
0.4289
0.3865
0.3994
0.4038
0.4179
0.422
0.4226
0.4191
0.3959
0.4275
0.3924
0.421
0.4046
0.4212
0.3898
0.3979
0.4157
0.4368
0.391
0.4025
0.4248
0.4406
0.3818

---------------------------------------
CodechalDecodeHevcG12::DecodeStateLevel
---------------------------------------
0.4731
5.7081
0.5598
2.5693
6.1681
0.2387
8.699
4.1957
0.2063
0.2332
0.3297
6.5846
0.2456
0.3474
0.224
0.2024
0.2361
0.1928
0.2406
0.1882
0.2273
0.1948
0.2837
0.2018
0.2332
0.1889
0.2798
0.2007
0.2372
0.2066
0.2765
0.2277
0.2483
2.773
0.2907
2.4075
0.2313
2.4737
0.236
0.1685
0.2295
0.1672
0.2066
0.1601
0.3653
2.0816
0.264
0.2077
0.181
0.1332
0.2024
0.1275
0.1536
0.1245
0.2657
0.1984
0.1835
0.1393
0.1577
0.1225
0.2358
0.2078
0.1526
0.7997
0.1794
0.1318
0.1489
0.1186
0.2324
0.1996
0.1766
0.1344
0.148
0.1275
0.1615
0.1431
0.1628
0.1293
0.1481
0.1206
0.1633
0.1363
0.1428
0.1168
0.1489
0.1241
0.1559
0.1345
0.2412
0.1914
0.1556
0.125
0.1657
0.1289
0.1582
0.1255
0.1658
0.1361
0.155
0.1396
0.1619
0.1304
0.1705
0.1327
0.2242
0.1919
0.2409
0.1969
0.2398
0.1911
0.2354
0.192
0.2353
0.1925
0.2408
0.198
0.2412
0.1975
0.2422
0.1999
0.2441
0.1954
0.2321
0.1912
0.2441
0.2085
0.2405
0.1994
0.2229
0.1835
0.242
0.1993
0.2323
0.1931
0.2445
0.1951
0.2364
0.1963
0.2351
0.1962
0.2412
0.2004
0.2258
0.1942
0.2433
0.2054
0.1883
0.1691
0.1585
0.1288
0.2105
0.1458
0.1741
0.1296
0.1519
0.1215
0.2013
0.1411
0.2012
0.1286
0.1672
0.1318
0.2281
0.1434
0.1819
0.1296
0.1843
0.1267
0.1837
0.1298
0.1831
0.1194
0.2234
0.1901
0.1555
0.126
0.2753
0.2005
0.1627
0.1291
0.1749
0.1231
0.1549
0.1204
0.2262
0.1671
0.1458
0.1216
0.1446
0.1295
0.1429
0.1306
0.166
0.1265
0.1684
2.0546
0.1552
0.127
0.1714
0.1274
0.1971
0.1264
0.1842
0.1232
0.162
0.1285
0.1602
0.1251
0.1853
0.1289
0.1779
0.1309
0.1944
1.0206
0.1523
0.1273
0.1724
0.1266
0.1877
1.1131
0.1799
0.1298
0.1625
0.1214
0.1473
0.1229
0.1636
0.129
0.1708
0.1267
0.147
0.119
0.1608
0.1301
0.1478
0.1193
0.1687
0.1254
0.1619
0.1257
0.1524
0.122
0.1627
0.1251
0.1699
0.1324
0.1637
0.1266
0.1767
0.124
0.2427
0.2015
0.2122
0.1398
0.151
0.1197
0.1616
0.1238
0.2226
0.2007
0.2136
1.5487
0.1597
0.1271
0.1811
0.1331
0.2059
0.1332
0.1625
0.1351
0.1554
0.1235
0.1753
0.1299
0.1495
0.1291
0.1669
0.1287
0.1532
0.1208
0.1587
0.1345
0.1488
0.1216
0.1638
0.1346
0.1475
0.127
0.1629
0.1266
0.1482
0.1271
0.1576
0.1356
0.1717
0.127
0.1557
0.1203
0.157
0.1348
0.1495
0.1212
0.1477
0.1196
0.1588
0.132
0.1637
0.1267
0.1686
0.1278
0.1621
0.1301
0.1483
0.1258
0.162
0.1282
0.1491
0.1277
0.1615
0.128
0.1627
0.1368
0.1455
0.1258
0.1611
0.1281
0.1478
1.5701
0.1539
0.1243
0.1624
0.1286
0.2186
0.1317
0.1792
0.1303
0.1513
0.1396
0.1735
0.1261
0.1658
0.1306
0.1497
0.1237
0.1523
0.124
0.1495
0.1203
0.1649
0.1289
0.1631
0.1335
0.1613
0.1313
0.1494
0.1211
0.1588
0.1355
0.1608
0.1355
0.1482
0.1211
0.1614
0.1292
0.1476
0.1204
0.1654
0.1325
0.1508
0.1215
0.1578
0.1325
0.1685
0.1303
0.1866
0.1304
0.1751
0.1352
0.1858
0.1233
0.2251
0.1322
0.1737
0.1327
0.2004
0.1286
0.1559
0.125
0.199
0.1373
0.1825
0.1277
0.1695
0.118
0.1686
0.1237
0.2223
0.1345
0.1564
0.1246
0.1593
0.1433
0.149
0.1447
0.17
0.1309
0.1481
0.1259
0.1655
0.1264
0.1415
0.119
0.1478
0.1294
0.1615
0.1344
0.1479
0.1211
0.1561
0.134
0.1593
0.1318
0.16
0.1258
0.1604
0.1322
0.1464
0.1278
0.1574
0.1254
0.1438
0.1241
0.1554
0.1303
0.1562
0.1257
0.1591
0.1254
0.1446
0.1208
0.157
0.1347
0.1557
0.1269
0.1557
0.1265
0.1474
0.1193
0.1524
0.129
0.1449
0.1276
0.1635
0.1295
0.1488
0.1205
0.1725
0.127
0.145
0.1192
0.1578
0.1359
0.1609
0.1236
0.1736
0.1283
0.1583
0.1296
0.205
0.1272
0.1728
0.1392
0.1717
0.1285
0.1902
0.1356
0.1778
0.1329
0.2197
0.1322
0.1686
0.1251
0.1456
0.1221
0.156
0.1451
0.1657
0.1258
0.1641
0.1449
0.1525
0.1239
0.1634
0.1267
0.1655
0.1216
0.1524
0.1238
0.1734
0.1259
0.1689
0.1379
0.1502
0.1287
0.1564
0.1332
0.1479
0.1286
0.1553
0.1371
0.162
0.1343
0.1642
0.1266
0.1462
0.1311
0.1637
0.1344
0.1462
0.1195
0.1545
0.137
0.1537
0.1197
0.1581
0.1199
0.1462
0.1274
0.1703
0.1273
0.1634
0.1341
0.1575
0.1316
0.1613
0.1248
0.174
0.1257
0.1578
0.1343
0.1606
0.1256
0.1491
0.1243
0.1528
0.1365
0.1479
0.1189
0.1587
0.1281
0.1572
0.1344
0.1619
0.1321
0.1597
0.1244
0.1565
0.1319
0.1596
0.1346
0.1616
0.1258
0.1551
0.1285
0.1588
0.128
0.1621
0.1266
0.1457
0.1259
0.1551
0.1362
0.1451
0.1205
0.1524
0.1314
0.1585
0.1322
0.1619
0.125
0.1573
0.1296
0.1627
0.1281
0.1467
0.1284
0.1519
0.1349
0.1467
0.1182
0.1594
0.126
0.1457
0.1278
0.1612
0.1262
0.1704
0.1256
0.1564
0.1214
0.1595
0.1285
0.1601
0.1299
0.1557
0.1322
0.1596
0.1271
0.1641
0.1331
0.1575
0.1326
0.1604
0.1246
0.1608
0.1341
0.1552
0.135
0.1601
0.1259
0.1604
0.1323
0.1559
0.1326
0.1468
0.1221
0.1557
0.1333
0.1592
0.1335
0.1581
0.1257
0.1618
0.1322
0.1599
0.1328
0.1617
0.1259
0.1448
0.1213
0.1546
0.1287
0.1461
0.1198
0.1536
0.1306
0.1575
0.1338
0.1455
0.1187
0.1603
0.1305
0.1456
0.1251
0.1625
0.1169
0.1721
0.1112
0.1552
0.1364
0.1631
0.1258
0.1625
0.1332
0.1564
0.1314
0.147
0.1255
0.1667
0.1264
0.1573
0.1257
0.1456
0.1257
0.1649
0.126
0.1461
0.1203
0.1552
0.1364
0.156
0.1256
0.1588
0.1264
0.1583
0.1282
0.1467
0.1228
0.1593
0.1254
0.144
0.1225
0.1561
0.1299
0.1535
0.1242
0.1571
0.1276
0.1468
0.1219
0.1542
0.1349
0.1609
0.1323
0.1472
0.121
0.1503
0.1209
0.1601
0.1291
0.1474
0.1328
0.1536
0.1329
0.1612
0.1248
0.1456
0.1255
0.1528
0.1309
0.149
0.1206
0.1667
0.1149
0.1584
0.1276
0.148
0.1221
0.1699
0.1286
0.1571
0.1267
0.1458
0.132
0.168
0.1257
0.1594
0.1259
0.1454
0.1265
0.1553
0.1327
0.1562
0.1257
0.1601
0.1302
0.1468
0.1229
0.1565
0.1272
0.1586
0.1278
0.1458
0.1305
0.1511
0.1208
0.1582
0.1283
0.1599
0.1326
0.1443
0.1266
0.1561
0.1252
0.1576
0.1242
0.1515
0.1292
0.1599
0.1261
0.145
0.1245
0.1538
0.1303
0.1604
0.1249
0.1453
0.1246
0.1552
0.1329
0.1567
0.1278
0.1465
0.127
0.1654
0.1276
0.1473
0.1208
0.1432
0.1134
0.1564
0.1356
0.2271
0.2495
0.1746
0.1273
0.2044
0.1271
0.1727
0.1273
0.294
0.139
0.1625
0.1282
0.1659
0.1266
0.1441
0.1155
0.1629
0.1266
0.152
0.1198
0.155
0.122
0.1607
0.1332
0.1584
0.1256
0.1771
0.1259
0.1474
0.1203
0.1737
0.1273
0.1763
0.1271
0.1478
0.1203
0.1713
0.1258
0.1479
0.1199
0.1668
0.1361
0.1475
0.1283
0.1428
0.1216
0.1445
0.122
0.1658
0.1532
0.1468
0.1296
0.1596
0.1304
0.1579
0.1303
0.1437
0.1219
0.1541
0.1224
0.1518
0.1199
0.1375
0.1101
0.2099
0.1316
0.1691
0.1446
0.1842
0.1389
0.1544
0.1346
0.1748
0.1469
0.1578
0.1222
0.1649
0.1523
0.1548
0.1213
0.2433
0.2192
0.141
0.1646
0.1609
0.1427
0.2298
0.1937
0.1693
0.1426
0.225
0.1901
0.1676
0.1436
0.1584
0.1417
0.2188
0.1332
0.1737
0.1418
0.1784
0.1479
0.157
0.1327
0.1739
0.1391
0.2024
0.1452
0.1818
0.1326
0.2056
0.144
0.1948
0.1486
0.2798
0.2002
0.1604
0.1432
0.1767
0.1425
0.1556
0.1363
0.1632
0.1281
0.233
0.1906
0.225
0.1876
0.1514
0.1254
0.1658
0.1397
0.1686
0.1417
0.2164
0.1692
0.1577
0.1341
0.1764
0.1365
0.1695
0.133
0.1858
0.1408
0.1733
0.143
0.1526
0.1372
0.1567
0.139
0.1523
0.1305
0.1727
0.1366
0.231
0.1906
0.1601
0.1306
0.2315
0.1847
0.1558
0.1389
0.1537
0.1276
0.2354
0.1951
0.1479
0.1287
0.1598
0.1295
0.1433
0.1199
0.1631
0.1308
0.1494
0.1207
0.1592
0.1446
0.1711
0.1481
0.1719
0.1344
0.2276
0.1412
0.1651
0.1432
0.2113
0.1463
0.2139
0.1843
0.1645
0.1469
0.1608
0.134
0.1545
0.1177
0.1524
0.1387
0.1522
0.1335
0.1575
0.1323
0.1741
0.1365
0.1741
0.136
0.1944
0.1383
0.1509
0.1332
0.1525
0.1346
0.1734
0.136
0.1679
0.1298
0.2109
0.1662
0.1954
0.1327
0.1453
0.1312
0.1456
0.122
0.1609
0.155
0.1577
0.1269
0.1709
0.1494
0.1671
0.2346
0.2202
0.1292
0.1642
0.1321
0.1621
0.121
0.1855
0.2541
0.1488
0.1191
0.1471
0.129
0.2141
0.1862
0.1448
0.1299
0.1534
0.1215
0.1531
0.1321
0.1668
0.1285
0.1884
0.1264
0.1643
0.121
0.1531
0.1295
0.1753
0.1385
0.1538
0.1212
0.2009
0.1504
0.2002
0.131
0.1787
0.146
0.1515
0.1241
0.1992
0.1325
0.2397
0.157
0.1957
0.1376
0.1641
0.1247
0.1621
0.1266
0.19
0.1295
0.167
0.1414
0.1493
0.1252
0.1544
0.1215
0.1624
0.1362
0.1795
0.1261
0.145
0.1196
0.1426
0.1222
0.1499
0.1229
0.1605
0.1329
0.2127
0.1287
0.1665
0.1365
0.2105
0.1343
0.1742
0.1352
0.1692
0.1296
0.152
0.1212
0.1626
0.134
0.1593
0.1315
0.1654
0.1291
0.145
0.1202
0.1565
0.1367
0.1665
0.1271
0.1491
0.1131
0.1569
0.1292
0.1578
0.133
0.1631
0.1305
0.1453
0.1189
0.1589
0.1338
0.1546
0.1206
0.1588
0.1296
0.1489
0.1202
0.1574
0.1217
0.2114
0.1335
0.163
0.1275
0.1769
0.1287
0.1669
0.1384
0.1697
0.1325
0.1674
0.1346
0.1467
0.1275
0.1641
0.1259
0.1702
0.1285
0.1433
0.1312
0.156
0.1243
0.1561
0.1207
0.1682
0.1264
0.1623
0.127
0.1714
0.127
0.1604
0.1266
0.1586
0.1231
0.1639
0.1341
0.1562
0.1221
0.1635
0.1304
0.1597
0.1248
0.1633
0.1255
0.1501
0.1192
0.1561
0.1181
0.1661
0.1271
0.1656
0.1415
0.155
0.1203
0.154
0.1287
0.1616
0.1355
0.1846
0.1264
0.1465
0.1246

-------------------------------------
CodechalDecodeHevcG12::SetFrameStates
-------------------------------------
0.816
0.5047
3.9177
6.4425
5.221
0.1697
0.1724
0.1343
0.0382
0.0369
0.0473
0.0456
0.0373
0.0426
0.0375
0.0508
0.3285
0.3612
0.2558
0.0384
0.0374
0.0353
0.1817
0.042
0.0382
0.041
0.0328
0.0543
0.0393
0.0332
0.0479
0.2848
0.0357
0.0317
0.0505
0.0379
0.0329
0.0347
0.0347
0.0323
0.034
0.0325
0.0327
0.0334
0.049
0.0355
0.0346
0.0342
0.0339
0.0338
0.0345
0.0349
0.0445
0.0509
0.0534
0.0503
0.0505
0.0516
0.0536
0.0532
0.0497
0.0505
0.0542
0.0561
0.0356
0.0532
0.0476
0.0535
0.0491
0.0494
0.05
0.0468
0.0522
0.0403
0.036
0.0425
0.0372
0.033
0.0422
0.042
0.0361
0.0413
0.0348
0.037
0.0357
0.0357
0.0454
0.0343
0.0581
0.036
0.0416
0.0355
0.0488
0.0338
0.0334
0.0309
0.0329
0.1979
0.0381
0.0373
0.0453
0.0379
0.034
0.0351
0.0363
0.0364
0.1944
0.037
0.0398
0.265
0.0424
0.0347
0.0331
0.036
0.0357
0.0326
0.0341
0.0319
0.0348
0.0351
0.0324
0.0357
0.0391
0.0347
0.0458
0.0561
0.0401
0.0356
0.0469
0.049
0.2588
0.0388
0.0368
0.0444
0.0357
0.0325
0.0351
0.0327
0.0355
0.0323
0.0348
0.0337
0.0345
0.0314
0.0336
0.0328
0.0342
0.0353
0.0325
0.0344
0.0319
0.0326
0.0334
0.0355
0.0358
0.0349
0.0356
0.0347
0.0311
0.0323
0.0349
0.0311
0.0352
0.1909
0.0359
0.0346
0.0488
0.039
0.0345
0.0397
0.0347
0.0321
0.0335
0.0327
0.0346
0.035
0.035
0.0317
0.034
0.0341
0.0311
0.034
0.0316
0.0338
0.0318
0.033
0.0354
0.0404
0.0392
0.0357
0.0456
0.0356
0.0377
0.0342
0.0389
0.0352
0.0308
0.0336
0.0458
0.0366
0.0361
0.0324
0.0362
0.0325
0.0347
0.0308
0.033
0.0327
0.0319
0.0321
0.0335
0.0357
0.0347
0.0316
0.0338
0.0305
0.033
0.0334
0.0358
0.0308
0.0337
0.0379
0.0333
0.0322
0.032
0.0319
0.0347
0.0311
0.0354
0.0235
0.0323
0.034
0.0373
0.0344
0.043
0.0392
0.0352
0.0365
0.0369
0.0415
0.0333
0.0318
0.0367
0.0339
0.0352
0.0315
0.0363
0.0321
0.0334
0.0353
0.0393
0.0339
0.0333
0.0318
0.0331
0.0341
0.0354
0.0318
0.0337
0.0325
0.0332
0.0332
0.0276
0.0319
0.0361
0.0374
0.0339
0.0336
0.0343
0.0339
0.0366
0.0315
0.0328
0.0322
0.0347
0.0343
0.0341
0.0348
0.0336
0.0338
0.037
0.0351
0.0347
0.0358
0.0311
0.0337
0.0333
0.0317
0.034
0.0346
0.0331
0.0344
0.0317
0.0327
0.0324
0.0275
0.0319
0.0349
0.0467
0.0316
0.0345
0.0343
0.0341
0.036
0.0355
0.035
0.0364
0.0339
0.0338
0.0366
0.0348
0.0339
0.0329
0.0337
0.034
0.0333
0.0368
0.0342
0.0362
0.031
0.0334
0.0359
0.0368
0.0338
0.0336
0.0336
0.0311
0.0359
0.0238
0.0351
0.0354
0.0362
0.0334
0.0318
0.034
0.0339
0.0313
0.0355
0.0308
0.0338
0.0337
0.0358
0.0342
0.0317
0.0328
0.0317
0.0333
0.0332
0.0336
0.031
0.0328
0.0342
0.0315
0.0332
0.0339
0.0317
0.0331
0.0345
0.0321
0.0331
0.0322
0.0265
0.0401
0.0323
0.0364
0.0333
0.0318
0.0351
0.0345
0.0313
0.0337
0.036
0.0333
0.0309
0.0334
0.0339
0.0315
0.0337
0.0347
0.0351
0.0308
0.0333
0.0343
0.0333
0.0342
0.0314
0.0322
0.0336
0.0309
0.0347
0.0351
0.0316
0.0344
0.0331
0.0234
0.0343
0.046
0.0416
0.0362
0.036
0.0367
0.0358
0.0363
0.0314
0.0327
0.0332
0.038
0.0348
0.0326
0.0359
0.0321
0.035
0.0362
0.0318
0.0345
0.0323
0.0348
0.0326
0.0309
0.031
0.0375
0.0325
0.0335
0.0333
0.0301
0.0325
0.0327
0.0221
0.0472
0.0424
0.0379
0.031
0.0392
0.0325
0.0348
0.0378
0.0475
0.0305
0.0373
0.0525
0.0348
0.0474
0.034
0.0331
0.044
0.0369
0.0359
0.0323
0.0355
0.0413
0.0347
0.0397
0.0347
0.0634
0.0345
0.0351
0.0328
0.0321
0.0451
0.0454
0.0231
0.0329
0.0449
0.0468
0.0325
0.0356
0.0329
0.0363
0.0353
0.0319
0.0334
0.0324
0.0319
0.048
0.0351
0.0491
0.0313
0.032
0.0501
0.0319
0.038
0.0325
0.0327
0.0316
0.0359
0.0335
0.0379
0.0458
0.0359
0.0429
0.0478
0.0335
0.0344
0.0244
0.0325
0.031
0.0352
0.034
0.039
0.0376
0.0322
0.0318
0.0384
0.0344
0.0435
0.0438
0.0333
0.0581
0.0319
0.0342
0.0321
0.0643
0.0324
0.0341
0.0323
0.0359
0.0316
0.0347
0.0427
0.0306
0.0356
0.0331
0.0398
0.0435
0.0378
0.035
0.0284
0.0335
0.0436
0.0406
0.037
0.0348
0.0379
0.0729
0.0467
0.036
0.035
0.0401
0.0369
0.0324
0.032
0.0368
0.0361
0.0321
0.0317
0.0323
0.0341
0.0431
0.0363
0.0453
0.0399
0.0371
0.0338
0.0354
0.0337
0.0353
0.0325
0.0355
0.0361
0.0232
0.0348
0.0341
0.0382
0.0331
0.0338
0.0324
0.0345
0.0336
0.0368
0.0525
0.0361
0.0381
0.0356
0.0349
0.0363
0.0318
0.0351
0.0355
0.0312
0.0316
0.033
0.0352
0.0353
0.0344
0.0342
0.0322
0.0357
0.0315
0.0337
0.0318
0.0347
0.033
0.0265
0.0347
0.0362
0.0345
0.0366
0.0343
0.0349
0.0313

--------------------------
CreateVideoDecoder_D3D11_1
--------------------------
21.1307

---------------------------
DestroyVideoDecoder_D3D11_1
---------------------------
0

----------------
First Frame Time
----------------
71.1804

--------------------------------------
VideoDecoderBeginFrame_WDDM2_4_D3D11_1
--------------------------------------
0.0095
0.0026
0.0023
0.0026
0.0026
0.0042
0.0024
0.0026
0.002
0.0024
0.0019
0.0031
0.0021
0.0037
0.0022
0.0033
0.0023
0.0029
0.0026
0.0041
0.0025
0.0024
0.004
0.0027
0.0023
0.003
0.002
0.0032
0.0041
0.0021
0.0025
0.0027
0.0021
0.0023
0.0028
0.0022
0.0019
0.0019
0.0019
0.0017
0.0019
0.0019
0.0024
0.0017
0.0024
0.0023
0.0021
0.002
0.0016
0.002
0.0018
0.0022
0.0025
0.0027
0.003
0.0028
0.0027
0.0032
0.003
0.003
0.0029
0.0031
0.0028
0.0055
0.0031
0.0026
0.0029
0.0032
0.0028
0.0026
0.0024
0.0025
0.0029
0.0029
0.0029
0.0032
0.0022
0.002
0.0029
0.0029
0.0023
0.0029
0.0023
0.0022
0.0024
0.0022
0.0025
0.0021
0.0041
0.0023
0.0029
0.0026
0.0026
0.0019
0.0031
0.0017
0.0019
0.0018
0.0025
0.0022
0.0029
0.0023
0.0021
0.0019
0.0022
0.0017
0.0019
0.0024
0.0022
0.0022
0.003
0.0023
0.0022
0.0019
0.0019
0.0021
0.002
0.0017
0.0017
0.0017
0.0017
0.0019
0.0028
0.002
0.0034
0.0037
0.0027
0.0025
0.0059
0.0032
0.0026
0.0025
0.0021
0.0025
0.0021
0.0019
0.002
0.0019
0.0017
0.0017
0.0016
0.0076
0.0016
0.0018
0.0016
0.0018
0.0016
0.0017
0.0016
0.0017
0.002
0.0022
0.0018
0.0019
0.0018
0.0018
0.0016
0.0016
0.0017
0.0015
0.0017
0.0018
0.0022
0.0025
0.0022
0.002
0.0035
0.0022
0.0018
0.002
0.0018
0.0017
0.0018
0.002
0.0018
0.0019
0.0018
0.0019
0.0016
0.0018
0.0018
0.0016
0.0018
0.0016
0.0018
0.0016
0.0017
0.0028
0.0021
0.0022
0.0029
0.0021
0.002
0.0018
0.0023
0.0021
0.0031
0.0022
0.0034
0.002
0.0019
0.0017
0.0019
0.0018
0.002
0.0019
0.0018
0.0017
0.002
0.0017
0.0019
0.0133
0.0019
0.0017
0.0017
0.0018
0.0016
0.0018
0.0017
0.0018
0.0017
0.0019
0.0018
0.002
0.0016
0.0017
0.0016
0.0018
0.0018
0.0023
0.0017
0.0019
0.0019
0.0017
0.003
0.0024
0.0025
0.0022
0.0021
0.003
0.0019
0.0018
0.0016
0.0017
0.0019
0.0017
0.0019
0.0019
0.0021
0.0019
0.0027
0.0021
0.0018
0.0018
0.0019
0.0019
0.0018
0.0017
0.0017
0.0018
0.0017
0.0021
0.0023
0.0016
0.0019
0.0018
0.0018
0.0018
0.002
0.0017
0.0018
0.0019
0.0017
0.0021
0.0016
0.0019
0.0017
0.0018
0.0018
0.0019
0.0017
0.0018
0.0022
0.0017
0.0027
0.0016
0.0018
0.0018
0.0017
0.0018
0.0017
0.0018
0.0016
0.0017
0.0018
0.0023
0.0017
0.002
0.0019
0.002
0.002
0.0019
0.0017
0.0018
0.0019
0.0018
0.0017
0.0017
0.0017
0.0016
0.0017
0.0017
0.0017
0.0017
0.0017
0.0017
0.0038
0.0017
0.0016
0.0017
0.0047
0.002
0.0016
0.0018
0.0018
0.0016
0.0018
0.0022
0.0023
0.0016
0.0018
0.0018
0.0017
0.0018
0.0017
0.0019
0.0016
0.0019
0.0018
0.0017
0.0018
0.0017
0.0019
0.0017
0.0017
0.0018
0.0017
0.0017
0.0018
0.0019
0.0016
0.0017
0.0016
0.002
0.0018
0.0017
0.0017
0.0017
0.0018
0.0017
0.0022
0.0022
0.0017
0.0016
0.0019
0.0018
0.0016
0.0016
0.0017
0.0015
0.0016
0.0017
0.0017
0.0017
0.0018
0.0018
0.0017
0.0021
0.0018
0.0017
0.0017
0.0018
0.0018
0.0019
0.0018
0.0016
0.0016
0.0017
0.0017
0.0016
0.0017
0.0016
0.0018
0.0023
0.0022
0.0017
0.0034
0.0027
0.0023
0.0022
0.002
0.0019
0.0021
0.002
0.002
0.0023
0.0019
0.002
0.002
0.002
0.0018
0.0019
0.0017
0.0018
0.0018
0.0019
0.0023
0.0017
0.0016
0.0017
0.0017
0.0017
0.0019
0.0018
0.0016
0.0016
0.0025
0.0019
0.0023
0.0019
0.0019
0.0045
0.0019
0.002
0.0017
0.0018
0.0026
0.0018
0.0024
0.0028
0.0021
0.0041
0.0018
0.0018
0.0028
0.0023
0.002
0.0018
0.0017
0.0028
0.002
0.0026
0.002
0.0043
0.0021
0.0025
0.0019
0.0021
0.0025
0.0023
0.0019
0.0017
0.0025
0.0026
0.002
0.0021
0.0017
0.0018
0.0018
0.0016
0.0019
0.0017
0.0016
0.0022
0.0129
0.0026
0.0016
0.0017
0.0026
0.0018
0.0017
0.0023
0.0017
0.004
0.0017
0.0016
0.0025
0.0038
0.0023
0.0031
0.0029
0.0021
0.002
0.0018
0.0019
0.0017
0.0019
0.002
0.0026
0.0023
0.0019
0.0017
0.0027
0.002
0.0023
0.0023
0.0023
0.0052
0.0017
0.0018
0.0019
0.0025
0.0019
0.0017
0.0021
0.0018
0.0018
0.0017
0.0024
0.0018
0.0017
0.0018
0.0025
0.0029
0.0031
0.0021
0.0023
0.0021
0.0035
0.0028
0.0021
0.0021
0.0028
0.0024
0.0022
0.002
0.002
0.0028
0.0023
0.0021
0.0018
0.0019
0.0023
0.0018
0.0018
0.0017
0.0018
0.003
0.0019
0.0033
0.0024
0.002
0.002
0.0019
0.0017
0.002
0.0018
0.0018
0.0019
0.0021
0.0017
0.0017
0.0019
0.0018
0.0018
0.0017
0.0019
0.0022
0.0026
0.0036
0.0067
0.0022
0.0021
0.002
0.0018
0.0016
0.0018
0.002
0.0028
0.0017
0.0025
0.0018
0.0019
0.0018
0.0017
0.0018
0.0019
0.0018
0.0018
0.0016
0.0018
0.0023
0.0023
0.0018
0.0019
0.0018
0.0018
0.0018
0.0028
0.0018

----------------------------
VideoDecoderEndFrame_D3D11_1
----------------------------
0.0435
0.0565
0.0825
0.0859
0.0677
0.0628
0.0721
0.0635
0.0648
0.0628
0.0679
0.0655
0.0616
0.0671
0.0614
0.0643
0.0689
0.0667
0.0661
0.0627
0.0624
0.062
0.0694
0.0632
0.0645
0.0636
0.0598
0.088
0.07
0.0595
0.0848
0.0561
0.0528
0.0866
0.0862
0.0643
0.0595
0.0616
0.0684
0.0603
0.0623
0.0587
0.0695
0.0643
0.09
0.0648
0.0611
0.0633
0.0631
0.0619
0.0621
0.0829
0.0822
0.0856
0.0849
0.0844
0.0853
0.087
0.0861
0.0849
0.0831
0.0841
0.0888
0.087
0.0861
0.0841
0.084
0.0867
0.0854
0.0844
0.0832
0.0871
0.0816
0.0797
0.0712
0.06
0.0645
0.0616
0.0936
0.0635
0.0601
0.096
0.0584
0.0589
0.077
0.0562
0.0799
0.0773
0.0926
0.0622
0.06
0.0546
0.0565
0.0575
0.0605
0.0541
0.0547
0.0644
0.0535
0.0901
0.0666
0.0588
0.0628
0.0628
0.063
0.064
0.0578
0.0538
0.0853
0.0652
0.0535
0.0861
0.0571
0.062
0.0613
0.0573
0.0582
0.0586
0.0611
0.0628
0.0552
0.0611
0.0608
0.0578
0.0565
0.0826
0.0805
0.0678
0.0597
0.0836
0.0581
0.0522
0.0844
0.0914
0.0574
0.0639
0.0616
0.0597
0.0631
0.0594
0.0615
0.0588
0.0621
0.0585
0.0596
0.0585
0.0607
0.0636
0.0584
0.0609
0.058
0.0581
0.0605
0.0604
0.0593
0.058
0.0573
0.0624
0.059
0.0596
0.0598
0.0587
0.0599
0.0552
0.0546
0.0879
0.0636
0.0606
0.0577
0.0632
0.0619
0.0578
0.0569
0.0588
0.061
0.061
0.0601
0.0586
0.06
0.0619
0.0576
0.0618
0.0549
0.0633
0.0662
0.0585
0.0659
0.0588
0.0587
0.0566
0.0636
0.0595
0.0622
0.0562
0.0615
0.0602
0.0591
0.0602
0.0616
0.0584
0.0571
0.0546
0.0549
0.0583
0.0579
0.0594
0.0574
0.063
0.0576
0.0602
0.0592
0.0659
0.0597
0.059
0.061
0.0593
0.0626
0.0594
0.0599
0.0572
0.0603
0.0595
0.0592
0.0581
0.0595
0.0579
0.0586
0.0585
0.0624
0.0561
0.0609
0.0581
0.0616
0.0546
0.0632
0.064
0.06
0.064
0.0621
0.0632
0.0576
0.0581
0.0688
0.0605
0.0659
0.0604
0.0639
0.0641
0.0583
0.0658
0.0609
0.0589
0.0602
0.0572
0.0608
0.0601
0.0663
0.057
0.0581
0.0589
0.0619
0.0578
0.0615
0.059
0.0625
0.0604
0.0618
0.0588
0.0601
0.0597
0.0589
0.0602
0.0595
0.06
0.0611
0.0603
0.0634
0.0585
0.061
0.0604
0.0612
0.0611
0.06
0.0605
0.0589
0.061
0.0545
0.0586
0.0587
0.0605
0.0579
0.0601
0.0614
0.0598
0.0599
0.0595
0.0551
0.0611
0.0593
0.059
0.0607
0.061
0.061
0.0598
0.0609
0.06
0.061
0.0589
0.0591
0.0619
0.0606
0.0589
0.0603
0.0614
0.0588
0.0604
0.0604
0.0582
0.0595
0.0577
0.06
0.0558
0.0606
0.0609
0.0599
0.0623
0.0586
0.0578
0.0594
0.0602
0.0654
0.0588
0.061
0.06
0.0592
0.0607
0.0573
0.06
0.0581
0.0641
0.0573
0.0589
0.0609
0.0563
0.0579
0.0613
0.0613
0.0614
0.0614
0.0624
0.0597
0.0616
0.0573
0.0573
0.0615
0.0559
0.0576
0.0592
0.0567
0.0602
0.0609
0.0592
0.0633
0.0567
0.0603
0.0622
0.0589
0.0598
0.0626
0.0583
0.0623
0.0591
0.0592
0.0582
0.0581
0.0589
0.0556
0.0661
0.0604
0.0621
0.0591
0.0596
0.0609
0.0587
0.0619
0.0572
0.0586
0.0578
0.0591
0.0598
0.0616
0.0589
0.0604
0.0633
0.0615
0.0603
0.0673
0.0625
0.0601
0.0591
0.0668
0.0598
0.0636
0.057
0.0635
0.0599
0.0602
0.0612
0.0634
0.0617
0.0672
0.0626
0.0625
0.0628
0.0616
0.0628
0.0614
0.0584
0.0555
0.0587
0.0611
0.0564
0.0602
0.0568
0.0563
0.0616
0.0622
0.0561
0.0583
0.0704
0.0617
0.0699
0.0596
0.0663
0.061
0.0603
0.0729
0.0865
0.0759
0.0918
0.093
0.083
0.087
0.0655
0.0843
0.0942
0.0889
0.0795
0.0907
0.0912
0.0835
0.0935
0.0946
0.0862
0.0816
0.0999
0.079
0.09
0.0811
0.0843
0.0838
0.0622
0.0674
0.0846
0.0761
0.0904
0.0869
0.0828
0.083
0.0806
0.0597
0.0569
0.0875
0.0901
0.0921
0.0817
0.061
0.0656
0.0853
0.0564
0.0605
0.0681
0.062
0.0569
0.0858
0.083
0.08
0.0979
0.0846
0.0926
0.0821
0.0722
0.0667
0.0728
0.0666
0.0693
0.0862
0.087
0.0841
0.0885
0.0736
0.0774
0.0721
0.0744
0.0811
0.0652
0.0641
0.0681
0.0724
0.0588
0.1077
0.117
0.0568
0.059
0.0546
0.1108
0.0598
0.0564
0.08
0.0563
0.0602
0.0696
0.0606
0.0628
0.0603
0.0605
0.0628
0.0626
0.064
0.0651
0.066
0.06
0.0772
0.0727
0.0651
0.0655
0.0616
0.0595
0.0628
0.0682
0.0589
0.0586
0.0576
0.0584
0.0554
0.0574
0.0595
0.0651
0.0637
0.0641
0.0604
0.0598
0.0586
0.0586
0.0621
0.0634
0.0567
0.0612
0.0621
0.058
0.0623
0.0631
0.0618
0.0601
0.061
0.0561
0.0621
0.0566
0.0604
0.074
0.07
0.0625
0.0635
0.0627
0.0665
0.0572
0.0677
0.068
0.0693
0.0589
0.0644
0.0601
0.0654
0.0607
0.0678
0.0585
0.0642
0.0549
0.0651
0.0593
0.0655
0.0655
0.0693
0.0594
0.0672
0.0563
0.0683
0.0665
0.0615
0.0619

---------------------------------
VideoDecoderSubmitBuffers_D3D11_1
---------------------------------
7.3925
3.7828
10.4654
19.4753
5.7896
7.2639
0.9165
0.7325
0.6434
0.6141
0.6563
0.7339
0.6124
0.7255
0.6386
0.7589
3.5243
3.2408
3.1268
0.5862
0.5658
0.5412
2.8318
0.6609
0.4668
0.504
0.4118
0.6983
0.4916
0.4148
0.6528
1.3644
0.4616
0.3956
0.6399
0.4767
0.4019
0.4443
0.4383
0.3943
0.4367
0.3917
0.4044
0.4296
0.6381
0.4186
0.4343
0.4228
0.4372
0.4316
0.4372
0.4415
0.6049
0.6551
0.645
0.647
0.643
0.6644
0.6528
0.6538
0.6516
0.6376
0.6751
0.6627
0.6087
0.6618
0.628
0.6529
0.6446
0.6494
0.6552
0.6186
0.6636
0.5352
0.431
0.5394
0.4564
0.4154
0.5255
0.5052
0.4518
0.5569
0.4649
0.4643
0.4648
0.455
0.6027
0.4202
0.7217
0.4387
0.4589
0.4174
0.569
0.4068
0.4096
0.3987
0.427
2.5698
0.4258
0.4528
0.5119
0.4554
0.4398
0.4312
0.4625
0.4605
1.5453
0.4235
0.4589
1.7171
0.4787
0.4292
0.4114
0.4397
0.4468
0.4027
0.4381
0.4008
0.444
0.4342
0.4117
0.4382
0.4699
0.4288
0.4853
0.6698
0.5271
0.4261
0.4471
0.6266
2.1689
0.4425
0.4708
0.5243
0.4404
0.4125
0.4527
0.409
0.4439
0.407
0.435
0.4106
0.4416
0.4025
0.431
0.406
0.4333
0.4442
0.4136
0.4337
0.4048
0.4102
0.428
0.4353
0.4445
0.4324
0.4067
0.435
0.4014
0.4243
0.4416
0.3969
0.4398
2.0387
0.4202
0.4462
0.5568
0.4626
0.4239
0.4537
0.4386
0.4099
0.4096
0.408
0.4338
0.4404
0.4343
0.3987
0.4389
0.4345
0.3955
0.4379
0.3939
0.4426
0.4024
0.4291
0.4413
0.489
0.4745
0.4718
0.5538
0.4594
0.4939
0.4204
0.5122
0.4708
0.4442
0.4353
0.5535
0.4304
0.4433
0.4244
0.4555
0.4121
0.4324
0.3826
0.4131
0.4322
0.4008
0.4254
0.4283
0.4364
0.4327
0.4014
0.4257
0.3915
0.4234
0.4239
0.4214
0.3885
0.4307
0.423
0.4173
0.4147
0.4156
0.4038
0.4384
0.3956
0.4511
0.395
0.433
0.4341
0.4512
0.434
0.5161
0.4762
0.4563
0.491
0.4612
0.531
0.4217
0.3982
0.4392
0.4292
0.4525
0.4078
0.4357
0.4192
0.4177
0.4409
0.4696
0.4115
0.4279
0.4058
0.4247
0.4361
0.4332
0.404
0.4345
0.3933
0.4254
0.4072
0.4287
0.4034
0.4488
0.4431
0.4252
0.4252
0.4435
0.4279
0.4269
0.4008
0.4257
0.4017
0.4288
0.4284
0.4324
0.4238
0.4229
0.4304
0.4281
0.4208
0.4245
0.435
0.3952
0.4271
0.3933
0.4192
0.4259
0.429
0.4194
0.4282
0.4034
0.4187
0.3982
0.4364
0.3987
0.4339
0.4598
0.4142
0.427
0.4354
0.4262
0.4278
0.4416
0.4281
0.4243
0.4336
0.4273
0.4248
0.4329
0.4246
0.3937
0.4296
0.4285
0.4201
0.4439
0.4286
0.4273
0.3925
0.4198
0.3973
0.4236
0.4274
0.3919
0.4291
0.3965
0.4195
0.4132
0.4321
0.4377
0.4381
0.4228
0.3978
0.4341
0.4205
0.4019
0.4384
0.3889
0.4294
0.4223
0.4249
0.4226
0.4011
0.4229
0.3911
0.4289
0.4113
0.4184
0.3955
0.4254
0.4325
0.4004
0.4092
0.4292
0.408
0.4215
0.4261
0.4006
0.4203
0.4048
0.4285
0.4345
0.4012
0.4439
0.4192
0.408
0.4391
0.4227
0.3992
0.4298
0.4191
0.4246
0.4001
0.4199
0.4224
0.4048
0.4199
0.4268
0.4346
0.3962
0.4178
0.4278
0.4122
0.4209
0.3969
0.4167
0.4183
0.3953
0.4222
0.4205
0.4048
0.4346
0.4044
0.3864
0.4274
0.6802
0.4695
0.5966
0.4456
0.5857
0.4368
0.4554
0.3941
0.4291
0.4106
0.4254
0.4346
0.4238
0.4486
0.3922
0.4423
0.4499
0.4027
0.4415
0.3962
0.4486
0.4038
0.3903
0.3969
0.4588
0.4098
0.4237
0.4158
0.3907
0.4042
0.4115
0.369
0.5046
0.4753
0.4815
0.4208
0.4863
0.4257
0.48
0.4134
0.6686
0.4407
0.4499
0.6284
0.4559
0.6016
0.4554
0.4366
0.533
0.4838
0.4796
0.4277
0.4627
0.5229
0.4702
0.5235
0.498
0.7322
0.4427
0.4682
0.4312
0.4283
0.6094
0.5986
0.4061
0.4529
0.4853
0.5756
0.422
0.4685
0.4446
0.4819
0.4639
0.4278
0.4337
0.4201
0.4495
0.6097
0.4409
0.6062
0.4311
0.4126
0.641
0.4035
0.4327
0.3997
0.4306
0.3968
0.4431
0.4593
0.47
0.5767
0.4581
0.5422
0.5804
0.4528
0.434
0.4042
0.4231
0.4102
0.4311
0.4519
0.4777
0.4952
0.4155
0.423
0.4679
0.4388
0.5616
0.5144
0.4061
0.4351
0.4886
0.4252
0.4826
0.6622
0.4794
0.4355
0.4158
0.6347
0.3945
0.4098
0.5928
0.4101
0.4077
0.4168
0.4509
0.4985
0.4325
0.4262
0.4708
0.4163
0.5394
0.5103
0.4825
0.4173
0.5072
0.611
0.5211
0.4383
0.4329
0.4906
0.4575
0.412
0.407
0.4427
0.4573
0.3928
0.3908
0.4078
0.4323
0.5286
0.4504
0.5401
0.4732
0.449
0.4043
0.4441
0.4269
0.4388
0.4071
0.4332
0.4438
0.3879
0.4301
0.4305
0.4445
0.3896
0.4321
0.4106
0.4351
0.4075
0.4312
0.546
0.4422
0.4608
0.4472
0.4408
0.4474
0.4171
0.4296
0.4437
0.4018
0.4132
0.4181
0.4323
0.4362
0.4367
0.4333
0.4086
0.4443
0.4056
0.4361
0.4185
0.4357
0.4057
0.4184
0.4296
0.4522
0.4041
0.4152
0.4389
0.4564
0.3942

