--------------------------
CreateVideoDecoder_D3D11_1
--------------------------
22.0077
19.1204
15.7436

---------------------------
DestroyVideoDecoder_D3D11_1
---------------------------
13.3919
13.422
0

----------------
First Frame Time
----------------
0

----------------------------
VideoDecoderEndFrame_D3D11_1
----------------------------
0.0034
0.0042
0.0031
0.0031
0.0037
0.0025
0.0031
0.0039
0.0047
0.0072
0.0049
0.0045
0.0041
0.0079
0.0027
0.0032
0.0034
0.005
0.0037
0.0095
0.0041
0.0034
0.0029
0.004
0.0036
0.0035
0.0026
0.0031
0.0075
0.0038
0.0027
0.0034
0.0045
0.0033
0.0031
0.0041
0.0033
0.0023
0.0025
0.0033
0.0021
0.003
0.0092
0.0031
0.0036
0.0032
0.0027
0.0025
0.0023
0.0026
0.0025
0.0025
0.0022
0.0026
0.003
0.0031
0.0036
0.003
0.0032
0.0035
0.0032
0.0037
0.0027
0.0064
0.0027
0.0029
0.0031
0.0028
0.0027
0.0023
0.0034
0.0031
0.0034
0.0037
0.0026
0.0026
0.0032
0.0029
0.0031
0.0026
0.0029
0.0037
0.003
0.0029
0.0035
0.0024
0.0028
0.0029
0.0032
0.0023
0.002
0.0031
0.0019
0.0023
0.0069
0.0022
0.0021
0.002
0.0028
0.0023
0.0029
0.0032
0.0029
0.0034
0.003
0.0025
0.0029
0.0026
0.0031
0.0024
0.0031
0.0025
0.0026
0.0028
0.0027
0.0028
0.003
0.0032
0.0027
0.0027
0.0029
0.003
0.0031
0.0027
0.0031
0.0021
0.0033
0.0021
0.0021
0.0025
0.0027
0.0032
0.0028
0.0027
0.0029
0.003
0.003
0.0027
0.0035
0.0028
0.0027
0.0049
0.0034
0.0035
0.0022
0.003
0.0023
0.0022
0.0024
0.0019
0.0016
0.0022
0.0029
0.0031
0.0026
0.0022
0.002
0.0024
0.0031
0.0029
0.0027
0.0027
0.0024
0.0026
0.0031
0.0029
0.0027
0.0029
0.0031
0.0029
0.0032
0.0029
0.0028
0.0032
0.0026
0.0031
0.0024
0.0024
0.0021
0.0028
0.0033
0.0027
0.0025
0.0023
0.0025
0.0019
0.0027
0.0025
0.0031
0.0021
0.0025
0.0022
0.0023
0.0017
0.0024
0.0022
0.0025
0.003
0.0025
0.0027
0.0023
0.0029
0.0022
0.0019
0.0026
0.0037
0.0021
0.0027
0.0034
0.0023
0.0024
0.0061
0.0024
0.0025
0.0024
0.0029
0.0022
0.0021
0.002
0.0029
0.0024
0.003
0.0021
0.003
0.0022
0.0032
0.0027
0.002
0.003
0.0029
0.0026
0.003
0.0025
0.0024
0.0019
0.0018
0.0023
0.0026
0.002
0.0015
0.0023
0.0031
0.0029
0.0031
0.002
0.0032
0.0036
0.0021
0.0028
0.0025
0.0027
0.0032
0.0025
0.0026
0.0028
0.003
0.0028
0.0026
0.0035
0.002
0.0028
0.0021
0.0024
0.0029
0.0024
0.0028
0.0021
0.003
0.0026
0.0029
0.0025
0.0029
0.0027
0.0027
0.0029
0.0027
0.003
0.0029
0.0026
0.0029
0.0026
0.0028
0.0027
0.0025
0.0025
0.003
0.0034
0.0025
0.0028
0.0024
0.0023
0.0026
0.0027
0.0027
0.002
0.0032
0.002
0.002
0.0028
0.0026
0.0035
0.0031
0.0027
0.0024
0.0031
0.0032
0.0028
0.0034
0.0028
0.0028
0.0026
0.0025
0.0035
0.0024
0.0026
0.0034
0.0326
0.0025
0.003
0.0017
0.002
0.0021
0.0021
0.002
0.0017
0.0017
0.0035
0.0026
0.0033
0.0031
0.0026
0.0026
0.0029
0.0023
0.0032
0.0026
0.0015
0.0025
0.0028
0.0025
0.003
0.0028
0.0032
0.0025
0.0034
0.0026
0.0027
0.0028
0.0026
0.0022
0.0032
0.0027
0.0027
0.0027
0.0028
0.0031
0.0041
0.0025
0.0032
0.0016
0.0025
0.0034
0.0026
0.0023
0.0029
0.0024
0.0035
0.0036
0.0024
0.0026
0.0031
0.0029
0.0033
0.0026
0.0026
0.0027
0.0027
0.0028
0.0035
0.0029
0.0029
0.0024
0.0026
0.0024
0.0038
0.0022
0.0019
0.0033
0.003
0.0019
0.0018
0.0024
0.0026
0.0028
0.0033
0.0035
0.0026
0.0028
0.0029
0.003
0.0021
0.0024
0.0023
0.0027
0.0037
0.0036
0.0021
0.0027
0.0025
0.0032
0.0029
0.0036
0.0027
0.0024
0.0018
0.0019
0.0019
0.0026
0.0023
0.0017
0.0017
0.0017
0.0024
0.0027
0.002
0.0028
0.0019
0.003
0.0024
0.0028
0.0034
0.0026
0.0025
0.0028
0.0038
0.0027
0.0034
0.0025
0.0034
0.0029
0.003
0.0041
0.0027
0.0024
0.0027
0.0031
0.0024
0.0019
0.0033
0.0029
0.003
0.0031
0.0035
0.0029
0.0036
0.0032
0.0028
0.0033
0.0025
0.0029
0.0037
0.0027
0.0031
0.0033
0.0026
0.0027
0.0031
0.0028
0.0029
0.0027
0.0025
0.0024
0.0029
0.0027
0.0345
0.0035
0.0024
0.0027
0.0031
0.0019
0.002
0.0025
0.0031
0.0031
0.0019
0.0021
0.0023
0.0021
0.0026
0.0029
0.0047
0.0023
0.0017
0.0028
0.0018
0.002
0.0026
0.0021
0.0031
0.0031
0.0026
0.0026
0.0035
0.003
0.0026
0.0025
0.002
0.0022
0.0021
0.0024
0.0034
0.0026
0.0036
0.0029
0.0025
0.0031
0.0029
0.0024
0.0027
0.0025
0.0027
0.003
0.0023
0.0033
0.0029
0.0024
0.0023
0.002
0.0028
0.0019
0.0027
0.0029
0.0028
0.0035
0.0023
0.0022
0.0031
0.0024
0.0018
0.0023
0.0024
0.0035
0.003
0.003
0.0145
0.0031
0.0031
0.0026
0.0028
0.003
0.0032
0.0025
0.0025
0.0027
0.0025
0.0026
0.002
0.0019
0.0026
0.0025
0.0025
0.003
0.0022
0.0024
0.0033
0.003
0.0032
0.0027
0.0027
0.0024
0.003
0.0034
0.003
0.0026
0.0029
0.0032
0.0019
0.0032
0.0034
0.0031
0.0021
0.003
0.0027
0.0024
0.0035
0.0027
0.0027
0.0031
0.0034
0.0025
0.0026
0.0023
0.0028
0.0021
0.003
0.002
0.003
0.0028
0.0028
0.0027

