---------------------------------------------
CalcPrivateVideoDecoderOutputViewSize_D3D11_1
---------------------------------------------
0.0022
0.0013
0.0011
0.0028
0.0014
0.0011
0.0233
0.0042
0.0015
0.0015
0.0014
0.0009
0.0012
0.0016
0.0014
0.0008
0.0009
0.0006
0.0014
0.0024
0.001
0.0009
0.0017
0.0011
0.002
0.002
0.0017
0.0016
0.0022
0.0015
0.0023
0.0017
0.0018
0.0017
0.0021
0.0015
0.0016
0.0016
0.0016
0.0016
0.0016
0.0017
0.0028
0.0016
0.0017
0.002
0.0016
0.002
0.0016
0.0016
0.0018
0.0011
0.001
0.002
0.0016
0.0021
0.0016
0.002
0.0018
0.0016
0.0016
0.002
0.002
0.0026
0.0012
0.0017
0.0011
0.0009
0.002
0.0015
0.0017
0.002
0.0016
0.0022
0.0016
0.0021
0.0021
0.0021
0.0021
0.0023
0.0019
0.0015
0.0016
0.0017
0.0016
0.0009
0.0011
0.0015
0.0009
0.0015
0.0017
0.0018
0.0016
0.0016
0.0027
0.0011
0.0022
0.002
0.0016
0.0019
0.002
0.0017
0.0016
0.0016
0.002
0.0016
0.0016
0.0022
0.0018
0.001
0.0021
0.0017
0.0017
0.0021
0.0016
0.002
0.0016
0.0021
0.0018
0.0016
0.0016
0.0028
0.0017
0.0022
0.0017
0.0021
0.0016
0.0021
0.0023
0.0011
0.0016
0.0015
0.0017
0.0017
0.0019
0.0018
0.0017
0.0018
0.0018
0.0018
0.002
0.0025
0.0008
0.0015
0.0017
0.0016
0.003
0.0016
0.0016
0.0017
0.0016
0.0017
0.0016
0.0017
0.0021
0.0016
0.0015
0.0019
0.0016
0.0016
0.0016
0.0018
0.0016
0.0016
0.0021
0.0017
0.0022
0.0017
0.0025
0.0015
0.0015
0.0014
0.0011
0.001
0.0009
0.0013
0.0009
0.002
0.0018
0.0016
0.0019
0.0016
0.0017
0.0016
0.002
0.0016
0.002
0.0021
0.002
0.0017
0.0009
0.0016
0.0018
0.0023
0.0016
0.0021
0.0021
0.0017
0.0023
0.0017
0.0016
0.0016
0.0017
0.0019
0.0016
0.0014
0.0021
0.0022
0.0021
0.0019
0.0016
0.0051
0.0019
0.0017
0.0019
0.0017
0.0016
0.0016
0.0018
0.0016
0.0017
0.0015
0.0021
0.0016
0.0021
0.0015
0.0016
0.0021
0.0017
0.0019
0.0021
0.0016
0.002
0.0021
0.0021
0.0022
0.0017
0.0019
0.0018
0.0018
0.0019
0.0017
0.0021
0.0016
0.0016
0.002
0.0018
0.001
0.0021
0.0019
0.0008
0.0016
0.002
0.0021
0.0016
0.0013
0.0023
0.0022
0.0015
0.002
0.0015
0.0022
0.0021
0.0019
0.0021
0.0019
0.0017
0.0019
0.0024
0.0016
0.0016
0.001
0.0016
0.0021
0.0023
0.0019
0.0017
0.0023
0.0018
0.0023
0.0019
0.0011
0.0017
0.0016
0.0014
0.0017
0.0017
0.0022
0.0018
0.0016
0.0021
0.0021
0.0016
0.0022
0.0013
0.0019
0.0023
0.0021
0.0016
0.0009

-----------------------
CodechalDecode::Execute
-----------------------
1.0684
0.7233
0.8747
0.7922
0.6525
0.313
0.6763
0.3279
0.2675
0.2413
0.2449
0.2404
0.5393
0.9164
1.0631
0.3935
0.2782
0.2479
0.301
1.0767
0.6414
0.981
0.9466
0.9667
0.6016
0.9184
0.9126
0.2551
0.2179
0.258
0.2979
1.0345
0.6033
0.9147
0.9196
0.9349
0.957
0.9104
0.9332
0.937
0.9298
1.0514
0.9339
0.9218
1.0469
0.9191
0.9158
0.9088
0.9447
0.9116
0.9352
0.2312
0.2236
0.5921
0.9439
0.5785
0.9259
0.6127
0.6252
0.9328
0.9236
0.6384
0.6351
0.2603
0.228
0.7369
0.2253
0.2256
0.6558
0.6315
0.9162
0.5828
0.9343
0.628
0.918
0.6597
0.5953
0.6304
0.6225
0.9078
0.9283
0.5615
0.9036
0.9282
0.5434
0.2259
0.2718
0.2594
0.2164
0.9401
0.5727
0.9083
0.9271
0.9421
0.2614
0.2317
0.6333
0.6086
0.9206
0.6316
0.6039
0.9311
0.9346
0.9281
0.5926
0.9214
0.9134
0.6271
1.0508
0.2254
0.2601
0.265
1.039
0.9433
0.9269
0.6167
0.9155
0.6378
0.8377
0.9204
0.9264
0.6319
0.9365
0.6361
0.9147
0.6458
0.921
0.62
0.6188
0.2276
0.2628
1.0376
0.5968
0.5728
0.9309
0.946
0.9384
0.9423
0.8872
0.9318
0.9194
0.8735
0.2208
0.2691
0.2688
1.0744
0.9313
0.9285
0.8876
0.9306
0.9226
0.9172
0.9231
0.9244
0.9056
0.9251
0.9246
0.905
0.9336
0.9498
0.9372
0.9395
0.9344
0.936
0.9227
0.9509
0.9124
0.9315
0.9286
0.2586
1.1034
1.1252
1.1213
1.1278
1.1192
1.1597
0.9468
0.5724
0.5454
0.9328
0.6219
0.9137
0.4981
0.9142
0.6199
0.9262
0.9097
0.5962
0.6105
0.5941
0.2355
0.2681
1.0386
0.9333
0.9266
0.5878
0.6062
0.9219
0.9037
0.6248
0.9234
0.9268
0.6177
0.9385
0.2614
0.2622
0.6326
0.61
0.5845
0.636
0.9347
0.622
0.2253
0.2621
0.9271
0.9125
0.9411
0.8846
0.9456
0.939
0.3618
0.6593
0.906
0.5784
0.9205
0.9459
0.9386
0.6314
1.2754
0.572
0.6006
0.9256
0.6016
0.617
0.6216
0.615
0.9298
0.626
0.9045
0.9423
0.5716
0.9125
0.5669
0.9175
0.9263
0.6208
0.7981
0.9303
0.932
0.7528
0.2306
0.2635
0.2717
0.2644
0.2645
0.2596
0.2869
0.2756
0.2783
0.2686
0.276
0.2942
0.2688
0.2696
0.2702
0.2701
0.2616
0.2953
0.2607
0.2729
0.2724
0.2279
0.2646
0.2624
0.2682
0.267
0.2723
0.27
0.2362
0.2796
0.2755
0.2284
0.2327
0.2756
0.2301
0.2723
0.275
0.2719
0.27
0.2305
0.2793
0.272
0.2702
0.2698
0.2358
0.2702
0.2749
0.2662
0.2712
0.2232

---------------------------------------
CodechalDecodeHevcG12::DecodeStateLevel
---------------------------------------
0.1562
0.2786
0.4218
0.1897
0.6121
0.1441
0.4982
0.1598
0.4122
0.1369
0.0669
0.1442
0.4108
0.147
0.0803
0.1378
0.0393
0.1194
0.035
0.11
0.0346
0.113
0.0318
0.1131
0.0367
0.1236
0.0389
0.1184
0.0365
0.1366
0.1722
0.1254
0.0332
0.142
0.0315
0.1298
0.0428
0.1352
0.0344
0.1179
0.0335
0.1102
0.032
0.1062
0.0351
0.1084
0.0348
0.112
0.0382
0.1176
0.0384
0.1173
0.0388
0.1155
0.0369
0.1132
0.0326
0.0914
0.0371
0.114
0.0455
0.1332
0.0397
0.1166
0.0388
0.1159
0.0377
0.1183
0.0367
0.1144
0.0374
0.1158
0.0376
0.1163
0.0384
0.1149
0.0396
0.114
0.0394
0.1141
0.0378
0.1132
0.0369
0.1133
0.0373
0.1148
0.0373
0.1426
0.0378
0.1152
0.039
0.1141
0.0397
0.1127
0.0421
0.1136
0.037
0.1134
0.0372
0.1135
0.0364
0.1143
0.0323
0.107
0.0317
0.1024
0.0389
0.1175
0.0394
0.1159
0.039
0.1163
0.0378
0.1157
0.0382
0.1182
0.0393
0.1061
0.0381
0.1148
0.0378
0.1159
0.0373
0.1132
0.0406
0.1152
0.0391
0.112
0.0323
0.1046
0.0402
0.117
0.0309
0.1058
0.0319
0.1045
0.0387
0.1177
0.0327
0.1096
0.0394
0.1191
0.04
0.1161
0.0377
0.1148
0.038
0.1165
0.0378
0.1155
0.0382
0.1176
0.0378
0.1153
0.038
0.1166
0.0396
0.1167
0.0404
0.114
0.0368
0.1146
0.0372
0.1168
0.0374
0.115
0.0383
0.1151
0.038
0.1158
0.0316
0.106
0.0393
0.1179
0.0379
0.1142
0.0325
0.0914
0.0392
0.1252
0.0394
0.1226
0.0442
0.1125
0.0379
0.1136
0.0373
0.1133
0.0382
0.1139
0.0336
0.1053
0.0388
0.1164
0.0374
0.1158
0.0369
0.1154
0.0373
0.1166
0.0374
0.1171
0.0484
0.1227
0.0394
0.114
0.0386
0.1143
0.0386
0.1157
0.0386
0.1185
0.0374
0.1143
0.0382
0.1161
0.0376
0.1151
0.0316
0.1047
0.0387
0.1131
0.0401
0.115
0.0386
0.114
0.0373
0.1145
0.0368
0.1171
0.0377
0.1169
0.038
0.114
0.0383
0.115
0.0396
0.1014
0.0395
0.1142
0.038
0.1152
0.0374
0.1126
0.0374
0.1144
0.0373
0.1143
0.0381
0.1151
0.0384
0.129
0.0389
0.1167
0.0394
0.1144
0.0404
0.1174
0.0308
0.1087
0.0374
0.1174
0.0384
0.1149
0.0382
0.116
0.0383
0.1162
0.0393
0.1149
0.0396
0.1147
0.0381
0.1154
0.0472
0.1222
0.0387
0.1157
0.0364
0.1149
0.0382
0.1149
0.033
0.1081
0.0316
0.1037
0.0396
0.1182
0.0384
0.1178
0.0383
0.1168
0.0378
0.1151
0.0375
0.1149
0.0384
0.1
0.0388
0.1157
0.0397
0.1139
0.0396
0.1096
0.0373
0.1147
0.0364
0.1133
0.0366
0.1129
0.0371
0.1147
0.0378
0.1139
0.0382
0.113
0.0422
0.1151
0.0348
0.1074
0.0375
0.1161
0.0387
0.1158
0.0384
0.1141
0.0375
0.1148
0.0376
0.1152
0.039
0.1171
0.0387
0.1134
0.0481
0.1192
0.0372
0.1169
0.0386
0.1115
0.8985
0.1103
0.0404
0.1265
0.9306
0.1052
0.9065
0.1205
0.0333
0.1033
0.0322
0.1017
0.0474
0.1595
0.0375
0.1191
0.0379
0.1016
0.0394
0.1167
0.0381
0.1181
0.0387
0.111
0.0394
0.1109
0.0398
0.1123
0.0378
0.1147
0.0372
0.1148
0.0372
0.1149
0.0377
0.116
0.0376
0.1165
0.0391
0.1196
0.0344
0.109
0.0401
0.1173
0.0381
0.1154
0.0378
0.1142
0.038
0.1147
0.0385
0.1159
0.0384
0.1162
0.038
0.1157
0.0386
0.1158
0.0392
0.117
0.0372
0.1165
0.037
0.1157
0.0368
0.1161
0.0374
0.1149
0.0374
0.117
0.0374
0.1175
0.0398
0.1166
0.0396
0.1168
0.0377
0.1016
0.037
0.1149
0.0375
0.115
0.0407
0.1116
0.0314
0.105
0.0382
0.1146
0.0396
0.1111
0.0501
0.1245
0.0378
0.1138
0.0376
0.1132
0.0333
0.1065
0.0377
0.1161
0.0494
0.1679
0.0412
0.1181
0.0397
0.1135
0.0397
0.1142
0.0376
0.115
0.0343
0.1071
0.0447
0.1119
0.0401
0.1244
0.036
0.2098
0.0399
0.1177
0.0404
0.1172
0.041
0.116
0.0385
0.1187
0.038
0.1174
0.0386
0.1165
0.0376
0.1156
0.0381
0.1167
0.0433
0.1164
0.0399
0.1019
0.0398
0.1161
0.0398
0.1171
0.0377
0.1111
0.0403
0.1141
0.0384
0.1146
0.038
0.1141
0.0387
0.118
0.5912
0.1066
0.041
0.1165
0.0381
0.1162
0.5224
0.1197
0.0318
0.1075
0.0389
0.1159
0.0396
0.1203
0.0386
0.1184
0.0398
0.1164
0.0642
0.1058
0.0393
0.1162
0.0409
0.1218
0.0347
0.106
0.0388
0.1195
0.0392
0.1196
0.038
0.1457
0.0418
0.1157
0.0405
0.1185
0.0399
0.1195
0.0382
0.1198
0.0389
0.1185
0.0466
0.1204
0.0395
0.1073
0.0394
0.1208
0.0405
0.1205
0.0335
0.1027
0.0382
0.1155
0.037
0.1148
0.0371
0.1189
0.0384
0.1182
0.0384
0.1212
0.0387
0.1185
0.0333
0.1073
0.0408
0.1226
0.0392
0.1228
0.0314
0.1075
0.034
0.1073
0.0393
0.1218
0.0332
0.1062
0.0384
0.1214
0.0408
0.121
0.0399
0.1204
0.0391
0.1209
0.0324
0.1059
0.0387
0.1239
0.0381
0.121
0.0381
0.1208
0.0386
0.1199
0.0335
0.1084
0.0397
0.1198
0.0391
0.1223
0.0373
0.1193
0.0383
0.1199
0.0295
0.107

-------------------------------------
CodechalDecodeHevcG12::SetFrameStates
-------------------------------------
0.3851
0.0102
0.0106
0.013
0.0088
0.0078
0.0151
0.0089
0.0102
0.0079
0.0085
0.0067
0.0094
0.0087
0.0076
0.0066
0.01
0.0064
0.0124
0.0126
0.007
0.0081
0.0107
0.0109
0.0092
0.0094
0.0093
0.0101
0.0081
0.0094
0.0111
0.0093
0.0094
0.0095
0.0095
0.0097
0.0094
0.0093
0.0096
0.0094
0.0094
0.0093
0.0105
0.0108
0.0095
0.0108
0.0103
0.0094
0.0093
0.0111
0.0095
0.0073
0.0068
0.0094
0.0093
0.0095
0.0093
0.0095
0.0096
0.0109
0.0094
0.0094
0.0095
0.0104
0.0074
0.0096
0.007
0.0066
0.0096
0.0081
0.0093
0.0095
0.0095
0.0097
0.0092
0.0095
0.0098
0.0096
0.0093
0.0094
0.0094
0.0097
0.0095
0.0094
0.0092
0.0074
0.0117
0.0092
0.0073
0.0098
0.0098
0.0123
0.0092
0.0092
0.0104
0.0076
0.0093
0.0095
0.011
0.0094
0.0096
0.0122
0.0092
0.0095
0.0093
0.0108
0.0094
0.0094
0.0093
0.0074
0.0092
0.0094
0.0094
0.0095
0.0093
0.0098
0.0094
0.0093
0.0095
0.011
0.0092
0.0092
0.0095
0.0094
0.0094
0.0119
0.0094
0.0096
0.01
0.0069
0.0094
0.0105
0.0094
0.0095
0.0096
0.014
0.0096
0.0123
0.0095
0.0094
0.0095
0.0087
0.0068
0.0095
0.0093
0.0093
0.0095
0.0096
0.0096
0.0094
0.0106
0.0093
0.0092
0.0092
0.0094
0.0095
0.0095
0.0119
0.0097
0.0109
0.0107
0.0097
0.0095
0.0115
0.0097
0.0138
0.0107
0.0126
0.0094
0.0124
0.008
0.0091
0.0069
0.0089
0.9016
0.0063
0.0125
0.0097
0.0095
0.0095
0.0098
0.0092
0.0106
0.0093
0.0096
0.0095
0.0095
0.0095
0.0096
0.0099
0.0073
0.0097
0.0105
0.0094
0.0096
0.0112
0.0096
0.0093
0.0095
0.0094
0.0094
0.0094
0.0097
0.0093
0.0094
0.0093
0.0097
0.0097
0.0095
0.0095
0.0109
0.0113
0.007
0.0094
0.0119
0.0125
0.0094
0.0093
0.0097
0.0092
0.0122
0.0119
0.0095
0.0095
0.0094
0.0136
0.0123
0.0125
0.0105
0.0096
0.0095
0.0094
0.0095
0.0094
0.0094
0.0095
0.0106
0.0095
0.0097
0.0096
0.0097
0.0093
0.0098
0.0093
0.0095
0.0096
0.0107
0.0105
0.0094
0.0109
0.0079
0.0096
0.0096
0.0095
0.0095
0.0081
0.0121
0.0105
0.0108
0.01
0.0119
0.0094
0.0097
0.0099
0.0094
0.0095
0.0094
0.0125
0.0095
0.0096
0.0095
0.0071
0.0097
0.0094
0.0095
0.0096
0.0094
0.0096
0.0082
0.0108
0.0098
0.0075
0.0077
0.0107
0.0072
0.0098
0.0097
0.0095
0.0094
0.0085
0.0108
0.0094
0.0098
0.0094
0.0083
0.0097
0.0093
0.0095
0.0097
0.0071

--------------------------
CreateVideoDecoder_D3D11_1
--------------------------
23.4281
21.2012
19.1798
16.9088

---------------------------
DestroyVideoDecoder_D3D11_1
---------------------------
13.1593
13.8295
39.0918
0

---------------------
DxvaEncodeHEVC_Create
---------------------
23.2647
21.0493
19.0115

-----------------------
DxvaEncodeHEVC_EndFrame
-----------------------
0.0016
0.0011
0.0012
0.0024
0.0012
0.0011
0.0016
0.0009
0.0009
0.002
0.0007
0.0009
0.0009
0.0021
0.0006
0.0005
0.0008
0.0008
0.0009
0.0027
0.0006
0.0007
0.0009
0.0008
0.001
0.0008
0.0008
0.0008
0.0028
0.0005
0.0008
0.0009
0.0008
0.0007
0.0008
0.0007
0.0007
0.0006
0.0008
0.0008
0.0008
0.0007
0.0022
0.0007
0.0008
0.0008
0.0009
0.0008
0.0008
0.0007
0.0007
0.0008
0.0006
0.0005
0.0006
0.0009
0.0008
0.0006
0.0005
0.0005
0.0005
0.0008
0.0005
0.0022
0.0009
0.0006
0.0009
0.0005
0.0016
0.0006
0.001
0.0005
0.0005
0.0006
0.0005
0.0008
0.0008
0.0006
0.0008
0.0008
0.0005
0.0008
0.0008
0.0035
0.0007
0.0007
0.0006
0.0008
0.0008
0.0008
0.0005
0.0005
0.0005
0.0009
0.0025
0.0005
0.0008
0.0008
0.0008
0.0007
0.0005
0.0009
0.0009
0.0006
0.0009
0.0008
0.0008
0.0008
0.0008
0.0009
0.0008
0.0005
0.0009
0.0006
0.0009
0.0008
0.0008
0.0006
0.0009
0.0006
0.0009
0.0006
0.0009
0.0006
0.0006
0.0006
0.0009
0.0007
0.0005
0.001
0.0009
0.0009
0.0007
0.0009
0.0008
0.0008
0.0008
0.0009
0.0008
0.0008
0.0007
0.0034
0.0008
0.0009
0.0008
0.0007
0.0008
0.0009
0.0009
0.0008
0.0008
0.0008
0.0009
0.0008
0.0009
0.001
0.0008
0.0008
0.0008
0.0008
0.0008
0.0008
0.0008
0.0008
0.0008
0.0015
0.0009
0.0009
0.0008
0.0008
0.0008
0.0008
0.0009
0.0008
0.0007
0.0009
0.0006
0.0009
0.0006
0.0008
0.0006
0.0009
0.0007
0.0006
0.0006
0.0006
0.0006
0.0008
0.0008
0.0008
0.0008
0.0006
0.0005
0.0008
0.0008
0.0006
0.0009
0.0008
0.0005
0.0008
0.0005
0.0005
0.0006
0.0004
0.0005
0.0005
0.0008
0.0009
0.0005
0.0008
0.0008
0.0042
0.0007
0.001
0.0008
0.0011
0.0007
0.0009
0.0009
0.0007
0.001
0.0011
0.0007
0.0008
0.0007
0.0006
0.0008
0.0007
0.0006
0.0005
0.0006
0.0008
0.0006
0.0008
0.0008
0.0007
0.0009
0.0007
0.0009
0.0009
0.0007
0.0006
0.0008
0.0008
0.0007
0.0009
0.0009
0.0008
0.0006
0.0006
0.0009
0.0006
0.0008
0.0007
0.0006
0.0009
0.0006
0.0008
0.0008
0.0007
0.0007
0.0006
0.0006
0.0008
0.0008
0.0005
0.0006
0.0005
0.0005
0.0007
0.0008
0.0009
0.0007
0.0007
0.0006
0.0009
0.0006
0.0005
0.0005
0.001
0.0005
0.001
0.0007
0.0006
0.0005
0.0005
0.0008
0.0007
0.0006
0.0007
0.0006
0.0008
0.0006
0.001
0.0005
0.0008
0.0005
0.0011
0.0005
0.0005

----------------------
DxvaEncodeHEVC_Execute
----------------------
0.0027
0.0012
16.0571
6.9753
1.1284
0.5632
1.6853
0.5575
1.5802
1.441
0.8976
0.4738
0.8669
1.0843
0.8352
1.0665
0.027
0.9753
0.0243
1.4176
0.0185
0.4091
0.0172
0.4525
0.0166
0.6234
0.0213
0.4351
0.0165
0.4147
0.0155
1.2878
0.014
1.013
0.0172
0.9643
0.0147
0.9816
0.0136
0.5879
0.0124
0.9796
0.0156
0.9816
0.012
0.9426
0.0143
0.4481
0.0135
0.4921
0.0155
1.3942
0.0151
0.4286
0.0169
1.3157
0.0328
0.9717
0.014
0.977
0.0128
0.9858
0.0134
0.9434
0.0138
0.9379
0.0139
0.9836
0.0142
0.9838
0.0136
0.9419
0.0137
0.9442
0.0132
0.3865
0.0119
0.9847
0.0137
0.8403
0.0136
0.4581
0.0142
0.8381
0.0137
0.9354
0.014
0.9864
0.0154
0.985
0.0136
0.8366
0.0138
0.9231
0.0168
1.3655
0.0148
0.9683
0.0125
0.928
0.0146
1.2887
0.0122
0.9738
0.0152
1.2924
0.0128
1.2929
0.0119
0.9653
0.0117
0.919
0.0171
0.9898
0.0135
1.2858
0.012
1.2888
0.012
1.2993
0.0119
1.0203
0.0112
0.9213
0.0215
1.3067
1.0046
0.0122
0.9363
0.0247
0.4513
0.0136
0.9858
0.03
1.3614
0.0124
0.9823
0.0355
1.2575
0.0122
0.9841
0.0381
1.2594
0.0121
1.2941
0.0116
1.2816
0.0118
1.288
0.0114
0.9345
0.0158
0.9895
0.0141
0.4557
0.0129
0.9749
0.0363
0.9849
0.0138
1.2789
0.0114
0.4701
0.0172
0.4411
0.0133
0.5391
0.0219
0.4429
0.0198
0.9866
0.0137
1.3496
0.0122
0.9734
0.0205
0.9859
0.0146
0.9254
0.0139
1.3033
0.0116
1.006
0.0118
1.291
0.0114
0.9168
0.0153
1.288
0.0116
1.2904
0.0115
0.9814
0.0194
0.9658
0.0138
0.9845
0.0138
1.2869
0.0124
0.9548
0.0124
0.9326
0.0157
0.9776
0.0137
1.29
0.012
1.0552
0.0201
0.4495
0.0154
0.439
0.0144
0.5238
0.0149
0.4459
0.023
0.7154
0.9897
0.0145
1.2865
0.0123
0.9708
0.0359
1.2829
0.0116
0.9629
0.0159
0.9399
0.0137
0.9877
0.0139
1.2919
0.0119
0.9395
0.0156
1.2825
0.0113
0.9721
0.0373
1.2622
0.0122
0.9762
0.0331
1.2875
0.0118
1.2879
0.012
0.3735
0.0122
0.459
0.0176
0.4442
0.0238
0.375
1.4055
0.0146
0.9796
0.0177
0.9427
0.0149
0.9832
0.0141
0.9844
0.0158
0.9726
0.0165
0.9799
0.0153
0.9478
0.0139
0.9819
0.0156
0.4567
0.0138
0.4317
0.014
0.5261
0.0162
0.4548
0.0141
0.7647
0.0148
0.9413
0.0147
0.9351
0.0145
0.9845
0.0181
0.9837
0.0143
0.9255
0.0145
0.9319
0.0146
0.9404
0.0147
0.9376
0.0144
0.9448
0.014
0.9849
0.0151
0.9378
0.0144
0.9403
0.0141
0.9445
0.0168
0.9387
0.0192
0.9322
0.0154
0.9817
0.0149
0.9373
0.0141
0.94
0.0139
0.9831
0.0144
0.9889
0.014
0.9808
0.0138
0.9829
0.0146
0.94
0.0167
0.7138
0.0142
0.8382
0.0164
0.8353
0.0154
0.8258
0.0158
0.8179
0.015
0.7735
0.0145
0.7825
0.0156
1.3119
0.0134
1.3142
0.0125
0.9869
0.0163
1.3034
0.0125
0.9337
0.0282
1.2913
0.0124
0.9937
0.0392
1.2858
0.012
0.9453
0.0297
0.985
0.014
1.2844
0.0126
1.2937
0.0116
1.2838
0.012
0.3745
0.0118
0.4683
0.0177
0.4485
0.024
0.7069
0.986
0.014
1.3219
0.0125
1.2897
0.0121
0.9836
0.0361
0.929
0.0139
1.2854
0.0124
0.9449
0.0299
0.984
0.0136
1.3038
0.0118
0.9234
0.0145
1.3031
0.0118
1.0166
0.0119
1.3035
0.0122
0.9386
0.0116
1.2874
0.0114
1.2832
0.012
0.926
0.0168
0.9878
0.0134
0.376
0.0162
0.4498
0.0175
1.3784
0.0159
0.947
0.014
0.9774
0.0138
0.9979
0.0178
0.9838
0.015
0.9902
0.0181
1.329
0.0161
0.9436
0.0149
1.3571
0.0141
0.979
0.014
0.979
0.0162
0.9023
0.0163
1.3802
0.0146
0.97
0.0175
0.9722
0.0127
1.3036
0.0128
0.9752
0.0151
1.309
0.0121
1.2951
0.0116
1.2873
0.012
1.2913
0.0119
0.8958
0.0154
1.3052
0.0161
0.987
0.0144
0.9874
0.0163
1.3416
0.0133
0.947
0.0139
1.3573
0.013
0.939
0.0344
0.9423
0.0154
1.289
0.0123
1.2909
0.0122
0.7985
0.0139
0.988
0.0131
1.2913
0.0122
0.7674
0.0157
0.4422
0.0131
0.4313
0.0123
0.4057
0.0115
0.4196
0.0117
0.4672
0.0269
0.4258
0.0123
0.4604
0.0151
0.5623
0.0125
0.442
0.0122
0.4867
0.0158
0.4295
0.0121
0.4608
0.0145
0.4677
0.0126
0.4344
0.0122
0.4508
0.0127
0.4257
0.0119
0.4214
0.0119
0.4767
0.0166
0.4302
0.0135
0.4096
0.0154
0.3972
0.012
0.3759
0.0118
0.4219
0.0116
0.4183
0.0117
0.4358
0.015
0.4849
0.0182
0.4086
0.0125
0.4443
0.0151
0.4228
0.0156
0.4729
0.0153
0.4295
0.012
0.3748
0.0113
0.4198
0.0118
0.4838
0.0323
0.4204
0.0119
0.4792
0.0195
0.4044
0.0121
0.434
0.024
0.4265
0.0254
0.4175
0.0122
0.4692
0.0149
0.4029
0.0121
0.3982
0.0134
0.4514
0.0161
0.4275
0.0123
0.466
0.014
0.396
0.0117
0.481
0.019
0.3928
0.0123
0.4171
0.0156
0.4314
0.0116
0.4683
0.033
0.373
0.0119
0.3703
0.0114
0.0108

----------------
First Frame Time
----------------
153.902

----------------------
HEVC_QueryStatusReport
----------------------
1.1262
1.6825
1.5784
0.8961
0.8655
0.8338
0.0255
0.0189
0.017
0.0161
0.0154
0.0189
0.0136
0.0145
0.0129
0.0161
0.013
0.0124
0.0114
0.013
0.011
0.0131
0.0124
0.0143
0.0132
0.0158
0.0317
0.0121
0.0118
0.0122
0.0127
0.0127
0.013
0.0123
0.0125
0.0121
0.0109
0.0125
0.0125
0.013
0.0125
0.0126
0.0141
0.0124
0.0125
0.0127
0.013
0.0114
0.0135
0.0111
0.0139
0.0118
0.011
0.0107
0.0158
0.0123
0.0108
0.0111
0.0108
0.0103
0.0198
0.0112
0.0229
0.0126
0.0287
0.0114
0.0343
0.0112
0.034
0.011
0.0107
0.0108
0.0104
0.0143
0.0128
0.0119
0.0351
0.0127
0.0104
0.0159
0.012
0.0184
0.0184
0.0126
0.0112
0.0183
0.0134
0.0125
0.0107
0.0109
0.0105
0.0142
0.0106
0.0105
0.0182
0.0126
0.0126
0.0113
0.0114
0.0145
0.0125
0.0109
0.0187
0.0119
0.0131
0.0136
0.0197
0.0131
0.0113
0.0347
0.0106
0.0146
0.0125
0.0128
0.0109
0.0141
0.0104
0.0362
0.0112
0.0316
0.0108
0.011
0.0111
0.0164
0.021
0.0132
0.0165
0.0136
0.0129
0.0147
0.0152
0.0139
0.0128
0.0142
0.0127
0.013
0.015
0.0129
0.0136
0.0135
0.0133
0.0168
0.013
0.0133
0.0133
0.0133
0.0133
0.0128
0.0139
0.0132
0.0128
0.015
0.0161
0.0142
0.0135
0.0129
0.0127
0.0132
0.0127
0.0125
0.0134
0.0153
0.013
0.0149
0.014
0.0143
0.0138
0.0134
0.0142
0.0123
0.0114
0.0149
0.0116
0.027
0.0114
0.0368
0.011
0.0285
0.0126
0.0117
0.0107
0.0109
0.0108
0.0164
0.0212
0.0129
0.0115
0.011
0.0349
0.0127
0.0114
0.0285
0.0124
0.0109
0.0133
0.0109
0.0109
0.0113
0.0107
0.0105
0.0111
0.0155
0.0122
0.0153
0.0164
0.0143
0.0128
0.0126
0.0159
0.0135
0.0162
0.015
0.0136
0.0127
0.0127
0.0144
0.0145
0.0135
0.0159
0.0116
0.0119
0.0141
0.011
0.0106
0.011
0.0108
0.0143
0.0145
0.0132
0.015
0.0121
0.0128
0.0119
0.029
0.0138
0.0112
0.0112
0.0127
0.0119
0.011
0.0144
0.0119
0.0112
0.0107
0.0108
0.0256
0.0112
0.0136
0.0114
0.0112
0.0142
0.0111
0.0131
0.0115
0.0111
0.0116
0.0109
0.0109
0.0153
0.0124
0.0145
0.0108
0.0108
0.0107
0.0108
0.0138
0.0167
0.0114
0.014
0.0146
0.014
0.0111
0.0104
0.011
0.031
0.011
0.0179
0.0111
0.0231
0.0246
0.0112
0.0136
0.0111
0.0116
0.015
0.0113
0.0128
0.0107
0.0175
0.0111
0.0145
0.0107
0.0317
0.011
0.0103
0.0099

--------------------------------------
VideoDecoderBeginFrame_WDDM2_4_D3D11_1
--------------------------------------
0.0081
0.0024
0.0023
0.0042
0.0025
0.0027
0.0038
0.003
0.0033
0.0027
0.0026
0.0022
0.0028
0.0058
0.0028
0.0018
0.0019
0.0017
0.0027
0.0042
0.0024
0.0017
0.0028
0.0022
0.0036
0.0032
0.0029
0.003
0.0029
0.0027
0.0034
0.0039
0.0041
0.0035
0.0033
0.004
0.003
0.0036
0.0037
0.0038
0.0037
0.0036
0.0047
0.0036
0.0029
0.0038
0.0038
0.0032
0.003
0.0037
0.0037
0.0022
0.0023
0.0038
0.003
0.0038
0.0034
0.0035
0.0033
0.003
0.0038
0.0033
0.0034
0.0042
0.0023
0.0031
0.0025
0.0022
0.003
0.0025
0.0029
0.0037
0.003
0.0032
0.0032
0.0033
0.0033
0.0037
0.0032
0.0038
0.0038
0.0032
0.0029
0.0041
0.0029
0.0019
0.0019
0.0029
0.0019
0.0035
0.004
0.004
0.0038
0.0032
0.0038
0.0022
0.0037
0.0033
0.003
0.0032
0.0033
0.0031
0.0036
0.0036
0.0032
0.003
0.0038
0.0033
0.003
0.0019
0.0031
0.0032
0.0031
0.0031
0.0042
0.0034
0.0032
0.0033
0.0033
0.0029
0.004
0.0032
0.0033
0.0034
0.003
0.0037
0.0033
0.0035
0.0031
0.0026
0.003
0.003
0.0029
0.0034
0.0043
0.0037
0.004
0.0035
0.0114
0.0034
0.0037
0.0037
0.0017
0.0022
0.0032
0.0033
0.0063
0.0039
0.0037
0.0033
0.0039
0.0039
0.0031
0.0039
0.0033
0.0065
0.0032
0.0033
0.0038
0.0034
0.0031
0.0039
0.0041
0.003
0.0037
0.0033
0.0033
0.0031
0.004
0.0029
0.006
0.0026
0.0021
0.0019
0.0019
0.0018
0.0049
0.0033
0.0036
0.0033
0.0032
0.0031
0.0034
0.0033
0.0034
0.003
0.0034
0.0037
0.0032
0.0034
0.0019
0.003
0.0031
0.0037
0.004
0.0035
0.0035
0.0032
0.0031
0.004
0.0032
0.0039
0.0033
0.003
0.003
0.0027
0.0035
0.0032
0.0035
0.0034
0.003
0.0102
0.0024
0.003
0.0036
0.0038
0.003
0.0031
0.0035
0.0031
0.0037
0.0028
0.0035
0.0039
0.0037
0.0035
0.0031
0.0039
0.003
0.0036
0.0034
0.0038
0.0035
0.0034
0.0034
0.0033
0.0029
0.0035
0.0032
0.0038
0.0043
0.0039
0.0039
0.0031
0.0033
0.0032
0.0034
0.0023
0.0037
0.0038
0.002
0.0051
0.0037
0.0032
0.003
0.0027
0.004
0.0038
0.003
0.0037
0.0038
0.0036
0.0038
0.003
0.0031
0.003
0.0036
0.004
0.0036
0.003
0.0034
0.0019
0.003
0.003
0.0031
0.0038
0.003
0.003
0.003
0.0036
0.0031
0.0024
0.003
0.0031
0.0026
0.0035
0.0031
0.003
0.0029
0.0029
0.0036
0.0032
0.0038
0.003
0.0029
0.0035
0.0032
0.0038
0.0033
0.0025

----------------------------
VideoDecoderEndFrame_D3D11_1
----------------------------
0.0409
0.0557
0.0933
0.102
0.1
0.0995
0.0043
0.1306
0.003
0.0036
0.0584
0.0045
0.0574
0.0618
0.0034
0.003
0.0571
0.0036
0.0571
0.0054
0.0567
0.0035
0.0633
0.0078
0.0021
0.0024
0.0523
0.056
0.0796
0.0504
0.003
0.0038
0.0777
0.0019
0.0875
0.0023
0.0347
0.0028
0.0557
0.0027
0.0584
0.0029
0.0598
0.0041
0.0598
0.0019
0.0575
0.0019
0.0601
0.0028
0.0032
0.0034
0.0578
0.057
0.0551
0.0555
0.0026
0.0025
0.0601
0.0023
0.0643
0.0042
0.0594
0.0031
0.0596
0.0025
0.0611
0.0028
0.0643
0.0026
0.0605
0.0025
0.0609
0.0026
0.0618
0.0025
0.0598
0.0023
0.0021
0.0604
0.0026
0.0606
0.0026
0.0573
0.0027
0.0596
0.0027
0.0679
0.004
0.0597
0.0026
0.0605
0.0026
0.0608
0.005
0.0663
0.0027
0.0593
0.0566
0.0531
0.0027
0.0021
0.0589
0.0026
0.0581
0.0022
0.06
0.0028
0.059
0.0021
0.0608
0.0018
0.0018
0.0566
0.0027
0.0568
0.0027
0.0575
0.0019
0.0609
0.0018
0.0594
0.055
0.0532
0.0017
0.0017
0.0022
0.0552
0.0522
0.0524
0.0017
0.0034
0.0573
0.0027
0.002
0.0572
0.0027
0.059
0.002
0.0616
0.0034
0.066
0.0019
0.0589
0.0037
0.0594
0.0018
0.0607
0.0017
0.0602
0.0018
0.0586
0.0016
0.0589
0.0027
0.0568
0.0026
0.0611
0.002
0.056
0.0026
0.0587
0.0025
0.0018
0.0765
0.0026
0.0308
0.0525
0.0027
0.0559
0.0058
0.0026
0.0586
0.0577
0.0026
0.058
0.0019
0.0587
0.0026
0.0584
0.0026
0.0609
0.0026
0.0567
0.0601
0.0525
0.0018
0.0018
0.0597
0.0017
0.0586
0.0028
0.0617
0.0038
0.0604
0.0017
0.0559
0.0026
0.0551
0.0027
0.0626
0.0027
0.0598
0.0021
0.0018
0.0588
0.0027
0.057
0.0027
0.06
0.002
0.0066
0.0742
0.0024
0.0307
0.0533
0.0026
0.0596
0.0027
0.0563
0.0027
0.06
0.0027
0.0554
0.0027
0.0605
0.0019
0.0548
0.0027
0.0603
0.0018
0.0603
0.0027
0.0608
0.0028
0.0563
0.0027
0.0577
0.0019
0.0576
0.0027
0.059
0.0017
0.0563
0.0026
0.0598
0.0019
0.0582
0.0027
0.0598
0.0018
0.0018
0.0769
0.0019
0.032
0.0534
0.0027
0.0555
0.0025
0.0593
0.0017
0.0617
0.0031
0.0602
0.0027
0.0596
0.0027
0.0608
0.0026
0.061
0.0027
0.0709
0.0027
0.0623
0.0026
0.0607
0.0026
0.0624
0.0028
0.0026
0.0574
0.0518
0.0024
0.0563
0.0027
0.0558
0.0053
0.0638
0.0026
0.058
0.003
0.0599
0.0028
0.0583
0.0025
0.0585
0.0027
0.0599
0.0027
0.0599
0.0027
0.0595
0.0027
0.059
0.0027
0.0602
0.0026
0.0593
0.0028
0.0608
0.0026
0.0565
0.0028
0.062
0.0034
0.0616
0.0061
0.0574
0.0027
0.0624
0.0027
0.0609
0.0027
0.059
0.0026
0.06
0.0026
0.0563
0.0027
0.0611
0.0024
0.0608
0.0026
0.0598
0.0058
0.0541
0.0046
0.0559
0.0028
0.0554
0.0027
0.055
0.0026
0.0568
0.0027
0.0557
0.0044
0.0535
0.003
0.0818
0.0022
0.0597
0.0021
0.0582
0.0027
0.059
0.0021
0.0589
0.0035
0.002
0.0749
0.0319
0.0027
0.0591
0.0019
0.0579
0.0028
0.0593
0.0026
0.0916
0.0018
0.0594
0.0019
0.0018
0.0773
0.0019
0.0319
0.0533
0.0027
0.0553
0.0026
0.0608
0.0025
0.0571
0.0026
0.0613
0.0019
0.0609
0.0018
0.0602
0.0026
0.0604
0.0026
0.0603
0.0018
0.0606
0.0027
0.0582
0.0026
0.0583
0.0019
0.0593
0.0028
0.0583
0.0556
0.0556
0.0018
0.0016
0.0612
0.0019
0.0016
0.0596
0.0017
0.0583
0.0019
0.0566
0.0028
0.0566
0.0027
0.0017
0.0611
0.053
0.0026
0.0606
0.0027
0.0592
0.0061
0.0574
0.0026
0.0576
0.0034
0.0596
0.0026
0.0578
0.0039
0.0627
0.0808
0.0032
0.0586
0.0027
0.0577
0.003
0.0569
0.0026
0.0587
0.0034
0.0682
0.0033
0.0628
0.0023
0.068
0.0027
0.0737
0.0022
0.0579
0.0022
0.059
0.0027
0.06
0.002
0.0602
0.0018
0.0606
0.0017
0.06
0.0018
0.0597
0.0034
0.0597
0.0019
0.0592
0.0027
0.0563
0.0026
0.0615
0.0025
0.059
0.0029
0.065
0.0022
0.0606
0.0028
0.0598
0.0027
0.0584
0.0023
0.0594
0.0018
0.0537
0.0027
0.0583
0.0027
0.0595
0.002
0.0551
0.052
0.0028
0.0027
0.0584
0.002
0.0018
0.06
0.0017
0.0595
0.0026
0.0604
0.0021
0.0872
0.003
0.0595
0.0022
0.058
0.002
0.0564
0.0027
0.0592
0.0018
0.0728
0.0026
0.0595
0.0024
0.0567
0.0021
0.0572
0.0023
0.058
0.0021
0.0608
0.0018
0.0587
0.0027
0.0571
0.0024
0.0019
0.0576
0.002
0.0571
0.0017
0.0569
0.0545
0.0018
0.0554
0.0021
0.0566
0.0023
0.0604
0.0028
0.0572
0.0021
0.0579
0.0021
0.0572
0.0019
0.0559
0.0026
0.056
0.0018
0.0018
0.0569
0.053
0.0017
0.0553
0.0029
0.0562
0.0016
0.0544
0.0031
0.0586
0.002
0.0591
0.0018
0.0564
0.0017
0.0582
0.0017
0.0561
0.0031
0.0586
0.002
0.0596
0.0019
0.057
0.0022
0.0572
0.002
0.056
0.003
0.0579
0.0018
0.0617
0.0028
0.058
0.0018
0.0022
0.0571
0.0543
0.0017
0.0034
0.0018
0.0017

---------------------------------
VideoDecoderSubmitBuffers_D3D11_1
---------------------------------
1.1751
0.7437
0.8967
0.8175
0.6722
0.3291
0.6979
0.3461
0.2868
0.2559
0.2602
0.2564
0.5586
0.9368
1.4935
0.4082
0.294
0.5586
0.6089
1.239
0.6586
0.9945
0.9661
0.9834
0.6216
0.9384
0.9318
0.2739
0.2321
0.2782
0.3189
1.0548
0.6239
0.9362
0.9395
0.9546
0.9771
0.9327
0.9537
0.9567
0.9494
1.4691
0.9539
0.9428
1.5384
0.9397
0.9369
0.9291
0.9644
0.9326
0.9543
0.2464
0.4699
0.6119
0.9641
0.5985
0.9462
0.6349
0.6492
0.9527
0.943
0.6585
0.6558
0.2803
0.3756
0.7589
0.2386
0.5263
0.676
0.6488
0.938
0.6031
0.9554
0.6494
0.9404
0.6792
0.6163
0.651
0.6421
0.9285
0.9476
0.5825
0.9244
0.9476
0.5629
0.2389
0.2939
0.2776
0.2309
0.962
0.5967
0.9315
0.947
0.9617
0.282
0.4395
0.6538
0.6281
0.9409
0.6516
0.6241
0.9543
0.9551
0.948
0.6127
0.9414
0.934
0.6468
1.2311
0.2387
0.2804
0.2869
1.9159
0.9632
0.9467
0.6372
0.9384
0.6578
0.8588
0.9404
0.9457
0.6518
0.9581
0.6563
0.9365
0.6665
0.9415
0.6404
0.6419
0.2411
0.2868
1.9436
0.617
0.5976
0.9523
0.9696
0.9629
0.9673
0.907
0.9543
0.9432
0.8909
0.2335
0.2939
0.2883
1.8892
0.9529
0.9479
0.908
0.9523
0.9451
0.9369
0.945
0.9487
0.9256
0.9448
0.9464
0.9248
0.9539
0.9699
0.9588
0.9638
0.9542
0.9568
0.9467
0.9735
0.9345
0.9549
0.9481
1.1718
1.1204
1.1391
1.1383
1.1464
1.1324
1.1764
0.9718
0.5924
0.5665
0.9548
0.6413
0.9348
0.5204
0.9363
0.6399
0.948
0.9302
0.6161
0.6306
0.6141
0.2491
0.291
1.9459
0.9533
0.9466
0.6091
0.627
0.9439
0.9232
0.6445
0.9451
0.9463
0.6387
0.9576
0.2809
0.3222
0.6523
0.6297
0.6063
0.6578
0.9541
0.6486
0.2389
0.2819
0.947
0.9329
0.9636
0.9046
0.9627
0.9608
0.3856
0.6822
0.9258
0.598
0.9407
0.9651
0.96
0.6538
1.294
0.5928
0.6203
0.945
0.6216
0.6381
0.6411
0.6345
0.9496
0.6451
0.925
0.9638
0.5921
0.9323
0.5876
0.9395
0.946
0.6409
0.8184
0.9544
0.9512
0.7761
0.8756
0.2867
0.2959
0.2863
0.2849
0.2747
0.3114
0.2991
0.2975
0.2886
0.2968
0.3171
0.2892
0.2889
0.2925
0.29
0.2797
0.3188
0.2832
0.2928
0.292
0.2416
0.2867
0.2821
0.2887
0.2869
0.2944
0.2903
0.2519
0.3007
0.2984
0.2416
0.2475
0.2981
0.2437
0.292
0.2959
0.2925
0.2895
0.2462
0.2989
0.2915
0.2903
0.2894
0.2544
0.2903
0.2948
0.2858
0.2918
0.2378

