---------------------------------------------
CalcPrivateVideoDecoderOutputViewSize_D3D11_1
---------------------------------------------
0.0023
0.0015
0.0015
0.0029
0.0027
0.002
0.0018
0.0011
0.0016
0.0021
0.0009
0.001
0.0021
0.0021
0.0012
0.0012
0.0013
0.0011
0.001
0.0023
0.0009
0.001
0.0009
0.0012
0.0011
0.001
0.0011
0.0018
0.0052
0.0021
0.0015
0.0017
0.0017
0.0021
0.0018
0.0017
0.0017
0.0016
0.0022
0.0018
0.0016
0.0016
0.0036
0.0017
0.0016
0.0017
0.0017
0.0012
0.0016
0.0023
0.0016
0.0017
0.0019
0.0017
0.0009
0.0021
0.0017
0.002
0.0016
0.0021
0.002
0.0016
0.0012
0.0026
0.0012
0.0007
0.0018
0.0016
0.002
0.0016
0.002
0.0021
0.0016
0.002
0.0018
0.0016
0.0018
0.002
0.0017
0.002
0.002
0.0017
0.0024
0.002
0.0017
0.0017
0.0016
0.0021
0.0019
0.0016
0.002
0.0016
0.0017
0.0016
0.0035
0.0019
0.0016
0.0019
0.0019
0.0019
0.0017
0.0019
0.0017
0.0018
0.0017
0.0019
0.0016
0.0016
0.0014
0.001
0.0017
0.0016
0.0017
0.0022
0.002
0.0018
0.0016
0.0016
0.0016
0.0017
0.0019
0.0016
0.0019
0.0022
0.0016
0.0011
0.0022
0.0017
0.0015
0.0009
0.0013
0.0013
0.0021
0.0022
0.0016
0.0018
0.0023
0.0017
0.0016
0.0018
0.0014
0.0057
0.002
0.002
0.0022
0.0019
0.0022
0.0015
0.0016
0.0011
0.0023
0.0021
0.0019
0.0018
0.0021
0.0022
0.0011
0.0023
0.001
0.0019
0.0016
0.002
0.0018
0.0012
0.0016
0.001
0.0016
0.0029
0.0024
0.0023
0.0016
0.0029
0.0018
0.0021
0.0017
0.0019
0.0016
0.0019
0.0016
0.002
0.0011
0.0017
0.0014
0.002
0.0011
0.003
0.0016
0.0021
0.0011
0.0021
0.0016
0.0019
0.0018
0.0008
0.002
0.0022
0.0016
0.002
0.0022
0.0021
0.0024
0.0016
0.0021
0.0049
0.002
0.0022
0.0019
0.0009
0.0016
0.0011
0.0019
0.0036
0.0016
0.002
0.0013
0.0015
0.0021
0.0021
0.001
0.002
0.0016
0.0019
0.0016
0.0023
0.0022
0.0019
0.0015
0.0021
0.0016
0.0012
0.0022
0.0015
0.0022
0.001
0.0016
0.0023
0.0011
0.001
0.0021
0.0016
0.0018
0.0012
0.0021
0.0018
0.0022
0.0019
0.0017
0.0021
0.0021
0.0018
0.0016
0.0016
0.0015
0.0021
0.0017
0.0017
0.0015
0.0019
0.0011
0.0014
0.001
0.0009
0.001
0.0012
0.0013
0.0015
0.0021
0.0017
0.0008
0.0009
0.0011
0.0007
0.0016
0.0011
0.0017
0.0016
0.0017
0.002
0.002
0.0017
0.0016
0.0015
0.0018
0.0015
0.0022
0.0019
0.001
0.0017
0.0021
0.0017
0.0021
0.0013
0.0015
0.0011
0.0018
0.001
0.0016
0.0021
0.0016
0.0014
0.0019
0.0023
0.0016
0.0018
0.0019
0.0016
0.0012
0.0019
0.0015
0.002
0.0016
0.0014
0.0019
0.0012
0.0021
0.0018
0.0055
0.0012
0.0018
0.0016
0.002
0.0011
0.0027
0.0019
0.002
0.0011
0.0011
0.0016
0.0016
0.002
0.0017
0.0014
0.0027
0.0023
0.002
0.0019
0.001
0.0018
0.0024
0.002
0.0021
0.0013
0.002
0.0016
0.0015
0.0021
0.0011
0.0017
0.0019
0.002
0.0023
0.002
0.001
0.0016
0.0014
0.002
0.0015
0.002
0.0018
0.0016
0.0013
0.0019
0.0022
0.0014
0.0018
0.002
0.0021
0.002
0.002
0.0017
0.0019
0.002
0.0018
0.0026
0.0021
0.0014
0.001
0.0015
0.0012
0.0008
0.0016
0.0019
0.0016
0.0016
0.0012
0.0018
0.0017
0.0016
0.0016
0.0016
0.0016
0.0021
0.001
0.0022
0.001
0.0018
0.0014
0.002
0.0013
0.0021
0.0016
0.0018
0.0016
0.0016
0.0015
0.0018
0.0015
0.0016
0.0016
0.0011
0.002
0.001
0.0021
0.0015
0.0024
0.0017
0.0014
0.0016
0.0017
0.0022
0.0009
0.0016
0.0016
0.002
0.0022
0.0019
0.0019
0.002
0.0019
0.0016
0.0021
0.0018
0.0014
0.0019
0.0016
0.0017
0.0018
0.0017
0.0011
0.001
0.0017
0.0025
0.0016
0.0016
0.0016
0.002
0.002
0.0016
0.0021
0.0018
0.0016
0.0016
0.0017
0.0016
0.0016
0.0016
0.0017
0.0016
0.0017
0.0016
0.0016
0.0017
0.0022
0.0016
0.0018
0.0017
0.0019
0.0021
0.0017
0.0018
0.0019
0.0015
0.0024
0.0017
0.0053
0.002
0.0017
0.0017
0.0029
0.0016
0.0011
0.0008
0.0019
0.0018
0.0019
0.0016
0.0023
0.002
0.0016
0.0019
0.0016
0.0016
0.0019
0.0018
0.002
0.0012
0.001
0.0017
0.0019
0.0017
0.001
0.0019
0.0019
0.0022
0.0021
0.0019
0.0018
0.0019
0.0017
0.0015
0.0017
0.0018
0.0016
0.0021
0.0018
0.0017
0.0017
0.0022
0.0019
0.002
0.0021
0.0019
0.0021
0.0018
0.0024
0.001
0.0017
0.0021
0.0019
0.0013
0.002
0.0016
0.0018
0.0021
0.0021
0.0024
0.0016
0.0019
0.0017
0.0022
0.0017
0.0017
0.0021
0.0024
0.0022
0.0014
0.0019
0.0019
0.002
0.0021
0.0015
0.0021
0.0017
0.0016
0.0021
0.0019
0.0023
0.0018
0.0024
0.0023
0.0014
0.0026
0.0018
0.0014
0.0015
0.0013
0.0012
0.0021
0.002
0.0018
0.0017
0.0018
0.0017
0.002
0.0016
0.002
0.0017
0.0017
0.0019
0.0018
0.0021
0.0031
0.0021
0.0016
0.0022
0.0022
0.0016
0.0022
0.0019
0.0019
0.0016
0.0018
0.0016
0.0014
0.002
0.0017
0.0025
0.0022
0.0018
0.0017

-----------------------
CodechalDecode::Execute
-----------------------
10.9426
2.6709
4.8391
3.52
9.4895
5.9764
0.8914
0.875
0.6829
0.6754
1.5114
1.5139
1.4402
1.5631
1.4545
1.5065
1.4893
1.1165
0.9545
1.4866
1.0721
1.4445
1.523
1
0.5413
0.9459
0.9332
0.9201
0.5687
0.6221
0.8071
0.6072
0.9577
0.9044
0.9393
0.9388
0.9351
0.9478
0.9344
0.918
0.9395
0.9379
0.9312
0.9433
0.9348
0.9375
0.9357
0.5012
0.5834
0.6258
0.9135
0.9181
0.6203
0.5925
0.4958
0.9179
0.9222
0.6366
0.9261
0.9208
0.6244
0.9197
0.9348
0.5347
0.4855
0.4949
0.6415
0.9279
0.6253
0.9257
0.6273
0.6268
0.9131
0.6494
0.9335
0.909
0.5659
0.5962
0.6282
0.6409
0.6336
0.9114
0.7966
0.5811
0.9088
0.9148
0.9336
0.6189
0.6484
0.5768
0.9492
0.5826
0.9388
0.5839
0.9157
0.9497
0.5969
0.5898
1.9759
1.0463
0.9654
0.5783
0.9279
0.9203
0.9481
0.617
0.9119
0.9214
1.0443
0.4905
0.9383
0.9234
0.9324
0.9327
0.6052
0.6367
0.6477
0.9404
0.9272
0.6457
2.0936
0.5292
0.5883
0.6368
0.9783
0.4929
0.9079
1.4028
1.3848
1.3914
1.9933
0.535
0.5436
0.5467
0.5415
0.6591
0.5526
0.5388
0.5336
0.5439
0.5043
0.5712
0.5513
0.5586
0.5529
0.5445
0.5379
0.5489
0.548
0.5106
0.5501
0.5507
0.5474
0.547
0.541
0.5577
0.4997
0.545
0.5047
0.5775
0.5511
0.55
0.4902
0.4953
0.5618
0.5061
0.5369
0.5061
0.5678
0.5455
0.4965
0.5553
0.538
0.5501
0.5103
0.5703
0.5504
0.5424
0.4912
0.5531
0.5284
0.5428
0.4948
0.5547
0.4958
0.5511
0.5438
0.5477
0.4962
0.565
0.5481
0.5447
0.5383
0.4889
0.5708
0.5553
0.5127
0.5407
0.5471
0.5465
0.5333
0.5814
0.5443
0.5434
0.5434
0.5489
0.5563
0.4998
0.5426
0.5006
0.5436
0.4932
0.5438
0.549
0.4919
0.5123
0.5454
0.5425
0.5002
0.5771
0.5469
0.5443
0.546
0.5438
0.5406
0.5422
0.5011
0.5489
0.5748
0.4958
0.5587
0.4982
0.5498
0.5228
0.5379
0.557
0.4993
0.5192
0.5449
0.5485
1.7392
0.5069
0.5396
0.5478
0.5912
0.5203
0.6107
0.549
0.5819
0.546
0.5066
0.5657
0.5284
0.5632
0.7599
0.5766
0.5416
0.5861
0.5127
0.535
0.5187
0.5262
0.5693
0.5462
0.5486
0.5097
0.5443
0.5126
0.4991
0.5379
0.5129
0.4767
0.5349
0.4944
0.5366
0.5139
0.5465
0.5804
0.5471
0.5503
0.5395
0.5055
0.5545
0.5477
0.5479
0.5563
0.5304
0.5465
0.5495
0.519
0.5437
0.4969
0.5296
0.4978
0.5671
0.5212
0.5383
0.5459
0.5421
0.5011
0.5693
0.541
0.5111
0.5511
0.545
0.5444
0.5184
0.5447
0.4958
0.5458
0.5465
0.4972
0.543
0.4868
0.5501
0.5471
0.5452
0.5223
0.5438
0.5484
0.5421
0.4893
0.5526
0.5553
0.5449
0.5529
0.496
0.5478
0.5001
0.547
0.5462
0.4946
0.5532
0.549
0.5503
0.5588
0.5232
0.5342
0.5509
0.5415
0.5439
0.5184
0.5718
0.5509
0.5466
0.5526
0.5255
0.5488
0.5403
0.5483
0.5454
0.5589
0.4903
0.5453
0.5024
0.5506
1.0564
0.5538
0.5415
0.5497
0.4967
0.5669
0.5429
0.5008
0.5467
0.5836
0.5599
0.5725
0.5689
0.5489
0.5742
0.5861
0.5785
0.5628
0.59
0.5154
0.5183
0.4917
0.5151
0.481
0.5457
0.5508
0.5495
0.5495
0.4938
0.548
0.5442
0.5499
0.5422
0.5675
0.5485
0.5463
0.5054
0.5602
0.5249
0.5477
0.5298
0.5756
0.4951
0.5518
0.5427
0.5495
0.5528
0.5436
0.5483
0.5465
0.5181
0.5507
0.5402
0.4929
0.554
0.4884
0.546
0.5015
0.5481
0.5543
0.5059
0.5466
0.5418
0.5623
0.5035
0.5461
0.5575
0.548
0.5422
0.5505
0.5446
0.5427
0.5971
0.5498
0.5476
0.5499
0.4969
0.5401
0.7248
0.5665
0.9059
0.9214
0.5733
0.4896
0.9526
0.9423
0.9498
0.9423
0.9379
0.9357
0.9327
1.3855
0.9197
0.9303
0.9401
0.9406
0.9416
0.8965
0.9314
0.9275
0.9491
0.9392
0.9391
0.9391
0.9404
0.9396
0.937
0.9371
0.9492
0.5963
0.9342
0.9332
0.9348
0.9379
0.9145
0.6263
0.9364
0.9364
0.9309
0.931
0.9365
0.9207
0.9186
0.9336
0.4781
0.4749
0.5924
0.9131
0.5865
0.9304
0.9198
0.6578
0.9239
0.9341
0.9096
0.7935
0.614
0.9127
0.6127
0.6481
0.4892
0.9337
0.9083
0.9947
0.4921
0.9465
0.6174
0.8935
0.6317
0.6291
0.9303
0.6344
1.0956
1.4396
0.5565
0.5431
0.5357
0.5448
0.5699
0.5527
0.5534
0.5455
0.5456
0.5253
0.5767
0.5636
0.5506
0.5524
0.5654
0.5035
0.5531
0.5579
0.542
0.5124
0.5731
0.5522
0.5477
0.5618
0.5565
0.5511
0.5545
0.5438
0.5053
0.5513
0.562
0.5499
0.5533
0.5536
0.5398
0.5048
0.5528
0.5452
0.5536
0.5467
0.5001
0.5516
0.5446
0.5413
0.5399
0.5617
0.5485
0.5512
0.5545
0.5423
0.5077
0.5529
0.5409
0.5026
0.5551
0.5241
0.5198
0.546
0.5413
0.5059
0.5479
0.5481
0.5388
0.549
0.5388
0.5509
0.5355
0.5316
0.5692
0.5474
0.5476
0.5558
0.5436
0.5505
0.547
0.5417
0.5439
0.552
0.5498
0.547
0.5426
0.5311
0.5424
0.5239
0.5545
0.5454
0.5581
0.5412
0.5507
0.5503

---------------------------------------
CodechalDecodeHevcG12::DecodeStateLevel
---------------------------------------
0.3187
0.3829
3.9786
0.3434
0.2316
0.3028
1.8779
0.1943
1.7322
0.6855
0.2036
1.8302
3.9082
0.2443
4.7414
1.0469
0.2217
4.3117
0.1946
0.1757
0.2294
0.2178
0.1727
0.1961
0.149
0.1715
0.1969
0.1413
0.1704
0.1941
0.9275
0.1697
0.2219
0.9123
0.1821
0.2221
0.8668
0.1862
0.2147
0.9153
0.1855
0.2567
0.9077
0.1691
0.2046
0.9328
0.1767
0.1996
0.8865
0.1809
0.2177
0.5121
0.1901
0.2137
0.121
0.1675
0.1815
0.9343
0.1683
0.2015
0.5308
0.1721
0.189
0.9083
0.1678
0.2046
0.9014
0.1711
0.2476
0.1265
0.1664
0.1932
0.08
0.1673
0.1516
0.0768
0.1615
0.1505
0.0735
0.1598
0.1476
0.087
0.1655
0.1519
0.0887
0.1674
0.1511
0.107
0.2195
0.1562
0.0872
0.1685
0.1524
0.0885
0.1712
0.1518
0.0852
0.1665
0.1486
0.0853
0.1666
0.1498
0.0841
0.1693
0.1511
0.0857
0.1673
0.1497
0.0858
0.175
0.1503
0.0859
0.1681
0.1503
0.0879
0.166
0.1495
0.0856
0.1688
0.1507
0.0838
0.1667
0.15
0.084
0.167
0.1494
0.0842
0.1648
0.152
0.0856
0.1654
0.1502
0.085
0.1677
0.152
0.086
0.1671
0.1514
0.0861
0.1659
0.1488
0.0772
0.1591
0.1472
0.0846
0.1702
0.1509
0.0855
0.1714
0.1522
0.0848
0.1672
0.1504
0.085
0.1655
0.1504
0.0892
0.168
0.1521
0.0898
0.169
0.1523
0.0741
0.161
0.1487
0.0875
0.1651
0.1504
0.0852
0.1657
0.1498
0.0852
0.1681
0.15
0.1041
0.1726
0.1596
0.085
0.1674
0.1494
0.0877
0.1655
0.1482
0.0867
0.1659
0.1491
0.0869
0.169
0.1517
0.087
0.1647
0.1482
0.0682
0.1594
0.1468
0.0735
0.1583
0.148
0.0853
0.1699
0.1513
0.0864
0.1661
0.1496
0.0867
0.1688
0.1502
0.0864
0.1653
0.1489
0.0875
0.1706
0.1499
0.0876
0.1686
0.1498
0.0831
0.169
0.1502
0.0844
0.1657
0.1486
0.1031
0.1697
0.151
0.085
0.1662
0.1513
0.0874
0.1666
0.1505
0.0878
0.1685
0.1514
0.0901
0.1688
0.1532
0.0887
0.1664
0.15
0.0838
0.1671
0.1491
0.0839
0.1667
0.15
0.083
0.1652
0.1505
0.1004
0.1728
0.1519
0.0862
0.1645
0.1497
0.087
0.1665
0.1499
0.086
0.1676
0.1507
0.0884
0.1656
0.1479
0.0843
0.2106
0.1528
0.0837
0.1675
0.1575
0.1002
0.2434
0.2305
0.0873
0.1657
0.1494
0.0868
0.1669
0.1509
0.1091
0.1686
0.1545
0.0865
0.1647
0.1504
0.0834
0.1672
0.1495
0.0829
0.1667
0.1487
0.084
0.1641
0.1485
0.1076
0.2703
1.2333
0.1057
0.2458
0.2352
0.0946
0.1711
0.1564
0.1013
0.1706
0.1533
0.0907
0.1684
0.1513
0.1062
0.1681
0.1508
0.0769
0.1655
0.1501
0.0864
0.1729
0.1502
0.099
0.1694
0.1508
0.0864
0.1686
0.1521
0.0868
0.1692
0.1505
0.0735
0.1585
0.1456
0.0859
0.1649
0.1495
0.0881
0.1666
0.1532
0.0841
0.1682
0.1504
0.0837
0.1693
0.1518
0.0857
0.1706
0.1508
0.0869
0.167
0.1511
0.0888
0.1697
0.1533
0.0878
0.1664
0.1503
0.0861
0.1687
0.1509
0.0893
0.1705
0.1522
0.0828
0.1693
1.0892
0.0834
0.1664
0.1495
0.0851
0.1705
0.1514
0.087
0.168
0.1511
0.0861
0.1677
0.1505
0.073
0.1598
0.1491
0.0858
0.1677
0.1512
0.0774
0.1649
0.1504
0.9625
0.1627
0.1476
0.9691
0.1618
0.1485
1.0024
0.162
0.1491
0.075
0.1596
0.148
0.0869
0.1739
0.1496
0.0919
0.1699
0.1506
0.0864
0.1712
0.1514
0.1023
0.1693
0.156
0.0894
0.1726
0.1575
0.0869
0.168
0.148
0.0857
0.1665
0.1494
0.0926
0.1721
0.1503
0.0766
0.1624
0.1487
0.0972
0.1801
0.1508
0.0929
0.1694
0.1514
0.0965
0.1722
0.1527
0.0891
0.1755
0.152
0.0892
0.1698
0.1506
0.0856
0.1686
0.1511
0.0911
0.1716
0.1518
0.0905
0.1701
0.1508
0.0767
0.1655
0.1518
0.0902
0.1714
0.1523
0.0936
0.1695
0.1506
0.0873
0.1723
0.151
0.0859
0.1714
0.1532
0.0849
0.1697
0.1498
0.0944
0.1722
0.1521
0.0758
0.1617
0.1477
0.0925
0.1677
0.1506
0.079
0.1621
0.1482
0.0948
0.1782
0.1513
0.0864
0.1748
0.1542
0.0875
0.1734
0.1525
0.07
0.1604
0.1471
0.0755
0.1585
0.1462
0.0899
0.1758
0.1511
0.0726
0.1728
0.1474
0.0885
0.1667
0.147
0.0767
0.1632
0.1489
0.0925
0.1756
0.1511
0.0869
0.1719
0.1528
0.0709
0.1628
0.1492
0.0872
0.1764
0.1552
0.0858
0.1682
0.1508
0.0928
0.1703
0.152
0.079
0.1668
0.1498
0.0942
0.1748
0.1502
0.0875
0.1738
0.1512
0.086
0.1704
0.1507
0.0709
0.1589
0.1469
0.0873
0.1758
0.1525
0.0905
0.1639
0.1482
0.0878
0.17
0.1497
0.0732
0.1601
0.1471
0.0887
0.1764
0.1518
0.0715
0.1625
0.1492
0.0856
0.1762
0.1515
0.0873
0.1713
0.1504
0.0912
0.1694
0.1505
0.0711
0.1607
0.1503
0.0892
0.1836
0.1532
0.0915
0.1692
0.1507
0.0889
0.1688
0.1515
0.0849
0.17
0.1506
0.0708
0.1607
0.1481
0.0932
0.1772
0.1531
0.0925
0.1722
0.1512
0.0789
0.1617
0.1471
0.0862
0.1693
0.1516
0.0905
0.1685
0.1521
0.0908
0.1684
0.1512
0.0837
0.1679
0.1497
0.1048
0.1769
0.1506
0.0883
0.1721
0.149
0.0887
0.1704
0.1513
0.0897
0.1686
0.1503
0.0907
0.1705
0.1505
0.0917
0.1726
0.1533
0.0742
0.1619
0.1497
0.0873
0.1708
0.1493
0.0713
0.1621
0.1501
0.0868
0.1723
0.1485
0.0735
0.1589
0.1446
0.0895
0.1678
0.1485
0.09
0.1692
0.1511
0.0721
0.1569
0.1487
0.0797
0.1638
0.1475
0.0848
0.1756
0.1511
0.0863
0.1708
0.1493
0.0714
0.166
0.1502
0.0977
0.178
0.1503
0.0893
0.1689
0.1507
0.0889
0.1692
0.152
0.0899
0.1703
0.1513
0.0905
0.1676
0.1489
0.0853
0.1688
0.1505
0.0864
0.1717
0.1509
0.0751
0.163
0.1474
0.0874
0.174
0.1521
0.1035
0.1707
0.1502
0.0755
0.1609
0.1458
0.0902
0.1788
0.1517
0.0735
0.1605
0.1488
0.0866
0.1757
0.1496
0.0836
0.1656
0.1482
0.0847
0.17
0.1504
0.093
0.1724
0.1513
0.0737
0.1611
0.1511
0.0839
0.159
0.1487
0.0872
0.1717
0.1502
0.09
0.171
0.1509
0.0878
0.1795
1.0705
0.0765
0.1629
0.1484
0.0859
0.1698
0.1526
0.103
0.1652
0.1486
0.1071
0.1751
0.1504
0.0784
0.1687
0.1513
0.1044
0.1946
0.1604
0.0946
0.1689
0.1508
0.0861
0.1704
0.1504
0.0767
0.1665
0.1512
0.0753
0.1642
0.1485
0.0857
0.1714
0.1513
0.0812
0.1684
0.1496
0.0953
0.1761
0.1541
0.2202
0.2435
0.1565
0.1077
0.1693
0.1622
0.0824
0.1849
0.1511
0.0872
0.1776
0.1529
0.0762
0.1677
0.1474
0.0849
0.1721
0.1479
0.0812
0.1653
0.1492
0.0832
0.1649
0.1504
0.0896
0.1885
0.1531
0.0892
0.174
0.154
0.0831
0.1827
0.1528
0.0831
0.1625
0.1473
0.077
0.1691
0.1752
0.0791
0.1642
0.1496
0.0772
0.1592
0.1466
0.0941
0.1649
0.1495
0.0778
0.1579
0.1455
0.0697
0.1535
0.1447
0.0826
0.1676
0.1492
0.0718
0.1614
0.1474
0.0866
0.1668
0.1483
0.0756
0.1638
0.1487
0.088
0.1727
0.1512
0.0969
0.1779
0.15
0.0891
0.1712
0.1516
0.0922
0.1691
0.1501
0.086
0.1709
0.1489
0.0752
0.1659
0.1505
0.0879
0.1786
0.1517
0.0915
0.1683
0.1498
0.0908
0.171
0.1507
0.0932
0.171
0.1524
0.0944
0.1627
0.1471
0.0894
0.1715
0.1505
0.0886
0.1747
0.1517
0.0792
0.1616
0.1485
0.0856
0.1741
0.1513
0.0719
0.1591
0.1491
0.08
0.1725
0.1484
0.0742
0.1608
0.1489
0.0935
0.1774
0.1534
0.0888
0.1613
0.1468
0.0852
0.1695
0.1502
0.0884
0.1714
0.1517
0.0869
0.1709
0.1488
0.0724
0.1604
0.1495
0.0923
0.1763
0.1498
0.0872
0.168
0.1499
0.0816
0.1644
0.149
0.0871
0.1763
0.1507
0.0882
0.1709
0.1501
0.0881
0.1709
0.151
0.0786
0.1629
0.1484
0.0862
0.1745
0.1493
0.0715
0.1606
0.1483
0.0875
0.1715
0.1507
0.0918
0.1703
0.1502
0.0724
0.1582
0.1498
0.0831
0.1752
0.1514
0.0684
0.1581
0.1485
0.0862
0.1767
0.1504
0.0903
0.171
0.1516
0.0894
0.1682
0.1495
0.0859
0.164
0.1487
0.0879
0.1715
0.1503
0.0932
0.169
0.1493
0.085
0.1717
0.1514
0.0691
0.1606
0.1483
0.0863
0.1795
0.1503
0.0924
0.1722
0.1523
0.0891
0.1706
0.1509
0.0912
0.172
0.1509
0.0727
0.1614
0.1484
0.0908
0.1699
0.149
0.0708
0.162
0.1485
0.0852
0.1747
0.1528
0.0853
0.1739
0.1511
0.0727
0.1601
0.147
0.0877
0.1768
0.1509
0.0898
0.17
0.1508
0.0915
0.1701
0.1502
0.0918
0.1719
0.1547
0.0886
0.1636
0.1472
0.0832
0.1702
0.15
0.0891
0.173
0.1524
0.0881
0.1698
0.15
0.0885
0.1692
0.1498
0.0795
0.1627
0.1491
0.0927
0.1778
0.1508
0.0921
0.1691
0.1507
0.0869
0.1722
0.151
0.088
0.1744
0.1522
0.0896
0.1633
0.1472
0.0911
0.1691
0.1522
0.086
0.1682
0.1512
0.0933
0.1689
0.1495
0.0885
0.1703
0.1502
0.0937
0.1722
0.1526
0.0687
0.1596
0.1487
0.0881
0.1721
0.1499
0.0723
0.1628
0.1497
0.0867
0.1791
0.1492
0.6162
0.166
0.1487
0.087
0.1747
0.1517
0.0882
0.1686
0.1498
0.09
0.171
0.1524
0.0784
0.1521
0.1391
0.085
0.1746
0.1702
0.085
0.1745
0.1518
0.0741
0.1629
0.1485
0.0864
0.1758
0.1497
0.0977
0.1795
0.1529
0.0942
0.1742
0.1516
0.1003
0.1696
0.151
0.0961
0.1728
0.1509
0.087
0.1725
0.1518
0.0968
0.1746
0.15
0.1011
0.1754
0.1541
0.0972
0.1761
0.1565
0.0962
0.1741
0.1515
0.1028
0.1766
0.1526
0.078
0.1635
0.1491
0.086
0.1607
0.1468
0.0704
0.1598
0.149
0.0789
0.1635
0.1538
0.0693
0.1566
0.1454
0.0907
0.1687
0.1501
0.0904
0.1709
0.152
0.0917
0.1689
0.1501
0.0908
0.1705
0.1523
0.0703
0.162
0.147
0.0853
0.1768
0.1503
0.0854
0.1729
0.1513
0.0891
0.1711
0.153
0.0887
0.1682
0.15
0.0901
0.1702
0.1707
0.0895
0.1727
0.1507
0.0905
0.1685
0.1489
0.0745
0.1654
0.1497
0.0884
0.1779
0.1522
0.0905
0.1633
0.1478
0.088
0.1709
0.1528
0.0809
0.1651
0.1505
0.0962
0.1793
0.1516
0.0707
0.1605
0.1475
0.0874
0.1747
0.1519
0.0865
0.1706
0.15
0.0873
0.1723
0.1522
0.0923
0.173
0.1507
0.0889
0.1694
0.1488
0.0897
0.171
0.1508
0.0897
0.1691
0.152
0.0781
0.162
0.1473
0.0879
0.1754
0.1503
0.0847
0.1731
0.1507
0.0703
0.162
0.1477
0.086
0.1788
0.1516
0.07
0.1596
0.1458
0.0885
0.1724
0.149
0.0732
0.1622
0.1486
0.0883
0.1727
0.1508
0.0923
0.169
0.1499
0.0766
0.1606
0.1466
0.0848
0.1758
0.1516
0.0866
0.1708
0.1486
0.0937
0.1745
0.1541
0.0751
0.1634
0.1482
0.091
0.1693
0.1491
0.0924
0.1728
0.1517
0.0897
0.1706
0.1517
0.0872
0.1702
0.1489
0.0875
0.1724
0.1543
0.0865
0.1734
0.1506
0.0893
0.1698
0.1501
0.0909
0.1907
0.1777
0.0907
0.1699
0.1512
0.0916
0.1676
0.1496
0.09
0.1703
0.151
0.071
0.1626
0.1491
0.0834
0.1733
0.15
0.0869
0.1721
0.1502
0.0865
0.1701
0.1509
0.0902
0.1698
0.1505
0.0872
0.17
0.1527
0.0891
0.1703
0.152
0.0727
0.1573
0.148
0.0847
0.1699
0.1498
0.079
0.1644
0.1488
0.0828
0.1668
0.1506
0.0854
0.1675
0.1504
0.0857
0.1681
0.1514
0.085
0.1681
0.1503
0.0853
0.1692
0.1501
0.0867
0.1678
0.1497
0.0839
0.1687
0.1492
0.0837
0.1679
0.1504
0.0847
0.1698
0.1555
0.085
0.1676
0.1511
0.0859
0.1668
0.1511
0.0862
0.1676
0.1521
0.0878
0.168
0.1511
0.0862
0.1691
0.1524
0.0825
0.1669
0.1498
0.0829
0.1679
0.1518
0.0847
0.1696
0.1528
0.085
0.1678
0.1512
0.0856
0.1679
0.1508
0.0848
0.1683
0.1521
0.0873
0.1788
0.1533
0.086
0.1681
0.1523
0.0842
0.1706
0.1527
0.0847
0.171
0.1521
0.0821
0.1691
0.1518
0.0849
0.1675
0.1506
0.0851
0.1682
0.1506
0.0856
0.1691
0.1516
0.0864
0.1727
0.1514
0.086
0.1692
0.1522
0.0831
0.1698
0.1525
0.0832
0.1683
0.1503
0.0838
0.1688
0.1516
0.0839
0.1672
0.1506
0.0866
0.1681
0.1511
0.086
0.1667
0.1503
0.0863
0.1683
0.1517
0.0861
0.1699
0.152
0.0721
0.1512
0.1408
0.0661
0.1565
0.1468
0.0843
0.1702
0.1508
0.0862
0.1666
0.1505
0.0872
0.169
0.1514
0.0867
0.1775
0.1532
0.0849
0.1675
0.1514
0.0899
0.1684
0.1513
0.0834
0.1686
0.1491
0.0834
0.1682
0.1515
0.0843
0.1668
0.1512
0.0862
0.171
0.1516
0.0861
0.1671
0.1496
0.0866
0.1663
0.1497
0.0878
0.1697
0.1522
0.0907
0.1725
0.1598
0.0712
0.1588
0.148
0.0843
0.1685
0.1515
0.0829
0.1688
0.1528
0.0844
0.1673
0.1514
0.0708
0.1594
0.1493
0.0858
0.1697
0.1526
0.0878
0.1674
0.151
0.0878
0.1676
0.152
0.0842
0.1693
0.1505
0.0846
0.1689
0.151
0.084
0.1687
0.1518
0.0865
0.1681
0.1503
0.0863
0.2047
0.6714
1.0042
0.165
0.1519
0.0895
0.1799
0.1523
0.0878
0.1692
0.1503
0.0837
0.1674
0.1513
0.0847
0.1734
0.1528
0.0938
0.1762
0.1494
0.0868
0.1764
0.1612
0.0941
0.1677
0.1506
0.0915
0.1667
0.1494
0.0909
0.1678
0.1523
0.0838
0.1644
0.1494
0.0933
0.1796
0.1521
0.0936
0.1707
0.151
0.0883
0.1717
0.1518
0.0923
0.1704
0.1513
0.0955
0.1741
0.1546
0.0766
0.162
0.1501
0.0914
0.1697
0.1521
0.0941
0.1716
0.1527
0.0856
0.1708
0.1521
0.0769
0.1669
0.1494
0.092
0.1795
0.1519
0.0906
0.1724
0.1517
0.0897
0.1689
0.1512
0.0988
0.1705
0.1529
0.0921
0.1696
0.1563
0.0901
0.1718
0.152
0.0885
0.1747
0.1536
0.0853
0.1718
0.1519
0.0741
0.165
0.1488
0.0884
0.173
0.1515
0.0925
0.1785
0.1536
0.0896
0.1691
0.15
0.0903
0.1717
0.1512
0.0922
0.1708
0.151
0.0854
0.1699
0.1499
0.0728
0.1635
0.1502
0.0863
0.1769
0.151
0.0888
0.1697
0.15
0.0904
0.1725
0.1511
0.0893
0.1691
0.152
0.0732
0.1599
0.1478
0.0877
0.173
0.1528
0.0863
0.1719
0.1508
0.0854
0.1715
0.1521
0.0852
0.1694
0.1516
0.0931
0.1695
0.1524
0.0907
0.1703
0.1501
0.0903
0.1723
0.1507
0.092
0.1722
0.1531
0.0884
0.1676
0.1511
0.0761
0.1671
0.1492
0.0865
0.1756
0.1513
0.0844
0.1705
0.1508
0.0721
0.1638
0.1492
0.094
0.1718
0.1504
0.0872
0.162
0.1479
0.0768
0.1667
0.15
0.0904
0.1691
0.1518
0.0853
0.1713
0.1508
0.0736
0.1648
0.1509
0.086
0.1743
0.1512
0.0867
0.1699
0.1557
0.0854
0.1687
0.1516
0.0902
0.1715
0.1516
0.0871
0.1666
0.151
0.0928
0.1702
0.1514
0.0834
0.1708
0.151
0.0846
0.1663
0.1502
0.0862
0.1692
0.178
0.0911
0.1698
0.1507
0.0888
0.1705
0.1502
0.0908
0.1711
0.1533
0.0884
0.1689
0.1531
0.0903
0.1703
0.1509
0.0878
0.1702
0.1523
0.0843
0.1699
0.1525
0.0885
0.1699
0.1509
0.0896
0.1714
0.1524
0.0906
0.168
0.1514
0.0901
0.1688
0.1509
0.0866
0.1687
0.1507
0.0802
0.1729
0.1501
0.0872
0.171
0.1496
0.0779
0.162
0.1513
0.0925
0.1724
0.1531
0.0897
0.1695
0.1506
0.092
0.1732
0.1522
0.0869
0.1675
0.1508
0.0925
0.1683
0.152
0.0904
0.1724
0.1509

-------------------------------------
CodechalDecodeHevcG12::SetFrameStates
-------------------------------------
5.9771
1.663
0.9052
0.6536
0.3899
0.2024
0.1019
0.0985
0.0094
0.0087
0.0083
0.0085
0.011
0.01
0.0105
0.008
0.0082
0.0104
0.008
0.0089
0.008
0.0103
0.0083
0.0074
0.0085
0.0076
0.0105
0.0105
0.0113
0.0107
0.0105
0.0106
0.0106
0.0109
0.0103
0.0108
0.0104
0.0107
0.0104
0.0107
0.0106
0.0106
0.011
0.0106
0.0106
0.0108
0.0106
0.0085
0.0113
0.011
0.0117
0.0105
0.0111
0.0109
0.0088
0.0108
0.0107
0.0105
0.0134
0.0105
0.0104
0.0106
0.0106
0.0118
0.0083
0.0101
0.0105
0.0105
0.0105
0.0113
0.0105
0.0104
0.0116
0.0105
0.0137
0.0107
0.0108
0.0105
0.0106
0.0102
0.0104
0.0119
0.0101
0.0142
0.0105
0.0121
0.0104
0.0109
0.0104
0.0103
0.0115
0.0103
0.0105
0.0163
0.0117
0.0097
0.0106
0.0105
0.17
0.0135
0.0108
0.0137
0.0104
0.0136
0.0127
0.0109
0.0137
0.0105
0.0104
0.0084
0.0105
0.0104
0.0106
0.0105
0.0124
0.0105
0.0105
0.0105
0.0105
0.0108
0.6208
0.0103
0.0107
0.0104
0.0104
0.0084
0.0107
0.0102
0.01
0.0096
0.0074
0.0105
0.0108
0.0107
0.0106
0.0138
0.0125
0.0127
0.0104
0.0104
0.0089
0.0128
0.0106
0.0106
0.0109
0.0105
0.0105
0.0104
0.0105
0.0097
0.0106
0.0106
0.0119
0.0133
0.0104
0.0106
0.0083
0.0105
0.0097
0.0151
0.0105
0.0106
0.0088
0.0085
0.0116
0.0084
0.0103
0.0094
0.015
0.0105
0.0084
0.0116
0.0104
0.0106
0.0081
0.0148
0.0105
0.0105
0.0082
0.0116
0.0107
0.0105
0.0076
0.0113
0.009
0.011
0.0108
0.0104
0.0086
0.011
0.0105
0.0105
0.0103
0.0084
0.0146
0.0105
0.0116
0.0106
0.0105
0.0106
0.0104
0.0139
0.0104
0.0103
0.0106
0.0107
0.0105
0.0083
0.0105
0.0093
0.011
0.0095
0.0108
0.0105
0.0086
0.0093
0.011
0.0107
0.0091
0.0153
0.0128
0.0104
0.0114
0.0106
0.0105
0.0104
0.0088
0.0106
0.0138
0.0089
0.0113
0.0086
0.0124
0.0108
0.0106
0.0107
0.0083
0.0106
0.0106
0.0104
0.2639
0.0111
0.0106
0.0106
0.0139
0.0108
0.014
0.0105
0.0132
0.0093
0.0099
0.0095
0.0104
0.0112
0.0104
0.0117
0.0096
0.0107
0.0088
0.0108
0.0101
0.0092
0.0092
0.0085
0.0096
0.0086
0.0098
0.0088
0.0071
0.0095
0.0217
0.0086
0.0138
0.0086
0.0105
0.012
0.0104
0.015
0.0105
0.0105
0.0103
0.0093
0.0118
0.0106
0.0104
0.0109
0.0112
0.0103
0.0106
0.0121
0.0107
0.0088
0.011
0.0089
0.0115
0.0115
0.0102
0.0107
0.0108
0.0093
0.0153
0.0104
0.0089
0.0109
0.0107
0.0106
0.0114
0.0106
0.0084
0.0107
0.0103
0.0082
0.0106
0.0077
0.0114
0.0105
0.012
0.0101
0.0106
0.0106
0.0104
0.0085
0.0113
0.0106
0.0103
0.0107
0.0083
0.0103
0.0088
0.0106
0.0107
0.0089
0.0112
0.0106
0.0104
0.0107
0.0112
0.0103
0.0107
0.0103
0.0104
0.0116
0.0147
0.0107
0.0126
0.0107
0.0113
0.0107
0.0104
0.0106
0.0104
0.0104
0.0085
0.0102
0.0088
0.0105
0.0115
0.0109
0.0104
0.0107
0.0118
0.0107
0.0106
0.0085
0.0114
0.0149
0.0112
0.0144
0.0138
0.0105
0.0143
0.0144
0.011
0.0107
0.0148
0.0093
0.0108
0.0078
0.008
0.0069
0.0105
0.0104
0.0107
0.0104
0.0089
0.0117
0.0104
0.0107
0.0104
0.0106
0.0104
0.0104
0.0096
0.0116
0.0107
0.0115
0.0117
0.0129
0.008
0.0107
0.0103
0.0107
0.0105
0.0104
0.0106
0.0103
0.0113
0.0112
0.0106
0.0096
0.0117
0.0083
0.0105
0.0084
0.0107
0.013
0.0111
0.0118
0.0115
0.0111
0.0085
0.0106
0.0106
0.0105
0.0105
0.0107
0.0106
0.0104
0.0104
0.0104
0.0104
0.0106
0.0082
0.0105
0.0109
0.0105
0.0106
0.0104
0.0109
0.0081
0.0105
0.0094
0.0104
0.0105
0.0103
0.0106
0.0104
0.0106
0.0105
0.0103
0.0105
0.0104
0.0104
0.0105
0.0103
0.0104
0.0104
0.0103
0.0103
0.0104
0.0107
0.0104
0.0104
0.0106
0.0107
0.0118
0.0106
0.0106
0.0106
0.0106
0.0118
0.0106
0.0106
0.0106
0.0134
0.0107
0.0109
0.0105
0.0108
0.0105
0.0086
0.0076
0.0107
0.0116
0.0107
0.0118
0.0105
0.0104
0.0107
0.0106
0.012
0.0104
0.0107
0.0105
0.0103
0.0108
0.0085
0.011
0.0106
0.0104
0.0084
0.0106
0.0105
0.0105
0.0108
0.0105
0.0106
0.0108
0.0106
0.011
0.0111
0.011
0.0105
0.0108
0.0154
0.0097
0.013
0.0108
0.0108
0.0104
0.0155
0.0148
0.0111
0.0107
0.0107
0.0088
0.0121
0.0108
0.0106
0.0099
0.0154
0.0106
0.0107
0.0107
0.0107
0.0108
0.0109
0.0108
0.0094
0.0109
0.0107
0.0125
0.0104
0.0105
0.0107
0.0094
0.0112
0.0104
0.0105
0.0106
0.0088
0.0108
0.0106
0.0106
0.0108
0.0139
0.0107
0.0105
0.0105
0.0107
0.0089
0.0116
0.0106
0.0085
0.0109
0.0118
0.0119
0.0106
0.0107
0.01
0.0113
0.0107
0.0107
0.0107
0.0106
0.0109
0.0107
0.0107
0.0107
0.0106
0.0106
0.011
0.0106
0.0126
0.0106
0.0106
0.0106
0.0108
0.0107
0.0106
0.0138
0.0109
0.0105
0.0126
0.0108
0.0109
0.0108
0.0105
0.0107
0.0108

--------------------------
CreateVideoDecoder_D3D11_1
--------------------------
25.4466
21.5742
20.6487
15.0053

---------------------------
DestroyVideoDecoder_D3D11_1
---------------------------
13.9089
14.3675
64.704
0

---------------------
DxvaEncodeHEVC_Create
---------------------
25.2763
21.4083
20.491

-----------------------
DxvaEncodeHEVC_EndFrame
-----------------------
0.0029
0.0011
0.0013
0.0013
0.0011
0.0008
0.0013
0.0008
0.0007
0.0014
0.0007
0.0006
0.0007
0.0026
0.0008
0.0007
0.0006
0.0008
0.0007
0.003
0.0005
0.0007
0.0008
0.0008
0.0008
0.0006
0.0005
0.0008
0.0029
0.0008
0.0008
0.0008
0.0009
0.0008
0.0008
0.0007
0.0008
0.0009
0.0007
0.0007
0.0008
0.0008
0.0023
0.0008
0.0007
0.0008
0.0006
0.0006
0.0009
0.0007
0.0007
0.0006
0.0005
0.0008
0.0008
0.0006
0.0008
0.0008
0.0007
0.0008
0.0006
0.0008
0.0004
0.0022
0.0008
0.0007
0.0008
0.0006
0.0005
0.0008
0.0006
0.0008
0.0008
0.0009
0.0006
0.0006
0.0006
0.0005
0.0005
0.0007
0.0008
0.0005
0.0008
0.0007
0.0007
0.0006
0.0006
0.001
0.0008
0.0009
0.0007
0.001
0.0008
0.0008
0.0031
0.0006
0.0007
0.0007
0.0012
0.0007
0.0009
0.0008
0.0009
0.0007
0.0008
0.0007
0.0007
0.0008
0.0008
0.0008
0.0007
0.0009
0.0007
0.0006
0.0005
0.0008
0.0007
0.0005
0.0005
0.0007
0.0006
0.0005
0.0005
0.0008
0.0008
0.0008
0.0008
0.0008
0.0007
0.0008
0.0007
0.0007
0.0008
0.0006
0.0008
0.0008
0.0008
0.0008
0.0009
0.0008
0.0006
0.0063
0.0006
0.0008
0.0008
0.0007
0.0006
0.0008
0.0008
0.0007
0.0007
0.0006
0.0008
0.0006
0.0005
0.0007
0.0006
0.0008
0.0006
0.0006
0.0006
0.0009
0.0007
0.0006
0.0007
0.0007
0.0008
0.0006
0.0005
0.0009
0.0007
0.0006
0.0006
0.0009
0.0007
0.0006
0.0006
0.0007
0.0006
0.0008
0.0007
0.0009
0.0006
0.0007
0.0006
0.0006
0.0006
0.0008
0.0006
0.0006
0.0006
0.0005
0.0008
0.0007
0.0006
0.0007
0.0006
0.0005
0.0007
0.0006
0.0006
0.0005
0.0005
0.0006
0.0005
0.0005
0.0005
0.0006
0.001
0.0006
0.0006
0.0034
0.0006
0.0006
0.0008
0.0005
0.0006
0.0008
0.0007
0.0008
0.0005
0.0005
0.0008
0.0005
0.0006
0.0014
0.0006
0.0007
0.0008
0.0005
0.001
0.0008
0.0008
0.0008
0.0006
0.0006
0.0009
0.0006
0.0006
0.0006
0.0008
0.0008
0.0011
0.0008
0.0034
0.0007
0.0006
0.0008
0.0006
0.0008
0.0007
0.0006
0.0007
0.0006
0.0006
0.0008
0.0008
0.0007
0.0008
0.0007
0.0007
0.0009
0.0007
0.0006
0.0007
0.0007
0.0007
0.0009
0.0006
0.0008
0.0007
0.0006
0.0005
0.0006
0.0008
0.0007
0.0008
0.0006
0.0007
0.0007
0.0008
0.0006
0.0007
0.0006
0.0005
0.0008
0.0006
0.0005
0.0008
0.0007
0.0008
0.0007
0.0008
0.0006
0.0007
0.0007
0.0005
0.0005
0.0008
0.0008
0.0005
0.0008
0.0006
0.0005
0.0005
0.0008
0.0006
0.0007
0.0006
0.0005
0.0008
0.0005
0.0008
0.0007
0.0006
0.0006
0.0046
0.0007
0.0006
0.0005
0.0008
0.0006
0.0008
0.0006
0.0006
0.0005
0.0007
0.0008
0.0006
0.0006
0.0008
0.0007
0.0006
0.0006
0.0005
0.0008
0.0006
0.0006
0.0004
0.0005
0.0008
0.0008
0.0008
0.0007
0.0005
0.0008
0.0007
0.0006
0.0006
0.0006
0.0005
0.0005
0.0006
0.0008
0.0005
0.0009
0.0008
0.0007
0.0007
0.0008
0.0007
0.0007
0.0008
0.0008
0.0007
0.0006
0.0005
0.0008
0.0006
0.0005
0.0007
0.0008
0.0006
0.0006
0.0008
0.0007
0.0008
0.0007
0.0006
0.0005
0.0006
0.0007
0.0006
0.0008
0.0006
0.0005
0.0006
0.0006
0.0006
0.0013
0.0005
0.0005
0.0004
0.0009
0.0005
0.0008
0.0006
0.0007
0.0006
0.0005
0.0008
0.0006
0.0006
0.0005
0.0006
0.0008
0.0006
0.0006
0.0009
0.0006
0.0007
0.0007
0.0008
0.0006
0.0008
0.0009
0.0007
0.0007
0.0006
0.0006
0.0006
0.0008
0.0006
0.0005
0.0007
0.0005
0.0006
0.0005
0.0006
0.0006
0.0005
0.0007
0.0006
0.0006
0.0007
0.0008
0.0005
0.0006
0.0008
0.0009
0.0009
0.0008
0.0008
0.0008
0.0007
0.0009
0.0007
0.0007
0.0007
0.0008
0.0008
0.0008
0.0007
0.0008
0.0008
0.0008
0.0008
0.0008
0.0007
0.0007
0.0008
0.0008
0.0009
0.0008
0.0008
0.0007
0.0007
0.0007
0.0007
0.0008
0.0007
0.0008
0.0007
0.0008
0.0051
0.0008
0.0008
0.0008
0.0008
0.0007
0.0008
0.0006
0.0006
0.0008
0.0008
0.0006
0.0007
0.0008
0.0008
0.0009
0.0006
0.0009
0.0005
0.0006
0.0006
0.0008
0.0008
0.0005
0.0007
0.0008
0.0007
0.0009
0.0006
0.0006
0.0008
0.0005
0.0009
0.0007
0.0007
0.0008
0.0008
0.0007
0.0008
0.0008
0.0008
0.0008
0.0009
0.0007
0.0008
0.0007
0.0006
0.0008
0.0006
0.0006
0.0008
0.0007
0.0009
0.0006
0.0011
0.0008
0.0006
0.0006
0.0007
0.0008
0.0006
0.0006
0.0006
0.0008
0.0006
0.0007
0.0007
0.0006
0.0008
0.0006
0.0007
0.0007
0.0007
0.0008
0.0007
0.0008
0.0007
0.0006
0.0008
0.0007
0.0006
0.0006
0.0005
0.0008
0.0006
0.0008
0.0008
0.0007
0.0008
0.0006
0.0007
0.0007
0.0006
0.0007
0.0008
0.0008
0.0007
0.0007
0.0008
0.0006
0.0009
0.0008
0.0008
0.0007
0.0008
0.0006
0.0008
0.0005
0.0008
0.0008
0.0007
0.0006
0.0006
0.0006
0.0006
0.0009
0.0006
0.0006
0.0009
0.0007
0.0006
0.0008
0.0006
0.0006
0.0006
0.0007

----------------------
DxvaEncodeHEVC_Execute
----------------------
0.003
0.0014
31.9212
18.6939
5.0718
18.6867
4.6079
1.1034
5.2974
1.008
1.492
0.5551
2.0076
0.5069
1.9093
0.7883
0.0157
0.6111
0.0157
0.6222
0.0273
0.6165
0.016
0.6081
0.0168
0.6158
0.0148
0.61
0.0196
1.0698
0.0231
0.6022
0.0161
0.9718
0.0116
1.0042
0.0168
0.6042
0.0169
0.6285
0.0194
0.5903
0.0197
1.342
0.02
0.9915
0.0194
0.9848
0.0196
0.9866
0.0162
1.3459
0.0119
1.3474
0.0122
0.9235
0.0133
1.3223
0.0134
1.298
0.0147
0.4578
0.0138
0.9928
0.0141
0.9855
0.0135
0.8342
0.0144
0.9858
0.0138
0.8378
0.0132
0.9843
0.0133
0.8414
0.0134
0.9805
0.0139
0.8369
0.0137
0.986
0.0131
0.8359
0.0139
0.9688
0.0136
0.8343
0.015
0.9855
0.0138
1.3699
0.014
1.3112
0.0148
0.9516
0.0115
0.9398
0.0152
0.9883
0.0139
1.2855
0.0122
1.292
0.0128
0.9611
0.0123
1.1393
0.0171
0.9891
0.0144
1.2826
0.0122
0.9018
0.0149
0.9836
0.0136
1.2795
0.0116
0.94
0.0299
1.2744
0.0119
0.5485
0.0179
1.3227
0.0118
1.0206
0.0114
0.9218
0.0177
1.2895
0.0134
0.8973
0.0205
1.2855
0.0125
1.2807
0.0119
0.931
0.0175
1.2762
0.0122
0.9821
0.0141
0.9883
0.0132
1.3457
0.0126
1.3071
0.0136
1.2744
0.0117
0.9884
0.0118
1.2643
0.0115
1.2722
0.0121
0.9458
0.0153
0.9883
0.0138
1.3223
0.0126
0.9809
0.0365
0.9379
0.0137
0.99
0.0147
1.2874
0.0124
1.2809
0.0115
0.5753
0.0159
0.9265
0.0195
1.4487
0.0162
0.8136
0.0159
1.4689
0.0165
0.962
0.0172
0.9835
0.0141
1.3056
0.0125
1.3094
0.0149
0.9293
0.015
0.5759
0.02
0.6801
1.3209
0.0131
0.9734
0.0161
0.9714
0.0134
0.9777
0.0155
1.3025
0.0132
0.9779
0.0379
0.9814
0.0181
1.2978
0.0141
0.4688
0.0173
1.1212
0.0134
0.9912
0.0153
0.9343
0.0159
0.9476
0.0146
1.2985
0.0129
1.2897
0.0122
1.2837
0.0117
0.83
0.0171
0.988
0.0143
1.2571
0.0119
1.2743
0.0122
0.4766
0.0144
1.2831
0.0125
1.27
0.0117
1.2801
0.0117
0.4742
0.0172
1.1636
0.0141
0.9885
0.0153
0.6612
0.0134
0.6648
0.0142
0.6747
0.0141
0.451
0.0131
0.4864
0.014
0.4687
0.0128
0.4989
0.0361
0.4868
0.0123
0.5412
0.0144
0.5032
0.0136
0.4797
0.0137
0.5167
0.0135
0.483
0.015
0.4854
0.0152
0.4864
0.014
0.4637
0.0125
0.4671
0.0123
0.4726
0.0205
0.4899
0.0264
0.4352
0.0127
0.475
0.0131
0.4893
0.0157
0.4851
0.0144
0.4687
0.025
0.4352
0.0159
0.4157
0.0126
0.484
0.0209
0.4134
0.0121
0.3934
0.0122
0.4867
0.0147
0.4597
0.0121
0.4834
0.0149
0.4255
0.012
0.41
0.0123
0.4834
0.0151
0.4769
0.0147
0.5023
0.0184
0.412
0.0115
0.4903
0.0146
0.4608
0.0122
0.4839
0.0175
0.4125
0.012
0.4101
0.0124
0.4846
0.0153
0.4861
0.0148
0.4663
0.012
0.4569
0.0118
0.4886
0.0165
0.4245
0.0133
0.4161
0.0161
0.434
0.0134
0.4845
0.0149
0.4751
0.0126
0.4928
0.0193
0.419
0.0124
0.4828
0.0157
0.465
0.0125
0.4842
0.0157
0.417
0.0124
0.482
0.0152
0.4573
0.0127
0.4865
0.0151
0.4181
0.0119
0.4773
0.0149
0.4511
0.0118
0.4527
0.0115
0.4807
0.014
0.4272
0.0127
0.396
0.0125
0.4899
0.019
0.4824
0.0126
0.4277
0.0157
0.4905
0.0267
0.4126
0.0118
0.4043
0.0115
0.4813
0.015
0.4631
0.0122
0.4582
0.0116
0.427
0.0161
0.3962
0.0123
0.466
0.0139
0.4253
0.015
0.4835
0.0156
0.4233
0.0127
0.4602
0.0119
0.446
0.0156
0.4006
0.0236
0.473
0.0198
0.4894
0.0191
0.4576
0.0123
0.4511
0.0123
0.4871
0.015
0.4146
0.0244
0.4875
0.0173
0.4161
0.0121
0.4063
0.012
0.4925
0.0191
0.4614
0.0129
0.4523
0.0116
0.4971
0.0189
0.4516
0.012
0.4091
0.012
0.4907
0.0201
0.4127
0.0116
0.4871
0.0151
0.4852
0.013
0.4929
0.0189
0.4296
0.0127
0.395
0.0117
0.4142
0.0125
0.4848
0.0158
0.4186
0.0122
0.4098
0.0119
0.3919
0.0148
0.4221
0.0141
0.4819
0.0144
0.6394
0.0201
0.4572
0.0137
0.6344
0.0223
0.4369
0.0124
0.4507
0.0139
0.5356
0.016
0.4295
0.0148
0.4526
0.0139
0.4749
0.0217
0.4366
0.0152
0.4793
0.0184
0.4812
0.0141
0.4641
0.0155
0.4687
0.0144
0.4779
0.0214
0.4421
0.0213
0.519
0.0268
0.4463
0.0196
0.5535
0.0192
0.5133
0.0245
0.4835
0.0247
0.5436
0.0175
0.4226
0.0154
0.4321
0.0135
0.5091
0.0165
0.4957
0.0191
0.4446
0.0163
0.4237
0.0175
0.4953
0.0312
0.435
0.0151
0.4186
0.0121
0.4072
0.012
0.4889
0.0148
0.4446
0.0137
0.4606
0.0192
0.4141
0.012
0.4804
0.0147
0.4361
0.0156
0.4943
0.0229
0.4172
0.0117
0.4827
0.0157
0.4161
0.015
0.3954
0.0116
0.4875
0.0163
0.4114
0.0124
0.4057
0.0121
0.4819
0.0155
0.4161
0.012
0.4965
0.0164
0.469
0.0123
0.4881
0.0145
0.4232
0.0127
0.4861
0.0162
0.4206
0.0131
0.4147
0.0122
0.4088
0.0121
0.483
0.0157
0.4779
0.0155
0.4134
0.0121
0.4906
0.016
0.4106
0.013
0.4114
0.0151
0.4063
0.0121
0.485
0.0152
0.4281
0.0124
0.4864
0.0153
0.4235
0.0125
0.4072
0.012
0.4815
0.0148
0.4162
0.0118
0.4847
0.016
0.4849
0.0131
0.4732
0.0122
0.4589
0.0115
0.5175
0.0186
0.4256
0.013
0.4798
0.0182
0.4631
0.0115
0.4838
0.0146
0.4145
0.0125
0.4872
0.0157
0.4687
0.0131
0.4215
0.0149
0.409
0.012
0.409
0.0116
0.4829
0.0152
0.4181
0.012
0.4832
0.0136
0.4848
0.0153
0.4205
0.0123
0.4078
0.0122
0.4073
0.0121
0.3893
0.0114
0.489
0.0161
0.4053
0.0124
0.406
0.012
0.4095
0.0119
0.4057
0.0114
0.481
0.0147
0.4156
0.0123
0.4612
0.0144
0.4357
0.0155
0.3942
0.0121
0.4919
0.0203
0.4771
0.0147
0.4131
0.012
0.4036
0.012
0.4077
0.0126
0.3914
0.0124
0.4087
0.0118
0.4042
0.0121
0.4829
0.0149
0.4149
0.0123
0.4981
0.0271
0.4832
0.0144
0.4313
0.0128
0.4165
0.0121
0.4836
0.0153
0.4464
0.0155
0.4063
0.0119
0.4948
0.0142
0.4958
0.0138
0.43
0.0184
0.4159
0.0132
0.4053
0.0132
0.4621
0.0166
0.4331
0.0181
0.4121
0.0146
0.4489
0.0173
0.5369
0.0215
0.4363
0.0194
0.4101
0.0133
0.4948
0.0167
0.4843
0.0151
0.4801
0.0154
0.4258
0.0135
0.4064
0.0127
0.4102
0.0119
0.4073
0.012
0.4895
0.0154
0.4236
0.0154
0.4869
0.014
0.4077
0.0124
0.405
0.0117
0.4079
0.0117
0.4069
0.012
0.484
0.0146
0.4268
0.0154
0.4079
0.0119
0.4163
0.0122
0.3901
0.0117
0.493
0.0163
0.4144
0.0133
0.5036
0.0153
0.4153
0.013
0.4825
0.0157
0.4151
0.0125
0.4067
0.0119
0.5042
0.0167
0.4285
0.0159
0.4096
0.0124
0.4068
0.0117
0.4087
0.012
0.4881
0.0141
0.47
0.0128
0.4648
0.0119
0.4908
0.0146
0.4164
0.0121
0.4883
0.0155
0.4249
0.0127
0.486
0.0156
0.4194
0.0123
0.5038
0.0156
0.4888
0.0139
0.4969
0.0139
0.4336
0.0159
0.3984
0.0122
0.4175
0.0124
0.407
0.012
0.4585
0.0162
0.4258
0.0154
0.4072
0.0121
0.475
0.0154
0.4628
0.0237
0.4556
0.0117
0.4585
0.0117
0.4337
0.0156
0.4103
0.0122
0.405
0.0116
0.4895
0.0143
0.4147
0.0127
1.3396
0.015
0.9742
0.0158
0.9888
0.0332
0.9776
0.0128
1.3527
0.0147
1.1306
0.0173
0.9126
0.0141
0.9892
0.014
0.838
0.0145
0.9873
0.0141
0.8399
0.0142
0.9864
0.0141
0.8435
0.0174
0.6929
0.0135
0.9861
0.0133
0.8452
0.0137
0.985
0.0134
0.8411
0.014
0.9849
0.014
0.986
0.0137
0.9949
0.0131
0.8423
0.0135
0.9866
0.0138
0.8413
0.0135
0.984
0.0132
0.845
0.0135
0.9822
0.0135
0.8372
0.0141
0.9799
0.0142
0.8414
0.0165
1.3435
0.0138
0.989
0.0136
0.8418
0.0144
0.9832
0.0134
0.8433
0.0141
0.9086
0.014
1.337
0.0134
0.8407
0.0134
0.9876
0.014
0.8404
0.0141
0.9855
0.0137
0.8438
0.0143
1.0008
0.0137
0.8426
0.0175
0.986
0.0138
1.3538
0.014
0.9998
0.0124
0.9267
0.0161
1.2975
0.0127
0.9817
0.0156
0.9321
0.0187
0.9882
0.0136
1.2734
0.0115
0.9471
0.0223
0.9486
0.0149
0.9512
0.0138
0.9787
0.0136
1.3039
0.0129
0.9861
0.0387
1.2846
0.0121
1.2913
0.012
0.3891
0.0117
1.1915
0.0168
0.9883
0.0142
1.2786
0.0125
0.4646
0.0174
1.1966
0.0136
1.2911
0.0125
0.9843
0.0328
1.2808
0.0121
1.2802
0.0119
0.9379
0.0172
1.2712
0.0123
0.9126
0.0248
0.7963
0.0134
0.4769
0.014
0.4762
0.0145
0.472
0.0138
0.3984
0.0129
0.5165
0.017
0.4925
0.0155
0.5079
0.0133
0.4901
0.0173
0.4923
0.0196
0.4732
0.0126
0.4868
0.016
0.4788
0.016
0.4344
0.0124
0.453
0.0169
0.4239
0.0128
0.3991
0.0121
0.4756
0.015
0.4311
0.0154
0.5084
0.0236
0.4683
0.0128
0.4881
0.0177
0.4271
0.0135
0.4135
0.0119
0.4114
0.0129
0.4102
0.0123
0.4958
0.0188
0.4127
0.0176
0.4779
0.0157
0.458
0.0121
0.4888
0.0174
0.4215
0.0121
0.4797
0.0141
0.4336
0.0156
0.4067
0.012
0.4916
0.0238
0.4055
0.0117
0.4649
0.0124
0.439
0.0152
0.4119
0.0122
0.4932
0.0188
0.4117
0.0119
0.4834
0.0144
0.4131
0.0127
0.4759
0.0149
0.4853
0.018
0.4735
0.0147
0.4565
0.0125
0.4244
0.0158
0.4093
0.0121
0.4896
0.0184
0.4606
0.0118
0.4923
0.0173
0.4779
0.015
0.4283
0.0126
0.4839
0.0136
0.4003
0.0121
0.4826
0.0149
0.4738
0.0131
0.457
0.0126
0.4963
0.0148
0.4918
0.014
0.4902
0.0135
0.4843
0.0139
0.4613
0.0127
0.4925
0.0295
0.43
0.012
0.4946
0.0346
0.478
0.014
0.4759
0.0147
0.462
0.0136
0.431
0.013
0.4143
0.0119
0.4534
0.0147
0.4797
0.0123
0.4764
0.0159
0.4893
0.0179
0.4347
0.0125
0.419
0.0126
0.422
0.0125
0.4837
0.0147
0.4634
0.012
0.4932
0.0197
0.4198
0.0132
0.4155
0.0121
0.4832
0.0149
0.4327
0.0132
0.4107
0.0122
0.5021
0.0197
0.4095
0.012
0.4798
0.015
0.4341
0.0157
0.4233
0.0159
0.0104

----------------
First Frame Time
----------------
168.771

----------------------
HEVC_QueryStatusReport
----------------------
5.0606
4.6038
5.2953
1.4905
2.0061
1.9078
0.0145
0.0145
0.026
0.0147
0.0157
0.0135
0.0154
0.0219
0.015
0.0106
0.0156
0.0156
0.0182
0.0161
0.0189
0.0182
0.0179
0.0147
0.011
0.0113
0.0122
0.0122
0.0135
0.0127
0.0129
0.0122
0.0131
0.0124
0.0121
0.012
0.0122
0.0127
0.0126
0.012
0.0126
0.0122
0.0138
0.0126
0.0129
0.0111
0.0105
0.0141
0.0127
0.0111
0.0118
0.0114
0.0159
0.0132
0.0111
0.0136
0.0124
0.0107
0.0287
0.0109
0.0167
0.0109
0.0105
0.0165
0.0116
0.0192
0.0116
0.011
0.0162
0.0111
0.0128
0.012
0.0115
0.0126
0.0107
0.0109
0.0104
0.0112
0.0141
0.0126
0.0116
0.0352
0.0126
0.0131
0.0114
0.0105
0.0143
0.0176
0.0145
0.0148
0.0147
0.0158
0.0127
0.0116
0.0138
0.0138
0.0186
0.0119
0.0149
0.0122
0.0138
0.0119
0.0366
0.0132
0.013
0.0161
0.0122
0.014
0.0145
0.0132
0.0118
0.0111
0.0108
0.016
0.0131
0.0108
0.0111
0.0133
0.0114
0.0107
0.0107
0.016
0.0129
0.0141
0.0121
0.0131
0.0126
0.012
0.0128
0.0117
0.0348
0.0113
0.0132
0.0124
0.0124
0.0124
0.0138
0.0137
0.0128
0.0115
0.0113
0.0187
0.0241
0.0117
0.0121
0.0146
0.013
0.0239
0.015
0.0117
0.0193
0.0112
0.0113
0.0136
0.0111
0.0134
0.011
0.0114
0.0141
0.0135
0.0171
0.0106
0.0135
0.0113
0.016
0.011
0.0114
0.014
0.0133
0.0109
0.0109
0.0148
0.0122
0.015
0.0121
0.0134
0.0115
0.0178
0.0113
0.0143
0.0114
0.0143
0.0113
0.0143
0.0118
0.0136
0.0109
0.0139
0.0109
0.0105
0.0125
0.0116
0.0114
0.0176
0.0115
0.0147
0.0252
0.0109
0.0105
0.014
0.0112
0.0106
0.0152
0.0114
0.0129
0.0142
0.0144
0.0116
0.011
0.0146
0.0227
0.0187
0.0177
0.0114
0.0114
0.0136
0.0234
0.0158
0.011
0.0109
0.0176
0.0119
0.0106
0.0174
0.011
0.0109
0.0186
0.0106
0.0139
0.012
0.0176
0.0117
0.0107
0.0114
0.0143
0.0112
0.0109
0.0139
0.0129
0.0131
0.0148
0.0126
0.0204
0.0113
0.0129
0.0144
0.0136
0.0127
0.0204
0.014
0.0171
0.013
0.0143
0.0131
0.02
0.02
0.0256
0.0183
0.0181
0.0231
0.0236
0.0162
0.014
0.0124
0.0153
0.0179
0.0153
0.0165
0.0301
0.0141
0.0112
0.0109
0.0134
0.0124
0.0178
0.0111
0.0136
0.0145
0.0214
0.0108
0.0146
0.0139
0.0107
0.0151
0.0113
0.0112
0.014
0.0111
0.0151
0.0112
0.0131
0.0115
0.015
0.012
0.0112
0.011
0.0144
0.0142
0.0111
0.0149
0.012
0.0136
0.0111
0.0137
0.0113
0.014
0.0115
0.0111
0.0134
0.0109
0.0147
0.0119
0.0113
0.0107
0.0173
0.0119
0.0173
0.0105
0.0132
0.0115
0.0145
0.012
0.0138
0.011
0.0107
0.0138
0.0109
0.0126
0.0138
0.0112
0.0111
0.0111
0.0105
0.0148
0.0114
0.011
0.011
0.0104
0.0133
0.0111
0.0131
0.0144
0.0111
0.019
0.0134
0.011
0.0108
0.0116
0.0114
0.0108
0.0111
0.0133
0.0114
0.0208
0.0131
0.0117
0.011
0.0138
0.0141
0.0109
0.0128
0.0124
0.017
0.0121
0.0122
0.0154
0.0169
0.0136
0.0162
0.0201
0.0181
0.0123
0.0155
0.0135
0.0139
0.0124
0.0116
0.0108
0.011
0.0143
0.0144
0.0128
0.0114
0.0108
0.0108
0.0109
0.0136
0.0144
0.011
0.0113
0.0108
0.0149
0.0123
0.014
0.012
0.0142
0.0114
0.0108
0.0156
0.015
0.0113
0.0108
0.011
0.0128
0.0117
0.0108
0.0132
0.011
0.0141
0.0117
0.0142
0.0113
0.0144
0.0126
0.0119
0.0149
0.0113
0.0113
0.011
0.0151
0.0145
0.0111
0.0144
0.0207
0.0108
0.0107
0.0145
0.0112
0.0106
0.013
0.0115
0.014
0.0148
0.032
0.0117
0.0136
0.0162
0.0129
0.0128
0.0125
0.0129
0.013
0.0127
0.0158
0.0123
0.0121
0.0125
0.0122
0.0128
0.0129
0.0125
0.0119
0.0122
0.0126
0.0124
0.0121
0.0122
0.0122
0.013
0.013
0.0151
0.0126
0.0124
0.0133
0.0122
0.0128
0.0127
0.0122
0.0123
0.0128
0.0128
0.0123
0.0131
0.0126
0.0163
0.0126
0.0128
0.0113
0.0147
0.0117
0.0147
0.0174
0.0124
0.0105
0.0208
0.0134
0.0126
0.0123
0.0119
0.0376
0.0111
0.0109
0.0107
0.0157
0.0129
0.0115
0.0163
0.0124
0.0115
0.0317
0.0111
0.011
0.0156
0.0113
0.0236
0.0122
0.0128
0.0133
0.0125
0.0117
0.0155
0.014
0.0121
0.0162
0.0182
0.0115
0.0147
0.0145
0.0115
0.0158
0.0117
0.011
0.0139
0.0144
0.0221
0.0118
0.0163
0.0123
0.0109
0.0118
0.0113
0.0172
0.0166
0.0145
0.0111
0.016
0.0111
0.013
0.0145
0.0111
0.0224
0.0108
0.0115
0.0141
0.0113
0.0173
0.0108
0.0131
0.0116
0.014
0.0166
0.0133
0.0115
0.0149
0.0111
0.017
0.0108
0.0161
0.0136
0.0115
0.0125
0.011
0.0137
0.0121
0.0115
0.0136
0.0128
0.0123
0.0127
0.0116
0.0284
0.011
0.0334
0.0127
0.0132
0.0123
0.012
0.011
0.0133
0.0113
0.0147
0.0164
0.0114
0.0116
0.0116
0.0138
0.011
0.0181
0.0121
0.0112
0.0133
0.012
0.0112
0.0183
0.0111
0.0141
0.0146
0.015
0.0094

--------------------------------------
VideoDecoderBeginFrame_WDDM2_4_D3D11_1
--------------------------------------
0.008
0.0029
0.0026
0.0037
0.0056
0.0041
0.0059
0.0035
0.0036
0.0033
0.0025
0.0026
0.0035
0.0036
0.0022
0.0022
0.0029
0.0026
0.0022
0.0033
0.0019
0.0027
0.0027
0.0023
0.0023
0.0022
0.0026
0.0036
0.0044
0.0037
0.0032
0.0037
0.0037
0.0033
0.0037
0.0035
0.0038
0.0031
0.0038
0.0032
0.0036
0.0037
0.0051
0.0032
0.0036
0.0036
0.0039
0.0024
0.003
0.0031
0.0031
0.0039
0.0033
0.0036
0.0019
0.0033
0.0041
0.0034
0.003
0.0041
0.0035
0.0032
0.003
0.0034
0.0024
0.0019
0.0032
0.0035
0.0037
0.003
0.0035
0.0035
0.0031
0.0033
0.004
0.0033
0.0032
0.0036
0.0032
0.0036
0.0034
0.003
0.0029
0.0041
0.0033
0.003
0.0035
0.0036
0.0038
0.0034
0.0038
0.003
0.0035
0.0031
0.0064
0.0035
0.0038
0.0037
0.0036
0.0034
0.0032
0.0039
0.0039
0.0037
0.0032
0.0038
0.0031
0.0041
0.0029
0.0025
0.0037
0.0044
0.0032
0.0034
0.0039
0.0034
0.0036
0.0029
0.0041
0.0041
0.0034
0.0032
0.0037
0.0036
0.0031
0.0021
0.0032
0.0038
0.0026
0.0021
0.0026
0.003
0.0036
0.0037
0.0034
0.0041
0.0043
0.0034
0.004
0.0034
0.0029
0.0059
0.0032
0.003
0.0032
0.0034
0.0041
0.0032
0.004
0.003
0.0035
0.0032
0.0033
0.0035
0.0032
0.0029
0.003
0.0031
0.0029
0.0042
0.0029
0.0034
0.0023
0.0023
0.0035
0.0025
0.0041
0.0027
0.0038
0.0029
0.0028
0.0033
0.0038
0.003
0.0028
0.0045
0.0031
0.0029
0.0025
0.0039
0.0028
0.0035
0.0026
0.0036
0.0028
0.0039
0.0031
0.0039
0.0028
0.0037
0.0029
0.0031
0.003
0.0026
0.0041
0.003
0.0038
0.0036
0.0032
0.0037
0.0034
0.0031
0.0033
0.003
0.0031
0.0031
0.0031
0.0025
0.0029
0.0028
0.0036
0.004
0.0031
0.003
0.0034
0.0032
0.0034
0.003
0.0028
0.0044
0.003
0.0041
0.003
0.0034
0.0032
0.0031
0.0028
0.0038
0.0032
0.0029
0.0037
0.0028
0.0042
0.0027
0.0038
0.003
0.0026
0.0029
0.0039
0.003
0.003
0.0027
0.0039
0.0033
0.004
0.0347
0.0036
0.0042
0.0038
0.0028
0.0033
0.0032
0.0031
0.0034
0.0031
0.0027
0.0039
0.0034
0.0028
0.0031
0.0025
0.0023
0.0027
0.0028
0.0028
0.0024
0.0043
0.0024
0.0022
0.0023
0.0025
0.0018
0.0038
0.0029
0.0041
0.003
0.0033
0.0047
0.0033
0.0032
0.0039
0.0029
0.0037
0.0042
0.0031
0.0031
0.0025
0.003
0.0035
0.0031
0.004
0.0027
0.003
0.0028
0.003
0.0033
0.0032
0.0031
0.0044
0.0031
0.0041
0.0038
0.0031
0.0035
0.0037
0.003
0.0029
0.0037
0.0025
0.0039
0.0032
0.0027
0.0038
0.0025
0.0038
0.0033
0.0049
0.0025
0.0039
0.003
0.0029
0.0029
0.0039
0.0034
0.0031
0.0023
0.0028
0.0044
0.003
0.0038
0.003
0.0025
0.0037
0.0036
0.0033
0.0029
0.0028
0.0037
0.0032
0.0035
0.0029
0.0026
0.0041
0.0029
0.0029
0.0031
0.0025
0.0038
0.0035
0.004
0.0029
0.0029
0.0024
0.0044
0.003
0.0038
0.0032
0.0036
0.004
0.0031
0.003
0.0039
0.0041
0.0028
0.0034
0.0042
0.0038
0.004
0.0044
0.0036
0.0041
0.0047
0.0043
0.0041
0.0044
0.0032
0.0029
0.0023
0.0029
0.0016
0.0033
0.004
0.0044
0.0038
0.0026
0.0037
0.0029
0.0049
0.003
0.0045
0.0041
0.003
0.0029
0.0029
0.0024
0.0034
0.0031
0.0039
0.0029
0.0038
0.0031
0.0033
0.0038
0.0031
0.0038
0.0036
0.0029
0.0037
0.0029
0.0029
0.0032
0.0022
0.004
0.0028
0.0039
0.0032
0.003
0.004
0.0031
0.003
0.0026
0.0043
0.0031
0.0038
0.0037
0.0036
0.003
0.0028
0.003
0.0045
0.003
0.0033
0.0029
0.0036
0.0031
0.004
0.003
0.0032
0.0024
0.0025
0.0031
0.0038
0.003
0.003
0.0034
0.0038
0.0035
0.0031
0.0037
0.0036
0.0031
0.0037
0.0033
0.0029
0.0038
0.0032
0.003
0.0036
0.0036
0.0037
0.0038
0.0039
0.0037
0.0037
0.0031
0.0037
0.0035
0.004
0.0036
0.0039
0.0041
0.0038
0.0038
0.0035
0.0076
0.0035
0.0037
0.0031
0.0034
0.0038
0.0023
0.0019
0.0038
0.003
0.0039
0.0031
0.0041
0.0034
0.0033
0.0033
0.0033
0.0029
0.0033
0.0041
0.0031
0.0029
0.0025
0.0039
0.0037
0.003
0.0019
0.0037
0.0037
0.0035
0.0034
0.0035
0.0033
0.0034
0.0031
0.0029
0.0034
0.0039
0.0029
0.0035
0.004
0.0034
0.0033
0.0036
0.004
0.0034
0.0044
0.004
0.0031
0.003
0.003
0.0027
0.0029
0.0033
0.0034
0.0027
0.0038
0.0029
0.0029
0.003
0.0036
0.0038
0.0031
0.0031
0.0029
0.0038
0.0031
0.0032
0.003
0.0034
0.0038
0.0029
0.0034
0.0029
0.0034
0.0039
0.0028
0.0039
0.003
0.0037
0.0036
0.0039
0.003
0.0031
0.0035
0.0038
0.0031
0.0036
0.0039
0.0027
0.003
0.0026
0.0026
0.0039
0.0039
0.0033
0.0039
0.0059
0.0041
0.0035
0.0033
0.0031
0.0033
0.0043
0.0035
0.0032
0.003
0.0033
0.0039
0.0036
0.0033
0.0039
0.003
0.0031
0.0034
0.0031
0.0038
0.0032
0.0031
0.0034
0.0038
0.0031
0.0035
0.0036
0.0031
0.004

----------------------------
VideoDecoderEndFrame_D3D11_1
----------------------------
0.0346
0.054
0.0755
0.0058
0.0823
0.0033
0.0673
0.0033
0.0816
0.004
0.0596
0.003
0.0584
0.0044
0.0584
0.0031
0.0532
0.0026
0.0582
0.006
0.064
0.0086
0.0608
0.0024
0.0672
0.0023
0.0589
0.0019
0.069
0.0044
0.0666
0.0035
0.0587
0.0022
0.0602
0.0019
0.0607
0.0025
0.0557
0.0023
0.0585
0.0046
0.0647
0.0019
0.0598
0.0027
0.0555
0.0029
0.0591
0.0034
0.0567
0.0029
0.057
0.002
0.0584
0.0019
0.0588
0.0028
0.0543
0.0047
0.0022
0.0803
0.0025
0.0332
0.0026
0.0601
0.0027
0.0587
0.0026
0.0602
0.0026
0.0585
0.0026
0.0608
0.0026
0.0606
0.0028
0.056
0.0026
0.0602
0.0026
0.0593
0.0027
0.0622
0.0026
0.0768
0.0042
0.0615
0.0026
0.0594
0.0027
0.0555
0.058
0.0026
0.0613
0.0021
0.0019
0.0591
0.0028
0.0599
0.0026
0.0596
0.0022
0.0593
0.0019
0.0017
0.0551
0.0525
0.0023
0.0569
0.0027
0.0581
0.0019
0.0611
0.0027
0.0587
0.0025
0.0605
0.0018
0.0597
0.0026
0.0019
0.0767
0.0028
0.031
0.0547
0.0638
0.0662
0.0016
0.0034
0.0612
0.0027
0.0598
0.002
0.0605
0.0028
0.0608
0.0019
0.0592
0.0017
0.0604
0.0054
0.0594
0.0019
0.0589
0.0027
0.0576
0.0026
0.0596
0.0024
0.058
0.002
0.0582
0.0018
0.0017
0.0584
0.0017
0.0605
0.0018
0.0605
0.0025
0.0572
0.0026
0.0566
0.0019
0.0627
0.0026
0.0578
0.0026
0.0551
0.0026
0.0614
0.002
0.0592
0.0018
0.0591
0.0028
0.0544
0.0026
0.0836
0.0031
0.0583
0.0023
0.0593
0.0031
0.0582
0.0026
0.0623
0.0031
0.0583
0.0045
0.0607
0.0018
0.0696
0.0025
0.0835
0.0026
0.0823
0.0035
0.0556
0.0022
0.0697
0.0026
0.0728
0.0027
0.0683
0.003
0.0582
0.0023
0.055
0.0026
0.0627
0.0027
0.059
0.0019
0.0027
0.0602
0.0522
0.0023
0.0549
0.0026
0.0576
0.0026
0.0594
0.0027
0.0581
0.0023
0.0573
0.0021
0.059
0.0019
0.0598
0.0026
0.0574
0.0026
0.0596
0.0018
0.0601
0.0018
0.0586
0.0025
0.0563
0.0018
0.0607
0.0018
0.0017
0.0765
0.0025
0.032
0.0528
0.0027
0.0565
0.0027
0.0578
0.0028
0.0554
0.0027
0.0558
0.0025
0.055
0.0021
0.0519
0.0027
0.0591
0.0021
0.0549
0.0027
0.0601
0.002
0.065
0.0026
0.0591
0.0027
0.0558
0.0027
0.0563
0.0026
0.0654
0.0027
0.0571
0.0026
0.057
0.0024
0.0578
0.0077
0.0578
0.0019
0.0573
0.0023
0.0592
0.0026
0.0568
0.0021
0.0585
0.0021
0.0568
0.0025
0.0574
0.003
0.057
0.0024
0.0572
0.002
0.058
0.0018
0.0581
0.0026
0.0574
0.002
0.0019
0.0585
0.0573
0.0022
0.057
0.0019
0.0548
0.0077
0.0561
0.0029
0.0597
0.0019
0.0567
0.0021
0.0552
0.0028
0.0025
0.0545
0.0019
0.0573
0.0549
0.0022
0.0596
0.002
0.0617
0.0028
0.058
0.002
0.0578
0.0019
0.0546
0.0029
0.059
0.0025
0.0571
0.0019
0.0572
0.0019
0.0564
0.0027
0.057
0.0021
0.0573
0.002
0.0573
0.0019
0.0554
0.0026
0.0569
0.0022
0.0559
0.0027
0.0579
0.002
0.0541
0.0028
0.0585
0.002
0.0571
0.0028
0.0574
0.002
0.0578
0.0021
0.0564
0.0017
0.055
0.0029
0.0569
0.0019
0.058
0.0019
0.0571
0.0018
0.0578
0.0018
0.0572
0.003
0.0566
0.002
0.0019
0.058
0.056
0.0025
0.0569
0.002
0.0578
0.0019
0.0573
0.0025
0.0576
0.0017
0.058
0.0019
0.0592
0.0019
0.0571
0.0017
0.0569
0.0018
0.0582
0.0017
0.0017
0.0592
0.0562
0.0018
0.0561
0.0019
0.058
0.0031
0.0021
0.0575
0.0557
0.0018
0.0557
0.005
0.0018
0.0577
0.054
0.0018
0.0586
0.0027
0.0577
0.0019
0.0559
0.0018
0.0567
0.0029
0.0578
0.0021
0.0579
0.0026
0.0574
0.0019
0.0596
0.0017
0.0584
0.0027
0.0582
0.0017
0.0569
0.0017
0.0574
0.0033
0.0583
0.0019
0.0575
0.0019
0.0557
0.003
0.0563
0.0017
0.0564
0.003
0.057
0.0024
0.0568
0.0025
0.0585
0.0023
0.0018
0.0576
0.0552
0.0019
0.055
0.0067
0.0593
0.002
0.0585
0.0019
0.0018
0.0598
0.0559
0.0023
0.0672
0.0026
0.0577
0.0038
0.0578
0.0024
0.056
0.006
0.0586
0.0022
0.0715
0.0024
0.0628
0.0027
0.0588
0.0022
0.0601
0.0024
0.0563
0.0023
0.06
0.0024
0.0603
0.0024
0.0583
0.002
0.0558
0.002
0.0588
0.0023
0.056
0.0028
0.0539
0.0024
0.0585
0.0028
0.0562
0.0023
0.0612
0.0024
0.0608
0.0028
0.0568
0.0023
0.0591
0.0026
0.0683
0.002
0.06
0.0019
0.0556
0.0024
0.0547
0.0031
0.055
0.002
0.0026
0.0538
0.0545
0.002
0.0543
0.0021
0.0578
0.0021
0.0586
0.0018
0.0556
0.0027
0.0576
0.0025
0.0589
0.0023
0.0578
0.0019
0.0582
0.002
0.0568
0.002
0.0569
0.0029
0.0574
0.0019
0.0592
0.002
0.0584
0.0018
0.0017
0.0577
0.0567
0.0026
0.0575
0.0019
0.059
0.0018
0.0556
0.0028
0.0585
0.0019
0.0574
0.0029
0.0567
0.002
0.0557
0.0029
0.0022
0.0597
0.057
0.0025
0.0593
0.002
0.0581
0.0017
0.0582
0.0019
0.0558
0.0028
0.0573
0.0025
0.0573
0.0018
0.0572
0.003
0.0561
0.0018
0.0592
0.0018
0.0571
0.0017
0.0567
0.0028
0.0581
0.002
0.0548
0.0026
0.0569
0.0018
0.0596
0.0017
0.0552
0.0028
0.0588
0.0019
0.0549
0.0028
0.0572
0.0022
0.0582
0.002
0.0571
0.0019
0.0565
0.0065
0.0588
0.0022
0.0581
0.0018
0.0579
0.0018
0.0564
0.0029
0.0562
0.0019
0.0578
0.0022
0.0582
0.0019
0.0019
0.061
0.0545
0.0019
0.0565
0.0019
0.0563
0.0026
0.0582
0.0018
0.058
0.002
0.0547
0.0031
0.0569
0.0019
0.0564
0.0018
0.0575
0.0018
0.0018
0.0591
0.0649
0.0027
0.0573
0.0019
0.0579
0.0018
0.0596
0.0018
0.058
0.0017
0.0558
0.0026
0.0571
0.0023
0.0579
0.0021
0.0579
0.0021
0.0017
0.0588
0.0561
0.0026
0.0571
0.0026
0.0593
0.0018
0.0583
0.0018
0.0596
0.0017
0.0017
0.0592
0.0549
0.0019
0.0582
0.0018
0.0555
0.0025
0.057
0.0017
0.0626
0.0039
0.0586
0.0027
0.0582
0.0022
0.0582
0.0021
0.0595
0.0028
0.0586
0.0026
0.0577
0.0019
0.0578
0.0028
0.0572
0.0026
0.0583
0.002
0.0568
0.0019
0.0581
0.0018
0.0586
0.0024
0.0564
0.0019
0.0595
0.0018
0.0602
0.002
0.0591
0.0025
0.0592
0.0017
0.0594
0.0018
0.0563
0.0029
0.062
0.0028
0.0557
0.0026
0.002
0.0562
0.0549
0.002
0.0579
0.0017
0.0567
0.0018
0.0581
0.0022
0.0592
0.0019
0.0557
0.0028
0.0575
0.0019
0.0576
0.0016
0.0581
0.0019
0.0579
0.0017
0.058
0.002
0.0581
0.0027
0.0565
0.0017
0.0572
0.0018
0.0016
0.0587
0.0558
0.0027
0.0581
0.0018
0.056
0.0028
0.0586
0.0019
0.0545
0.0027
0.0592
0.0019
0.0581
0.0018
0.0574
0.0024
0.0596
0.0019
0.0594
0.0019
0.0581
0.0017
0.0596
0.0019
0.0563
0.0028
0.058
0.0021
0.0559
0.0019
0.0569
0.0027
0.0572
0.0018
0.0567
0.0026
0.06
0.0022
0.0564
0.0028
0.0592
0.0018
0.0616
0.0028
0.0565
0.0027
0.0589
0.0025
0.0577
0.0019
0.0019
0.062
0.0552
0.0019
0.0562
0.0019
0.0587
0.0022
0.0577
0.0018
0.059
0.0017
0.0585
0.002
0.0579
0.0019
0.0571
0.0018
0.0595
0.0019
0.0578
0.0021
0.057
0.0019
0.0574
0.0018
0.0556
0.0027
0.0589
0.0019
0.0692
0.0017
0.0566
0.002
0.0566
0.0026
0.0599
0.0017
0.0023
0.0573
0.0522
0.0024
0.0599
0.0028
0.0579
0.0028
0.059
0.0026
0.0571
0.0026
0.0582
0.0026
0.0595
0.0027
0.0598
0.0031
0.06
0.0026
0.0595
0.0027
0.0593
0.0027
0.0608
0.0026
0.0619
0.0026
0.0597
0.0027
0.0593
0.0026
0.0601
0.0028
0.0596
0.0026
0.0587
0.0028
0.0596
0.0028
0.0587
0.0027
0.058
0.0027
0.0615
0.0026
0.0605
0.0026
0.0563
0.0027
0.0604
0.0028
0.0587
0.0026
0.0587
0.0026
0.0612
0.0027
0.0618
0.0027
0.0594
0.0027
0.0688
0.0035
0.0615
0.0026
0.0579
0.0026
0.0584
0.0026
0.0592
0.0025
0.0602
0.0026
0.0592
0.007
0.0591
0.0027
0.0585
0.0027
0.0595
0.0025
0.0613
0.0559
0.0517
0.0026
0.0022
0.061
0.0027
0.0577
0.002
0.0018
0.0592
0.0028
0.0567
0.0026
0.0539
0.002
0.0592
0.0027
0.06
0.0028
0.0571
0.0027
0.0555
0.0027
0.0588
0.0021
0.06
0.0027
0.0641
0.0018
0.002
0.0747
0.0017
0.032
0.0528
0.0024
0.0587
0.0027
0.0017
0.0759
0.0031
0.031
0.0542
0.0026
0.0554
0.0021
0.0611
0.0027
0.0596
0.0019
0.0606
0.0018
0.0587
0.0026
0.0595
0.0017
0.0588
0.0028
0.0554
0.0025
0.0599
0.0027
0.06
0.0027
0.0582
0.0027
0.0586
0.002
0.0586
0.0031
0.0608
0.0026
0.0596
0.0027
0.0572
0.0026
0.0585
0.0027
0.0646
0.0024
0.0589
0.0026
0.0595
0.0025
0.0571
0.0022
0.0576
0.0022
0.0603
0.0021
0.0019
0.0578
0.0562
0.0023
0.0585
0.0022
0.0596
0.0027
0.0567
0.002
0.0582
0.0029
0.0585
0.0021
0.0589
0.0018
0.0594
0.0018
0.0602
0.007
0.0591
0.0027
0.0573
0.0019
0.0584
0.0019
0.0554
0.0018
0.0564
0.0028
0.0575
0.0018
0.0731
0.0022
0.0578
0.0019
0.0573
0.0018
0.0572
0.0026
0.0568
0.0017
0.0572
0.002
0.0576
0.002
0.0589
0.0018
0.0583
0.0026
0.0566
0.0018
0.0555
0.0028
0.0569
0.0026
0.0599
0.0019
0.0591
0.0025
0.0566
0.0026
0.0584
0.0019
0.0581
0.0018
0.0599
0.0017
0.0591
0.0026
0.0575
0.0018
0.056
0.0028
0.0572
0.0026
0.0585
0.0019
0.0541
0.0026
0.0018
0.0567
0.0712
0.0027
0.0589
0.0022
0.0573
0.0021
0.0587
0.0026
0.0573
0.0027
0.0778
0.0028
0.059
0.0027
0.0585
0.0022
0.059
0.0027
0.0588
0.0018
0.0595
0.0028
0.0561
0.0026
0.057
0.0025
0.0602
0.0026
0.0559
0.0023
0.0594
0.002
0.0575
0.0025
0.0581
0.0018
0.0582
0.0028
0.0575
0.0027
0.0572
0.0023
0.0578
0.0019
0.0578
0.0019
0.0589
0.0019
0.0574
0.0017
0.0587
0.0057
0.0579
0.0021
0.0577
0.0018
0.0537
0.0028
0.0593
0.0023
0.0584
0.002
0.0578
0.0027
0.059
0.0018
0.0586
0.0018
0.0584
0.0021
0.0021

---------------------------------
VideoDecoderSubmitBuffers_D3D11_1
---------------------------------
11.0227
2.6929
4.8537
3.5415
9.5112
5.9999
0.9102
0.8952
0.7018
0.6928
1.5292
1.5307
1.461
1.586
1.4724
1.5263
1.5117
1.1349
0.9693
1.5061
1.088
1.462
1.5466
1.0181
0.5578
0.9628
0.9504
0.9411
0.5902
0.642
0.8416
0.6294
0.9777
0.9247
0.9587
0.9587
0.9543
0.9677
0.9535
0.9382
0.9586
0.9578
0.9514
0.9629
0.9542
0.9573
0.9552
0.5166
0.6048
0.6511
0.9341
0.9376
0.6415
0.6128
0.5097
0.9377
0.942
0.6561
0.9465
0.9401
0.6443
0.9394
0.9569
0.5547
0.4996
0.7404
0.662
0.9499
0.6455
0.946
0.6469
0.6465
0.9335
0.6694
0.9566
0.9292
0.586
0.6164
0.6526
0.6616
0.6537
0.9318
0.8159
0.6054
0.9314
0.9349
0.9532
0.64
0.6682
0.5981
0.9685
0.6021
0.9596
0.605
0.9364
0.9697
0.6169
0.6101
2.0015
1.5468
0.9899
0.6016
0.9477
0.9432
0.9685
0.6384
0.9356
0.9411
1.0661
0.5046
0.9581
0.9429
0.9524
0.9527
0.6264
0.6564
0.6678
0.9601
0.9477
0.6667
2.1144
0.5486
0.608
0.6567
0.9978
0.5066
0.9282
1.4207
1.4014
1.4044
2.0066
0.5525
0.5642
0.5666
0.5627
0.6833
0.5752
0.5586
0.554
0.5624
0.5193
0.5938
0.571
0.579
0.574
0.5648
0.5602
0.571
0.5684
0.5263
0.5725
0.5716
0.5671
0.5663
0.5606
0.5801
0.5145
0.565
0.5203
0.6031
0.5728
0.5705
0.5042
0.5229
0.5827
0.5222
0.5571
0.5222
0.5929
0.565
0.5112
0.5756
0.5578
0.5698
0.5254
0.5982
0.5709
0.5621
0.506
0.5741
0.5463
0.5627
0.5092
0.5754
0.5106
0.5708
0.5667
0.568
0.5105
0.5846
0.5693
0.5648
0.5582
0.5032
0.5952
0.5784
0.5313
0.5611
0.5669
0.5666
0.5533
0.6048
0.565
0.5633
0.5635
0.5694
0.5785
0.5166
0.5652
0.5171
0.5636
0.5083
0.568
0.5709
0.5064
0.5282
0.566
0.5629
0.5153
0.6014
0.5678
0.5644
0.5662
0.5645
0.5604
0.5618
0.5161
0.5683
0.599
0.5116
0.5787
0.5127
0.5707
0.5403
0.5581
0.5789
0.5145
0.5369
0.5647
0.5697
1.7701
0.5244
0.5603
0.569
0.615
0.5402
0.6352
0.5728
0.6037
0.5646
0.5244
0.5842
0.548
0.5833
0.7811
0.5987
0.5594
0.6056
0.5289
0.5533
0.5355
0.5424
0.5873
0.5642
0.5667
0.5276
0.5619
0.5297
0.5135
0.5549
0.5283
0.4901
0.5551
0.5093
0.5561
0.5298
0.5677
0.6058
0.567
0.571
0.5597
0.5207
0.5749
0.568
0.5675
0.5775
0.5474
0.5661
0.5693
0.5378
0.5634
0.5124
0.5508
0.5126
0.5897
0.5386
0.5589
0.5656
0.5615
0.5162
0.5946
0.5603
0.5275
0.5735
0.5646
0.5645
0.5358
0.5644
0.5105
0.5658
0.5669
0.5114
0.5629
0.501
0.5707
0.5667
0.567
0.5394
0.5632
0.5715
0.5616
0.5036
0.5725
0.5748
0.565
0.5761
0.5102
0.5682
0.5152
0.5666
0.5675
0.5093
0.5749
0.5691
0.5701
0.5809
0.5415
0.5544
0.5706
0.562
0.5631
0.5358
0.5976
0.5732
0.5667
0.5748
0.5433
0.5692
0.5601
0.5683
0.567
0.5807
0.5058
0.5652
0.5178
0.5701
1.0767
0.5743
0.561
0.5713
0.515
0.5874
0.5626
0.5155
0.5685
0.6085
0.5802
0.5964
0.5933
0.5708
0.5992
0.6122
0.6013
0.5851
0.6154
0.5337
0.5355
0.5066
0.5314
0.4938
0.5665
0.5711
0.5698
0.5692
0.509
0.5694
0.5656
0.5709
0.5647
0.5881
0.5686
0.5659
0.5211
0.5831
0.5419
0.5686
0.5482
0.5984
0.5093
0.5716
0.5649
0.5696
0.5723
0.5634
0.5677
0.5679
0.5352
0.5737
0.5627
0.5077
0.5734
0.5017
0.566
0.5162
0.5677
0.575
0.5238
0.5674
0.5642
0.585
0.5207
0.5661
0.5792
0.5678
0.562
0.5703
0.5641
0.5625
0.6169
0.5705
0.5673
0.57
0.5115
0.5599
0.7451
0.5868
0.9264
0.9416
0.5959
0.5028
0.9732
0.9614
0.9696
0.9622
0.9574
0.9552
0.952
1.4049
0.9394
0.9495
0.9596
0.9598
0.9614
0.9168
0.9518
0.947
0.9693
0.9583
0.9586
0.9583
0.96
0.9586
0.9567
0.9565
0.9689
0.6165
0.9532
0.9531
0.9542
0.9578
0.9354
0.6458
0.9559
0.9561
0.9531
0.9506
0.9562
0.9405
0.9384
0.9531
0.4939
0.4874
0.6121
0.9334
0.6063
0.9505
0.9394
0.6773
0.9445
0.9537
0.9306
0.8131
0.6353
0.9324
0.6322
0.6705
0.5029
0.9535
0.9284
1.014
0.5054
0.9679
0.6387
0.9139
0.6516
0.6487
0.951
0.656
1.1178
1.4581
0.5762
0.5639
0.555
0.5643
0.6005
0.5718
0.575
0.5653
0.5662
0.5443
0.6023
0.5874
0.5708
0.5723
0.5883
0.5183
0.5753
0.578
0.5626
0.5288
0.5988
0.5748
0.5676
0.5816
0.5766
0.5708
0.5764
0.564
0.5213
0.5718
0.5829
0.5711
0.5731
0.574
0.5605
0.5202
0.5742
0.5649
0.5737
0.5665
0.5157
0.5716
0.5657
0.5608
0.5598
0.5852
0.5685
0.5711
0.5748
0.5622
0.5232
0.5734
0.5618
0.5176
0.5758
0.5413
0.5389
0.5662
0.5635
0.5228
0.5676
0.5685
0.5585
0.5687
0.5597
0.5725
0.5568
0.5516
0.5892
0.5685
0.5674
0.5763
0.5649
0.5711
0.5673
0.5615
0.5644
0.5719
0.5707
0.5668
0.5638
0.552
0.5643
0.5429
0.5743
0.5655
0.5785
0.5622
0.5716
0.5702

