--------------------------
CreateVideoDecoder_D3D11_1
--------------------------
22.5533
20.3537
16.6114

---------------------------
DestroyVideoDecoder_D3D11_1
---------------------------
13.3437
13.2145
0

----------------
First Frame Time
----------------
0

----------------------------
VideoDecoderEndFrame_D3D11_1
----------------------------
0.0036
0.0034
0.0037
0.0032
0.0028
0.0017
0.0033
0.0024
0.003
0.0039
0.0024
0.0027
0.0024
0.0049
0.0024
0.0025
0.0027
0.0028
0.0018
0.0058
0.0023
0.0021
0.0018
0.0025
0.0016
0.0015
0.002
0.0019
0.0038
0.0015
0.0024
0.0023
0.003
0.002
0.0019
0.0032
0.0032
0.0031
0.0029
0.0037
0.002
0.0023
0.0058
0.0025
0.0028
0.0023
0.0021
0.0017
0.0025
0.0025
0.0023
0.0023
0.0025
0.0022
0.0028
0.0024
0.002
0.0019
0.0014
0.0025
0.0024
0.0032
0.0025
0.0058
0.003
0.0026
0.0025
0.0023
0.0024
0.0023
0.0025
0.0024
0.0032
0.0024
0.0026
0.0024
0.0026
0.0024
0.0033
0.0034
0.0023
0.0026
0.0023
0.0026
0.0025
0.0024
0.0027
0.0024
0.0025
0.0023
0.0025
0.0027
0.0022
0.0023
0.0061
0.0029
0.0026
0.0023
0.0023
0.0026
0.0028
0.0028
0.0025
0.0025
0.0034
0.0026
0.0031
0.0027
0.0028
0.0024
0.0025
0.0023
0.0024
0.0026
0.0025
0.0027
0.0024
0.0024
0.0027
0.0027
0.0024
0.0026
0.0025
0.0025
0.0025
0.0022
0.0023
0.0027
0.0024
0.0028
0.0025
0.0026
0.003
0.0023
0.0025
0.0024
0.0026
0.0026
0.0026
0.0024
0.0025
0.0052
0.0025
0.0024
0.0027
0.0026
0.0026
0.0023
0.0025
0.0025
0.0022
0.0026
0.0024
0.0021
0.0027
0.0027
0.0023
0.0023
0.0018
0.0026
0.0016
0.0025
0.0024
0.0027
0.0024
0.0017
0.0015
0.0028
0.0025
0.0029
0.0025
0.0024
0.0028
0.0026
0.0024
0.0025
0.0027
0.0023
0.0025
0.0023
0.0028
0.0024
0.0024
0.0026
0.0028
0.0027
0.0031
0.0019
0.0024
0.0023
0.0024
0.0026
0.0025
0.0025
0.0026
0.0024
0.0028
0.0027
0.0025
0.0025
0.0025
0.0025
0.0028
0.0025
0.0032
0.0026
0.0028
0.0027
0.0023
0.0023
0.0022
0.0168
0.0026
0.0025
0.0026
0.0022
0.0027
0.0024
0.0022
0.0023
0.003
0.0026
0.0024
0.0025
0.0023
0.0024
0.0025
0.0028
0.0024
0.0025
0.0024
0.0031
0.0028
0.0025
0.0024
0.0024
0.0022
0.0026
0.0023
0.003
0.0024
0.0025
0.0028
0.0025
0.0024
0.0024
0.0026
0.0023
0.0023
0.0024
0.0023
0.0024
0.0029
0.0026
0.0023
0.0023
0.0027
0.0025
0.0024
0.0025
0.0025
0.0024
0.0024
0.0024
0.0025
0.0025
0.0024
0.0026
0.0031
0.0025
0.0025
0.0024
0.0026
0.0023
0.0022
0.0029
0.0023
0.0024
0.0026
0.0024
0.0024
0.0029
0.0024
0.0024
0.0029
0.0024
0.0033
0.0024
0.0024
0.0023
0.0019
0.0018
0.0019
0.0014
0.0014
0.0015
0.0025
0.0023
0.0027
0.0024
0.0023
0.0025
0.0024
0.0103
0.0024
0.0027
0.0023
0.0026
0.0021
0.0025
0.0023
0.0026
0.0025
0.0026
0.0026
0.0025
0.0272
0.0028
0.0028
0.0024
0.0023
0.0023
0.002
0.0021
0.0021
0.0014
0.0022
0.0018
0.0018
0.0026
0.0017
0.0024
0.0131
0.0025
0.0026
0.0025
0.0018
0.0019
0.0015
0.0025
0.0023
0.0025
0.0029
0.0024
0.0027
0.0025
0.0028
0.0023
0.0024
0.0028
0.0026
0.0029
0.0024
0.0026
0.0026
0.0023
0.0029
0.0026
0.0026
0.0026
0.0024
0.0032
0.0024
0.0025
0.0031
0.0027
0.0025
0.0032
0.0025
0.0025
0.0023
0.0025
0.0023
0.0024
0.0027
0.0023
0.0024
0.0026
0.0027
0.0027
0.0024
0.0025
0.0028
0.0027
0.0029
0.0024
0.0026
0.0024
0.0024
0.0027
0.0028
0.0024
0.0024
0.0028
0.0024
0.0025
0.0021
0.0023
0.0024
0.0025
0.0024
0.0025
0.0023
0.0026
0.0027
0.0026
0.0025
0.0026
0.0025
0.0026
0.0027
0.0025
0.0026
0.0027
0.0023
0.0024
0.0026
0.0024
0.0031
0.0025
0.003
0.0023
0.0024
0.0028
0.0026
0.0027
0.0027
0.0024
0.0026
0.0025
0.0022
0.0025
0.0029
0.0028
0.002
0.0026
0.0025
0.0024
0.0025
0.0025
0.0024
0.0034
0.0025
0.0026
0.003
0.0026
0.0024
0.0023
0.0028
0.0027
0.0025
0.0025
0.0027
0.0029
0.0023
0.0025
0.0028
0.0025
0.0025
0.0031
0.0024
0.0025
0.0022
0.0029
0.0023
0.0023
0.0024
0.0027
0.0023
0.0027
0.0025
0.0027
0.003
0.0024
0.0296
0.0023
0.0021
0.0017
0.0015
0.0018
0.003
0.0024
0.0031
0.0026
0.0025
0.0024
0.0024
0.0025
0.0023
0.0024
0.0027
0.0025
0.0027
0.0032
0.0024
0.0023
0.0131
0.0023
0.0025
0.0025
0.0026
0.0029
0.0035
0.0022
0.0018
0.0015
0.0013
0.0026
0.0026
0.0027
0.0024
0.0023
0.0024
0.0024
0.0024
0.0026
0.0028
0.0028
0.002
0.0015
0.0018
0.0019
0.0024
0.0026
0.0023
0.0022
0.0029
0.0023
0.0023
0.0022
0.0018
0.0018
0.0018
0.0026
0.0022
0.0026
0.0024
0.0025
0.0025
0.0025
0.0025
0.0023
0.0024
0.0023
0.0026
0.0028
0.0024
0.0028
0.0026
0.0024
0.0025
0.0027
0.0026
0.0024
0.0025
0.0024
0.0018
0.0015
0.0016
0.0021
0.0017
0.0032
0.0024
0.0024
0.0023
0.0023
0.0024
0.0026
0.0025
0.004
0.0024
0.0025
0.0025
0.0024
0.0026
0.0024
0.0025
0.0027
0.0024
0.0024
0.0028
0.0025
0.0026
0.0026
0.0024
0.0025
0.0025
0.0027
0.0026
0.0026
0.0033
0.0022
0.0025
0.003
0.0025
0.0026
0.0024
0.0025
0.0026
0.0028

