--------------------------
CreateVideoDecoder_D3D11_1
--------------------------
21.9353
18.0716
13.442

---------------------------
DestroyVideoDecoder_D3D11_1
---------------------------
13.6279
14.4183
0

----------------
First Frame Time
----------------
0

----------------------------
VideoDecoderEndFrame_D3D11_1
----------------------------
0.0033
0.0024
0.0023
0.0022
0.0023
0.0016
0.0023
0.0014
0.0012
0.0025
0.0012
0.0019
0.0019
0.0034
0.0019
0.0018
0.002
0.0018
0.0018
0.0036
0.0018
0.0018
0.0019
0.0019
0.0019
0.0019
0.0021
0.0018
0.0038
0.0018
0.0019
0.0019
0.0019
0.0019
0.0019
0.0019
0.0018
0.0023
0.0018
0.0019
0.0018
0.0018
0.0038
0.002
0.0019
0.0019
0.0017
0.0019
0.002
0.0018
0.0019
0.0019
0.0018
0.002
0.0019
0.002
0.0018
0.0019
0.0019
0.0019
0.0018
0.0019
0.0018
0.0037
0.002
0.002
0.0019
0.0018
0.0018
0.0019
0.0019
0.0018
0.0019
0.0019
0.0018
0.0023
0.002
0.0018
0.002
0.0019
0.002
0.0018
0.0019
0.0018
0.0019
0.0019
0.0028
0.0027
0.0035
0.002
0.0024
0.0021
0.0022
0.002
0.0045
0.0022
0.0018
0.002
0.0018
0.0019
0.002
0.0021
0.002
0.0018
0.0019
0.0019
0.0019
0.002
0.0018
0.0018
0.0018
0.0019
0.0019
0.0019
0.0018
0.0018
0.0019
0.0019
0.0021
0.0018
0.0018
0.0018
0.0019
0.0018
0.002
0.0018
0.0019
0.0019
0.0019
0.0019
0.0019
0.0018
0.0019
0.0019
0.002
0.002
0.0018
0.0018
0.0019
0.0019
0.0021
0.0041
0.002
0.0019
0.0019
0.0024
0.002
0.0024
0.0018
0.0018
0.0019
0.0019
0.0018
0.0018
0.0019
0.0019
0.002
0.0019
0.0019
0.0018
0.0018
0.0021
0.0019
0.0019
0.0019
0.0019
0.0019
0.002
0.0018
0.0019
0.0019
0.0018
0.0022
0.0019
0.0019
0.0018
0.0019
0.0022
0.002
0.0018
0.0019
0.0019
0.0019
0.0019
0.0018
0.0018
0.0019
0.0019
0.002
0.0018
0.0025
0.0021
0.0018
0.0018
0.0019
0.0018
0.0018
0.0018
0.0019
0.002
0.0019
0.0018
0.0018
0.0018
0.002
0.0018
0.0018
0.0018
0.0019
0.0019
0.0018
0.0048
0.0018
0.0019
0.0018
0.002
0.0018
0.0018
0.0019
0.0018
0.0019
0.0021
0.0018
0.0019
0.0017
0.0019
0.0022
0.0019
0.0019
0.0019
0.0018
0.0025
0.0018
0.0019
0.0018
0.0019
0.0018
0.003
0.0018
0.0019
0.002
0.0019
0.002
0.0019
0.0019
0.0018
0.0018
0.0019
0.0019
0.0019
0.0018
0.0019
0.0018
0.0021
0.0019
0.0018
0.0019
0.0018
0.0022
0.0019
0.0018
0.0018
0.0018
0.0018
0.002
0.0019
0.0019
0.0019
0.0019
0.002
0.0019
0.0026
0.0021
0.0019
0.0018
0.002
0.0019
0.0018
0.0019
0.0018
0.002
0.0018
0.0019
0.0018
0.0018
0.0021
0.0018
0.0019
0.0018
0.0019
0.0018
0.0023
0.0019
0.0019
0.0019
0.0018
0.0021
0.0018
0.0018
0.0019
0.0018
0.0018
0.0022
0.0019
0.0019
0.0016
0.002
0.002
0.0021
0.0019
0.002
0.0017
0.0019
0.0019
0.0019
0.0018
0.0214
0.0018
0.0019
0.0019
0.0018
0.0018
0.0018
0.002
0.0019
0.0018
0.0019
0.0019
0.0018
0.0022
0.0018
0.0019
0.0018
0.0019
0.0019
0.0019
0.0018
0.0018
0.0019
0.0021
0.002
0.0019
0.0018
0.0019
0.0019
0.0023
0.0018
0.0019
0.0019
0.0018
0.0021
0.0018
0.0018
0.0019
0.0019
0.0019
0.0019
0.0019
0.0023
0.0018
0.0018
0.0021
0.0018
0.0018
0.0018
0.0019
0.0025
0.0019
0.0018
0.0018
0.0018
0.0023
0.002
0.0018
0.0019
0.0018
0.0018
0.0021
0.0019
0.0018
0.0019
0.0018
0.0021
0.002
0.0018
0.0018
0.0019
0.0019
0.0023
0.0019
0.0019
0.0018
0.0019
0.0021
0.0018
0.0018
0.002
0.0018
0.0019
0.0019
0.0018
0.0019
0.002
0.0019
0.0021
0.0018
0.0019
0.0019
0.0019
0.002
0.0018
0.0018
0.0018
0.0018
0.002
0.002
0.0019
0.0019
0.0018
0.0018
0.002
0.0019
0.0019
0.0019
0.0019
0.0019
0.0019
0.0018
0.002
0.0018
0.0018
0.002
0.0019
0.0019
0.0019
0.0019
0.0021
0.002
0.0019
0.002
0.0027
0.002
0.0019
0.0018
0.0019
0.0019
0.0018
0.002
0.0018
0.0019
0.0019
0.0018
0.0019
0.002
0.0021
0.0018
0.0019
0.0019
0.0022
0.0018
0.0019
0.0019
0.0019
0.0026
0.002
0.002
0.0027
0.002
0.0023
0.0021
0.0019
0.0018
0.0019
0.0019
0.023
0.0019
0.0018
0.0019
0.002
0.0019
0.002
0.0018
0.0019
0.0019
0.0019
0.0022
0.0019
0.0018
0.0019
0.0018
0.0019
0.0019
0.0018
0.0018
0.0018
0.0019
0.0026
0.0019
0.0018
0.0018
0.0019
0.002
0.0019
0.0018
0.0019
0.0019
0.0019
0.002
0.0019
0.0019
0.0019
0.0018
0.0019
0.0018
0.0019
0.0019
0.0019
0.0021
0.002
0.0019
0.0019
0.0018
0.0018
0.0019
0.002
0.0019
0.0018
0.0024
0.0021
0.0018
0.0018
0.0019
0.0019
0.0021
0.0019
0.0019
0.0018
0.0019
0.0019
0.0019
0.0019
0.0019
0.0019
0.0018
0.002
0.0019
0.0019
0.0019
0.0019
0.0018
0.0021
0.0088
0.0019
0.0018
0.0019
0.0023
0.0019
0.0018
0.0019
0.0018
0.002
0.002
0.0018
0.0019
0.0018
0.0018
0.0019
0.0019
0.0019
0.0019
0.0019
0.0021
0.0019
0.0018
0.0019
0.0018
0.0019
0.002
0.0019
0.0018
0.0019
0.0018
0.002
0.0019
0.0019
0.0019
0.0019
0.0019
0.0019
0.0019
0.0019
0.0019
0.0019
0.002
0.0019
0.0018
0.0019
0.0019
0.0022
0.0019

