---------------------------------------------
CalcPrivateVideoDecoderOutputViewSize_D3D11_1
---------------------------------------------
0.002
0.0013
0.0014
0.0011
0.0014
0.0016
0.0021
0.001
0.0015
0.0023
0.0014
0.001
0.0014
0.0016
0.0014
0.0008
0.0015
0.001
0.0014
0.0019
0.001
0.0009
0.0011
0.0009
0.0011
0.0015
0.001
0.0007
0.0018
0.0007
0.0007
0.0007
0.0014
0.001
0.001
0.0014
0.0008
0.0009
0.0006
0.001
0.0008
0.0015
0.002
0.0011
0.0007
0.0009
0.0006
0.0008
0.0006
0.0008
0.0006
0.0007
0.0007
0.0008
0.0005
0.0007
0.0006
0.0008
0.0006
0.0008
0.0005
0.0007
0.0007
0.0027
0.0009
0.0017
0.001
0.0008
0.0007
0.0008
0.0006
0.0014
0.0009
0.0016
0.0008
0.0009
0.0008
0.0008
0.0007
0.0008
0.0007
0.0007
0.0006
0.0008
0.0008
0.0006
0.0015
0.0009
0.0009
0.0007
0.0008
0.0008
0.0006
0.001
0.0026
0.001
0.0006
0.0007
0.0009
0.0009
0.0007
0.0006
0.0006
0.0006
0.0007
0.0007
0.0006
0.0024
0.0013
0.0009
0.001
0.0008
0.0012
0.0006
0.0007
0.0008
0.0008
0.0007
0.0007
0.0006
0.0008
0.0007
0.0007
0.0006
0.0005
0.0007
0.0006
0.0006
0.0007
0.0007
0.0009
0.0014
0.0009
0.0009
0.0008
0.0027
0.0011
0.0008
0.001
0.0016
0.001
0.0023
0.0007
0.0024
0.001
0.0007
0.0017
0.0009
0.0015
0.0015
0.0009
0.0009
0.0006
0.0006
0.0015
0.0008
0.0009
0.0007
0.0008
0.0007
0.0007
0.0006
0.0009
0.001
0.0009
0.0009
0.0015
0.001
0.0008
0.0009
0.0009
0.0008
0.0007
0.0007
0.0012
0.0007
0.0006
0.0015
0.0012
0.0009
0.0008
0.0007
0.0008
0.0007
0.0006
0.0005
0.0005
0.0007
0.0006
0.0006
0.0006
0.0009
0.0006
0.0006
0.0006
0.0009
0.0009
0.0006
0.0007
0.0006
0.0006
0.0006
0.0006
0.0006
0.0006
0.0006
0.0008
0.0006
0.0006
0.0006
0.0006
0.0098
0.0008
0.0006
0.0007
0.0005
0.0006
0.0006
0.0007
0.0007
0.0007
0.0006
0.0006
0.0005
0.0012
0.0006
0.0006
0.0007
0.0007
0.0008
0.0006
0.0006
0.0006
0.0007
0.0006
0.0006
0.0019
0.0016
0.0009
0.0008
0.0007
0.0018
0.0009
0.0009
0.0008
0.0009
0.0016
0.0006
0.001
0.0009
0.0007
0.0008
0.0007
0.0007
0.0006
0.0005
0.0006
0.0007
0.0007
0.0006
0.0006
0.0006
0.0009
0.0006
0.0006
0.0006
0.0014
0.0006
0.0005
0.0006
0.0006
0.0006
0.0006
0.0006
0.0019
0.001
0.0009
0.0006
0.0006
0.0008
0.0006
0.0006
0.0006
0.0007
0.001
0.0006
0.0006
0.0007
0.0005
0.0006
0.0006
0.0007
0.0008
0.0005
0.0012
0.0008
0.0007
0.0008
0.0006
0.0009
0.0007
0.0014
0.001
0.0015
0.0017
0.0009
0.0014
0.0012
0.0011
0.0008
0.0014
0.0011
0.0015
0.0012
0.001
0.0016
0.0083
0.0008
0.0007
0.0007
0.0006
0.0007
0.0007
0.0008
0.0013
0.0009
0.0019
0.0011
0.0008
0.0006
0.0011
0.0007
0.0006
0.0008
0.0007
0.0009
0.0016
0.0009
0.0008
0.0007
0.0009
0.0006
0.0008
0.0006
0.0008
0.0006
0.0007
0.0006
0.0008
0.0006
0.0006
0.0008
0.0006
0.0006
0.0008
0.0012
0.0008
0.0014
0.0007
0.0012
0.001
0.0009
0.0006
0.0009
0.0006
0.0006
0.0006
0.0008
0.0008
0.0012
0.0007
0.0011
0.0008
0.0013
0.0008
0.0009
0.0009
0.0007
0.0009
0.0008
0.0012
0.0007
0.0008
0.0012
0.0016
0.0008
0.0009
0.0007
0.0014
0.0015
0.0016
0.0009
0.0007
0.0018
0.0015
0.0008
0.0009
0.0007
0.0008
0.0006
0.0007
0.0007
0.0006
0.0006
0.0012
0.0018
0.0009
0.0008
0.0007
0.0008
0.0007
0.0016
0.0009
0.0007
0.0009
0.0007
0.0006
0.0008
0.0007
0.0008
0.0008
0.0007
0.0006
0.0015
0.0015
0.0009
0.0014
0.0014
0.0024
0.0011
0.0015
0.0017
0.0015
0.0011
0.0012
0.0009
0.001
0.001
0.0007
0.0013
0.0012
0.0012
0.0017
0.0008
0.0006
0.0008
0.0009
0.001
0.0007
0.0011
0.0016
0.0009
0.0009
0.0007
0.001
0.0009
0.0012
0.0014
0.0011
0.0008
0.0015
0.0012
0.0021
0.0024
0.0016
0.0014
0.0015
0.0011
0.0009
0.001
0.0007
0.0007
0.001
0.0009
0.0034
0.0012
0.0013
0.0008
0.0006
0.0006
0.0013
0.0012
0.0015
0.0006
0.0006
0.0012
0.0024
0.0022
0.0019
0.0014
0.0016
0.0018
0.001
0.0008
0.0013
0.0008
0.0019
0.0011
0.0012
0.001
0.0008
0.0022
0.001
0.0013
0.0033
0.0013
0.0008
0.0009
0.001
0.0007
0.0007
0.0007
0.001
0.0006
0.0008
0.0007
0.0012
0.001
0.0008
0.0007
0.0009
0.0009
0.0008
0.001
0.0007
0.0012
0.001
0.0007
0.0006
0.0007
0.0006
0.0008
0.001
0.0008
0.0006
0.0006
0.0007
0.0007
0.0007
0.0007
0.0015
0.0006
0.0006
0.0006
0.0006
0.0005
0.0005
0.0005
0.0006
0.0006
0.0008
0.0019
0.0011
0.0006
0.0006
0.0006
0.0009
0.0006
0.0006
0.0007
0.0007
0.0005
0.0006
0.0007
0.0006
0.0017
0.0019
0.001
0.0012
0.0015
0.0012
0.0017
0.001
0.0008
0.001
0.0007
0.0008
0.0008
0.0009
0.0006
0.0007
0.0006
0.0006
0.0007
0.0007
0.0013
0.0009
0.0012
0.001
0.0007
0.0007
0.0008
0.001
0.0007
0.0007
0.0007
0.0006
0.0006
0.0006
0.0005

-----------------------
CodechalDecode::Execute
-----------------------
1.667
0.7691
0.5842
0.5766
0.5413
0.6405
0.5945
0.5253
0.6747
1.0576
0.9334
1.0086
0.8876
0.89
1.0135
0.9649
1.6515
3.3087
2.6603
0.4926
0.4844
0.4485
1.9831
0.4995
0.3974
0.4097
0.3841
0.3663
0.3677
0.3616
0.3694
0.4135
0.9267
0.3882
0.3707
0.4136
0.3705
0.3677
0.3649
0.3811
0.3645
0.4092
0.3661
0.366
0.3586
0.3615
0.3547
0.369
0.3572
0.3628
0.357
0.3644
0.356
0.3654
0.3713
0.3664
0.3594
0.3646
0.3611
0.3653
0.3593
0.3653
0.3616
0.4138
0.3479
0.37
0.3722
0.3709
0.3625
0.3675
1.3587
0.4116
0.3729
0.4123
0.3722
0.383
0.3604
0.3704
0.3593
0.3643
0.3613
0.3645
0.3607
0.3671
0.3665
0.361
0.4105
0.3706
0.3619
0.3581
0.358
0.3838
0.4013
0.368
0.3831
0.3656
0.3596
2.4714
0.4521
0.3829
0.3722
0.3765
0.3773
0.3848
0.3973
0.409
3.7535
0.4581
0.4797
3.3487
0.4355
0.4023
0.4021
0.4044
0.4138
0.4057
0.3872
0.3901
0.3911
0.4089
0.4022
0.3949
0.3701
0.3734
0.3748
0.3778
0.3825
0.3953
0.3983
0.378
3.9041
0.4014
0.3835
0.3734
0.3622
0.4809
0.4031
0.3905
0.3937
0.4389
0.3848
0.3721
0.3786
0.6472
0.3917
0.3742
0.4121
0.3793
0.4466
0.5754
0.3743
0.373
0.3635
0.3608
0.4223
0.3738
0.3713
0.3636
0.3695
0.3659
0.3626
0.3593
0.3671
0.725
3.4677
0.409
0.4866
0.3976
0.3612
0.5388
0.3765
0.3694
0.3733
0.3578
0.3757
0.3592
0.3567
0.4075
0.3703
0.3648
0.3643
0.3623
0.37
0.3657
0.3639
0.3619
0.3656
0.3706
0.3696
0.3714
0.3778
0.3804
0.3867
0.4051
0.372
0.3826
0.3443
0.3571
0.3612
0.3642
0.3589
0.3662
0.3708
0.3815
0.385
0.3948
0.3737
0.3613
0.3622
0.3614
0.3617
0.3722
0.3728
0.3711
0.3785
0.4059
0.3876
0.3996
0.3715
0.3721
0.3738
0.3705
0.3786
0.3941
0.3938
0.3503
0.3513
0.3536
0.359
0.3515
0.3642
0.3904
0.4008
0.3867
0.3856
0.3756
0.4777
0.4684
0.4124
0.3857
0.3917
0.4965
0.4395
0.4034
0.3998
0.3854
0.3898
0.3891
0.3979
0.4021
0.3547
0.3552
0.3528
0.356
0.3537
0.3491
0.354
0.3787
0.3593
0.359
0.3638
0.3661
0.3441
0.3619
0.3616
0.3627
0.3564
0.3587
0.362
0.3637
0.3574
0.3594
0.3637
0.3588
0.4723
0.3724
0.3712
0.3618
0.356
0.3563
0.3629
0.3694
0.3818
0.401
0.4008
0.3851
0.3785
0.3694
0.3603
0.3616
0.3643
0.3714
0.364
0.3564
0.3864
0.3492
0.3634
0.3647
0.3969
0.3765
0.3895
0.4131
0.3703
0.4251
0.5736
0.3657
0.5527
0.4123
0.3793
0.3664
0.4235
0.4024
0.4082
0.3938
0.5602
0.4197
0.3844
0.3693
0.3645
0.3628
0.3575
0.362
0.3661
0.5092
0.5885
0.418
0.548
0.3727
0.3394
0.3587
0.3778
0.3695
0.3633
0.3713
0.4219
0.3774
0.5715
0.3702
0.3587
0.3613
0.3669
0.363
0.3697
0.359
0.3663
0.3586
0.3638
0.3616
0.362
0.36
0.3635
0.366
0.3616
0.3871
0.3705
0.5655
0.3634
0.5577
0.3618
0.568
0.3695
0.3516
0.3665
0.3675
0.3669
0.3628
0.3639
0.3702
0.3738
0.5548
0.3639
0.5526
0.3706
0.5586
0.3763
0.3679
0.3729
0.3621
0.3729
0.3653
0.5482
0.3583
0.3618
0.5528
0.4102
0.367
0.3612
0.3626
0.5554
0.5607
0.5614
0.3673
0.3736
0.5826
0.5352
0.3761
0.3684
0.3651
0.3602
0.3593
0.3613
0.3707
0.3618
0.3592
0.5541
0.5822
0.3689
0.363
0.3586
0.3652
0.354
0.4538
0.3763
0.3625
0.3655
0.3637
0.3662
0.3654
0.3663
0.3816
0.3665
0.3689
0.3812
0.4714
0.4402
0.3895
0.418
0.5287
0.6395
0.408
0.5062
0.6013
0.5855
0.3831
0.5544
0.4034
0.3849
0.3698
0.3824
0.5529
0.486
0.6625
0.3885
0.4004
0.4068
0.4179
0.5318
0.5353
0.616
0.4681
0.5823
0.3825
0.3656
0.3601
0.3745
0.5003
0.3862
0.5817
0.3855
0.3713
0.4677
0.6139
0.6064
0.4822
0.5444
0.5784
0.4717
0.3854
0.3686
0.4462
0.3729
0.3911
0.5331
0.3765
0.3782
0.4972
0.4062
0.3722
0.3652
0.3621
0.5583
0.3717
0.4239
0.3856
0.4015
0.4075
0.6981
0.4496
0.6882
0.5609
0.5608
0.6181
0.4657
0.3522
0.565
0.3709
0.6131
0.3941
0.5571
0.4009
0.3695
0.6113
0.3974
0.586
0.6567
0.3865
0.3743
0.3769
0.3777
0.3809
0.3749
0.3634
0.3708
0.3698
0.3564
0.4191
0.4894
0.3901
0.3657
0.3792
0.3755
0.3986
0.4619
0.4196
0.3951
0.4591
0.4312
0.3769
0.361
0.3656
0.3575
0.3758
0.3754
0.3738
0.3625
0.3634
0.3624
0.3673
0.3766
0.3754
0.3908
0.4078
0.3896
0.3643
0.3695
0.3616
0.3647
0.3689
0.3702
0.3736
0.4156
0.5295
0.4116
0.3701
0.376
0.3823
0.3725
0.3595
0.364
0.3488
0.3598
0.3671
0.3803
0.3727
0.3948
0.4698
0.4519
0.3903
0.4035
0.4319
0.3875
0.4576
0.3842
0.382
0.3871
0.3931
0.3912
0.3877
0.3683
0.3571
0.3602
0.3582
0.3603
0.3648
0.3703
0.3996
0.3742
0.3661
0.3724
0.3642
0.3597
0.3633
0.3474
0.3568
0.3642
0.3725
0.3596
0.3689
0.3767
0.373

---------------------------------------
CodechalDecodeHevcG12::DecodeStateLevel
---------------------------------------
0.4736
0.235
0.3516
0.2132
0.2112
0.1499
0.2263
0.1498
0.1949
0.1493
0.2481
0.1739
0.1998
0.1604
0.1916
0.1565
0.2691
0.2527
0.7712
0.1589
0.6229
0.1627
0.6687
0.2086
0.5176
0.221
0.2355
0.5268
0.6197
0.2361
0.6823
0.1575
0.2123
1.1795
0.9148
2.1431
0.2228
2.0416
0.2026
0.1522
0.2051
0.1519
0.1794
0.145
0.2427
1.5464
0.2127
0.1494
0.162
0.1184
0.1556
0.1202
0.1539
0.1166
0.1386
0.1165
0.1377
0.1155
0.1387
0.1155
0.1405
0.1164
0.1393
0.1111
0.1625
0.6216
0.1493
0.1185
0.1412
0.115
0.1593
0.1203
0.142
0.1168
0.1409
0.115
0.1398
0.1172
0.1414
0.1264
0.1382
0.1163
0.1575
0.1194
0.1385
0.1143
0.1405
0.1146
0.1372
0.1147
0.1378
0.1131
0.1354
0.1133
0.1423
0.1156
0.1366
0.1149
0.1396
0.1149
0.1366
0.115
0.1405
0.1136
0.1369
0.1144
0.1397
0.1161
0.1395
0.1157
0.1413
0.1152
0.1379
0.1157
0.1407
0.115
0.1378
0.1169
0.1404
0.1153
0.1382
0.1155
0.1389
0.1144
0.1388
0.1155
0.157
0.1198
0.135
0.1106
0.1406
0.1169
0.1417
0.1192
0.1396
0.1158
0.1391
0.1162
0.1417
0.116
1.0796
0.1279
0.1586
0.1194
0.1426
0.1172
0.1575
0.1206
0.1431
0.1169
0.1467
0.1201
0.1376
0.1152
0.1422
0.1169
0.1374
0.1159
0.1382
0.1156
0.139
0.1148
0.1404
0.1152
0.1379
0.1151
0.1409
0.117
0.1387
0.1155
0.1378
0.1153
0.1583
0.1207
0.1436
0.1159
0.1398
0.115
0.1386
0.115
0.1389
0.1154
0.1584
0.1148
0.1393
0.1262
0.1413
0.1137
0.1386
0.1317
0.1398
0.1149
0.1387
0.1129
0.1727
1.9622
0.1475
0.1757
0.1483
0.1177
0.142
0.1167
0.1456
0.119
0.1442
0.1182
0.1472
0.1175
0.1535
0.1206
0.1539
0.1278
0.1614
3.3355
0.1824
0.1215
0.211
0.1203
0.1555
2.9019
0.1768
0.1256
0.149
0.1304
0.1545
0.119
0.1555
0.1217
0.1574
0.1237
0.1574
0.1189
0.1491
0.1172
0.1493
0.1182
0.1485
0.1177
0.1608
0.1249
0.156
0.122
0.1506
0.12
0.1425
0.1159
0.1429
0.1164
0.1439
0.116
0.1423
0.1229
0.1473
0.1182
0.1513
0.1198
0.1545
0.122
0.1439
0.1177
0.1486
3.4652
0.152
0.1203
0.1439
0.1243
0.1419
0.1145
0.139
0.1146
0.1907
0.1377
0.1517
0.1261
0.1526
0.1204
0.1489
0.119
0.1618
0.1417
0.1501
0.1189
0.142
0.1157
0.1465
0.1182
0.2606
0.1896
0.1497
0.1196
0.1437
0.1165
0.1583
0.1229
0.1468
0.1173
0.1784
0.1212
0.2228
0.1872
0.1451
0.1167
0.1436
0.1155
0.1398
0.1176
0.1396
0.1161
0.1654
0.1212
0.1451
0.1182
0.1441
0.116
0.1388
0.1166
0.1479
0.1157
0.1409
0.116
0.1406
0.1169
0.1398
0.1156
0.1416
0.1156
0.1672
0.1427
0.1699
0.1252
0.1554
0.128
0.1582
0.1735
0.1605
0.1214
0.1401
0.1129
0.209
0.184
0.1459
0.1182
0.1424
0.1169
0.1431
0.1226
0.1376
0.1154
0.1441
0.1154
0.1371
0.1144
0.138
0.1147
0.1558
0.1203
0.1407
0.1135
0.1405
0.1149
0.1403
0.1149
0.1377
0.1147
0.1368
0.1249
0.1405
0.1163
0.1382
0.1159
0.1382
0.1163
0.1407
0.1154
0.1413
0.1168
0.1427
0.1169
0.1424
0.1171
0.1442
0.117
0.146
0.1192
0.1498
0.1207
0.1575
0.123
0.1416
0.1195
0.1473
0.1172
0.1324
0.1066
0.1366
0.113
0.1383
0.1139
0.1361
0.1173
0.1367
0.1146
0.1413
0.1152
0.1413
0.1148
0.1428
0.1246
0.1484
0.1188
0.1527
0.1196
0.1429
0.1189
0.1384
0.116
0.139
0.1153
0.138
0.1151
0.1383
0.1151
0.1409
0.1159
0.1397
0.1228
0.1426
0.1175
0.1441
0.1182
0.1683
0.1236
0.15
0.1203
0.1545
0.1228
0.1429
0.1179
0.1434
0.1177
0.1453
0.1165
0.1419
0.1177
0.1471
0.119
0.1544
0.1205
0.1607
0.1145
0.1351
0.1124
0.1351
0.1123
0.1349
0.1129
0.1362
0.1122
0.1331
0.11
0.1399
0.1141
0.1493
0.1206
0.1527
0.1202
0.1469
0.1198
0.1484
0.1202
0.1441
0.1175
0.1932
0.1235
0.1923
0.1243
0.161
0.1237
0.1479
0.1191
0.1517
0.1203
0.2035
0.1277
0.1685
0.1264
0.157
0.1227
0.1558
0.1218
0.1506
0.1206
0.1512
0.1214
0.1519
0.1195
0.1567
0.1219
0.1681
0.1167
0.1359
0.1126
0.1373
0.1134
0.1343
0.1139
0.1374
0.1134
0.1358
0.115
0.1341
0.1122
0.136
0.113
0.1417
0.1161
0.1371
0.1162
0.1369
0.1152
0.1375
0.1148
0.1413
0.1162
0.1351
0.1083
0.1383
0.1172
0.1392
0.1155
0.1387
0.1149
0.1367
0.115
0.1383
0.1171
0.1388
0.1164
0.1368
0.1228
0.1378
0.1158
0.1384
0.1151
0.1379
0.1154
0.1384
0.115
0.1874
0.1232
0.1431
0.1151
0.1417
0.1137
0.1391
0.1139
0.1357
0.1134
0.1371
0.1127
0.1369
0.113
0.1409
0.1174
0.1449
0.1217
0.1516
0.127
0.1486
0.1185
0.1446
0.1193
0.1441
0.117
0.1384
0.1173
0.1381
0.1152
0.1381
0.1154
0.1381
0.1164
0.1407
0.1177
0.1369
0.1158
0.1371
0.1142
0.1466
0.1195
0.135
0.1104
0.1394
0.1166
0.1406
0.1153
0.1657
0.117
0.1402
0.1182
0.1483
0.1311
0.1617
0.1193
0.1409
0.1158
0.1694
0.1222
0.2176
0.1873
0.1398
0.1153
0.209
0.178
0.1576
0.1196
0.1458
0.1176
0.1411
0.1162
0.1651
0.1204
0.1517
0.1222
0.1566
0.1185
0.1459
0.1183
0.2151
0.1868
0.1626
0.1232
0.1471
0.1178
0.1439
0.1163
0.1417
0.1168
0.1389
0.1158
0.1375
0.1153
0.14
0.1162
0.1405
0.1169
0.1738
0.1823
0.2259
0.194
0.1432
0.1536
0.2122
0.172
0.1431
0.1146
0.1313
0.107
0.1385
0.1146
0.1465
0.1155
0.1421
0.1139
0.1393
0.1157
0.1431
0.1167
0.1609
0.124
0.1454
0.1171
0.2198
0.1907
0.1419
0.1172
0.1381
0.1168
0.1386
0.1182
0.1419
0.1161
0.1409
0.117
0.1422
0.12
0.1386
0.1154
0.141
0.117
0.1383
0.1165
0.1407
0.1151
0.139
0.1181
0.1399
0.1152
0.1393
0.1153
0.1377
0.122
0.1409
0.1177
0.1396
0.1151
0.1472
0.1268
0.1417
0.1157
0.2101
0.199
0.1407
0.1145
0.2131
0.1868
0.1379
0.1151
0.2141
0.1887
0.1428
0.1164
0.1354
0.1094
0.1401
0.1168
0.1413
0.1166
0.14
0.1164
0.1397
0.1157
0.1395
0.1201
0.1426
0.1187
0.1468
0.1171
0.2122
0.1885
0.1397
0.1158
0.2092
0.1885
0.1449
0.1159
0.2117
0.1885
0.1443
0.1203
0.1404
0.1173
0.1409
0.1206
0.1393
0.116
0.1418
0.1192
0.1403
0.1135
0.2101
0.1876
0.1386
0.1139
0.1381
0.114
0.2116
0.1874
0.1621
0.1181
0.1423
0.1149
0.1399
0.1158
0.1408
0.1168
0.2125
0.1884
0.2108
0.1932
0.2132
0.1878
0.1422
0.1165
0.1412
0.1265
0.2244
0.1929
0.2084
0.1785
0.1452
0.1186
0.1429
0.1169
0.1399
0.1166
0.1404
0.1156
0.1379
0.116
0.1397
0.1159
0.1386
0.1174
0.1398
0.1163
0.1382
0.1153
0.2113
0.1881
0.222
0.1899
0.1392
0.1155
0.1374
0.1138
0.1389
0.1143
0.1371
0.1237
0.1375
0.1137
0.1851
0.124
0.1462
0.1162
0.1399
0.1172
0.1414
0.1181
0.1394
0.1186
0.1384
0.1183
0.1404
0.1159
0.1389
0.1208
0.1439
0.1249
0.1429
0.1168
0.1401
0.1202
0.1455
0.1247
0.1701
0.1338
0.1745
0.1322
0.1475
0.1283
0.1532
0.1263
0.2017
0.1765
0.2431
0.2015
0.1552
0.1282
0.2183
0.1388
0.2314
0.1947
0.2256
0.19
0.147
0.1193
0.2136
0.1894
0.1563
0.1294
0.1495
0.1165
0.1406
0.1212
0.1415
0.1283
0.2159
0.183
0.2208
0.1248
0.2161
0.1504
0.1525
0.1163
0.1442
0.1335
0.1579
0.1234
0.1629
0.1219
0.2039
0.1722
0.2038
0.1868
0.2175
0.2391
0.1849
0.1293
0.2307
0.1904
0.1456
0.1195
0.1381
0.1184
0.1377
0.1134
0.1419
0.1202
0.2456
0.1323
0.1498
0.1178
0.224
0.1857
0.1454
0.121
0.1414
0.1166
0.2038
0.1396
0.2071
0.2184
0.2279
0.2033
0.1753
0.1514
0.2188
0.171
0.2168
0.1891
0.1487
0.1874
0.1493
0.1167
0.1418
0.1173
0.1922
0.1212
0.1419
0.1193
0.1614
0.1199
0.2069
0.1811
0.1424
0.1171
0.1433
0.1158
0.2037
0.1387
0.1604
0.1187
0.1453
0.1159
0.1394
0.1149
0.1382
0.1156
0.216
0.1861
0.143
0.1147
0.1561
0.1297
0.1413
0.1224
0.1575
0.1199
0.1561
0.1222
0.2715
0.1998
0.179
0.1212
0.2607
0.2221
0.2143
0.1837
0.2109
0.1795
0.2299
0.2007
0.1993
0.1426
0.1356
0.1102
0.2094
0.1865
0.142
0.1163
0.23
0.1919
0.1492
0.1219
0.2013
0.1913
0.1468
0.1332
0.1426
0.1148
0.2272
0.1973
0.152
0.1198
0.2199
0.1963
0.25
0.1981
0.1485
0.1178
0.1462
0.1182
0.1445
0.117
0.1445
0.118
0.1463
0.1195
0.1403
0.1267
0.1407
0.1136
0.1409
0.1222
0.1416
0.1213
0.1368
0.1126
0.1922
0.1153
0.2167
0.1307
0.1481
0.1258
0.1414
0.1173
0.1428
0.126
0.152
0.1142
0.1454
0.1309
0.1527
0.1782
0.1694
0.1174
0.1506
0.1199
0.1547
0.1624
0.152
0.145
0.1451
0.1151
0.1401
0.1149
0.1405
0.1149
0.1373
0.1135
0.1447
0.1143
0.1433
0.114
0.1487
0.1145
0.1387
0.1143
0.1384
0.1139
0.1369
0.1157
0.1413
0.1159
0.1438
0.1177
0.1428
0.1189
0.1523
0.1211
0.1606
0.1215
0.1506
0.1194
0.1397
0.1152
0.1405
0.1165
0.138
0.1161
0.1393
0.1157
0.1418
0.1152
0.1416
0.1173
0.1453
0.1168
0.1465
0.1422
0.2236
0.1312
0.1677
0.117
0.1422
0.1143
0.1442
0.1192
0.1474
0.1202
0.1429
0.1151
0.1371
0.1144
0.1382
0.1166
0.1329
0.1109
0.1369
0.1156
0.1404
0.1163
0.1444
0.1173
0.143
0.1182
0.152
0.122
0.1782
0.1448
0.1775
0.1187
0.1465
0.1235
0.1652
0.1196
0.172
0.1169
0.1493
0.1165
0.1813
0.1238
0.1483
0.1176
0.1473
0.1188
0.1492
0.1189
0.1531
0.1218
0.1535
0.1214
0.1506
0.12
0.1423
0.1145
0.1366
0.1138
0.1373
0.112
0.1384
0.1146
0.1379
0.1154
0.1401
0.1165
0.1441
0.1172
0.153
0.119
0.1436
0.1182
0.1424
0.117
0.1426
0.118
0.1415
0.1154
0.1375
0.117
0.1395
0.1153
0.1352
0.109
0.138
0.1161
0.1388
0.1161
0.1446
0.1166
0.1365
0.116
0.1411
0.1174
0.1435
0.1182
0.1426
0.119

-------------------------------------
CodechalDecodeHevcG12::SetFrameStates
-------------------------------------
0.6745
0.0876
0.1199
0.0897
0.0988
0.1042
0.1145
0.0768
0.0394
0.0339
0.0381
0.0334
0.037
0.033
0.046
0.0322
0.1311
0.1316
0.2744
0.038
0.0324
0.0312
0.0837
0.0352
0.033
0.0365
0.0311
0.0303
0.0336
0.0303
0.0309
0.0801
0.0373
0.0363
0.0339
0.0379
0.0317
0.0313
0.03
0.0306
0.0307
0.0378
0.0326
0.0306
0.0296
0.0301
0.0295
0.0303
0.0298
0.03
0.0295
0.0303
0.0295
0.03
0.037
0.0303
0.0293
0.0296
0.0298
0.0297
0.0293
0.0301
0.0295
0.0383
0.0226
0.0312
0.0314
0.0319
0.0299
0.0299
0.0549
0.038
0.0317
0.038
0.0316
0.0326
0.0305
0.0302
0.0298
0.0307
0.0297
0.0299
0.0301
0.03
0.0331
0.0303
0.0372
0.0331
0.0303
0.0299
0.0297
0.0308
0.0298
0.0329
0.0315
0.0315
0.0302
0.2226
0.0366
0.0321
0.0325
0.0302
0.0317
0.0321
0.0335
0.0333
0.1511
0.0397
0.0395
0.1829
0.0369
0.033
0.0348
0.0332
0.0341
0.0347
0.0327
0.0326
0.034
0.0324
0.0341
0.033
0.0299
0.0313
0.0311
0.0295
0.0309
0.0336
0.0315
0.0317
0.1822
0.0352
0.0316
0.0343
0.0307
0.0411
0.0343
0.0321
0.0332
0.0375
0.0322
0.0322
0.0311
0.0571
0.0353
0.0316
0.0385
0.034
0.0405
0.0465
0.0314
0.0319
0.0302
0.0298
0.0389
0.0327
0.0309
0.0319
0.0296
0.0318
0.0306
0.0294
0.0303
0.3028
3.0696
0.0359
0.0399
0.0346
0.0318
0.0419
0.0327
0.0314
0.0304
0.0295
0.0325
0.0304
0.0298
0.0373
0.0328
0.0313
0.03
0.0302
0.0302
0.0294
0.0304
0.03
0.0298
0.0297
0.0294
0.0299
0.0323
0.0308
0.0321
0.0339
0.031
0.0317
0.0216
0.0294
0.0298
0.0312
0.0293
0.0299
0.0307
0.0305
0.0319
0.0322
0.03
0.0292
0.0295
0.0297
0.0298
0.0328
0.0292
0.0298
0.0314
0.031
0.0318
0.0317
0.0302
0.03
0.0306
0.0305
0.0307
0.0312
0.0321
0.0294
0.0294
0.0288
0.0305
0.0217
0.0299
0.0322
0.0369
0.0315
0.0318
0.0309
0.0428
0.0413
0.0355
0.0336
0.0338
0.0451
0.0375
0.0355
0.0344
0.0315
0.0333
0.0325
0.0321
0.0319
0.0301
0.0294
0.0293
0.03
0.029
0.0289
0.0287
0.0392
0.0299
0.0295
0.0349
0.0297
0.0212
0.0296
0.0302
0.0329
0.0294
0.029
0.0294
0.0287
0.029
0.0295
0.0354
0.03
0.041
0.0325
0.0314
0.0298
0.029
0.0286
0.0294
0.03
0.0309
0.0326
0.0476
0.0374
0.031
0.035
0.03
0.0292
0.0293
0.0297
0.0326
0.029
0.0333
0.0214
0.0299
0.0305
0.0328
0.0302
0.0306
0.037
0.0316
0.0372
0.0496
0.0323
0.0482
0.037
0.0322
0.0306
0.0447
0.0346
0.0385
0.0379
0.0456
0.0378
0.0364
0.0308
0.0301
0.0306
0.0304
0.0297
0.0306
0.0424
0.0445
0.0318
0.0485
0.0318
0.0222
0.0298
0.0326
0.0332
0.0304
0.0312
0.0397
0.033
0.0435
0.0315
0.0295
0.0303
0.0302
0.0293
0.0297
0.0305
0.0312
0.0297
0.0305
0.0292
0.0296
0.0294
0.03
0.0297
0.0303
0.0287
0.0318
0.0434
0.0312
0.043
0.0301
0.042
0.0312
0.0246
0.0332
0.0304
0.0316
0.0294
0.0296
0.0308
0.031
0.043
0.03
0.043
0.0304
0.0433
0.0314
0.031
0.0311
0.0297
0.0308
0.0301
0.0408
0.0294
0.0302
0.0417
0.0382
0.0317
0.0306
0.0297
0.0436
0.0439
0.0444
0.031
0.0296
0.0477
0.0311
0.0323
0.0309
0.0316
0.0293
0.0305
0.0298
0.0294
0.0299
0.0299
0.0426
0.0479
0.0325
0.0299
0.03
0.0293
0.0291
0.0395
0.0331
0.0301
0.0302
0.0308
0.0335
0.0302
0.0304
0.0305
0.0296
0.0309
0.0308
0.0672
0.036
0.0319
0.0348
0.031
0.0526
0.035
0.049
0.0507
0.0482
0.034
0.043
0.0318
0.0338
0.0302
0.0309
0.0445
0.0445
0.0447
0.0357
0.0308
0.0327
0.0436
0.0422
0.0414
0.0379
0.05
0.0525
0.0346
0.0304
0.03
0.032
0.0319
0.0351
0.0466
0.0336
0.0312
0.0296
0.0449
0.0431
0.0427
0.0478
0.0489
0.0356
0.0333
0.0311
0.0428
0.0314
0.0314
0.0432
0.0335
0.0335
0.0452
0.0387
0.0317
0.0313
0.0301
0.0448
0.0327
0.0416
0.0305
0.0346
0.0377
0.0618
0.0448
0.0569
0.0445
0.0475
0.0577
0.0333
0.0238
0.0472
0.0325
0.0554
0.0355
0.0469
0.0349
0.0328
0.0519
0.038
0.0472
0.0613
0.0348
0.0312
0.0319
0.0329
0.0312
0.0309
0.0303
0.0307
0.0303
0.0301
0.0303
0.0468
0.032
0.0313
0.0307
0.031
0.0323
0.0348
0.0367
0.0332
0.0342
0.025
0.0323
0.0303
0.0321
0.0293
0.0315
0.032
0.0305
0.0296
0.0304
0.0303
0.0303
0.0321
0.0307
0.0314
0.035
0.0326
0.0298
0.0308
0.0294
0.0298
0.0304
0.0301
0.0299
0.0318
0.0461
0.033
0.0315
0.0304
0.0307
0.0313
0.0291
0.0294
0.0213
0.0292
0.0303
0.0354
0.0302
0.0346
0.0395
0.0482
0.0339
0.033
0.0386
0.033
0.0413
0.0341
0.0325
0.0322
0.0327
0.0329
0.0329
0.0319
0.0297
0.03
0.0293
0.0296
0.0301
0.0307
0.036
0.0322
0.0305
0.0314
0.0301
0.0296
0.0307
0.0221
0.0296
0.0316
0.0321
0.0295
0.0296
0.0308
0.0308

--------------------------
CreateVideoDecoder_D3D11_1
--------------------------
20.0005

---------------------------
DestroyVideoDecoder_D3D11_1
---------------------------
0

----------------
First Frame Time
----------------
58.6803

--------------------------------------
VideoDecoderBeginFrame_WDDM2_4_D3D11_1
--------------------------------------
0.0075
0.0029
0.0027
0.0021
0.0023
0.0027
0.0033
0.0019
0.0029
0.0028
0.0028
0.0021
0.0026
0.0024
0.0026
0.0018
0.0027
0.0023
0.0032
0.0034
0.0022
0.0017
0.0019
0.0024
0.0022
0.0026
0.0019
0.0017
0.0031
0.0016
0.0018
0.0015
0.0025
0.0025
0.0018
0.0025
0.0018
0.0018
0.0017
0.0018
0.0016
0.0027
0.0027
0.002
0.0016
0.0018
0.0014
0.0017
0.0015
0.0017
0.0015
0.0018
0.0015
0.0017
0.0015
0.0017
0.0014
0.0017
0.0015
0.0018
0.0015
0.0017
0.0016
0.0038
0.002
0.0019
0.0018
0.0018
0.0015
0.0017
0.0016
0.0026
0.0019
0.0026
0.0019
0.0019
0.0017
0.0018
0.0016
0.0018
0.0015
0.0017
0.0016
0.0017
0.0021
0.0016
0.0027
0.002
0.0018
0.0018
0.0017
0.0019
0.0016
0.0018
0.0027
0.0019
0.0015
0.0016
0.0022
0.002
0.0017
0.0017
0.0019
0.0019
0.0018
0.0018
0.0019
0.0032
0.003
0.0023
0.002
0.002
0.0024
0.002
0.0022
0.002
0.0018
0.0019
0.0017
0.0018
0.0018
0.0017
0.0017
0.0015
0.0018
0.0016
0.0016
0.0018
0.0017
0.0024
0.0017
0.0024
0.0021
0.0019
0.0017
0.0035
0.0024
0.002
0.0019
0.0026
0.002
0.0031
0.0017
0.0042
0.0026
0.002
0.0027
0.0021
0.003
0.0028
0.0019
0.002
0.0017
0.0018
0.0025
0.002
0.0019
0.0017
0.0017
0.0023
0.0019
0.0015
0.0021
0.0019
0.0024
0.0022
0.0026
0.0021
0.0026
0.0023
0.0018
0.0018
0.0017
0.0016
0.002
0.0019
0.0016
0.0026
0.002
0.0017
0.0018
0.0016
0.0016
0.0016
0.0016
0.0017
0.0018
0.0017
0.0017
0.0017
0.0016
0.0017
0.0016
0.002
0.0017
0.002
0.0021
0.0015
0.0019
0.0017
0.0017
0.0017
0.0017
0.0016
0.0015
0.0018
0.0018
0.0016
0.0014
0.0016
0.0017
0.0086
0.0016
0.0018
0.0016
0.0016
0.0017
0.002
0.0017
0.0016
0.0017
0.0017
0.0017
0.0017
0.0026
0.0015
0.0017
0.0017
0.0017
0.002
0.0017
0.0019
0.0018
0.0017
0.0017
0.0021
0.0033
0.0028
0.0026
0.0021
0.002
0.0035
0.0025
0.0019
0.002
0.0017
0.0018
0.0018
0.0018
0.002
0.0016
0.002
0.0018
0.0017
0.0016
0.0015
0.0015
0.0016
0.0014
0.0014
0.0015
0.0016
0.0017
0.0015
0.0016
0.0015
0.0016
0.0015
0.0015
0.0014
0.0016
0.0016
0.0015
0.0016
0.0031
0.002
0.0019
0.0016
0.0016
0.0014
0.0016
0.0016
0.0016
0.0016
0.0019
0.0015
0.0016
0.0015
0.0015
0.0015
0.0015
0.0015
0.0016
0.0015
0.0022
0.0019
0.0017
0.0017
0.0018
0.0022
0.0017
0.0028
0.0018
0.0038
0.0031
0.0021
0.003
0.0025
0.0018
0.0019
0.0025
0.002
0.0078
0.0024
0.0022
0.0028
0.0102
0.0019
0.0018
0.0017
0.002
0.0018
0.0016
0.0029
0.0028
0.0018
0.0033
0.002
0.0018
0.0015
0.0018
0.0018
0.0017
0.0018
0.0014
0.0024
0.0029
0.0019
0.0017
0.0016
0.0019
0.0016
0.0019
0.0016
0.002
0.0016
0.0018
0.0016
0.0018
0.0015
0.0016
0.0019
0.0015
0.0014
0.002
0.0026
0.0018
0.0026
0.0018
0.0026
0.0018
0.0018
0.0016
0.0019
0.0017
0.0017
0.0016
0.0016
0.0022
0.0025
0.0019
0.0023
0.0018
0.0027
0.0018
0.0019
0.0016
0.0016
0.0018
0.0019
0.0025
0.0016
0.0018
0.0022
0.0026
0.0018
0.002
0.0017
0.0025
0.0026
0.0028
0.002
0.0016
0.003
0.0028
0.0019
0.002
0.0017
0.0017
0.0016
0.0017
0.0015
0.0017
0.0016
0.0023
0.003
0.0021
0.0016
0.0017
0.0017
0.0016
0.003
0.0022
0.0019
0.002
0.0015
0.0015
0.0018
0.0015
0.0018
0.0018
0.0016
0.0018
0.0027
0.0028
0.0019
0.0022
0.0027
0.0038
0.0024
0.0032
0.0034
0.0033
0.0021
0.0024
0.002
0.0019
0.0018
0.0018
0.0024
0.0025
0.0022
0.0019
0.0018
0.002
0.0018
0.0019
0.0019
0.0018
0.0025
0.0031
0.0024
0.002
0.0019
0.0024
0.0018
0.002
0.0029
0.0022
0.0019
0.0027
0.0024
0.0036
0.0035
0.0032
0.0034
0.0031
0.0023
0.0019
0.0019
0.0019
0.0017
0.0027
0.002
0.01
0.003
0.0025
0.0018
0.0019
0.0017
0.0027
0.0022
0.0022
0.002
0.0022
0.0029
0.0046
0.0038
0.0037
0.0028
0.0029
0.0031
0.002
0.0021
0.0026
0.002
0.0035
0.0022
0.0026
0.0021
0.002
0.0035
0.0025
0.0028
0.0043
0.0024
0.0021
0.0021
0.002
0.002
0.0018
0.0017
0.0022
0.0016
0.0018
0.0017
0.0026
0.0022
0.0016
0.002
0.0016
0.0029
0.002
0.0023
0.0018
0.002
0.0019
0.0021
0.0017
0.0017
0.0017
0.0021
0.0021
0.002
0.0018
0.0018
0.0015
0.0017
0.0016
0.0018
0.0018
0.002
0.0017
0.0017
0.0017
0.0017
0.0016
0.0016
0.0016
0.0018
0.0017
0.0031
0.0022
0.0018
0.0016
0.0018
0.0018
0.0017
0.0016
0.0017
0.0018
0.0016
0.0017
0.0018
0.0019
0.0028
0.0039
0.0021
0.0022
0.0033
0.0022
0.0029
0.0023
0.0022
0.0017
0.0019
0.0019
0.0019
0.002
0.0017
0.0016
0.0016
0.0018
0.0018
0.0017
0.0025
0.0021
0.0019
0.0018
0.0018
0.0017
0.0019
0.002
0.0017
0.0019
0.0017
0.0017
0.0025
0.0018
0.0018

----------------------------
VideoDecoderEndFrame_D3D11_1
----------------------------
0.048
0.0776
0.0748
0.1001
0.1214
0.1246
0.1039
0.0972
0.1377
0.0588
0.0574
0.0584
0.0613
0.0645
0.0635
0.0527
0.0588
0.0624
0.066
0.0611
0.0552
0.0525
0.0646
0.0602
0.0508
0.0568
0.0521
0.053
0.0524
0.052
0.0525
0.0524
0.0576
0.0825
0.0758
0.0545
0.0531
0.0529
0.052
0.0528
0.052
0.0565
0.0573
0.0565
0.0522
0.0533
0.0527
0.0524
0.0519
0.0524
0.0522
0.0519
0.0513
0.0529
0.0518
0.0513
0.0523
0.0529
0.0527
0.054
0.0521
0.0509
0.0506
0.0556
0.0529
0.0536
0.0534
0.052
0.0529
0.0515
0.0581
0.0608
0.052
0.0552
0.0522
0.0531
0.0524
0.0528
0.052
0.0513
0.0511
0.0529
0.0516
0.0516
0.0512
0.0514
0.0592
0.0522
0.0519
0.0537
0.0542
0.0513
0.0657
0.0561
0.0576
0.052
0.0503
0.0585
0.0595
0.0788
0.0553
0.0542
0.0555
0.0538
0.0558
0.057
0.0575
0.0566
0.0555
0.0534
0.0507
0.0784
0.0563
0.0565
0.0608
0.056
0.0556
0.0554
0.0566
0.0559
0.0555
0.0556
0.057
0.0529
0.0523
0.0559
0.0559
0.0546
0.0609
0.0538
0.0626
0.0554
0.0791
0.0561
0.0551
0.0566
0.0581
0.0677
0.0554
0.0618
0.0551
0.0624
0.0559
0.0598
0.055
0.0537
0.0599
0.0534
0.0566
0.0769
0.053
0.0542
0.0558
0.0517
0.0576
0.0559
0.0519
0.0529
0.053
0.0533
0.0514
0.0524
0.0517
0.0602
0.0535
0.0773
0.1117
0.0552
0.0575
0.0761
0.0664
0.0559
0.0532
0.0518
0.0546
0.0502
0.051
0.0571
0.0523
0.0536
0.0524
0.0499
0.0512
0.0522
0.0526
0.0532
0.055
0.0542
0.0523
0.0556
0.0547
0.0555
0.054
0.0589
0.056
0.0563
0.0524
0.0535
0.0532
0.0539
0.052
0.0538
0.0572
0.0541
0.0553
0.0568
0.0533
0.0527
0.0528
0.0529
0.0534
0.0553
0.0537
0.0543
0.055
0.0586
0.0567
0.0556
0.0547
0.0529
0.0545
0.055
0.0543
0.0549
0.0552
0.0522
0.0532
0.0533
0.0537
0.0534
0.0536
0.0547
0.0563
0.0576
0.0554
0.0546
0.0589
0.0585
0.056
0.0568
0.0555
0.0612
0.0577
0.0571
0.0567
0.0572
0.0565
0.0557
0.058
0.054
0.053
0.0506
0.0514
0.0516
0.0555
0.0514
0.0577
0.0505
0.051
0.0513
0.0511
0.0504
0.0509
0.0509
0.0508
0.0505
0.0507
0.0506
0.0501
0.051
0.0509
0.0515
0.0499
0.0502
0.0581
0.0524
0.0509
0.0504
0.0504
0.0512
0.0506
0.0514
0.0521
0.0705
0.0511
0.0515
0.0503
0.0514
0.0513
0.0561
0.0512
0.0516
0.0506
0.0512
0.0528
0.0506
0.0513
0.0504
0.0518
0.0515
0.0611
0.0586
0.052
0.0566
0.0757
0.0536
0.0738
0.0589
0.0582
0.0612
0.0633
0.0647
0.0526
0.054
0.0746
0.0598
0.057
0.0561
0.0506
0.0536
0.0586
0.0504
0.0513
0.0651
0.0797
0.055
0.0722
0.0501
0.0522
0.0514
0.051
0.0519
0.0508
0.0577
0.0575
0.0556
0.0771
0.0555
0.0518
0.0503
0.0507
0.0522
0.0511
0.054
0.0522
0.0519
0.0517
0.0501
0.0555
0.0526
0.0552
0.0514
0.0522
0.0577
0.0501
0.077
0.0552
0.0758
0.0516
0.0766
0.0513
0.0504
0.0581
0.0546
0.0538
0.0537
0.0528
0.055
0.0528
0.0756
0.0576
0.0784
0.0525
0.0776
0.0524
0.0518
0.0523
0.051
0.0599
0.0506
0.0779
0.0516
0.0513
0.078
0.0584
0.0549
0.0529
0.0529
0.0806
0.0761
0.0787
0.0521
0.0533
0.0773
0.0786
0.0534
0.0517
0.053
0.0528
0.0524
0.0502
0.0525
0.0517
0.0515
0.0773
0.0783
0.0526
0.0562
0.0524
0.0529
0.0515
0.0539
0.0536
0.0519
0.0519
0.0536
0.0516
0.05
0.0599
0.059
0.0684
0.0696
0.081
0.0685
0.0668
0.056
0.0827
0.1049
0.0953
0.099
0.0799
0.1042
0.0808
0.0569
0.1004
0.0943
0.0564
0.0598
0.086
0.0801
0.0661
0.071
0.0563
0.081
0.0629
0.0674
0.0806
0.1026
0.0682
0.0724
0.0575
0.0598
0.0537
0.0527
0.0841
0.0549
0.0554
0.0804
0.0551
0.066
0.0568
0.0912
0.0902
0.0633
0.057
0.0817
0.061
0.0689
0.054
0.0646
0.057
0.0622
0.063
0.0552
0.0565
0.0724
0.0506
0.0682
0.0545
0.0582
0.0839
0.0634
0.0578
0.0567
0.0533
0.0636
0.0867
0.0607
0.0742
0.0746
0.0834
0.079
0.0589
0.0551
0.0764
0.054
0.0811
0.0561
0.0777
0.0578
0.0524
0.0769
0.0616
0.0787
0.091
0.058
0.0554
0.0533
0.0543
0.056
0.0578
0.0548
0.0528
0.0539
0.054
0.0567
0.0661
0.0633
0.0531
0.0551
0.0556
0.054
0.06
0.0516
0.0567
0.0753
0.0791
0.0537
0.0535
0.0545
0.0541
0.0538
0.0543
0.0515
0.0547
0.0524
0.0538
0.0528
0.054
0.0544
0.055
0.0578
0.0543
0.0529
0.052
0.0538
0.0528
0.0531
0.0531
0.0541
0.0527
0.0614
0.0569
0.0537
0.0537
0.0555
0.0535
0.0518
0.0534
0.054
0.0529
0.053
0.0541
0.0583
0.0545
0.059
0.0575
0.056
0.0556
0.0569
0.0566
0.0583
0.0549
0.056
0.0561
0.0539
0.0568
0.0554
0.0533
0.0516
0.0524
0.0527
0.0543
0.0535
0.0965
0.0561
0.053
0.0913
0.0555
0.0534
0.0525
0.0516
0.053
0.054
0.0519
0.0522
0.0561
0.0552
0.0542
0.0537

---------------------------------
VideoDecoderSubmitBuffers_D3D11_1
---------------------------------
1.7729
0.7897
0.5979
0.5895
0.5579
0.6598
0.6147
0.5392
0.694
1.0723
0.9524
1.0224
0.9063
0.9047
1.0322
0.9783
1.6703
3.3272
2.6794
0.5094
0.4996
0.4618
1.9993
0.5151
0.4145
0.4285
0.3989
0.3793
0.682
0.7042
0.6672
0.763
1.1002
0.4045
0.3856
0.4327
0.3841
0.5209
0.7115
0.6755
0.689
0.432
0.3808
0.3806
0.3713
0.6141
0.71
0.6792
0.7036
0.6719
0.7128
0.6798
0.6994
0.6778
0.729
0.6604
0.7114
0.6738
0.7123
0.6705
0.7125
0.6749
0.7011
0.6336
0.6358
0.6817
0.3872
0.3848
0.3749
0.4221
1.7061
0.431
0.3871
0.4323
0.386
0.6244
0.6883
0.6739
0.7019
0.6714
0.714
0.6738
0.7092
0.6735
0.6965
0.721
0.43
0.3847
0.3745
0.3704
0.3701
0.3991
0.4151
0.3832
0.3976
0.3793
0.3732
2.4853
0.4682
0.3972
0.3849
0.3895
0.3905
0.3997
0.4126
0.4254
3.7692
0.48
0.4994
3.3666
0.4524
0.4184
0.4204
0.4197
0.4308
0.4227
0.4019
0.4051
0.4076
0.4234
0.4177
0.4105
0.3833
0.387
0.3894
0.3904
0.3962
0.4104
0.4121
0.393
3.9226
0.4189
0.3987
0.3886
0.3753
0.5035
0.4199
0.4041
0.4096
0.4587
0.3994
0.3869
0.3918
0.6739
0.4079
0.3883
0.4309
0.3944
0.4684
0.5944
0.3876
0.3885
0.3757
0.3733
0.4413
0.3871
0.3851
0.3771
0.3823
0.3794
0.3751
0.3717
0.3819
0.7419
3.4897
0.4251
0.5065
0.413
0.3753
0.5568
0.3911
0.3828
0.3865
0.371
0.3923
0.3721
0.3692
0.4266
0.3859
0.3788
0.3789
0.3756
0.3831
0.3789
0.3767
0.3739
0.3777
0.3829
0.3815
0.384
0.3916
0.3933
0.3998
0.4192
0.3844
0.3977
0.3606
0.3691
0.374
0.3765
0.3711
0.3807
0.3845
0.3954
0.4008
0.4089
0.3858
0.3734
0.3742
0.3734
0.3733
0.3864
0.385
0.3829
0.3915
0.4181
0.4007
0.4134
0.384
0.3843
0.3864
0.3823
0.391
0.4083
0.4097
0.3621
0.3638
0.3658
0.3726
0.3678
0.377
0.405
0.4159
0.3999
0.3992
0.3889
0.5013
0.4909
0.4276
0.399
0.4051
0.5223
0.456
0.4194
0.4152
0.3992
0.4039
0.4038
0.4115
0.4177
0.3682
0.3678
0.3654
0.3695
0.3665
0.3607
0.3659
0.5496
0.773
0.7334
0.829
0.5627
0.3593
0.3742
0.3747
0.377
0.795
0.3708
0.5122
0.7842
0.805
0.7219
0.8379
0.8098
0.4941
0.3859
0.3853
0.6037
0.7956
0.8157
0.7609
0.8319
0.7848
0.7858
0.7057
0.7769
0.7437
0.8109
0.7699
0.7828
0.7978
0.8112
0.7462
0.8203
0.6067
0.3644
0.3769
0.4847
0.4122
0.7101
0.7959
0.4337
0.3848
0.4436
0.5944
0.3802
0.5729
0.4301
0.3939
0.4032
0.7177
0.4191
0.4425
0.7006
0.9062
0.4388
0.4004
0.3824
0.3768
0.3754
0.3693
0.3744
0.3789
0.5272
0.6108
0.4343
0.569
0.3886
0.3539
0.3741
0.3933
0.3836
0.3756
0.3858
0.4423
0.3928
0.5919
0.3847
0.3713
0.3751
0.3812
0.3754
0.3835
0.3711
0.3797
0.3706
0.3776
0.3738
0.3757
0.3727
0.3753
0.3797
0.3749
0.3993
0.3857
0.5843
0.3775
0.5774
0.3757
0.5855
0.3855
0.3673
0.3795
0.382
0.3796
0.3748
0.3764
0.3836
0.3882
0.5722
0.3774
0.5708
0.3846
0.5773
0.3902
0.3813
0.3875
0.3767
0.3879
0.3797
0.5664
0.3717
0.376
0.5708
0.4298
0.3813
0.3744
0.3754
0.5749
0.5804
0.5809
0.3816
0.3868
0.6033
0.5567
0.3905
0.3825
0.3785
0.3728
0.3714
0.3746
0.3832
0.3741
0.3714
0.5722
0.6038
0.3844
0.3755
0.3721
0.3783
0.3666
0.4752
0.3913
0.3761
0.3785
0.3773
0.3807
0.3796
0.382
0.3958
0.3802
0.383
0.3949
0.49
0.4581
0.4037
0.4347
0.549
0.6642
0.4251
0.5257
0.6248
0.6064
0.3988
0.5723
0.4174
0.399
0.3824
0.3951
0.5719
0.5035
0.6828
0.4064
0.4145
0.4205
0.4325
0.551
0.5527
0.6318
0.4854
0.606
0.3967
0.379
0.3726
0.3885
0.515
0.4038
0.6022
0.4002
0.3849
0.4958
0.638
0.6304
0.5047
0.5652
0.6022
0.4892
0.4017
0.3819
0.4641
0.3863
0.4044
0.5513
0.3928
0.4003
0.5177
0.426
0.3862
0.3789
0.3751
0.5782
0.3871
0.4421
0.3999
0.417
0.4287
0.7294
0.4718
0.7143
0.5819
0.5818
0.6411
0.482
0.3674
0.5837
0.3858
0.6373
0.4106
0.576
0.4171
0.3854
0.635
0.4136
0.6076
0.6872
0.4027
0.3877
0.391
0.3944
0.3947
0.3886
0.3769
0.3851
0.383
0.3699
0.4324
0.5077
0.4048
0.3781
0.3929
0.389
0.4141
0.4821
0.4376
0.4105
0.4776
0.4503
0.392
0.3745
0.3795
0.3695
0.3911
0.3916
0.387
0.3755
0.3768
0.3742
0.3802
0.3895
0.3877
0.4036
0.4236
0.4033
0.3768
0.3824
0.3733
0.3773
0.3822
0.3828
0.3867
0.4299
0.5583
0.428
0.3836
0.3885
0.3948
0.3876
0.3721
0.3769
0.3628
0.3719
0.3792
0.3934
0.3852
0.4084
0.4905
0.4784
0.4084
0.421
0.4518
0.4025
0.4782
0.3988
0.396
0.4007
0.4067
0.4046
0.4018
0.383
0.3698
0.3736
0.3708
0.3729
0.3781
0.3827
0.4187
0.3884
0.3794
0.387
0.3776
0.3725
0.3777
0.363
0.3687
0.377
0.386
0.3723
0.3809
0.3893
0.3854

