--------------------------
CreateVideoDecoder_D3D11_1
--------------------------
20.8573
14.9064
13.7526

---------------------------
DestroyVideoDecoder_D3D11_1
---------------------------
13.4318
13.5363
0

----------------
First Frame Time
----------------
0

----------------------------
VideoDecoderEndFrame_D3D11_1
----------------------------
0.0037
0.0027
0.0029
0.0032
0.0023
0.0025
0.0026
0.0021
0.0023
0.0027
0.0023
0.0031
0.0023
0.0043
0.0021
0.0019
0.0021
0.0022
0.0021
0.0041
0.0023
0.0021
0.0022
0.0019
0.0023
0.0019
0.0024
0.002
0.0042
0.0024
0.002
0.002
0.0022
0.002
0.0021
0.0023
0.002
0.0024
0.0021
0.0019
0.0023
0.002
0.0046
0.0024
0.002
0.0023
0.0019
0.0021
0.0024
0.002
0.0019
0.002
0.0021
0.0022
0.0021
0.0019
0.0021
0.0018
0.002
0.0022
0.002
0.002
0.0022
0.0041
0.0022
0.0022
0.0023
0.0041
0.0023
0.0029
0.0025
0.0023
0.0024
0.0022
0.0022
0.0022
0.002
0.002
0.0022
0.002
0.0022
0.002
0.0019
0.0023
0.0021
0.0019
0.0022
0.002
0.0025
0.0026
0.0019
0.0022
0.0025
0.0028
0.0044
0.0022
0.0021
0.0024
0.0019
0.0025
0.0021
0.0019
0.0024
0.0022
0.002
0.0021
0.0019
0.0024
0.002
0.0021
0.0021
0.0019
0.0021
0.0027
0.0019
0.0024
0.0022
0.0019
0.0025
0.0022
0.0019
0.0029
0.0022
0.0021
0.0021
0.0021
0.0022
0.0019
0.0021
0.0022
0.002
0.0022
0.0021
0.0019
0.0022
0.0019
0.0021
0.0023
0.0021
0.0021
0.0023
0.0046
0.002
0.0023
0.0026
0.0028
0.0021
0.0019
0.0025
0.002
0.002
0.0023
0.0019
0.0023
0.0023
0.0019
0.002
0.0019
0.0032
0.0024
0.002
0.0026
0.002
0.002
0.0024
0.0023
0.002
0.0027
0.0021
0.0022
0.0019
0.0023
0.0024
0.0019
0.0021
0.0024
0.0021
0.0023
0.0022
0.0021
0.0026
0.0019
0.002
0.0022
0.0021
0.0021
0.0024
0.0021
0.0026
0.002
0.002
0.0024
0.002
0.002
0.0021
0.0021
0.0023
0.0019
0.002
0.0023
0.002
0.0019
0.0022
0.0022
0.0027
0.002
0.0021
0.0023
0.0021
0.002
0.0025
0.0203
0.0021
0.0022
0.0022
0.0023
0.0022
0.0019
0.0025
0.0021
0.0019
0.0025
0.0021
0.0024
0.0021
0.0034
0.0025
0.0023
0.002
0.0021
0.0019
0.0021
0.002
0.002
0.0025
0.0019
0.0021
0.0023
0.0021
0.002
0.0024
0.0021
0.0022
0.0019
0.0019
0.0022
0.0022
0.002
0.002
0.002
0.0025
0.002
0.002
0.0027
0.002
0.0024
0.0023
0.0021
0.0022
0.0023
0.0021
0.0023
0.002
0.0022
0.0023
0.002
0.0026
0.0022
0.002
0.0023
0.0019
0.0019
0.0021
0.002
0.002
0.0028
0.0019
0.0023
0.002
0.0026
0.0022
0.002
0.0024
0.0022
0.0021
0.003
0.002
0.002
0.0021
0.0019
0.0021
0.0022
0.002
0.0025
0.002
0.002
0.0022
0.0021
0.0021
0.0027

