---------------------------------------------
CalcPrivateVideoDecoderOutputViewSize_D3D11_1
---------------------------------------------
0.0022
0.0017
0.0014
0.0019
0.0013
0.0021
0.0063
0.0013
0.0018
0.002
0.0012
0.0011
0.0012
0.0036
0.001
0.0008
0.0008
0.0008
0.0008
0.0034
0.0009
0.0012
0.0012
0.0013
0.001
0.0012
0.0014
0.0012
0.0029
0.001
0.0009
0.0015
0.0012
0.001
0.0013
0.0009
0.001
0.0024
0.002
0.0019
0.0021
0.001
0.0033
0.002
0.0017
0.0011
0.0012
0.0009
0.0011
0.0012
0.0012
0.001
0.0017
0.0011
0.0013
0.0014
0.0014
0.0017
0.0023
0.0018
0.0018
0.0018
0.0018
0.0042
0.0016
0.0021
0.002
0.0016
0.0022
0.0016
0.0015
0.0019
0.002
0.0022
0.001
0.0017
0.0016
0.0018
0.0016
0.0014
0.0015
0.002
0.0016
0.0016
0.002
0.0021
0.0009
0.002
0.0021
0.002
0.002
0.001
0.0021
0.0017
0.0054
0.0011
0.0022
0.0022
0.0015
0.0015
0.0016
0.0015
0.0018
0.0018
0.0016
0.0022
0.0016
0.0015
0.0017
0.0016
0.0016
0.0017
0.0016
0.0021
0.0015
0.002
0.0015
0.0017
0.0017
0.0016
0.0016
0.0016
0.0017
0.0019
0.0019
0.0015
0.0022
0.0016
0.0016
0.0021
0.0016
0.0016
0.0017
0.0017
0.0017
0.0016
0.0016
0.0019
0.0009
0.0016
0.0017
0.0054
0.0016
0.0016
0.0016
0.0015
0.0016
0.0017
0.0017
0.0016
0.0021
0.0017
0.0009
0.0017
0.0022
0.0016
0.002
0.002
0.0016
0.0015
0.0017
0.0019
0.0022
0.0017
0.002
0.002
0.0017
0.0018
0.0018
0.0011
0.0018
0.0014
0.0016
0.0018
0.0021
0.0021
0.0022
0.0021
0.0021
0.0021
0.0015
0.0015
0.0019
0.0021
0.0016
0.0016
0.0017
0.0017
0.002
0.0017
0.002
0.0015
0.0017
0.0017
0.002
0.0016
0.0016
0.0015
0.0016
0.0021
0.0017
0.0014
0.0021
0.002
0.002
0.0021
0.0014
0.0016
0.0011
0.0011
0.0017
0.0053
0.0021
0.0017
0.0016
0.001
0.0021
0.002
0.0022
0.0019
0.0017
0.0015
0.002
0.0017
0.0017
0.0017
0.0016
0.0029
0.0018
0.002
0.0019
0.002
0.0019
0.0015
0.002
0.0017
0.0016
0.0017
0.001
0.0015
0.0017
0.0015
0.0016
0.0017
0.0017
0.0021
0.0015
0.0009
0.0018
0.0017
0.0014
0.0019
0.0016
0.0016
0.0016
0.0015
0.0019
0.002
0.002
0.0017
0.0022
0.0016
0.0017
0.0017
0.0019
0.0016
0.002
0.0021
0.0017
0.0022
0.0018
0.0014
0.0022
0.0011
0.0016
0.0018
0.0014
0.0019
0.0018
0.0012
0.0017
0.0018
0.0021
0.001
0.0019
0.0021
0.001
0.0018
0.002
0.0022
0.0015
0.0014
0.0024
0.0017
0.002
0.0022
0.001
0.002
0.0016
0.0008

-----------------------
CodechalDecode::Execute
-----------------------
1.1279
0.7793
0.85
0.6075
0.5881
0.4028
0.3108
0.2886
0.2973
0.2555
0.2478
0.2646
0.2456
0.2937
0.2696
0.2373
0.2415
0.2398
0.2449
0.2744
0.2428
0.2987
0.2629
0.252
0.2536
0.2473
0.2649
0.2596
0.2342
0.2542
0.2538
0.2596
0.2362
0.2716
0.2384
0.2417
0.2727
0.3209
0.3327
0.3093
0.2801
0.2249
0.2657
0.2769
0.2571
0.2306
0.2247
0.2551
0.2774
0.2266
0.2536
0.2139
0.2497
0.2489
0.3042
0.2553
0.2953
0.2671
0.2434
0.2943
0.2773
0.2709
0.2651
0.2942
0.2968
0.2668
0.2628
0.2915
0.2992
0.2847
0.3428
0.2678
0.365
0.2653
0.2247
0.2737
0.3723
0.2637
0.2655
0.2446
0.2936
0.2642
0.3001
0.301
0.2672
0.2707
0.2422
0.2575
0.2555
0.2652
0.2811
0.2276
0.2574
0.2592
0.2679
0.2702
0.2618
0.2609
0.2587
0.2606
0.2618
0.264
0.2628
0.2609
0.2636
0.2645
0.2623
0.2634
0.2663
0.2672
0.2612
0.2699
0.2621
0.261
0.2651
0.2634
0.2655
0.2654
0.2466
0.2668
0.2647
0.2576
0.2566
0.2554
0.2586
0.2634
0.2666
0.2661
0.2646
0.2592
0.2626
0.2682
0.2648
0.267
0.2664
0.266
0.2616
0.2643
0.2301
0.2635
0.2605
0.2658
0.2663
0.2655
0.2642
0.2613
0.2629
0.2846
0.2524
0.2642
0.28
0.2666
0.2256
0.264
0.2619
0.2675
0.2694
0.2687
0.2766
0.2663
0.2717
0.2649
0.2684
0.2754
0.2682
0.2704
0.2803
0.2662
0.273
0.4143
0.2692
0.2675
0.2678
0.2621
0.27
0.2674
0.2716
0.2692
0.2548
0.2696
0.3015
0.2646
0.2623
0.2693
0.2718
0.2607
0.2614
0.2587
0.2672
0.2733
0.2689
0.2646
0.2698
0.2602
0.2765
0.2919
0.2638
0.289
0.2763
0.2768
0.2721
0.2598
0.2696
0.2676
0.2688
0.2701
0.2389
0.2678
0.2191
0.2669
0.2814
0.259
0.2631
0.2621
0.2949
0.2267
0.2674
0.2696
0.2796
0.2696
0.2679
0.2767
0.362
0.2696
0.2667
0.2765
0.2949
0.2628
0.2698
0.2736
0.2675
0.2761
0.2686
0.2646
0.2858
0.2607
0.2762
0.3205
0.2407
0.2722
0.2719
0.2637
0.27
0.2829
0.2725
0.2946
0.2736
0.2352
0.2806
0.2718
0.2637
0.2752
0.2709
0.2717
0.2823
0.267
0.2672
0.2666
0.2716
0.2731
0.268
0.267
0.2669
0.2652
0.2658
0.2637
0.2708
0.2641
0.2571
0.2938
0.289
0.2652
0.2728
0.2319
0.2691
0.2714
0.2471
0.279
0.2756
0.2404
0.267
0.3006
0.2723
0.2352
0.2757
0.2839
0.2388
0.271
0.2353
0.2802
0.2755
0.2318
0.2492
0.2886
0.2767
0.2636
0.2248
0.3005
0.2761
0.2245

---------------------------------------
CodechalDecodeHevcG12::DecodeStateLevel
---------------------------------------
0.2172
0.2989
0.4114
0.2347
0.5832
0.1438
0.3276
0.1588
0.3449
0.1335
0.1293
0.1559
0.07
0.1365
0.0629
0.1157
0.0438
0.1481
0.035
0.1149
0.0369
0.1125
0.0337
0.1356
0.0343
0.1146
0.0455
0.125
0.038
0.1359
0.0365
0.1066
0.0309
0.1277
0.0353
0.1091
0.0326
0.1157
0.0414
0.1265
0.0335
0.1136
0.047
0.1344
0.0407
0.1193
0.0384
0.1144
0.0364
0.1183
0.0335
0.1163
0.0366
0.1244
0.0372
0.1213
0.0352
0.0988
0.0381
0.1187
0.04
0.1184
0.0407
0.1144
0.0327
0.1109
0.0432
0.121
0.0337
0.1125
0.033
0.1161
0.0369
0.1291
0.0528
0.1336
0.0577
0.1352
0.0508
0.1273
0.0399
0.1259
0.0308
0.108
0.0384
0.1163
0.0406
0.1235
0.0397
0.1099
0.0341
0.1057
0.0339
0.1032
0.0434
0.1111
0.0396
0.1241
0.0322
0.1046
0.04
0.112
0.0291
0.1014
0.0404
0.1068
0.0407
0.1103
0.0434
0.1461
0.043
0.1078
0.0456
0.1285
0.0433
0.1152
0.0349
0.1069
0.0489
0.1253
0.0434
0.1209
0.0451
0.1083
0.0446
0.1083
0.0519
0.1226
0.056
0.1236
0.0398
0.1198
0.0389
0.1181
0.0471
0.1212
0.0497
0.1261
0.0402
0.1293
0.0464
0.1684
0.0428
0.1177
0.0497
0.1706
0.0391
0.1191
0.032
0.1078
0.0406
0.1211
0.05
0.1773
0.0396
0.1174
0.0403
0.1186
0.0361
0.111
0.0463
0.1215
0.0385
0.1196
0.0491
0.1281
0.0501
0.1258
0.0401
0.1194
0.0409
0.1198
0.0362
0.1085
0.0407
0.1159
0.0395
0.1075
0.038
0.1187
0.0416
0.1269
0.0321
0.1049
0.0382
0.1127
0.0404
0.1124
0.0414
0.1175
0.0461
0.1176
0.0376
0.1174
0.0379
0.1162
0.0373
0.1158
0.0373
0.1168
0.0386
0.1178
0.04
0.1164
0.0409
0.1146
0.0419
0.1095
0.038
0.1166
0.0379
0.1203
0.0384
0.1161
0.0383
0.1187
0.0379
0.1191
0.0404
0.1176
0.0396
0.1154
0.0411
0.1162
0.0372
0.117
0.0369
0.1176
0.0379
0.1186
0.0375
0.1177
0.0388
0.1185
0.0405
0.1162
0.0395
0.1008
0.0417
0.1152
0.0391
0.1169
0.0382
0.1118
0.0382
0.113
0.0367
0.116
0.0374
0.1155
0.0403
0.1165
0.0429
0.1171
0.0414
0.1148
0.0378
0.1177
0.0376
0.1148
0.0375
0.1164
0.0376
0.1202
0.0392
0.1168
0.0398
0.1175
0.0401
0.1179
0.0412
0.1157
0.0372
0.116
0.0371
0.12
0.0312
0.1081
0.0381
0.1167
0.0384
0.1156
0.0392
0.1168
0.0397
0.1174
0.0406
0.1155
0.0384
0.1177
0.037
0.1167
0.0381
0.1161
0.0373
0.117
0.0373
0.1085
0.0397
0.117
0.0443
0.1228
0.041
0.1167
0.0298
0.1064
0.0374
0.1206
0.0368
0.117
0.0387
0.12
0.0386
0.1221
0.0412
0.1195
0.0447
0.1215
0.0402
0.1175
0.0394
0.1217
0.0376
0.1206
0.039
0.1226
0.039
0.1237
0.0389
0.1223
0.0411
0.1208
0.0418
0.1192
0.0409
0.1181
0.0396
0.1238
0.0324
0.145
0.0389
0.1204
0.0389
0.1207
0.0384
0.12
0.0399
0.1141
0.042
0.1202
0.0417
0.1168
0.0389
0.1244
0.0383
0.1233
0.039
0.1059
0.0377
0.1243
0.0487
0.1278
0.0435
0.1114
0.0406
0.1137
0.0442
0.1145
0.0381
0.1161
0.037
0.1157
0.0376
0.1152
0.0376
0.1146
0.0382
0.122
0.0443
0.1196
0.041
0.1201
0.0406
0.1155
0.0398
0.1202
0.0374
0.1157
0.0399
0.1257
0.0464
0.1215
0.0381
0.1183
0.0468
0.1197
0.046
0.1207
0.0442
0.1214
0.0387
0.1228
0.0374
0.1161
0.039
0.1218
0.0393
0.1208
0.0389
0.1223
0.0407
0.12
0.036
0.1088
0.041
0.1185
0.0335
0.0932
0.0381
0.1177
0.0507
0.1223
0.0388
0.1105
0.039
0.1147
0.04
0.1151
0.0485
0.1195
0.0337
0.1074
0.0376
0.1224
0.0384
0.122
0.0382
0.1287
0.038
0.1216
0.039
0.1203
0.0399
0.1255
0.0516
0.165
0.0418
0.1166
0.0384
0.1209
0.0386
0.1295
0.0482
0.1229
0.0376
0.118
0.0388
0.1233
0.0429
0.1206
0.0406
0.1197
0.0453
0.1202
0.0384
0.1213
0.0383
0.1187
0.0434
0.1207
0.0372
0.1166
0.0409
0.1257
0.0661
0.1243
0.0417
0.103
0.0405
0.1213
0.0376
0.1243
0.0382
0.1153
0.0385
0.1217
0.0389
0.1329
0.0383
0.1224
0.0446
0.1306
0.0414
0.1221
0.0352
0.1085
0.0405
0.1273
0.0378
0.1237
0.037
0.1172
0.0403
0.1237
0.0379
0.1218
0.0416
0.1192
0.0425
0.1158
0.0399
0.1184
0.0392
0.1213
0.0376
0.1214
0.0401
0.1226
0.0393
0.1243
0.0379
0.1232
0.0398
0.1189
0.0396
0.1201
0.04
0.1172
0.0381
0.1209
0.0378
0.1178
0.04
0.1223
0.0383
0.1176
0.0377
0.1099
0.0434
0.1301
0.0491
0.126
0.0462
0.109
0.0408
0.1211
0.032
0.1089
0.0403
0.1211
0.0399
0.1232
0.0376
0.1082
0.0417
0.1246
0.0412
0.1226
0.0348
0.1097
0.0391
0.1181
0.045
0.148
0.0389
0.1229
0.033
0.1118
0.0407
0.1245
0.0455
0.1229
0.0349
0.1117
0.0433
0.1207
0.0323
0.1118
0.0392
0.1265
0.0393
0.1257
0.0322
0.1095
0.0347
0.1179
0.0449
0.1273
0.0425
0.1221
0.048
0.1118
0.0311
0.1077
0.0452
0.1275
0.0383
0.1245
0.0303
0.1081

-------------------------------------
CodechalDecodeHevcG12::SetFrameStates
-------------------------------------
0.3626
0.0143
0.0105
0.0117
0.0101
0.0089
0.0114
0.0086
0.0101
0.0102
0.0081
0.0077
0.0074
0.011
0.0086
0.0082
0.0061
0.0081
0.007
0.0095
0.0082
0.0103
0.008
0.0087
0.0081
0.0069
0.009
0.0072
0.0094
0.0069
0.0075
0.0081
0.0069
0.0089
0.0071
0.0067
0.0093
0.0117
0.0145
0.013
0.0096
0.0077
0.01
0.0095
0.0094
0.0069
0.0063
0.0082
0.0108
0.0065
0.0082
0.0061
0.0091
0.0085
0.0081
0.0093
0.0133
0.0101
0.0079
0.0123
0.0119
0.0112
0.0122
0.0138
0.0097
0.0097
0.0097
0.0124
0.0124
0.0095
0.0132
0.0094
0.0129
0.0094
0.0072
0.0123
0.0129
0.0096
0.0093
0.0089
0.0129
0.0095
0.013
0.0127
0.0097
0.0097
0.0091
0.0094
0.0096
0.0097
0.0101
0.0071
0.0094
0.0092
0.0105
0.0102
0.0099
0.0094
0.0093
0.0093
0.0093
0.0094
0.0095
0.0119
0.0102
0.0094
0.0102
0.0095
0.0115
0.0111
0.0095
0.0109
0.0107
0.0094
0.0115
0.0104
0.0103
0.0101
0.0094
0.0103
0.011
0.0102
0.0092
0.0094
0.0094
0.0093
0.0095
0.0105
0.0104
0.0095
0.0106
0.0104
0.0095
0.0096
0.0094
0.0095
0.0094
0.0095
0.0073
0.0093
0.0096
0.0111
0.0106
0.0105
0.0104
0.0102
0.0106
0.0093
0.0098
0.0094
0.0094
0.0093
0.0071
0.0096
0.0112
0.0104
0.0094
0.0094
0.0094
0.0093
0.0109
0.0094
0.0094
0.0119
0.0094
0.0094
0.0095
0.0093
0.0096
0.0074
0.0095
0.0096
0.0094
0.0097
0.0094
0.0094
0.0094
0.0094
0.0095
0.0094
0.0122
0.0093
0.0093
0.0097
0.0147
0.0098
0.0097
0.0093
0.0097
0.0094
0.0095
0.0096
0.0094
0.0095
0.0096
0.0124
0.0096
0.0125
0.0094
0.0099
0.0095
0.0092
0.0094
0.0096
0.0095
0.0097
0.0092
0.0097
0.0075
0.0111
0.0095
0.0111
0.0097
0.0095
0.013
0.0076
0.0095
0.0096
0.0095
0.0093
0.0097
0.0097
0.0125
0.0097
0.0097
0.0094
0.0134
0.0094
0.0095
0.0096
0.0094
0.0094
0.0094
0.0094
0.0126
0.0096
0.0105
0.0126
0.0077
0.0095
0.0095
0.0093
0.0093
0.0094
0.0106
0.0113
0.0096
0.0072
0.0096
0.0095
0.0095
0.0097
0.0095
0.0095
0.0096
0.0095
0.0094
0.0095
0.0096
0.0096
0.0095
0.0093
0.0095
0.0095
0.0097
0.0093
0.0095
0.0095
0.0095
0.0124
0.0104
0.01
0.0098
0.0074
0.0095
0.0096
0.0117
0.0115
0.0095
0.0079
0.0097
0.0096
0.0096
0.0074
0.0097
0.01
0.0075
0.0098
0.0076
0.0109
0.0096
0.0087
0.0088
0.0105
0.0095
0.0102
0.0065
0.0139
0.01
0.0068

--------------------------
CreateVideoDecoder_D3D11_1
--------------------------
23.6361
17.1933
16.7296
14.566

---------------------------
DestroyVideoDecoder_D3D11_1
---------------------------
16.3058
26.6081
38.8409
0

---------------------
DxvaEncodeHEVC_Create
---------------------
23.4787
17.0164
16.5728

-----------------------
DxvaEncodeHEVC_EndFrame
-----------------------
0.0019
0.001
0.0012
0.0016
0.0013
0.001
0.0013
0.0007
0.0007
0.0015
0.0007
0.0008
0.0008
0.0017
0.0007
0.0007
0.0007
0.0007
0.0008
0.0021
0.0009
0.0007
0.0007
0.0007
0.0007
0.0006
0.0009
0.0006
0.0026
0.0009
0.0007
0.0008
0.0007
0.0006
0.0007
0.0006
0.0005
0.0007
0.0009
0.0011
0.0007
0.0008
0.0023
0.0009
0.0009
0.0008
0.0009
0.0009
0.0007
0.0008
0.0008
0.0009
0.001
0.0007
0.0009
0.0009
0.0008
0.0008
0.0009
0.0008
0.0011
0.0009
0.0008
0.0031
0.0008
0.0009
0.0008
0.0012
0.0008
0.0009
0.0013
0.0007
0.0011
0.0008
0.0009
0.0008
0.0008
0.0009
0.0009
0.0008
0.0008
0.0007
0.0008
0.0008
0.0008
0.0008
0.0008
0.0008
0.0007
0.0008
0.0007
0.0009
0.001
0.0007
0.0041
0.0009
0.0008
0.0007
0.0009
0.0007
0.0008
0.0008
0.0008
0.0011
0.0008
0.0008
0.0008
0.0008
0.0008
0.0008
0.0008
0.0008
0.0008
0.0009
0.0008
0.0008
0.0009
0.0008
0.0008
0.0008
0.0008
0.0008
0.0009
0.0009
0.0008
0.0009
0.0009
0.0008
0.0009
0.0009
0.0009
0.0009
0.0008
0.0008
0.0006
0.0008
0.0008
0.0007
0.0008
0.0008
0.0008
0.0036
0.0008
0.0008
0.0008
0.001
0.0008
0.0009
0.0008
0.0009
0.0008
0.0007
0.0007
0.0008
0.0007
0.0007
0.0006
0.0005
0.0006
0.0006
0.0005
0.0005
0.0008
0.0008
0.0014
0.0006
0.0006
0.0006
0.0009
0.0006
0.0005
0.0006
0.0005
0.0005
0.0005
0.0005
0.0009
0.0005
0.0005
0.0005
0.0009
0.0009
0.0007
0.0008
0.0005
0.0005
0.0005
0.0009
0.0005
0.0009
0.0006
0.001
0.0009
0.0008
0.0005
0.0006
0.0006
0.0005
0.0005
0.0005
0.0006
0.001
0.0009
0.0007
0.0007
0.0008
0.0005
0.0005
0.0009
0.0013
0.0008
0.0039
0.0007
0.0014
0.0008
0.001
0.0011
0.0007
0.0009
0.0009
0.0009
0.0007
0.0009
0.0008
0.0006
0.0006
0.0006
0.0006
0.0005
0.0009
0.0009
0.0009
0.0006
0.0009
0.0008
0.0006
0.0007
0.0006
0.0006
0.0006
0.0006
0.0007
0.0008
0.0006
0.0007
0.0006
0.0007
0.0007
0.0006
0.0005
0.0008
0.0008
0.0006
0.0005
0.0005
0.0005
0.0006
0.0009
0.0009
0.0008
0.0006
0.0009
0.0006
0.0009
0.0005
0.0006
0.0008
0.0006
0.0007
0.0006
0.0006
0.0006
0.0005
0.0008
0.0008
0.0007
0.0009
0.0008
0.0008
0.0009
0.0006
0.0006
0.0006
0.0006
0.0009
0.0009
0.0005
0.0009
0.0008
0.0008
0.0006
0.0005
0.001
0.0009
0.0008
0.0005
0.0007
0.0006
0.0007
0.0005

----------------------
DxvaEncodeHEVC_Execute
----------------------
0.0037
0.0015
11.2077
6.3529
0.3376
4.8677
0.5226
1.5881
0.5336
1.8049
0.2133
1.165
0.2811
1.1611
0.2769
1.7598
0.0142
0.9184
0.029
0.8096
0.0246
0.9041
0.0318
0.8709
0.0133
0.906
0.016
0.7846
0.0246
0.8465
0.0198
0.8165
0.0208
0.8244
0.0283
0.8068
0.0236
0.9266
0.0295
0.8507
0.0212
0.8141
0.0264
0.9145
0.0212
0.7811
0.0183
0.9324
0.0184
0.7935
0.0231
0.8546
0.0168
0.8244
0.0222
0.7948
0.0205
0.8402
0.0158
0.8001
0.0217
0.7582
0.016
0.7986
0.0157
0.8882
0.0243
0.7982
0.0226
0.8396
0.02
0.7885
0.0151
0.747
0.0144
0.7499
0.0128
0.9863
0.019
1.1342
0.0179
0.804
0.015
0.8604
0.0189
0.8266
0.016
0.8367
0.0162
0.8248
0.0164
0.832
0.0154
0.8337
0.0203
0.8282
0.0157
0.9155
0.013
0.8292
0.0151
0.8226
0.0152
0.8341
0.0152
1.1465
0.0193
0.8618
0.0155
0.827
0.0203
1.0999
0.0149
0.8283
0.0137
0.8418
0.0208
0.8385
0.0136
0.8354
0.0146
1.1327
0.0176
0.8162
0.0184
0.8831
0.0135
0.8405
0.0132
0.8288
0.0163
0.8191
0.0136
0.8251
0.0159
1.134
0.0183
0.9321
0.0143
0.8533
0.0134
1.1325
0.0163
0.8093
0.0133
1.104
0.0175
0.7938
0.0136
0.8251
0.014
0.8344
0.0155
0.8497
0.0135
0.8202
0.0139
0.8986
0.0143
1.0503
0.0134
0.8902
0.0137
0.8257
0.0131
0.8072
0.0134
0.8285
0.0134
0.8212
0.0135
0.8069
0.0133
0.8772
0.0134
0.7795
0.0136
1.5621
0.0134
1.3834
0.0132
0.7995
0.0137
1.6014
0.0135
0.8161
0.0136
0.8192
0.0131
0.8173
0.0136
1.7157
0.0172
0.8108
0.0148
0.8869
0.0142
0.8051
0.014
0.8143
0.0137
0.814
0.0133
0.825
0.0137
0.8091
0.014
0.8101
0.0141
1.3739
0.0134
1.3862
0.0144
0.7723
0.0137
1.3797
0.0135
1.372
0.0134
0.8053
0.0137
0.8145
0.0132
0.815
0.0136
0.8183
0.0135
0.8157
0.0136
0.8131
0.0138
0.8182
0.0139
1.3683
0.0132
1.3791
0.0136
0.8139
0.014
1.3803
0.0133
1.3135
0.0143
0.7955
0.0136
0.9079
0.0136
0.8174
0.0132
0.8155
0.0145
0.8115
0.0135
0.805
0.0135
0.814
0.0141
0.8177
0.0141
0.8113
0.013
0.8144
0.0136
0.816
0.0135
0.8264
0.0142
1.7572
0.0132
1.2851
0.0125
1.3699
0.0138
0.8056
0.0141
0.7756
0.0129
1.4571
0.014
0.819
0.0133
0.813
0.0137
0.8265
0.0137
0.8122
0.0173
0.8186
0.0137
0.7896
0.0136
1.382
0.0137
0.7974
0.0136
0.8349
0.016
1.7672
0.014
1.3735
0.0139
1.3729
0.0134
1.3043
0.0164
1.3325
0.0121
0.8274
0.0224
0.8158
0.0135
1.2975
0.0119
1.2705
0.012
1.2778
0.015
1.2818
0.0118
1.2684
0.0121
1.2827
0.0115
1.2826
0.0116
0.8043
0.0134
0.7928
0.0136
1.3538
0.0137
0.7663
0.0124
1.6373
0.0121
1.2984
0.0123
0.815
0.0186
1.2767
0.0122
1.2792
0.0118
1.2881
0.0119
1.2822
0.0118
1.2801
0.0115
1.2496
0.0122
1.2748
0.0124
0.8194
0.0207
1.2464
0.012
1.2791
0.0118
1.2831
0.0119
0.8232
0.0325
0.807
0.0134
0.8119
0.0132
0.813
0.0136
1.253
0.0117
1.2897
0.0121
1.2634
0.0117
0.8266
0.0235
1.2836
0.0114
0.8277
0.0335
1.2708
0.0119
0.8316
0.0264
0.8108
0.0136
0.8108
0.0153
1.2449
0.0121
1.2811
0.0124
1.2742
0.0123
1.6461
0.0115
1.2662
0.0115
1.2732
0.0117
1.3028
0.0122
0.8338
0.0147
0.8154
0.0133
1.2913
0.015
0.8253
0.0172
1.1591
0.0161
1.307
0.0123
1.2842
0.0124
0.8243
0.0135
1.7013
0.0167
0.7988
0.0148
1.715
0.0139
1.31
0.0165
1.3075
0.0141
1.0222
0.0136
0.8297
0.0139
1.6418
0.0176
1.2959
0.0128
0.7993
0.0143
0.9471
0.0143
0.8414
0.0137
1.3023
0.0127
0.8152
0.0206
0.8139
0.0134
1.2874
0.0127
1.2872
0.0118
1.2693
0.0116
1.2949
0.0121
1.2704
0.0128
0.8274
0.0333
0.8221
0.0161
0.8184
0.0141
1.3393
0.0122
0.8189
0.0168
1.0096
0.0157
0.7619
0.0128
0.7413
0.0278
0.7366
0.0126
0.7304
0.0125
1.3026
0.0138
0.7123
0.0156
0.714
0.0142
1.3387
0.0156
1.6683
0.0128
0.7557
0.0152
1.6674
0.0137
1.2569
0.0119
0.7388
0.0152
0.7292
0.0119
0.7337
0.0125
0.8672
0.0138
1.3056
0.013
1.2865
0.0127
1.2751
0.0121
1.2512
0.0122
1.2799
0.0114
1.2718
0.0115
0.8253
0.0238
0.8133
0.0137
0.8172
0.014
2.7063
0.0128
0.8271
0.0209
0.7964
0.0121
0.8371
0.0192
0.7786
0.012
1.1903
0.0411
0.8839
0.0187
0.7319
0.0117
0.8134
0.0127
0.7502
0.012
0.7697
0.0127
0.7882
0.0116
0.7892
0.0116
0.8285
0.0136
0.8335
0.0153
0.7949
0.0135
0.8219
0.0138
0.8167
0.0134
0.8099
0.0136
0.7993
0.016
0.7701
0.0127
0.7857
0.0119
0.7481
0.0129
0.765
0.0122
0.8504
0.0254
0.8336
0.0152
0.7222
0.0121
0.8086
0.0169
0.8264
0.0142
0.8277
0.0208
0.7514
0.0117
0.7385
0.0116
0.8516
0.0277
0.8269
0.0154
0.753
0.0128
0.786
0.0149
0.7733
0.0158
0.7917
0.0155
0.7677
0.0169
0.8154
0.0165
0.0429

----------------
First Frame Time
----------------
166.982

----------------------
HEVC_QueryStatusReport
----------------------
0.3356
0.5203
0.5321
0.2117
0.2798
0.2755
0.0128
0.0273
0.0231
0.0307
0.0122
0.0148
0.0222
0.0187
0.019
0.0268
0.0224
0.0282
0.0198
0.0223
0.0192
0.0171
0.0172
0.0218
0.0158
0.0208
0.0193
0.0146
0.0203
0.0148
0.0146
0.0231
0.0212
0.0188
0.0138
0.0131
0.0117
0.0176
0.016
0.0139
0.0176
0.0145
0.0148
0.0151
0.0141
0.0159
0.0144
0.012
0.0136
0.0137
0.0139
0.0174
0.0141
0.0139
0.0136
0.0125
0.0195
0.0124
0.0131
0.0159
0.0169
0.0123
0.0121
0.015
0.0124
0.0148
0.0163
0.0131
0.0122
0.0145
0.0122
0.0155
0.0124
0.0126
0.0142
0.0123
0.0125
0.013
0.0122
0.0124
0.0119
0.0122
0.0121
0.0123
0.0121
0.0121
0.0124
0.0122
0.012
0.0124
0.0124
0.0125
0.0119
0.0123
0.0159
0.0135
0.013
0.0128
0.0125
0.0122
0.0125
0.0128
0.0129
0.0121
0.0132
0.0125
0.0122
0.0122
0.0125
0.012
0.0125
0.0124
0.0124
0.0124
0.0126
0.0121
0.0124
0.0129
0.012
0.0131
0.0124
0.0124
0.012
0.0131
0.0123
0.0123
0.0129
0.0128
0.012
0.0123
0.0124
0.0129
0.012
0.0114
0.0126
0.013
0.0119
0.0126
0.0121
0.0125
0.0125
0.016
0.0126
0.0125
0.0123
0.0124
0.0148
0.0128
0.0126
0.0122
0.0153
0.0111
0.0213
0.0123
0.0108
0.011
0.0107
0.0108
0.0111
0.0105
0.0107
0.0123
0.0124
0.0125
0.0114
0.0111
0.0113
0.0173
0.0112
0.0109
0.0108
0.0108
0.0106
0.0112
0.0114
0.0194
0.011
0.0108
0.011
0.0313
0.0121
0.0119
0.0123
0.0107
0.0111
0.0106
0.0222
0.0105
0.0322
0.0109
0.0243
0.0123
0.014
0.0112
0.0115
0.0114
0.0106
0.0106
0.0106
0.0112
0.0134
0.0121
0.0131
0.016
0.0148
0.0112
0.0114
0.0122
0.0148
0.0135
0.0126
0.0154
0.0129
0.0125
0.0125
0.0159
0.0117
0.0131
0.013
0.0125
0.0116
0.0193
0.0122
0.0118
0.0109
0.0106
0.0111
0.0118
0.0321
0.0147
0.0128
0.0111
0.0155
0.0145
0.0118
0.0117
0.0114
0.0114
0.0129
0.0146
0.0128
0.0145
0.0117
0.0141
0.0127
0.0109
0.0142
0.0109
0.0115
0.0127
0.0118
0.0116
0.0111
0.0112
0.0105
0.0105
0.0225
0.0124
0.0128
0.0117
0.0194
0.0111
0.0176
0.011
0.0118
0.0172
0.0107
0.0116
0.011
0.0118
0.0107
0.0106
0.0124
0.0138
0.0123
0.0125
0.0122
0.0124
0.0148
0.0116
0.011
0.0112
0.0113
0.0241
0.0138
0.0112
0.0157
0.013
0.0194
0.0108
0.0106
0.0265
0.014
0.0117
0.014
0.0147
0.0145
0.0159
0.0155
0.0413

--------------------------------------
VideoDecoderBeginFrame_WDDM2_4_D3D11_1
--------------------------------------
0.0089
0.0028
0.0026
0.0039
0.0023
0.0037
0.0037
0.0029
0.0028
0.0038
0.0023
0.0023
0.0025
0.0042
0.0021
0.0019
0.0017
0.0027
0.0021
0.0032
0.0025
0.0033
0.0022
0.0025
0.0026
0.0026
0.0024
0.0029
0.0032
0.0024
0.0021
0.0025
0.0022
0.0022
0.0021
0.0027
0.0029
0.0045
0.0051
0.0046
0.003
0.0026
0.0037
0.0034
0.0026
0.0018
0.0027
0.0026
0.0088
0.0019
0.0023
0.002
0.0031
0.0018
0.0024
0.002
0.0026
0.0023
0.0034
0.0032
0.0031
0.0035
0.004
0.0056
0.003
0.0037
0.0067
0.0036
0.0035
0.0031
0.0029
0.0036
0.0038
0.0031
0.0024
0.0033
0.0031
0.0034
0.0037
0.003
0.0036
0.0035
0.0037
0.0039
0.004
0.0034
0.0033
0.0036
0.0033
0.0038
0.0027
0.0026
0.0033
0.0035
0.0048
0.0023
0.0031
0.0032
0.0035
0.0028
0.0029
0.0121
0.0037
0.0034
0.0037
0.0035
0.0036
0.0034
0.0032
0.0036
0.003
0.0037
0.0036
0.0039
0.0033
0.0036
0.0034
0.0037
0.0036
0.0037
0.0037
0.0039
0.0036
0.0037
0.0036
0.0039
0.0038
0.0035
0.0035
0.0038
0.0033
0.0033
0.0037
0.0037
0.0039
0.0036
0.0036
0.0029
0.0021
0.003
0.0038
0.0054
0.0036
0.0036
0.0038
0.003
0.0031
0.003
0.0032
0.0036
0.0032
0.0029
0.002
0.0039
0.0039
0.0032
0.0034
0.0037
0.0032
0.0041
0.0035
0.0034
0.0035
0.0038
0.0033
0.0035
0.0036
0.004
0.0034
0.0022
0.0037
0.0029
0.0032
0.004
0.0032
0.0034
0.0032
0.0034
0.0034
0.0033
0.0031
0.0032
0.0034
0.0034
0.0033
0.0037
0.004
0.004
0.0036
0.0033
0.0032
0.0036
0.0038
0.0034
0.0039
0.0032
0.0048
0.0037
0.0033
0.0043
0.0037
0.0028
0.0035
0.0032
0.0035
0.0032
0.0033
0.003
0.002
0.0057
0.0038
0.0074
0.0032
0.0028
0.0034
0.002
0.0035
0.0039
0.0042
0.0039
0.0033
0.003
0.0038
0.003
0.0038
0.0033
0.0038
0.0037
0.0035
0.0034
0.0033
0.0031
0.0038
0.0032
0.0042
0.0039
0.0033
0.0034
0.002
0.0032
0.0037
0.0035
0.004
0.0034
0.0031
0.003
0.0048
0.002
0.0046
0.003
0.0028
0.0039
0.0039
0.0037
0.0043
0.0037
0.0034
0.0036
0.0037
0.0038
0.0037
0.0033
0.0042
0.0038
0.0032
0.0033
0.0036
0.0036
0.0031
0.0035
0.0036
0.0025
0.0034
0.0027
0.0033
0.0033
0.0034
0.0037
0.0035
0.0033
0.0036
0.003
0.003
0.0027
0.0036
0.003
0.0028
0.0038
0.0028
0.0037
0.0031
0.0033
0.0028
0.0034
0.003
0.0033
0.0022
0.0042
0.003
0.0019

----------------------------
VideoDecoderEndFrame_D3D11_1
----------------------------
0.0341
0.0585
0.0954
0.118
0.101
0.0045
0.1011
0.0026
0.053
0.0049
0.0559
0.004
0.057
0.0047
0.0786
0.0038
0.0544
0.0037
0.053
0.0079
0.0561
0.0029
0.0556
0.0036
0.0025
0.0524
0.0028
0.054
0.0537
0.0031
0.0538
0.0034
0.0023
0.0577
0.0024
0.0595
0.003
0.0553
0.0023
0.061
0.0031
0.0585
0.0065
0.0569
0.003
0.0577
0.0026
0.0559
0.0025
0.0544
0.0024
0.0566
0.0023
0.0551
0.0022
0.0563
0.0028
0.0551
0.0022
0.0682
0.0044
0.0554
0.0027
0.0567
0.0025
0.0547
0.0031
0.0579
0.0029
0.0583
0.002
0.0605
0.0021
0.0626
0.0019
0.0565
0.0018
0.0022
0.0567
0.0551
0.0028
0.057
0.0037
0.0606
0.0021
0.0755
0.0028
0.0532
0.0047
0.0543
0.003
0.0526
0.003
0.0588
0.0056
0.0535
0.0029
0.0538
0.003
0.052
0.0029
0.0533
0.0032
0.0531
0.0028
0.0735
0.0031
0.0517
0.0056
0.0781
0.0026
0.0583
0.0028
0.0817
0.0028
0.0609
0.0028
0.0562
0.0026
0.0721
0.0027
0.0575
0.0029
0.0582
0.0036
0.0629
0.0025
0.0613
0.0027
0.0589
0.005
0.0595
0.0026
0.0606
0.0027
0.0027
0.0598
0.0778
0.0038
0.0608
0.0025
0.0878
0.0028
0.0039
0.0617
0.0563
0.0025
0.0609
0.0038
0.082
0.0027
0.0612
0.0027
0.058
0.0027
0.0632
0.0027
0.0657
0.0026
0.0601
0.0026
0.0585
0.0026
0.0721
0.0027
0.0579
0.0027
0.058
0.0027
0.0555
0.0026
0.0598
0.0027
0.0562
0.0027
0.0575
0.0027
0.0024
0.0581
0.0575
0.0021
0.0593
0.0028
0.0579
0.0027
0.0572
0.0028
0.0523
0.0028
0.0594
0.0026
0.0597
0.006
0.0603
0.0572
0.0035
0.0589
0.0026
0.059
0.0026
0.0593
0.0027
0.0588
0.0026
0.0602
0.0026
0.0774
0.0027
0.0616
0.0026
0.0587
0.0072
0.0584
0.0027
0.06
0.0027
0.0559
0.0023
0.0593
0.0028
0.0586
0.0027
0.0617
0.0028
0.0615
0.0028
0.0588
0.0027
0.0602
0.0026
0.0601
0.0027
0.059
0.0026
0.0601
0.0028
0.0595
0.0027
0.0608
0.0027
0.0579
0.0027
0.0586
0.0027
0.059
0.0027
0.0607
0.0028
0.0623
0.0027
0.0567
0.0028
0.0619
0.0027
0.0603
0.0027
0.0565
0.0028
0.0584
0.0028
0.0583
0.0029
0.0573
0.0027
0.0566
0.0026
0.0569
0.0028
0.0565
0.0026
0.0575
0.0594
0.0026
0.0021
0.0583
0.0027
0.0572
0.0024
0.0022
0.0579
0.0027
0.0619
0.0026
0.0623
0.0027
0.0581
0.0057
0.0596
0.0027
0.059
0.0028
0.0675
0.0027
0.0582
0.0028
0.056
0.0027
0.0575
0.0027
0.0563
0.0576
0.0026
0.058
0.0027
0.059
0.0028
0.0631
0.0023
0.0613
0.002
0.0544
0.0027
0.0633
0.0027
0.0605
0.0021
0.0635
0.0019
0.0583
0.0017
0.0597
0.0019
0.0583
0.0018
0.0607
0.0017
0.0594
0.0018
0.0651
0.0027
0.0026
0.059
0.003
0.0606
0.0551
0.0021
0.0555
0.0018
0.0628
0.0018
0.0558
0.0029
0.0591
0.0019
0.0604
0.0017
0.0618
0.0025
0.0599
0.0018
0.0601
0.0017
0.0018
0.0602
0.0017
0.06
0.0027
0.0595
0.0018
0.0589
0.0017
0.0601
0.0017
0.0602
0.0026
0.061
0.0027
0.0581
0.0027
0.0584
0.0026
0.057
0.0019
0.0595
0.0017
0.0602
0.0017
0.0612
0.0028
0.0617
0.0018
0.0604
0.0028
0.0601
0.0017
0.0762
0.0028
0.0586
0.0027
0.0592
0.0026
0.0615
0.0018
0.0601
0.0018
0.06
0.0018
0.0626
0.0553
0.0017
0.0619
0.0017
0.0606
0.0017
0.0606
0.0018
0.0576
0.0029
0.0567
0.0028
0.0021
0.0026
0.0555
0.0521
0.0027
0.0634
0.0018
0.0632
0.0019
0.0694
0.0027
0.0588
0.0038
0.0588
0.0023
0.0615
0.0505
0.0054
0.0815
0.0025
0.0648
0.0029
0.0832
0.0022
0.0597
0.0029
0.0562
0.0033
0.0756
0.0022
0.0028
0.0808
0.0028
0.0561
0.0027
0.0592
0.0023
0.0585
0.0027
0.0591
0.0026
0.061
0.002
0.0586
0.0018
0.06
0.0019
0.0617
0.0021
0.06
0.0018
0.0592
0.0027
0.0596
0.0027
0.0578
0.0027
0.0591
0.0018
0.0586
0.0028
0.0606
0.058
0.0026
0.0594
0.0022
0.0593
0.0021
0.0582
0.0021
0.0688
0.0018
0.061
0.0021
0.002
0.0596
0.002
0.0609
0.0024
0.0581
0.0608
0.0021
0.0599
0.0022
0.0595
0.0744
0.002
0.0023
0.0564
0.0021
0.059
0.0019
0.0578
0.0019
0.0676
0.0025
0.0599
0.003
0.0597
0.0019
0.0579
0.0018
0.0018
0.0594
0.0018
0.0576
0.0027
0.0614
0.0028
0.0594
0.0027
0.0601
0.0028
0.0616
0.0022
0.0607
0.0036
0.0607
0.0019
0.0608
0.0028
0.06
0.0019
0.0574
0.0023
0.0026
0.0569
0.002
0.0581
0.0576
0.0022
0.0019
0.0576
0.0568
0.002
0.0576
0.0018
0.0593
0.0018
0.0544
0.0031
0.0559
0.0027
0.0566
0.0026
0.0562
0.0027
0.0578
0.0026
0.0558
0.0028
0.0025
0.0578
0.0545
0.0021
0.0569
0.0019
0.0018
0.056
0.0534
0.0019
0.0592
0.0031
0.056
0.0029
0.0565
0.0016
0.0579
0.0024
0.0565
0.003
0.0545
0.0027
0.0603
0.0019
0.0571
0.0017
0.056
0.0029
0.0547
0.0029
0.0562
0.0022
0.0017
0.0561
0.0536
0.002
0.0019
0.0021
0.0018

---------------------------------
VideoDecoderSubmitBuffers_D3D11_1
---------------------------------
1.2114
0.8029
0.8731
0.6322
0.6062
0.4214
0.3283
0.3093
0.3148
0.2738
0.2658
0.2809
0.2613
0.3143
0.284
0.2502
0.2534
0.2528
0.2571
0.3011
0.2567
0.3189
0.2839
0.2686
0.2699
0.2644
0.2824
0.2771
0.2501
0.2707
0.2695
0.2764
0.2499
0.287
0.2544
0.2563
0.2913
0.3457
0.3598
0.3335
0.3024
0.2382
0.2856
0.2981
0.2749
0.2466
0.2409
0.2673
0.2993
0.2472
0.2663
0.2268
0.2666
0.2697
0.3214
0.273
0.3127
0.2861
0.2603
0.3166
0.2963
0.2919
0.2863
0.318
0.3187
0.2884
0.2815
0.3159
0.3218
0.3038
0.3617
0.287
0.3896
0.2858
0.2422
0.2939
0.3959
0.2828
0.2872
0.2636
0.3168
0.2833
0.324
0.3244
0.2879
0.29
0.2583
0.2753
0.2759
0.2846
0.3038
0.2417
0.2767
0.2783
0.2893
0.2881
0.2812
0.2807
0.2776
0.2794
0.2829
0.2857
0.2824
0.2816
0.2842
0.2837
0.284
0.2834
0.2876
0.2886
0.2806
0.2902
0.2838
0.2805
0.286
0.2841
0.2859
0.2859
0.2698
0.2878
0.2847
0.2782
0.277
0.2741
0.2784
0.2826
0.2897
0.2867
0.285
0.2785
0.2833
0.2884
0.2857
0.2871
0.2875
0.2861
0.2819
0.2837
0.2438
0.2838
0.2806
0.3402
0.287
0.2857
0.2853
0.2818
0.2834
0.3053
0.2752
0.2834
0.2998
0.2863
0.2384
0.2868
0.2832
0.288
0.289
0.2883
0.297
0.2853
0.2927
0.2843
0.2878
0.2967
0.2874
0.29
0.3006
0.2858
0.2929
0.4307
0.2907
0.2928
0.2877
0.2825
0.2893
0.2875
0.291
0.289
0.2797
0.2894
0.325
0.2857
0.2822
0.2897
0.2924
0.2809
0.2819
0.2789
0.2869
0.2933
0.2886
0.2838
0.2903
0.2813
0.2975
0.3157
0.2838
0.312
0.2964
0.2978
0.2922
0.2784
0.2896
0.2872
0.2883
0.2899
0.2589
0.2963
0.234
0.2897
0.3018
0.2809
0.2848
0.2838
0.3188
0.2399
0.2888
0.29
0.3024
0.289
0.2906
0.2987
0.3858
0.2916
0.2869
0.2963
0.3187
0.2823
0.2895
0.2946
0.2872
0.2976
0.2889
0.2878
0.3088
0.2806
0.2966
0.3442
0.256
0.2945
0.2918
0.2837
0.2899
0.303
0.3463
0.3175
0.2949
0.2488
0.3012
0.2923
0.2831
0.295
0.2906
0.2922
0.3027
0.2875
0.2869
0.2868
0.2952
0.2934
0.2875
0.2869
0.2868
0.2851
0.2855
0.2855
0.2911
0.2835
0.2808
0.317
0.3093
0.2833
0.2939
0.2477
0.2889
0.2912
0.2663
0.3002
0.2951
0.2565
0.2881
0.3204
0.2937
0.2488
0.2967
0.3055
0.2539
0.2903
0.2499
0.301
0.2954
0.2475
0.2657
0.3119
0.2961
0.2815
0.238
0.325
0.2963
0.2372

