---------------------------------------------
CalcPrivateVideoDecoderOutputViewSize_D3D11_1
---------------------------------------------
0.0019
0.0014
0.0013
0.0012
0.0013
0.0009
0.0014
0.0007
0.0007
0.0011
0.0006
0.0014
0.0009
0.0016
0.0007
0.0007
0.0007
0.0011
0.0009
0.0023
0.0008
0.0008
0.0009
0.0006
0.0007
0.0006
0.0006
0.0008
0.0019
0.001
0.0014
0.0009
0.0019
0.0009
0.0008
0.0008
0.0007
0.0007
0.0007
0.0007
0.0014
0.0011
0.0021
0.0009
0.0015
0.0008
0.001
0.0006
0.0008
0.0007
0.0008
0.0006
0.0007
0.0007
0.0007
0.0006
0.0007
0.0007
0.0008
0.0006
0.0006
0.0014
0.001
0.0017
0.0007
0.0008
0.001
0.0015
0.0009
0.0008
0.0007
0.0007
0.0006
0.0008
0.0006
0.001
0.0008
0.0007
0.0006
0.0007
0.0007
0.0009
0.0014
0.0015
0.0012
0.0008
0.0009
0.0007
0.0012
0.0006
0.0007
0.0011
0.0016
0.001
0.0029
0.001
0.0007
0.0016
0.0009
0.0009
0.0007
0.0007
0.0015
0.0008
0.0009
0.0007
0.0009
0.0007
0.0019
0.0011
0.0009
0.0007
0.0011
0.001
0.0006
0.001
0.0007
0.0007
0.0006
0.0007
0.0007
0.0007
0.0006
0.0006
0.0006
0.0006
0.0006
0.0006
0.0007
0.0006

-----------------------
CodechalDecode::Execute
-----------------------
7.3829
20.535
18.9376
17.5873
6.3751
1.165
1.1422
1.0844
0.8367
1.0625
0.8408
0.7332
1.0943
0.9474
1.0189
0.9535
1.9338
0.7941
2.3145
0.508
0.4798
0.9504
0.4769
0.4712
0.3715
0.3704
0.3669
0.4117
2.7267
0.4119
0.4209
0.3825
0.5252
0.3891
0.3869
0.372
0.3711
0.368
0.3721
0.3667
0.4216
0.3795
0.3908
0.3733
0.4157
0.3752
0.3716
0.3718
0.3767
0.3667
0.3758
0.369
0.3747
0.3658
0.3717
0.3682
0.3757
0.3658
0.374
0.3731
0.3671
0.4241
0.3837
0.3778
0.3694
0.3741
0.382
0.4164
0.3829
0.3783
0.3712
0.3729
0.3751
0.3724
0.3662
0.377
0.375
0.3723
0.3694
0.3756
0.3746
0.3682
0.4233
0.4231
0.3867
0.3709
0.3781
0.3699
0.3749
0.3672
0.3748
0.3769
0.42
0.3813
0.4253
0.3869
0.3716
0.4297
0.3859
0.3802
0.3775
0.491
1.9677
2.1194
2.2079
0.8101
2.6637
0.3894
0.4731
0.3971
0.3881
0.3991
0.3857
0.3896
0.3809
0.3904
0.3717
0.3723
0.3812
0.3812
0.3686
0.372
0.3666
0.3722
0.3795
0.3834
0.3746
0.3701
0.3682
0.3716

---------------------------------------
CodechalDecodeHevcG12::DecodeStateLevel
---------------------------------------
0.5039
5.6895
11.2065
0.2586
8.3463
9.4832
9.7913
4.3297
0.2017
0.6382
0.2175
0.2164
0.2238
0.2111
0.2077
0.2094
0.1923
0.5246
0.7215
0.2181
0.1915
0.5307
0.2378
0.3429
0.7714
0.1925
0.6254
0.1917
0.6997
0.1979
0.6321
0.1911
0.4893
1.2212
0.196
0.1834
1.0772
0.1883
0.2028
0.1639
0.1859
0.1626
0.1824
0.1493
0.1862
0.1498
0.1918
0.1553
0.1416
0.1165
0.1406
0.1184
0.1397
0.1164
0.1702
0.1247
0.1842
0.1345
0.1547
0.1264
0.1623
0.1238
0.146
0.1236
0.2273
0.125
0.1492
0.1212
0.1488
0.1212
0.1419
0.1186
0.1428
0.1198
0.1405
0.1196
0.1429
0.1175
0.1416
0.1191
0.1624
0.1242
0.1461
0.1177
0.1525
0.1183
0.1426
0.1178
0.1599
0.1218
0.1434
0.117
0.1417
0.1169
0.1439
0.1188
0.1443
0.1222
0.1423
0.1187
0.1444
0.1187
0.1413
0.1206
0.1444
0.1195
0.1406
0.1183
0.142
0.1192
0.1415
0.1192
0.1451
0.1205
0.1407
0.1185
0.1441
0.1183
0.1416
0.1192
0.142
0.119
0.1631
0.1255
0.1473
0.1223
0.143
0.1184
0.1408
0.1196
0.1441
0.1192
0.146
0.1225
0.1599
0.124
0.1469
0.122
0.1451
0.1197
0.142
0.1204
0.1443
0.1177
0.1449
0.1196
0.1438
0.1188
0.1418
0.1182
0.1431
0.1192
0.1433
0.1191
0.1422
0.1197
0.143
0.1191
0.1432
0.1196
0.1433
0.119
0.1412
0.1198
0.1629
0.126
0.162
0.126
0.1472
0.1202
0.1412
0.1201
0.1449
0.1197
0.1412
0.1203
0.143
0.1203
0.141
0.1197
0.144
0.1196
0.1445
0.1218
0.1617
0.1235
0.1464
0.1206
0.1631
0.1244
0.1465
0.1204
0.1422
0.1194
0.1641
0.1248
0.1489
0.1224
0.1448
0.1215
0.1438
0.1196
0.1523
0.1226
0.1726
0.1253
0.1586
0.1238
0.1502
0.1238
0.1617
0.124
0.1454
0.1192
0.152
0.1218
0.1932
0.1258
0.1512
0.1252
0.149
0.1197
0.1501
0.122
0.1473
0.1198
0.1468
0.1265
0.1464
0.121
0.1494
0.121
0.143
0.1202
0.1429
0.1181
0.1438
0.1193
0.1444
0.1197
0.142
0.1182
0.1434
0.1211
0.1409
0.1181
0.1431
0.1195
0.1457
0.1207
0.1511
0.1196
0.1443
0.12
0.1425
0.1184
0.1419
0.1188
0.1444
0.1189

-------------------------------------
CodechalDecodeHevcG12::SetFrameStates
-------------------------------------
0.9107
8.9483
0.999
3.3457
5.4209
0.6278
0.6064
0.5659
0.0317
0.032
0.0305
0.0383
0.0346
0.0327
0.0321
0.0371
0.114
0.1433
0.6413
0.0384
0.0334
0.0319
0.0448
0.0318
0.0314
0.0302
0.0313
0.0307
2.2965
0.0451
0.0387
0.0331
0.0473
0.0343
0.0329
0.0338
0.0308
0.031
0.0319
0.0303
0.0378
0.0338
0.0329
0.0313
0.0374
0.033
0.032
0.0315
0.031
0.0303
0.0315
0.0305
0.0308
0.0302
0.0307
0.0304
0.0309
0.0301
0.0313
0.036
0.0302
0.0385
0.0335
0.0327
0.0311
0.0311
0.0332
0.038
0.0331
0.0319
0.0316
0.0308
0.0347
0.0307
0.0302
0.0323
0.0307
0.0314
0.0308
0.032
0.0358
0.0311
0.0382
0.0382
0.0343
0.0315
0.0318
0.0306
0.0308
0.0301
0.0313
0.0316
0.0391
0.0332
0.0389
0.0388
0.0316
0.0435
0.0335
0.0329
0.0355
0.1313
1.5691
1.7485
1.8429
0.4372
2.3179
0.0367
0.0413
0.034
0.0324
0.0372
0.032
0.0318
0.0311
0.0333
0.0303
0.0318
0.0355
0.0336
0.0306
0.0302
0.0307
0.0312
0.0322
0.032
0.031
0.0305
0.0301
0.0307

--------------------------
CreateVideoDecoder_D3D11_1
--------------------------
18.4777

---------------------------
DestroyVideoDecoder_D3D11_1
---------------------------
0

----------------
First Frame Time
----------------
64.3771

--------------------------------------
VideoDecoderBeginFrame_WDDM2_4_D3D11_1
--------------------------------------
0.0074
0.0027
0.0025
0.0025
0.0025
0.002
0.002
0.0017
0.0015
0.002
0.0015
0.0027
0.0018
0.0027
0.0017
0.002
0.0017
0.0025
0.0022
0.0033
0.0019
0.0017
0.0023
0.0016
0.002
0.0017
0.0015
0.0018
0.0024
0.0024
0.0026
0.0019
0.0038
0.0019
0.0019
0.0016
0.0018
0.0016
0.0018
0.0016
0.0027
0.002
0.0029
0.0018
0.0025
0.0019
0.002
0.0017
0.0018
0.0016
0.0017
0.0015
0.0018
0.0015
0.0018
0.0015
0.0017
0.0016
0.0017
0.0015
0.0016
0.0027
0.0019
0.0029
0.0018
0.0018
0.0018
0.0026
0.0018
0.002
0.0016
0.0017
0.0017
0.0018
0.0015
0.0018
0.0016
0.0018
0.0016
0.0016
0.0015
0.0015
0.0027
0.0027
0.0022
0.0018
0.0019
0.0017
0.002
0.0015
0.0018
0.0019
0.0025
0.0019
0.0036
0.002
0.0018
0.0027
0.0019
0.002
0.0017
0.0018
0.0027
0.0023
0.0021
0.0018
0.0018
0.0017
0.0035
0.0019
0.0017
0.0016
0.0022
0.0018
0.0015
0.0021
0.0017
0.0016
0.0016
0.0016
0.0015
0.0015
0.0016
0.0015
0.0016
0.0015
0.0016
0.0015
0.0016
0.0016

----------------------------
VideoDecoderEndFrame_D3D11_1
----------------------------
0.0392
0.0554
0.0827
0.0806
0.0594
0.063
0.0621
0.061
0.0611
0.062
0.0568
0.062
0.0631
0.0648
0.0641
0.0635
0.0575
0.0529
0.0606
0.0543
0.0535
0.0552
0.0533
0.0519
0.0511
0.0508
0.0509
0.0518
0.0566
0.0739
0.1033
0.054
0.0582
0.0527
0.0516
0.0519
0.0522
0.0514
0.0517
0.0506
0.0566
0.0581
0.0574
0.052
0.054
0.0523
0.0517
0.0516
0.0519
0.053
0.0504
0.0513
0.0529
0.0516
0.0519
0.0519
0.0514
0.0511
0.052
0.0512
0.0504
0.0601
0.0515
0.0528
0.0516
0.0516
0.0588
0.058
0.053
0.0532
0.0518
0.0527
0.0509
0.0523
0.0516
0.053
0.0533
0.0647
0.074
0.0528
0.0516
0.0525
0.0595
0.0553
0.0548
0.0516
0.0517
0.0514
0.0521
0.052
0.0521
0.0597
0.0584
0.0655
0.0561
0.0536
0.0511
0.055
0.0572
0.052
0.0565
0.0572
0.057
0.0526
0.0512
0.0793
0.0487
0.0724
0.0797
0.0583
0.0534
0.0537
0.0552
0.0535
0.0531
0.0542
0.05
0.0501
0.0507
0.051
0.0506
0.051
0.0503
0.0511
0.0545
0.0501
0.0516
0.05
0.0515
0.0506

---------------------------------
VideoDecoderSubmitBuffers_D3D11_1
---------------------------------
7.4867
20.5521
18.9535
17.6041
6.391
1.179
1.1555
1.0978
0.8492
1.0756
0.8533
0.7529
1.1087
0.963
1.0314
0.968
1.9485
0.8127
2.3309
0.5272
0.4943
0.9641
0.4923
0.4853
0.3876
0.383
0.4758
0.6889
3.0236
0.432
0.4405
0.3969
0.5536
0.4035
0.4014
0.5285
0.6997
0.7105
0.6752
0.7122
0.6533
0.3966
0.4073
0.3879
0.436
0.4893
0.6622
0.7143
0.676
0.7043
0.6773
0.7087
0.6763
0.7108
0.6771
0.7135
0.6772
0.7081
0.6715
0.7119
0.7126
0.445
0.3982
0.4859
0.7013
0.6621
0.3968
0.4364
0.397
0.3931
0.5696
0.6706
0.7185
0.663
0.7109
0.6738
0.7077
0.6674
0.7017
0.6373
0.7025
0.7105
0.443
0.4432
0.4029
0.5495
0.6672
0.7103
0.6752
0.7096
0.6768
0.392
0.44
0.3961
0.4459
0.4168
0.6935
0.6181
0.6471
0.7075
0.6835
0.8073
1.9877
2.1372
2.2239
0.8253
2.6797
0.4043
0.4961
0.4122
0.5889
0.7769
0.4013
0.4046
0.3947
0.4063
0.3845
0.6058
0.716
0.7259
0.382
0.4766
0.7182
0.7652
0.7359
0.7651
0.7232
0.7622
0.7362
0.8193

