---------------------------------------------
CalcPrivateVideoDecoderOutputViewSize_D3D11_1
---------------------------------------------
0.0018
0.0015
0.0013
0.0015
0.0014
0.0009
0.001
0.0008
0.0007
0.0011
0.0007
0.0006
0.0005
0.0015
0.0009
0.0015
0.001
0.001
0.001
0.0025
0.0008
0.0007
0.0009
0.0008
0.0007
0.0006
0.0006
0.0006
0.002
0.0007
0.0006
0.0006
0.0008
0.0008
0.0006
0.0007
0.0007
0.0014
0.0027
0.0006
0.0006
0.001
0.0021
0.0006
0.0005
0.0006
0.0006
0.0005
0.0006
0.0007
0.0006
0.0006
0.0007
0.0005
0.0007
0.0006
0.0005
0.0007
0.0005
0.0006
0.0005
0.0006
0.0005
0.0016
0.0006
0.0007
0.0009
0.0006
0.0015
0.001
0.0013
0.0009
0.0017
0.0011
0.0008
0.0017
0.001
0.0009
0.0016
0.0013
0.0011
0.0009
0.0013
0.0006
0.0007
0.0014
0.0008
0.0007
0.0016
0.0016
0.0011
0.0015
0.0009
0.0011
0.0031
0.0015
0.0009
0.0008
0.0006
0.0009
0.0006
0.0014
0.001
0.0012
0.001
0.0015
0.001
0.001
0.0008
0.0008
0.0012
0.001
0.0011
0.0008
0.0007
0.0017
0.001
0.0015
0.0015
0.0009
0.0018
0.0014
0.0008
0.0015
0.0009
0.0006
0.0007
0.0006
0.0018
0.0017

-----------------------
CodechalDecode::Execute
-----------------------
10.0612
7.4306
10.3489
10.2332
4.0985
0.6737
0.6837
0.6236
0.543
0.518
0.5127
0.5647
0.534
0.5487
0.5338
0.6059
3.9783
4.1934
0.5355
0.5099
0.5437
0.5344
0.4834
0.4901
0.3721
0.3797
0.3823
0.3821
0.4085
0.4122
0.4063
0.3991
0.3971
0.4022
0.4191
0.4044
0.4077
0.4059
0.4154
0.4069
0.3958
0.3784
0.3741
0.3688
0.3709
0.3796
0.3767
0.388
0.4074
0.4106
0.4178
0.4086
0.4076
0.3964
0.398
0.3979
0.411
0.415
0.4062
0.3998
0.4226
0.3814
0.3813
0.3961
0.3853
0.3861
0.3854
0.3715
0.4246
0.3912
0.5899
0.3782
0.445
0.3879
0.3835
0.4758
0.4107
0.4612
0.4438
0.3916
0.4202
0.3721
0.4007
0.3989
0.3709
0.4224
0.3954
0.3727
0.4589
0.4209
0.3971
0.4525
0.3809
0.3799
0.4582
0.4292
0.3759
0.3715
0.3713
0.3842
0.3744
3.4549
3.5837
2.983
3.3886
0.8449
2.7522
0.3977
0.3882
0.5281
3.8164
0.4076
0.391
0.3801
0.388
0.5056
0.4274
0.441
0.4094
0.4406
0.6135
0.3999
0.3806
0.5773
0.3883
0.4007
0.3878
0.5281
0.6173
0.5902

---------------------------------------
CodechalDecodeHevcG12::DecodeStateLevel
---------------------------------------
0.5303
3.7788
0.5717
2.5877
3.7899
6.1251
6.5931
2.4546
0.2383
0.1741
0.2133
0.2036
0.2191
0.2421
0.2098
0.2101
0.2289
0.1914
0.1968
0.1998
0.1959
0.1966
0.252
0.1908
0.1951
0.2187
0.1976
0.1702
0.1983
0.1778
0.2343
0.1871
0.2065
3.3756
0.2116
3.6306
0.2178
0.1678
0.2027
0.1639
0.2057
0.198
0.2179
0.1717
0.1858
0.1666
0.2064
0.1582
0.1432
0.1173
0.1473
0.1199
0.1477
0.1192
0.1478
0.121
0.152
0.1363
0.1613
0.127
0.1574
0.126
0.1539
0.1255
0.1536
0.1235
0.1563
0.1252
0.1632
0.1285
0.1567
0.124
0.1571
0.1273
0.1566
0.1268
0.1614
0.1275
0.1574
0.1273
0.1538
0.1236
0.1454
0.1161
0.1399
0.1188
0.1404
0.1179
0.1428
0.1178
0.1478
0.1185
0.1438
0.1192
0.1505
0.1211
0.1537
0.123
0.1593
0.1275
0.1627
0.1273
0.1582
0.1262
0.1582
0.126
0.1531
0.1227
0.1538
0.1244
0.1536
0.1241
0.1595
0.1263
0.1615
0.1284
0.1586
0.1253
0.1532
0.1259
0.1737
0.1295
0.1464
0.1222
0.1466
0.1216
0.1476
0.1214
0.1458
0.1219
0.1494
0.1214
0.1469
0.1191
0.142
0.1181
0.1627
0.125
0.1495
0.1207
0.2138
0.2055
0.1452
0.1189
0.1794
0.1238
0.1492
0.1197
0.1485
0.1204
0.1943
0.1287
0.1578
0.1258
0.1504
0.178
0.1748
0.1261
0.1482
0.1202
0.1699
0.1209
0.1433
0.1206
0.1523
0.1333
0.1494
0.1332
0.143
0.1198
0.1619
0.1251
0.1605
0.1214
0.1439
0.1195
0.1864
0.125
0.1614
0.1248
0.156
0.1212
0.1797
0.1296
0.1458
0.1181
0.1426
0.1193
0.1864
0.1243
0.1663
0.1227
0.1433
0.1181
0.1423
0.118
0.1433
0.1175
0.1464
0.1214
0.1429
0.1187
0.1897
2.7062
0.178
2.6495
0.1621
2.5416
0.1765
2.5819
0.1729
0.1398
0.1715
0.1295
0.1491
0.1214
0.1506
0.1209
0.1529
0.1215
0.1727
0.141
0.1546
0.1253
0.1497
0.1207
0.1452
0.123
0.146
0.1252
0.1959
0.1402
0.1543
0.1214
0.1677
0.1247
0.1575
0.1234
0.159
0.1235
0.2393
0.1884
0.1513
0.1192
0.1452
0.1191
0.2169
0.1907
0.1489
0.1214
0.1546
0.1244
0.1485
0.1243
0.2089
0.1759
0.2379
0.1909
0.219
0.194

-------------------------------------
CodechalDecodeHevcG12::SetFrameStates
-------------------------------------
5.4676
4.1209
0.328
1.0699
3.5682
0.1526
0.1209
0.1039
0.0336
0.0325
0.0319
0.0329
0.0327
0.0325
0.0322
0.0485
0.282
0.2289
0.0395
0.0366
0.0364
0.0378
0.0336
0.0319
0.0324
0.0322
0.0328
0.0326
0.0342
0.0344
0.0349
0.0337
0.0344
0.0352
0.0364
0.0347
0.0344
0.0345
0.0358
0.0343
0.0337
0.0334
0.0316
0.0307
0.0313
0.0318
0.0327
0.0333
0.0341
0.0339
0.0357
0.0349
0.0347
0.0339
0.0334
0.0335
0.0349
0.0351
0.0345
0.0337
0.0337
0.0321
0.032
0.0441
0.0318
0.033
0.0339
0.0319
0.0392
0.0359
0.0531
0.0331
0.0405
0.0351
0.0329
0.0431
0.0382
0.0336
0.0396
0.0343
0.0363
0.0324
0.0334
0.0317
0.0321
0.0391
0.0351
0.0323
0.0415
0.0397
0.0358
0.0402
0.0341
0.0331
0.0419
0.0398
0.0322
0.0313
0.0326
0.0337
0.0324
0.4459
0.6401
0.1733
0.5206
0.2842
2.3516
0.0367
0.034
0.166
3.3988
0.0378
0.0358
0.0331
0.0324
0.0426
0.058
0.0467
0.0367
0.0621
0.0542
0.037
0.0334
0.0501
0.0343
0.0384
0.0327
0.0402
0.0573
0.0524

--------------------------
CreateVideoDecoder_D3D11_1
--------------------------
15.442

---------------------------
DestroyVideoDecoder_D3D11_1
---------------------------
0

----------------
First Frame Time
----------------
63.3294

--------------------------------------
VideoDecoderBeginFrame_WDDM2_4_D3D11_1
--------------------------------------
0.0079
0.0033
0.0023
0.0026
0.0023
0.002
0.0019
0.0017
0.0015
0.002
0.0017
0.0016
0.0016
0.0024
0.0016
0.0027
0.0021
0.0024
0.0024
0.003
0.0018
0.002
0.0021
0.0016
0.0016
0.0015
0.0015
0.0015
0.0025
0.0016
0.0017
0.0016
0.0017
0.0016
0.0016
0.0017
0.0017
0.0017
0.0016
0.0016
0.0015
0.0018
0.0023
0.0016
0.0015
0.0015
0.0016
0.0016
0.0017
0.0017
0.0018
0.0016
0.0016
0.0016
0.0016
0.0016
0.0016
0.0018
0.0016
0.0015
0.0016
0.0015
0.0016
0.0024
0.0016
0.0016
0.0019
0.0015
0.0026
0.002
0.0034
0.002
0.0027
0.0022
0.0021
0.0034
0.0025
0.0017
0.0028
0.0022
0.0023
0.0018
0.0017
0.0016
0.0016
0.0027
0.0019
0.0016
0.0033
0.0026
0.002
0.0031
0.0019
0.0018
0.0156
0.0029
0.0017
0.0018
0.0017
0.0016
0.0016
0.0023
0.0024
0.0026
0.0022
0.0026
0.0024
0.0023
0.002
0.0018
0.0026
0.0025
0.0026
0.0018
0.0017
0.0035
0.002
0.0031
0.0026
0.002
0.0032
0.0027
0.0019
0.0025
0.002
0.0017
0.0016
0.0016
0.0034
0.003

----------------------------
VideoDecoderEndFrame_D3D11_1
----------------------------
0.0516
0.0562
0.0767
0.0769
0.0646
0.0617
0.0612
0.0631
0.0615
0.0636
0.0572
0.0628
0.0621
0.0562
0.0556
0.0643
0.0614
0.062
0.0558
0.0585
0.059
0.0591
0.0596
0.0546
0.0535
0.0532
0.0531
0.0539
0.0564
0.0559
0.0548
0.0541
0.0566
0.0557
0.0576
0.0563
0.0539
0.0558
0.0587
0.056
0.055
0.0539
0.0542
0.0536
0.0524
0.0547
0.0557
0.0553
0.0564
0.0564
0.0556
0.0547
0.0556
0.0584
0.0555
0.0553
0.0563
0.0584
0.0568
0.0556
0.0596
0.0529
0.0565
0.0548
0.0545
0.0537
0.0544
0.0539
0.0583
0.056
0.0785
0.0527
0.0595
0.0552
0.0545
0.0593
0.0573
0.0614
0.0572
0.0571
0.0551
0.0501
0.0535
0.0665
0.0497
0.057
0.0542
0.0595
0.0568
0.0611
0.0552
0.0548
0.0525
0.0522
0.0694
0.0589
0.0513
0.0502
0.0505
0.0526
0.0542
0.0577
0.0576
0.0573
0.0578
0.0545
0.0533
0.0864
0.0517
0.0781
0.0551
0.0796
0.08
0.0537
0.0506
0.0687
0.0538
0.0533
0.0618
0.0539
0.069
0.0557
0.0606
0.0742
0.0512
0.0519
0.0508
0.0645
0.0803
0.0815

---------------------------------
VideoDecoderSubmitBuffers_D3D11_1
---------------------------------
10.1561
7.4602
10.3634
10.2503
4.1136
0.688
0.6972
0.6369
0.5559
0.5315
0.5255
0.5773
0.5466
0.5624
0.5462
0.6267
3.994
4.2117
0.5536
0.5269
0.5587
0.5502
0.4982
0.5037
0.3852
0.3923
0.3953
0.395
0.4233
0.4254
0.4202
0.4123
0.4105
0.4159
0.4322
0.4179
0.4211
0.4194
0.4296
0.4206
0.4086
0.3939
0.3874
0.3808
0.3834
0.3923
0.3894
0.4016
0.4213
0.424
0.4317
0.4225
0.4208
0.4098
0.4111
0.4109
0.425
0.429
0.4192
0.4133
0.4359
0.394
0.3939
0.4095
0.3983
0.3984
0.4004
0.3845
0.4447
0.4067
0.6094
0.3924
0.466
0.4028
0.3969
0.4996
0.4269
0.4758
0.4652
0.4073
0.4384
0.3855
0.4156
0.413
0.3842
0.4416
0.4094
0.3853
0.481
0.44
0.4123
0.4746
0.3946
0.3962
0.4818
0.4496
0.3902
0.3857
0.3845
0.3988
0.3883
3.4725
3.6013
3.0014
3.4061
0.8658
2.771
0.4154
0.4035
0.6591
3.8365
0.4265
0.4077
0.3941
0.4021
0.5292
0.444
0.4631
0.6374
0.7036
0.8412
0.4449
0.697
0.8336
0.5097
0.7829
0.717
0.9206
0.6414
0.6118

