---------------------------------------------
CalcPrivateVideoDecoderOutputViewSize_D3D11_1
---------------------------------------------
0.003
0.0015
0.0018
0.0018
0.0027
0.001
0.0017
0.0011
0.0008
0.0014
0.0008
0.0009
0.0007
0.0015
0.0006
0.0007
0.0011
0.0006
0.0016
0.0024
0.0009
0.0008
0.0008
0.0007
0.0007
0.0008
0.0007
0.0007
0.0019
0.0007
0.0008
0.0007
0.0008
0.0007
0.0006
0.001
0.0007
0.0007
0.0008
0.0008
0.0006
0.0007
0.002
0.0009
0.0007
0.0007
0.0007
0.0007
0.0007
0.0017
0.0012
0.0015
0.0009
0.0007
0.0015
0.0008
0.0007
0.0009
0.0008
0.0008
0.0007
0.0006
0.0006
0.0019
0.0008
0.0006
0.0006
0.0007
0.0007
0.0009
0.0006
0.0006
0.0006
0.0006
0.0008
0.0006
0.0007
0.0006
0.0008
0.0008
0.0007
0.0006
0.0009
0.0007
0.0006
0.0007
0.0007
0.0007
0.0006
0.0006
0.0007
0.0007
0.0006
0.0006
0.0019
0.0007
0.0042
0.0007
0.0006
0.0007
0.0007
0.0006
0.0016
0.0009
0.0007
0.0007
0.0008
0.0007
0.0006
0.0006
0.0008
0.0007
0.0006
0.0008
0.0007
0.0006
0.0006
0.0011
0.0009
0.0006
0.001
0.0008
0.0016
0.0008
0.0007
0.001
0.0007
0.0006
0.0006
0.0007
0.0007
0.0007
0.0006
0.0006
0.0007
0.0007
0.0008
0.0006
0.0007
0.0017
0.0015
0.0025
0.0018
0.0011
0.0012
0.0017
0.0015
0.0012
0.0008
0.0009
0.0007
0.0008
0.0006
0.0007
0.0006
0.0007
0.0008
0.0008
0.0007
0.0006
0.0007
0.0005
0.0007
0.0009
0.0007
0.0006
0.0006
0.0007
0.0007
0.0006
0.0013
0.0006
0.0008
0.0006
0.0008
0.0008
0.0007
0.0009
0.0006
0.0005
0.0006
0.0007
0.0006
0.0005
0.0006
0.0005
0.0006
0.0006
0.0006
0.0008
0.0006
0.0006
0.0006
0.001
0.0006
0.0005
0.0007
0.0007
0.0007
0.0006
0.0006
0.0008
0.0006
0.0008
0.0006
0.0006
0.0006
0.0007
0.0006
0.0005
0.0006
0.0024
0.0006
0.0007
0.0006
0.0006
0.0006
0.0006
0.0007
0.0014
0.0008
0.0006
0.0009
0.0006
0.0007
0.0006
0.0006
0.0006
0.0007
0.0005
0.0006
0.0006
0.0005
0.0006
0.0007
0.0006
0.0006
0.0008
0.0009
0.0007
0.0015
0.0009
0.0008
0.0007
0.0007
0.0007
0.0012
0.0008
0.001
0.0007
0.0007
0.0006
0.0006
0.0007
0.0006
0.0015
0.0011
0.0008
0.0015
0.001
0.001
0.0008
0.0009
0.0006
0.0009
0.0007
0.0009
0.0007
0.001
0.0007
0.0009
0.0007
0.0009
0.0007
0.002
0.0009
0.0009
0.001
0.0008
0.0014
0.0008
0.0008
0.0006
0.0006
0.0016
0.0009
0.0007
0.0007
0.0008
0.0006
0.0014
0.0007
0.0008
0.0007
0.0007
0.0007
0.0007
0.0006
0.0006
0.0006
0.0006
0.0007
0.0006
0.0008
0.0006
0.0007
0.0007
0.0007
0.0007
0.0006
0.0008
0.0007
0.0006
0.0007
0.0006
0.0007
0.0026
0.0006
0.0007
0.0007
0.0007
0.0007
0.0006
0.0007
0.0006
0.0006
0.0006
0.0007
0.0006
0.0009
0.0007
0.001
0.0007
0.0008
0.0006
0.0007
0.0006
0.0006
0.0006
0.0007
0.0007
0.0009
0.0007
0.0007
0.0007
0.0006
0.0005
0.0008
0.0007
0.0008
0.0006
0.0005
0.0007
0.0007
0.001
0.0007
0.0006
0.0009
0.0008
0.0007
0.0008
0.0007
0.0007
0.0005
0.0007
0.0006
0.0006
0.0009
0.0006
0.0008
0.0022
0.0009
0.0006
0.0006
0.0006
0.0006
0.0006
0.0006
0.0008
0.0009
0.0006
0.0008
0.0006
0.0007
0.001
0.0008
0.0006
0.001
0.0007
0.0008
0.0007
0.0006
0.0007
0.0006
0.0008
0.0007
0.0008
0.0006
0.0007
0.0006
0.001
0.0008
0.0019
0.0013
0.001
0.0007
0.0006
0.0008
0.0007
0.0006
0.0007
0.0007
0.0006
0.0007
0.0006
0.0006
0.0006
0.0006
0.0007
0.0007
0.0005
0.0006
0.0006
0.0007
0.0006
0.0007
0.0008
0.0006
0.0008
0.0006
0.0009
0.0006
0.0007
0.0006
0.0008
0.0006
0.0009
0.0007
0.0008
0.0007
0.0007
0.0007
0.0007
0.0006
0.0015
0.0007
0.0007
0.0007
0.0006
0.0006
0.0007
0.0006
0.0006
0.0007
0.0006
0.0007
0.0015
0.0007
0.0014
0.0011
0.0009
0.0008
0.0009
0.0015
0.0009
0.0012
0.0009
0.0011
0.0022
0.0011
0.0013
0.001
0.001
0.0009
0.0179
0.0012
0.0009
0.0012
0.001
0.0006
0.0014
0.0009
0.0009
0.002
0.0006
0.0007
0.0006
0.0007
0.0008
0.0007
0.0006
0.0006
0.0007
0.0007
0.0007
0.0007
0.001
0.0007
0.0008
0.0006
0.0006
0.0006
0.0009
0.0024
0.0009
0.0007
0.0009
0.0008
0.0009
0.0006
0.0007
0.0006
0.0007
0.0006
0.0006
0.0006
0.0007
0.0007
0.0007
0.0006
0.0008
0.0007
0.0007
0.0007
0.0017
0.0013
0.001
0.0007
0.0007
0.0006
0.0006
0.0007
0.0006
0.0006
0.0005
0.0006
0.0009
0.0006
0.0006
0.0007
0.0007
0.0006
0.0007
0.0034
0.0018
0.0009
0.0009
0.0008
0.0008
0.0014
0.0007
0.0007
0.0008
0.0011
0.0007
0.0007
0.0007
0.0008
0.0008
0.0006
0.0006
0.0006
0.0016
0.0006
0.0005
0.0007
0.0006
0.0006
0.0005
0.0007
0.0006
0.0006
0.0006
0.0008
0.0006
0.0015
0.0007
0.0006
0.0006
0.0023
0.0008
0.0013
0.0006
0.0007
0.0006
0.0007
0.0006
0.0007
0.0007
0.0006
0.0006
0.0007
0.0007
0.0007
0.0007
0.0006
0.0007
0.0007
0.0006
0.0006

-----------------------
CodechalDecode::Execute
-----------------------
16.5285
32.0819
14.2306
49.3717
11.3745
14.6701
0.6395
0.7174
0.7973
0.7329
0.7898
0.7699
0.8015
0.5117
0.9789
0.7687
0.5369
0.7986
0.563
0.5122
0.6124
0.5557
0.6498
0.5759
0.3678
0.363
0.3662
0.3734
0.3906
0.3686
0.3659
0.3645
0.3725
0.3646
0.3627
0.3659
0.3651
0.3656
0.3635
0.3661
0.3643
0.9987
0.3734
0.3672
0.3596
0.3616
0.3593
0.3629
0.3935
0.4759
0.3935
0.421
0.3735
0.3654
0.4145
0.3718
0.362
0.3612
0.3627
0.3661
0.3661
0.3659
0.3626
0.3685
0.3693
0.3624
0.3651
0.3704
0.3683
0.3834
0.3777
0.3668
0.3565
0.3955
0.37
0.3731
0.3687
0.3759
0.3864
0.3829
0.3686
0.3722
0.3752
0.3727
0.3783
0.3864
0.385
0.3896
0.3895
0.3828
0.3952
0.3894
0.3867
0.3924
0.3673
0.3654
0.3912
0.3664
0.3667
0.3782
0.383
0.3915
0.4102
0.372
0.367
0.3731
0.3787
0.3748
0.383
0.3703
0.3621
0.3672
0.3658
0.3743
0.3653
0.3731
0.3781
0.3743
0.3488
0.3556
0.3674
0.3624
0.3644
0.3821
0.388
0.3969
0.4105
0.4063
0.3879
0.3905
0.3714
0.3624
0.3666
0.3664
0.369
0.3662
0.3661
0.3711
0.371
0.4188
0.5748
0.3902
0.5783
0.3987
0.5468
0.4226
0.4079
0.3788
0.365
0.3634
0.368
0.3671
0.3604
0.3671
0.3623
0.3702
0.3813
0.4137
0.3774
0.3686
0.3738
0.3755
0.3816
0.384
0.3942
0.3786
0.3789
0.3736
0.3736
0.3715
0.4357
0.3975
0.3967
0.3897
0.3829
0.3783
0.3709
0.3849
0.3776
0.3806
0.3936
0.3756
0.3741
0.3723
0.3808
0.3857
0.3942
0.3792
0.3774
0.3756
0.3827
0.3829
0.3941
0.3812
0.3512
0.3523
0.3899
0.3591
0.3668
0.367
0.3715
0.3815
0.3915
0.3889
0.4132
0.3954
0.3878
0.3916
0.3737
0.3743
0.3748
0.3756
0.3813
0.3939
0.3755
0.3692
0.3739
0.3696
0.3749
0.4004
0.3876
0.402
0.3836
0.3756
0.3709
0.3775
0.3798
0.3973
0.39
0.389
0.3915
0.397
0.3955
0.3672
0.3647
0.365
0.3639
0.3784
0.3517
0.3908
0.4166
0.3815
0.365
0.3667
0.3739
0.3755
0.4014
0.422
0.3843
0.3554
0.3594
0.3623
0.3684
0.3612
0.3569
7.0137
0.3981
0.6833
0.4192
0.3778
0.3782
0.3741
0.3735
0.3584
0.3689
0.3598
0.3698
0.3641
0.37
0.3627
0.3685
0.3664
0.3682
0.4915
0.4115
0.3763
0.3722
0.3801
0.3725
0.4137
0.3743
0.3613
0.3699
0.3812
0.4395
0.3958
0.3725
0.3641
0.3728
0.3651
0.3656
0.364
0.3665
0.3653
0.3639
0.3731
0.3651
0.3687
0.3648
0.3631
0.366
0.3658
0.3645
0.3728
0.3666
0.36
0.3772
0.3654
0.3676
0.3837
0.3692
0.3586
0.362
0.3636
0.3561
0.3625
0.3759
0.3566
0.3654
0.3641
0.3607
0.3645
0.3628
0.3565
0.3781
0.3714
0.3558
0.3648
0.3644
0.3654
0.3611
0.3637
0.3535
0.3628
0.3604
0.3617
0.3679
0.3622
0.3629
0.364
0.3666
0.3595
0.3641
0.3679
0.3602
0.3656
0.368
0.3605
0.3734
0.3684
0.3664
0.3686
0.3861
0.3738
0.3912
0.374
0.363
0.3738
0.358
0.3666
0.3699
0.3731
0.3677
0.3575
0.3617
0.3632
0.361
0.383
0.3682
0.3959
0.3803
0.3709
0.3722
0.3829
0.3794
0.3726
0.3667
0.3605
0.3726
0.3664
0.353
0.3653
0.3753
0.3545
0.374
0.3759
0.3606
0.366
0.3706
0.3634
0.3637
0.3622
0.3679
0.3611
0.3684
0.3673
0.3655
0.3636
0.3922
0.3675
0.3688
0.3597
0.4709
0.4032
0.3771
0.3643
0.3697
0.371
0.3722
0.3638
0.3711
0.3757
0.373
0.3653
0.3626
0.3631
0.3668
0.3609
0.3646
0.3682
0.3726
0.364
0.3622
0.3632
0.3699
0.3657
0.3726
0.3666
0.3613
0.3671
0.3797
0.3605
0.358
0.3639
0.3665
1.3111
0.4086
0.3643
0.3725
0.3683
0.3624
0.3705
0.3658
0.3711
0.3719
0.3669
0.3714
0.3717
0.3628
0.3585
0.3718
0.3761
0.365
0.3664
0.3701
0.3626
0.4275
0.3749
0.5211
0.3697
0.377
0.3759
0.3769
0.3879
0.4114
0.3875
0.381
0.4803
0.6577
0.4112
0.5694
0.3869
0.3798
0.365
0.8905
0.3912
0.3896
0.3835
0.3478
0.3641
0.4299
0.3838
0.4081
0.3793
0.371
0.365
0.3709
0.3779
0.3722
0.3837
0.4115
0.376
0.3806
0.383
0.3807
0.3868
0.388
0.3773
0.3799
0.3887
0.3843
0.402
0.3791
0.4921
0.3928
0.3904
0.3925
0.3862
0.3939
0.3847
0.3666
0.3653
0.3664
0.3703
0.3712
0.3741
0.3886
0.3882
0.3924
0.41
0.394
0.3693
0.3756
0.379
0.4868
0.4431
0.3792
0.3613
0.3572
0.3648
0.362
0.3683
0.3822
0.3997
0.4029
0.4016
0.4109
0.3831
0.3747
0.3764
0.3882
0.3829
0.3985
0.3993
0.4754
0.4129
0.428
0.3792
0.3663
0.4147
0.3738
0.3792
0.3699
0.372
0.3676
0.3684
0.3789
0.3712
0.3797
0.3969
0.395
0.4038
0.4296
0.3754
0.3665
0.3631
0.3667
0.3713
0.3717
0.3715
0.3781
0.377
0.3822
0.3996
0.4139
0.4056
0.381
0.3882
0.3702
0.4634
0.4145
0.419
0.3793
0.3691
0.3601
0.3641
0.3731
0.3685
0.3761
0.383
0.3836
0.3778
0.3777
0.3623
0.3642
0.3631
0.3643
0.367
0.3643
0.3625

---------------------------------------
CodechalDecodeHevcG12::DecodeStateLevel
---------------------------------------
0.4575
14.9503
10.7106
20.2608
0.5505
0.7145
14.509
23.5352
0.2519
0.522
0.2445
0.5209
0.2162
0.1854
0.21
0.1895
0.4495
0.1761
0.4035
0.1778
0.491
0.1585
0.48
0.1579
0.4822
0.1733
0.2058
0.1563
0.656
0.1729
0.3655
0.1908
0.1967
0.189
0.4788
0.1778
0.2459
0.1688
0.226
0.1547
0.2855
0.2006
0.2352
0.1954
0.3052
0.2142
0.2605
0.1899
0.1435
0.1175
0.1403
0.1173
0.1444
0.1175
0.1451
0.1181
0.1496
0.1233
0.1426
0.1189
0.1416
0.1181
0.1399
0.1178
0.1439
0.1185
0.1409
0.1177
0.1404
0.116
0.1404
0.1178
0.1416
0.1166
0.1399
0.1165
0.1402
0.1168
0.1397
0.1166
0.14
0.1171
0.1594
0.1188
0.1425
0.1166
0.1407
0.1153
0.1378
0.1152
0.1388
0.116
0.1368
0.1156
0.1416
0.1162
0.1722
0.1171
0.1918
0.1287
0.149
0.1175
0.1605
0.1257
0.1426
0.1175
0.1394
0.1186
0.1583
0.1215
0.1429
0.117
0.1398
0.1169
0.139
0.1173
0.1394
0.1161
0.1395
0.1163
0.1376
0.1155
0.1425
0.1161
0.1393
0.1168
0.1418
0.1177
0.1411
0.1182
0.1394
0.1183
0.1403
0.1177
0.1414
0.1166
0.1397
0.1186
0.146
0.1185
0.1429
0.1229
0.1416
0.1178
0.1389
0.1157
0.1377
0.1348
0.1422
0.1177
0.137
0.124
0.142
0.1154
0.1413
0.1179
0.1435
0.1318
0.1452
0.1196
0.141
0.1178
0.1438
0.1179
0.1422
0.1192
0.1432
0.119
0.146
0.12
0.1492
0.1188
0.149
0.1197
0.1512
0.1206
0.1493
0.1204
0.148
0.1214
0.1533
0.1215
0.1504
0.12
0.1486
0.1209
0.1493
0.1206
0.139
0.1165
0.1413
0.1164
0.1447
0.1315
0.1401
0.1152
0.1411
0.1158
0.1455
0.1193
0.1469
0.1195
0.1463
0.1191
0.1574
0.1209
0.1422
0.1166
0.142
0.1178
0.1434
0.1223
0.1427
0.1212
0.1443
0.1196
0.1488
0.1197
0.1424
0.1172
0.1399
0.117
0.1415
0.1199
0.1401
0.1183
0.1454
0.1187
0.1413
0.1184
0.1443
0.118
0.1484
0.1189
0.1434
0.1178
0.1356
0.1081
0.1373
0.1149
0.1417
0.1196
0.1382
0.1156
0.1391
0.1178
0.1443
0.1175
0.1499
0.121
0.1545
0.1221
0.1608
0.1251
0.1588
0.1219
0.1506
0.1228
0.1521
0.1221
0.143
0.1199
0.139
0.1188
0.1427
0.118
0.1418
0.1159
0.1419
0.1173
0.1404
0.1182
0.1409
0.1182
0.1407
0.12
0.1426
0.1182
0.1598
0.125
0.2138
0.1903
0.1489
0.1199
0.2201
0.1908
0.1514
0.1235
0.2117
0.1829
0.1665
0.1199
0.1582
0.1206
0.1443
0.1183
0.1406
0.1167
0.1401
0.1168
0.1419
0.1189
0.1417
0.1176
0.1378
0.1169
0.1414
0.1194
0.1396
0.1176
0.1407
0.1192
0.144
0.1225
0.1608
0.1195
0.1464
0.1168
0.1401
0.1189
0.1431
0.1191
0.1456
0.1187
0.1473
0.1197
0.1477
0.1193
0.1525
0.1222
0.1443
0.1197
0.1453
0.1189
0.143
0.1193
0.1441
0.1186
0.1423
0.118
0.1613
0.1246
0.1539
0.1227
0.1529
0.1204
0.1515
0.1204
0.1467
0.1214
0.1411
0.1254
0.1436
0.1168
0.1546
0.1185
0.1431
0.1173
0.146
0.1201
0.1521
0.1216
0.1434
0.1169
0.144
0.1182
0.1431
0.1183
0.1447
0.1184
0.1488
0.1207
0.153
0.1228
0.1444
0.119
0.1438
0.1192
0.1434
0.1193
0.1436
0.1185
0.1468
0.1203
0.1538
0.1224
0.1453
0.1174
0.1357
0.1149
0.1375
0.1143
0.1683
0.1177
0.1374
0.1157
0.1388
0.1161
0.1392
0.1165
0.1448
0.1164
0.1484
0.1198
0.1507
0.1217
0.1496
0.1218
0.1604
0.1247
0.153
0.1219
0.1498
0.1221
0.1501
0.1242
0.1436
0.1183
0.144
0.1197
0.145
0.1189
0.1423
0.1184
0.1456
0.1215
0.1533
0.1214
0.1436
0.1171
0.1402
0.1184
0.1443
0.1193
0.1415
0.1169
0.1443
0.1192
0.1581
0.125
0.1486
0.1216
0.1558
0.1239
0.1457
0.1181
0.1433
0.1185
0.1421
0.1181
0.1429
0.1188
0.1461
0.119
0.1524
0.1229
0.151
0.12
0.1503
0.1184
0.152
0.1206
0.151
0.1245
0.1517
0.1228
0.1408
0.118
0.1391
0.1166
0.1387
0.1172
0.1386
0.1179
0.1464
0.1183
0.1346
0.11
0.1477
0.1206
0.1596
0.1232
0.1434
0.1187
0.1402
0.1175
0.1403
0.1194
0.1415
0.1214
0.1465
0.1187
0.1534
0.1213
0.1588
0.1315
0.1481
0.1188
0.1346
0.1155
0.1363
0.1156
0.1345
0.1148
0.1383
0.1185
0.1376
0.1181
0.137
0.1174
0.2131
6.6467
0.1513
0.1267
0.2909
0.1418
0.1599
0.1225
0.1426
0.1185
0.1434
0.1191
0.143
0.1187
0.143
0.1182
0.1371
0.118
0.1429
0.1184
0.1383
0.1178
0.1421
0.1199
0.1408
0.1182
0.1413
0.1175
0.1395
0.1178
0.1421
0.1171
0.1412
0.1168
0.1417
0.1183
0.1991
0.1605
0.1584
0.1207
0.1457
0.1181
0.1453
0.1179
0.1461
0.1167
0.143
0.1192
0.1575
0.1237
0.141
0.1172
0.1381
0.1163
0.1428
0.1172
0.1454
0.1198
0.174
0.1252
0.1491
0.1216
0.1412
0.1175
0.1399
0.1179
0.1424
0.1184
0.1406
0.117
0.142
0.1194
0.1412
0.1167
0.1412
0.1164
0.1396
0.1188
0.1401
0.1182
0.1402
0.1169
0.1374
0.1215
0.1399
0.1181
0.1393
0.1185
0.1393
0.1186
0.1412
0.1174
0.1405
0.117
0.1369
0.1179
0.1431
0.1186
0.1401
0.1171
0.1383
0.1176
0.1401
0.1181
0.1403
0.1167
0.1429
0.1193
0.1406
0.1199
0.141
0.1175
0.1374
0.1174
0.14
0.1171
0.14
0.1164
0.1364
0.1179
0.1393
0.1183
0.1418
0.1174
0.1361
0.1179
0.1414
0.1191
0.1399
0.1169
0.1384
0.1174
0.1408
0.1178
0.1394
0.1161
0.1363
0.1172
0.1471
0.1182
0.1396
0.1178
0.1365
0.1173
0.1416
0.1184
0.1398
0.1172
0.1405
0.1164
0.1391
0.1161
0.1395
0.1157
0.1351
0.1154
0.1395
0.1158
0.1373
0.1153
0.1389
0.1169
0.14
0.1175
0.1375
0.1163
0.1404
0.1186
0.1404
0.1172
0.1403
0.1179
0.1376
0.1187
0.141
0.1176
0.1394
0.1164
0.1365
0.1174
0.1426
0.118
0.1416
0.117
0.1382
0.1167
0.1424
0.1165
0.1417
0.1158
0.1379
0.117
0.1401
0.1187
0.1484
0.1202
0.1427
0.1202
0.1499
0.1203
0.1408
0.1231
0.1383
0.1191
0.1427
0.1191
0.1374
0.1129
0.1396
0.1199
0.1409
0.1185
0.1419
0.1182
0.1414
0.1174
0.1378
0.1164
0.1387
0.1155
0.1366
0.118
0.1368
0.1169
0.1452
0.1197
0.1399
0.1199
0.1466
0.1321
0.1386
0.1181
0.1431
0.119
0.1433
0.1201
0.1465
0.1207
0.1436
0.1196
0.144
0.1182
0.1406
0.1178
0.1372
0.1188
0.1425
0.1187
0.1396
0.1146
0.135
0.1153
0.1408
0.1165
0.1429
0.1196
0.1357
0.1148
0.1425
0.1179
0.1426
0.1193
0.1379
0.1188
0.141
0.1173
0.1407
0.1183
0.1397
0.1177
0.1398
0.1176
0.1391
0.1171
0.1414
0.1185
0.1389
0.1185
0.1418
0.1167
0.141
0.1185
0.1421
0.117
0.1385
0.1161
0.1458
0.118
0.1404
0.1177
0.1391
0.1143
0.1367
0.1151
0.195
0.1227
0.1557
0.1206
0.1465
0.1174
0.14
0.1187
0.1417
0.117
0.1413
0.1186
0.142
0.118
0.1407
0.1171
0.1429
0.1209
0.1428
0.1198
0.1389
0.1193
0.1415
0.1182
0.1388
0.1175
0.1388
0.1171
0.1408
0.1193
0.1379
0.1179
0.1396
0.1177
0.1404
0.1175
0.1458
0.1186
0.1403
0.117
0.1387
0.1181
0.1398
0.1177
0.1402
0.1177
0.1425
0.1182
0.1411
0.1262
0.1408
0.1179
0.1377
0.1175
0.1407
0.1172
0.1539
0.1137
0.1365
0.1168
0.137
0.1169
0.139
0.1158
0.1422
0.1166
1.0531
0.1227
0.1642
0.117
0.1391
0.1183
0.1451
0.1197
0.1419
0.1177
0.1405
0.1173
0.1395
0.1174
0.1404
0.116
0.144
0.1182
0.1444
0.1166
0.1403
0.1176
0.1412
0.1178
0.1439
0.1178
0.1389
0.1168
0.1369
0.1178
0.1417
0.1185
0.1435
0.1169
0.1404
0.1188
0.1423
0.1183
0.1425
0.118
0.1387
0.1173
0.1653
0.1215
0.143
0.1169
0.2137
0.1608
0.1418
0.1166
0.1397
0.1229
0.1475
0.1164
0.1423
0.1158
0.1468
0.119
0.1526
0.1211
0.1451
0.1195
0.1468
0.1179
0.1905
0.1464
0.2697
0.1855
0.1687
0.1203
0.2112
0.1923
0.1496
0.1207
0.1453
0.1187
0.14
0.1187
0.165
0.1334
0.149
0.12
0.1482
0.1206
0.146
0.1176
0.1332
0.1088
0.137
0.1169
0.1781
0.1202
0.1478
0.1186
0.15
0.1301
0.1441
0.1176
0.1402
0.1163
0.1389
0.1166
0.1405
0.1184
0.1396
0.1209
0.1439
0.1169
0.148
0.1196
0.1544
0.1223
0.1444
0.1188
0.1446
0.1211
0.1442
0.1183
0.145
0.1189
0.1507
0.1203
0.1467
0.1184
0.1449
0.119
0.1452
0.1176
0.1458
0.1234
0.1481
0.121
0.1563
0.122
0.1447
0.1183
0.2007
0.1237
0.1533
0.1214
0.1504
0.1211
0.1511
0.125
0.1526
0.1207
0.1509
0.1201
0.1496
0.1227
0.1426
0.1171
0.1406
0.1174
0.1409
0.1196
0.1449
0.1188
0.1436
0.1183
0.1454
0.1198
0.1507
0.1219
0.1485
0.1198
0.1523
0.1224
0.1613
0.1248
0.1528
0.1226
0.1433
0.1197
0.146
0.1204
0.1481
0.1216
0.1994
0.1283
0.1775
0.1241
0.1451
0.1171
0.1375
0.1151
0.1362
0.115
0.1396
0.1167
0.1376
0.1163
0.1416
0.1177
0.1474
0.12
0.1599
0.1213
0.1543
0.1258
0.1544
0.1252
0.1564
0.1256
0.1483
0.1195
0.1423
0.1211
0.1441
0.121
0.1478
0.1204
0.1474
0.119
0.155
0.123
0.1546
0.1221
0.1917
0.1251
0.1599
0.1238
0.1675
0.1279
0.1453
0.1206
0.1395
0.1185
0.1676
0.119
0.1437
0.1192
0.1489
0.1185
0.1438
0.1183
0.1435
0.1165
0.1424
0.1174
0.1428
0.1187
0.1478
0.1193
0.1435
0.12
0.1465
0.1202
0.1531
0.1237
0.151
0.1277
0.1604
0.1224
0.1737
0.1189
0.1444
0.1193
0.1416
0.1167
0.1384
0.1159
0.1412
0.1174
0.1408
0.1185
0.1426
0.1186
0.1407
0.1208
0.145
0.1187
0.1438
0.1197
0.1433
0.1203
0.1546
0.1228
0.1593
0.1245
0.1567
0.1237
0.1474
0.1207
0.1425
0.1177
0.1411
0.1184
0.1863
0.1239
0.1605
0.1258
0.1693
0.1198
0.1488
0.1204
0.1437
0.1166
0.139
0.1167
0.1402
0.1179
0.1434
0.1178
0.1435
0.1174
0.1453
0.1197
0.1486
0.1186
0.1468
0.1243
0.148
0.1194
0.1453
0.119
0.1409
0.118
0.1413
0.1171
0.1402
0.1164
0.1392
0.1193
0.1413
0.1172
0.1413
0.1162
0.1392
0.118

-------------------------------------
CodechalDecodeHevcG12::SetFrameStates
-------------------------------------
0.8409
0.4208
12.8264
11.1245
10.4793
13.7481
0.0922
0.151
0.0337
0.0321
0.0301
0.0303
0.0304
0.0312
0.0303
0.0322
0.0325
0.0314
0.037
0.034
0.0319
0.0314
0.0318
0.0309
0.0311
0.03
0.0297
0.0314
0.0323
0.03
0.0299
0.03
0.0315
0.0297
0.0299
0.0308
0.0301
0.0303
0.0298
0.0298
0.0301
0.0296
0.0318
0.0309
0.03
0.0295
0.0299
0.0296
0.0294
0.0483
0.0402
0.0378
0.0328
0.031
0.0378
0.0322
0.0309
0.0295
0.0301
0.0307
0.0294
0.0298
0.0302
0.0304
0.031
0.0295
0.0302
0.0298
0.03
0.0317
0.0313
0.0297
0.0295
0.0298
0.0312
0.0293
0.0303
0.032
0.03
0.0311
0.0299
0.0298
0.0304
0.03
0.0303
0.0313
0.0315
0.0314
0.0318
0.0303
0.0313
0.0316
0.0314
0.0313
0.0309
0.029
0.0308
0.0299
0.0297
0.0307
0.0307
0.0405
0.0366
0.0322
0.0303
0.0302
0.0304
0.0306
0.0299
0.0311
0.0291
0.0293
0.0297
0.0297
0.0293
0.0306
0.0307
0.0311
0.0225
0.0291
0.0295
0.0314
0.0328
0.0302
0.032
0.0324
0.0348
0.0343
0.032
0.0324
0.0304
0.0298
0.0293
0.0298
0.0299
0.0293
0.0294
0.0303
0.0301
0.0383
0.0466
0.0356
0.0463
0.0326
0.043
0.0385
0.0372
0.0332
0.0309
0.0304
0.0299
0.0298
0.0295
0.029
0.0298
0.0297
0.0316
0.0406
0.0303
0.0296
0.03
0.0296
0.0302
0.0312
0.0314
0.0301
0.0301
0.0293
0.0308
0.0304
0.0361
0.0321
0.0336
0.0315
0.0307
0.0296
0.0293
0.0298
0.0306
0.0308
0.0336
0.0308
0.03
0.0299
0.0306
0.0308
0.0316
0.0309
0.0301
0.0309
0.0304
0.0309
0.0317
0.0318
0.0284
0.0283
0.0285
0.0284
0.0295
0.0297
0.0294
0.0306
0.0312
0.0317
0.0333
0.0324
0.031
0.0318
0.0299
0.0295
0.0296
0.0311
0.0309
0.0313
0.0311
0.0295
0.0297
0.0308
0.0303
0.0303
0.032
0.033
0.031
0.0299
0.0295
0.03
0.0313
0.0347
0.0314
0.0323
0.0316
0.0315
0.0321
0.0289
0.029
0.0296
0.0292
0.0303
0.0215
0.0369
0.0371
0.0342
0.03
0.0292
0.03
0.0297
0.0332
0.0346
0.0311
0.0283
0.0287
0.0343
0.0335
0.0298
0.0291
0.0367
0.0371
0.1464
0.0379
0.0325
0.0308
0.0306
0.0314
0.0286
0.0297
0.0292
0.0298
0.0292
0.0306
0.0294
0.03
0.0299
0.0295
0.036
0.0371
0.0323
0.0311
0.0323
0.0313
0.0372
0.0314
0.0296
0.0295
0.0318
0.0386
0.0376
0.0312
0.0298
0.0355
0.0297
0.0296
0.0294
0.03
0.03
0.0292
0.0354
0.0294
0.0345
0.0299
0.0291
0.0296
0.0299
0.0336
0.031
0.0301
0.0297
0.0411
0.0296
0.0292
0.0296
0.0301
0.0284
0.029
0.0295
0.029
0.0294
0.0368
0.0288
0.0297
0.0296
0.0289
0.0291
0.0296
0.0288
0.0299
0.0357
0.0287
0.029
0.0298
0.0295
0.0294
0.0298
0.0285
0.0292
0.0297
0.0293
0.0344
0.0292
0.029
0.0297
0.0295
0.0284
0.0292
0.0353
0.0292
0.0292
0.0304
0.0292
0.036
0.0302
0.0345
0.0297
0.0317
0.031
0.0324
0.031
0.0288
0.0312
0.0225
0.0292
0.0298
0.0316
0.0294
0.029
0.0298
0.0329
0.0293
0.0332
0.0296
0.0312
0.0337
0.0298
0.0298
0.031
0.0357
0.0303
0.0297
0.029
0.0304
0.0302
0.0284
0.0298
0.0308
0.0285
0.0305
0.031
0.029
0.0299
0.0338
0.0291
0.029
0.0299
0.0294
0.0289
0.0296
0.0297
0.0297
0.0303
0.0406
0.0303
0.0305
0.0291
0.0409
0.0348
0.0307
0.0288
0.0305
0.0301
0.035
0.0296
0.0297
0.0349
0.0323
0.0297
0.029
0.0291
0.03
0.0291
0.0303
0.0337
0.0299
0.0297
0.0296
0.0289
0.0334
0.0293
0.0292
0.0297
0.0296
0.0303
0.0305
0.0288
0.0291
0.0299
0.0297
0.0501
0.0342
0.0292
0.03
0.0299
0.0291
0.0342
0.0305
0.0303
0.0311
0.0299
0.0335
0.0302
0.0302
0.0296
0.0308
0.0349
0.0294
0.0297
0.0298
0.0298
0.0444
0.0306
0.0436
0.0312
0.0309
0.0291
0.0318
0.0326
0.0423
0.0391
0.031
0.0437
0.0552
0.0354
0.0449
0.0335
0.0321
0.0304
0.0389
0.0338
0.0375
0.0322
0.0222
0.0314
0.0401
0.033
0.0363
0.0322
0.0317
0.0296
0.0305
0.0302
0.0299
0.0312
0.0447
0.0302
0.0307
0.0326
0.0306
0.0317
0.0319
0.0308
0.031
0.0321
0.0308
0.0327
0.0315
0.0432
0.0327
0.0328
0.0323
0.0317
0.0375
0.0313
0.0308
0.0303
0.0296
0.0294
0.0309
0.0303
0.0305
0.0325
0.032
0.0331
0.0322
0.0302
0.0309
0.0306
0.0417
0.0368
0.0317
0.0291
0.0291
0.0294
0.0291
0.0292
0.0294
0.0308
0.0326
0.0329
0.0334
0.0305
0.0309
0.03
0.0313
0.0309
0.031
0.0328
0.0414
0.0359
0.0346
0.0316
0.0298
0.0338
0.0316
0.0308
0.0307
0.0309
0.0302
0.0299
0.0306
0.0299
0.0312
0.0329
0.032
0.0357
0.034
0.03
0.0295
0.0292
0.0289
0.0299
0.0297
0.0295
0.0302
0.03
0.0302
0.0321
0.0346
0.0327
0.0304
0.0478
0.0304
0.039
0.035
0.0348
0.0306
0.0304
0.0291
0.0296
0.031
0.03
0.0315
0.0325
0.0304
0.0303
0.0316
0.0289
0.0293
0.0293
0.0289
0.0315
0.0293
0.0289

--------------------------
CreateVideoDecoder_D3D11_1
--------------------------
19.1809

---------------------------
DestroyVideoDecoder_D3D11_1
---------------------------
0

----------------
First Frame Time
----------------
79.6981

--------------------------------------
VideoDecoderBeginFrame_WDDM2_4_D3D11_1
--------------------------------------
0.0081
0.0033
0.0039
0.003
0.0032
0.0023
0.0029
0.0024
0.0021
0.0023
0.0016
0.0019
0.0016
0.0026
0.0017
0.0018
0.0023
0.0017
0.0027
0.003
0.5489
0.0019
0.0019
0.0017
0.0018
0.0016
0.0016
0.0017
0.0025
0.0015
0.0016
0.0016
0.0015
0.0016
0.0016
0.0016
0.0016
0.0016
0.0017
0.0017
0.0017
0.0017
0.0027
0.0018
0.0017
0.0016
0.0016
0.0015
0.0017
0.0032
0.0022
0.0026
0.0021
0.0018
0.0026
0.0022
0.0019
0.0022
0.0016
0.0018
0.0016
0.0015
0.0025
0.0027
0.0016
0.0016
0.0015
0.0016
0.0015
0.0019
0.0017
0.0016
0.0016
0.0016
0.0021
0.0016
0.0016
0.0017
0.0017
0.0016
0.002
0.0015
0.0016
0.0015
0.0016
0.0017
0.0016
0.0017
0.0016
0.0016
0.0017
0.0017
0.0017
0.0016
0.0027
0.0017
0.0019
0.0016
0.0016
0.0015
0.0016
0.0016
0.0028
0.002
0.0018
0.0016
0.0017
0.0016
0.0017
0.0016
0.0016
0.0017
0.0016
0.0016
0.0015
0.0015
0.0016
0.002
0.0019
0.0015
0.0018
0.0017
0.0016
0.0018
0.0018
0.0017
0.0018
0.0017
0.0016
0.0016
0.0017
0.0016
0.0015
0.0016
0.0017
0.0016
0.0016
0.0015
0.0015
0.0026
0.0027
0.0038
0.0028
0.0021
0.0024
0.0028
0.0026
0.0023
0.0018
0.0018
0.0015
0.0015
0.0017
0.0016
0.0015
0.0015
0.0017
0.0016
0.0017
0.0025
0.0017
0.0017
0.0016
0.0016
0.0017
0.0016
0.0016
0.0015
0.0015
0.0015
0.0024
0.0017
0.0017
0.0016
0.0016
0.0018
0.0015
0.0016
0.0015
0.0016
0.0016
0.0019
0.0015
0.0016
0.0016
0.0016
0.0017
0.0016
0.0016
0.0015
0.0015
0.0015
0.0015
0.0019
0.0015
0.0015
0.0016
0.0015
0.0015
0.0015
0.0016
0.0016
0.0016
0.0016
0.0016
0.0015
0.0016
0.0016
0.0016
0.0015
0.0015
0.0029
0.0016
0.0015
0.0016
0.0016
0.0017
0.0016
0.0016
0.0015
0.0016
0.0016
0.0019
0.0015
0.0016
0.0015
0.0017
0.0015
0.0017
0.0016
0.0015
0.0017
0.0018
0.0016
0.0015
0.0016
0.0015
0.0018
0.0018
0.0015
0.0027
0.0021
0.0017
0.0016
0.0016
0.0016
0.0022
0.0018
0.0021
0.0015
0.0014
0.0015
0.0014
0.0016
0.0015
0.0028
0.0024
0.0019
0.0029
0.002
0.0022
0.0016
0.0018
0.0016
0.0018
0.0016
0.0017
0.0015
0.0017
0.0016
0.0018
0.0015
0.0016
0.0015
0.0028
0.0018
0.0018
0.002
0.002
0.0027
0.0019
0.0017
0.0016
0.0016
0.0029
0.0019
0.0019
0.0018
0.0017
0.0016
0.0016
0.0015
0.0016
0.0017
0.0017
0.0016
0.0015
0.0016
0.0016
0.0015
0.0016
0.0015
0.0016
0.002
0.0015
0.0016
0.0015
0.0015
0.0016
0.0016
0.0016
0.0015
0.0015
0.0017
0.0015
0.0016
0.0033
0.0015
0.0015
0.0014
0.0015
0.0015
0.0016
0.0015
0.0015
0.0016
0.0015
0.0022
0.0015
0.0017
0.0015
0.0021
0.0015
0.0015
0.0015
0.0016
0.0015
0.0015
0.0015
0.0016
0.0016
0.0016
0.0016
0.0015
0.0014
0.0017
0.0015
0.0015
0.0014
0.0018
0.0015
0.0016
0.0016
0.0016
0.0021
0.0015
0.0015
0.0019
0.002
0.0015
0.0018
0.0016
0.0017
0.0015
0.0015
0.0015
0.0014
0.0017
0.0015
0.0017
0.0036
0.0016
0.0016
0.0017
0.0016
0.0015
0.0017
0.0015
0.0017
0.002
0.0016
0.0015
0.0016
0.0016
0.0019
0.0018
0.0015
0.0019
0.0016
0.0016
0.0016
0.0015
0.0015
0.0016
0.0017
0.0017
0.0016
0.0015
0.0016
0.0016
0.0019
0.0016
0.0035
0.0025
0.0017
0.0016
0.0016
0.0019
0.0016
0.0016
0.0015
0.0015
0.0015
0.0016
0.0015
0.0015
0.0016
0.0016
0.0016
0.0015
0.0016
0.0016
0.0016
0.0017
0.0015
0.0015
0.0016
0.0015
0.0016
0.0016
0.0018
0.0015
0.0015
0.0015
0.0015
0.0015
0.0015
0.0015
0.0015
0.0017
0.0016
0.0015
0.0014
0.0016
0.0015
0.0015
0.0015
0.0015
0.0016
0.0015
0.0016
0.0015
0.0015
0.0015
0.0016
0.0015
0.0028
0.0017
0.0023
0.0021
0.0018
0.0016
0.0019
0.0026
0.0017
0.0019
0.0018
0.0022
0.0038
0.0023
0.0028
0.002
0.0022
0.002
0.0054
0.0021
0.0018
0.0022
0.002
0.0016
0.0021
0.0017
0.0023
0.0028
0.0016
0.0017
0.0015
0.0017
0.0017
0.0017
0.0017
0.0018
0.0019
0.0016
0.0015
0.0019
0.0022
0.0016
0.0016
0.0015
0.0015
0.0019
0.0017
0.0032
0.0021
0.0018
0.0016
0.0018
0.0017
0.0017
0.0015
0.0015
0.0017
0.0015
0.0016
0.0015
0.0016
0.0017
0.0017
0.0018
0.0017
0.0016
0.0016
0.0016
0.003
0.0028
0.0023
0.0018
0.0016
0.0016
0.0016
0.0017
0.0017
0.0017
0.0017
0.0042
0.0018
0.0016
0.0017
0.0017
0.0015
0.0017
0.0017
0.0022
0.003
0.002
0.002
0.0018
0.0016
0.0026
0.0016
0.0015
0.0015
0.0019
0.0015
0.0016
0.0016
0.0015
0.0017
0.0016
0.0016
0.0018
0.002
0.0018
0.0017
0.0015
0.0015
0.0016
0.0015
0.0015
0.0017
0.0015
0.0016
0.0017
0.0019
0.0017
0.0016
0.0016
0.0016
0.0028
0.0021
0.0022
0.0018
0.0017
0.0015
0.0015
0.0016
0.0015
0.0016
0.0026
0.0016
0.0016
0.0017
0.0015
0.0016
0.0015
0.0015
0.0016
0.0016
0.0015

----------------------------
VideoDecoderEndFrame_D3D11_1
----------------------------
0.0412
0.0643
0.0572
0.085
0.0559
0.0589
0.0607
0.0601
0.0561
0.0548
0.0545
0.0537
0.0541
0.0565
0.0558
0.0582
0.0558
0.0589
0.0666
0.0642
0.0587
0.0522
0.0586
0.0635
0.0547
0.0523
0.0534
0.0532
0.0571
0.0562
0.0545
0.0525
0.0529
0.0526
0.0529
0.0528
0.0538
0.0522
0.0516
0.0526
0.0538
0.0566
0.0567
0.0527
0.0512
0.0511
0.0519
0.0574
0.0506
0.0592
0.0536
0.0576
0.0519
0.0538
0.0574
0.057
0.0532
0.055
0.0533
0.052
0.0532
0.0525
0.0517
0.0538
0.0527
0.0528
0.0526
0.0556
0.0529
0.0546
0.0528
0.0553
0.0521
0.0584
0.0541
0.0548
0.0516
0.0551
0.0535
0.054
0.0543
0.0529
0.0539
0.055
0.0542
0.0547
0.0578
0.0548
0.0582
0.0558
0.0547
0.0541
0.0544
0.0541
0.0536
0.0518
0.0529
0.0537
0.0548
0.0528
0.0543
0.057
0.0582
0.0577
0.0529
0.0529
0.0534
0.0545
0.0553
0.053
0.0526
0.053
0.0553
0.0525
0.0547
0.0536
0.0547
0.0519
0.0556
0.0534
0.0533
0.0524
0.0533
0.0538
0.0568
0.0558
0.0591
0.0557
0.0542
0.0558
0.0521
0.0533
0.0524
0.0522
0.053
0.0528
0.0528
0.0529
0.0538
0.0576
0.0804
0.0569
0.0792
0.0704
0.08
0.0607
0.0585
0.0546
0.0531
0.0527
0.0504
0.0541
0.0532
0.0539
0.0522
0.0531
0.0547
0.0597
0.0561
0.0527
0.0559
0.054
0.0537
0.0557
0.0573
0.0524
0.0536
0.0526
0.0571
0.0538
0.0585
0.0543
0.0567
0.0543
0.055
0.0541
0.0552
0.0529
0.0536
0.0554
0.0559
0.0542
0.0549
0.0533
0.0538
0.054
0.0547
0.0537
0.0529
0.0535
0.0553
0.055
0.0545
0.0534
0.0514
0.0516
0.0548
0.0533
0.0525
0.0545
0.0591
0.0543
0.0552
0.0535
0.0575
0.0544
0.0564
0.0541
0.0544
0.0538
0.0547
0.0556
0.0539
0.0561
0.0544
0.0542
0.0545
0.0541
0.0545
0.0576
0.0551
0.0588
0.0522
0.0529
0.0534
0.0549
0.0563
0.0564
0.0559
0.0545
0.0546
0.0567
0.0537
0.0521
0.0517
0.0512
0.0533
0.0538
0.0536
0.0548
0.0585
0.0533
0.0541
0.0538
0.0524
0.0561
0.0582
0.058
0.0535
0.0513
0.0501
0.0511
0.0508
0.0502
0.0498
0.0606
0.0523
0.0771
0.1026
0.0521
0.0514
0.0514
0.0512
0.0508
0.0507
0.051
0.0523
0.0511
0.0512
0.0504
0.0503
0.0506
0.0514
0.0658
0.0552
0.0606
0.0513
0.0514
0.0539
0.0567
0.0517
0.0511
0.0577
0.0515
0.0544
0.0518
0.0517
0.0542
0.0518
0.0517
0.0506
0.0516
0.051
0.0505
0.0502
0.0517
0.0503
0.0508
0.0519
0.0509
0.051
0.0511
0.0507
0.0531
0.0507
0.0499
0.0506
0.0556
0.0508
0.0535
0.0508
0.0506
0.0516
0.0506
0.0523
0.051
0.0534
0.0516
0.051
0.0508
0.0505
0.0518
0.0509
0.0514
0.0502
0.0503
0.0517
0.051
0.0508
0.0509
0.0505
0.0503
0.0503
0.0506
0.051
0.0513
0.0507
0.0504
0.0516
0.0503
0.0513
0.051
0.051
0.0503
0.0512
0.0506
0.051
0.05
0.0501
0.0529
0.0526
0.0505
0.0524
0.0522
0.0532
0.0503
0.0524
0.0501
0.0515
0.0509
0.0538
0.0548
0.0518
0.0516
0.0516
0.0516
0.0509
0.0519
0.0514
0.0525
0.0522
0.052
0.0554
0.0526
0.0517
0.0512
0.051
0.0516
0.0511
0.0517
0.0513
0.0505
0.0513
0.051
0.0507
0.0503
0.0503
0.0505
0.0515
0.0513
0.0503
0.0514
0.0515
0.0508
0.052
0.0583
0.0507
0.0504
0.051
0.0499
0.0521
0.0515
0.0533
0.0531
0.0519
0.0516
0.0512
0.0507
0.0508
0.052
0.0511
0.0593
0.0523
0.0509
0.0504
0.0511
0.0506
0.0504
0.0513
0.052
0.0499
0.0506
0.0519
0.0511
0.0505
0.0508
0.0509
0.0507
0.0517
0.0572
0.0528
0.051
0.0503
0.0553
0.0518
0.0561
0.0546
0.0508
0.0506
0.0504
0.0501
0.0504
0.0507
0.0517
0.0505
0.0503
0.0508
0.0514
0.0521
0.0548
0.0513
0.0508
0.0501
0.0501
0.0515
0.0502
0.0555
0.0555
0.065
0.0525
0.0561
0.0511
0.0518
0.0574
0.0686
0.0505
0.0521
0.0623
0.0838
0.0589
0.0783
0.0532
0.0559
0.0574
0.0668
0.053
0.0549
0.0531
0.0528
0.0556
0.0549
0.0535
0.0555
0.0563
0.0544
0.0526
0.0531
0.0559
0.053
0.0538
0.056
0.0533
0.0538
0.0564
0.058
0.0569
0.0545
0.0538
0.0531
0.0561
0.0553
0.0583
0.0571
0.0589
0.0552
0.0568
0.0563
0.0553
0.0548
0.0554
0.0518
0.0522
0.0524
0.0521
0.0521
0.0526
0.0546
0.0547
0.0556
0.0555
0.0556
0.0536
0.0543
0.058
0.0597
0.0594
0.054
0.0534
0.0532
0.053
0.0552
0.0547
0.054
0.0553
0.057
0.0621
0.0561
0.0552
0.0534
0.0576
0.0551
0.0557
0.0552
0.0569
0.0589
0.0581
0.0582
0.0529
0.0542
0.0552
0.0526
0.0532
0.0565
0.0522
0.0526
0.0525
0.0536
0.0564
0.054
0.0545
0.0582
0.0564
0.0557
0.0531
0.0528
0.0532
0.0527
0.0522
0.0532
0.0533
0.0535
0.0559
0.0557
0.0547
0.0567
0.0562
0.0539
0.0557
0.0551
0.0604
0.0577
0.0553
0.0558
0.0522
0.0525
0.052
0.0531
0.0558
0.0534
0.0531
0.0548
0.0538
0.0529
0.0523
0.0521
0.052
0.0536
0.0555
0.0531
0.0517

---------------------------------
VideoDecoderSubmitBuffers_D3D11_1
---------------------------------
16.6421
32.1084
14.2529
49.3912
11.3956
14.6863
0.6579
0.7363
0.8124
0.7483
0.8029
0.784
0.8142
0.5267
0.9919
0.7873
0.5527
0.8124
0.5821
0.5288
0.627
0.5698
0.6646
0.5903
0.3812
0.3755
0.3785
0.3867
0.4074
0.3817
0.379
0.3774
0.3861
0.3775
0.3752
0.3787
0.3781
0.3798
0.3763
0.3797
0.3777
1.0116
0.3895
0.3815
0.3726
0.3749
0.3725
0.3754
0.4063
0.4999
0.4154
0.4402
0.3879
0.384
0.4329
0.3861
0.3746
0.3737
0.3755
0.3786
0.3787
0.3783
0.3744
0.3819
0.3821
0.374
0.3774
0.3833
0.3805
0.3996
0.3907
0.3792
0.3687
0.4091
0.3836
0.3852
0.3823
0.3886
0.3988
0.3961
0.381
0.3845
0.3883
0.3848
0.3911
0.4005
0.398
0.4034
0.4033
0.3954
0.4084
0.4035
0.4
0.4052
0.3804
0.3771
0.4063
0.3797
0.3794
0.3916
0.3967
0.4069
0.4291
0.3864
0.3793
0.3864
0.392
0.3881
0.3963
0.3838
0.3745
0.38
0.3789
0.387
0.3779
0.3866
0.3907
0.3887
0.3657
0.3682
0.3805
0.3754
0.3765
0.3956
0.4034
0.4123
0.426
0.4222
0.4016
0.4041
0.3844
0.3743
0.379
0.3797
0.3826
0.3789
0.3789
0.3833
0.3839
0.4378
0.5952
0.4073
0.5993
0.4145
0.5648
0.4431
0.4262
0.3947
0.3786
0.3766
0.3809
0.381
0.3725
0.3791
0.3742
0.3817
0.395
0.4277
0.391
0.3807
0.3866
0.388
0.3942
0.3973
0.4076
0.3915
0.3915
0.3868
0.3863
0.3841
0.4543
0.4123
0.4125
0.4038
0.3962
0.3911
0.383
0.3977
0.391
0.3936
0.4064
0.3895
0.3872
0.3849
0.3943
0.3989
0.4099
0.3935
0.3906
0.3882
0.3963
0.3962
0.408
0.3964
0.3631
0.3643
0.4029
0.3716
0.3791
0.3795
0.3836
0.3948
0.405
0.402
0.4271
0.4088
0.4009
0.4047
0.3863
0.3864
0.387
0.3895
0.3936
0.4068
0.388
0.3809
0.3865
0.3824
0.3874
0.4131
0.4009
0.4161
0.3993
0.3891
0.3832
0.3902
0.3924
0.4099
0.4036
0.4032
0.405
0.4108
0.4095
0.3789
0.3763
0.3766
0.3757
0.3926
0.3677
0.4029
0.4351
0.3961
0.3776
0.3785
0.3861
0.3875
0.4183
0.4395
0.3995
0.3668
0.3712
0.7745
0.8198
0.824
0.8733
7.0332
0.418
0.6973
0.4385
0.3917
0.7579
0.7364
0.6498
0.854
0.8036
0.8254
0.8055
0.7721
0.7216
0.8109
0.7192
0.7677
0.7972
0.9042
0.4306
0.3906
0.3862
0.3962
0.3861
0.4327
0.3883
0.3734
0.5727
0.7698
0.4594
0.4283
0.7579
0.3766
0.5324
0.7699
0.3784
0.4919
0.6848
0.8108
0.7308
0.7838
0.77
0.768
0.7816
0.3753
0.5308
0.7427
0.8452
0.3879
0.3805
0.3721
0.6329
0.7591
0.3802
0.4971
0.7202
0.3705
0.5852
0.7105
0.8559
0.7629
0.778
0.8279
0.3779
0.4493
0.7782
0.7673
0.7253
0.8398
0.7515
0.7652
0.8323
0.3772
0.4676
0.3799
0.3738
0.3775
0.7112
0.7315
0.7498
0.7901
0.7867
0.7573
0.3751
0.4826
0.7354
0.8411
0.7367
0.7805
0.8365
0.3781
0.4369
0.7715
0.7893
0.3823
0.6472
0.7595
0.4002
0.5094
0.4078
0.3873
0.375
0.3882
0.3745
0.3787
0.3839
0.3868
0.3816
0.3691
0.3737
0.6184
0.81
0.3972
0.5487
0.7878
0.7233
0.7729
0.8197
0.7666
0.8129
0.7363
0.38
0.5513
0.3858
0.3819
0.3645
0.3778
0.4804
0.7806
0.3893
0.3919
0.3726
0.3799
0.5581
0.3761
0.3762
0.6069
0.3807
0.3734
0.3824
0.38
0.3784
0.4113
0.7941
0.6279
0.385
0.3729
0.4925
0.4204
0.3905
0.3765
0.4799
0.385
0.5594
0.7752
0.3833
0.5648
0.8104
0.3775
0.5776
0.7878
0.3788
0.5629
0.7557
0.8343
0.7873
0.3777
0.5049
0.726
0.7973
0.8199
0.3848
0.5228
0.7856
0.7634
0.3943
0.373
0.3704
0.6171
0.761
1.6999
0.4228
0.3765
0.3851
0.5395
0.7668
0.7868
0.755
0.3841
0.4697
0.6936
0.7668
0.6298
0.3752
0.6058
0.5632
0.7095
0.7431
0.379
0.3838
0.6413
0.4477
0.3903
0.5402
0.3846
0.3921
0.3886
0.3917
0.4066
0.6198
0.5244
0.3954
0.4968
0.6834
0.4279
0.5896
0.4019
0.3949
0.3778
0.9117
0.4066
0.4874
0.3997
0.3639
0.3763
0.4489
0.399
0.4226
0.3948
0.3854
0.3771
0.3834
0.3913
0.3853
0.3976
0.4262
0.3888
0.3934
0.3976
0.3938
0.401
0.405
0.3902
0.3938
0.4035
0.3973
0.416
0.3928
0.5168
0.4075
0.4042
0.4059
0.4001
0.4082
0.3983
0.3788
0.3781
0.3785
0.3824
0.3839
0.3864
0.4016
0.4024
0.4059
0.4246
0.4077
0.3821
0.3878
0.3915
0.5092
0.4616
0.3953
0.3737
0.3694
0.377
0.3739
0.3801
0.3941
0.4133
0.4185
0.4164
0.4254
0.3964
0.3875
0.3888
0.4018
0.3956
0.4117
0.4143
0.4981
0.4286
0.4433
0.3917
0.3781
0.432
0.387
0.3925
0.3835
0.3876
0.3809
0.3812
0.3927
0.3838
0.3933
0.4118
0.4082
0.4179
0.4484
0.388
0.3787
0.3752
0.3784
0.3842
0.3842
0.3837
0.3918
0.3892
0.3946
0.4136
0.4286
0.4204
0.3942
0.4011
0.3821
0.4853
0.4316
0.4371
0.3929
0.3829
0.3728
0.3766
0.3871
0.3816
0.3894
0.3975
0.3967
0.3915
0.3926
0.3745
0.3763
0.3751
0.3762
0.3802
0.3775
0.3747

