---------------------------------------------
CalcPrivateVideoDecoderOutputViewSize_D3D11_1
---------------------------------------------
0.002
0.0013
0.0014
0.0013
0.0015
0.0008
0.0012
0.0008
0.0015
0.0012
0.0007
0.0014
0.0009
0.0022
0.0009
0.0015
0.001
0.001
0.0009
0.0023
0.001
0.0007
0.0011
0.0006
0.0007
0.0006
0.0005
0.0006
0.0019
0.0006
0.0007
0.0006
0.0007
0.0006
0.0007
0.0006
0.0006
0.0006
0.0005
0.0006
0.0005
0.0007
0.0016
0.0007
0.0006
0.0006
0.0006
0.0006
0.0015
0.001
0.0008
0.0009
0.0007
0.0007
0.0007
0.0008
0.0006
0.0007
0.0006
0.0007
0.0007
0.0009
0.0006
0.0026
0.0011
0.0023
0.0012
0.0007
0.0008
0.0007
0.0006
0.0006
0.0006
0.0007
0.0006
0.0006
0.0005
0.0006
0.0006
0.0007
0.0006
0.0006
0.0006
0.0006
0.0005
0.0006
0.0006
0.0006
0.0007
0.0005
0.0007
0.0007
0.0006
0.0005
0.002
0.0006
0.0006
0.0006
0.0006
0.0007
0.0008
0.0008
0.0006
0.0006
0.0006
0.0007
0.0007
0.0017
0.0012
0.0007
0.0006
0.0008
0.0012
0.0006
0.0006
0.0006
0.0005
0.0006
0.0008
0.0005
0.0005
0.0009
0.0006
0.0007
0.0007
0.0008
0.0006
0.0007
0.0006
0.0009
0.0009
0.0008
0.0006
0.0008
0.0009
0.0007
0.0007
0.0006
0.0006
0.0006
0.0006
0.0105
0.0006
0.0006
0.0006
0.0006
0.0006
0.0007
0.0006
0.0005
0.0005
0.0006
0.0006
0.0009
0.0017
0.0014
0.0008
0.0008
0.0006
0.0007
0.0006
0.0006
0.0011
0.001
0.0012
0.0007
0.0019
0.0011
0.0009
0.0009
0.0006
0.0007
0.0009
0.001
0.0007
0.0007
0.0006
0.0007
0.0007
0.0008
0.0011
0.0014
0.0013
0.001
0.0005
0.0007
0.0006
0.0006
0.0006
0.0006
0.0006
0.0005
0.0005
0.0007
0.0006
0.0008
0.001
0.0005
0.0008
0.0006
0.0006
0.0006
0.0006
0.0007
0.0006
0.0014
0.0006
0.0006
0.0006
0.0006
0.0005
0.0055
0.0006
0.0006
0.0006
0.0005
0.0007
0.0006
0.0006
0.0006
0.0009
0.0006
0.0006
0.0008
0.0009
0.0005
0.0007
0.0006
0.0006
0.0007
0.0006
0.0006
0.0006
0.0006
0.0006
0.0007
0.0008
0.0006
0.0006
0.0006
0.0006
0.0006
0.0006
0.0006
0.0006
0.0006
0.0005
0.0005
0.0006
0.0005
0.0016
0.0006
0.0006
0.0006
0.0006
0.0006
0.0006
0.0006
0.0006
0.0007
0.0018
0.001
0.0011
0.0006
0.0007
0.0007
0.0007
0.0008
0.0006
0.0008
0.0005
0.0007
0.0006
0.0007
0.0006
0.0009
0.0006
0.0005
0.0005
0.0006
0.0006
0.0007
0.0006
0.0006
0.0006
0.0006
0.0006
0.0006
0.0006
0.0007
0.0005
0.0006
0.0006
0.0006
0.0006
0.001
0.0005
0.0007
0.0007
0.0009
0.0006
0.0005
0.0006
0.0007
0.0006
0.0008
0.0005
0.0006
0.0006
0.0005
0.0006
0.0006
0.0006
0.0006
0.0006
0.0005
0.0109
0.0008
0.0006
0.0006
0.0006
0.0006
0.0005
0.0006
0.0006
0.0006
0.0006
0.0009
0.0008
0.0005
0.0007
0.0007
0.0006
0.0006
0.0006
0.0006
0.0018
0.0016
0.0009
0.0009
0.0007
0.0007
0.0007
0.0008
0.0007
0.0007
0.0007
0.0007
0.0006
0.0007
0.0008
0.0006
0.0006
0.0006
0.0011
0.0016
0.0009
0.0008
0.0006
0.0007
0.0013
0.001
0.0007
0.0007
0.0005
0.0006
0.0008
0.0008
0.0006
0.0005
0.0006
0.0006
0.0006
0.0006
0.0005
0.0008
0.0006
0.0005
0.0006
0.0005
0.0008
0.0006
0.0007
0.0006
0.0006
0.0007
0.0006
0.0006
0.0006
0.0005
0.0008
0.0005
0.0005
0.0007
0.0009
0.0006
0.0006
0.0006
0.0005
0.0006
0.0006
0.0006
0.0008
0.0005
0.0006
0.0008
0.0006
0.0006
0.0006
0.0005
0.0005
0.0007
0.0008
0.0006
0.0006
0.0006
0.0021
0.0009
0.0008
0.0007
0.0008
0.0007
0.0007
0.0006
0.0008
0.0009
0.0008
0.0008
0.0009
0.0007
0.0007
0.0007
0.0007
0.0008
0.0007
0.0016
0.0016
0.001
0.0026
0.0015
0.0009
0.0008
0.0011
0.0006
0.0016
0.0014
0.001
0.0012
0.0008
0.001
0.0007
0.0009
0.0005
0.0006
0.0007
0.0007
0.0005
0.0005
0.0005
0.001
0.0007
0.0007
0.0005
0.0007
0.0005
0.0005
0.0007
0.0006
0.0006
0.0006
0.0006
0.0007
0.0006
0.0005
0.0188
0.0008
0.0006
0.0008
0.0006
0.0015
0.0014
0.001
0.0011
0.0012
0.0008
0.0013
0.001
0.0014
0.0009
0.0007
0.0007
0.0006
0.0016
0.0013
0.0008
0.0009
0.0006
0.0007
0.0007
0.0005
0.0006
0.0007
0.0007
0.0012
0.001
0.001
0.0008
0.0012
0.0011
0.0007
0.0007
0.0006
0.0007
0.0012
0.0015
0.0007
0.0009
0.0007
0.0009
0.001
0.001
0.0007
0.0006
0.0008
0.0006
0.0007
0.0008
0.0007
0.0007
0.0009
0.0007
0.001
0.0009
0.0007
0.0006
0.0006
0.0006
0.0008
0.0007
0.0007
0.0009
0.0006
0.0007
0.0022
0.0019
0.001
0.0007
0.0007
0.0007
0.0007
0.0007
0.0007
0.0007
0.0007
0.0006
0.0009
0.0008
0.0007
0.0007
0.0008
0.0008
0.0007
0.0007
0.0006
0.0015
0.0009
0.0007
0.0008
0.0008
0.0006
0.0006
0.0007
0.0006
0.0006
0.0007
0.0006
0.0005
0.0007
0.0037
0.0005
0.0006
0.0007
0.0006
0.0007
0.0005
0.0006
0.0005
0.0006
0.0016
0.0011
0.0005
0.0007
0.0008
0.0007
0.0006
0.0006
0.0006
0.0005
0.0006
0.0005

-----------------------
CodechalDecode::Execute
-----------------------
10.2421
3.1833
5.9015
3.6935
11.7413
4.2925
0.6664
0.6026
0.5209
0.4884
0.5247
0.5625
0.5551
0.6853
0.59
0.6939
2.9936
2.4318
0.5707
0.5655
0.5795
0.5797
0.557
0.5785
0.4387
0.4462
0.4298
0.4292
0.4624
0.416
0.4117
0.4028
0.4186
0.4386
0.4274
0.4299
0.4301
0.4455
0.4378
0.4381
0.4357
0.4045
0.3986
0.3979
0.4065
0.4045
0.4039
0.4274
0.4532
0.4129
0.4032
0.4023
0.4028
0.4027
0.4036
0.4058
0.4123
0.4131
0.4171
0.4303
0.4522
0.4362
0.4597
0.4664
0.4097
0.498
0.4197
0.397
0.3979
0.3967
0.3954
0.395
0.3926
0.393
0.3949
0.396
0.3985
0.3951
0.3982
0.3974
0.3982
0.3957
0.3957
0.3997
0.4005
0.4021
0.4039
0.4044
0.408
0.4161
0.4271
0.4073
0.3973
0.3943
0.4015
0.4023
0.4056
1.8294
0.4007
0.4119
0.4129
0.4291
0.4351
0.4326
0.4508
0.4503
1.4612
0.509
0.4526
1.4807
0.4361
0.4566
1.6394
0.4112
0.404
1.1368
0.4002
0.4069
1.219
0.4278
0.4094
0.4105
0.4049
0.4236
0.4375
0.4394
0.4201
0.4218
0.4104
0.4308
1.9468
0.4106
0.4014
0.4235
0.4226
0.4413
0.4137
0.4112
0.4132
0.4141
0.4175
0.4376
0.4471
0.4127
0.4149
0.4188
0.4151
0.4259
0.4312
0.4243
0.4271
0.4266
0.417
0.42
0.5051
0.4645
0.4212
0.415
0.473
0.4238
0.446
0.4505
0.4289
2.0823
0.4859
0.4623
0.519
0.4584
0.4322
0.4307
0.5187
0.4166
0.4194
0.4063
0.3989
0.401
0.3974
0.4052
0.4076
0.4322
0.4177
0.4687
0.4467
0.4428
0.403
0.3987
0.4034
0.3979
0.3995
0.4015
0.4064
0.4055
0.4625
0.3992
0.3975
0.4034
0.4176
0.4206
0.4429
0.3973
0.3874
0.398
0.4016
0.3962
0.3997
0.4025
0.3953
0.3999
0.4044
0.404
0.4163
0.4272
0.4032
0.4035
0.4035
0.4054
0.4046
0.4087
0.4108
0.4169
0.445
0.4335
0.4315
0.4327
0.4371
0.3954
0.3954
0.3943
0.4045
0.3979
0.4082
0.4259
0.4149
0.4052
0.4117
0.4154
0.4114
0.4403
0.435
0.447
0.4237
0.4292
0.4339
0.4475
0.4157
0.4149
0.4171
0.4224
0.4161
0.4332
0.43
0.4045
0.4051
0.4679
0.4134
0.4525
0.4428
0.4456
0.4473
0.4172
0.5317
0.4404
0.4438
0.424
0.4209
0.4275
0.4264
0.4429
0.4582
0.4158
0.4153
0.4149
0.4141
0.4173
0.4416
0.4208
0.4135
0.4463
0.4154
0.4103
0.4173
0.4146
0.4398
0.4171
0.4123
0.4166
0.4231
0.4215
0.4333
0.4115
0.4102
0.4149
0.4228
0.4198
0.4466
0.4097
0.406
0.4178
0.4243
0.4599
0.4338
0.4211
0.416
0.4203
0.4276
0.4252
0.4224
0.4329
0.4354
0.4395
0.4317
0.4288
0.4254
0.4418
0.4311
0.4336
0.4437
0.4132
0.4094
0.4164
0.4163
0.4175
0.4286
0.4394
0.4467
0.4557
0.4343
0.421
0.3896
0.3931
0.4068
0.4008
0.4053
0.4102
0.4054
0.4248
0.5079
0.4549
0.4163
0.4085
0.4145
0.408
0.4118
0.4208
0.428
0.4427
0.4167
0.4015
0.4012
0.4018
0.4084
0.409
0.4084
0.4173
0.4506
0.464
0.4095
0.3969
0.3932
0.3941
0.4211
0.3961
0.3983
0.4042
0.3993
0.3961
0.4035
0.4034
0.3941
0.3955
0.3942
0.3961
0.4009
0.4017
0.396
0.3964
0.3946
0.3944
0.3977
0.3985
0.4169
0.3939
0.3943
0.3954
0.3906
0.4002
0.4058
0.4196
0.4249
0.43
0.4523
0.4122
0.4094
0.4185
0.423
0.4128
0.4183
0.4007
0.4547
0.4025
0.4031
0.3979
0.407
0.4158
0.4125
0.4093
0.4039
0.3957
0.3941
0.3983
0.3967
0.4113
0.4142
0.4149
0.4318
0.4709
0.5638
0.4712
0.4215
0.5235
0.4181
0.4255
0.4355
0.4318
0.4063
0.409
0.4161
0.4074
0.412
0.3972
0.3978
0.403
0.404
0.4143
0.4016
0.4513
0.6112
0.4176
0.7143
0.6341
0.421
0.4005
0.4229
0.4201
0.4976
0.6301
0.4244
0.4827
0.4078
0.4118
0.4016
0.4138
0.4014
0.4058
0.4051
0.4061
0.4104
0.4148
0.4155
0.4273
0.3959
0.3993
0.3976
0.398
0.3983
0.4169
0.4246
0.4251
0.4357
0.4119
0.4447
0.4208
0.421
0.4167
0.445
0.4083
0.3987
0.4073
0.4101
0.4698
0.6207
0.4166
0.4209
0.6133
0.4153
0.6296
0.4276
0.6122
0.4062
0.4071
0.4036
0.4029
0.4522
0.4167
0.4169
0.409
0.409
0.4057
0.4033
0.4042
0.4053
0.4452
0.4932
0.5757
0.6106
0.4255
0.4024
0.4452
0.4403
0.4261
0.4174
0.4018
0.3992
0.6273
0.5295
0.4168
0.4203
0.4094
0.6313
0.4275
0.4212
0.414
0.4083
0.4112
0.4032
0.4116
0.4085
0.4198
0.4192
0.4339
0.4078
0.4193
0.405
0.4564
0.4041
0.412
0.4105
0.4254
0.429
0.4447
0.4512
0.419
0.4192
0.5289
0.5437
0.4214
0.4095
0.4066
0.4144
0.4131
0.4237
0.4055
0.4045
0.4049
0.407
0.4186
0.4237
0.422
0.4332
0.4251
0.3934
0.3933
0.4659
0.4
0.4543
0.4152
0.4075
0.4066
0.407
0.4064
0.4094
0.4056
0.4044
0.4039
0.4061
0.4111
0.4065
0.4103
0.3969
0.3994
0.4034
0.4055
0.4138
0.4224
0.4056
0.4142
0.4101
0.414
0.4542
0.4681
0.4022
0.4073
0.3943
0.4004
0.4081
0.4085
0.4053
0.4142
0.3975
0.3995

---------------------------------------
CodechalDecodeHevcG12::DecodeStateLevel
---------------------------------------
0.224
0.3058
4.0408
0.5336
0.199
0.4239
2.1983
0.1729
2.1981
0.3957
0.162
0.3795
4.11
0.1818
3.5146
0.2322
0.1432
0.2078
0.1931
0.1389
0.1773
0.1097
0.1352
0.1864
0.1135
0.1302
0.1696
0.1003
0.1304
0.1522
0.1044
0.128
0.1841
0.1304
0.1392
0.1566
0.1196
0.1309
0.1927
0.143
0.1405
0.1897
0.1316
0.1358
0.1559
0.1615
0.1409
0.1924
0.1401
0.1591
2.3404
0.1176
0.1489
1.8907
0.1385
0.1418
0.1619
0.1253
0.1439
0.1642
0.1288
0.1463
0.1643
0.1234
0.143
0.1849
0.1259
0.1374
0.1608
0.1385
0.1455
0.1643
0.072
0.1381
0.1223
0.0704
0.1398
0.1212
0.0708
0.1332
0.12
0.0706
0.1334
0.1199
0.0762
0.1457
0.1243
0.0678
0.1302
0.1183
0.0663
0.1281
0.1173
0.0666
0.1238
0.1124
0.0671
0.1317
0.1193
0.0728
0.137
0.1214
0.0699
0.1327
0.1204
0.0714
0.1343
0.1207
0.0702
0.1344
0.1206
0.0746
0.1381
0.1223
0.0739
0.1357
0.1212
0.0728
0.1355
0.1226
0.0718
0.1355
0.1215
0.0643
0.1247
0.1145
0.0618
0.1234
0.1156
0.062
0.1241
0.1154
0.0623
0.1291
0.1177
0.0635
0.1251
0.1161
0.0646
0.126
0.1157
0.0751
0.1301
0.1199
0.0796
0.1358
0.1205
0.0675
0.1281
0.1166
0.0648
0.1266
0.1158
0.0643
0.1263
0.1164
0.0649
0.1255
0.1168
0.0639
0.1265
0.1177
0.065
0.126
0.1172
0.0662
0.1279
0.1164
0.0674
0.1314
0.1163
0.0658
0.1292
0.1191
0.068
0.1303
0.1186
0.0715
0.134
0.1206
0.0768
0.1406
0.1243
0.0741
0.1348
0.1217
0.071
0.1605
0.1234
0.0841
0.138
0.1206
0.0697
0.1233
0.1117
0.0916
0.154
0.121
0.0687
0.1288
0.1171
0.0632
0.126
0.1149
0.0633
0.1262
0.1154
0.0627
0.1253
0.1163
0.0626
0.1256
0.1148
0.0622
0.1253
0.1149
0.06
0.1246
0.118
0.0621
0.1244
0.1161
0.0616
0.1262
0.1154
0.0627
0.1262
0.1162
0.0637
0.1253
0.1171
0.062
0.1245
0.1177
0.0631
0.1253
0.1174
0.0628
0.1252
0.1181
0.0626
0.1261
0.1174
0.0619
0.1264
0.1166
0.0632
0.124
0.1167
0.0629
0.1253
0.1161
0.0644
0.1252
0.1161
0.0641
0.1251
0.1176
0.0633
0.1282
0.1165
0.0643
0.1265
0.1162
0.0645
0.1285
0.1188
0.0671
0.1293
0.1195
0.0672
0.1349
0.1212
0.0653
0.125
0.1161
0.0626
0.1245
0.115
0.0617
0.1233
0.1145
0.0641
0.1238
0.1147
0.0638
0.1245
0.1172
0.0632
0.1275
0.1162
0.07
0.1306
1.3636
0.0633
0.1275
0.1167
0.0671
0.1262
0.1166
0.0667
0.1289
0.1168
0.0655
0.1398
0.1195
0.0698
0.1312
0.1275
0.0719
0.1337
0.1206
0.0748
0.1404
0.1235
0.0747
0.1409
0.1215
0.068
0.1375
0.9896
0.0909
0.1574
0.1242
0.074
0.142
0.1192
0.0695
0.1437
1.0217
0.0742
0.1359
0.1213
0.0764
0.1394
0.1226
0.068
0.1444
1.1667
0.0664
0.1297
0.1167
0.0643
0.1253
0.1154
0.0797
0.1411
0.6996
0.0638
0.1284
0.1152
0.0653
0.1274
0.1149
0.0683
0.1355
0.7989
0.068
0.137
0.1205
0.0646
0.1271
0.116
0.0663
0.1269
0.116
0.0642
0.1271
0.1157
0.0684
0.1314
0.1184
0.073
0.1329
0.1186
0.0716
0.1346
0.1241
0.0684
0.1305
0.1184
0.0709
0.1279
0.1176
0.066
0.1286
0.1169
0.0713
0.1315
0.1186
0.0662
0.1293
1.5062
0.0657
0.1288
0.1151
0.0645
0.1243
0.1147
0.0701
0.1275
0.1176
0.0687
0.1316
0.1191
0.0734
0.1363
0.1237
0.0653
0.1299
0.1179
0.0656
0.1299
0.1176
0.0657
0.1292
0.118
0.0661
0.1269
0.1193
0.0667
0.1297
0.1192
0.0725
0.1345
0.1204
0.0722
0.1389
0.122
0.0663
0.1294
0.1178
0.0655
0.132
0.1193
0.0684
0.1293
0.118
0.0654
0.1296
0.1196
0.0707
0.1318
0.119
0.0717
0.1327
0.119
0.0695
0.1319
0.1197
0.0713
0.1314
0.1194
0.0692
0.132
0.1207
0.0675
0.1305
0.1188
0.0638
0.1242
0.1155
0.0928
0.1563
0.1195
0.0771
0.1443
0.119
0.0697
0.1309
0.1158
0.066
0.1267
0.1179
0.1235
0.13
0.1177
0.0691
0.1309
0.119
0.0729
0.1374
0.1222
0.074
0.1393
0.1254
0.0706
0.1309
0.1187
0.0726
0.1409
1.563
0.0832
0.1512
0.1206
0.0777
0.1479
0.1197
0.0961
0.1589
0.1247
0.0786
0.1445
0.1233
0.0713
0.1363
0.1198
0.0718
0.1347
0.1201
0.0742
0.1768
0.129
0.0683
0.1298
0.1185
0.0703
0.1307
0.1172
0.0674
0.1252
0.1147
0.0638
0.1253
0.1149
0.0655
0.1247
0.1148
0.0613
0.1251
0.115
0.0651
0.1254
0.1152
0.0654
0.1269
0.1159
0.0661
0.1362
0.1233
0.0694
0.1274
0.1176
0.0819
0.1475
0.1197
0.0737
0.1448
0.1186
0.0736
0.1412
0.1171
0.0645
0.128
0.1157
0.0627
0.1263
0.1168
0.0636
0.1281
0.1172
0.0628
0.1254
0.1156
0.0635
0.1264
0.1168
0.0649
0.1265
0.1154
0.0658
0.1281
0.1181
0.0639
0.1289
0.1165
0.0896
0.1424
0.1163
0.0638
0.1257
0.1149
0.063
0.126
0.1159
0.0651
0.1246
0.1167
0.0747
0.1231
0.1128
0.0691
0.1306
0.1179
0.0887
0.1322
0.118
0.0641
0.1249
0.1155
0.0605
0.1233
0.1142
0.0639
0.1245
0.1171
0.0651
0.1266
0.1159
0.0632
0.1249
0.1167
0.0642
0.126
0.1168
0.065
0.1244
0.1194
0.0627
0.1246
0.1159
0.0643
0.1251
0.1169
0.0628
0.1262
0.118
0.0639
0.1264
0.1182
0.067
0.1286
0.1192
0.0673
0.1288
0.1225
0.0631
0.1258
0.1178
0.0641
0.1247
0.1179
0.0642
0.1253
0.1161
0.0626
0.126
0.1183
0.0627
0.1273
0.1183
0.0659
0.1265
0.1172
0.0648
0.1283
0.1185
0.0673
0.1314
0.1185
0.0731
0.1339
0.1333
0.0702
0.134
0.1231
0.071
0.135
0.1212
0.0714
0.1342
0.1219
0.0721
0.1329
0.1203
0.0624
0.1244
0.1143
0.0631
0.1226
0.1139
0.0621
0.1238
0.1142
0.0646
0.1239
0.1178
0.0654
0.1216
0.1093
0.0658
0.1273
0.1164
0.0699
0.1325
0.1191
0.0663
0.1307
0.1169
0.0635
0.1268
0.1175
0.0683
0.128
0.118
0.0658
0.1314
0.1176
0.0649
0.1293
0.1179
0.0839
0.1321
0.121
0.073
0.1348
0.1209
0.0696
0.133
0.1358
0.0685
0.1328
0.1206
0.0712
0.1338
0.1201
0.0694
0.1365
0.1233
0.0744
0.1387
0.1229
0.0688
0.1293
0.1172
0.0657
0.1301
0.1191
0.0676
0.1309
0.1202
0.0684
0.1297
0.1229
0.0667
0.1306
0.1187
0.0705
0.1356
0.1207
0.0686
0.1258
0.1151
0.0638
0.1268
0.1164
0.0638
0.1258
0.1169
0.1195
0.1306
0.1182
0.0653
0.1298
0.1191
0.0761
0.141
0.1261
0.0751
0.139
0.1219
0.0748
0.1393
0.1243
0.0749
0.1403
0.1243
0.0686
0.1302
0.1178
0.0989
0.1675
0.124
0.0741
0.1343
0.1211
0.0793
0.1335
0.1113
0.0695
0.1339
0.1199
0.0691
0.1316
0.1181
0.0711
0.1317
0.1184
0.0686
0.1308
0.1246
0.074
0.1355
0.1231
0.0776
0.1441
0.1246
0.0677
0.1299
0.1185
0.0668
0.1298
0.1186
0.0676
0.128
0.1179
0.0645
0.1297
0.1207
0.0661
0.1322
0.1195
0.0737
0.1374
0.1217
0.0689
0.1289
0.1177
0.066
0.1284
0.1163
0.0794
0.1426
0.1173
0.0656
0.1325
0.1171
0.0665
0.1279
0.1163
0.0674
0.1285
0.1172
0.0661
0.1299
0.1182
0.0751
0.1382
0.1216
0.067
0.1273
0.1221
0.0653
0.1308
0.1176
0.0696
0.1288
0.1188
0.0676
0.1329
0.119
0.0679
0.1321
0.12
0.0707
0.1361
0.1216
0.0663
0.1282
0.1177
0.0649
0.1285
0.1191
0.0671
0.1301
0.1181
0.0671
0.1304
0.1221
0.068
0.1312
0.1199
0.0748
0.1365
0.1223
0.0714
0.1209
0.1116
0.0632
0.1286
0.1169
0.0675
0.1294
0.1181
0.0696
0.1307
0.1182
0.0781
0.1393
0.123
0.0711
0.1354
0.1218
0.0682
0.131
0.1191
0.066
0.1297
0.1202
0.0675
0.1313
0.1183
0.0698
0.1309
0.1188
0.0691
0.1319
0.1207
0.0679
0.1316
0.1193
0.0713
0.1349
0.1201
0.0679
0.1348
0.1243
0.0725
0.1363
0.1234
0.0722
0.1331
0.1195
0.072
0.1334
0.1199
0.0698
0.1338
0.1204
0.0716
0.1373
0.124
0.0705
0.1348
0.1217
0.0722
0.1352
0.1216
0.0732
0.1329
0.1197
0.0667
0.1297
0.1168
0.0649
0.128
0.1182
0.0681
0.1289
0.1187
0.0656
0.1299
0.1183
0.0675
0.1322
0.118
0.0705
0.1336
0.1198
0.0696
0.1388
0.1238
0.074
0.1389
0.1249
0.0756
0.1395
0.1233
0.0704
0.1357
0.1215
0.068
0.1274
0.116
0.0646
0.1173
0.1079
0.0607
0.1249
0.1143
0.0638
0.1244
0.1191
0.065
0.125
0.1142
0.0634
0.1274
0.1162
0.0708
0.1267
0.1165
0.0649
0.1264
0.1164
0.064
0.1281
0.1361
0.0875
0.1596
0.1218
0.0817
0.1354
0.1207
0.0693
0.131
0.1168
0.0653
0.1294
0.118
0.0674
0.1299
0.1167
0.0655
0.1286
0.1179
0.0664
0.1292
0.1191
0.071
0.131
0.1188
0.0696
0.1348
0.1213
0.0709
0.1419
0.1246
0.0689
0.1304
0.1175
0.0649
0.1266
0.1165
0.0639
0.1266
0.1159
0.0641
0.1269
0.1167
0.0654
0.1273
0.1184
0.065
0.1281
0.1211
0.0655
0.1285
0.1174
0.0675
0.1315
0.1205
0.0772
0.1365
0.1218
0.0783
0.1464
0.1203
0.0653
0.1275
0.1169
0.0625
0.1249
0.1159
0.062
0.1235
0.1151
0.0621
0.1246
0.1154
0.07
0.1293
0.1182
0.0675
0.1193
0.1096
0.0639
0.1262
0.1156
0.0659
0.126
0.1158
0.0647
0.1257
0.1155
0.0623
0.1256
0.1176
0.0637
0.1281
0.1171
0.0657
0.1267
0.1164
0.0607
0.1264
0.1169
0.0617
0.1267
0.1166
0.0629
0.124
0.116
0.0626
0.1253
0.1173
0.0633
0.1262
0.1163
0.0651
0.1257
0.1172
0.0633
0.1258
0.1166
0.0629
0.1251
0.1163
0.062
0.126
0.1156
0.0618
0.1247
0.1167
0.0614
0.1264
0.1166
0.0626
0.1261
0.1149
0.0666
0.1302
0.116
0.0611
0.124
0.1149
0.0629
0.1228
0.1129
0.0626
0.1242
0.1141
0.0607
0.1238
0.1141
0.0635
0.1244
0.1158
0.0652
0.1282
0.1171
0.0655
0.1256
0.1282
0.0703
0.1307
0.1177
0.0701
0.1337
0.1212
0.0781
0.1399
0.1232
0.0671
0.1287
0.1173
0.0651
0.129
0.1187
0.0672
0.1299
0.1177
0.0681
0.1353
0.1141
0.0653
0.1282
0.1194
0.0682
0.1303
0.1178
0.0628
0.125
0.1172
0.1165
0.1257
0.1181
0.063
0.1265
0.1169
0.0628
0.1281
0.117
0.062
0.1253
0.1167
0.0644
0.1272
0.118
0.0657
0.1322
0.1179
0.0654
0.1296
0.1182
0.0671
0.1253
0.1152
0.0651
0.1234
0.1139
0.0607
0.1245
0.1153
0.0607
0.124
0.114
0.062
0.1254
0.1148
0.0627
0.1249
0.1151
0.0664
0.1286
0.1165
0.0653
0.13
0.1174
0.0672
0.1297
0.117
0.0715
0.1336
0.1206
0.0817
0.1395
0.1217
0.1066
0.1765
0.1266
0.082
0.1456
0.1247
0.07
0.1308
0.1186
0.0676
0.1307
0.1517
0.0694
0.1303
0.1183
0.0712
0.1326
0.1191
0.0729
0.1365
0.1213
0.0728
0.1351
0.1197
0.066
0.1286
0.1161
0.0659
0.1288
0.1184
0.0679
0.1302
0.1174
0.0688
0.1241
0.1112
0.067
0.1274
0.1176
0.0646
0.1239
0.1154
0.0632
0.1246
0.114
0.0653
0.1264
0.1167
0.0638
0.1287
0.116
0.0693
0.131
0.115
0.0682
0.1254
0.1151
0.0795
0.135
0.1198
0.0918
0.1888
0.185
0.0697
0.1281
0.1184
0.1232
0.2295
0.1925
0.1
0.195
0.1878
0.072
0.1327
0.1175
0.0645
0.1256
0.1157
0.0684
0.1279
0.118
0.0651
0.1284
0.1321
0.0886
0.1572
0.1222
0.0933
0.1943
0.1916
0.0719
0.1315
0.1183
0.0932
0.1386
0.1329
0.0654
0.1269
0.118
0.0676
0.1278
0.1192
0.0645
0.1252
0.1175
0.067
0.1264
0.1174
0.0637
0.126
0.1182
0.0656
0.1268
0.1165
0.0647
0.1254
0.1193
0.0658
0.1268
0.1179
0.0653
0.1287
0.1196
0.0658
0.128
0.1219
0.0655
0.1307
0.12
0.0679
0.1432
0.1165
0.0676
0.1166
0.1097
0.0645
0.1244
0.1158
0.0628
0.1231
0.1157
0.0639
0.1236
0.1147
0.0622
0.126
0.1147
0.0661
0.1301
0.1166
0.0691
0.1309
0.1189
0.0699
0.1329
0.1199
0.0722
0.1359
0.1221
0.0674
0.127
0.1167
0.0667
0.1273
0.1373
0.0688
0.1282
0.1213
0.0648
0.1359
0.1193
0.0673
0.1305
0.1202
0.0726
0.1355
0.1214
0.0654
0.1283
0.1175
0.0645
0.1268
0.1164
0.0668
0.126
0.1176
0.0648
0.1264
0.1186
0.0848
0.138
0.1256
0.092
0.1994
0.1838
0.0713
0.1276
0.1167
0.0692
0.1304
0.1198
0.0888
0.1978
0.1858
0.0709
0.1283
0.1182
0.0949
0.1993
0.1893
0.0726
0.1282
0.1183
0.0907
0.1945
0.1852
0.0669
0.1266
0.1176
0.0649
0.1285
0.1189
0.0658
0.1261
0.1169
0.0645
0.1278
0.1176
0.0811
0.1355
0.1199
0.0726
0.1229
0.1134
0.0703
0.1301
0.1187
0.0671
0.1268
0.1171
0.0658
0.1279
0.1176
0.0645
0.1274
0.1179
0.0637
0.1266
0.1167
0.0639
0.1253
0.1162
0.0654
0.1261
0.117
0.0635
0.1277
0.1264
0.0672
0.1555
0.13
0.0885
0.1961
0.1635
0.0879
0.1911
0.1884
0.0708
0.1343
0.1192
0.0651
0.1277
0.1169
0.072
0.1284
0.124
0.0761
0.1325
0.1198
0.07
0.1302
0.1293
0.0694
0.1324
0.1162
0.0655
0.1252
0.115
0.0638
0.1245
0.1151
0.0907
0.2001
0.1844
0.0928
0.1814
0.1256
0.0686
0.129
0.1189
0.0688
0.1293
0.118
0.0668
0.1283
0.1163
0.0926
0.2033
0.1909
0.0757
0.1301
0.1185
0.07
0.1285
0.1195
0.0638
0.131
0.1189
0.0652
0.1272
0.1189
0.0673
0.1257
0.1166
0.064
0.1261
0.1171
0.0657
0.13
0.1166
0.0681
0.1227
0.1128
0.0693
0.1289
0.1199
0.0682
0.1313
0.1189
0.0793
0.1301
0.1171
0.0669
0.1264
0.1173
0.0687
0.1279
0.1161
0.0656
0.1244
0.1158
0.1113
0.1294
0.1164
0.0642
0.1263
0.1156
0.068
0.127
0.1164
0.0634
0.1282
0.1176
0.0663
0.1286
0.1194
0.0707
0.1333
0.1207
0.0766
0.1379
0.1241
0.0764
0.14
0.1241
0.0688
0.1295
0.118
0.0666
0.1296
0.1187
0.0965
0.1624
0.125
0.1281
0.148
0.1183
0.071
0.13
0.1174
0.0675
0.127
0.1167
0.0681
0.1254
0.116
0.0673
0.1271
0.1175
0.0684
0.1277
0.1165
0.0723
0.1301
0.1175
0.0663
0.1243
0.1213
0.0648
0.1282
0.1169
0.0651
0.1279
0.1169
0.067
0.1287
0.1159
0.0698
0.1302
0.1169
0.0688
0.1344
0.119
0.0695
0.1315
0.1178
0.0738
0.1339
0.1199
0.0753
0.1267
0.1131
0.0627
0.1239
0.115
0.0615
0.1238
0.1148
0.065
0.1265
0.145
0.0635
0.1266
0.117
0.08
0.1357
0.1199
0.0686
0.1277
0.1179
0.0668
0.1277
0.1173
0.066
0.127
0.117
0.0655
0.1269
0.1172
0.0669
0.1276
0.1164
0.0658
0.129
0.1175
0.0663
0.1274
0.1166
0.0648
0.1285
0.1172
0.0645
0.1279
0.1178
0.0656
0.1266
0.119
0.065
0.1293
0.1209
0.0654
0.1297
0.1181
0.0674
0.1271
0.1175
0.0641
0.1245
0.1166
0.0642
0.1251
0.1166
0.0651
0.1257
0.1153
0.0649
0.1265
0.1167
0.0673
0.1303
0.1192
0.07
0.1313
0.1197
0.0663
0.1275
0.1177
0.0641
0.1287
0.1173
0.0676
0.1282
0.1165
0.0657
0.13
0.1219
0.0803
0.1352
0.1209
0.0843
0.1478
0.1174
0.0646
0.1281
0.1162
0.0665
0.1264
0.1181
0.0651
0.1193
0.1131
0.0634
0.1282
0.1173
0.0658
0.1275
0.1174
0.0643
0.1289
0.1178
0.0657
0.1295
0.1169
0.0672
0.1308
0.1201
0.0642
0.1249
0.1164
0.0641
0.1256
0.1176

-------------------------------------
CodechalDecodeHevcG12::SetFrameStates
-------------------------------------
5.4078
1.885
1.1643
2.6046
3.7989
3.5921
0.0522
0.0675
0.0073
0.0073
0.007
0.0101
0.0081
0.0106
0.0084
0.0102
0.2134
0.1558
0.0094
0.0091
0.0087
0.0082
0.0094
0.0085
0.0081
0.0076
0.0077
0.0075
0.009
0.0071
0.0073
0.0074
0.0075
0.008
0.0078
0.0077
0.0078
0.0081
0.0078
0.0077
0.0078
0.0072
0.0078
0.007
0.0067
0.0068
0.007
0.0072
0.0102
0.0088
0.0075
0.0072
0.0069
0.0072
0.007
0.0073
0.0072
0.0074
0.0077
0.0084
0.009
0.0081
0.008
0.0121
0.0089
0.0121
0.0088
0.0072
0.0071
0.007
0.007
0.0068
0.0067
0.0069
0.0067
0.0067
0.0069
0.0068
0.007
0.0067
0.0067
0.0068
0.0067
0.0067
0.0068
0.0067
0.0068
0.0069
0.007
0.0075
0.0075
0.007
0.0068
0.0068
0.0077
0.007
0.0072
0.1604
0.0073
0.0072
0.0072
0.0073
0.0079
0.0077
0.0085
0.0083
0.1676
0.0123
0.0119
0.145
0.0079
0.008
0.1567
0.0075
0.0069
0.1175
0.0068
0.0073
0.1145
0.0076
0.0074
0.0074
0.0071
0.0077
0.0103
0.0081
0.0075
0.0075
0.0074
0.0077
0.1405
0.0072
0.0072
0.0074
0.0076
0.0081
0.0075
0.0074
0.0073
0.0073
0.0072
0.0093
0.0077
0.0073
0.0072
0.0075
0.0072
0.0075
0.0079
0.0075
0.0079
0.0074
0.0076
0.007
0.0123
0.0111
0.0086
0.0079
0.0076
0.0081
0.008
0.0082
0.0081
0.1924
0.0095
0.0097
0.0122
0.0104
0.0087
0.0082
0.0082
0.0076
0.0079
0.0082
0.007
0.0073
0.0071
0.0074
0.0075
0.0074
0.0075
0.0108
0.0083
0.0084
0.0074
0.0068
0.0069
0.0067
0.0068
0.007
0.0067
0.0068
0.0104
0.0071
0.0068
0.007
0.0081
0.0076
0.0077
0.0068
0.0067
0.0068
0.0071
0.0066
0.0069
0.0069
0.0068
0.0068
0.0068
0.0069
0.007
0.0086
0.0067
0.0069
0.0067
0.0068
0.007
0.0072
0.0071
0.0072
0.0077
0.0075
0.0076
0.0078
0.0083
0.0067
0.0072
0.0069
0.0068
0.0074
0.0072
0.0074
0.0072
0.0068
0.0069
0.0072
0.007
0.0074
0.0073
0.0075
0.0076
0.0077
0.0076
0.0082
0.0074
0.0073
0.0072
0.0072
0.0073
0.008
0.0232
0.0071
0.0071
0.0072
0.0073
0.0083
0.0076
0.0081
0.008
0.0072
0.0123
0.0091
0.0089
0.0072
0.0075
0.0075
0.0073
0.0078
0.0086
0.0071
0.0071
0.0082
0.007
0.0073
0.0082
0.0077
0.0078
0.0076
0.0075
0.0073
0.0074
0.0075
0.0073
0.0072
0.007
0.0071
0.0073
0.0076
0.0079
0.0073
0.0072
0.007
0.0071
0.0075
0.0082
0.0075
0.007
0.0074
0.0077
0.0085
0.008
0.0073
0.0073
0.0074
0.0077
0.0077
0.0076
0.0079
0.0074
0.0078
0.0077
0.0074
0.0077
0.0077
0.0078
0.0075
0.0102
0.0073
0.0071
0.0071
0.0069
0.0073
0.0076
0.0073
0.0081
0.0143
0.0082
0.0075
0.007
0.0067
0.0068
0.007
0.0069
0.007
0.0068
0.0068
0.0123
0.0107
0.0086
0.0078
0.0079
0.0075
0.0074
0.0078
0.0081
0.0079
0.0076
0.0069
0.0071
0.0071
0.0068
0.007
0.0075
0.0074
0.0091
0.0101
0.0083
0.0075
0.007
0.0068
0.0079
0.0084
0.007
0.0071
0.0071
0.0067
0.0069
0.0071
0.0067
0.0067
0.0066
0.0066
0.0066
0.0068
0.0067
0.0067
0.0067
0.0066
0.0066
0.0067
0.0072
0.0067
0.0067
0.0067
0.0067
0.0071
0.0069
0.0071
0.0073
0.0077
0.0077
0.0071
0.0069
0.0075
0.0075
0.0073
0.0074
0.0067
0.0068
0.0067
0.0067
0.0067
0.0072
0.007
0.0071
0.0073
0.0083
0.0068
0.0069
0.0071
0.0069
0.0073
0.0072
0.0073
0.0078
0.015
0.0147
0.0107
0.0081
0.0078
0.0078
0.0078
0.0081
0.0081
0.0074
0.0073
0.0075
0.0077
0.0073
0.0069
0.0069
0.0071
0.0074
0.0073
0.0072
0.0104
0.0117
0.009
0.0146
0.0124
0.0091
0.0076
0.0073
0.0074
0.0117
0.0114
0.0087
0.0102
0.0081
0.0074
0.007
0.007
0.0069
0.007
0.0068
0.0068
0.0071
0.0072
0.0074
0.0074
0.0073
0.0068
0.0068
0.0069
0.0069
0.0071
0.0075
0.0075
0.0078
0.0074
0.0071
0.0076
0.0072
0.0075
0.0106
0.0073
0.0069
0.007
0.007
0.0105
0.0115
0.0088
0.008
0.0102
0.0079
0.0104
0.0083
0.0102
0.0075
0.0075
0.0073
0.0072
0.0098
0.009
0.008
0.0076
0.0073
0.007
0.0071
0.0071
0.0071
0.0069
0.0072
0.0109
0.01
0.0089
0.0073
0.0088
0.0109
0.0071
0.0071
0.0072
0.0072
0.0107
0.0112
0.0078
0.0078
0.0074
0.0097
0.0078
0.0075
0.0071
0.0068
0.0069
0.0067
0.0069
0.0074
0.0072
0.0078
0.0081
0.007
0.0077
0.0074
0.0071
0.0072
0.0073
0.0072
0.0074
0.0078
0.0074
0.0083
0.0073
0.0073
0.0134
0.0166
0.0093
0.0078
0.0075
0.0076
0.0076
0.0077
0.0069
0.0071
0.0074
0.0074
0.0076
0.0076
0.0076
0.0084
0.0086
0.0071
0.0069
0.0388
0.0069
0.0102
0.0083
0.0074
0.0073
0.0073
0.007
0.0072
0.0069
0.0068
0.0068
0.0068
0.0069
0.0071
0.0071
0.0067
0.0069
0.007
0.0069
0.0076
0.0073
0.0071
0.0071
0.0073
0.0072
0.0105
0.0089
0.0074
0.0072
0.0074
0.0069
0.0083
0.007
0.007
0.0075
0.0068
0.0068

--------------------------
CreateVideoDecoder_D3D11_1
--------------------------
15.201

---------------------------
DestroyVideoDecoder_D3D11_1
---------------------------
0

----------------
First Frame Time
----------------
62.9563

--------------------------------------
VideoDecoderBeginFrame_WDDM2_4_D3D11_1
--------------------------------------
0.0082
0.0024
0.0025
0.0025
0.0026
0.0021
0.0021
0.0017
0.0018
0.002
0.0015
0.0025
0.0019
0.0031
0.0022
0.0026
0.0021
0.0027
0.0023
0.0031
0.0019
0.0019
0.0023
0.0019
0.0017
0.0016
0.0016
0.0017
0.0025
0.0016
0.0015
0.0016
0.0016
0.0016
0.0016
0.0027
0.0017
0.0017
0.0016
0.0016
0.0016
0.0017
0.0022
0.0016
0.0015
0.0018
0.0015
0.0017
0.0029
0.0021
0.0019
0.0016
0.0017
0.0017
0.0017
0.0016
0.0016
0.0016
0.0018
0.0017
0.0017
0.0018
0.0027
0.0037
0.0023
0.0035
0.0023
0.0018
0.0016
0.0017
0.0015
0.0016
0.0016
0.0017
0.0015
0.0017
0.0015
0.0016
0.0015
0.0016
0.0019
0.0016
0.0015
0.0016
0.0016
0.0015
0.0015
0.0016
0.0015
0.0016
0.0017
0.0017
0.0015
0.0015
0.0025
0.0016
0.0024
0.0017
0.0016
0.0018
0.0016
0.0015
0.0017
0.0017
0.0018
0.002
0.0017
0.0033
0.002
0.0019
0.0017
0.0018
0.0022
0.0017
0.0017
0.0016
0.0017
0.0016
0.0016
0.0016
0.0016
0.0016
0.0017
0.0016
0.0017
0.0016
0.0018
0.0016
0.0016
0.0021
0.002
0.0016
0.0015
0.0018
0.0018
0.0018
0.0017
0.0016
0.0016
0.0024
0.0017
0.003
0.0015
0.0018
0.0016
0.0016
0.0015
0.0016
0.0017
0.0015
0.0015
0.0016
0.0016
0.0019
0.0035
0.0025
0.0021
0.0017
0.0018
0.0019
0.0016
0.0017
0.0023
0.002
0.0027
0.0023
0.0032
0.0024
0.0019
0.0019
0.0018
0.0017
0.0018
0.0021
0.0016
0.0017
0.0017
0.0017
0.0017
0.0017
0.0022
0.0029
0.002
0.0022
0.0016
0.0015
0.0015
0.0016
0.0015
0.0016
0.0016
0.0015
0.0015
0.0015
0.0016
0.0016
0.002
0.0017
0.0018
0.0015
0.0015
0.0015
0.0015
0.0015
0.0017
0.0016
0.0016
0.0017
0.0015
0.0015
0.0015
0.0031
0.0016
0.0015
0.0016
0.0016
0.0016
0.0016
0.0016
0.0017
0.0015
0.0016
0.0016
0.0016
0.0023
0.0015
0.0015
0.0016
0.0016
0.0018
0.0015
0.0018
0.0017
0.0016
0.0016
0.0017
0.0017
0.0016
0.0015
0.0017
0.0016
0.0016
0.0024
0.0016
0.0018
0.0015
0.0017
0.0017
0.0016
0.0017
0.0021
0.0017
0.0016
0.0016
0.0017
0.0019
0.0018
0.0016
0.0017
0.0022
0.0033
0.0021
0.0024
0.0015
0.0019
0.0016
0.0016
0.0017
0.0018
0.0018
0.0016
0.0015
0.0015
0.0015
0.0016
0.0023
0.0015
0.0017
0.002
0.0017
0.0017
0.0016
0.0016
0.0017
0.0015
0.0015
0.0014
0.0025
0.0015
0.0015
0.0015
0.0016
0.0015
0.0017
0.0017
0.002
0.0018
0.0018
0.0017
0.0025
0.0017
0.0016
0.0015
0.0015
0.0017
0.0016
0.0017
0.0017
0.0015
0.0015
0.0016
0.0016
0.0015
0.0016
0.0016
0.0016
0.0041
0.0017
0.0015
0.0015
0.0016
0.0015
0.0016
0.0017
0.0017
0.0017
0.0016
0.0019
0.0018
0.0015
0.0017
0.0017
0.0024
0.0018
0.0015
0.0015
0.0032
0.0032
0.0022
0.0019
0.0019
0.0017
0.0016
0.0018
0.0017
0.0017
0.0017
0.0015
0.0016
0.0016
0.0015
0.0015
0.0017
0.0016
0.0025
0.0027
0.0018
0.0017
0.0016
0.0016
0.0023
0.002
0.0017
0.0017
0.0018
0.0016
0.0015
0.0016
0.0015
0.0016
0.0015
0.0017
0.0015
0.0015
0.0017
0.0015
0.0015
0.0014
0.002
0.0016
0.0019
0.0016
0.0017
0.0015
0.0014
0.0016
0.0015
0.0016
0.0018
0.0016
0.0015
0.0015
0.0016
0.0018
0.0018
0.0017
0.0018
0.0016
0.0015
0.0016
0.0016
0.0015
0.0015
0.0016
0.0016
0.002
0.0015
0.0015
0.0016
0.0016
0.0016
0.0016
0.0016
0.0017
0.0016
0.0016
0.0033
0.0022
0.0019
0.0019
0.0017
0.002
0.0019
0.0017
0.0018
0.0015
0.0017
0.0018
0.0019
0.0016
0.0015
0.0017
0.0016
0.0017
0.0017
0.0026
0.0028
0.0021
0.0034
0.003
0.0021
0.0017
0.0019
0.0017
0.0035
0.0028
0.0019
0.0021
0.0018
0.002
0.0016
0.0021
0.0017
0.0016
0.0015
0.0016
0.0016
0.0016
0.0015
0.002
0.0017
0.0016
0.0017
0.0016
0.0016
0.0017
0.0018
0.0017
0.0017
0.0018
0.0016
0.0017
0.0016
0.0016
0.0048
0.0018
0.0016
0.0016
0.0016
0.0028
0.0028
0.0022
0.0022
0.0023
0.002
0.0026
0.0021
0.0027
0.0021
0.0018
0.0016
0.0017
0.0024
0.0021
0.0019
0.0018
0.0016
0.0017
0.0018
0.0017
0.0016
0.0016
0.0018
0.0025
0.0025
0.0022
0.0018
0.0024
0.0021
0.0018
0.0017
0.0017
0.0016
0.0025
0.0029
0.0019
0.0018
0.0017
0.0021
0.0022
0.0028
0.0017
0.0016
0.0019
0.0016
0.0016
0.0019
0.0015
0.0016
0.0024
0.0016
0.0024
0.0017
0.0017
0.0016
0.0018
0.0016
0.0016
0.0016
0.0017
0.0017
0.0017
0.0016
0.0038
0.0039
0.0021
0.0017
0.0017
0.0018
0.0017
0.0017
0.0017
0.0019
0.0016
0.0016
0.0021
0.0017
0.0018
0.002
0.0019
0.0017
0.0016
0.0016
0.0017
0.0028
0.0019
0.0017
0.0021
0.0019
0.0016
0.0017
0.0016
0.0015
0.0015
0.0017
0.0016
0.0015
0.0019
0.0015
0.0016
0.0016
0.0016
0.0016
0.0016
0.0017
0.0016
0.0016
0.0016
0.0029
0.0025
0.0017
0.0018
0.0017
0.0017
0.0017
0.0015
0.0016
0.0017
0.0015
0.0015

----------------------------
VideoDecoderEndFrame_D3D11_1
----------------------------
0.0359
0.0691
0.0827
0.0858
0.0781
0.0632
0.064
0.0575
0.0638
0.0593
0.0629
0.0669
0.065
0.0632
0.0568
0.0636
0.0597
0.0572
0.0572
0.0609
0.0617
0.0587
0.0592
0.0579
0.0558
0.0576
0.0598
0.0537
0.0592
0.0557
0.0576
0.0566
0.0539
0.0578
0.0556
0.0567
0.0583
0.0586
0.0556
0.0564
0.0581
0.0524
0.0573
0.0538
0.0527
0.0542
0.0541
0.0543
0.058
0.0549
0.0551
0.0529
0.053
0.0536
0.053
0.0526
0.0545
0.0553
0.055
0.0556
0.0579
0.0555
0.0567
0.0574
0.0542
0.0577
0.0534
0.0519
0.0524
0.053
0.0523
0.0527
0.0539
0.0543
0.0532
0.0541
0.0546
0.0536
0.0527
0.0514
0.0602
0.0537
0.0533
0.0541
0.0567
0.0533
0.0539
0.0576
0.0568
0.0567
0.0572
0.0525
0.0517
0.0551
0.0547
0.053
0.053
0.0511
0.0543
0.0776
0.0544
0.0542
0.0555
0.0558
0.0588
0.0571
0.0516
0.0567
0.0544
0.0516
0.0506
0.0838
0.0508
0.0497
0.0767
0.0525
0.0534
0.0799
0.0514
0.0495
0.0791
0.0546
0.0541
0.0559
0.0548
0.056
0.0541
0.0542
0.0557
0.0552
0.0511
0.0516
0.0799
0.0582
0.0573
0.0581
0.0557
0.055
0.0541
0.0547
0.0539
0.0606
0.0574
0.0547
0.0553
0.0529
0.0555
0.0544
0.0551
0.0547
0.0538
0.0589
0.0537
0.0501
0.0592
0.0557
0.0545
0.054
0.0568
0.0555
0.0551
0.0586
0.055
0.0529
0.0518
0.0801
0.0644
0.0578
0.0548
0.0553
0.058
0.055
0.0538
0.054
0.0537
0.0547
0.0562
0.0537
0.0528
0.0576
0.0511
0.0555
0.0532
0.0538
0.0528
0.053
0.0533
0.0542
0.0532
0.0532
0.0513
0.055
0.0528
0.0521
0.054
0.0532
0.0549
0.0565
0.0544
0.0521
0.0527
0.0538
0.0546
0.0529
0.0534
0.053
0.0529
0.0533
0.0533
0.0547
0.054
0.0618
0.0527
0.0522
0.0524
0.0556
0.0536
0.0543
0.054
0.0561
0.0535
0.0591
0.0548
0.0541
0.0573
0.0521
0.0533
0.0532
0.0532
0.0543
0.0528
0.0545
0.0551
0.0531
0.0548
0.0557
0.0557
0.0552
0.056
0.0599
0.054
0.0552
0.056
0.0583
0.055
0.0535
0.0541
0.0584
0.055
0.0558
0.0533
0.0545
0.056
0.0547
0.0535
0.06
0.0567
0.0576
0.057
0.0556
0.0613
0.0563
0.055
0.0538
0.0544
0.0542
0.0552
0.0578
0.0606
0.0543
0.0552
0.0546
0.0553
0.0557
0.057
0.056
0.0542
0.0566
0.0554
0.0532
0.0532
0.0553
0.0576
0.0532
0.0534
0.0546
0.0553
0.0556
0.0555
0.0533
0.0569
0.0532
0.0545
0.0544
0.056
0.0568
0.0568
0.0627
0.0541
0.0578
0.0555
0.0548
0.0535
0.0555
0.0592
0.0553
0.0554
0.0541
0.0579
0.0552
0.0559
0.0558
0.0572
0.0601
0.0548
0.0586
0.0585
0.0541
0.0536
0.0548
0.0551
0.0544
0.055
0.0606
0.0566
0.0598
0.0564
0.0546
0.0541
0.0549
0.0546
0.0537
0.0538
0.0532
0.0548
0.0606
0.0569
0.0558
0.0553
0.0538
0.0526
0.0534
0.0562
0.0548
0.0559
0.0578
0.0547
0.0532
0.0528
0.0532
0.0525
0.0539
0.0548
0.0543
0.0604
0.0587
0.0533
0.0522
0.0525
0.0565
0.0583
0.0529
0.0525
0.053
0.0526
0.0521
0.0533
0.0537
0.0529
0.0528
0.0539
0.0537
0.0537
0.0543
0.0519
0.0528
0.0528
0.0544
0.053
0.0538
0.0535
0.053
0.0538
0.053
0.054
0.0558
0.0542
0.0561
0.0557
0.0542
0.0566
0.0535
0.0534
0.0536
0.0585
0.0534
0.0541
0.0519
0.0534
0.0529
0.0538
0.0553
0.0552
0.0549
0.0543
0.0528
0.0542
0.0535
0.0538
0.0537
0.0545
0.054
0.0548
0.0597
0.0543
0.0551
0.0641
0.0583
0.0531
0.0555
0.0562
0.0544
0.0565
0.0551
0.0547
0.0535
0.0538
0.0527
0.0679
0.0547
0.0557
0.0536
0.0538
0.058
0.0554
0.062
0.0802
0.0546
0.0811
0.0598
0.0521
0.0539
0.0544
0.0566
0.055
0.0798
0.0566
0.0567
0.0541
0.0514
0.0545
0.0534
0.0548
0.0534
0.0534
0.053
0.0536
0.0543
0.0536
0.0532
0.0549
0.0531
0.0529
0.052
0.0523
0.0534
0.0537
0.0595
0.0566
0.056
0.0594
0.0548
0.0552
0.055
0.0602
0.054
0.0559
0.0513
0.0685
0.0566
0.0748
0.0529
0.0526
0.0769
0.053
0.0765
0.0572
0.0738
0.0553
0.0568
0.0537
0.0545
0.0603
0.0561
0.0526
0.0525
0.0523
0.0528
0.0521
0.0526
0.0531
0.0658
0.0702
0.0628
0.0833
0.0557
0.0546
0.0808
0.0673
0.0616
0.0567
0.0549
0.0538
0.081
0.0596
0.055
0.0562
0.0556
0.0759
0.0565
0.0561
0.0541
0.0536
0.0523
0.0531
0.054
0.0531
0.0583
0.0584
0.0573
0.0554
0.0552
0.0541
0.0545
0.0554
0.057
0.0547
0.0557
0.0551
0.0584
0.0579
0.0556
0.0551
0.0603
0.0567
0.0539
0.0529
0.0532
0.055
0.0534
0.0555
0.0542
0.0545
0.0527
0.0533
0.0542
0.055
0.0546
0.0554
0.0571
0.0534
0.0526
0.051
0.0542
0.0568
0.0528
0.0518
0.0534
0.055
0.0529
0.0536
0.0535
0.0516
0.0525
0.0519
0.0537
0.0529
0.0521
0.0532
0.0536
0.0538
0.0527
0.0531
0.0551
0.0545
0.0532
0.0529
0.0571
0.0604
0.0529
0.0527
0.0531
0.0537
0.0531
0.0554
0.0524
0.0531
0.054
0.0545
0.0531

---------------------------------
VideoDecoderSubmitBuffers_D3D11_1
---------------------------------
10.3411
3.1987
5.9226
3.7126
11.7605
4.3082
0.6822
0.6154
0.5334
0.5015
0.5372
0.5819
0.5691
0.7061
0.6039
0.7137
3.0086
2.4488
0.5866
0.5811
0.5952
0.5946
0.5744
0.5943
0.4534
0.4599
0.4431
0.4429
0.478
0.429
0.4243
0.4154
0.4315
0.4524
0.4407
0.4431
0.4429
0.459
0.4513
0.4515
0.449
0.4198
0.412
0.4104
0.4188
0.4165
0.4163
0.4399
0.4728
0.4273
0.4162
0.4149
0.4156
0.4155
0.416
0.4179
0.4248
0.4261
0.4303
0.4445
0.4666
0.4506
0.4733
0.4882
0.4252
0.5193
0.4359
0.4102
0.4103
0.4089
0.408
0.4073
0.4048
0.4049
0.4072
0.4078
0.4104
0.4067
0.4099
0.4091
0.41
0.408
0.4073
0.4117
0.4122
0.4143
0.4159
0.4161
0.4198
0.4295
0.4398
0.4227
0.4095
0.4068
0.4146
0.4145
0.4191
1.8425
0.4132
0.4265
0.4263
0.4418
0.4486
0.4464
0.4654
0.4677
1.4769
0.5309
0.4691
1.4967
0.4506
0.4734
1.6563
0.4246
0.4177
1.1502
0.413
0.4203
1.2332
0.4415
0.4272
0.4254
0.4175
0.4385
0.4536
0.4535
0.4338
0.437
0.4238
0.4468
1.9628
0.4248
0.4147
0.4389
0.4364
0.4555
0.4272
0.4236
0.4261
0.4269
0.4303
0.453
0.4606
0.4254
0.4275
0.4331
0.4274
0.4388
0.4469
0.4366
0.4409
0.4397
0.4295
0.4346
0.5267
0.4835
0.4355
0.4282
0.4862
0.4372
0.4602
0.4643
0.4446
2.1006
0.5052
0.4805
0.5429
0.4739
0.4473
0.4456
0.5337
0.431
0.4336
0.4216
0.4118
0.4148
0.4102
0.4184
0.4212
0.4454
0.4324
0.4882
0.4633
0.4596
0.4155
0.4106
0.4155
0.4101
0.4119
0.4135
0.4182
0.4185
0.4846
0.4125
0.4095
0.4173
0.4346
0.4348
0.4586
0.4113
0.4003
0.4107
0.4146
0.4082
0.4117
0.4146
0.4072
0.4114
0.4164
0.4157
0.4281
0.4415
0.4152
0.4154
0.4159
0.4173
0.4169
0.4237
0.4231
0.4295
0.4586
0.4467
0.4447
0.4457
0.4544
0.4075
0.4077
0.4062
0.4174
0.4131
0.4208
0.4403
0.4291
0.418
0.4242
0.4285
0.4237
0.4526
0.4482
0.4592
0.4364
0.4424
0.4471
0.461
0.4285
0.4276
0.4295
0.4351
0.4287
0.4463
0.4462
0.417
0.4175
0.4807
0.4255
0.4661
0.4562
0.4586
0.461
0.4307
0.554
0.456
0.463
0.4367
0.4354
0.4449
0.4395
0.4578
0.4743
0.4284
0.4283
0.428
0.4265
0.4302
0.4559
0.4372
0.4265
0.4603
0.4284
0.4232
0.4301
0.4274
0.452
0.43
0.4247
0.4289
0.4355
0.4338
0.4462
0.4253
0.4225
0.4276
0.4355
0.4321
0.4625
0.4263
0.4188
0.4329
0.4393
0.4788
0.4474
0.4342
0.4292
0.433
0.4422
0.4385
0.4352
0.4465
0.4485
0.4524
0.445
0.4414
0.4383
0.455
0.4439
0.4462
0.4626
0.4265
0.422
0.4295
0.4286
0.4302
0.4422
0.4518
0.461
0.4695
0.4471
0.4365
0.405
0.4052
0.4206
0.4138
0.417
0.4225
0.4182
0.4368
0.5299
0.4748
0.43
0.4215
0.4281
0.4206
0.4248
0.4345
0.4415
0.4567
0.4304
0.414
0.4133
0.4145
0.4207
0.4214
0.4213
0.4303
0.4746
0.5242
0.4244
0.4095
0.4061
0.411
0.4371
0.412
0.4112
0.4179
0.4118
0.4086
0.4156
0.416
0.4058
0.408
0.4064
0.4078
0.4132
0.4138
0.408
0.4084
0.407
0.4061
0.4103
0.4107
0.432
0.4058
0.4066
0.4073
0.4025
0.4127
0.4182
0.4322
0.4401
0.4437
0.4663
0.4244
0.4213
0.4333
0.4389
0.4265
0.4321
0.4133
0.4662
0.4146
0.4153
0.4101
0.4196
0.4283
0.4247
0.4239
0.4178
0.4082
0.407
0.411
0.4085
0.4247
0.4275
0.4273
0.4462
0.485
0.591
0.4889
0.4357
0.537
0.4327
0.4396
0.4506
0.4463
0.4193
0.4217
0.4311
0.4241
0.4268
0.4096
0.41
0.4154
0.417
0.4275
0.4144
0.4707
0.631
0.4326
0.7395
0.6555
0.4353
0.4142
0.4374
0.4328
0.5194
0.6505
0.4394
0.5022
0.4213
0.4267
0.4181
0.4283
0.414
0.4178
0.4175
0.4183
0.4227
0.4277
0.4281
0.4425
0.4108
0.4116
0.4102
0.4106
0.4102
0.4297
0.4395
0.4394
0.4496
0.4247
0.4576
0.4347
0.4342
0.4292
0.462
0.4217
0.412
0.4223
0.4231
0.4894
0.6414
0.4325
0.4376
0.6319
0.4302
0.6487
0.4436
0.6316
0.4205
0.4208
0.4164
0.4175
0.4703
0.4335
0.4314
0.4233
0.4226
0.4182
0.4164
0.4177
0.4181
0.4577
0.5077
0.5934
0.6293
0.4408
0.4152
0.4621
0.4554
0.4385
0.4302
0.4154
0.4117
0.6469
0.5496
0.43
0.4348
0.4235
0.6487
0.4416
0.4356
0.4268
0.478
0.4252
0.415
0.4243
0.4232
0.4327
0.4326
0.4511
0.4196
0.4352
0.4193
0.4693
0.4172
0.4247
0.4226
0.438
0.442
0.4576
0.4651
0.4317
0.4311
0.5513
0.5737
0.4361
0.4227
0.4196
0.4275
0.4267
0.4384
0.4179
0.4176
0.4177
0.42
0.4348
0.4383
0.4366
0.4487
0.4422
0.4056
0.4055
0.4786
0.4125
0.4734
0.4301
0.4205
0.4207
0.4218
0.4197
0.4227
0.4181
0.417
0.416
0.4187
0.4227
0.4186
0.4248
0.4086
0.4115
0.4159
0.4176
0.4259
0.435
0.4177
0.4261
0.4232
0.4266
0.4733
0.4872
0.4149
0.4214
0.4092
0.4145
0.4208
0.421
0.4179
0.4267
0.4098
0.411

