---------------------------------------------
CalcPrivateVideoDecoderOutputViewSize_D3D11_1
---------------------------------------------
0.0028
0.0018
0.0012
0.0013
0.0014
0.0009
0.0013
0.0007
0.0008
0.0012
0.0008
0.0007
0.0007
0.0015
0.0007
0.0006
0.001
0.0007
0.0007
0.0016
0.0007
0.0017
0.0009
0.0009
0.0007
0.0011
0.0007
0.0009
0.0016
0.0009
0.0007
0.0009
0.001
0.0009
0.0007
0.0008
0.0006
0.0008
0.0006
0.0016
0.0009
0.001
0.0019
0.0009
0.0006
0.0015
0.001
0.001
0.0008
0.0008
0.0008
0.0015
0.001
0.001
0.0007
0.0015
0.0009
0.0008
0.0006
0.0007
0.0008
0.0009
0.0007
0.0022
0.0008
0.0008
0.0006
0.0008
0.0008
0.0007
0.0006
0.0008
0.0006
0.0008
0.0007
0.0006
0.0005
0.0007
0.0007
0.0006
0.0006
0.0006
0.0007
0.0006
0.0009
0.0009
0.0007
0.001
0.0007
0.0007
0.0006
0.0006
0.0007
0.0007
0.008
0.0006
0.0006
0.0007
0.0007
0.0008
0.0007
0.0006
0.0007
0.0006
0.0007
0.0007
0.0006
0.0006
0.0007
0.0006
0.0006
0.0007
0.0006
0.001
0.0006
0.001
0.0006
0.0006
0.0006
0.0007
0.0005
0.0016
0.0009
0.0009
0.0006
0.0007
0.0006
0.0006
0.0007
0.0006
0.0007
0.0006
0.0006
0.0007
0.0006
0.0005
0.0006
0.0008
0.0006
0.0007
0.0006
0.0083
0.0006
0.0007
0.0006
0.0005
0.0005
0.0007
0.0009
0.0007
0.0006
0.0007
0.0006
0.0006
0.0008
0.0006
0.0006
0.0016
0.0009
0.0006
0.002
0.0008
0.0006
0.0006
0.0007
0.0006
0.0008
0.0006
0.0006
0.0008
0.0006
0.0006
0.0015
0.0009
0.0014
0.0015
0.0008
0.0008
0.0007
0.0006
0.0006
0.0006
0.0008
0.0006
0.0016
0.0009
0.0013
0.0007
0.0015
0.0012
0.0015
0.001
0.0008
0.0012
0.0009
0.0007
0.0013
0.001
0.0014
0.0007
0.0012
0.0009
0.0008
0.0014
0.0009
0.0015
0.0008
0.0013
0.0009
0.0008
0.001
0.0118
0.0017
0.0009
0.0008
0.0008
0.0007
0.0007
0.0007
0.0007
0.0007
0.0016
0.0008
0.0014
0.0009
0.0009
0.0007
0.001
0.0006
0.001
0.0006
0.0008
0.0007
0.0009
0.0007
0.0009
0.001
0.0008
0.0008
0.0007
0.0008
0.0006
0.0006
0.0007
0.0017
0.001
0.0016
0.0008
0.0016
0.0012
0.0008
0.0016
0.0007
0.0009
0.0008
0.0007
0.0007
0.0008
0.0007
0.0007
0.0007
0.0007
0.0007
0.0008
0.0007
0.0007
0.0006
0.0007
0.0009
0.0011
0.0008
0.0005
0.001
0.0007
0.0007
0.0007
0.0008
0.0006
0.0006
0.0007
0.0009
0.0007
0.0006
0.0008
0.001
0.0007
0.0006
0.0008
0.0006
0.0007
0.0006
0.0005
0.001
0.0006
0.0008
0.0005
0.0006
0.0006
0.0006
0.0008
0.0006
0.0009
0.0006
0.0009
0.0006
0.0016
0.0006
0.0008
0.0006
0.0006
0.0009
0.0006
0.0008
0.0006
0.0007
0.0008
0.0083
0.0012
0.0006
0.0011
0.0006
0.0009
0.0005
0.0006
0.0005
0.0016
0.0009
0.0009
0.0009
0.0007
0.0007
0.0007
0.0009
0.0008
0.0007
0.0007
0.0007
0.0007
0.0008
0.0007
0.0008
0.0006
0.0009
0.0007
0.0007
0.0006
0.0009
0.0011
0.0008
0.0006
0.0009
0.0005
0.0009
0.0006
0.0007
0.0006
0.0016
0.0009
0.002
0.0015
0.0015
0.0014
0.0015
0.0016
0.0016
0.0017
0.0016
0.0013
0.0014
0.0009
0.0013
0.0019
0.0009
0.001
0.0006
0.001
0.0007
0.0006
0.0007
0.0007
0.0009
0.0008
0.0007
0.0007
0.0016
0.0013
0.0012
0.0011
0.0014
0.0015
0.0013
0.0008
0.0015
0.0011
0.0014
0.002
0.0012
0.002
0.0011
0.0015
0.0009
0.0016
0.0015
0.001
0.0009
0.0015
0.0009
0.0009
0.0013
0.0008
0.0013
0.0011
0.0013
0.001
0.0013
0.0011
0.0016
0.001
0.0011
0.001
0.0014
0.0015
0.0012
0.0019
0.0013
0.001
0.0011
0.0016
0.0011
0.0022
0.0017
0.0015
0.0013
0.0014
0.0014
0.0013
0.0012
0.0012
0.0012
0.003
0.0016
0.001
0.0015
0.001
0.0016
0.0017
0.0025
0.0012
0.0011
0.0018
0.0019
0.0014
0.0013
0.0009
0.0015
0.0012
0.0009
0.0009
0.0014
0.0028
0.001
0.0008
0.0011
0.001
0.0008
0.0018
0.0016
0.0013
0.0015
0.002
0.0011
0.0009
0.0011
0.0033
0.0157
0.0023
0.0009
0.0008
0.0009
0.0008
0.0007
0.001
0.0007
0.0007
0.0008
0.0007
0.0007
0.0007
0.0007
0.0006
0.0048
0.0006
0.0006
0.0009
0.0008
0.0011
0.0007
0.0007
0.0008
0.0009
0.0008
0.0007
0.0006
0.0007
0.0007
0.0007
0.0007
0.0012
0.0008
0.0006
0.0005
0.0006
0.0009
0.0006
0.0006
0.0006
0.0006
0.0007
0.0007
0.0014
0.0011
0.0007
0.0025
0.0009
0.0009
0.0009
0.0009
0.0009
0.001
0.0007
0.0008
0.0008
0.0007
0.0007
0.0007
0.0006
0.0008
0.0006
0.0009
0.0011
0.0009
0.0008
0.001
0.0016
0.001
0.0007
0.001
0.0007
0.0007
0.0006
0.0007
0.0007
0.0007
0.0006
0.0008
0.0017
0.0012
0.001
0.0015
0.0011
0.001
0.0008
0.0018
0.0008
0.0008
0.0006
0.0008
0.0005
0.0008
0.0013
0.0006
0.0007
0.0007
0.0006
0.0007
0.0007
0.0007
0.0007
0.0008
0.0007
0.0007
0.0007
0.0007
0.0007
0.0006
0.0007
0.0007
0.0008
0.0007
0.0007
0.0007
0.0006
0.0007
0.0008
0.0007
0.0007
0.0006
0.0011
0.0009
0.0007

-----------------------
CodechalDecode::Execute
-----------------------
11.0702
31.9458
38.4656
0.5135
8.5171
5.4424
0.525
0.5173
0.5081
0.5083
0.4994
0.471
0.4931
0.4822
0.4768
0.4627
0.4717
0.4754
0.4862
0.459
0.4523
0.589
0.4709
0.9992
0.3723
0.3828
0.3658
0.3687
0.3694
0.3648
0.3683
0.3689
0.3692
0.3541
0.3614
0.3677
0.361
0.3703
0.3626
0.4163
0.3736
0.3715
0.368
0.3704
0.3639
0.4198
0.3799
0.374
0.3642
0.3722
0.3747
0.4153
0.3752
0.3753
0.3606
0.4195
0.3869
0.3729
0.3643
0.3677
0.3615
0.3703
0.3638
0.3851
0.3838
0.3717
0.3458
0.3667
0.3646
0.3722
0.3705
0.3682
0.3627
0.3682
0.3598
0.3591
0.3599
0.3613
0.3733
0.3591
0.3677
0.359
0.4038
8.3746
3.0626
8.2887
0.3807
0.39
0.3817
0.3828
0.3802
0.3736
0.3816
0.3816
0.3714
0.3632
0.3628
0.3598
0.3701
0.3478
0.3667
0.365
0.3674
0.3669
0.3652
0.3715
0.371
0.3621
0.3678
0.3669
0.3608
0.3653
0.3653
0.3626
0.3651
0.3747
0.3635
0.3657
0.3649
0.3664
1.4033
0.4383
0.3748
0.372
0.363
0.3592
0.3679
0.3936
0.3767
0.3658
0.3623
0.3756
0.3422
0.3615
0.3685
0.3608
0.3649
0.3651
0.3603
0.3686
0.3694
0.3737
0.3921
0.362
0.3636
0.37
0.3594
0.3644
0.3887
0.3599
0.3603
0.361
0.3718
0.3707
0.3833
0.3981
0.413
0.4671
0.3847
0.3675
0.393
0.3809
0.3733
0.3833
0.3754
0.3492
0.3624
0.3715
0.3686
0.3637
0.3671
0.3604
0.4223
0.3823
0.5623
0.4174
0.3766
0.3674
0.3613
0.3664
0.3762
0.3712
0.3723
0.3814
0.4097
0.383
0.3727
0.3684
0.5591
0.5638
0.415
0.3808
0.3665
0.552
0.3763
0.3629
0.5516
0.38
0.5349
0.3636
0.5438
0.3747
0.3895
0.5598
0.3784
0.5128
0.3689
0.5458
0.3754
0.3686
0.3744
0.3807
0.5663
0.375
0.3688
0.3636
0.3642
0.3629
0.364
0.3644
0.3606
0.4517
0.3857
0.4094
0.3773
0.3728
0.3698
0.3741
0.3737
0.3832
0.3852
0.3621
0.3713
0.3857
0.3588
0.3715
1.9844
0.3716
0.3642
0.3644
0.3623
0.3601
0.3639
0.3642
0.4502
0.4492
0.4341
0.3751
0.4162
0.3857
0.3623
0.3684
0.3588
0.3611
0.358
0.366
0.3797
0.3737
0.3716
0.3683
0.3679
0.3707
0.3698
0.3867
0.3686
0.371
0.3608
0.3601
0.3851
0.5619
0.3638
0.3677
0.3722
0.3664
0.3616
0.3678
0.3671
0.3649
0.3603
0.365
0.3701
0.3655
0.3698
0.3677
0.3658
0.3707
0.3607
0.3686
0.3688
0.3616
0.3644
0.367
0.3657
0.3639
0.3669
0.3573
0.3586
0.3419
0.3661
0.3667
0.3652
0.3676
0.3657
0.3676
0.3667
0.3684
0.3671
0.3709
0.3593
0.365
0.3677
0.3673
0.3755
0.3668
0.3797
0.3711
0.3717
0.3656
0.369
0.366
0.3681
0.3821
0.3708
0.3582
0.3636
0.4109
0.3774
0.3642
0.3641
0.3713
0.353
0.3752
0.3714
0.3901
0.3667
0.3671
0.3631
0.366
0.3675
0.3681
0.3653
0.3689
0.3765
0.3727
0.3599
0.3713
0.3789
0.5613
0.3697
0.3671
0.3685
0.372
0.3681
0.3676
0.385
0.3979
0.4097
0.3731
0.6097
0.5807
0.5804
0.5726
0.5679
0.5375
0.5731
0.4296
0.5682
0.5638
0.5615
0.3751
0.3728
0.4598
0.3864
0.3691
0.3617
0.3674
0.3596
0.3556
0.363
0.361
0.3618
0.3635
0.3606
0.3716
0.471
0.4759
0.4832
0.3867
0.5923
0.5732
0.5819
0.381
0.5894
0.4251
0.4106
0.5847
0.3594
0.4279
0.3956
0.5813
0.3766
0.4172
0.5871
0.4189
0.4248
0.5016
0.4712
0.4993
0.5895
0.4121
0.5629
0.3886
0.476
0.4407
0.3868
0.5605
0.4337
0.3737
0.3868
0.5049
0.5825
0.4299
0.5557
0.4921
0.5688
0.4486
0.5535
0.6561
0.4078
0.5843
0.5632
0.4204
0.5405
0.4549
0.554
0.5783
0.4454
0.6077
0.5618
0.6937
0.5928
0.3877
0.5735
0.3831
0.5743
0.6643
0.6559
0.4784
0.3892
0.4547
0.6232
0.4811
0.4276
0.4268
0.4292
0.3845
0.3752
0.3716
0.5109
0.4272
0.3785
0.3662
0.5157
0.3778
0.3662
0.4325
0.4416
0.5846
0.4117
0.6442
0.39
0.3812
0.3841
0.3806
0.3779
0.4797
0.378
0.3691
0.3776
0.3716
0.3656
0.3715
0.3779
0.3668
0.3639
0.3663
0.3707
0.3774
0.3828
0.3768
0.3799
0.4048
0.3644
0.3637
0.3713
0.3517
0.3811
0.3649
0.3815
0.3682
0.3648
0.3598
0.3659
0.3742
0.374
0.3733
0.3865
0.3887
0.3791
0.3751
0.3747
0.3829
0.3601
0.3628
0.3536
0.3567
0.3604
0.3689
0.3658
0.4066
0.4009
0.3825
0.4673
0.4087
0.4074
0.4032
0.408
0.4122
0.4086
0.4054
0.3969
0.3956
0.4093
0.3821
0.3746
0.3738
0.3809
0.3908
0.3897
0.392
0.3819
0.3769
0.3761
0.4592
0.4053
0.3704
0.3733
0.3928
0.3675
0.3668
0.3653
0.3664
0.3688
0.3633
0.3655
0.4616
0.412
0.4047
0.4192
0.4024
0.3791
0.3549
0.4095
0.4028
0.3677
0.3657
0.3625
0.3652
0.3688
0.4053
0.3982
0.3894
0.3915
0.3817
0.3655
0.366
0.3754
0.3678
0.3677
0.3702
0.3773
0.3802
0.3901
0.3978
0.3911
0.3722
0.3705
0.3703
0.3734
0.3854
0.3697
0.3713
0.3684
0.378
0.3671
0.3832
0.3896
0.3842
0.3676
0.3701

---------------------------------------
CodechalDecodeHevcG12::DecodeStateLevel
---------------------------------------
0.4335
9.7052
8.5015
12.2946
7.9757
13.9334
0.1764
0.1462
0.1852
8.1494
0.2205
0.1523
0.181
0.1541
0.1931
0.1489
0.2179
0.1593
0.189
0.1929
0.2107
0.1609
0.1865
0.1588
0.1919
0.1594
0.1909
0.1593
0.19
0.1567
0.1862
0.1532
0.1863
0.1573
0.1848
0.1596
0.1946
0.1584
0.1828
0.147
0.1859
0.148
0.2154
0.2176
0.1882
0.1541
0.1825
0.151
0.144
0.1193
0.1434
0.1255
0.1398
0.1164
0.1403
0.1151
0.1394
0.118
0.1379
0.1146
0.1394
0.1155
0.1381
0.1188
0.1394
0.1166
0.1344
0.1164
0.1367
0.1174
0.1392
0.116
0.1367
0.1172
0.1398
0.1183
0.1381
0.1173
0.1573
0.1215
0.1429
0.1177
0.1404
0.117
0.1402
0.1166
0.1402
0.1165
0.1388
0.1165
0.1594
0.1233
0.1454
0.1175
0.1444
0.1148
0.1397
0.1169
0.1415
0.1176
0.1417
0.1157
0.1589
0.1212
0.143
0.1178
0.1432
0.1171
0.1376
0.1165
0.1597
0.1218
0.1451
0.1202
0.1423
0.1178
0.139
0.1163
0.1386
0.1159
0.1368
0.1159
0.1411
0.1177
0.1381
0.1175
0.1397
0.1151
0.1408
0.1175
0.1409
0.1167
0.1323
0.1108
0.1395
0.1153
0.138
0.1161
0.1417
0.1176
0.1389
0.1223
0.1402
0.1162
0.1385
0.1168
0.1422
0.1161
0.1369
0.1175
0.1367
0.1154
0.1373
0.1157
0.1387
0.1172
0.1486
0.1214
0.1375
0.1148
0.1397
0.1167
0.1363
0.1172
0.1745
0.1202
0.1504
0.1224
2.2971
0.1357
0.1695
0.1287
0.1496
0.1198
0.1487
0.1194
0.147
0.1191
0.1448
0.1187
0.142
0.1182
0.1421
0.118
0.146
0.1207
0.1449
0.119
0.1394
0.1163
0.1386
0.1171
0.1389
0.1178
0.1376
0.1167
0.14
0.1175
0.135
0.1106
0.1377
0.1156
0.1413
0.1161
0.1399
0.1182
0.1397
0.1165
0.1412
0.1167
0.1386
0.1249
0.1407
0.1177
0.1372
0.1174
0.1431
0.1172
0.1404
0.1179
0.1376
0.1155
0.1404
0.1182
0.1409
0.1176
0.139
0.1151
0.1401
0.1185
0.1424
0.1165
0.1383
0.1172
0.141
0.1153
0.1389
0.1162
0.14
0.1173
1.1023
0.1242
0.1663
0.1226
0.1446
0.1178
0.1437
0.1166
0.1383
0.1175
0.1365
0.1153
0.1395
0.1179
0.1412
0.124
0.1418
0.1184
0.1426
0.1159
0.1391
0.1176
0.1427
0.1193
0.1319
0.1102
0.1375
0.1159
0.1382
0.1174
0.1388
0.1171
0.1398
0.1162
0.1397
0.118
0.1376
0.1155
0.1434
0.1161
0.1402
0.1172
0.142
0.1186
0.1447
0.1163
0.1376
0.1167
0.1406
0.1176
0.1413
0.1185
0.1369
0.117
0.1401
0.1164
0.1455
0.1184
0.1365
0.1163
0.1376
0.114
0.1369
0.1154
0.1392
0.1159
0.1415
0.1178
0.1481
0.1168
0.1531
0.1232
0.1609
0.1246
0.1869
0.1244
0.1481
0.1185
0.1401
0.116
0.1509
0.1197
0.1458
0.1205
0.1423
0.119
0.1457
0.1201
0.1428
0.1163
0.1379
0.1092
0.1369
0.1165
0.1368
0.1168
0.1397
0.1179
0.1397
0.1174
0.1412
0.1184
0.138
0.1157
0.1594
0.1213
0.1441
0.1199
0.2135
0.1814
0.1601
0.1233
0.1453
0.1174
0.1401
0.1151
0.1374
0.1139
0.139
0.1162
0.1398
0.1147
0.1395
0.1184
0.1411
0.1178
0.1438
0.122
0.1583
0.1209
0.1454
0.1213
0.1423
0.1181
0.1397
0.1176
0.21
0.1866
0.2151
0.1926
0.1609
0.1194
0.1472
0.118
0.1412
0.1176
0.2104
0.1841
0.1441
0.1189
0.1403
0.1168
0.2094
0.1871
0.1455
0.1194
0.2171
0.1735
0.1391
0.1159
0.2143
0.183
0.1452
0.1195
0.1655
0.1168
0.2093
0.1879
0.1444
0.1207
0.1893
0.177
0.1419
0.1181
0.2024
0.1851
0.1438
0.1172
0.14
0.117
0.1451
0.119
0.1411
0.1192
0.2138
0.1918
0.1441
0.1189
0.1419
0.1162
0.1386
0.1158
0.141
0.1174
0.1379
0.1182
0.1392
0.1164
0.1406
0.1169
0.137
0.1165
0.1693
0.1244
0.1478
0.1198
0.1545
0.1221
0.1439
0.1192
0.1431
0.1189
0.1408
0.1177
0.1415
0.1162
0.1433
0.1174
0.1455
0.1191
0.1479
0.12
0.1407
0.1131
0.1422
0.1179
0.1375
0.1152
0.1369
0.1138
0.1431
0.1166
0.1424
0.1161
0.1462
0.1169
0.1396
0.1159
0.1387
0.1172
0.1395
0.1175
0.1388
0.1158
0.1391
0.1171
0.1397
0.118
0.1832
0.1222
0.1774
0.1309
0.1662
0.1216
0.1423
0.117
0.1584
0.1199
0.1452
0.1177
0.1366
0.1157
0.14
0.1154
0.1364
0.1144
0.1365
0.1154
0.1353
0.1144
0.139
0.1169
0.146
0.1182
0.1425
0.1184
0.1413
0.1186
0.1386
0.1184
0.1406
0.1168
0.1423
0.1161
0.1407
0.1163
0.1451
0.1188
0.1441
0.1131
0.1414
0.1205
0.1372
0.1148
0.1373
0.1155
0.1374
0.1377
0.214
0.188
0.1386
0.1165
0.1393
0.116
0.1422
0.1161
0.1415
0.1187
0.1371
0.1152
0.1391
0.117
0.1405
0.1183
0.1385
0.1168
0.1383
0.116
0.1399
0.1173
0.1405
0.1159
0.1404
0.1175
0.1417
0.1182
0.1394
0.1165
0.1406
0.1173
0.1407
0.1185
0.1378
0.1156
0.1414
0.116
0.1411
0.1172
0.1383
0.1155
0.14
0.1176
0.1402
0.1171
0.1392
0.1142
0.1414
0.1166
0.1408
0.1154
0.1364
0.1147
0.1365
0.114
0.1315
0.1101
0.1415
0.1165
0.1407
0.1151
0.1391
0.1181
0.1399
0.1176
0.1394
0.1174
0.1415
0.1161
0.1395
0.117
0.14
0.1173
0.1407
0.1176
0.1406
0.1161
0.1377
0.1151
0.1418
0.1173
0.1406
0.1159
0.1397
0.1178
0.1427
0.1236
0.1393
0.1173
0.1516
0.1175
0.144
0.1175
0.1396
0.1171
0.1384
0.1167
0.1398
0.1177
0.139
0.1163
0.1396
0.1166
0.1564
0.1149
0.1395
0.118
0.1372
0.1158
0.1383
0.1136
0.1571
0.1208
0.1436
0.1188
0.1379
0.1156
0.1387
0.1155
0.1416
0.1168
0.1383
0.1104
0.1416
0.1178
0.1412
0.1173
0.1412
0.1353
0.1411
0.1167
0.1396
0.1155
0.1397
0.117
0.1397
0.116
0.1409
0.1175
0.1403
0.1165
0.1402
0.1144
0.1399
0.1174
0.1461
0.1203
0.1407
0.122
0.1385
0.1162
0.1432
0.1178
0.1471
0.1177
0.213
0.1888
0.143
0.1168
0.14
0.1156
0.1402
0.1168
0.1414
0.1179
0.1402
0.1157
0.1396
0.1154
0.1419
0.1316
0.1433
0.1419
0.1561
0.1199
0.1431
0.1165
0.2322
0.1967
0.2182
0.1918
0.221
0.1912
0.2174
0.1893
0.217
0.1893
0.2079
0.1797
0.2178
0.1893
0.1666
0.122
0.2139
0.1893
0.2141
0.1904
0.2152
0.1864
0.1453
0.1187
0.1417
0.1184
0.1853
0.1224
0.1487
0.12
0.14
0.1147
0.1409
0.1144
0.1404
0.1164
0.1362
0.1148
0.1352
0.1136
0.1386
0.1168
0.137
0.1154
0.1373
0.1161
0.1383
0.1175
0.139
0.1167
0.1389
0.1225
0.1913
0.1323
0.208
0.1343
0.1688
0.1677
0.1523
0.1193
0.2321
0.1963
0.2153
0.1902
0.2253
0.1866
0.1435
0.1203
0.2254
0.201
0.1572
0.1405
0.1506
0.121
0.2192
0.1985
0.1401
0.1103
0.1644
0.1282
0.1506
0.1254
0.2289
0.1886
0.1461
0.1182
0.1623
0.1209
0.2196
0.1945
0.1531
0.1327
0.1619
0.1262
0.1888
0.1519
0.1893
0.1394
0.1988
0.1594
0.2257
0.1994
0.1703
0.1175
0.2174
0.1831
0.1479
0.1262
0.1973
0.1428
0.1959
0.1242
0.1505
0.1176
0.2152
0.1837
0.1559
0.1562
0.1452
0.1156
0.1402
0.1156
0.1766
0.1864
0.2164
0.198
0.1755
0.1249
0.2086
0.1853
0.2156
0.1323
0.2146
0.1895
0.2025
0.1234
0.1983
0.177
0.249
0.179
0.1532
0.1202
0.2231
0.189
0.2222
0.181
0.1553
0.1207
0.2105
0.1829
0.1973
0.1219
0.2093
0.184
0.2183
0.1975
0.1567
0.1325
0.2048
0.2179
0.2221
0.1809
0.2747
0.2005
0.2167
0.1969
0.1483
0.1181
0.2138
0.1886
0.1461
0.1181
0.2159
0.1889
0.2146
0.2166
0.2551
0.1937
0.2038
0.1401
0.1494
0.1159
0.1691
0.132
0.2413
0.1967
0.1864
0.1391
0.1646
0.1187
0.1757
0.1305
0.1673
0.1229
0.1452
0.1168
0.1443
0.1168
0.1408
0.116
0.2153
0.142
0.163
0.1217
0.1441
0.1155
0.1395
0.1157
0.181
0.181
0.1435
0.1186
0.1425
0.1164
0.1731
0.1249
0.171
0.1238
0.2164
0.1983
0.1591
0.1225
0.2415
0.2022
0.1493
0.1158
0.1441
0.12
0.145
0.1207
0.1448
0.1252
0.1419
0.116
0.1945
0.1193
0.1443
0.1164
0.1404
0.1152
0.1426
0.1164
0.1412
0.1176
0.1396
0.1154
0.142
0.1175
0.1436
0.1184
0.1411
0.1142
0.1382
0.1169
0.1382
0.1159
0.1395
0.1184
0.1435
0.119
0.1436
0.1234
0.144
0.1202
0.1425
0.1198
0.1543
0.1281
0.1387
0.115
0.1376
0.1143
0.1398
0.115
0.1357
0.1094
0.1455
0.1159
0.1381
0.1152
0.1521
0.1156
0.1399
0.1148
0.1388
0.1136
0.1358
0.1156
0.1385
0.1149
0.1444
0.1168
0.1441
0.1158
0.1429
0.1181
0.1449
0.1232
0.1476
0.1187
0.1464
0.1177
0.143
0.1188
0.1394
0.1191
0.1477
0.12
0.1365
0.1157
0.1373
0.1174
0.1339
0.1139
0.1345
0.1147
0.1356
0.1161
0.1407
0.1172
0.1384
0.1166
0.152
0.1211
0.1542
0.1186
0.1457
0.1184
0.1918
0.1225
0.1596
0.1229
0.1549
0.1221
0.1555
0.1238
0.1561
0.1218
0.1578
0.122
0.1625
0.1195
0.1569
0.1235
0.1531
0.1222
0.1529
0.1226
0.1417
0.1561
0.1508
0.1187
0.1442
0.1183
0.1421
0.1174
0.1448
0.1203
0.1505
0.1232
0.1488
0.1209
0.1482
0.1184
0.1463
0.1192
0.1441
0.1177
0.1411
0.1172
0.1878
0.1234
0.1601
0.1157
0.1405
0.1165
0.1413
0.1211
0.1396
0.14
0.1396
0.1154
0.1405
0.1168
0.1388
0.1156
0.1392
0.1159
0.1407
0.117
0.1385
0.1151
0.1396
0.1167
0.1869
0.1242
0.1633
0.1177
0.16
0.1169
0.1662
0.1205
0.1596
0.1178
0.1478
0.1168
0.1366
0.1106
0.1636
0.1164
0.1601
0.1165
0.1407
0.1167
0.1387
0.1175
0.1358
0.1153
0.1383
0.1166
0.14
0.1169
0.1531
0.1215
0.1493
0.1244
0.1488
0.1198
0.1505
0.1207
0.1509
0.1168
0.1389
0.1154
0.1391
0.1164
0.1388
0.1164
0.1389
0.1172
0.1404
0.1173
0.1421
0.1174
0.1442
0.1182
0.146
0.119
0.1498
0.1219
0.1523
0.1239
0.151
0.1217
0.1418
0.1177
0.141
0.1173
0.1415
0.1166
0.1429
0.1181
0.1446
0.1184
0.1405
0.1178
0.1421
0.1175
0.1407
0.1165
0.1419
0.1182
0.1418
0.1129
0.1454
0.1193
0.1455
0.1242
0.1458
0.1204
0.1389
0.1171
0.1396
0.1157

-------------------------------------
CodechalDecodeHevcG12::SetFrameStates
-------------------------------------
0.6748
11.0235
16.4433
0.077
0.0755
4.7149
0.0809
0.0715
0.0328
0.0329
0.0328
0.0319
0.033
0.036
0.0347
0.0334
0.0328
0.0329
0.0331
0.0338
0.0308
0.0385
0.0336
0.0333
0.0317
0.032
0.032
0.0317
0.0328
0.0312
0.0306
0.031
0.0316
0.0211
0.0305
0.0317
0.0304
0.0314
0.0306
0.0383
0.0329
0.032
0.0321
0.0323
0.0309
0.0384
0.0336
0.0323
0.0311
0.0316
0.0319
0.0385
0.0341
0.033
0.0313
0.0391
0.0335
0.0323
0.0311
0.0315
0.0312
0.0313
0.031
0.0318
0.0422
0.0318
0.0214
0.0316
0.0311
0.0319
0.031
0.031
0.0311
0.0313
0.0306
0.031
0.0312
0.0305
0.0303
0.0307
0.0366
0.0307
0.0306
8.0163
0.0325
7.8993
0.0325
0.0333
0.032
0.0331
0.0368
0.0316
0.033
0.0371
0.0338
0.0313
0.0309
0.0305
0.0319
0.0216
0.0351
0.0309
0.0311
0.0308
0.0313
0.0316
0.0359
0.0311
0.0303
0.0313
0.0313
0.0309
0.0307
0.0312
0.0308
0.0318
0.0305
0.0313
0.0305
0.031
0.0707
0.0431
0.0328
0.0317
0.0306
0.0308
0.0306
0.0321
0.0355
0.0316
0.0305
0.0355
0.0209
0.031
0.0354
0.0301
0.0309
0.0309
0.0313
0.0312
0.0308
0.0325
0.0409
0.0311
0.0308
0.034
0.0307
0.0309
0.0332
0.0311
0.0309
0.0306
0.0387
0.032
0.0327
0.0344
0.0348
0.0417
0.0336
0.0321
0.034
0.0319
0.0316
0.0325
0.033
0.0214
0.0311
0.036
0.0309
0.0306
0.0314
0.0312
0.0385
0.0345
0.0478
0.0379
0.0336
0.0321
0.0311
0.0314
0.0413
0.0318
0.032
0.0325
0.0376
0.034
0.0328
0.0315
0.0476
0.0419
0.0381
0.0338
0.0323
0.0465
0.033
0.0315
0.0456
0.0345
0.0305
0.0323
0.0449
0.0321
0.0313
0.0454
0.0325
0.0427
0.0313
0.045
0.0328
0.0328
0.0324
0.0331
0.0443
0.033
0.0324
0.0315
0.031
0.0315
0.0322
0.0314
0.0322
0.0529
0.0342
0.0381
0.0337
0.0331
0.0315
0.0324
0.0329
0.0332
0.0326
0.0224
0.0318
0.0492
0.0309
0.0326
0.951
0.032
0.0316
0.0321
0.0312
0.0315
0.0319
0.0317
0.0408
0.0402
0.0415
0.0336
0.0394
0.0362
0.0321
0.032
0.0313
0.0309
0.0305
0.0309
0.0318
0.0314
0.0317
0.0315
0.0309
0.0315
0.0309
0.0329
0.0235
0.0325
0.0314
0.0307
0.0309
0.045
0.032
0.0367
0.0322
0.031
0.0315
0.0309
0.0321
0.0317
0.0311
0.031
0.0318
0.0316
0.0315
0.0321
0.0312
0.0311
0.0312
0.0314
0.0318
0.0307
0.031
0.0316
0.0322
0.0303
0.0313
0.0307
0.0312
0.0208
0.0315
0.0313
0.0321
0.0317
0.0328
0.0321
0.032
0.032
0.0317
0.0313
0.031
0.0309
0.0315
0.032
0.0316
0.0351
0.0322
0.0319
0.0366
0.0315
0.0359
0.032
0.0359
0.0322
0.0316
0.0304
0.0354
0.0386
0.0341
0.0333
0.0314
0.0326
0.0215
0.037
0.032
0.0321
0.0314
0.0317
0.0321
0.0353
0.0312
0.0358
0.0317
0.036
0.0319
0.0308
0.0309
0.035
0.0331
0.0452
0.0324
0.0358
0.032
0.0322
0.0324
0.0362
0.0323
0.036
0.0383
0.0338
0.0521
0.0497
0.0484
0.0482
0.0464
0.0313
0.0475
0.0409
0.0463
0.0465
0.0462
0.0329
0.0329
0.0412
0.0343
0.0335
0.031
0.0317
0.0308
0.0308
0.0307
0.0308
0.0315
0.0309
0.0305
0.0317
0.0411
0.0391
0.0369
0.0329
0.0462
0.0436
0.0489
0.0332
0.0464
0.0338
0.0351
0.0455
0.0232
0.0396
0.0343
0.0458
0.0337
0.0401
0.0499
0.0357
0.036
0.0403
0.0466
0.0435
0.0472
0.0381
0.0456
0.0332
0.0423
0.0339
0.0374
0.0441
0.0338
0.0335
0.0407
0.0331
0.046
0.0384
0.0457
0.0473
0.0463
0.0364
0.0509
0.0742
0.0381
0.0358
0.0507
0.0485
0.0471
0.0456
0.0468
0.0467
0.0477
0.0475
0.0446
0.0585
0.0509
0.0362
0.0464
0.0352
0.0477
0.0457
0.0613
0.0376
0.0368
0.0405
0.0503
0.0403
0.0393
0.036
0.0391
0.0354
0.0347
0.0324
0.048
0.0425
0.0347
0.0317
0.0309
0.0336
0.032
0.0374
0.041
0.047
0.0373
0.0538
0.0367
0.0331
0.0334
0.0323
0.0392
0.0444
0.0335
0.0331
0.0328
0.0318
0.0313
0.0319
0.0357
0.0318
0.0311
0.0314
0.0312
0.0319
0.032
0.033
0.031
0.0344
0.0309
0.031
0.0321
0.0215
0.0327
0.0316
0.0324
0.0318
0.0312
0.0307
0.0311
0.031
0.0323
0.0315
0.0325
0.0339
0.0319
0.0316
0.033
0.032
0.0312
0.0303
0.0299
0.0301
0.0302
0.0305
0.0308
0.0421
0.0345
0.0325
0.0426
0.0339
0.0349
0.0343
0.0346
0.0351
0.0272
0.0347
0.0333
0.0336
0.0319
0.0319
0.0316
0.0322
0.0334
0.0322
0.0333
0.0338
0.032
0.0322
0.0325
0.0415
0.0342
0.0318
0.0313
0.0322
0.0313
0.0313
0.031
0.031
0.0325
0.0321
0.0308
0.0419
0.0376
0.0348
0.0361
0.0348
0.0319
0.0218
0.0353
0.0334
0.0315
0.0313
0.031
0.0314
0.0307
0.0351
0.0339
0.0335
0.0333
0.0334
0.0306
0.0308
0.0307
0.0303
0.0314
0.0313
0.0316
0.032
0.0329
0.033
0.0336
0.0318
0.0316
0.0313
0.0312
0.0318
0.0313
0.0311
0.0308
0.0317
0.0228
0.0328
0.0324
0.0326
0.0322
0.0314

--------------------------
CreateVideoDecoder_D3D11_1
--------------------------
20.4981

---------------------------
DestroyVideoDecoder_D3D11_1
---------------------------
0

----------------
First Frame Time
----------------
75.224

--------------------------------------
VideoDecoderBeginFrame_WDDM2_4_D3D11_1
--------------------------------------
0.008
0.003
0.0027
0.0024
0.0021
0.0018
0.002
0.0018
0.0016
0.002
0.0019
0.0015
0.0016
0.0026
0.0017
0.0015
0.0018
0.0015
0.0017
0.0026
0.0015
0.0026
0.002
0.0018
0.0017
0.0018
0.0018
0.0019
0.0022
0.0017
0.0015
0.0018
0.0018
0.0019
0.0015
0.0018
0.0016
0.0018
0.0016
0.0027
0.0019
0.002
0.0025
0.0018
0.0016
0.0025
0.0019
0.002
0.0016
0.0023
0.0019
0.0025
0.0025
0.0021
0.0017
0.0026
0.0019
0.0019
0.0017
0.0018
0.0016
0.0017
0.0015
0.0027
0.0019
0.0019
0.0015
0.0017
0.0016
0.0018
0.0014
0.0017
0.0014
0.0017
0.0015
0.0015
0.0015
0.0015
0.0015
0.0014
0.0015
0.0017
0.0015
0.0015
0.002
0.0016
0.0017
0.0019
0.0015
0.0015
0.0015
0.0016
0.0016
0.0016
0.0026
0.0015
0.0015
0.0015
0.0016
0.0018
0.0016
0.0016
0.0018
0.0016
0.0015
0.0015
0.0015
0.0015
0.0018
0.0016
0.0015
0.0016
0.0016
0.002
0.0015
0.0018
0.0015
0.0015
0.0015
0.0016
0.0015
0.003
0.0019
0.0018
0.0015
0.0016
0.0016
0.0015
0.0017
0.0016
0.0016
0.0015
0.0017
0.0016
0.0015
0.0015
0.0017
0.0021
0.0015
0.0016
0.0017
0.0043
0.0015
0.0016
0.0015
0.0015
0.0015
0.0015
0.0019
0.0015
0.0016
0.0015
0.0016
0.0016
0.0015
0.0023
0.0016
0.0031
0.0019
0.0018
0.0024
0.0017
0.0016
0.0016
0.0017
0.0016
0.0016
0.0015
0.0015
0.0015
0.0016
0.0015
0.0027
0.002
0.0023
0.0028
0.002
0.0018
0.0016
0.0018
0.0016
0.0015
0.0016
0.0017
0.0026
0.0019
0.0019
0.0016
0.0024
0.0023
0.0028
0.0021
0.0019
0.0023
0.0017
0.0016
0.0026
0.0018
0.0027
0.0017
0.0023
0.0016
0.0015
0.0025
0.0019
0.0022
0.0017
0.0024
0.0018
0.0017
0.0022
0.0064
0.0024
0.0019
0.0018
0.0015
0.0015
0.0016
0.0016
0.0015
0.0015
0.0027
0.002
0.0023
0.0018
0.0019
0.0018
0.0016
0.0017
0.0017
0.0016
0.0016
0.0017
0.0018
0.0016
0.0021
0.0017
0.0017
0.0018
0.0017
0.0016
0.0016
0.0017
0.0015
0.0032
0.002
0.003
0.0021
0.0028
0.002
0.0018
0.0019
0.0015
0.0017
0.0016
0.0017
0.0017
0.0015
0.0015
0.0015
0.0015
0.0016
0.0015
0.0019
0.0016
0.0015
0.0016
0.0016
0.0023
0.0024
0.0016
0.0015
0.0018
0.0015
0.0015
0.0016
0.0016
0.0015
0.0017
0.0015
0.0019
0.0017
0.0017
0.0019
0.0016
0.0015
0.0014
0.0016
0.0016
0.0015
0.0015
0.0016
0.0021
0.0015
0.0018
0.0016
0.0017
0.0015
0.0017
0.0019
0.0016
0.0018
0.0014
0.0018
0.0015
0.0019
0.0015
0.0017
0.0017
0.0016
0.0021
0.0015
0.0017
0.0015
0.0018
0.0017
0.0093
0.0017
0.0016
0.0019
0.0016
0.002
0.0016
0.0015
0.0016
0.0027
0.002
0.0018
0.0024
0.0018
0.0018
0.0016
0.0019
0.0017
0.0015
0.0016
0.0016
0.0016
0.0019
0.0016
0.0019
0.0015
0.0019
0.0015
0.0015
0.0015
0.002
0.0023
0.0017
0.0016
0.0021
0.0017
0.0019
0.0016
0.0018
0.0014
0.0027
0.0018
0.0032
0.003
0.0028
0.0028
0.0029
0.0027
0.0027
0.0029
0.0027
0.0025
0.0025
0.0018
0.0018
0.003
0.002
0.0026
0.0015
0.0017
0.0017
0.0017
0.0016
0.0016
0.0015
0.0016
0.0015
0.0015
0.0031
0.0023
0.0023
0.0025
0.0027
0.0029
0.003
0.0021
0.0024
0.0019
0.0025
0.0028
0.0021
0.0033
0.0022
0.0028
0.002
0.0027
0.0029
0.002
0.0018
0.0032
0.0019
0.0018
0.0027
0.0023
0.0025
0.0019
0.0026
0.0022
0.002
0.0024
0.0028
0.0021
0.0025
0.0018
0.0027
0.0025
0.0024
0.0027
0.0026
0.0023
0.0028
0.0049
0.0025
0.0033
0.0031
0.0028
0.0025
0.0024
0.0026
0.0029
0.0026
0.0033
0.0023
0.004
0.0029
0.0022
0.0026
0.002
0.003
0.0029
0.0039
0.0027
0.0021
0.003
0.0042
0.0029
0.0029
0.0021
0.0028
0.0021
0.0021
0.0017
0.0025
0.0045
0.0023
0.0018
0.0019
0.0021
0.0016
0.0035
0.0028
0.0029
0.0026
0.003
0.0022
0.0022
0.0018
0.0016
0.0057
0.0035
0.0021
0.0018
0.002
0.0016
0.0016
0.0015
0.0017
0.0016
0.0015
0.0016
0.0017
0.0016
0.0016
0.0018
0.0014
0.0015
0.0017
0.0014
0.0016
0.0017
0.0017
0.0014
0.0018
0.0018
0.0016
0.0014
0.0016
0.0015
0.0016
0.0016
0.0015
0.0022
0.0016
0.0016
0.0016
0.0016
0.0015
0.0016
0.0015
0.0016
0.0016
0.0017
0.0015
0.002
0.002
0.0016
0.003
0.0017
0.0017
0.0018
0.0019
0.0018
0.0019
0.0017
0.0017
0.0017
0.0017
0.0052
0.0018
0.0015
0.0016
0.0016
0.0017
0.002
0.0015
0.0016
0.0018
0.0031
0.0021
0.0016
0.0017
0.0015
0.0016
0.0015
0.0015
0.0016
0.0016
0.0016
0.0015
0.003
0.0023
0.0021
0.0022
0.0023
0.0017
0.0016
0.0021
0.0016
0.0015
0.0015
0.0016
0.0015
0.0015
0.0032
0.0016
0.0019
0.0016
0.0016
0.0016
0.0016
0.0014
0.0015
0.0016
0.0016
0.0016
0.0016
0.0016
0.0016
0.0018
0.0017
0.0015
0.0016
0.0015
0.0015
0.0017
0.0015
0.0016
0.0016
0.0018
0.0016
0.0017
0.0016
0.0015
0.0016

----------------------------
VideoDecoderEndFrame_D3D11_1
----------------------------
0.0367
0.0566
0.0542
0.0589
0.0552
0.0572
0.0527
0.0532
0.0514
0.0521
0.0509
0.0509
0.0652
0.0527
0.0513
0.0519
0.0519
0.0514
0.053
0.0588
0.0522
0.0603
0.062
0.0612
0.0529
0.0525
0.0503
0.0512
0.0515
0.0513
0.0504
0.05
0.0502
0.0508
0.0508
0.0515
0.0506
0.0512
0.05
0.0551
0.0521
0.0511
0.0529
0.0521
0.0503
0.0544
0.0518
0.0507
0.0506
0.0517
0.0547
0.0544
0.0513
0.0517
0.0518
0.0554
0.0525
0.0511
0.0517
0.052
0.0519
0.0505
0.0509
0.0674
0.0511
0.0509
0.0523
0.0512
0.0508
0.0567
0.0505
0.0507
0.0509
0.0513
0.0509
0.0516
0.0511
0.0507
0.0502
0.0501
0.0502
0.0507
0.0519
0.0513
0.0764
0.0556
0.0795
0.0982
0.0509
0.0507
0.0518
0.0526
0.0504
0.0528
0.0524
0.0502
0.0514
0.0512
0.05
0.0511
0.0505
0.0511
0.0504
0.0508
0.051
0.0513
0.051
0.0503
0.0514
0.0504
0.0512
0.0517
0.0502
0.0507
0.0504
0.0528
0.0503
0.052
0.0503
0.0505
0.0597
0.0577
0.0528
0.0515
0.0504
0.0532
0.0521
0.0547
0.0506
0.0507
0.0503
0.05
0.0501
0.0507
0.051
0.051
0.0503
0.05
0.0502
0.0516
0.0513
0.0568
0.0509
0.0509
0.0507
0.0521
0.0519
0.051
0.0532
0.0514
0.0502
0.0512
0.0523
0.0506
0.0537
0.0521
0.053
0.056
0.0511
0.0504
0.0529
0.0512
0.0548
0.0515
0.0511
0.0503
0.0499
0.0509
0.0513
0.05
0.0505
0.0505
0.0548
0.0509
0.0672
0.057
0.0505
0.051
0.0516
0.0502
0.0512
0.052
0.0568
0.0581
0.0548
0.0509
0.0511
0.0596
0.0666
0.0735
0.0598
0.0532
0.0522
0.076
0.0554
0.0506
0.076
0.0518
0.0728
0.0534
0.0745
0.0536
0.0501
0.0785
0.0509
0.0763
0.0511
0.073
0.0526
0.0533
0.0604
0.0587
0.0761
0.0526
0.0544
0.0504
0.0516
0.0516
0.0526
0.051
0.0538
0.0585
0.0514
0.0541
0.0532
0.0515
0.051
0.0519
0.051
0.0518
0.0512
0.0514
0.0523
0.0531
0.051
0.0511
0.0539
0.053
0.0517
0.0518
0.0509
0.0528
0.0518
0.0526
0.0553
0.0618
0.0595
0.0512
0.0577
0.0545
0.0536
0.0533
0.0527
0.0521
0.0532
0.0528
0.0562
0.0544
0.0528
0.0535
0.0529
0.0519
0.0538
0.0539
0.0537
0.0539
0.0549
0.0542
0.0574
0.0762
0.0502
0.0512
0.0537
0.0544
0.0543
0.0524
0.0543
0.0532
0.051
0.0526
0.0541
0.0525
0.0517
0.0515
0.0557
0.0537
0.0499
0.0532
0.0521
0.052
0.0518
0.0632
0.05
0.0534
0.0507
0.0521
0.0513
0.0514
0.0512
0.0533
0.0518
0.0509
0.052
0.0517
0.0528
0.0519
0.0507
0.0568
0.0499
0.0522
0.053
0.0564
0.0507
0.0531
0.0569
0.0523
0.0557
0.054
0.0563
0.0523
0.0513
0.0498
0.0528
0.0528
0.0582
0.0567
0.0529
0.0524
0.0521
0.0534
0.053
0.0513
0.0518
0.0596
0.0512
0.054
0.051
0.0522
0.0522
0.0529
0.0524
0.0529
0.059
0.0549
0.0578
0.0541
0.0502
0.077
0.0523
0.053
0.0498
0.0525
0.0531
0.0594
0.0523
0.0617
0.0566
0.0521
0.0829
0.0787
0.0781
0.078
0.0779
0.0809
0.08
0.0563
0.0781
0.0784
0.0782
0.0539
0.056
0.0577
0.056
0.0503
0.0513
0.0529
0.0526
0.0535
0.0554
0.0549
0.053
0.0528
0.0509
0.063
0.0679
0.0728
0.0737
0.0679
0.0924
0.1054
0.087
0.0774
0.1074
0.0773
0.0674
0.1044
0.0664
0.0581
0.0726
0.0781
0.0534
0.0565
0.0963
0.0639
0.0567
0.0732
0.0572
0.07
0.0794
0.0574
0.0837
0.0624
0.0634
0.0662
0.0636
0.0762
0.0605
0.0539
0.0568
0.0772
0.0793
0.0684
0.0734
0.0651
0.0853
0.062
0.0858
0.0764
0.067
0.0895
0.0591
0.0623
0.059
0.0597
0.0793
0.0801
0.0756
0.0812
0.0721
0.0804
0.0805
0.0511
0.0781
0.057
0.0763
0.1141
0.0793
0.0756
0.0703
0.0606
0.0899
0.0641
0.056
0.0616
0.0563
0.0539
0.0553
0.0546
0.0558
0.0658
0.055
0.0534
0.0795
0.0559
0.0531
0.0616
0.0601
0.0908
0.0595
0.0805
0.0576
0.0565
0.0543
0.0536
0.0701
0.0577
0.0744
0.0552
0.0549
0.0528
0.0534
0.0534
0.0537
0.0535
0.0547
0.0529
0.0545
0.0528
0.0541
0.0563
0.0547
0.0532
0.0514
0.0523
0.0526
0.0535
0.0545
0.0568
0.0544
0.0536
0.0534
0.0523
0.0528
0.0527
0.053
0.0541
0.0545
0.0548
0.0539
0.0541
0.0543
0.0527
0.0518
0.0521
0.0524
0.0528
0.0536
0.0521
0.0541
0.0555
0.0554
0.0551
0.0589
0.0578
0.0564
0.0556
0.0565
0.0561
0.0586
0.0584
0.056
0.0564
0.0563
0.0549
0.0541
0.0545
0.054
0.0551
0.054
0.0558
0.0573
0.054
0.0508
0.0609
0.0511
0.0541
0.0515
0.0508
0.0531
0.0529
0.0597
0.0563
0.0498
0.0549
0.051
0.0541
0.0554
0.0504
0.0539
0.0524
0.0534
0.0506
0.0532
0.0524
0.0513
0.0531
0.0493
0.0542
0.0561
0.0562
0.0569
0.0565
0.0556
0.0543
0.0525
0.0541
0.052
0.0531
0.0527
0.0544
0.0538
0.0559
0.055
0.0572
0.0568
0.053
0.0538
0.054
0.0537
0.0701
0.0546
0.0534
0.0529
0.0529
0.0535
0.0538
0.0552
0.0534
0.0543
0.0514

---------------------------------
VideoDecoderSubmitBuffers_D3D11_1
---------------------------------
11.1754
31.9687
38.482
0.529
8.5325
5.4603
0.5403
0.5308
0.675
0.8082
0.7694
0.8
0.8126
0.7401
0.7546
0.7925
0.7077
0.8129
0.757
0.4765
0.4649
0.6084
0.4856
1.0168
0.3852
0.4994
0.792
0.7597
0.8237
0.7169
0.8249
0.7651
0.3839
0.37
0.6264
0.3819
0.5915
0.7976
0.8364
0.781
0.796
0.7838
0.781
0.7251
0.7819
0.7373
0.6948
0.6775
0.7919
0.7845
0.3899
0.4345
0.3894
0.67
0.8164
0.7665
0.7824
0.743
0.8036
0.7722
0.8075
0.7773
0.7981
0.7784
0.7802
0.5619
0.5206
0.8057
0.6705
0.7445
0.7945
0.7616
0.7822
0.7415
0.8027
0.7861
0.8293
0.7845
0.8297
0.7723
0.8076
0.809
0.4158
8.5095
3.0768
8.3025
0.3944
0.4054
0.4679
0.7655
0.8037
0.8047
0.3944
0.5292
0.7965
0.3756
0.573
0.7689
0.6267
0.466
0.8541
0.8195
0.3802
0.3794
0.7991
0.3837
0.5642
0.7905
0.38
0.5383
0.7875
0.3773
0.5397
0.7574
0.8177
0.3896
0.3759
0.4276
0.8101
0.7774
1.8628
0.4625
0.3882
0.384
0.7683
0.7772
0.8348
0.7933
0.7858
0.8048
0.374
0.4161
0.5627
0.3735
0.5781
0.8091
0.3772
0.3774
0.7551
0.3806
0.5584
0.767
0.7879
0.776
0.3755
0.5249
0.8028
0.3763
0.4044
0.3724
0.3734
0.4512
0.7723
0.7752
0.3971
0.4165
0.7439
0.4901
0.3992
0.7332
0.408
0.4549
0.7678
0.8032
0.6451
0.6988
0.7887
0.8431
0.8234
0.3756
0.5526
0.8026
0.4424
0.4029
0.9358
0.4366
0.3904
0.3808
0.5615
0.7674
0.79
0.7918
0.7734
0.7778
0.4273
0.479
0.7393
0.7713
0.819
0.74
0.434
0.3951
0.3792
0.57
0.39
0.3748
0.569
0.394
0.555
0.3765
0.5605
0.3875
0.4028
0.5803
0.3922
0.5293
0.3815
0.5646
0.3899
0.3818
0.3875
0.3958
0.5855
0.389
0.3828
0.3761
0.3766
0.3753
0.3769
0.377
0.373
0.4719
0.4
0.4266
0.6083
0.757
0.7591
0.7533
0.8
0.7578
0.7492
0.5794
0.8331
0.4003
0.3708
0.3854
1.9986
0.3846
0.3769
0.3768
0.3749
0.3725
0.3768
0.3766
0.4719
0.4644
0.4556
0.3887
0.4362
0.402
0.3747
0.3807
0.3702
0.3727
0.3699
0.3781
0.3923
0.3862
0.3838
0.38
0.3795
0.3832
0.3817
0.4025
0.3847
0.3835
0.3731
0.372
0.3969
0.5803
0.3766
0.3799
0.3864
0.3784
0.3737
0.3798
0.379
0.3773
0.3719
0.3768
0.3845
0.3772
0.3814
0.3818
0.3784
0.383
0.373
0.3814
0.3816
0.3732
0.3765
0.3787
0.381
0.3756
0.3811
0.3725
0.3721
0.3561
0.3778
0.3806
0.379
0.3824
0.3788
0.3818
0.3788
0.3826
0.3792
0.3852
0.3711
0.3764
0.3818
0.3793
0.3898
0.3789
0.394
0.3846
0.3858
0.3797
0.3814
0.3803
0.3801
0.3966
0.384
0.3701
0.3759
0.4299
0.3918
0.3783
0.3786
0.3852
0.3682
0.3881
0.3857
0.403
0.3791
0.38
0.3748
0.3779
0.3811
0.3805
0.3794
0.3806
0.391
0.3857
0.3723
0.3834
0.394
0.5799
0.3827
0.3796
0.3831
0.3845
0.382
0.3797
0.3995
0.4104
0.4281
0.387
0.6336
0.6015
0.6011
0.5924
0.5877
0.5588
0.5926
0.4503
0.5876
0.5829
0.5802
0.3891
0.3875
0.481
0.4005
0.3831
0.374
0.38
0.3717
0.3674
0.3747
0.3728
0.3777
0.3752
0.3724
0.3834
0.4924
0.4912
0.5015
0.4015
0.6115
0.5924
0.6021
0.395
0.6075
0.4389
0.4262
0.6038
0.376
0.4466
0.4102
0.6002
0.3896
0.4354
0.6074
0.4376
0.4389
0.5296
0.4865
0.5197
0.6083
0.4281
0.5833
0.4033
0.496
0.456
0.4026
0.5794
0.449
0.3891
0.4045
0.5208
0.6032
0.4476
0.5749
0.5114
0.5891
0.4643
0.5726
0.6962
0.4252
0.6062
0.584
0.4395
0.5592
0.4736
0.574
0.5976
0.4649
0.6265
0.5801
0.7248
0.6161
0.403
0.5939
0.3976
0.5944
0.6895
0.6863
0.5011
0.4064
0.4742
0.6476
0.5023
0.4466
0.4421
0.4479
0.3996
0.3901
0.3846
0.5303
0.4532
0.3943
0.3798
0.5363
0.3924
0.3785
0.4532
0.461
0.6049
0.4297
0.6712
0.407
0.3945
0.3991
0.3928
0.393
0.5033
0.3918
0.3825
0.3926
0.3879
0.3781
0.3846
0.3902
0.3792
0.3759
0.3781
0.3824
0.3898
0.3952
0.3895
0.3923
0.4991
0.3772
0.3757
0.3855
0.3661
0.399
0.3772
0.3954
0.3815
0.3777
0.3717
0.3779
0.3861
0.3868
0.3856
0.3996
0.4053
0.3919
0.3871
0.3878
0.4764
0.3725
0.3747
0.3653
0.3689
0.3721
0.3807
0.3775
0.4231
0.419
0.3955
0.4906
0.4226
0.421
0.4169
0.4233
0.4287
0.4271
0.419
0.4112
0.4082
0.424
0.3949
0.3868
0.3858
0.3928
0.4026
0.4029
0.4082
0.3942
0.3897
0.3904
0.4801
0.4221
0.3829
0.3855
0.4056
0.3796
0.3788
0.3777
0.3784
0.3811
0.4353
0.3775
0.4821
0.4303
0.4218
0.4366
0.4184
0.3936
0.3702
0.4267
0.4183
0.3801
0.3776
0.3742
0.3766
0.3807
0.4226
0.4119
0.4026
0.4047
0.3949
0.3777
0.3779
0.3872
0.379
0.3795
0.382
0.3896
0.3922
0.4027
0.4102
0.4041
0.3841
0.3825
0.3823
0.3851
0.3983
0.3824
0.3837
0.3806
0.3915
0.3836
0.3959
0.4023
0.3966
0.409
0.3835

