---------------------------------------------
CalcPrivateVideoDecoderOutputViewSize_D3D11_1
---------------------------------------------
0.002
0.0014
0.0017
0.0011
0.0011
0.0009
0.0034
0.0009
0.0008
0.0012
0.0006
0.0009
0.0008
0.0014
0.0007
0.0007
0.0006
0.0006
0.0008
0.0028
0.0009
0.0015
0.0015
0.0025
0.0009
0.0012
0.0011
0.0007
0.0018
0.0006
0.001
0.0007
0.0013
0.0018
0.0009
0.0008
0.0008
0.0009
0.001
0.0009
0.0008
0.0008
0.0023
0.0011
0.0008
0.0007
0.0006
0.0007
0.0006
0.0007
0.0007
0.0009
0.0009
0.0008
0.0007
0.0006
0.0007
0.0008
0.0007
0.0006
0.0007
0.0007
0.0007
0.0015
0.0006
0.0007
0.0008
0.0007
0.0011
0.0015
0.0009
0.001
0.0007
0.0008
0.0006
0.0008
0.0006
0.0008
0.0013
0.0008
0.0006
0.001
0.0005
0.0008
0.0006
0.0008
0.0006
0.0008
0.0005
0.0008
0.0006
0.0007
0.0006
0.0009
0.0018
0.0008
0.0007
0.0007
0.0006
0.001
0.0008
0.0014
0.0008
0.001
0.0008
0.0011
0.0007
0.0007
0.0007
0.0008
0.0008
0.0008
0.0006
0.0007
0.0007
0.0007
0.0005
0.0005
0.0014
0.0009
0.001
0.0014
0.0009
0.0014
0.0009
0.0007
0.0014
0.001
0.0008
0.0006
0.0009
0.0008
0.0008
0.0006
0.0008
0.0015
0.001
0.001
0.0008
0.0008
0.0008
0.0041
0.0008
0.0006
0.0007
0.0007
0.0007
0.0006
0.0007
0.0007
0.0008
0.0006
0.0009
0.0011
0.0018
0.0016
0.001
0.0009
0.0015
0.0008
0.0015
0.0014
0.0014
0.0012
0.0009
0.0013
0.0014
0.0014
0.0016
0.0019
0.0012
0.0012
0.0009
0.0015
0.001
0.0007
0.0007
0.0008
0.0007
0.0008
0.0005
0.0016
0.001
0.0008
0.0006
0.0008
0.0006
0.0008
0.0007
0.0009
0.0006
0.0008
0.0006
0.0009
0.0006
0.0007
0.0007
0.0007
0.0009
0.0007
0.0007
0.0009
0.0007
0.0007
0.0008
0.0006
0.0006
0.0007
0.0008
0.0007
0.001
0.0058
0.0025
0.001
0.001
0.0008
0.0008
0.0009
0.0008
0.0009
0.0008
0.0007
0.0007
0.0008
0.0007
0.0008
0.0007
0.0009
0.0007
0.0007
0.0011
0.0008
0.0008
0.0007
0.0007
0.0007
0.0007
0.0008
0.0009
0.0007
0.0007
0.0007
0.0008
0.0009
0.0008
0.0009
0.0007
0.0007
0.0007
0.0008
0.0009
0.0007
0.0007
0.0007
0.0007
0.0007
0.001
0.0006
0.0008
0.0006
0.0006
0.0007
0.0007
0.0008
0.001
0.0008
0.0008
0.0007
0.0008
0.002
0.0011
0.0014
0.0012
0.001
0.0008
0.0008
0.0013
0.0021
0.0018
0.0009
0.0008
0.0008
0.0014
0.001
0.0009
0.0008
0.001
0.0007
0.0008
0.0008
0.0007
0.0007
0.0007
0.0008
0.0007
0.0007
0.0007
0.001
0.0007
0.0009
0.0009
0.0008
0.0012
0.0008
0.0008
0.0009
0.0008
0.0007
0.0007
0.0007
0.0007
0.0008
0.0008
0.0007
0.0008
0.0009
0.0031
0.001
0.0007
0.0008
0.0008
0.0007
0.0007
0.0007
0.0008
0.0008
0.0009
0.0008
0.0008
0.001
0.001
0.0008
0.0008
0.0015
0.0008
0.0014
0.0008
0.0009
0.0007
0.0008
0.0008
0.0009
0.0008
0.0007
0.0009
0.0007
0.0007
0.0008
0.0007
0.0006
0.0007
0.001
0.0007
0.0007
0.0006
0.0007
0.0007
0.0011
0.0007
0.0008
0.0008
0.0007
0.0006
0.0007
0.0007
0.001
0.0006
0.0006
0.0008
0.0007
0.0007
0.0008
0.0007
0.0008
0.0006
0.0007
0.0008
0.0008
0.0008
0.0008
0.0008
0.0007
0.0006
0.0012
0.0008
0.001
0.0007
0.0007
0.0006
0.0016
0.0011
0.0012
0.0011
0.0008
0.0007
0.0008
0.0008
0.0008
0.0009
0.0007
0.0008
0.0007
0.0007
0.0008
0.0008
0.0009
0.0008
0.0008
0.0007
0.0007
0.0009
0.0007
0.0008
0.0014
0.0009
0.0009
0.0007
0.0008
0.0006
0.0007
0.0007
0.0008
0.0007
0.0008
0.0005
0.0008
0.0006
0.0007
0.0007
0.0008
0.0011
0.0014
0.0008
0.0012
0.0014
0.0012
0.0009
0.0007
0.0014
0.0009
0.0009
0.0009
0.0013
0.001
0.0009
0.0007
0.0008
0.0014
0.001
0.0009
0.0008
0.0009
0.0008
0.0012
0.0007
0.0008
0.0008
0.0009
0.0006
0.0015
0.0009
0.0014
0.0014
0.0009
0.0009
0.0009
0.0013
0.0009
0.0008
0.0009
0.0009
0.0007
0.0008
0.0007
0.0143
0.0019
0.001
0.0009
0.0007
0.0008
0.0015
0.0008
0.0008
0.0008
0.0009
0.002
0.0015
0.0013
0.0007
0.0008
0.0009
0.0014
0.0014
0.0009
0.001
0.001
0.0008
0.0012
0.0007
0.0019
0.0012
0.0008
0.0014
0.0008
0.0014
0.0009
0.0008
0.0006
0.0008
0.0008
0.0014
0.001
0.0014
0.0011
0.0015
0.0009
0.0015
0.0011
0.0015
0.0012
0.0008
0.0015
0.0008
0.002
0.0017
0.0049
0.0018
0.0013
0.0015
0.0011
0.0011
0.001
0.0009
0.0008
0.0009
0.001
0.0012
0.0008
0.0009
0.0008
0.0014
0.0009
0.0009
0.0009
0.0008
0.0007
0.0007
0.0011
0.0008
0.0009
0.0017
0.0007
0.0009
0.0013
0.0016
0.001
0.0009
0.0012
0.0009
0.0012
0.0007
0.001
0.0009
0.001
0.001
0.0008
0.0008
0.0007
0.0007
0.0015
0.0007
0.0006
0.0008
0.001
0.0007
0.0007
0.0006
0.0007
0.0009
0.0007
0.0015
0.0017
0.001
0.0007
0.0009
0.0013
0.0014
0.0015
0.001
0.0011
0.0015
0.0008
0.0008
0.0008
0.0011
0.0009
0.0006
0.0011
0.0008
0.0012

-----------------------
CodechalDecode::Execute
-----------------------
7.1054
15.3894
6.7879
5.3252
5.744
0.7252
1.0693
0.9627
0.8362
0.7868
0.9034
0.832
0.9109
0.8437
0.8834
0.8171
0.5365
0.5266
0.8635
0.7612
0.8852
0.7913
0.6498
0.6532
0.3909
0.369
0.3856
0.3581
0.3605
0.367
0.4034
0.3716
0.4057
0.3564
0.373
0.3619
0.3751
0.3763
0.4132
0.3951
0.3892
0.3874
0.4154
0.3749
0.3744
0.3615
0.3594
0.3617
0.359
0.3555
0.3617
0.3588
0.3604
0.3556
0.3566
0.3538
0.3558
0.3639
0.3604
0.3608
0.3613
0.3581
0.36
0.3616
0.358
0.3621
0.3435
0.3638
0.3638
0.413
0.3796
0.367
0.3624
0.3666
0.3598
0.3642
0.3639
0.3646
0.3559
0.3564
0.3588
0.3672
0.3549
0.3647
0.3612
0.3648
0.3609
0.3684
0.3603
0.3661
0.3675
0.3659
0.3576
0.3662
0.3627
0.3649
0.3594
0.3662
0.3643
0.3495
0.3686
0.4124
0.3698
0.3729
0.3649
0.374
0.3682
0.3586
0.3627
0.3654
0.3787
0.3671
0.3617
0.3642
0.3608
0.3663
0.3602
0.3638
0.4799
2.6821
2.3574
3.8054
0.4039
0.4191
0.3822
0.3688
0.4203
0.3789
0.3699
0.3641
0.3713
0.3664
0.3422
0.3597
0.3608
1.2841
0.3797
0.3741
0.3753
0.3727
0.3611
0.3692
0.3623
0.3612
0.3593
0.3592
0.3586
0.36
0.3605
0.3612
0.3668
0.3605
0.3609
0.3582
0.427
0.5841
0.3806
0.3663
0.3984
0.3856
0.4341
0.397
0.583
0.5021
0.3875
0.5299
0.5567
0.4217
0.5385
0.4516
0.3923
0.7009
0.383
0.3779
0.3655
0.3668
0.3634
0.368
0.37
0.3717
0.38
0.4872
0.3817
0.3696
0.3627
0.3697
0.3603
0.3647
0.3593
0.3745
0.3649
0.3924
0.3709
0.3714
0.3641
0.3663
0.368
0.3763
0.3588
0.3754
0.3684
0.3687
0.358
0.3599
0.3671
0.365
0.3572
0.3663
0.3683
0.3764
0.4088
0.4426
0.4798
0.393
0.3889
0.3925
0.393
0.3877
0.3601
0.3653
0.3589
0.3656
0.3646
0.3715
0.3667
0.3643
0.3639
0.3645
0.374
0.3628
0.3682
0.3443
0.3629
0.3536
0.36
0.3591
0.3682
0.4061
0.3918
0.4086
0.3914
0.3852
0.388
0.397
0.4121
0.3741
0.3758
0.3782
0.3768
0.3844
0.3747
0.3695
0.3755
0.378
0.3793
0.3912
0.3793
0.3552
0.3573
0.3543
0.3536
0.3555
0.3576
0.393
0.362
0.3809
0.3586
0.3633
0.3675
0.4641
0.3926
0.444
0.5806
0.4074
0.3824
0.3805
0.4052
0.453
0.4303
0.3897
0.3775
0.3771
0.4387
0.3837
0.3781
0.3858
0.3865
0.3863
0.3859
0.362
0.3621
0.362
0.3656
0.3623
0.3826
0.3659
0.3642
0.3544
0.3743
0.3729
0.389
0.386
0.4027
0.3665
0.3591
0.359
0.3567
0.3573
0.366
0.3724
0.3729
0.397
0.3694
0.3713
0.3712
0.376
0.3873
0.387
0.4086
0.3723
0.3731
0.373
0.3747
0.3612
0.3615
0.3641
0.3669
0.367
0.37
0.3892
0.3458
0.3654
0.359
0.4552
0.3881
0.4091
0.3747
0.3612
0.3635
0.3659
0.3594
0.3734
0.3809
0.3764
0.3789
0.3844
0.3673
0.3692
0.374
0.3575
0.3615
0.3646
0.3615
0.3921
0.3657
0.3789
0.3845
0.3798
0.3677
0.379
0.3654
0.3696
0.3936
0.4072
0.3811
0.3749
0.374
0.3838
0.3853
0.3982
0.3871
0.3865
0.372
0.3665
0.3725
0.3788
0.374
0.3876
0.397
0.4069
0.3914
0.3745
0.3686
0.3723
0.3571
0.3547
0.3607
0.3615
0.3691
0.4144
0.3721
0.4309
0.3906
0.4012
0.3607
0.36
0.3443
0.3901
0.3681
0.3646
0.3712
0.3614
0.3643
0.3624
0.3592
0.3638
0.3586
0.3572
0.3595
0.3597
0.367
0.3653
0.379
0.4118
0.3739
0.3669
0.3601
0.3656
0.3615
0.3658
0.3646
0.3641
0.3585
0.3682
0.3581
0.3718
0.4037
0.3741
0.3645
0.348
0.3783
0.411
0.3899
0.394
0.4221
0.3958
0.3734
0.3714
0.4291
0.3829
0.3788
0.3718
0.5576
0.5533
0.3807
0.3734
0.3964
0.4453
0.4001
0.4561
0.4623
0.4771
0.4267
0.4613
0.3749
0.5316
0.3952
0.3818
0.5619
0.4117
0.3756
0.3786
0.4006
0.3835
0.3712
0.3767
0.5564
0.3812
0.3722
0.3762
0.3675
0.3633
0.3929
0.3783
0.3878
0.5919
0.3937
0.4176
0.3956
0.4229
0.4214
0.4464
0.4467
0.4451
0.5471
0.4324
0.4337
0.3841
0.3852
0.4099
0.3887
0.4263
0.3917
0.3824
0.3783
0.4079
0.3797
0.4246
0.4079
0.6096
0.3924
0.3978
0.4389
0.3988
0.4147
0.3779
0.3718
0.374
0.3902
0.3915
0.4283
0.3997
0.4228
0.3922
0.3995
0.3825
0.4007
0.5648
0.447
0.4013
0.3755
0.4244
0.391
0.4268
0.6273
0.4065
0.4902
0.3968
0.4036
0.476
0.382
0.3946
0.4945
0.4067
0.4155
0.494
0.4415
0.4265
0.4098
0.4085
0.4596
0.3841
0.3907
0.4023
0.401
0.3865
0.3852
0.5715
0.3865
0.3857
0.4074
0.3909
0.3978
0.3895
0.4399
0.4092
0.3858
0.4426
0.3727
0.385
0.3758
0.367
0.4954
0.4002
0.3706
0.3755
0.3647
0.3711
0.4472
0.4021
0.3744
0.3592
0.3639
0.3721
0.3814
0.3624
0.363
0.3635
0.3665
0.3774
0.5801
0.3903
0.3731
0.3786
0.3981
0.5749
0.4517
0.4379
0.3893
0.4126
0.4079
0.3695
0.3687
0.3718
0.3497
0.3818
0.3766
0.3773
0.3735
0.5517

---------------------------------------
CodechalDecodeHevcG12::DecodeStateLevel
---------------------------------------
0.4806
5.542
8.4976
5.7354
0.2753
0.5649
0.238
0.5739
0.2427
4.8672
0.2284
0.2977
0.2311
0.2102
0.2096
0.1712
0.5218
0.1885
0.4659
0.1968
0.5939
0.1887
0.5161
0.1899
0.601
0.1878
0.5205
0.1943
0.573
0.1887
0.5022
0.1885
0.2188
0.1888
0.2147
0.1872
0.5461
0.1897
0.3982
0.2052
0.5595
0.1962
0.4098
0.2296
0.2347
0.2622
0.2989
0.1646
0.1468
0.1199
0.1416
0.1151
0.1427
0.13
0.1359
0.1142
0.1351
0.1173
0.1382
0.1132
0.1542
0.1197
0.1394
0.1161
0.1568
0.1202
0.137
0.1096
0.1415
0.1156
0.1387
0.1158
0.1436
0.1163
0.1445
0.1169
0.1612
0.1234
0.1526
0.1207
0.1509
0.1203
0.1502
0.1196
0.1609
0.1234
0.1436
0.1168
0.1431
0.1177
0.1381
0.1153
0.137
0.1146
0.1393
0.1148
0.1361
0.1167
0.1359
0.1149
0.1395
0.116
0.1378
0.1148
0.1374
0.1122
0.1359
0.1137
0.1359
0.1135
0.1343
0.1142
0.1363
0.1138
0.1403
0.1154
0.1382
0.1144
0.1386
0.1152
0.1391
0.1152
0.1382
0.1136
0.1381
0.1145
0.137
0.1155
0.1371
0.1142
0.1391
0.1141
0.1332
0.1082
0.1388
0.1145
0.139
0.115
0.1585
0.1207
0.1417
0.123
0.1391
0.1145
0.1389
0.1154
0.14
0.1156
0.1371
0.1152
0.1375
0.1139
0.14
0.1137
0.1401
0.114
0.1352
0.1146
0.1352
0.1123
0.1368
0.1139
0.1398
0.1141
0.135
0.1143
0.139
0.1149
0.138
0.115
0.1396
0.1147
0.1371
0.1162
0.1396
0.1164
0.1381
0.1145
0.14
0.1148
0.1408
0.1152
0.14
0.1138
0.1358
0.1148
0.1398
0.115
0.1371
0.1161
0.1379
0.1152
0.1375
0.1156
0.1397
0.1166
0.1402
0.1159
0.1347
0.1101
0.1395
0.1152
0.1576
0.1202
0.1399
0.1153
0.1427
0.1168
0.1394
0.1155
0.1397
0.1229
0.1391
0.1188
0.1368
0.1157
0.138
0.1157
0.1384
0.1147
0.1411
0.1156
0.1399
0.1147
0.1397
0.1158
0.1387
0.1135
0.1368
0.115
0.1386
0.1159
0.1359
0.1165
0.1387
0.115
0.1993
0.141
0.1808
0.1361
2.0454
0.1628
0.1797
0.1352
0.157
0.1262
0.1591
0.1222
0.1458
0.117
0.1404
0.1157
0.1613
0.1222
0.1436
0.1187
0.1401
0.1157
0.1387
0.1159
0.1402
0.1147
0.1387
0.1144
0.1327
0.1067
0.1366
0.1138
0.1368
0.113
0.1652
0.1213
0.1461
0.1172
0.1426
0.116
0.1449
0.1176
0.1416
0.1159
0.1392
0.1142
0.1403
0.1153
0.1393
0.1147
0.1385
0.1148
0.1381
0.1146
0.1376
0.1156
0.1382
0.1155
0.1392
0.1142
0.1378
0.1151
0.1376
0.1145
0.1402
0.1148
0.1374
0.1148
0.1384
0.1118
0.1385
0.1126
0.164
0.1192
0.2203
0.1806
0.1457
0.1182
0.1398
0.1145
0.1568
0.1146
0.1421
0.1153
0.1598
0.1345
0.1504
0.1192
0.2178
0.19
0.1921
0.15
0.1488
0.1181
0.2004
0.1735
0.2124
0.1753
0.1587
0.1238
0.2035
0.1796
0.1772
0.1228
0.149
0.1172
0.1498
0.1195
0.1447
0.1171
0.1433
0.1158
0.1391
0.1172
0.1384
0.1174
0.1377
0.1159
0.1424
0.1157
0.141
0.117
0.1435
0.1183
0.155
0.1154
0.1916
0.1242
0.1447
0.1159
0.1408
0.1141
0.1367
0.1137
0.1398
0.1137
0.1375
0.1144
0.1378
0.1132
0.1362
0.1129
0.1428
0.1176
0.1368
0.1164
0.1402
0.1365
0.1406
0.12
0.1406
0.1166
0.1398
0.1161
0.1391
0.1155
0.1395
0.1173
0.1414
0.1152
0.1377
0.11
0.1419
0.1165
0.1399
0.1161
0.1398
0.1135
0.134
0.1136
0.1354
0.1131
0.1387
0.1129
0.1369
0.1158
0.1355
0.1131
0.1394
0.1148
0.1377
0.1147
0.1425
0.1193
0.1493
0.1431
0.1629
0.1234
0.1979
0.1243
0.1521
0.1196
0.1506
0.119
0.1532
0.1212
0.1518
0.121
0.1507
0.1199
0.1398
0.1145
0.1412
0.1153
0.1375
0.115
0.1405
0.1168
0.1413
0.116
0.1438
0.1173
0.1411
0.1162
0.1409
0.1156
0.1402
0.1156
0.1397
0.1153
0.1469
0.116
0.1393
0.1155
0.1402
0.1138
0.1334
0.1105
0.138
0.114
0.1349
0.1141
0.1379
0.1141
0.1366
0.1147
0.1397
0.1151
0.1657
0.1203
0.1514
0.1185
0.157
0.1239
0.1526
0.1209
0.1498
0.1204
0.1522
0.119
0.1539
0.1196
0.1586
0.124
0.1446
0.1183
0.1453
0.1183
0.1473
0.1179
0.1451
0.1173
0.1501
0.1182
0.1437
0.1176
0.1424
0.1157
0.1447
0.1182
0.1465
0.1182
0.1467
0.1173
0.1528
0.1195
0.1444
0.1159
0.1363
0.1132
0.1375
0.1134
0.1348
0.1129
0.1344
0.1127
0.1363
0.1139
0.1372
0.1131
0.1399
0.1134
0.1417
0.1126
0.1452
0.1192
0.1374
0.116
0.1402
0.115
0.142
0.1167
0.189
0.1222
0.1513
0.1183
0.1766
0.1212
0.2147
0.1914
0.1672
0.1218
0.141
0.1272
0.145
0.122
0.1556
0.1202
0.1809
0.1228
0.1694
0.1209
0.147
0.1234
0.142
0.1197
0.1441
0.1181
0.1771
0.121
0.1492
0.1168
0.1462
0.1163
0.1499
0.12
0.1495
0.1182
0.1481
0.1193
0.149
0.1188
0.1364
0.1124
0.1398
0.116
0.1393
0.1164
0.1389
0.1188
0.1392
0.1153
0.1562
0.1193
0.1396
0.1173
0.139
0.1147
0.1398
0.1091
0.144
0.116
0.1454
0.1184
0.1543
0.1187
0.1477
0.1209
0.1547
0.1209
0.1403
0.1139
0.1372
0.1132
0.1358
0.1151
0.137
0.1143
0.1366
0.1134
0.1412
0.1156
0.142
0.1168
0.1438
0.1158
0.1496
0.1259
0.1434
0.116
0.1427
0.1183
0.1432
0.1165
0.146
0.1171
0.147
0.1175
0.1506
0.1188
0.161
0.124
0.1431
0.1163
0.1438
0.1177
0.1455
0.1163
0.1432
0.1173
0.1382
0.1152
0.1404
0.1148
0.1387
0.1165
0.1405
0.1158
0.1408
0.116
0.1413
0.1178
0.1473
0.118
0.1345
0.1079
0.1397
0.1126
0.1369
0.1134
0.1863
0.1189
0.147
0.1202
0.1554
0.1188
0.1413
0.1173
0.1384
0.1137
0.1384
0.1156
0.1401
0.1171
0.1366
0.1135
0.1413
0.1159
0.1448
0.1162
0.1403
0.117
0.1458
0.1182
0.1483
0.1201
0.1403
0.1165
0.1412
0.116
0.1444
0.1165
0.1355
0.1132
0.1379
0.1158
0.14
0.115
0.137
0.1146
0.1372
0.1398
0.14
0.1159
0.1411
0.12
0.1423
0.1163
0.144
0.1165
0.1402
0.114
0.151
0.116
0.1395
0.115
0.1407
0.1161
0.155
0.119
0.1626
0.1192
0.147
0.1154
0.143
0.1171
0.1439
0.1184
0.1472
0.1174
0.1476
0.1188
0.1539
0.1217
0.1491
0.119
0.1486
0.1191
0.1418
0.1185
0.1403
0.1145
0.1422
0.1164
0.1452
0.1167
0.1417
0.1165
0.1493
0.1192
0.1536
0.12
0.1589
0.1221
0.1505
0.1202
0.1432
0.1181
0.1397
0.1152
0.1398
0.1157
0.1355
0.113
0.1347
0.1125
0.1373
0.1131
0.1378
0.1146
0.1398
0.1149
0.1557
0.1201
0.1419
0.1163
0.1664
0.1222
0.1502
0.1182
0.1571
0.1219
0.1382
0.1151
0.1373
0.114
0.1337
0.1109
0.1398
0.1403
0.1399
0.1149
0.1418
0.1157
0.1416
0.1158
0.1398
0.114
0.1412
0.1156
0.1386
0.1158
0.1378
0.1137
0.1393
0.1141
0.1366
0.1139
0.1366
0.1124
0.1379
0.1147
0.1371
0.1135
0.14
0.116
0.1405
0.1173
0.1372
0.1342
0.1582
0.12
0.1432
0.117
0.1398
0.1153
0.1372
0.1162
0.1396
0.1153
0.1379
0.1162
0.1404
0.1146
0.1396
0.1156
0.1381
0.1139
0.1361
0.1147
0.1412
0.1157
0.1367
0.1158
0.1417
0.1154
0.1609
0.1175
0.1471
0.1149
0.1376
0.1152
0.1363
0.109
0.1407
0.1136
0.1552
0.1188
0.1447
0.1151
0.1546
0.1202
0.1618
0.1237
0.1494
0.1265
0.1401
0.1164
0.1414
0.117
0.1677
0.1244
0.1455
0.1167
0.139
0.1213
0.14
0.1198
0.2108
0.1886
0.2319
0.1655
0.1415
0.1217
0.1398
0.1161
0.1503
0.1181
0.1675
0.1228
0.1533
0.1273
0.2049
0.1214
0.2032
0.1229
0.2083
0.123
0.1718
0.1167
0.1839
0.151
0.1398
0.1158
0.2005
0.1709
0.1514
0.1199
0.1473
0.1187
0.2131
0.1894
0.1597
0.124
0.1418
0.1167
0.145
0.1178
0.1556
0.1174
0.1459
0.1205
0.1411
0.1151
0.1467
0.1168
0.2103
0.172
0.1439
0.1237
0.1403
0.1145
0.1396
0.1215
0.1397
0.1142
0.1381
0.1164
0.1469
0.1237
0.1413
0.1169
0.1422
0.1178
0.2262
0.1913
0.1497
0.1225
0.1634
0.1222
0.1464
0.1175
0.161
0.1211
0.1592
0.1204
0.1811
0.1216
0.1915
0.1209
0.1666
0.1384
0.2078
0.1775
0.1578
0.1207
0.1659
0.1199
0.1441
0.1146
0.1426
0.1228
0.1499
0.1222
0.1516
0.1184
0.1643
0.1208
0.1491
0.1176
0.1437
0.1152
0.1403
0.1156
0.1544
0.1295
0.1417
0.1235
0.1716
0.1175
0.1615
0.1292
0.2237
0.197
0.1493
0.1169
0.1446
0.1182
0.1694
0.1294
0.151
0.1239
0.1574
0.1192
0.1431
0.1166
0.1411
0.1153
0.1437
0.1146
0.1432
0.1152
0.146
0.1156
0.1644
0.1225
0.15
0.1207
0.1634
0.1213
0.1533
0.1181
0.1552
0.1177
0.1504
0.1168
0.1533
0.1238
0.2109
0.1872
0.1779
0.124
0.1485
0.1274
0.1428
0.1161
0.1622
0.1264
0.1484
0.12
0.1608
0.1202
0.2347
0.1944
0.1624
0.1207
0.2072
0.1251
0.1548
0.1185
0.1584
0.1177
0.1773
0.1518
0.1427
0.1159
0.1524
0.1179
0.1806
0.1669
0.1589
0.1184
0.1673
0.1256
0.2015
0.1488
0.1678
0.1465
0.1372
0.1624
0.1479
0.1303
0.1615
0.1169
0.1899
0.1214
0.1461
0.1178
0.1416
0.1252
0.1564
0.125
0.1482
0.1193
0.1479
0.1177
0.1483
0.1199
0.2127
0.1865
0.1446
0.1179
0.1484
0.1181
0.1623
0.1205
0.1447
0.1294
0.1499
0.1247
0.1503
0.1176
0.1679
0.1272
0.1503
0.1203
0.1436
0.1152
0.1841
0.1182
0.1407
0.1146
0.1403
0.1273
0.1424
0.1173
0.1428
0.1143
0.1933
0.1779
0.1555
0.1258
0.142
0.1159
0.1434
0.118
0.139
0.1139
0.142
0.1167
0.1411
0.1181
0.1538
0.1139
0.146
0.115
0.1356
0.1148
0.1371
0.1138
0.1432
0.1176
0.1461
0.1203
0.1371
0.1156
0.1402
0.1165
0.1371
0.1177
0.1363
0.1168
0.1461
0.121
0.2146
0.192
0.1453
0.1146
0.1437
0.1165
0.1426
0.1221
0.1679
0.1182
0.2145
0.1891
0.179
0.1236
0.1647
0.1226
0.1474
0.1238
0.1464
0.1454
0.1525
0.1166
0.1425
0.1163
0.1383
0.1177
0.1401
0.1147
0.1366
0.1105
0.1421
0.1157
0.1425
0.1176
0.1445
0.1192
0.1407
0.1197
0.206
0.1816

-------------------------------------
CodechalDecodeHevcG12::SetFrameStates
-------------------------------------
0.8055
1.0184
5.8256
4.4034
0.5337
0.0975
0.5269
0.4781
0.0332
0.0321
0.0311
0.0325
0.0315
0.0324
0.0316
0.0326
0.0334
0.032
0.0322
0.0387
0.0343
0.0385
0.039
0.0459
0.0348
0.0331
0.0331
0.031
0.0307
0.0334
0.0381
0.033
0.0388
0.0245
0.0337
0.0314
0.0324
0.0327
0.0344
0.0347
0.0331
0.0337
0.0361
0.0323
0.0324
0.031
0.0312
0.0314
0.0313
0.0307
0.0306
0.0308
0.0318
0.0307
0.031
0.031
0.031
0.032
0.0314
0.0313
0.0309
0.0307
0.0313
0.0316
0.0311
0.0314
0.0212
0.0322
0.0316
0.0379
0.0336
0.0325
0.0314
0.0316
0.0311
0.0317
0.0314
0.0326
0.0301
0.0312
0.031
0.032
0.0303
0.0313
0.0317
0.0315
0.0305
0.0323
0.0311
0.0313
0.0316
0.0321
0.0305
0.0312
0.0322
0.0316
0.0309
0.0314
0.0311
0.0218
0.0321
0.0377
0.0334
0.0329
0.0319
0.0328
0.0315
0.0305
0.0315
0.0315
0.0403
0.0315
0.0305
0.0316
0.0307
0.0313
0.0311
0.0309
0.0386
2.2594
0.0369
3.3899
0.0363
0.0386
0.037
0.0316
0.0387
0.0344
0.0321
0.0314
0.0319
0.0314
0.0215
0.0312
0.0314
0.0385
0.0344
0.0331
0.0322
0.0349
0.031
0.032
0.0312
0.0308
0.0317
0.0309
0.0311
0.0307
0.0312
0.0315
0.0322
0.0322
0.0321
0.0311
0.0391
0.0519
0.0344
0.0319
0.0371
0.0437
0.0386
0.0358
0.0495
0.0466
0.0338
0.0303
0.045
0.0391
0.0496
0.041
0.0361
0.0353
0.0341
0.0336
0.0316
0.0316
0.0321
0.0315
0.0315
0.032
0.0315
0.0418
0.0344
0.0325
0.0317
0.0319
0.0307
0.0316
0.0311
0.0317
0.0314
0.0327
0.0315
0.0314
0.0304
0.0315
0.0305
0.0324
0.0248
0.0322
0.0316
0.031
0.0308
0.0308
0.0313
0.031
0.0302
0.0313
0.0316
0.0322
0.0319
0.0426
0.0415
0.0352
0.0339
0.0332
0.0336
0.0337
0.0309
0.0311
0.0313
0.0314
0.0312
0.0318
0.032
0.0312
0.031
0.0315
0.0317
0.0309
0.0322
0.0213
0.0315
0.0303
0.031
0.0303
0.0319
0.0334
0.034
0.036
0.0341
0.0326
0.0332
0.0344
0.0396
0.0317
0.0322
0.0319
0.0324
0.0335
0.0318
0.0324
0.0322
0.032
0.0329
0.0335
0.0334
0.0308
0.031
0.0308
0.0308
0.0305
0.0312
0.0562
0.0234
0.0329
0.0308
0.0314
0.0313
0.0421
0.0349
0.0415
0.0476
0.0343
0.0336
0.0313
0.0362
0.0406
0.0379
0.034
0.0329
0.0321
0.0385
0.0332
0.033
0.0325
0.034
0.0335
0.0339
0.0305
0.0308
0.0305
0.0314
0.0316
0.0309
0.0314
0.0316
0.0225
0.0326
0.0309
0.0328
0.0333
0.0352
0.032
0.0311
0.0315
0.03
0.0301
0.0311
0.0312
0.0323
0.0332
0.0318
0.0321
0.0321
0.0322
0.0378
0.0339
0.0351
0.0323
0.0321
0.032
0.0324
0.031
0.0306
0.0312
0.0319
0.0314
0.0316
0.0379
0.0212
0.0318
0.0309
0.0407
0.0342
0.0378
0.0335
0.0309
0.032
0.0308
0.0309
0.0322
0.0327
0.0319
0.0325
0.033
0.0308
0.0311
0.0315
0.0305
0.0304
0.0312
0.031
0.0308
0.0309
0.0349
0.0309
0.0326
0.0313
0.0308
0.0309
0.0318
0.0334
0.0255
0.0336
0.0317
0.0317
0.0325
0.0331
0.0336
0.0324
0.0326
0.0309
0.0309
0.032
0.0322
0.0317
0.0328
0.0337
0.0346
0.0327
0.0319
0.0313
0.0322
0.0308
0.0301
0.0329
0.0306
0.0313
0.038
0.0327
0.0463
0.035
0.0348
0.031
0.0313
0.0215
0.0317
0.0323
0.0311
0.0317
0.0311
0.0309
0.0313
0.0308
0.0315
0.0314
0.0309
0.0313
0.0311
0.0319
0.0315
0.0309
0.0386
0.0329
0.0316
0.0308
0.0318
0.0308
0.0318
0.0312
0.0315
0.0304
0.0314
0.0305
0.032
0.0434
0.032
0.0318
0.0219
0.0399
0.0381
0.0463
0.0348
0.0407
0.0354
0.0335
0.0325
0.0391
0.0375
0.0327
0.0321
0.0451
0.0473
0.033
0.0374
0.0403
0.0412
0.035
0.0361
0.0419
0.0456
0.0438
0.0341
0.0366
0.0452
0.0382
0.0324
0.0473
0.0377
0.0337
0.0346
0.0272
0.0345
0.033
0.0319
0.0598
0.0332
0.032
0.0324
0.0318
0.031
0.0334
0.0332
0.0338
0.0517
0.0356
0.038
0.0337
0.0464
0.0495
0.0475
0.0362
0.0378
0.0449
0.0488
0.0496
0.0357
0.0355
0.0446
0.0345
0.0382
0.0355
0.036
0.0338
0.0262
0.0324
0.0452
0.0326
0.0533
0.0363
0.0446
0.0416
0.034
0.0383
0.034
0.0331
0.0327
0.0429
0.0434
0.0407
0.0344
0.0403
0.0365
0.0366
0.0336
0.0354
0.0484
0.0382
0.0353
0.0324
0.0384
0.0373
0.0403
0.0561
0.0373
0.0584
0.0363
0.0289
0.0401
0.0341
0.0344
0.0492
0.0409
0.0322
0.0404
0.0351
0.0313
0.0323
0.0439
0.0402
0.0339
0.0341
0.0352
0.0466
0.0386
0.0347
0.0511
0.0349
0.0334
0.0377
0.0322
0.0366
0.0355
0.0391
0.0463
0.0439
0.047
0.0338
0.0327
0.0337
0.0239
0.0327
0.0357
0.033
0.0316
0.0309
0.0313
0.0336
0.0386
0.0346
0.0308
0.0317
0.0333
0.0324
0.0316
0.0308
0.0307
0.0308
0.0326
0.0477
0.0412
0.0327
0.032
0.0329
0.0468
0.0477
0.0514
0.035
0.034
0.046
0.0326
0.0316
0.0324
0.0216
0.0328
0.0324
0.0323
0.0319
0.0452

--------------------------
CreateVideoDecoder_D3D11_1
--------------------------
20.2173

---------------------------
DestroyVideoDecoder_D3D11_1
---------------------------
0

----------------
First Frame Time
----------------
65.763

--------------------------------------
VideoDecoderBeginFrame_WDDM2_4_D3D11_1
--------------------------------------
0.0082
0.0035
0.0033
0.0026
0.0021
0.0017
0.0021
0.0017
0.0018
0.002
0.0015
0.0019
0.0016
0.0029
0.0016
0.0019
0.0018
0.0016
0.0017
0.0036
0.0019
0.0028
0.0025
0.0041
0.002
0.0017
0.002
0.0015
0.0025
0.0016
0.0027
0.0019
0.0026
0.0024
0.0019
0.0017
0.0017
0.0017
0.0018
0.0018
0.0017
0.0017
0.003
0.0019
0.0016
0.0016
0.0015
0.0016
0.0015
0.0018
0.0015
0.0016
0.0019
0.0016
0.0017
0.0015
0.0016
0.0018
0.0016
0.0015
0.0015
0.0017
0.0015
0.0025
0.0016
0.0016
0.0019
0.0017
0.0022
0.0026
0.0019
0.002
0.0017
0.0016
0.0016
0.0018
0.0017
0.0021
0.0015
0.0016
0.0016
0.0018
0.0017
0.0018
0.0016
0.0018
0.0017
0.0018
0.0016
0.0018
0.0017
0.0018
0.0015
0.0019
0.0026
0.0017
0.0016
0.0017
0.0015
0.0019
0.0016
0.0027
0.0018
0.0019
0.0018
0.0019
0.0016
0.0016
0.0017
0.0019
0.0019
0.0018
0.0015
0.0017
0.0015
0.0018
0.0016
0.0015
0.003
0.002
0.0024
0.0027
0.0025
0.0028
0.0018
0.0017
0.003
0.0016
0.0018
0.0017
0.002
0.0019
0.0018
0.0015
0.0018
0.0025
0.002
0.0019
0.0018
0.0017
0.0015
0.0032
0.0018
0.0015
0.0019
0.0015
0.0017
0.0017
0.0016
0.0018
0.0018
0.0016
0.0018
0.0018
0.0029
0.0031
0.0027
0.0017
0.0025
0.0019
0.0028
0.0134
0.0029
0.0026
0.0023
0.0025
0.0025
0.0027
0.0026
0.0031
0.0023
0.0023
0.002
0.0025
0.0017
0.0015
0.0016
0.0016
0.0016
0.0017
0.0014
0.0028
0.0021
0.0018
0.0016
0.0018
0.0015
0.0017
0.0015
0.0017
0.0015
0.0018
0.0016
0.0019
0.0014
0.0015
0.0017
0.0016
0.0019
0.0016
0.0016
0.0027
0.0015
0.0017
0.0017
0.0016
0.0015
0.0015
0.0016
0.0018
0.0016
0.0086
0.0036
0.0023
0.0022
0.0018
0.0021
0.0018
0.0017
0.0017
0.0016
0.0016
0.0016
0.0016
0.0018
0.0016
0.0016
0.0016
0.0016
0.0016
0.002
0.0018
0.0016
0.0016
0.0016
0.0016
0.0016
0.0017
0.0016
0.0016
0.0017
0.0019
0.0016
0.0018
0.0041
0.0018
0.0025
0.0016
0.0017
0.0016
0.0018
0.0017
0.0016
0.0016
0.0017
0.0019
0.0022
0.0016
0.0017
0.0017
0.0016
0.0018
0.0016
0.0018
0.002
0.0017
0.0015
0.0016
0.0016
0.0033
0.0023
0.003
0.003
0.0022
0.0019
0.0019
0.0023
0.0039
0.0024
0.0018
0.0017
0.0017
0.0031
0.0019
0.0021
0.0016
0.0018
0.0018
0.0019
0.0016
0.0016
0.0024
0.0016
0.0016
0.0016
0.0016
0.0017
0.0019
0.0016
0.0017
0.0017
0.0018
0.0023
0.0018
0.0016
0.0017
0.0015
0.0016
0.0016
0.0015
0.0017
0.0017
0.0016
0.0017
0.0017
0.0016
0.0037
0.0017
0.0021
0.0018
0.0016
0.0016
0.0016
0.0016
0.0015
0.0016
0.0017
0.0016
0.0016
0.0019
0.0022
0.0017
0.0016
0.0032
0.0019
0.0027
0.0028
0.0018
0.0018
0.0016
0.0016
0.002
0.0019
0.0017
0.0016
0.0018
0.0016
0.0015
0.0016
0.0015
0.0016
0.0023
0.0015
0.0015
0.0016
0.0016
0.0015
0.0021
0.0016
0.0015
0.0015
0.0016
0.0017
0.0017
0.0017
0.0016
0.0017
0.0018
0.0017
0.0017
0.0016
0.0016
0.0017
0.0017
0.0016
0.0015
0.0016
0.0016
0.0016
0.0017
0.0016
0.0018
0.0016
0.0019
0.0015
0.0015
0.0015
0.0015
0.0015
0.0026
0.0022
0.0018
0.0022
0.002
0.0017
0.0016
0.0018
0.0018
0.0018
0.0018
0.0017
0.0016
0.0016
0.0016
0.0015
0.0019
0.0016
0.0017
0.0016
0.0017
0.0017
0.0016
0.0019
0.0027
0.0018
0.002
0.0017
0.0018
0.0016
0.0018
0.0016
0.0017
0.0014
0.0018
0.0016
0.0016
0.0026
0.0018
0.0016
0.0019
0.0017
0.0026
0.0018
0.0022
0.0028
0.002
0.0019
0.0018
0.0027
0.0019
0.0019
0.0017
0.0024
0.0024
0.002
0.0016
0.0019
0.0028
0.002
0.0019
0.0019
0.0019
0.0017
0.0025
0.0017
0.0018
0.0019
0.0019
0.0015
0.0021
0.0019
0.0024
0.0027
0.002
0.002
0.0019
0.0028
0.002
0.0017
0.002
0.0018
0.0016
0.0017
0.0015
0.004
0.0035
0.002
0.0021
0.0016
0.0016
0.0025
0.0018
0.0019
0.0017
0.0019
0.0039
0.0028
0.0022
0.0018
0.0019
0.0019
0.0027
0.002
0.0018
0.0022
0.002
0.0019
0.0025
0.0018
0.0034
0.0023
0.002
0.0034
0.0019
0.003
0.0019
0.0018
0.0016
0.0018
0.0017
0.0026
0.002
0.0026
0.0021
0.0027
0.0018
0.0026
0.0024
0.0027
0.0019
0.0018
0.003
0.0018
0.0034
0.0033
0.0023
0.0034
0.0024
0.0026
0.0024
0.0022
0.002
0.0018
0.0019
0.0017
0.0019
0.0021
0.0018
0.0018
0.0019
0.0028
0.0019
0.0018
0.0017
0.0019
0.0016
0.0017
0.0022
0.0018
0.0017
0.0018
0.0015
0.0019
0.0024
0.0029
0.002
0.0022
0.0025
0.002
0.0017
0.002
0.0023
0.0016
0.0023
0.0018
0.0019
0.0017
0.0017
0.0016
0.0023
0.0016
0.0016
0.0016
0.0016
0.0016
0.0014
0.0016
0.0017
0.0015
0.0015
0.003
0.0029
0.0017
0.0017
0.0018
0.0029
0.0028
0.0031
0.0024
0.0019
0.0025
0.0019
0.0017
0.0018
0.002
0.002
0.0016
0.0021
0.0016
0.0025

----------------------------
VideoDecoderEndFrame_D3D11_1
----------------------------
0.046
0.069
0.0544
0.0624
0.0583
0.0628
0.062
0.0623
0.0621
0.0626
0.0623
0.0642
0.0638
0.0634
0.0629
0.0632
0.0644
0.0689
0.0629
0.0573
0.0631
0.0616
0.0613
0.0634
0.0543
0.0561
0.0523
0.0508
0.0519
0.0712
0.0528
0.0826
0.0546
0.0533
0.0533
0.0548
0.0541
0.0546
0.0572
0.055
0.0562
0.056
0.0589
0.0539
0.0546
0.0514
0.0537
0.0528
0.0556
0.0513
0.0515
0.051
0.0516
0.0518
0.0517
0.0519
0.0514
0.0508
0.0515
0.0516
0.0514
0.0514
0.0513
0.053
0.0517
0.0514
0.051
0.052
0.055
0.0623
0.0531
0.051
0.0511
0.0509
0.0513
0.0511
0.0516
0.0523
0.0499
0.0503
0.0515
0.0509
0.0511
0.0503
0.0505
0.0513
0.0501
0.0518
0.0504
0.0515
0.0508
0.0507
0.0503
0.051
0.0532
0.0512
0.0509
0.0509
0.0501
0.0513
0.0513
0.0544
0.0533
0.0532
0.0516
0.052
0.0526
0.0515
0.0515
0.0517
0.0511
0.0519
0.051
0.051
0.0524
0.0507
0.0506
0.0511
0.0546
0.0538
0.0814
0.0546
0.0841
0.1021
0.0515
0.0512
0.0598
0.0513
0.0512
0.0523
0.0521
0.0518
0.0526
0.0542
0.0513
0.0583
0.0551
0.0527
0.0504
0.0506
0.0519
0.0546
0.0519
0.0519
0.0523
0.0519
0.0498
0.0515
0.0531
0.0518
0.0518
0.0499
0.0513
0.0503
0.0834
0.0748
0.0518
0.0506
0.0619
0.0509
0.0668
0.0522
0.0717
0.0632
0.0513
0.0847
0.0753
0.057
0.0698
0.0572
0.056
0.0614
0.0651
0.0539
0.0554
0.0552
0.0522
0.0534
0.0544
0.0523
0.0685
0.0599
0.0535
0.0539
0.0521
0.0531
0.0521
0.0509
0.0519
0.0524
0.051
0.0512
0.0538
0.0527
0.0541
0.0528
0.0525
0.0541
0.0534
0.0526
0.0544
0.055
0.0525
0.0517
0.0544
0.0525
0.0539
0.0527
0.0544
0.0545
0.0567
0.0653
0.0597
0.055
0.0558
0.0565
0.0573
0.0541
0.0545
0.0528
0.0533
0.0528
0.0535
0.0556
0.0538
0.0525
0.0529
0.0527
0.0524
0.0526
0.0538
0.0525
0.0535
0.0521
0.0534
0.0537
0.0535
0.0562
0.0558
0.0571
0.056
0.055
0.0841
0.0554
0.0576
0.055
0.0533
0.0534
0.0535
0.0533
0.0543
0.0534
0.0534
0.0553
0.0567
0.0554
0.054
0.0518
0.0514
0.0513
0.0522
0.054
0.0531
0.0521
0.0543
0.0552
0.0538
0.0538
0.0569
0.0584
0.0534
0.0574
0.0797
0.0723
0.0636
0.0659
0.0563
0.058
0.0559
0.0587
0.0533
0.0534
0.058
0.0551
0.0546
0.0554
0.0544
0.0563
0.0571
0.0536
0.0526
0.0532
0.0531
0.0537
0.0542
0.0565
0.0543
0.0529
0.0532
0.0533
0.0552
0.0566
0.0597
0.0527
0.0529
0.0527
0.0532
0.0531
0.0529
0.053
0.0547
0.0568
0.0529
0.0536
0.0532
0.0549
0.0586
0.0538
0.0568
0.0547
0.0544
0.0537
0.0551
0.0541
0.0521
0.0516
0.0533
0.0541
0.0539
0.0541
0.05
0.0532
0.0527
0.0599
0.0581
0.0589
0.0559
0.0547
0.0524
0.0545
0.0527
0.0545
0.0528
0.0526
0.0538
0.0577
0.0528
0.0544
0.0531
0.0522
0.0531
0.0535
0.053
0.0536
0.0523
0.0532
0.0553
0.0535
0.0535
0.0537
0.0538
0.0552
0.0544
0.0561
0.0562
0.0551
0.053
0.0547
0.0546
0.0558
0.0551
0.058
0.0528
0.0562
0.0543
0.0538
0.0541
0.0559
0.056
0.0575
0.0571
0.0525
0.053
0.052
0.0525
0.0531
0.0535
0.0534
0.0507
0.0538
0.0509
0.0545
0.0548
0.0569
0.0504
0.052
0.0513
0.0511
0.051
0.0521
0.0528
0.0518
0.0518
0.0514
0.0523
0.0518
0.0513
0.0524
0.0528
0.0504
0.0524
0.0518
0.0518
0.0585
0.0533
0.0518
0.0513
0.0507
0.0498
0.052
0.0516
0.0505
0.0503
0.0508
0.0611
0.0619
0.0506
0.0527
0.0508
0.0507
0.06
0.0548
0.0512
0.052
0.0543
0.0531
0.0561
0.0569
0.0569
0.0545
0.0724
0.0514
0.0691
0.0667
0.0559
0.0508
0.0501
0.0556
0.0517
0.0522
0.0522
0.0519
0.0525
0.0547
0.0564
0.0741
0.052
0.0512
0.07
0.053
0.0523
0.0616
0.0611
0.0528
0.0514
0.0503
0.079
0.0519
0.0573
0.0553
0.0522
0.0648
0.0555
0.0535
0.0534
0.0669
0.0521
0.0518
0.052
0.0552
0.0658
0.0539
0.0722
0.0904
0.078
0.0543
0.0573
0.0521
0.0631
0.0528
0.0539
0.0546
0.0526
0.0508
0.0551
0.0632
0.0588
0.0527
0.0579
0.0771
0.0814
0.0635
0.0581
0.0567
0.059
0.0526
0.0509
0.0628
0.0698
0.0671
0.054
0.0534
0.0544
0.0521
0.0538
0.0525
0.0554
0.0764
0.0744
0.0548
0.0619
0.0539
0.0639
0.0655
0.0746
0.0586
0.0673
0.0626
0.0651
0.0901
0.0823
0.0598
0.0672
0.0528
0.0649
0.0627
0.056
0.0626
0.065
0.0621
0.0587
0.0593
0.0673
0.0647
0.0519
0.0679
0.0552
0.074
0.0536
0.053
0.0532
0.0517
0.0684
0.053
0.0667
0.0664
0.0531
0.0524
0.065
0.052
0.0687
0.055
0.0704
0.0575
0.0552
0.0547
0.0615
0.0642
0.0608
0.0615
0.053
0.0541
0.0531
0.0547
0.0551
0.0531
0.0551
0.0551
0.0533
0.054
0.0793
0.058
0.0546
0.0632
0.0583
0.0752
0.0592
0.0581
0.0579
0.0563
0.0609
0.0531
0.0546
0.0533
0.0533
0.0526
0.0529
0.0586
0.055
0.0801

---------------------------------
VideoDecoderSubmitBuffers_D3D11_1
---------------------------------
7.2393
15.4108
6.8088
5.3403
5.7589
0.7401
1.0835
0.9766
0.8503
0.8016
0.9165
0.8469
0.9245
0.8594
0.897
0.8314
0.5508
0.5407
0.8778
0.7812
0.8997
0.8105
0.6686
0.6794
0.4064
0.3833
0.4011
0.3703
0.3734
0.6319
0.4231
0.3856
0.4242
0.3731
0.388
0.3741
0.3892
0.3894
0.4281
0.4091
0.4028
0.4016
0.4328
0.388
0.3877
0.374
0.3726
0.3745
0.3718
0.3681
0.3747
0.372
0.3762
0.3687
0.3699
0.3666
0.3685
0.3779
0.3731
0.3737
0.3739
0.3705
0.3728
0.3757
0.3705
0.3754
0.3584
0.3777
0.3813
0.4317
0.3931
0.3812
0.4782
0.7595
0.805
0.7028
0.3773
0.3794
0.3681
0.3696
0.6255
0.3819
0.6916
0.7612
0.7718
0.7466
0.8049
0.7645
0.7932
0.7612
0.3814
0.5294
0.819
0.799
0.8137
0.754
0.7914
0.7654
0.7159
0.3649
0.5878
0.7785
0.613
0.3879
0.379
0.389
0.3818
0.3701
0.574
0.7426
0.723
0.7501
0.8038
0.743
0.7947
0.7628
0.8049
0.7613
0.4998
2.6969
2.3737
3.8311
0.4211
0.4382
0.4277
0.7938
0.4396
0.401
0.7248
0.7873
0.387
0.381
0.3576
0.3737
0.3744
1.3019
0.3946
0.389
0.3892
0.3866
0.3737
0.3835
0.3755
0.3736
0.3717
0.372
0.3712
0.3728
0.3732
0.3749
0.3817
0.3733
0.3756
0.3733
0.4466
0.6079
0.395
0.3802
0.5967
0.6885
0.454
0.4152
0.797
0.5807
0.4033
0.5517
0.5812
0.4406
0.5584
0.4731
0.4108
0.7176
0.3991
0.3936
0.3778
0.379
0.3754
0.3798
0.3822
0.3841
0.3919
0.596
0.3971
0.3839
0.3754
0.3842
0.3723
0.3791
0.3711
0.3887
0.3766
0.4066
0.3834
0.3856
0.3761
0.3787
0.3803
0.3905
0.375
0.3898
0.3812
0.3835
0.3705
0.3733
0.3822
0.3777
0.3693
0.3788
0.3806
0.3891
0.4216
0.4638
0.5025
0.4083
0.4034
0.4069
0.407
0.4012
0.3723
0.3785
0.3712
0.3779
0.3769
0.3854
0.3794
0.377
0.3767
0.3778
0.388
0.3754
0.383
0.3587
0.377
0.366
0.3734
0.3718
0.3822
0.4226
0.4066
0.4252
0.4052
0.3988
0.4019
0.413
0.4272
0.3877
0.3891
0.3913
0.3898
0.3985
0.3884
0.383
0.3887
0.3912
0.3925
0.4055
0.3962
0.3681
0.3707
0.3673
0.3663
0.3681
0.3702
0.4067
0.3781
0.3959
0.3708
0.376
0.3806
0.485
0.4092
0.4654
0.5998
0.4224
0.3964
0.393
0.4225
0.4736
0.4494
0.4033
0.3903
0.3901
0.459
0.3984
0.392
0.3991
0.4001
0.4005
0.3999
0.3746
0.3741
0.374
0.3783
0.3753
0.3954
0.3786
0.378
0.3701
0.3894
0.3856
0.4032
0.3999
0.4202
0.382
0.372
0.3724
0.3689
0.3693
0.3785
0.3851
0.3858
0.4102
0.3831
0.3846
0.3842
0.3893
0.4027
0.4008
0.4233
0.3852
0.3855
0.3858
0.3882
0.3739
0.3738
0.3772
0.3822
0.3798
0.3831
0.4048
0.3614
0.3806
0.3721
0.4764
0.4021
0.4285
0.3891
0.3742
0.376
0.378
0.3716
0.3879
0.3962
0.3896
0.3921
0.398
0.3796
0.3814
0.386
0.3694
0.3742
0.3771
0.3738
0.404
0.378
0.3965
0.3971
0.3949
0.3808
0.3915
0.3817
0.3821
0.4076
0.4249
0.3948
0.3876
0.3862
0.3983
0.3994
0.4116
0.4004
0.3999
0.3843
0.3786
0.3851
0.3929
0.3869
0.4007
0.4111
0.4206
0.4047
0.3867
0.3809
0.3869
0.3692
0.3666
0.3728
0.3738
0.3821
0.4332
0.3853
1.3484
0.4071
0.4172
0.3736
0.3746
0.3588
0.4047
0.3824
0.3773
0.3843
0.3742
0.3773
0.3754
0.372
0.3784
0.3718
0.371
0.3737
0.3731
0.3819
0.3789
0.3916
0.4308
0.3879
0.3992
0.7903
0.7471
0.7883
0.7387
0.7764
0.7403
0.8158
0.7808
0.8041
0.7771
0.8041
0.7054
0.6997
0.3629
0.3933
0.5991
0.756
0.4503
0.4426
0.4118
0.3906
0.385
0.448
0.3985
0.3946
0.3859
0.5761
0.5922
0.4471
0.7538
0.6703
0.6355
0.4165
0.5112
0.727
0.6922
0.6747
0.6494
0.6543
0.8537
0.606
0.6867
0.944
0.4551
0.688
0.5257
0.4207
0.3977
0.3859
0.3908
0.5771
0.396
0.3859
0.3904
0.3815
0.414
0.7931
0.7453
0.7628
0.6156
0.4091
0.4409
0.7574
0.7731
0.6804
0.7613
0.7439
0.7079
0.8577
0.4548
0.618
0.6389
0.7724
0.6676
0.7411
0.4454
0.412
0.7064
0.3936
0.4249
0.393
0.442
0.4215
0.6328
0.4099
0.5561
0.4583
0.4132
0.435
0.3933
0.6204
0.7872
0.6761
0.7245
0.6913
0.7884
0.7287
0.7529
0.7184
0.7681
0.7464
0.922
0.4669
0.418
0.505
0.4437
0.5115
0.6734
0.8804
0.5359
0.667
0.4133
0.424
0.4938
0.3983
0.41
0.5126
0.7027
0.7269
0.5093
0.4583
0.4398
0.4243
0.4922
0.7538
0.7457
0.8096
0.8169
0.7605
0.8313
0.399
0.9309
0.4018
0.3996
0.6918
0.791
0.7513
0.7554
0.4598
0.4405
0.7225
0.7166
0.6905
0.7451
0.3903
0.3828
0.5105
0.4162
0.3848
0.3885
0.3776
0.3845
0.462
0.4241
0.388
0.3721
0.3763
0.3842
0.3938
0.3744
0.3749
0.3751
0.3788
0.3898
0.6178
0.4103
0.387
0.3915
0.4114
0.5967
0.4727
0.458
0.4045
0.4283
0.4262
0.383
0.3823
0.3861
0.3648
0.3975
0.3889
0.3925
0.387
0.5704

