--------------------------
CreateVideoDecoder_D3D11_1
--------------------------
19.6728
14.0047
13.5387

---------------------------
DestroyVideoDecoder_D3D11_1
---------------------------
13.069
12.5512
0

----------------
First Frame Time
----------------
0

----------------------------
VideoDecoderEndFrame_D3D11_1
----------------------------
0.0044
0.0029
0.003
0.0026
0.0024
0.0017
0.0024
0.0024
0.0026
0.0028
0.0028
0.0024
0.0022
0.0043
0.0026
0.0023
0.0024
0.0021
0.0024
0.0044
0.0019
0.0024
0.002
0.002
0.0023
0.002
0.0025
0.0021
0.0042
0.0023
0.0015
0.0014
0.0017
0.0022
0.0013
0.0016
0.0011
0.0011
0.0019
0.002
0.0022
0.002
0.004
0.0026
0.0019
0.0022
0.002
0.002
0.0022
0.002
0.002
0.0022
0.0022
0.0022
0.002
0.0019
0.0023
0.002
0.0019
0.0021
0.0019
0.002
0.0023
0.004
0.0021
0.0021
0.002
0.0021
0.002
0.0019
0.0018
0.002
0.0022
0.0019
0.002
0.0023
0.0019
0.0019
0.0023
0.0022
0.0022
0.0024
0.002
0.0021
0.002
0.002
0.0021
0.0021
0.0024
0.0019
0.002
0.0022
0.002
0.0022
0.0048
0.0023
0.0027
0.0025
0.0032
0.0023
0.0023
0.0025
0.0026
0.0027
0.0029
0.0021
0.002
0.0028
0.0018
0.002
0.0024
0.0019
0.002
0.0022
0.0022
0.0022
0.0024
0.002
0.0021
0.0022
0.0021
0.0022
0.0022
0.0023
0.0023
0.0194
0.0022
0.0019
0.002
0.0025
0.002
0.002
0.0024
0.002
0.0025
0.0027
0.0025
0.0025
0.002
0.0022
0.0024
0.0043
0.0023
0.002
0.002
0.0025
0.002
0.0023
0.0024
0.0021
0.002
0.0023
0.0021
0.0024
0.0019
0.0019
0.0022
0.0021
0.0019
0.0023
0.002
0.0023
0.0021
0.002
0.0024
0.002
0.0021
0.0023
0.0022
0.003
0.0024
0.002
0.0026
0.0025
0.0022
0.0027
0.0021
0.0022
0.0024
0.002
0.002
0.0022
0.002
0.0024
0.0019
0.0022
0.0022
0.0019
0.0022
0.0023
0.0026
0.0021
0.0021
0.002
0.0022
0.0019
0.0022
0.002
0.0019
0.0021
0.002
0.002
0.0023
0.0021
0.0026
0.002
0.0019
0.0022
0.002
0.0022
0.0021
0.0047
0.0019
0.0023
0.0019
0.0024
0.0021
0.0019
0.0023
0.0022
0.0019
0.0025
0.0024
0.0022
0.002
0.002
0.0025
0.002
0.002
0.0024
0.0023
0.0022
0.0021
0.0021
0.0024
0.0019
0.002
0.0023
0.002
0.0019
0.0022
0.0021
0.0023
0.0021
0.0019
0.0023
0.0019
0.002
0.0024
0.0023
0.0022
0.0021
0.002
0.0024
0.0021
0.0021
0.0024
0.0021
0.003
0.0021
0.0019
0.0024
0.002
0.002
0.0024
0.0022
0.0024
0.0021
0.0023
0.002
0.002
0.002
0.0023
0.002
0.0022
0.0021
0.0019
0.0026
0.002
0.0021
0.0022
0.002
0.002
0.0022
0.002
0.0022
0.0019
0.002
0.0023
0.002
0.0021
0.0022
0.002
0.0022
0.0019
0.002
0.0027
0.0022
0.002
0.0026

