---------------------------------------------
CalcPrivateVideoDecoderOutputViewSize_D3D11_1
---------------------------------------------
0.002
0.0017
0.0013
0.0015
0.0027
0.0008
0.0034
0.001
0.0007
0.0016
0.0025
0.0019
0.0009
0.0029
0.001
0.001
0.0016
0.001
0.0009
0.0033
0.0008
0.0007
0.0009
0.001
0.0009
0.0008
0.0007
0.0006
0.0033
0.001
0.0008
0.001
0.0008
0.0013
0.001
0.0008
0.0016
0.0008
0.0007
0.0006
0.0008
0.0007
0.0029
0.0008
0.0012
0.0011
0.0006
0.0007
0.002
0.0013
0.0008
0.0006
0.0007
0.0006
0.0007
0.0007
0.0006
0.0006
0.0007
0.0006
0.0008
0.0006
0.0006
0.0023
0.0007
0.0008
0.0006
0.0009
0.0006
0.0006
0.0005
0.0005
0.0005
0.0008
0.0006
0.0005
0.0007
0.0006
0.0006
0.0005
0.0006
0.0005
0.0005
0.0006
0.0008
0.0006
0.0006
0.0006
0.0016
0.0006
0.0005
0.0006
0.0005
0.0006
0.0024
0.0005
0.0005
0.0006
0.0006
0.0006
0.0005
0.0006
0.0006
0.0008
0.0006
0.0005
0.0008
0.0006
0.0006
0.0006
0.0006
0.0005
0.0005
0.0006
0.0005
0.0006
0.0005
0.0008
0.0006
0.0006
0.0006
0.0008
0.0009
0.0005
0.0005
0.0005
0.0005
0.0005
0.0005
0.0006
0.0007
0.0005
0.0006
0.0005
0.0005
0.0006
0.0007
0.0005
0.0007
0.0006
0.0006
0.0035
0.001
0.0006
0.0006
0.0006
0.0008
0.0006
0.0006
0.0005
0.0007
0.0008
0.0006
0.0005
0.0008
0.0009
0.0006
0.0006
0.0005
0.0005
0.0006
0.0006
0.0006
0.0011
0.0006
0.0007
0.0007
0.0006
0.0006
0.0008
0.0006
0.0006
0.0007
0.0005
0.0006
0.0006
0.0018
0.0006
0.0006
0.0006
0.0005
0.0006
0.0006
0.0008
0.0006
0.0005
0.0005
0.0005
0.0006
0.0006
0.0009
0.0005
0.0005
0.0006
0.0006
0.0006
0.0005
0.0006
0.0006
0.0006
0.0006
0.0006
0.0005
0.0006
0.0005
0.0005
0.0006
0.0006
0.0006
0.0006
0.0006
0.0031
0.0005
0.0006
0.0006
0.0006
0.0006
0.0006
0.0006
0.0006
0.0005
0.0007
0.0006
0.0006
0.0005
0.0005
0.0006
0.0006
0.0005
0.0014
0.0006
0.0006
0.0006
0.0006
0.0006
0.0006
0.0006
0.0006
0.0005
0.0005
0.0006
0.0006
0.0005
0.0006
0.0006
0.0006
0.0006
0.0005
0.0006
0.0005
0.0006
0.0005
0.0006
0.0006
0.0005
0.0012
0.0014
0.0013
0.0012
0.0009
0.0007
0.0006
0.0006
0.0006
0.0007
0.0005
0.0006
0.0006
0.0006
0.0006
0.0007
0.0007
0.0007
0.0009
0.0005
0.0005
0.0006
0.0005
0.0006
0.0005
0.0006
0.0007
0.0006
0.0005
0.0014
0.0006
0.0007
0.0007
0.0006
0.0009
0.0008
0.0006
0.0005
0.0005
0.0006
0.0006
0.0006
0.0006
0.0007
0.0005
0.0006
0.001
0.0013
0.0012
0.0015
0.0018
0.001
0.001
0.0006
0.0006
0.0017
0.0009
0.0014
0.0009
0.001
0.0007
0.0058
0.001
0.001
0.0012
0.0008
0.0008
0.001
0.0009
0.001
0.001
0.0009
0.0008
0.0009
0.0008
0.0006
0.0011
0.001
0.0008
0.001
0.0009
0.0006
0.001
0.0009
0.001
0.0009
0.0017
0.0014
0.0009
0.0011
0.0008
0.0013
0.0011
0.001
0.0011
0.0009
0.0006
0.0005
0.0006
0.0006
0.0006
0.0006
0.0006
0.0007
0.0007
0.0006
0.0007
0.0006
0.0007
0.0007
0.0018
0.0011
0.0012
0.001
0.0017
0.0007
0.0009
0.0006
0.001
0.0013
0.0009
0.0011
0.0015
0.0008
0.0015
0.0013
0.0014
0.001
0.0007
0.0007
0.0006
0.0006
0.0007
0.0005
0.0006
0.0006
0.0007
0.0007
0.0007
0.0007
0.0006
0.0006
0.0006
0.0005
0.0007
0.0005
0.0006
0.0006
0.0007
0.0006
0.0006
0.0007
0.0007
0.0007
0.0005
0.0006
0.0006
0.0005
0.0007
0.0006
0.0006
0.0007
0.0006
0.0006
0.0006
0.0006
0.0007
0.0007
0.0006
0.0006
0.0007
0.0006
0.0007
0.0006
0.0007
0.0006
0.0006
0.0006
0.0005
0.0006
0.0005
0.0007
0.0006
0.0005
0.0008
0.0006
0.0005
0.0006
0.0006
0.0006
0.0008
0.0005
0.0006
0.0006
0.0006
0.0006
0.0007
0.0007
0.0007
0.0006
0.0006
0.0006
0.0006
0.0006
0.0005
0.0006
0.0005
0.0006
0.0006
0.0005
0.0005
0.0007
0.0006
0.0005
0.0006
0.0006
0.0006
0.0006
0.0006
0.0053
0.0006
0.0005
0.0005
0.0005
0.0006
0.0006
0.0006
0.0006
0.0005
0.0006
0.0005
0.0014
0.0011
0.001
0.0013
0.0011
0.0011
0.001
0.0012
0.001
0.0011
0.0008
0.0009
0.0012
0.0009
0.0008
0.0012
0.0009
0.0007
0.0006
0.0008
0.0008
0.0006
0.0006
0.0007
0.0016
0.001
0.0032
0.0011
0.0008
0.001
0.0008
0.0007
0.0017
0.0016
0.0011
0.0007
0.0015
0.0008
0.0015
0.0008
0.001
0.0007
0.0007
0.0006
0.0006
0.0006
0.0006
0.0006
0.0006
0.0006
0.0005
0.0008
0.0005
0.0006
0.0005
0.0006
0.0006
0.0006
0.0006
0.0005
0.0006
0.0006
0.0005
0.0013
0.0006
0.0005
0.0006
0.0005
0.0006
0.0006
0.0005
0.0006
0.0006
0.0006
0.0005
0.0005
0.0005
0.001
0.0006
0.0006
0.0006
0.0006
0.0007
0.0006
0.0005
0.0005
0.0005
0.0006
0.0006
0.0006
0.0006
0.0006
0.0005
0.0005
0.0005
0.0005
0.0006
0.0005
0.0007
0.0006
0.0005
0.0006
0.0005
0.0006
0.0006
0.0006
0.0006
0.0007
0.0006
0.0006
0.0006
0.0005
0.0005
0.0006

-----------------------
CodechalDecode::Execute
-----------------------
7.3402
15.9922
7.477
5.6035
6.5236
6.0839
6.7559
6.5882
6.1192
6.2171
1.7443
0.8446
0.7485
0.8401
0.8781
0.9022
0.5375
0.4928
0.4579
0.4583
0.4488
0.4947
0.4597
0.4538
0.4541
0.4499
0.4588
0.4992
0.4947
0.4964
0.5186
0.5223
0.4899
0.4908
0.4901
0.5406
0.5737
0.4942
0.4933
0.4667
0.4647
0.475
0.4858
0.4922
0.49
0.4716
0.458
0.4826
0.5376
0.4959
0.4602
0.4536
0.4498
0.4507
0.4518
0.4505
0.4518
0.4775
0.4542
0.4526
0.4544
0.437
0.4484
0.4505
0.4777
0.4674
0.464
0.4527
0.4567
0.4666
0.4858
0.4575
0.4606
0.4562
0.4666
0.4615
0.4549
0.4576
0.4678
0.4564
0.4511
0.4737
0.4563
0.4583
0.455
0.4622
0.4596
0.4598
0.4592
0.4537
0.4559
0.4627
0.4651
0.4643
0.4701
0.4526
0.4563
0.4552
0.4541
0.4585
0.4533
0.453
0.4583
0.4573
0.4598
0.4998
0.4581
0.4552
0.457
0.4514
0.4561
0.4625
0.4578
0.4583
0.4545
0.4601
0.4546
0.4529
0.4527
0.4554
0.4577
0.4549
0.4428
0.4662
0.4547
0.4657
0.4546
0.453
0.4519
0.4556
0.4527
0.462
0.4656
0.4537
0.4531
0.4526
0.4549
0.4476
0.4592
0.4579
0.4585
0.4598
0.4566
0.4508
0.4525
0.4511
0.4561
0.4609
0.4539
0.4548
0.4543
0.451
0.4557
0.4839
0.5079
0.4565
0.459
0.456
0.4902
0.4608
0.4562
0.4581
0.4601
0.451
0.4654
0.4573
0.4527
0.4514
0.4546
0.4516
0.4664
0.4597
0.4556
0.4561
0.4549
0.4674
0.4477
0.4551
0.4526
0.4551
0.4675
0.4567
0.4542
0.4481
0.4618
0.454
0.4636
0.4544
0.4571
0.4617
0.4524
0.4572
0.4555
0.4639
0.4513
0.4525
0.4494
0.4523
0.4536
0.4537
0.4547
0.4559
0.4562
0.4549
0.4561
0.4511
0.4551
0.4543
0.4532
0.4643
0.4527
0.4735
0.4564
0.46
0.4554
0.451
0.4646
0.466
0.4591
0.4522
0.4667
0.4582
0.4658
0.4609
1.3958
0.4598
0.4593
0.4574
0.9673
0.4554
0.4557
0.9661
0.4568
0.462
1.024
0.9763
0.9671
1.0034
0.9693
0.9686
0.9662
0.9637
0.965
0.9648
0.9613
0.9645
0.9624
0.9603
0.9682
0.9653
0.9607
0.9657
0.9661
0.9684
0.9679
6.93
4.0321
0.4857
0.483
0.4689
0.9743
0.9768
0.9755
0.9732
0.9651
0.9705
0.969
0.9725
0.9749
0.9711
0.971
0.454
0.4661
0.9714
0.9712
0.9723
0.9717
0.9758
0.9666
0.9697
0.9783
0.9721
0.9696
0.9753
0.968
0.968
0.4562
0.4609
0.4605
0.4588
0.4742
0.9721
0.9717
0.9745
0.9727
0.9688
0.9708
0.9779
0.9642
0.9697
0.9692
11.5909
4.079
0.4803
0.5018
0.6527
15.6637
0.4751
0.9792
0.4697
0.53
0.4662
1.5549
0.4725
0.4705
1.5635
0.487
0.4568
1.5716
0.4755
0.4545
1.567
0.4676
0.461
1.5652
0.469
0.4542
1.5623
0.4671
0.46
1.5717
0.4761
0.4616
1.5631
0.4709
0.4541
1.5661
0.4651
0.465
1.5671
0.4721
0.5035
1.5607
0.4685
0.4676
1.585
0.4787
0.4678
1.5486
0.4713
1.3351
0.9946
0.9675
0.9737
0.9735
1.0346
0.9806
0.9777
0.9781
0.9692
0.9701
0.4531
0.4589
0.4618
0.9712
0.5209
11.4757
5.4697
0.4699
0.5528
1.4731
0.47
0.4579
1.5887
0.476
0.4691
1.5597
0.4796
0.4638
1.5631
0.4776
0.5017
0.4672
1.0002
0.9965
0.9977
0.9966
0.9971
0.9949
1.0004
0.9958
0.4594
0.454
0.4559
0.4528
0.9966
1.001
0.9937
0.9917
0.9974
0.9934
0.9967
0.9954
0.9952
1.0009
0.9999
0.4543
0.4505
0.4551
0.9955
0.9945
0.996
0.9886
0.4526
0.9916
0.9946
0.9953
0.9977
0.998
0.9972
0.9915
0.4518
0.9915
0.9944
0.9923
0.9932
0.9927
0.4422
0.9844
0.9824
0.9789
0.9813
0.9951
0.9876
0.9874
0.9899
0.9981
0.9969
0.9934
0.996
0.9884
0.9877
0.9905
0.988
1.0082
0.98
0.9671
0.984
0.9574
0.9607
0.9627
0.4531
0.9774
0.9703
0.9731
0.9701
0.968
0.9646
0.967
0.9634
0.9701
0.9665
0.9631
0.9651
0.9698
0.9655
0.4666
0.968
0.9703
0.972
0.9641
0.9649
0.973
0.9649
0.9731
0.9663
0.9664
0.9633
0.9628
0.9683
0.9713
0.4619
0.9755
0.9707
0.9688
0.9708
0.5017
0.4683
1.5364
0.4775
1.5323
0.4731
1.5102
0.473
1.5225
0.4748
0.4579
1.5682
0.4732
0.4688
2.0846
0.4736
0.4644
0.4466
0.4477
0.4588
0.4526
0.4438
0.4451
0.4597
0.7507
0.4748
0.5062
0.462
0.4465
0.4619
0.4524
0.4433
0.5129
0.4998
0.4611
0.4515
0.5128
0.4618
0.5443
0.5072
0.4604
0.5
0.5
0.4982
0.4997
0.4996
0.4972
0.6176
0.4944
0.4896
0.5141
0.4601
0.4559
0.455
0.4559
0.4594
0.4731
0.4646
0.4629
0.4644
0.4639
0.4649
0.4612
0.4622
0.4536
0.4582
0.4484
0.4467
0.4488
0.4543
0.4516
0.4512
0.4761
0.5084
0.4619
0.4528
0.4537
0.455
0.4694
0.4572
0.4508
0.4631
0.4581
0.4521
0.4526
0.4491
0.4643
0.4634
0.4688
0.4676
0.4623
0.4667
0.4629
0.4631
0.4637
0.4637
0.4633
0.5008
0.4569
0.4644
0.4671
0.4622
0.464
0.4637
0.4632
0.4654
0.4674
0.4624
0.4618
0.4651
0.4637
0.4593
0.4642
0.4648

---------------------------------
CodechalDecodeVp9::SetFrameStates
---------------------------------
0.9555
0.0091
0.0066
0.0066
0.0198
0.0058
0.0108
0.0062
0.0056
0.0072
0.0066
0.0081
0.007
0.0072
0.008
0.0075
0.0082
0.0059
0.0051
0.0055
0.0049
0.0052
0.005
0.0051
0.0049
0.0049
0.005
0.0061
0.0067
0.0059
0.0063
0.0061
0.0057
0.0056
0.0056
0.0054
0.0095
0.0066
0.006
0.0055
0.0053
0.0055
0.006
0.0057
0.0059
0.0051
0.0049
0.0049
0.0077
0.006
0.0048
0.0048
0.0048
0.0047
0.0049
0.0047
0.0048
0.0048
0.005
0.0048
0.0048
0.0049
0.0048
0.0057
0.0048
0.0061
0.0059
0.0051
0.0057
0.0045
0.0056
0.0059
0.0059
0.0065
0.0058
0.0076
0.0057
0.0063
0.006
0.0061
0.0059
0.006
0.0063
0.0066
0.0049
0.0063
0.0062
0.0065
0.0062
0.0065
0.0064
0.0049
0.0086
0.0059
0.0172
0.0057
0.0063
0.0065
0.0063
0.0064
0.0065
0.0064
0.0061
0.0063
0.0058
0.0062
0.0063
0.0064
0.0062
0.0048
0.0063
0.0061
0.0064
0.0058
0.0065
0.0058
0.0065
0.0065
0.0062
0.0059
0.0064
0.0049
0.0052
0.0064
0.0064
0.0058
0.006
0.0062
0.0061
0.0063
0.0059
0.0065
0.0068
0.0062
0.0065
0.0048
0.0061
0.0049
0.0062
0.0068
0.0065
0.0082
0.0049
0.0049
0.0059
0.0059
0.0065
0.0064
0.0064
0.0064
0.0049
0.005
0.0061
0.006
0.0051
0.005
0.0061
0.0062
0.0091
0.006
0.0062
0.0059
0.0058
0.0051
0.0048
0.0063
0.0061
0.006
0.0065
0.0048
0.006
0.0061
0.0049
0.0064
0.0061
0.0062
0.0049
0.0066
0.0064
0.0064
0.0066
0.006
0.0062
0.005
0.0059
0.0057
0.0099
0.0068
0.0061
0.0056
0.0048
0.0066
0.0059
0.0058
0.0061
0.0061
0.0058
0.0063
0.006
0.0062
0.0063
0.0061
0.0059
0.0063
0.0059
0.0058
0.0062
0.0061
0.0063
0.0056
0.0062
0.0066
0.006
0.0061
0.0061
0.0058
0.0059
0.0064
0.0055
0.0054
0.0068
0.0064
0.0081
0.0065
0.0064
0.0055
0.0064
0.0063
0.0048
0.0058
0.0064
0.5154
0.006
0.0064
0.0047
0.0051
0.0046
0.0047
0.0049
0.0045
0.0047
0.0046
0.0047
0.0046
0.0049
0.0047
0.0045
0.0047
0.0045
0.0046
0.0047
0.0047
0.0047
0.0048
0.0047
0.5517
0.0069
0.0069
0.006
0.0064
0.0061
0.0055
0.0047
0.0057
0.0047
0.0048
0.0047
0.0057
0.0047
0.0047
0.0048
0.005
0.0068
0.0057
0.0057
0.0062
0.0047
0.0048
0.0047
0.0047
0.0047
0.0048
0.0049
0.0048
0.0046
0.0047
0.0049
0.006
0.0069
0.0051
0.0097
0.0049
0.0052
0.0048
0.0046
0.0047
0.0047
0.0047
0.0049
0.0047
0.0047
0.4066
0.0069
0.0068
0.0071
0.1667
0.006
0.0073
0.0052
0.0065
0.0074
0.0057
0.0073
0.0067
0.0054
0.0049
0.0087
0.0052
0.0052
0.0069
0.0052
0.0051
0.0068
0.0052
0.0051
0.0067
0.0052
0.0051
0.0068
0.0051
0.0051
0.0069
0.0053
0.0049
0.0068
0.0053
0.005
0.0069
0.0052
0.0051
0.0068
0.007
0.0092
0.0068
0.0053
0.006
0.0068
0.0053
0.0051
0.0066
0.005
0.006
0.005
0.0051
0.0047
0.0047
0.0049
0.0047
0.0047
0.0046
0.0047
0.005
0.0067
0.0063
0.005
0.0074
0.1942
0.0069
0.0069
0.009
0.0055
0.0051
0.0048
0.006
0.0068
0.0053
0.0052
0.0068
0.0054
0.0071
0.0068
0.0071
0.0056
0.0051
0.0047
0.0048
0.0049
0.0048
0.0048
0.0047
0.0049
0.0051
0.005
0.0049
0.0049
0.005
0.0048
0.0048
0.0048
0.0048
0.0057
0.0048
0.0049
0.0049
0.0048
0.0048
0.0048
0.005
0.0048
0.0049
0.5486
0.0046
0.0048
0.0049
0.5478
0.0049
0.0047
0.0047
0.0047
0.0047
0.0046
0.0049
0.0047
0.0048
0.0047
0.0046
0.0046
0.0051
0.0047
0.0047
0.0045
0.0046
0.0045
0.0046
0.0045
0.0044
0.5478
0.0049
0.0047
0.0048
0.0046
0.0045
0.0045
0.0047
0.0045
0.0049
0.0047
0.0046
0.0046
0.0044
0.0045
0.0047
0.5137
0.0056
0.0048
0.0048
0.0046
0.0046
0.0047
0.0046
0.0045
0.0046
0.0045
0.0046
0.0048
0.0047
0.0058
0.0047
0.0048
0.0045
0.0046
0.0048
0.0049
0.0045
0.0074
0.0047
0.0046
0.0047
0.0045
0.0047
0.0046
0.0069
0.0047
0.0048
0.0045
0.0046
0.0071
0.0056
0.0061
0.0067
0.0054
0.0066
0.0052
0.0066
0.0053
0.0067
0.0052
0.0052
0.0067
0.0051
0.0063
0.0067
0.0051
0.005
0.0046
0.0047
0.0047
0.0046
0.0044
0.0049
0.0088
0.0068
0.0051
0.0053
0.0048
0.005
0.0047
0.0045
0.0075
0.007
0.0056
0.0048
0.007
0.0052
0.0072
0.0055
0.0051
0.0047
0.0047
0.0046
0.0046
0.0045
0.0046
0.0046
0.0047
0.0046
0.0046
0.0048
0.0046
0.0046
0.0046
0.0069
0.0055
0.0061
0.0061
0.0047
0.0048
0.0048
0.0048
0.005
0.0047
0.0046
0.0046
0.0045
0.0046
0.0047
0.0046
0.0045
0.0046
0.0048
0.0046
0.0046
0.0046
0.0048
0.0057
0.0048
0.0057
0.0062
0.0059
0.0059
0.0059
0.0049
0.0071
0.0057
0.008
0.0047
0.0058
0.006
0.006
0.0061
0.0048
0.0054
0.0058
0.0048
0.005
0.006
0.0062
0.0059
0.0059
0.005
0.006
0.0055
0.0051
0.0067
0.0058
0.0048
0.006
0.0048
0.0047
0.0048

------------------------------------------
CodechalDecodeVp9G12::DecodePrimitiveLevel
------------------------------------------
0.1125
0.0758
0.1207
0.0419
0.0312
0.0688
0.0196
0.0262
0.0831
0.0222
0.0227
0.0739
0.0235
0.0329
0.0802
0.0196
0.0248
0.0903
0.026
0.0291
0.1279
0.0196
0.0251
0.084
0.0185
0.0275
0.0778
0.0195
0.0351
0.0609
0.0206
0.0243
0.0771
0.0215
0.0243
0.0831
0.0223
0.0234
0.1013
0.0219
0.0234
0.1288
0.0258
0.0251
0.1429
0.0189
0.0235
0.1254
0.0191
0.0238
0.0369
0.0165
0.0224
0.0367
0.0163
0.0194
0.0338
0.0167
0.0192
0.0342
0.0161
0.0192
0.0344
0.0298
0.0196
0.0396
0.0166
0.0195
0.0348
0.0159
0.0193
0.0343
0.0165
0.0196
0.0345
0.0158
0.0193
0.0346
0.0163
0.0202
0.0346
0.0186
0.0218
0.0388
0.0199
0.0218
0.0378
0.0192
0.0223
0.0401
0.0214
0.0221
0.0409
0.0203
0.0237
0.0404
0.0187
0.021
0.0367
0.0204
0.0214
0.0359
0.0196
0.0214
0.036
0.0216
0.0221
0.0433
0.0229
0.023
0.0466
0.0196
0.0212
0.0402
0.0185
0.0211
0.0453
0.0168
0.0206
0.0376
0.0169
0.0202
0.0383
0.018
0.02
0.0395
0.0175
0.0203
0.0406
0.0182
0.0216
0.0418
0.0191
0.021
0.0408
0.0174
0.0199
0.0389
0.0169
0.0202
0.0378
0.0239
0.0202
0.0386
0.02
0.0234
0.0437
0.0193
0.0214
0.0366
0.0175
0.0201
0.0332
0.0174
0.0196
0.0325
0.017
0.0195
0.0321
0.0167
0.0195
0.0328
0.0162
0.0191
0.0322
0.0169
0.0197
0.033
0.0164
0.0197
0.0331
0.0167
0.0196
0.0341
0.0168
0.0198
0.033
0.0168
0.0198
0.0328
0.017
0.0201
0.0338
0.0168
0.0195
0.0344
0.0172
0.0194
0.0335
0.017
0.0198
0.0336
0.0173
0.0199
0.0311
0.0175
0.0193
0.0322
0.0172
0.02
0.0324
0.0171
0.0194
0.0323
0.017
0.0195
0.0312
0.0172
0.0196
0.0314
0.0164
0.022
0.0321
0.0173
0.0197
0.0315
0.0168
0.0203
0.0314
0.0167
0.0201
0.032
0.0169
0.0195
0.0323
0.0167
0.0195
0.0324
0.017
0.02
0.0325
0.0171
0.0192
0.0329
0.0168
0.0194
0.0326
0.0168
0.0195
0.0326
0.0162
0.0195
0.0312
0.0171
0.0204
0.0315
0.017
0.02
0.0312
0.0169
0.0195
0.0318
0.0171
0.0202
0.0325
0.0168
0.0195
0.0316
0.0165
0.0197
0.0347
0.017
0.0194
0.0323
0.0168
0.0199
0.0318
0.0165
0.0196
0.0321
0.0173
0.0196
0.0334
0.0166
0.0197
0.0329
0.0169
0.0194
0.0327
0.0171
0.0195
0.0328
0.0179
0.0196
0.0327
0.0164
0.0192
0.0326
0.0171
0.0195
0.0316
0.0169
0.0196
0.0316
0.017
0.0194
0.0314
0.0172
0.0199
0.0321
0.0167
0.0196
0.032
0.0166
0.0197
0.0317
0.0166
0.0194
0.0322
0.0166
0.0196
0.0322
0.0165
0.0201
0.0314
0.0174
0.0328
0.0334
0.0168
0.0199
0.0328
0.0161
0.0198
0.0331
0.0172
0.0199
0.0326
0.0166
0.02
0.0329
0.017
0.0192
0.0321
0.0168
0.0197
0.0328
0.0164
0.0196
0.0318
0.017
0.0195
0.0312
0.0177
0.0194
0.0312
0.0167
0.0194
0.031
0.0172
0.0198
0.0318
0.0173
0.0192
0.0318
0.0165
0.0197
0.0324
0.0164
0.0195
0.032
0.0169
0.0198
0.0322
0.0168
0.0195
0.0325
0.0168
0.0197
0.0325
0.017
0.0198
0.0324
0.0169
0.0194
0.0324
0.0174
0.0197
0.0335
0.0174
0.0195
0.0325
0.0164
0.0194
0.0325
0.0163
0.0193
0.0316
0.0169
0.0195
0.0311
0.017
0.0196
0.0312
0.018
0.0196
0.0315
0.0172
0.0196
0.0315
0.0174
0.0193
0.0319
0.0163
0.0198
0.0313
0.0164
0.0197
0.0325
0.0165
0.0193
0.0315
0.0171
0.0193
0.0317
0.0162
0.0202
0.0328
0.0168
0.0191
0.0323
0.017
0.0196
0.0322
0.0168
0.02
0.0327
0.0176
0.0195
0.0331
0.0167
0.0196
0.0325
0.0166
0.0201
0.0313
0.017
0.0197
0.031
0.0171
0.0202
0.031
0.0176
0.0196
0.0316
0.0172
0.0196
0.0313
0.0173
0.0194
0.0321
0.0163
0.0203
0.0319
0.0168
0.0196
0.0319
0.0165
0.02
0.0322
0.0166
0.0197
0.0325
0.0166
0.0196
0.0327
0.0172
0.0195
0.0326
0.0168
0.0198
0.0321
0.0168
0.0195
0.0325
0.0201
0.0197
0.0322
0.0167
0.0195
0.0328
0.0166
0.0204
0.031
0.0167
0.0201
0.0308
0.0164
0.0198
0.0308
0.0172
0.0193
0.0319
0.0186
0.0197
0.0313
0.0174
0.0194
0.0315
0.0163
0.0192
0.0317
0.0166
0.0193
0.0318
0.0166
0.0194
0.0319
0.0167
0.0193
0.0324
0.0174
0.0194
0.0322
0.0167
0.0198
0.0337
0.0172
0.0193
0.0332
0.017
0.0198
0.0326
0.0169
0.0195
0.0327
0.0168
0.0243
0.0351
0.0167
0.02
0.0311
0.0171
0.02
0.0316
0.0168
0.0199
0.0313
0.0174
0.0195
0.0315
0.0169
0.02
0.0316
0.017
0.0193
0.0322
0.0172
0.0195
0.0315
0.0171
0.0197
0.0323
0.0168
0.0192
0.0321
0.017
0.0191
0.0319
0.0168
0.0193
0.0328
0.0162
0.0201
0.0323
0.0172
0.0195
0.0323
0.0167
0.0198
0.0325
0.0165
0.0197
0.033
0.0173
0.0199
0.0333
0.0166
0.0198
0.0316
0.0167
0.0192
0.0314
0.0168
0.0191
0.0315
0.0166
0.0195
0.0313
0.0173
0.0194
0.0311
0.0163
0.0196
0.0314
0.0166
0.0196
0.0329
0.0168
0.0194
0.0315
0.0161
0.0193
0.0328
0.0167
0.0197
0.0321
0.0165
0.0204
0.032
0.0162
0.0194
0.0328
0.0171
0.0195
0.0321
0.0165
0.0195
0.0327
0.0172
0.0193
0.0325
0.0167
0.0198
0.0326
0.0166
0.0195
0.0307
0.0169
0.02
0.0312
0.0169
0.02
0.0311
0.0177
0.02
0.0314
0.0171
0.0197
0.032
0.0173
0.0208
0.0312
0.0167
0.0195
0.0314
0.0167
0.0191
0.0315
0.0167
0.0193
0.0317
0.0169
0.0198
0.0319
0.0167
0.0196
0.0324
0.0165
0.0194
0.0323
0.0166
0.0217
0.0324
0.0168
0.0196
0.0324
0.0172
0.0194
0.0327
0.0168
0.0192
0.0323
0.0165
0.0195
0.0314
0.0174
0.0199
0.0312
0.0169
0.02
0.0325
0.0169
0.0198
0.0314
0.017
0.0196
0.0319
0.017
0.0195
0.0315
0.0162
0.0195
0.0317
0.0168
0.0195
0.0316
0.0163
0.0198
0.0323
0.0169
0.02
0.0325
0.017
0.0199
0.0443
0.0167
0.0201
0.0326
0.017
0.0197
0.032
0.0326
0.0198
0.0323
0.0174
0.0197
0.032
0.0166
0.0194
0.0321
0.0174
0.0228
0.0308
0.0176
0.0198
0.0312
0.0167
0.02
0.0313
0.0171
0.0195
0.0316
0.0173
0.02
0.0315
0.0176
0.0196
0.0311
0.0173
0.0203
0.031
0.0168
0.0195
0.0318
0.0171
0.0199
0.0316
0.0168
0.0193
0.0316
0.017
0.0201
0.0317
0.0163
0.0194
0.0326
0.0169
0.0192
0.032
0.0168
0.0199
0.0321
0.0171
0.0197
0.0323
0.0223
0.0274
0.0443
0.0223
0.0223
0.0412
0.0182
0.0202
0.0396
0.0184
0.0208
0.0346
0.0173
0.0194
0.0326
0.0176
0.0195
0.032
0.0172
0.0201
0.032
0.0165
0.0199
0.0323
0.0168
0.0197
0.0317
0.0161
0.0194
0.0326
0.0164
0.0196
0.0321
0.0166
0.0192
0.0353
0.0169
0.0195
0.0325
0.0174
0.0202
0.0331
0.017
0.0203
0.0319
0.0166
0.0196
0.0322
0.0171
0.0196
0.0322
0.0168
0.0198
0.0315
0.0173
0.0198
0.0317
0.017
0.0196
0.0315
0.0168
0.0196
0.0317
0.0169
0.0194
0.0322
0.0173
0.0201
0.032
0.0164
0.0198
0.0313
0.0166
0.0193
0.032
0.0161
0.0199
0.0319
0.0164
0.0201
0.0318
0.0168
0.0199
0.0326
0.0224
0.0196
0.0328
0.0164
0.0194
0.0322
0.017
0.0198
0.033
0.0169
0.0193
0.033
0.0171
0.0193
0.0321
0.0167
0.0197
0.0309
0.0178
0.0195
0.0318
0.0175
0.0198
0.0323
0.0171
0.0199
0.0314
0.017
0.0194
0.032
0.0169
0.0194
0.0313
0.0166
0.0195
0.0317
0.017
0.0193
0.0314
0.0165
0.02
0.0318
0.0168
0.0191
0.0328
0.0171
0.0195
0.0316
0.0163
0.02
0.0326
0.0174
0.0197
0.0325
0.0258
0.0282
0.0442
0.0239
0.0222
0.0439
0.0184
0.0199
0.0361
0.0189
0.0214
0.0384
0.0185
0.021
0.041
0.025
0.0234
0.0442
0.0177
0.0198
0.0335
0.0174
0.0197
0.0323
0.0169
0.02
0.0322
0.0197
0.0222
0.0432
0.0178
0.0203
0.0345
0.022
0.022
0.0408
0.0179
0.0207
0.0349
0.0173
0.0199
0.0346
0.0224
0.022
0.043
0.0181
0.0206
0.0394
0.0171
0.0199
0.0351
0.0227
0.022
0.0422
0.0175
0.0204
0.0364
0.0168
0.0199
0.0334
0.0222
0.0215
0.0412
0.0173
0.0204
0.0352
0.0173
0.0195
0.0339
0.023
0.022
0.0403
0.0178
0.0203
0.035
0.0172
0.0198
0.034
0.0228
0.0218
0.0408
0.0176
0.0201
0.0348
0.0176
0.0196
0.0337
0.0227
0.0219
0.042
0.0176
0.0208
0.0387
0.0175
0.0202
0.0347
0.0228
0.0217
0.0417
0.0181
0.0202
0.0347
0.0167
0.0198
0.0343
0.0223
0.0219
0.0403
0.0173
0.0203
0.0345
0.017
0.0199
0.0345
0.0234
0.0223
0.0403
0.0182
0.0203
0.0356
0.02
0.0209
0.0388
0.0222
0.022
0.0408
0.0175
0.0201
0.0348
0.0173
0.0198
0.0352
0.0227
0.0223
0.0415
0.0182
0.0202
0.0394
0.0172
0.02
0.0349
0.0228
0.0218
0.0427
0.0178
0.0198
0.0357
0.0175
0.02
0.033
0.0171
0.0197
0.0337
0.0164
0.0194
0.0313
0.0167
0.0198
0.0312
0.017
0.0202
0.0321
0.0173
0.0393
0.0323
0.017
0.0204
0.0325
0.0167
0.0195
0.0321
0.0168
0.0198
0.0322
0.0168
0.0201
0.0313
0.0164
0.0196
0.0321
0.0167
0.0194
0.0328
0.0166
0.0202
0.0322
0.0165
0.0195
0.0333
0.017
0.0196
0.0323
0.0204
0.0221
0.0446
0.0188
0.0209
0.0527
0.0226
0.0217
0.0388
0.0176
0.0203
0.0373
0.0209
0.0225
0.0445
0.0192
0.0203
0.0362
0.0173
0.02
0.0386
0.0162
0.0194
0.0373
0.0233
0.0217
0.0378
0.0179
0.0203
0.0356
0.0223
0.0197
0.0344
0.0223
0.0216
0.0382
0.0175
0.0203
0.0354
0.0176
0.02
0.0345
0.0227
0.022
0.0384
0.0179
0.02
0.0363
0.0194
0.0215
0.0377
0.0178
0.02
0.0336
0.0175
0.0198
0.0329
0.0168
0.0195
0.0314
0.0171
0.0202
0.0317
0.0169
0.0202
0.0311
0.017
0.0199
0.0317
0.017
0.0196
0.0318
0.0174
0.0205
0.0318
0.0171
0.0195
0.0315
0.0169
0.0196
0.0323
0.0169
0.0198
0.0323
0.0166
0.0195
0.0322
0.0164
0.0203
0.0326
0.0167
0.02
0.0316
0.0172
0.0202
0.032
0.0173
0.0193
0.0321
0.0169
0.0194
0.0324
0.0169
0.0194
0.0325
0.016
0.0196
0.0308
0.0171
0.0193
0.0306
0.017
0.0198
0.0312
0.0171
0.0193
0.0318
0.0173
0.0198
0.0323
0.0172
0.0194
0.0311
0.0165
0.0199
0.0322
0.0168
0.0195
0.0313
0.0167
0.0194
0.0325
0.0171
0.0194
0.0313
0.0165
0.0194
0.0318
0.0162
0.0197
0.0326
0.0172
0.0198
0.0319
0.0168
0.0194
0.0331
0.0168
0.019
0.0316
0.0171
0.0195
0.0323
0.0162
0.0195
0.0311
0.017
0.0194
0.0351
0.0171
0.0197
0.0315
0.0175
0.0198
0.0322
0.0171
0.02
0.0307
0.017
0.0198
0.0321
0.0164
0.0197
0.0318
0.0165
0.0198
0.0311
0.0166
0.0199
0.0322
0.0168
0.0195
0.0315
0.0168
0.0199
0.0311
0.0168
0.0197
0.0324
0.016
0.0189
0.0327
0.0168
0.0198
0.0312
0.0165
0.019
0.0316
0.0169
0.019
0.0317
0.0167
0.0196
0.0303
0.0171
0.0195
0.0305
0.0168
0.0192
0.0306
0.0173
0.0192
0.0309
0.0173
0.0195
0.0317
0.0166
0.0201
0.0311
0.0172
0.0196
0.0319
0.017
0.0197
0.0316
0.0166
0.0198
0.0314
0.0166
0.0199
0.0312
0.017
0.02
0.0315
0.0167
0.0195
0.0317
0.0174
0.0195
0.032
0.0174
0.0198
0.0325
0.0175
0.0197
0.0318
0.0374
0.0198
0.0319
0.0166
0.0199
0.0301
0.0175
0.0196
0.0304
0.017
0.0194
0.0313
0.0171
0.0192
0.0314
0.0174
0.0201
0.0319
0.0169
0.0197
0.0317
0.0167
0.0198
0.032
0.017
0.0196
0.0322
0.0173
0.0198
0.0318
0.0166
0.0193
0.0318
0.0167
0.0195
0.0316
0.0168
0.0201
0.0322
0.017
0.0231
0.032
0.0171
0.0193
0.0323
0.0166
0.0192
0.0318
0.0168
0.0193
0.0319
0.0163
0.0199
0.0308
0.0175
0.0194
0.0313
0.0171
0.0196
0.0325
0.0174
0.0196
0.0313
0.0175
0.0198
0.0317
0.0167
0.0195
0.0314
0.0164
0.0199
0.0316
0.0168
0.0193
0.0319
0.0167
0.0201
0.0317
0.0171
0.0194
0.0315
0.0165
0.0194
0.0314
0.0169
0.0198
0.0329
0.0172
0.0202
0.0312
0.0166
0.0194
0.0322
0.0169
0.0196
0.0319
0.0173
0.0191
0.032
0.0169
0.0196
0.0311
0.0169
0.0194
0.0318
0.0172
0.0199
0.0314
0.0171
0.0201
0.0316
0.0168
0.0198
0.0319
0.0177
0.02
0.0314
0.0192
0.0212
0.0374
0.0183
0.0196
0.0345
0.0224
0.0217
0.0379
0.0178
0.0204
0.036
0.0228
0.0218
0.0376
0.0178
0.0204
0.0354
0.0228
0.0219
0.0379
0.0177
0.0199
0.0355
0.0232
0.0222
0.0381
0.0175
0.0206
0.0357
0.0171
0.0201
0.0325
0.0226
0.0218
0.0374
0.0184
0.0201
0.0354
0.0179
0.0194
0.0399
0.0232
0.0221
0.5431
0.0185
0.0201
0.0341
0.0169
0.02
0.0333
0.0167
0.0192
0.032
0.0167
0.0193
0.0334
0.0172
0.0193
0.0329
0.0167
0.0199
0.0331
0.0165
0.0197
0.0324
0.0165
0.0196
0.0322
0.0171
0.0196
0.0346
0.0262
0.0322
0.0531
0.0174
0.0204
0.0353
0.0165
0.021
0.0363
0.0169
0.0197
0.0327
0.0159
0.0197
0.0327
0.0169
0.019
0.0336
0.0162
0.0196
0.0333
0.0163
0.0189
0.0328
0.0183
0.0211
0.0429
0.0184
0.0212
0.0378
0.017
0.0195
0.0352
0.0158
0.0194
0.0382
0.0246
0.0209
0.0417
0.0175
0.0205
0.0369
0.0197
0.0209
0.0371
0.0175
0.02
0.0334
0.0172
0.0201
0.0331
0.0166
0.0194
0.0337
0.0167
0.0192
0.0316
0.0172
0.0196
0.0311
0.0169
0.0199
0.0324
0.0174
0.0195
0.0318
0.0175
0.0197
0.0312
0.0497
0.0195
0.0315
0.0159
0.0188
0.0313
0.0192
0.0193
0.0316
0.0163
0.0195
0.0324
0.0164
0.0193
0.0322
0.0163
0.0189
0.0322
0.0159
0.0199
0.0315
0.0162
0.0187
0.0325
0.016
0.0189
0.0325
0.0172
0.0193
0.0338
0.0173
0.0196
0.0333
0.0166
0.0195
0.0316
0.0168
0.0197
0.0314
0.0168
0.0195
0.032
0.0168
0.0193
0.0315
0.0172
0.0199
0.0314
0.0172
0.0197
0.0318
0.0157
0.0194
0.0322
0.016
0.0197
0.0323
0.0158
0.0189
0.0316
0.0159
0.0191
0.0307
0.0159
0.0188
0.0312
0.0159
0.0189
0.0319
0.0159
0.019
0.0325
0.0162
0.0185
0.0325
0.0169
0.0199
0.0345
0.0171
0.0197
0.0326
0.0172
0.0203
0.0315
0.0178
0.0194
0.031
0.0174
0.02
0.0303
0.0168
0.0195
0.0323
0.016
0.0192
0.0314
0.0161
0.0191
0.0317
0.0154
0.019
0.031
0.016
0.0192
0.0317
0.0153
0.0191
0.0309
0.0157
0.0193
0.0317
0.0158
0.0194
0.0313
0.0151
0.0192
0.0317
0.0167
0.0192
0.0331
0.0169
0.0195
0.0322
0.0175
0.0193
0.0325
0.0172
0.0191
0.0319
0.0161
0.0196
0.0308
0.0173
0.0195
0.0345
0.0166
0.0195
0.0313
0.0172
0.0192
0.0318
0.0169
0.0198
0.0316
0.017
0.0196
0.0313
0.0166
0.0194
0.032
0.0171
0.0194
0.0375
0.0173
0.0194
0.0319
0.0169
0.0194
0.0322
0.0166
0.0197
0.032
0.0162
0.0195
0.0329
0.0172
0.0194
0.0323
0.0171
0.0188
0.0322
0.017
0.0196
0.0321
0.0164
0.0196
0.0323
0.0175
0.0197
0.031
0.0167
0.0191
0.031
0.0164
0.0195
0.0317
0.0169
0.0192
0.0318
0.017
0.0194
0.0315
0.0171
0.0192
0.0312
0.0163
0.0196
0.0323
0.0171
0.0193
0.0314

--------------------------------------
CodechalDecodeVp9G12::DecodeStateLevel
--------------------------------------
0.7061
4.9749
0.331
7.8083
5.9576
2.0261
2.0746
5.0446
0.1882
0.2521
5.0208
0.1734
0.2899
5.8157
0.2129
0.2434
5.4781
0.1907
0.4867
5.8188
0.2013
0.6524
5.5715
0.1916
0.7301
5.0227
0.2046
0.5193
5.338
0.2036
1.2273
0.1814
0.1651
0.2894
0.171
0.201
0.2175
0.1759
0.1668
0.2448
0.1826
0.1948
0.2766
0.1854
0.1755
0.2424
0.1701
0.2798
0.1767
0.1153
0.1106
0.1364
0.1192
0.1253
0.1344
0.11
0.1096
0.1342
0.1101
0.1075
0.1305
0.1095
0.1066
0.136
0.1115
0.1218
0.1357
0.1112
0.1082
0.1322
0.1093
0.1089
0.1299
0.1107
0.1092
0.1292
0.1096
0.1078
0.133
0.1124
0.108
0.147
0.1192
0.1148
0.1484
0.1155
0.1118
0.1429
0.1174
0.1163
0.1526
0.1226
0.1177
0.147
0.1341
0.118
0.1444
0.1173
0.1148
0.1433
0.1185
0.1146
0.1439
0.1177
0.1146
0.1544
0.1213
0.1405
0.1872
0.122
0.1136
0.1458
0.1156
0.1119
0.1431
0.1163
0.1116
0.1349
0.112
0.1093
0.1339
0.1121
0.1091
0.1366
0.1134
0.1105
0.1414
0.1137
0.1146
0.1407
0.1148
0.1192
0.1403
0.1154
0.1117
0.1345
0.114
0.1103
0.1316
0.1122
0.1079
0.1437
0.1126
0.1088
0.1709
0.1184
0.1105
0.1508
0.1155
0.1099
0.1333
0.1125
0.1101
0.1308
0.112
0.1101
0.1317
0.1101
0.1079
0.129
0.1128
0.109
0.1299
0.1119
0.1086
0.1284
0.1118
0.1089
0.1295
0.1113
0.109
0.1288
0.1112
0.1351
0.1317
0.1118
0.1087
0.1311
0.1119
0.1087
0.132
0.1108
0.108
0.1331
0.1024
0.0993
0.1284
0.11
0.1085
0.1293
0.1101
0.1068
0.1557
0.1129
0.1087
0.1357
0.112
0.1085
0.1367
0.1107
0.1096
0.1305
0.111
0.11
0.1304
0.1119
0.1093
0.1391
0.1141
0.1098
0.1368
0.1319
0.1097
0.1355
0.1104
0.107
0.1357
0.1107
0.1087
0.1305
0.112
0.1083
0.1378
0.1125
0.1107
0.1346
0.1115
0.1084
0.1302
0.1109
0.1092
0.132
0.1123
0.1081
0.1395
0.1125
0.109
0.1302
0.1105
0.1089
0.13
0.1093
0.1074
0.1295
0.1274
0.1085
0.1312
0.1123
0.1084
0.1314
0.112
0.1094
0.132
0.1109
0.1085
0.1321
0.1114
0.111
0.1294
0.1118
0.1104
0.1329
0.1117
0.1101
0.1307
0.1121
0.1089
0.1299
0.1101
0.1097
0.1301
0.111
0.1077
0.1375
0.1127
0.1091
0.1352
0.1114
0.1085
0.138
0.1125
0.1077
0.1319
0.1109
0.109
0.13
0.1102
0.1098
0.1294
0.1112
0.1098
0.1296
0.1125
0.1089
0.1305
0.1106
0.108
0.1327
0.1116
0.1082
0.1301
0.1103
0.1088
0.13
0.1114
0.1075
0.1317
0.1122
0.1108
0.131
0.1113
0.1094
0.1317
0.1126
0.1095
0.1354
0.1305
0.1098
0.1301
0.1117
0.1077
0.1301
0.1124
0.1074
0.1317
0.1113
0.1083
0.1292
0.1097
0.1094
0.1321
0.1111
0.1086
0.1354
0.1105
0.1096
0.1312
0.1118
0.1088
0.131
0.1125
0.1086
0.1294
0.1124
0.1091
0.1369
0.1106
0.1092
0.1308
0.1113
0.1074
0.1304
0.1103
0.1076
0.1301
0.1117
0.107
0.1305
0.1104
0.1094
0.1311
0.111
0.1101
0.1308
0.1115
0.109
0.1353
0.1035
0.1012
0.1333
0.1102
0.1105
0.1313
0.1107
0.1081
0.1383
0.1102
0.1077
0.1312
0.1114
0.1071
0.1293
0.111
0.1081
0.1302
0.1113
0.1083
0.1307
0.1113
0.1087
0.1304
0.1112
0.1088
0.1346
0.1118
0.1103
0.1347
0.1113
0.1084
0.1298
0.1102
0.1078
0.1292
0.1098
0.1094
0.1301
0.1107
0.1092
0.1288
0.111
0.1088
0.1286
0.1098
0.108
0.1299
0.1114
0.1093
0.1307
0.1125
0.1076
0.1324
0.1106
0.1078
0.131
0.1117
0.1086
0.1311
0.1124
0.1089
0.129
0.1108
0.1087
0.1291
0.1101
0.1078
0.1293
0.1115
0.108
0.1313
0.1107
0.1089
0.1325
0.112
0.11
0.1303
0.112
0.1073
0.1299
0.111
0.1089
0.1309
0.1122
0.1092
0.1308
0.1112
0.1076
0.1304
0.112
0.1096
0.1368
0.1284
0.1114
0.1322
0.1121
0.1103
0.1317
0.1104
0.1092
0.1329
0.1116
0.1081
0.1304
0.11
0.1089
0.1591
0.1099
0.1081
0.1312
0.1115
0.1107
0.1329
0.1102
0.1074
0.1341
0.1106
0.1079
0.1374
0.1105
0.108
0.1281
0.1116
0.1096
0.1439
0.1107
0.1073
0.1312
0.111
0.1107
0.1295
0.1115
0.1086
0.1295
0.1113
0.1079
0.1304
0.1113
0.1081
0.128
0.1114
0.1096
0.1391
0.1113
0.1082
0.1303
0.1117
0.1115
0.1302
0.1124
0.1087
0.1308
0.1113
0.1086
0.1293
0.1118
0.1092
0.131
0.1107
0.113
0.1295
0.1096
0.1079
0.1304
0.111
0.1077
0.1302
0.1105
0.1078
0.1305
0.1114
0.1088
0.1327
0.1125
0.1091
0.1307
0.1122
0.1076
0.1294
0.1111
0.1084
0.1361
0.104
0.1009
0.1344
0.1117
0.1101
0.1296
0.1102
0.1076
0.135
0.1103
0.108
0.1288
0.1111
0.1068
0.1307
0.1108
0.1076
0.1361
0.1103
0.1083
0.1301
0.1116
0.109
0.1299
0.1122
0.1091
0.1299
0.1105
0.1089
0.1388
0.1116
0.1078
0.1286
0.1097
0.1065
0.1305
0.1102
0.1081
0.1291
0.1098
0.1063
0.1291
0.1105
0.109
0.1298
0.1117
0.1075
0.1295
0.111
0.1084
0.1304
0.1102
0.1092
0.1308
0.1112
0.1085
0.1304
0.111
0.1082
0.1298
0.1105
0.1094
0.1305
0.1109
0.1081
0.13
0.1104
0.1071
0.1311
0.1104
0.1067
0.1293
0.1096
0.1087
0.1292
0.1105
0.1082
0.1396
0.1109
0.1079
0.1303
0.1107
0.1065
0.132
0.1118
0.1098
0.1318
0.11
0.1079
0.1305
0.1125
0.1104
0.1293
0.1109
0.1088
0.1285
0.1099
0.1082
0.1359
0.1121
0.1098
0.1343
0.1107
0.1091
0.1322
0.1117
0.1076
0.1289
0.1091
0.1078
0.1344
0.1111
0.1094
0.1308
0.1105
0.1081
0.1359
0.1112
0.1082
0.1327
0.1097
0.108
0.1325
0.1109
0.1084
0.1311
0.1116
0.1099
0.131
0.1117
0.1079
0.1312
0.1107
0.1082
0.1347
0.1106
0.107
0.1303
0.1107
0.109
0.1305
0.1112
0.1077
0.1339
0.1103
0.1069
0.1298
0.1111
0.1092
0.1322
0.1117
0.1096
0.6478
0.1123
0.1512
0.1384
0.1122
0.1091
0.6469
0.1122
0.109
0.6679
0.1114
0.1086
0.649
0.1117
0.1089
0.6495
0.1103
0.11
0.6437
0.1127
0.1086
0.6454
0.1123
0.1073
0.6464
0.1118
0.1086
0.6469
0.1115
0.1082
0.1422
0.1033
0.0993
0.6457
0.1121
0.1085
0.6434
0.1124
0.1085
0.6417
0.111
0.1097
0.6493
0.1119
0.1088
0.6477
0.1114
0.1088
0.643
0.1115
0.1075
0.6474
0.1111
0.1085
0.648
0.111
0.1078
0.6489
0.1113
0.1088
0.6471
0.1124
0.1084
0.1843
5.9338
0.121
3.6617
0.1284
0.1132
0.1381
0.1164
0.1109
0.1437
0.1137
0.1103
0.1355
0.1118
0.1108
0.135
0.1125
0.1089
0.1407
0.1124
0.1106
0.1379
0.1117
0.1093
0.1383
0.111
0.1105
0.1353
0.1096
0.108
0.1382
0.1118
0.1089
0.6483
0.1098
0.1071
0.1346
0.1106
0.1096
0.1413
0.1124
0.1092
0.1385
0.1108
0.1093
0.6489
0.1117
0.1089
0.1311
0.111
0.1095
0.1338
0.1119
0.1102
0.1377
0.1111
0.1084
0.1366
0.1106
0.108
0.1393
0.1119
0.1083
0.1385
0.11
0.1083
0.1398
0.1113
0.1086
0.1361
0.1114
0.1091
0.1376
0.1116
0.1098
0.6577
0.1128
0.1084
0.1375
0.1121
0.1105
0.1368
0.1123
0.1091
0.1377
0.1116
0.11
0.1397
0.1116
0.1087
0.6474
0.1109
0.1085
0.1309
0.1133
0.1099
0.1316
0.1114
0.1096
0.1312
0.1116
0.1088
0.1332
0.1105
0.1076
0.1351
0.112
0.11
0.1374
0.1119
0.1088
0.1372
0.1111
0.1089
0.1396
0.1115
0.1084
0.1369
0.1122
0.1089
0.651
0.1114
0.1078
0.139
0.1121
0.1102
0.1394
0.1125
0.1141
0.1378
0.1108
0.1066
0.1373
0.1115
0.1095
0.6484
0.1116
0.1083
0.1792
10.7407
0.1226
3.6931
0.1349
0.1171
0.1393
0.1121
0.1126
0.1506
0.1166
0.1103
0.1616
0.1046
0.1001
15.2793
0.137
0.1178
0.1377
0.1122
0.1106
0.1414
0.1125
0.1104
0.1372
0.1132
0.1088
0.1601
0.126
0.1106
0.1366
0.1134
0.1089
1.1761
0.1301
0.1154
0.1378
0.1139
0.1096
0.1351
0.1137
0.111
1.1948
0.1309
0.115
0.1389
0.1139
0.1103
0.1308
0.1111
0.1087
1.2008
0.1321
0.1133
0.1366
0.1133
0.1102
0.1316
0.1116
0.1083
1.1986
0.1311
0.1143
0.1338
0.1133
0.1097
0.1333
0.112
0.1111
1.1978
0.1291
0.1142
0.1347
0.1136
0.1104
0.1292
0.1116
0.1095
1.1993
0.1283
0.1134
0.1335
0.1135
0.11
0.1324
0.1133
0.1109
1.2037
0.1307
0.1158
0.1363
0.1131
0.1111
0.1322
0.1131
0.1105
1.1989
0.1287
0.1142
0.138
0.1132
0.1092
0.1306
0.1112
0.1081
1.202
0.1302
0.1138
0.1349
0.1128
0.1088
0.1306
0.1146
0.1155
1.1974
0.1299
0.1148
0.1364
0.1136
0.1113
0.1516
0.1166
0.1107
1.1798
0.1297
0.1129
0.1362
0.1131
0.1095
0.1337
0.1131
0.1109
1.2148
0.1317
0.1141
0.138
0.112
0.1092
0.1339
0.1134
0.1106
1.1792
0.1298
0.1141
0.1358
0.1134
0.1105
0.1399
0.1133
0.1096
0.1364
0.1127
0.1288
0.6477
0.1112
0.1077
0.1392
0.1111
0.108
0.6499
0.1102
0.1099
0.1393
0.1466
0.1123
0.1418
0.1114
0.1114
0.14
0.1122
0.1094
0.1396
0.1119
0.1102
0.6485
0.112
0.1091
0.1376
0.1113
0.1106
0.1304
0.1112
0.1093
0.1316
0.1097
0.1094
0.1321
0.1115
0.1086
0.14
0.1101
0.1084
0.1583
0.1166
0.1108
0.1497
0.1023
10.9029
5.1052
0.1267
0.1134
0.1347
0.1122
0.1102
0.1777
0.1206
0.1115
1.1357
0.1162
0.1089
0.1352
0.1134
0.1098
0.1308
0.1106
0.111
1.2201
0.1309
0.1148
0.1388
0.1131
0.1098
0.1344
0.1125
0.1091
1.1926
0.1312
0.1148
0.1395
0.1146
0.1107
0.1332
0.1124
0.1085
1.1872
0.1309
0.1146
0.1381
0.1131
0.1112
0.1503
0.1163
0.1108
0.1348
0.1143
0.111
0.1313
0.1119
0.109
0.1316
0.1122
0.1083
0.132
0.1123
0.1092
0.6759
0.112
0.1092
0.1307
0.1123
0.1078
0.1318
0.1108
0.1093
0.1324
0.1119
0.1108
0.6753
0.1114
0.1101
0.1321
0.1131
0.1109
0.129
0.1115
0.1106
0.131
0.1127
0.1105
0.1311
0.1104
0.108
0.1307
0.1113
0.1099
0.1316
0.111
0.1132
0.129
0.1108
0.1096
0.13
0.1116
0.107
0.6765
0.1115
0.1088
0.6736
0.1125
0.1084
0.1317
0.1115
0.1089
0.1314
0.1124
0.1087
0.131
0.1099
0.11
0.6765
0.1126
0.1106
0.6794
0.1112
0.1092
0.1306
0.1114
0.1087
0.1296
0.1103
0.1092
0.1303
0.1132
0.1095
0.1301
0.1111
0.1104
0.1315
0.1107
0.1079
0.1304
0.1111
0.1093
0.1283
0.1092
0.1082
0.1304
0.1114
0.1083
0.1298
0.1104
0.1083
0.1302
0.1106
0.1102
0.1311
0.1122
0.1092
0.1313
0.1129
0.1087
0.1309
0.113
0.1098
0.6754
0.1125
0.11
0.6735
0.1114
0.1094
0.1297
0.1107
0.1094
0.1303
0.1109
0.1083
0.1298
0.1111
0.1106
0.6737
0.1108
0.1087
0.6736
0.1119
0.1096
0.6739
0.1116
0.1088
0.1366
0.1031
0.0994
0.671
0.1091
0.1064
0.6698
0.108
0.1061
0.6697
0.1084
0.105
0.6685
0.1091
0.1065
0.6777
0.1131
0.1092
0.6712
0.1115
0.1089
0.6719
0.1118
0.1085
0.6722
0.1118
0.1106
0.1331
0.1115
0.1086
0.1317
0.1119
0.1092
0.6731
0.1115
0.1086
0.6742
0.1155
0.1078
0.6721
0.1101
0.1088
0.6704
0.1107
0.1098
0.6736
0.1104
0.1089
0.6708
0.1112
0.1086
0.6728
0.1281
0.1097
0.6532
0.1132
0.1092
0.6459
0.1132
0.1098
0.6453
0.1126
0.1088
0.6432
0.1117
0.1075
0.646
0.1119
0.1073
0.6443
0.1115
0.1111
0.1315
0.1116
0.1081
0.1403
0.1115
0.1097
0.6492
0.1114
0.1093
0.6496
0.112
0.11
0.6487
0.1114
0.1094
0.6482
0.112
0.1092
0.6462
0.1109
0.1091
0.6508
0.1108
0.1085
0.6433
0.1121
0.1096
0.6477
0.1124
0.1088
0.6482
0.1124
0.1083
0.6446
0.1126
0.1099
0.6453
0.1124
0.1108
0.6513
0.1113
0.1099
0.6484
0.1115
0.1079
0.1361
0.1115
0.1098
0.6481
0.1114
0.1088
0.6495
0.111
0.1095
0.6516
0.1123
0.1094
0.6458
0.113
0.1078
0.6446
0.1122
0.1101
0.6482
0.1134
0.1119
0.6447
0.1125
0.1101
0.6501
0.1111
0.109
0.6456
0.1119
0.1098
0.6471
0.1116
0.1092
0.6453
0.1121
0.109
0.6453
0.1117
0.1089
0.6493
0.1112
0.1083
0.6513
0.1124
0.1101
0.132
0.1116
0.1099
0.6559
0.1123
0.108
0.6497
0.1114
0.1089
0.649
0.1114
0.1085
0.6501
0.113
0.109
0.1493
0.1156
0.1117
0.1363
0.1125
0.1098
1.1896
0.1192
0.1045
0.1368
0.1151
0.1114
1.1723
0.1286
0.1127
0.1375
0.1132
0.1103
1.1504
0.1286
0.1125
0.1375
0.1132
0.1106
1.1569
0.1303
0.1144
0.1374
0.113
0.1108
0.1307
0.114
0.1105
1.2016
0.1318
0.1146
0.1372
0.1122
0.1096
0.1326
0.113
0.1101
1.2105
0.1293
0.1155
0.1383
0.1136
0.1093
0.1357
0.1129
0.1107
0.1284
0.1112
0.1092
0.1274
0.1119
0.1103
0.1325
0.1129
0.1107
0.1308
0.1113
0.1079
0.1269
0.1117
0.1087
0.1286
0.1102
0.1092
0.1327
0.1128
0.1091
0.1997
0.1938
0.1878
0.1395
0.1156
0.1078
0.1364
0.1119
0.1497
0.1359
0.1117
0.1087
0.1294
0.1099
0.1074
0.1395
0.1103
0.1066
0.1312
0.1106
0.1073
0.1288
0.1101
0.1068
0.153
0.1153
0.1102
0.1525
0.1153
0.1097
0.133
0.1099
0.1088
0.1283
0.11
0.1104
0.15
0.1174
0.1116
0.1325
0.1123
0.1109
0.1512
0.1156
0.1091
0.1333
0.1121
0.1101
0.1328
0.1131
0.1103
0.1312
0.1115
0.109
0.1316
0.1118
0.1098
0.1788
0.1129
0.1084
0.1787
0.113
0.1086
0.1781
0.1125
0.1107
0.1745
0.1141
0.1111
0.2647
0.1144
0.1084
0.1831
0.1087
0.107
0.1731
0.1099
0.1068
0.1989
0.1091
0.1082
0.1423
0.1091
0.1068
0.142
0.1091
0.1073
0.1396
0.1103
0.1078
0.1391
0.1093
0.1065
0.1349
0.1098
0.1069
0.1407
0.1113
0.1069
0.1346
0.1117
0.1092
0.1359
0.1112
0.1096
0.1378
0.1111
0.1093
0.1404
0.1122
0.1095
0.1428
0.1116
0.11
0.1381
0.1128
0.1088
0.1371
0.1049
0.1173
0.1387
0.1097
0.1062
0.1429
0.1111
0.106
0.1372
0.1091
0.1061
0.1366
0.1083
0.1068
0.1377
0.1095
0.1059
0.1403
0.1104
0.1072
0.1401
0.1089
0.1062
0.136
0.1094
0.1093
0.1418
0.1122
0.1214
0.1416
0.1113
0.1093
0.141
0.1136
0.1099
0.1381
0.1106
0.1077
0.1373
0.1122
0.1084
0.1321
0.1113
0.1088
0.1474
0.1097
0.1062
0.1414
0.1098
0.1077
0.1312
0.1083
0.107
0.1407
0.1095
0.1068
0.1354
0.1094
0.1075
0.1326
0.1088
0.1064
0.1313
0.1093
0.1068
0.134
0.107
0.1053
0.1319
0.111
0.1083
0.1365
0.1106
0.1104
0.1366
0.1114
0.11
0.1416
0.111
0.1098
0.1337
0.1114
0.1099
0.1381
0.1118
0.1083
0.137
0.1114
0.1078
0.1381
0.1109
0.1076
0.1427
0.1119
0.1092
0.1387
0.111
0.1088
0.1358
0.1118
0.109
0.1422
0.1126
0.1394
0.1318
0.1124
0.1098
0.1363
0.1126
0.1079
0.1386
0.1125
0.1086
0.1363
0.1102
0.1084
0.1385
0.1105
0.1077
0.1386
0.1104
0.1096
0.1368
0.1104
0.1093
0.1394
0.1106
0.1089
0.1397
0.1119
0.1102
0.1321
0.1133
0.1097
0.1327
0.1114
0.1099
0.1385
0.1119
0.1094
0.1366
0.1121
0.1076
0.1408
0.11
0.1082
0.1385
0.1112
0.1095
0.14
0.1119
0.109

--------------------------
CreateVideoDecoder_D3D11_1
--------------------------
19.1756

---------------------------
DestroyVideoDecoder_D3D11_1
---------------------------
0

----------------
First Frame Time
----------------
69.9932

--------------------------------------
VideoDecoderBeginFrame_WDDM2_4_D3D11_1
--------------------------------------
0.0074
0.0029
0.0022
0.0022
0.0042
0.002
0.0045
0.0021
0.0017
0.0027
0.0037
0.0032
0.0024
0.0026
0.0023
0.0028
0.0037
0.0024
0.0026
0.0036
0.002
0.0018
0.0021
0.0021
0.0023
0.0019
0.0019
0.0018
0.0046
0.0018
0.0023
0.0021
0.0021
0.0017
0.0018
0.0017
0.0032
0.0019
0.0018
0.002
0.0017
0.0018
0.0026
0.0018
0.0022
0.0017
0.0014
0.0016
0.0029
0.0022
0.0017
0.0015
0.0016
0.0016
0.0015
0.0016
0.0016
0.0016
0.0016
0.0015
0.0016
0.0017
0.0015
0.0026
0.0015
0.0016
0.0015
0.002
0.0015
0.0015
0.0015
0.0015
0.0015
0.0015
0.0015
0.0015
0.0016
0.0023
0.0014
0.0014
0.0015
0.0015
0.0015
0.0015
0.0016
0.0015
0.0016
0.0016
0.0015
0.0015
0.0014
0.0015
0.0016
0.0015
0.0025
0.0016
0.0014
0.0016
0.0014
0.0016
0.0016
0.0016
0.0015
0.0014
0.0015
0.0015
0.0016
0.0016
0.0015
0.0015
0.0015
0.0016
0.0015
0.0015
0.0015
0.0015
0.0015
0.0016
0.0016
0.0017
0.0015
0.0017
0.0018
0.0015
0.0015
0.0017
0.0015
0.0015
0.0015
0.0014
0.0022
0.0015
0.0014
0.0015
0.0016
0.002
0.0015
0.0017
0.0015
0.0015
0.0014
0.0028
0.0023
0.0017
0.0015
0.0014
0.0016
0.0014
0.0015
0.0017
0.0019
0.0019
0.0016
0.0016
0.0016
0.0019
0.0016
0.0015
0.0016
0.0015
0.0015
0.0015
0.0015
0.0021
0.0018
0.0024
0.0015
0.0014
0.0015
0.0019
0.0016
0.0015
0.0016
0.0016
0.0015
0.0015
0.0018
0.0015
0.0016
0.0016
0.0015
0.0015
0.0015
0.0022
0.0015
0.0015
0.0016
0.0014
0.0015
0.0016
0.0019
0.0017
0.0015
0.0015
0.0015
0.0015
0.0015
0.0014
0.0015
0.0015
0.0015
0.0015
0.0014
0.0014
0.0015
0.0016
0.0015
0.0015
0.0015
0.0015
0.0016
0.0034
0.0015
0.0016
0.0015
0.0015
0.0015
0.0015
0.0024
0.0015
0.0015
0.0016
0.0016
0.0016
0.0016
0.0014
0.0015
0.0015
0.0015
0.0015
0.0015
0.0015
0.0014
0.0015
0.0015
0.0017
0.0016
0.0016
0.0016
0.0015
0.0015
0.0015
0.0015
0.0015
0.0015
0.0015
0.0015
0.0014
0.0016
0.0025
0.0015
0.0015
0.0015
0.0016
0.0015
0.0021
0.0025
0.0026
0.0022
0.0018
0.0017
0.0015
0.0014
0.0015
0.0016
0.0016
0.0016
0.0017
0.0015
0.0015
0.0015
0.0017
0.0016
0.0024
0.0017
0.0014
0.0015
0.0015
0.0015
0.0015
0.0015
0.0016
0.0016
0.0015
0.0015
0.0015
0.0016
0.0016
0.0017
0.0018
0.0017
0.0015
0.0015
0.0015
0.0015
0.0015
0.0016
0.0016
0.0015
0.0016
0.0016
0.0021
0.0026
0.0027
0.0027
0.0033
0.0021
0.0019
0.0016
0.0016
0.0037
0.0021
0.0026
0.0024
0.002
0.0017
0.0051
0.002
0.0019
0.0026
0.0018
0.0018
0.0024
0.0019
0.0017
0.0025
0.0017
0.0017
0.0024
0.0018
0.0017
0.0025
0.0019
0.0016
0.0025
0.0018
0.0017
0.0025
0.0018
0.0017
0.0025
0.0027
0.0028
0.0025
0.0019
0.0018
0.0026
0.002
0.0017
0.0026
0.0018
0.0015
0.0017
0.0016
0.0016
0.0015
0.0016
0.0016
0.0015
0.0016
0.0015
0.0017
0.0016
0.0016
0.0016
0.0038
0.002
0.0026
0.0024
0.004
0.0021
0.0017
0.0018
0.0022
0.0026
0.0019
0.0019
0.0026
0.0019
0.0026
0.0025
0.0027
0.002
0.0017
0.0015
0.0016
0.0015
0.0014
0.0015
0.0015
0.0015
0.0017
0.0016
0.0016
0.0017
0.0016
0.0016
0.0015
0.0015
0.0015
0.0015
0.0014
0.0015
0.0015
0.0015
0.0015
0.0017
0.0017
0.0016
0.0016
0.0016
0.0015
0.0015
0.0017
0.0015
0.0015
0.0015
0.0015
0.0015
0.0016
0.0015
0.0017
0.0016
0.0015
0.0014
0.0015
0.0015
0.0018
0.0015
0.0015
0.0015
0.0016
0.0015
0.0015
0.0015
0.0015
0.0016
0.0016
0.0016
0.0015
0.0015
0.0016
0.0015
0.0015
0.0014
0.0017
0.0015
0.0016
0.0015
0.0015
0.0015
0.0017
0.0015
0.0015
0.0015
0.0015
0.0015
0.0015
0.0014
0.0014
0.0014
0.0015
0.0015
0.0015
0.0016
0.0015
0.0016
0.0015
0.0015
0.0016
0.0016
0.0015
0.0015
0.0014
0.0046
0.0016
0.0015
0.0015
0.0014
0.0015
0.0016
0.0017
0.0015
0.0015
0.0016
0.0015
0.0026
0.002
0.0019
0.0024
0.0017
0.0024
0.0019
0.0024
0.0018
0.0024
0.002
0.0017
0.0024
0.0019
0.002
0.0024
0.0019
0.0017
0.0017
0.0015
0.0015
0.0014
0.0014
0.0015
0.0028
0.0025
0.0018
0.0023
0.002
0.0017
0.0016
0.0015
0.0026
0.0026
0.0022
0.0017
0.0026
0.0019
0.0027
0.0021
0.0019
0.0015
0.0017
0.0017
0.0015
0.0016
0.0015
0.0016
0.0015
0.0015
0.0016
0.0017
0.0015
0.0016
0.0015
0.0015
0.0016
0.0016
0.0016
0.0015
0.0016
0.0016
0.0016
0.0018
0.0016
0.0016
0.0015
0.0015
0.0016
0.0016
0.0015
0.0015
0.0016
0.0015
0.0015
0.0015
0.0015
0.0021
0.0015
0.0016
0.0015
0.0015
0.0015
0.0016
0.0015
0.0016
0.0017
0.0015
0.0015
0.0014
0.0015
0.0015
0.0017
0.0015
0.0015
0.0015
0.0016
0.0015
0.0017
0.0016
0.0015
0.0016
0.0016
0.0016
0.0015
0.0016
0.0015
0.0016
0.0017
0.0015
0.0016
0.0016
0.0015
0.0015

----------------------------
VideoDecoderEndFrame_D3D11_1
----------------------------
0.041
0.0577
0.0617
0.0608
0.0654
0.0609
0.0553
0.0544
0.0615
0.0606
0.0626
0.0648
0.0611
0.0661
0.0632
0.0715
0.0563
0.0592
0.0529
0.0545
0.0533
0.0585
0.056
0.0541
0.0522
0.0542
0.0523
0.0579
0.0581
0.0585
0.0586
0.057
0.0557
0.0548
0.0571
0.059
0.057
0.0537
0.0568
0.0534
0.0542
0.0547
0.0755
0.0578
0.0557
0.0536
0.054
0.0537
0.056
0.0549
0.0522
0.0516
0.0523
0.0527
0.0529
0.0541
0.0534
0.0546
0.0523
0.0518
0.0529
0.0531
0.0513
0.0559
0.0514
0.0514
0.0534
0.0527
0.052
0.0522
0.0507
0.0513
0.0511
0.052
0.0534
0.0525
0.0526
0.0509
0.0506
0.0517
0.0505
0.056
0.0515
0.0524
0.0495
0.0509
0.0653
0.0516
0.0535
0.0523
0.0556
0.0501
0.0498
0.0512
0.0551
0.0507
0.0506
0.0506
0.051
0.051
0.0517
0.0533
0.0511
0.053
0.0514
0.0502
0.0507
0.0512
0.0525
0.0528
0.0528
0.053
0.0513
0.0507
0.0507
0.051
0.0524
0.0518
0.051
0.0514
0.051
0.0512
0.0494
0.0516
0.0495
0.0513
0.0509
0.0507
0.0509
0.0518
0.0515
0.0508
0.0495
0.0527
0.0525
0.0519
0.0504
0.0516
0.0513
0.0511
0.0526
0.0558
0.0523
0.0509
0.0517
0.0519
0.0508
0.0512
0.0496
0.0514
0.0527
0.0535
0.0496
0.0508
0.0565
0.0505
0.0516
0.0507
0.0512
0.0528
0.0513
0.0498
0.0512
0.0523
0.054
0.0497
0.0505
0.0511
0.0515
0.0492
0.0521
0.0511
0.0527
0.0508
0.0515
0.0674
0.051
0.0513
0.0533
0.0497
0.0527
0.0645
0.0507
0.0496
0.0519
0.0514
0.0499
0.0507
0.0497
0.0512
0.0523
0.0527
0.0515
0.0504
0.0505
0.0529
0.0526
0.0521
0.0509
0.0522
0.0507
0.0541
0.0557
0.0512
0.0564
0.0501
0.051
0.054
0.0497
0.0528
0.0505
0.0538
0.0523
0.052
0.0527
0.0505
0.0499
0.0533
0.0516
0.0512
0.0507
0.0509
0.0503
0.0516
0.0512
0.0516
0.0526
0.0496
0.0508
0.0521
0.0493
0.051
0.0523
0.0502
0.0732
0.05
0.0507
0.0509
0.0518
0.0509
0.0519
0.0512
0.0511
0.0519
0.0508
0.0504
0.0502
0.0514
0.0517
0.0493
0.0522
0.0499
0.0509
0.0506
0.051
0.055
0.0538
0.0564
0.0544
0.0534
0.0525
0.0504
0.0515
0.0513
0.0511
0.0516
0.0565
0.0512
0.0509
0.0512
0.0521
0.0493
0.0499
0.0525
0.051
0.051
0.0514
0.0513
0.0513
0.049
0.0514
0.0523
0.0513
0.0511
0.0499
0.0521
0.0521
0.052
0.0513
0.0512
0.052
0.0523
0.0507
0.0512
0.0502
0.0513
0.0526
0.0514
0.0515
0.0513
0.0516
0.0568
0.0567
0.0542
0.0538
0.0536
0.0587
0.0528
0.0511
0.0535
0.0589
0.0513
0.0644
0.0512
0.0504
0.0588
0.0626
0.0508
0.0571
0.0514
0.0506
0.0562
0.0513
0.0509
0.0545
0.0515
0.0512
0.0592
0.0518
0.0534
0.0563
0.052
0.0509
0.0601
0.0538
0.0506
0.0575
0.0516
0.0506
0.0568
0.0512
0.0529
0.0563
0.0519
0.0514
0.058
0.0514
0.0502
0.0553
0.051
0.0516
0.0507
0.0519
0.0499
0.0512
0.0513
0.0533
0.0523
0.0495
0.0515
0.0513
0.0513
0.0515
0.0509
0.0525
0.0576
0.0639
0.0567
0.0517
0.0538
0.0559
0.0509
0.0511
0.0554
0.052
0.0507
0.0592
0.0531
0.051
0.0604
0.0517
0.0565
0.0557
0.052
0.0514
0.0502
0.0525
0.0515
0.0514
0.0498
0.0505
0.0511
0.052
0.0534
0.0515
0.0507
0.0513
0.0513
0.05
0.0502
0.0534
0.0518
0.0534
0.0504
0.0496
0.051
0.0498
0.0511
0.0526
0.051
0.0508
0.0555
0.0525
0.051
0.0512
0.0509
0.0512
0.0536
0.0515
0.0512
0.0518
0.0494
0.052
0.0515
0.0502
0.0519
0.051
0.0496
0.0516
0.0508
0.0511
0.0515
0.0526
0.0503
0.0523
0.0524
0.0512
0.0496
0.0523
0.0513
0.0516
0.0502
0.0519
0.0498
0.0501
0.0506
0.0512
0.0514
0.05
0.0518
0.0504
0.0515
0.0503
0.0516
0.0518
0.0534
0.0512
0.0512
0.05
0.0514
0.0513
0.0497
0.051
0.0526
0.0503
0.0508
0.05
0.0512
0.0511
0.051
0.0519
0.0516
0.0508
0.0523
0.0559
0.0515
0.0519
0.0518
0.0514
0.0514
0.0516
0.0512
0.0512
0.0519
0.0497
0.0503
0.0536
0.0518
0.0557
0.0526
0.0605
0.0519
0.0562
0.0517
0.0581
0.052
0.0501
0.0589
0.0517
0.0671
0.0562
0.0553
0.0521
0.0525
0.0521
0.0526
0.0506
0.0511
0.051
0.0513
0.0697
0.0536
0.0537
0.0514
0.0517
0.0523
0.0514
0.0503
0.058
0.057
0.0546
0.0534
0.0537
0.0514
0.057
0.0527
0.0521
0.0517
0.0518
0.0516
0.0521
0.0521
0.0514
0.0533
0.052
0.0525
0.05
0.0521
0.0497
0.051
0.0506
0.0518
0.0534
0.0512
0.0514
0.0517
0.0515
0.0511
0.0513
0.054
0.0507
0.0516
0.051
0.0503
0.0569
0.052
0.0526
0.0514
0.0513
0.051
0.0544
0.051
0.0514
0.0526
0.0501
0.0519
0.0521
0.0514
0.0514
0.0511
0.0517
0.051
0.0516
0.0511
0.0523
0.0532
0.0536
0.0514
0.0511
0.0507
0.0511
0.0517
0.051
0.0694
0.0523
0.0527
0.0515
0.0513
0.0519
0.0513
0.0518
0.052
0.0518
0.0514
0.051
0.0515
0.0501
0.0531
0.0516
0.0515

---------------------------------
VideoDecoderSubmitBuffers_D3D11_1
---------------------------------
7.4537
16.0134
7.4948
5.6227
6.5459
6.0999
6.7821
6.6083
6.1359
6.2354
1.7657
0.8665
0.7661
0.8611
0.9011
0.9209
0.5585
0.5081
0.4717
0.4723
0.4617
0.5094
0.4737
0.4676
0.4675
0.4631
0.4725
0.5145
0.5107
0.5119
0.5348
0.538
0.5085
0.5054
0.5043
0.5559
0.5968
0.5101
0.5091
0.4799
0.4782
0.4899
0.5013
0.5077
0.5065
0.4857
0.4708
0.4963
0.5565
0.5117
0.4733
0.4658
0.4622
0.463
0.4641
0.4626
0.4642
0.4898
0.4666
0.4651
0.4673
0.4497
0.4604
0.4637
0.4907
0.4839
0.4769
0.4655
0.4711
0.4784
0.499
0.4694
0.4726
0.4705
0.4794
0.4751
0.4702
0.4723
0.4803
0.4713
0.4659
0.4887
0.4712
0.4738
0.4685
0.4798
0.4752
0.4755
0.4742
0.4688
0.4713
0.4792
0.4794
0.4784
0.4857
0.4687
0.4717
0.4701
0.4697
0.4735
0.4681
0.4677
0.4745
0.4718
0.4752
0.5138
0.4727
0.4711
0.4733
0.4679
0.471
0.476
0.4736
0.4733
0.4687
0.4719
0.4695
0.4681
0.4677
0.47
0.4732
0.4686
0.4565
0.481
0.4695
0.4791
0.4702
0.4692
0.4674
0.4711
0.4685
0.4772
0.4795
0.4697
0.4671
0.4688
0.4689
0.466
0.4735
0.4733
0.4774
0.4768
0.4701
0.4673
0.4677
0.4669
0.4718
0.477
0.4687
0.4696
0.4681
0.4644
0.4712
0.4957
0.522
0.4705
0.4733
0.4706
0.5038
0.4776
0.4699
0.4719
0.4722
0.4644
0.4806
0.4725
0.4683
0.4674
0.4702
0.4653
0.4795
0.4752
0.4731
0.4716
0.4709
0.4839
0.4613
0.4707
0.4674
0.4697
0.4818
0.4711
0.4699
0.4611
0.4759
0.4686
0.4773
0.4687
0.4746
0.4738
0.4654
0.4726
0.4702
0.477
0.4668
0.4676
0.4643
0.4667
0.4704
0.469
0.4688
0.4703
0.4709
0.47
0.4707
0.4673
0.4696
0.4698
0.4677
0.4767
0.4683
0.4909
0.4713
0.4755
0.4701
0.4649
0.4769
0.48
0.4755
0.4674
0.4803
0.4757
0.4797
0.4753
1.4097
0.9857
0.9832
0.981
0.9793
0.47
0.4721
0.9788
0.9825
0.4779
1.037
0.9896
0.9795
1.0157
0.9812
0.9804
0.9782
0.9754
0.9767
0.9765
0.9736
0.9762
0.9739
0.9722
0.9803
0.9771
0.9727
0.978
0.9779
0.9804
0.9801
6.9459
4.0513
0.5037
0.5005
0.9928
0.9889
0.9898
0.9883
0.986
0.9783
0.9835
0.9821
0.9864
0.9874
0.9836
0.9835
0.4683
0.991
0.9846
0.9845
0.9853
0.9847
0.9883
0.9794
0.9827
0.9909
0.9856
0.982
0.9877
0.9803
0.9808
0.4702
0.9866
0.9835
1.0201
1.0001
0.9856
0.9849
0.9872
0.9856
0.9817
0.9837
0.991
0.9767
0.982
0.9812
11.6062
4.0974
0.498
0.5206
0.6727
15.6794
0.4925
0.9925
0.9898
0.5505
0.4804
1.7038
0.4886
0.4854
1.809
0.5081
0.4707
1.6061
0.4929
0.4674
1.802
0.4832
0.4743
1.8378
0.4846
0.4675
1.8547
0.4831
0.4731
1.8531
0.4934
0.4758
1.6295
0.4871
0.4679
1.7988
0.4807
0.4786
1.8404
0.4882
0.5219
1.7139
0.4842
0.4829
1.8553
0.4969
0.483
1.5996
0.4873
1.35
1.0075
0.9807
0.9871
0.9867
1.0478
0.9943
0.9905
0.9914
0.982
0.9833
0.4682
0.4754
0.9877
0.985
0.5401
11.4925
5.4877
0.4857
0.5733
1.6123
0.4847
0.4701
1.8816
0.4932
0.4837
1.7502
0.4972
0.4792
1.7445
0.4948
1.4196
1.0269
1.0134
1.0096
1.0101
1.0092
1.0096
1.0074
1.0129
1.0083
0.4737
0.4679
0.4693
0.4667
1.0099
1.0139
1.0065
1.0046
1.0103
1.0063
1.0093
1.0083
1.008
1.0137
1.0126
0.4685
1.0085
1.0114
1.0082
1.0075
1.0095
1.0012
0.4664
1.0048
1.0075
1.0076
1.01
1.0108
1.0092
1.0032
0.4655
1.0044
1.0071
1.0042
1.0052
1.004
0.4567
0.9963
0.9943
0.9903
0.9922
1.0061
0.9985
0.9984
1.0008
1.0116
1.0098
1.0064
1.0082
1.0001
0.9989
1.0017
0.9993
1.0194
0.9936
0.9788
0.995
0.9683
0.9715
0.9735
0.4702
0.9905
0.9833
0.9855
0.9825
0.9795
0.9763
0.9784
0.975
0.9815
0.9779
0.9744
0.9763
0.9821
0.977
0.989
0.9805
0.9825
0.984
0.976
0.9766
0.9851
0.9769
0.9876
0.9779
0.9777
0.9744
0.9742
0.9801
0.983
0.4776
0.9883
0.9829
0.9808
0.9822
0.5205
0.483
1.6546
0.4935
1.548
0.489
1.5249
0.4887
1.5378
0.491
0.4716
1.8943
0.4899
0.4835
2.4246
0.4898
0.4784
0.4582
0.4589
0.4718
0.4648
0.4548
0.456
0.4732
0.7889
0.4918
0.5203
0.4772
0.4588
0.4758
0.4654
0.4545
0.5313
0.518
0.4753
0.463
0.5317
0.475
0.5625
0.52
0.4743
0.5129
0.5122
0.5103
0.5119
0.5112
0.5083
0.6292
0.5064
0.5013
0.5256
0.4735
0.468
0.4666
0.4683
0.4732
0.4856
0.4778
0.476
0.4767
0.4764
0.4777
0.4736
0.4775
0.4656
0.4704
0.4604
0.4583
0.4608
0.4661
0.4628
0.4626
0.4876
0.5203
0.4731
0.4641
0.4646
0.4697
0.4824
0.4702
0.464
0.4764
0.4716
0.4652
0.4659
0.4617
0.4793
0.4763
0.4833
0.4806
0.4762
0.4796
0.4763
0.4763
0.4769
0.4771
0.4769
0.5136
0.4743
0.4776
0.4801
0.4757
0.4774
0.4768
0.4762
0.4786
0.4802
0.4803
0.4761
0.4781
0.477
0.4721
0.4771
0.4778

