---------------------------------------------
CalcPrivateVideoDecoderOutputViewSize_D3D11_1
---------------------------------------------
0.0022
0.0013
0.001
0.0018
0.0019
0.0009
0.0027
0.0018
0.0011
0.0024
0.0013
0.0013
0.0013
0.0055
0.0013
0.0009
0.0008
0.0009
0.0011
0.0078
0.0012
0.0008
0.0015
0.0015
0.0008
0.0009
0.0007
0.001
0.0016
0.001
0.0008
0.0014
0.0012
0.0008
0.0006
0.0008
0.0007
0.0016
0.0015
0.0017
0.0014
0.0049
0.0022
0.001
0.0008
0.0008
0.0009
0.0008
0.0008
0.0009
0.0009
0.0007
0.001
0.0007
0.0008
0.0008
0.0007
0.0009
0.0007
0.0011
0.0016
0.0016
0.0019
0.0031
0.0018
0.0019
0.001
0.0019
0.0009
0.002
0.0011
0.001
0.0012
0.0013
0.0012
0.001
0.0008
0.0012
0.0017
0.0016
0.0016
0.0017
0.0015
0.0016
0.0017
0.002
0.0017
0.0015
0.0012
0.0012
0.0009
0.0011
0.0008
0.0018
0.0028
0.001
0.0011
0.0016
0.0016
0.0017
0.001
0.0008
0.0008
0.002
0.001
0.0018
0.0017
0.0016
0.0016
0.0016
0.0016
0.0009
0.0013
0.0016
0.0017
0.0009
0.002
0.002
0.0019
0.0017
0.0016
0.0022
0.002
0.0017
0.0021
0.0022
0.0017
0.0021
0.0015
0.0021
0.0017
0.0017
0.0016
0.002
0.0016
0.0017
0.0016
0.0013
0.0013
0.0016
0.0016
0.0036
0.0009
0.0013
0.0016
0.0021
0.0017
0.002
0.002
0.0021
0.002
0.0018
0.0019
0.0016
0.0017
0.0016
0.0016
0.0019
0.0021
0.0016
0.0021
0.002
0.0017
0.0021
0.0016
0.0016
0.0016
0.0021
0.0015
0.0016
0.002
0.0021
0.0019
0.0016
0.0016
0.0016
0.0018
0.0019
0.002
0.0013
0.0019
0.0021
0.0016
0.0019
0.0017
0.0016
0.0016
0.0019
0.0014
0.0015
0.0011
0.0017
0.0016
0.0017
0.0013
0.0017
0.0015
0.0017
0.0016
0.0015
0.0016
0.0027
0.0013
0.0011
0.0016
0.0013
0.0017
0.0019
0.0019
0.0016
0.0016
0.0041
0.0019
0.0016
0.0014
0.0021
0.002
0.0014
0.0016
0.0059
0.0015
0.0013
0.001
0.0015
0.0015
0.0013
0.0019
0.0018
0.0019
0.002
0.0014
0.0009
0.0021
0.0016
0.0019
0.001
0.0016
0.0017
0.0016
0.0016
0.0022
0.0017
0.0016
0.0016
0.0016
0.002
0.0016
0.002
0.0017
0.0016
0.0017
0.002
0.0016
0.0021
0.001
0.0023
0.0017
0.0015
0.0023
0.0018
0.0017
0.0012
0.0016
0.0017
0.002
0.0015
0.0016
0.0023
0.0014
0.002
0.002
0.0012
0.0017
0.0018
0.0017
0.001
0.0021
0.0021
0.0012
0.0016
0.002
0.001
0.0016
0.0017
0.0021
0.0015
0.0018
0.0017
0.0021
0.0019
0.0015
0.0022
0.0018
0.001
0.0016
0.0016
0.0017
0.0023
0.001
0.0016

-----------------------
CodechalDecode::Execute
-----------------------
0.9932
0.752
0.8306
0.3494
0.6666
0.4069
0.3197
0.4122
1.1131
0.7572
0.7836
0.6622
0.2603
0.321
0.275
0.2371
0.2334
0.2935
0.2866
0.2907
0.2972
0.2757
0.2431
0.2732
0.2431
0.2343
0.2255
0.2585
0.2256
0.2485
0.2538
0.2499
0.238
0.2183
0.2228
0.2705
0.2611
0.2818
0.2483
0.2532
0.2788
0.2517
0.2314
0.2699
0.2586
0.2332
0.2352
0.2393
0.2486
0.2595
0.2273
0.246
0.2303
0.2202
0.2227
0.2237
0.2178
0.2229
0.2058
0.2682
0.2702
0.2626
0.2677
0.2743
0.2751
0.269
0.2426
0.3097
0.2214
0.2722
0.2434
0.2275
0.2468
0.2579
0.2671
0.2723
0.2281
0.2198
0.2811
0.2803
0.2771
0.2745
0.2725
0.2771
0.27
0.2746
0.2796
0.247
0.2269
0.2646
0.2296
0.2585
0.2172
0.2593
0.2793
0.2244
0.2471
0.2787
0.2804
0.2798
0.2373
0.2171
0.264
0.2765
0.2342
0.2285
0.268
0.2758
0.2697
0.2708
0.2857
0.24
0.2723
0.2692
0.2829
0.2396
0.2734
0.2716
0.2564
0.2707
0.3005
0.2574
0.2695
0.2636
0.2648
0.2722
0.2714
0.306
0.2631
0.2706
0.293
0.2619
0.2633
0.2598
0.2649
0.2692
0.2659
0.2305
0.2259
0.2748
0.2768
0.2789
0.2314
0.2657
0.263
0.2705
0.2663
0.2739
0.2631
0.2737
0.2719
0.2612
0.2672
0.2594
0.2723
0.2652
0.2735
0.2665
0.2801
0.2679
0.2715
0.2719
0.2643
0.2726
0.2703
0.269
0.2642
0.2664
0.2644
0.2648
0.2733
0.2709
0.2644
0.2639
0.2671
0.2702
0.2746
0.2703
0.318
0.3368
0.2748
0.3611
0.257
0.2699
0.2679
0.2569
0.2697
0.2465
0.2297
0.2378
0.2312
0.2682
0.2685
0.329
0.2632
0.2419
0.2362
0.2668
0.2682
0.2887
0.2314
0.2686
0.2328
0.2312
0.2272
0.2578
0.269
0.2745
0.2534
0.265
0.2674
0.2621
0.2616
0.2711
0.2641
0.272
0.2653
0.239
0.3381
0.2383
0.2573
0.2603
0.2263
0.3362
0.3225
0.2402
0.2714
0.2654
0.3721
0.2681
0.3581
0.247
0.2791
0.27
0.2712
0.2271
0.2731
0.2713
0.2489
0.2728
0.3095
0.2578
0.2624
0.2685
0.2662
0.2755
0.27
0.2883
0.2675
0.2769
0.2774
0.28
0.7666
0.2738
0.2306
0.3047
0.2494
0.2303
0.3068
0.2458
0.2871
0.2373
0.2369
0.2931
0.2709
0.237
0.2824
0.2807
0.2423
0.2702
0.2833
0.2309
0.2671
0.2733
0.2846
0.2401
0.273
0.2845
0.2362
0.2736
0.2829
0.2299
0.2923
0.2741
0.2815
0.2472
0.2698
0.2803
0.271
0.2741
0.2378
0.2824
0.283
0.2374
0.2817
0.2351
0.2831
0.2819
0.2354
0.2792

---------------------------------------
CodechalDecodeHevcG12::DecodeStateLevel
---------------------------------------
0.1347
0.2471
0.434
0.2056
0.5794
0.1357
0.1153
0.1334
0.4388
0.1273
0.1674
0.1348
0.0644
0.1376
0.0986
0.1633
0.8648
0.1437
0.0396
0.1195
0.033
0.1203
0.0403
0.1225
0.036
0.1162
0.0526
0.1365
0.0381
0.139
0.0351
0.108
0.0322
0.1084
0.041
0.1473
0.0439
0.1303
0.0405
0.1297
0.0383
0.1569
0.0415
0.123
0.0356
0.1108
0.0401
0.1261
0.0339
0.1152
0.0315
0.1108
0.0307
0.1069
0.0355
0.1183
0.0338
0.0928
0.0414
0.1148
0.0349
0.1249
0.0384
0.1076
0.0334
0.1062
0.0308
0.1011
0.0298
0.1058
0.0395
0.1265
0.0307
0.1102
0.0408
0.1282
0.0381
0.1118
0.0371
0.1125
0.0437
0.1253
0.0337
0.1157
0.0323
0.1038
0.0413
0.1166
0.0415
0.1156
0.0336
0.1092
0.0331
0.1088
0.0371
0.1081
0.034
0.1159
0.0365
0.122
0.0317
0.1054
0.0319
0.1101
0.0319
0.1048
0.0298
0.1069
0.0321
0.1042
0.0332
0.1055
0.0291
0.1054
0.0307
0.1054
0.0309
0.0881
0.038
0.1202
0.0395
0.1207
0.0388
0.1132
0.0405
0.1169
0.0414
0.1194
0.0407
0.1208
0.0379
0.121
0.032
0.1124
0.0473
0.1281
0.0307
0.1044
0.0402
0.1191
0.0346
0.1107
0.0327
0.105
0.0346
0.1115
0.0409
0.1144
0.0412
0.1196
0.0421
0.1227
0.0316
0.104
0.0305
0.1031
0.0433
0.1252
0.0433
0.1253
0.0396
0.1248
0.0393
0.1232
0.0389
0.122
0.0403
0.1249
0.0385
0.1223
0.0394
0.1231
0.0423
0.1241
0.0363
0.1134
0.0341
0.0973
0.0399
0.1208
0.0309
0.1061
0.0416
0.1107
0.0301
0.1008
0.0418
0.1114
0.0464
0.1166
0.033
0.1017
0.0345
0.1113
0.0402
0.1233
0.0411
0.1232
0.0407
0.1234
0.0324
0.1095
0.0301
0.1006
0.042
0.1161
0.0423
0.1199
0.0319
0.1093
0.0319
0.1053
0.0383
0.1195
0.0388
0.1247
0.0388
0.1199
0.0384
0.1207
0.043
0.1243
0.0367
0.1069
0.0381
0.1204
0.0377
0.1219
0.0398
0.1282
0.0331
0.1126
0.0395
0.1246
0.039
0.1234
0.0409
0.1046
0.0418
0.1178
0.0483
0.1272
0.0377
0.1125
0.0391
0.1198
0.0385
0.1173
0.0387
0.1189
0.0399
0.1228
0.0399
0.1234
0.0508
0.129
0.0374
0.1177
0.0392
0.1215
0.0478
0.1215
0.038
0.1147
0.0396
0.1156
0.0375
0.1139
0.0388
0.1173
0.0415
0.1178
0.0377
0.1203
0.031
0.1088
0.0319
0.1075
0.0385
0.1248
0.0388
0.1266
0.0394
0.125
0.0331
0.1089
0.0404
0.1155
0.037
0.1174
0.0385
0.1228
0.0385
0.1195
0.0402
0.1255
0.041
0.1113
0.0389
0.1248
0.0399
0.1233
0.0409
0.1117
0.0402
0.1174
0.0373
0.1142
0.0398
0.1214
0.038
0.1187
0.0408
0.1222
0.0385
0.1197
0.0455
0.1233
0.0409
0.118
0.0382
0.1217
0.0387
0.1231
0.0384
0.1163
0.04
0.122
0.0383
0.1222
0.0385
0.1223
0.0399
0.1162
0.0407
0.1173
0.0379
0.1183
0.0372
0.1198
0.0398
0.1238
0.0401
0.12
0.038
0.1193
0.0387
0.1162
0.0397
0.1181
0.0416
0.12
0.0393
0.1241
0.0345
0.1315
0.0466
0.1352
0.0531
0.1604
0.0384
0.119
0.0515
0.1601
0.0382
0.1141
0.042
0.1182
0.0397
0.1175
0.0386
0.1115
0.0405
0.1201
0.0358
0.1101
0.0336
0.1062
0.0344
0.1078
0.0341
0.1058
0.0421
0.1175
0.0395
0.1202
0.0461
0.1523
0.0438
0.1138
0.0342
0.1096
0.034
0.1076
0.0391
0.1181
0.0411
0.1179
0.0448
0.1283
0.0328
0.1093
0.0385
0.1204
0.0324
0.107
0.0317
0.1087
0.0331
0.1057
0.042
0.1134
0.041
0.1192
0.0446
0.1204
0.0391
0.1059
0.0384
0.1177
0.0393
0.1184
0.0393
0.1118
0.0385
0.1145
0.0402
0.1206
0.0406
0.1153
0.0428
0.1208
0.0384
0.1203
0.0339
0.1096
0.0424
0.1581
0.0342
0.1078
0.041
0.1096
0.0358
0.1212
0.0343
0.1029
0.0458
0.1569
0.0426
0.1564
0.0326
0.1075
0.0386
0.1237
0.0381
0.1193
0.0531
0.1753
0.0382
0.1202
0.0526
0.169
0.0357
0.1126
0.0388
0.127
0.0387
0.1239
0.0402
0.1217
0.0313
0.1058
0.0383
0.1249
0.043
0.1193
0.0398
0.1
0.0415
0.1201
0.0463
0.1242
0.0383
0.1114
0.0376
0.1159
0.0374
0.1202
0.0381
0.1186
0.0402
0.1226
0.0407
0.1198
0.0467
0.1185
0.0373
0.1209
0.0381
0.1281
0.0385
0.1234
0.0393
0.1279
0.0386
0.1224
0.0392
0.1239
0.0324
0.1072
0.0492
0.1259
0.0356
0.1176
0.0321
0.1087
0.0433
0.1338
0.0353
0.1137
0.0408
0.1291
0.033
0.1092
0.0358
0.107
0.054
0.1254
0.0393
0.1213
0.0328
0.1093
0.0393
0.1282
0.0409
0.1258
0.0382
0.0986
0.0386
0.1204
0.0444
0.1243
0.0354
0.1039
0.0383
0.1188
0.0392
0.1227
0.041
0.1298
0.0317
0.1127
0.0387
0.1224
0.0411
0.1281
0.0333
0.1121
0.0428
0.1202
0.0418
0.1277
0.0308
0.1095
0.043
0.1144
0.0382
0.1228
0.0411
0.1256
0.0332
0.1134
0.0395
0.1198
0.0446
0.1232
0.0386
0.1217
0.0383
0.1233
0.0321
0.1141
0.0397
0.1269
0.0414
0.1279
0.0326
0.114
0.0421
0.1267
0.0353
0.1098
0.0389
0.1288
0.0402
0.1286
0.0312
0.1125
0.0399
0.1278

-------------------------------------
CodechalDecodeHevcG12::SetFrameStates
-------------------------------------
0.3717
0.0102
0.0087
0.0088
0.0108
0.0105
0.0158
0.0118
0.0084
0.0108
0.006
0.0099
0.0098
0.0128
0.0077
0.0087
0.0085
0.0085
0.011
0.011
0.0083
0.0106
0.0088
0.0093
0.0071
0.0066
0.0064
0.0075
0.0078
0.0078
0.0069
0.0083
0.0086
0.0064
0.0063
0.0083
0.0083
0.01
0.0082
0.0097
0.0092
0.0091
0.0097
0.0113
0.0086
0.0071
0.009
0.0084
0.0072
0.0094
0.0088
0.0099
0.0084
0.0059
0.006
0.0061
0.0059
0.0063
0.0064
0.0094
0.0094
0.0092
0.0093
0.0099
0.0095
0.0095
0.0084
0.0145
0.0078
0.0097
0.0079
0.0085
0.0087
0.0093
0.0089
0.0095
0.0079
0.0062
0.0097
0.0095
0.0103
0.0093
0.0094
0.0095
0.0093
0.0095
0.0094
0.009
0.0083
0.0083
0.0074
0.0089
0.0066
0.0109
0.0123
0.0079
0.0097
0.0096
0.0098
0.0097
0.0078
0.0065
0.0081
0.0098
0.0078
0.0062
0.0094
0.0094
0.0094
0.0095
0.0115
0.0077
0.0123
0.0095
0.0097
0.0075
0.0095
0.0093
0.0097
0.0094
0.012
0.0091
0.0094
0.0094
0.0093
0.0095
0.0093
0.0122
0.0095
0.0095
0.0124
0.0095
0.0098
0.0095
0.0094
0.0095
0.0095
0.0078
0.0076
0.0098
0.0096
0.0108
0.0072
0.0093
0.0093
0.0095
0.0093
0.0094
0.0094
0.0097
0.0094
0.0093
0.0092
0.0095
0.0096
0.0094
0.0094
0.0094
0.0096
0.0094
0.0115
0.0097
0.01
0.0098
0.0094
0.0094
0.0093
0.0095
0.0094
0.0094
0.0094
0.0097
0.0096
0.0095
0.01
0.0096
0.0095
0.0103
0.0119
0.0105
0.0097
0.0131
0.0083
0.0095
0.0094
0.0112
0.0099
0.01
0.0092
0.0096
0.0089
0.0098
0.0096
0.0124
0.0096
0.0094
0.0105
0.0097
0.0094
0.0093
0.0074
0.0095
0.0087
0.0076
0.0083
0.0092
0.0099
0.01
0.0094
0.0096
0.0098
0.0109
0.0091
0.0096
0.0093
0.0096
0.0093
0.0085
0.0122
0.0082
0.0105
0.0099
0.0078
0.0117
0.0108
0.0083
0.0095
0.0094
0.0121
0.0093
0.0105
0.0077
0.0094
0.0094
0.0096
0.0082
0.0097
0.0098
0.0096
0.0112
0.0095
0.0095
0.0093
0.0094
0.0094
0.0093
0.0094
0.0123
0.0095
0.0095
0.0118
0.0096
0.0094
0.0093
0.0078
0.014
0.0094
0.0079
0.0143
0.0087
0.0107
0.008
0.0075
0.0097
0.0093
0.0074
0.0106
0.0095
0.0107
0.0094
0.0097
0.0071
0.0093
0.0097
0.0097
0.0088
0.0094
0.0095
0.0075
0.0095
0.0097
0.0075
0.0101
0.0102
0.0098
0.0092
0.0095
0.0093
0.0095
0.0095
0.0076
0.0106
0.0097
0.0074
0.0095
0.0072
0.0102
0.0095
0.0077
0.0096

--------------------------
CreateVideoDecoder_D3D11_1
--------------------------
22.1846
20.4323
17.8702
12.5333

---------------------------
DestroyVideoDecoder_D3D11_1
---------------------------
13.4128
13.2852
40.184
0

---------------------
DxvaEncodeHEVC_Create
---------------------
22.0304
20.2801
17.715

-----------------------
DxvaEncodeHEVC_EndFrame
-----------------------
0.0016
0.0011
0.0011
0.0016
0.0012
0.001
0.0012
0.0009
0.0007
0.0016
0.001
0.0008
0.0007
0.0022
0.0008
0.0009
0.0007
0.0006
0.0006
0.0029
0.0007
0.0008
0.0005
0.0008
0.0007
0.0006
0.0009
0.0009
0.0027
0.0008
0.0007
0.0009
0.0007
0.0005
0.0009
0.0008
0.0009
0.0008
0.001
0.0008
0.0007
0.0006
0.0017
0.0007
0.0007
0.0011
0.0009
0.0011
0.0008
0.0009
0.0009
0.0006
0.0009
0.001
0.0008
0.0015
0.0007
0.0006
0.0006
0.0006
0.0005
0.0006
0.0006
0.0027
0.0009
0.0008
0.0009
0.0011
0.0007
0.0009
0.0009
0.0009
0.002
0.0007
0.0008
0.0007
0.0006
0.0007
0.0006
0.0006
0.0006
0.0006
0.0005
0.0009
0.0008
0.0008
0.001
0.0007
0.0007
0.0008
0.0009
0.001
0.0007
0.0006
0.0027
0.0011
0.0008
0.0006
0.0007
0.0007
0.0008
0.0006
0.0006
0.0005
0.0005
0.0005
0.0009
0.001
0.0007
0.0007
0.0006
0.0007
0.0007
0.0006
0.0007
0.0009
0.0008
0.0007
0.0006
0.0008
0.0006
0.0007
0.0006
0.001
0.0009
0.0006
0.0008
0.0008
0.0008
0.0009
0.0008
0.0008
0.0008
0.0005
0.0008
0.0007
0.0008
0.0009
0.0008
0.0009
0.0007
0.0038
0.0005
0.0005
0.0004
0.0005
0.0006
0.0008
0.0006
0.0011
0.0005
0.001
0.0006
0.0006
0.0005
0.0009
0.0005
0.0008
0.001
0.0005
0.0004
0.0004
0.0008
0.0008
0.0008
0.0008
0.0008
0.0005
0.0006
0.0008
0.0008
0.0007
0.0007
0.0008
0.0007
0.0007
0.0006
0.0008
0.0006
0.001
0.0009
0.0013
0.0016
0.0009
0.0008
0.001
0.0008
0.0008
0.0008
0.0008
0.0008
0.0008
0.0008
0.0009
0.0008
0.0009
0.0008
0.001
0.0009
0.0011
0.0008
0.0009
0.0009
0.0008
0.0006
0.0009
0.0008
0.0008
0.0008
0.0006
0.0007
0.0051
0.001
0.001
0.0008
0.0009
0.0008
0.001
0.0008
0.0013
0.001
0.0008
0.0007
0.0007
0.0009
0.0007
0.0007
0.0006
0.0006
0.0006
0.0006
0.0006
0.0008
0.0008
0.0009
0.0008
0.0006
0.0008
0.0009
0.0008
0.0009
0.0008
0.0008
0.0009
0.001
0.0008
0.0007
0.0007
0.0006
0.0007
0.0006
0.0009
0.0007
0.0008
0.0008
0.0009
0.0008
0.0007
0.0009
0.0009
0.0008
0.0008
0.0009
0.001
0.0008
0.0009
0.0007
0.0007
0.0005
0.0007
0.0006
0.0006
0.0006
0.0006
0.0006
0.0006
0.0006
0.0005
0.0005
0.0008
0.0007
0.0006
0.0009
0.0008
0.0007
0.0007
0.0005
0.0009
0.0005
0.0006
0.0006
0.0006
0.0009
0.0007
0.0007
0.0005
0.0008
0.0007
0.0005
0.0006

----------------------
DxvaEncodeHEVC_Execute
----------------------
0.003
0.0012
13.2638
8.4128
0.5222
6.8536
0.5009
2.141
0.4349
1.7681
0.226
1.951
0.1608
2.1004
0.2774
1.905
0.0184
0.8603
0.0184
0.9071
0.0187
1.382
0.0313
1.2343
0.0142
0.849
0.0144
1.4417
0.0175
0.7788
0.0156
0.8214
0.023
1.4489
0.0182
1.3481
0.0243
0.7575
0.0141
1.381
0.0182
0.7972
0.0219
0.791
0.0169
0.7738
0.0165
1.3845
0.0204
0.769
0.017
0.7781
0.0168
1.4336
0.0227
1.3432
0.0177
1.4019
0.0157
0.7478
0.0142
0.7634
0.0157
1.4777
0.016
0.7646
0.0126
0.7674
0.0143
1.4504
0.0188
0.8488
0.0166
0.8074
0.0174
1.4022
0.018
1.3981
0.0143
0.7523
0.0128
0.7344
0.0126
0.746
0.0125
0.7425
0.0129
0.7955
0.0161
0.786
0.0158
1.5013
0.024
1.4268
0.0196
1.411
0.014
0.7522
0.0132
0.8324
0.0186
0.8028
0.0209
0.7439
0.013
1.4504
0.0248
0.8079
0.0207
0.7648
0.0131
0.7485
0.0128
0.7721
0.0121
0.734
0.0119
0.7218
0.0116
0.7444
0.012
0.7073
0.0113
0.7218
0.013
0.7451
0.013
0.7304
0.013
1.7792
0.0211
0.7816
0.0159
1.3283
0.0154
1.4189
0.016
0.7581
0.016
0.8448
0.0275
0.9
0.0135
0.8348
0.016
0.8285
0.0166
0.7829
0.0133
0.7566
0.0129
0.7707
0.0155
0.7716
0.0151
0.7592
0.0151
0.7452
0.0148
0.7656
0.0145
0.7405
0.0127
0.7451
0.0128
0.8138
0.0149
0.8502
0.0188
0.8386
0.0149
0.834
0.0159
0.8283
0.0157
0.8346
0.016
0.7587
0.0131
0.8594
0.0174
0.8273
0.0152
0.8406
0.0168
0.7459
0.0124
0.7665
0.0165
0.7517
0.0125
1.3702
0.0192
0.8355
0.0207
0.7384
0.0124
0.7338
0.0135
0.7684
0.0156
0.8556
0.0255
0.7396
0.012
0.7302
0.012
0.7341
0.0122
0.7307
0.0122
0.7482
0.0123
1.7131
0.016
0.8281
0.0328
1.3047
0.0127
1.2952
0.0127
1.6634
0.0128
1.2621
0.0127
1.287
0.012
1.2899
0.0154
1.2552
0.0125
0.8316
0.022
0.8257
0.0137
1.2519
0.0121
1.2838
0.0121
0.838
0.0345
1.1922
0.0123
1.2628
0.0125
1.2721
0.0116
0.8334
0.0229
1.6084
0.0155
1.2866
0.0131
0.8213
0.0332
0.8146
0.0137
0.8287
0.0141
0.8152
0.0147
0.8208
0.014
0.8325
0.0139
0.813
0.0136
1.2837
0.0116
0.8321
0.0135
0.8252
0.0136
1.3036
0.0131
0.9154
0.0171
1.274
0.0125
1.0498
0.0166
1.6573
0.0122
0.8284
0.0245
1.2895
0.0143
1.3206
0.0122
1.2532
0.012
1.2875
0.0136
1.28
0.012
0.8302
0.0222
1.2902
0.012
0.8291
0.0306
1.2787
0.0121
0.8298
0.0344
1.2569
0.0118
1.2887
0.0123
1.2878
0.0124
0.8369
0.0333
1.2778
0.0117
1.2766
0.0151
0.8372
0.0338
1.278
0.0118
1.2758
0.0116
1.2745
0.0119
0.8182
0.0212
0.8424
0.0138
0.8185
0.0135
0.8203
0.0142
1.2904
0.0122
1.2851
0.0117
1.2683
0.0118
0.8232
0.0225
0.8187
0.0136
1.2812
0.0117
1.2858
0.0122
0.8548
0.028
1.2967
0.0121
1.6978
0.0132
1.2833
0.0122
1.7056
0.014
1.2771
0.0127
0.8359
0.0139
1.3471
0.0137
0.9243
0.0177
0.8539
0.0157
0.8397
0.016
0.8295
0.0138
0.846
0.0187
0.8195
0.0142
0.8194
0.0138
0.8298
0.0139
0.8342
0.0135
0.8456
0.0151
0.8266
0.016
0.8147
0.0139
0.8206
0.0137
0.8176
0.016
0.833
0.0144
0.8224
0.0139
0.8315
0.0186
0.821
0.0158
0.8477
0.0166
0.849
0.0159
0.9336
0.0141
0.8946
0.0159
1.3262
0.0129
1.2902
0.012
0.8289
0.0215
0.8326
0.0135
0.8228
0.0139
0.8263
0.0142
1.2992
0.0128
1.6464
0.0126
1.6253
0.0171
0.8188
0.0183
0.8252
0.014
1.5301
0.0164
0.8332
0.0148
0.8425
0.0163
0.8401
0.0138
0.8144
0.014
0.8329
0.014
1.6875
0.0136
1.2483
0.0126
1.2994
0.0123
1.2858
0.0127
0.8723
0.0146
0.8065
0.0159
1.6632
0.0119
1.288
0.012
1.2847
0.0118
1.2689
0.0119
1.2583
0.0123
1.2801
0.012
0.8278
0.014
0.8238
0.0133
0.8155
0.014
1.3066
0.0131
1.2924
0.0162
0.8194
0.0147
0.8176
0.014
0.8087
0.0136
0.7609
0.0153
0.7392
0.0127
0.8371
0.0154
0.8331
0.0171
0.8251
0.0138
0.7317
0.0126
0.7595
0.0161
0.743
0.0124
0.739
0.0133
0.8735
0.0149
0.7942
0.0123
0.8286
0.0149
0.7748
0.0128
0.8615
0.0146
1.0918
0.0143
1.0935
0.0147
0.8417
0.0142
0.7664
0.0129
0.8261
0.0143
0.8345
0.0134
0.8218
0.0144
0.7557
0.0132
0.8409
0.0133
0.8135
0.014
0.772
0.0128
0.8534
0.017
0.7878
0.0119
0.7615
0.012
0.7619
0.0118
0.7748
0.012
0.7554
0.0118
0.7525
0.0124
0.7618
0.0122
0.756
0.012
0.7514
0.0128
0.7624
0.0119
0.754
0.0116
0.7443
0.0117
0.7513
0.0119
0.8256
0.0171
0.8089
0.0131
0.7578
0.012
0.8374
0.0196
0.7741
0.0127
0.772
0.015
0.742
0.0126
0.756
0.0123
0.842
0.0165
0.7812
0.0125
0.7588
0.0123
0.7612
0.0122
0.7695
0.0119
0.8417
0.0158
0.7492
0.0123
0.7213
0.0123
0.7662
0.0116
0.7872
0.0161
0.7366
0.0132
0.7994
0.0161
0.7606
0.0118
0.0327

----------------
First Frame Time
----------------
147.828

----------------------
HEVC_QueryStatusReport
----------------------
0.5198
0.4987
0.4334
0.2244
0.1594
0.276
0.017
0.0172
0.0174
0.0304
0.0132
0.0133
0.0146
0.014
0.0214
0.0171
0.0228
0.013
0.0166
0.0194
0.0155
0.0143
0.0191
0.0159
0.0159
0.0211
0.0165
0.0142
0.0131
0.0147
0.0148
0.0114
0.0133
0.0174
0.0149
0.0156
0.0165
0.0129
0.0116
0.0106
0.0115
0.0119
0.015
0.0148
0.0223
0.0152
0.0126
0.0121
0.017
0.0172
0.012
0.0234
0.0171
0.012
0.0117
0.011
0.0109
0.0106
0.011
0.0103
0.0118
0.0113
0.0117
0.0196
0.0148
0.0142
0.0142
0.015
0.0258
0.0123
0.0146
0.0151
0.0121
0.0116
0.0144
0.0141
0.0141
0.0138
0.0135
0.0118
0.0118
0.014
0.0172
0.0136
0.0144
0.014
0.0147
0.0119
0.0161
0.0138
0.0151
0.0114
0.0154
0.0115
0.0179
0.0193
0.0115
0.0125
0.0145
0.024
0.0111
0.011
0.0112
0.0113
0.0113
0.0147
0.0316
0.0116
0.0116
0.0116
0.0116
0.0109
0.0137
0.0114
0.0206
0.0125
0.0112
0.011
0.0332
0.0113
0.0113
0.0107
0.0215
0.0138
0.0121
0.0321
0.0125
0.0128
0.0135
0.0126
0.0127
0.0123
0.0107
0.0123
0.0124
0.012
0.0159
0.0114
0.0153
0.0111
0.0232
0.0132
0.0112
0.0109
0.0126
0.011
0.0207
0.011
0.0294
0.011
0.0331
0.0107
0.0114
0.0113
0.032
0.0107
0.0114
0.0326
0.0107
0.0107
0.0109
0.0201
0.0125
0.0123
0.013
0.0111
0.0107
0.0109
0.0212
0.0125
0.0106
0.0111
0.0265
0.0111
0.012
0.0112
0.0129
0.0117
0.0125
0.0124
0.0158
0.0141
0.0146
0.0126
0.017
0.013
0.0126
0.0125
0.0123
0.0136
0.0145
0.0127
0.0125
0.0144
0.013
0.0126
0.0169
0.0144
0.015
0.0144
0.0127
0.0142
0.0117
0.011
0.0192
0.0122
0.0127
0.013
0.0118
0.0116
0.0151
0.0169
0.0126
0.0143
0.0126
0.0149
0.0125
0.0127
0.0127
0.0123
0.0115
0.0111
0.0114
0.0132
0.0145
0.011
0.0111
0.0108
0.011
0.0114
0.0111
0.0127
0.0121
0.0128
0.012
0.0118
0.0135
0.0127
0.0124
0.0141
0.0117
0.0143
0.0156
0.0126
0.0117
0.015
0.0113
0.0121
0.0138
0.0113
0.0134
0.0117
0.0134
0.0129
0.0134
0.013
0.0118
0.0129
0.0122
0.013
0.012
0.012
0.0126
0.0117
0.0157
0.0109
0.0111
0.0109
0.0111
0.0109
0.0114
0.0112
0.0111
0.0109
0.0109
0.0106
0.0107
0.011
0.0158
0.012
0.011
0.0181
0.0116
0.0138
0.0115
0.0113
0.015
0.0115
0.0114
0.0111
0.0109
0.0146
0.0111
0.0112
0.0107
0.0148
0.0121
0.0152
0.0109
0.031

--------------------------------------
VideoDecoderBeginFrame_WDDM2_4_D3D11_1
--------------------------------------
0.0084
0.0027
0.0022
0.003
0.0022
0.0024
0.0078
0.0051
0.0026
0.0039
0.0035
0.0035
0.0029
0.0034
0.0033
0.0022
0.0018
0.0022
0.0026
0.0043
0.0031
0.0022
0.0026
0.003
0.0024
0.0022
0.0025
0.0019
0.003
0.0022
0.0019
0.0034
0.0021
0.002
0.0016
0.0018
0.0022
0.0038
0.0037
0.0027
0.0022
0.0027
0.0042
0.0027
0.0019
0.0019
0.0019
0.0019
0.0024
0.0023
0.0025
0.0032
0.0022
0.002
0.0017
0.0017
0.0021
0.0018
0.0018
0.005
0.0039
0.0037
0.0035
0.0061
0.0036
0.0037
0.0022
0.0036
0.002
0.0039
0.0024
0.0021
0.0025
0.0028
0.0024
0.002
0.002
0.0025
0.0037
0.004
0.0037
0.0043
0.0039
0.0039
0.004
0.004
0.0042
0.0036
0.003
0.0028
0.0021
0.0027
0.0019
0.0036
0.0048
0.0025
0.0066
0.0039
0.0042
0.0038
0.0022
0.0019
0.0019
0.004
0.002
0.0019
0.0038
0.0041
0.0046
0.0041
0.0031
0.0019
0.0028
0.0042
0.0041
0.002
0.0033
0.0036
0.0034
0.0032
0.0037
0.0035
0.0043
0.0032
0.0037
0.004
0.0034
0.0039
0.0032
0.0037
0.003
0.004
0.004
0.0037
0.0039
0.0037
0.0039
0.0024
0.003
0.0032
0.0041
0.0055
0.002
0.005
0.0028
0.0034
0.0032
0.0036
0.0033
0.0038
0.0035
0.0032
0.0039
0.0033
0.004
0.0032
0.0041
0.0034
0.004
0.0031
0.0037
0.004
0.0033
0.0044
0.0033
0.0041
0.004
0.0042
0.0039
0.0037
0.0034
0.0044
0.0034
0.0035
0.0038
0.0032
0.0039
0.0033
0.004
0.0029
0.0035
0.004
0.0029
0.0038
0.0043
0.0036
0.0037
0.0033
0.0045
0.0033
0.002
0.004
0.0042
0.0037
0.0025
0.0031
0.0025
0.0039
0.0039
0.0027
0.0027
0.0033
0.0024
0.0037
0.0042
0.0024
0.0039
0.004
0.0035
0.0033
0.0038
0.0075
0.0043
0.0036
0.0029
0.0033
0.0038
0.003
0.0032
0.0038
0.0028
0.0057
0.0024
0.0032
0.0028
0.0024
0.0037
0.0038
0.0039
0.0035
0.0043
0.0019
0.0038
0.0037
0.0037
0.0024
0.0039
0.004
0.0041
0.0037
0.0039
0.0041
0.0042
0.0037
0.004
0.0033
0.0034
0.0041
0.0041
0.004
0.003
0.0041
0.0031
0.0039
0.0028
0.0041
0.0037
0.0032
0.0037
0.0038
0.0035
0.0031
0.0027
0.0034
0.004
0.0029
0.0032
0.004
0.003
0.0036
0.0032
0.003
0.0033
0.003
0.003
0.0025
0.0029
0.003
0.0032
0.0031
0.0029
0.0031
0.0032
0.0032
0.0032
0.0035
0.0037
0.004
0.0031
0.0034
0.0033
0.0038
0.0031
0.0026
0.003
0.0034
0.0034
0.003
0.0031
0.0044

----------------------------
VideoDecoderEndFrame_D3D11_1
----------------------------
0.0335
0.0539
0.0823
0.1001
0.0998
0.0986
0.0041
0.1243
0.0034
0.004
0.0568
0.0552
0.0043
0.0049
0.0849
0.0033
0.0566
0.0031
0.0622
0.0047
0.0588
0.0034
0.0584
0.0036
0.0531
0.0029
0.0572
0.0028
0.0586
0.0026
0.052
0.004
0.0602
0.0023
0.0585
0.0025
0.0546
0.0027
0.0604
0.0023
0.0553
0.0022
0.0604
0.0056
0.0587
0.0028
0.0578
0.0028
0.054
0.0022
0.0567
0.0032
0.0547
0.0025
0.0538
0.0022
0.0552
0.0031
0.0604
0.0028
0.0648
0.0048
0.0528
0.0039
0.0573
0.0022
0.0559
0.0031
0.0554
0.0022
0.6318
0.0019
0.0439
0.003
0.0566
0.0025
0.0618
0.0028
0.0613
0.0032
0.056
0.0032
0.0553
0.0024
0.0535
0.0024
0.0551
0.0022
0.0534
0.0033
0.0554
0.0025
0.0564
0.0027
0.0596
0.0034
0.0549
0.0029
0.0568
0.0033
0.0554
0.0035
0.0551
0.0559
0.0029
0.0029
0.0524
0.0026
0.0534
0.0537
0.0031
0.003
0.0532
0.0022
0.0566
0.0029
0.0575
0.002
0.0591
0.0018
0.0566
0.0019
0.0567
0.0019
0.0017
0.0564
0.0019
0.0606
0.0019
0.0546
0.0043
0.0567
0.0517
0.0034
0.0808
0.0026
0.0548
0.0029
0.0539
0.0034
0.0738
0.0049
0.0551
0.0033
0.054
0.0031
0.0548
0.0028
0.0538
0.0042
0.053
0.0022
0.0579
0.0024
0.0567
0.0021
0.0601
0.002
0.057
0.0027
0.0564
0.0019
0.058
0.0019
0.0577
0.0019
0.0575
0.0019
0.0593
0.0018
0.0567
0.0029
0.0554
0.003
0.0543
0.0031
0.054
0.0031
0.0545
0.0028
0.0539
0.0021
0.0551
0.0027
0.0545
0.0029
0.0533
0.0033
0.0553
0.002
0.058
0.0021
0.0575
0.004
0.0577
0.0029
0.0561
0.003
0.0524
0.0021
0.0563
0.002
0.0573
0.0019
0.0552
0.0029
0.0534
0.0018
0.0573
0.0019
0.0598
0.0045
0.0595
0.0018
0.071
0.0018
0.0577
0.0615
0.0026
0.0028
0.0566
0.0023
0.0561
0.0021
0.0588
0.059
0.002
0.002
0.058
0.002
0.061
0.0022
0.0021
0.0564
0.0031
0.0612
0.0029
0.0611
0.002
0.0599
0.0021
0.0565
0.0026
0.0611
0.0019
0.0607
0.002
0.0588
0.0019
0.0602
0.003
0.0546
0.0027
0.0595
0.0019
0.0583
0.0027
0.0584
0.0028
0.0606
0.0027
0.0561
0.0026
0.0603
0.0027
0.06
0.0027
0.0587
0.0027
0.0602
0.0018
0.0535
0.0026
0.052
0.0029
0.0573
0.0022
0.0581
0.0028
0.002
0.0597
0.0521
0.0025
0.0588
0.0589
0.0019
0.0604
0.0056
0.0598
0.0019
0.0605
0.0018
0.0018
0.0575
0.0017
0.0561
0.002
0.061
0.0028
0.0587
0.0019
0.0574
0.0031
0.0601
0.0017
0.0599
0.0028
0.0587
0.0019
0.0599
0.0018
0.0568
0.0017
0.0598
0.0028
0.0606
0.0047
0.0609
0.0021
0.0587
0.0027
0.059
0.0017
0.0611
0.0016
0.0618
0.0016
0.059
0.0027
0.059
0.0026
0.0604
0.0026
0.0593
0.0026
0.0591
0.0022
0.0583
0.0018
0.0617
0.0018
0.061
0.0029
0.059
0.0025
0.0591
0.0021
0.061
0.002
0.0591
0.0026
0.0624
0.002
0.0889
0.077
0.064
0.0024
0.0021
0.0732
0.0651
0.0026
0.0021
0.061
0.003
0.0599
0.0027
0.0591
0.0049
0.0559
0.0037
0.0564
0.0031
0.0555
0.0027
0.0562
0.0036
0.053
0.0027
0.0582
0.0026
0.059
0.0026
0.0734
0.0027
0.0538
0.0032
0.0569
0.0027
0.0561
0.0027
0.0577
0.0027
0.0579
0.0028
0.0685
0.0031
0.055
0.0027
0.0594
0.003
0.0556
0.0029
0.0531
0.0034
0.0619
0.0033
0.0631
0.003
0.0588
0.003
0.0026
0.0582
0.0021
0.058
0.0027
0.0576
0.0027
0.0602
0.0026
0.0586
0.0026
0.0594
0.002
0.0617
0.061
0.0023
0.0592
0.0076
0.0608
0.003
0.0569
0.0029
0.0784
0.0028
0.0572
0.0031
0.0594
0.003
0.0584
0.0032
0.0538
0.0026
0.0793
0.0797
0.0038
0.0524
0.0027
0.0023
0.0586
0.0021
0.0683
0.0021
0.0783
0.0029
0.0579
0.0023
0.0792
0.0663
0.0022
0.002
0.0561
0.002
0.0597
0.002
0.0018
0.0586
0.0018
0.0572
0.0032
0.0603
0.0027
0.0597
0.0028
0.0605
0.0063
0.0604
0.0019
0.0676
0.0028
0.0594
0.0027
0.0584
0.0028
0.0592
0.0029
0.0568
0.0025
0.0594
0.0028
0.0567
0.0027
0.0563
0.0029
0.0562
0.0028
0.0566
0.0031
0.0595
0.002
0.0573
0.0019
0.0599
0.0019
0.0572
0.0019
0.0558
0.0032
0.0575
0.0021
0.0558
0.0028
0.0555
0.0027
0.0611
0.0027
0.0562
0.0032
0.0577
0.0022
0.0556
0.0027
0.0579
0.0028
0.0586
0.0028
0.0584
0.0021
0.0535
0.0028
0.0566
0.0029
0.0571
0.0024
0.0548
0.0027
0.0562
0.0021
0.002
0.0617
0.0539
0.0019
0.0575
0.002
0.0562
0.0018
0.0019
0.058
0.0544
0.0019
0.0573
0.0018
0.0017
0.0568
0.0535
0.0017
0.0556
0.0019
0.0017
0.0573
0.0535
0.0018
0.0558
0.0028
0.0577
0.0023
0.002
0.0593
0.0552
0.0026
0.0574
0.0025
0.0577
0.0023
0.0577
0.002
0.0575
0.0019
0.0549
0.0027
0.0576
0.0018
0.0018
0.0594
0.0552
0.0018
0.0578
0.0018
0.0561
0.0028
0.0574
0.0021
0.0029
0.058
0.0549
0.0019
0.0569
0.002
0.002
0.0019
0.0019

---------------------------------
VideoDecoderSubmitBuffers_D3D11_1
---------------------------------
1.0754
0.7701
0.8443
0.3663
0.6799
0.4231
0.3384
0.4392
1.1313
0.7768
0.7984
0.6815
0.2779
0.3412
0.2914
0.2501
0.2472
0.3088
0.3014
0.6055
0.3158
0.2948
0.257
0.292
0.2576
0.2477
0.2401
0.2762
0.2425
0.2632
0.2691
0.2706
0.2562
0.2314
0.2356
0.2854
0.2768
0.3054
0.2673
0.2715
0.2947
0.2714
0.248
0.2907
0.2741
0.2477
0.2498
0.2532
0.2623
0.2751
0.2411
0.2634
0.2459
0.2324
0.235
0.2712
0.2296
0.2368
0.2343
0.2891
0.2899
0.2832
0.2873
0.2951
0.4659
0.2903
0.258
0.3353
0.2345
0.2927
0.2612
0.2427
0.264
0.275
0.2822
0.2882
0.2409
0.2329
0.301
0.3007
0.3
0.2943
0.293
0.2969
0.295
0.2947
0.2994
0.2631
0.2431
0.2774
0.2426
0.2722
0.2297
0.2783
0.2979
0.2376
0.2682
0.2987
0.3013
0.3012
0.2507
0.2296
0.2765
0.2967
0.2473
0.2413
0.2884
0.2966
0.2901
0.2906
0.3068
0.2553
0.2979
0.2891
0.3038
0.2535
0.293
0.2916
0.2815
0.2932
0.3239
0.2776
0.2902
0.2858
0.2849
0.2927
0.2908
0.3297
0.2838
0.2914
0.3167
0.2817
0.2831
0.2797
0.2842
0.2901
0.2855
0.247
0.2401
0.2961
0.2963
0.3001
0.2448
0.2881
0.2819
0.2901
0.2883
0.2933
0.2864
0.2964
0.2913
0.2839
0.2886
0.2814
0.2935
0.2876
0.2961
0.287
0.3016
0.29
0.2934
0.2927
0.2864
0.2929
0.2934
0.2886
0.2854
0.286
0.2841
0.2848
0.294
0.292
0.2836
0.2842
0.2867
0.2903
0.2956
0.2869
0.342
0.3558
0.2947
0.3861
0.5678
0.2897
0.2878
0.2775
0.2915
0.2656
0.2436
0.2541
0.244
0.2906
0.2881
0.3519
0.2818
0.2615
0.2526
0.2925
0.2882
0.3034
0.2457
0.2878
0.2475
0.2479
0.2408
0.2721
0.2894
0.295
0.2738
0.2874
0.2883
0.2851
0.2815
0.2909
0.2831
0.2913
0.2855
0.257
0.3607
0.2578
0.276
0.2828
0.243
0.3577
0.3418
0.2561
0.2913
0.2872
0.3977
0.2882
0.3789
0.2612
0.2991
0.2892
0.2911
0.242
0.2924
0.2939
0.2703
0.2936
0.329
0.2786
0.282
0.2895
0.2865
0.2962
0.2902
0.3118
0.2874
0.2972
0.2976
0.3005
0.7856
0.2938
0.2448
0.3294
0.2667
0.2453
0.329
0.2632
0.3106
0.2529
0.2529
0.315
0.2904
0.2519
0.3048
0.3002
0.2622
0.2901
0.3052
0.2447
0.2884
0.2927
0.3063
0.2535
0.2925
0.3063
0.2496
0.2947
0.305
0.2444
0.3116
0.296
0.3039
0.2645
0.2896
0.3002
0.29
0.2939
0.2525
0.3026
0.3049
0.2513
0.3027
0.2499
0.306
0.3035
0.2487
0.2995

