--------------------------
CreateVideoDecoder_D3D11_1
--------------------------
21.0983
15.138
13.1325

---------------------------
DestroyVideoDecoder_D3D11_1
---------------------------
12.978
12.9973
0

----------------
First Frame Time
----------------
0

----------------------------
VideoDecoderEndFrame_D3D11_1
----------------------------
0.0033
0.0026
0.0021
0.0025
0.0021
0.0021
0.0026
0.0019
0.0018
0.0026
0.0024
0.0018
0.0019
0.0033
0.0019
0.0018
0.0021
0.0019
0.0024
0.004
0.002
0.0027
0.002
0.0019
0.0018
0.0019
0.0021
0.0019
0.004
0.002
0.0019
0.0019
0.0021
0.0019
0.0019
0.0019
0.0018
0.0021
0.002
0.0019
0.0019
0.0019
0.0038
0.002
0.0018
0.0019
0.002
0.0019
0.0025
0.002
0.0019
0.0019
0.0019
0.002
0.0018
0.0019
0.0018
0.0018
0.0019
0.0021
0.0019
0.0019
0.0019
0.0038
0.002
0.0019
0.002
0.0019
0.0019
0.0019
0.002
0.0019
0.0018
0.0019
0.0019
0.0024
0.0023
0.0023
0.002
0.002
0.003
0.0027
0.0022
0.0023
0.0018
0.0022
0.0026
0.0018
0.0019
0.002
0.0019
0.0021
0.0026
0.0023
0.0039
0.0018
0.0019
0.0019
0.0019
0.0019
0.0019
0.0017
0.0021
0.0019
0.0019
0.0019
0.0019
0.0022
0.0018
0.0019
0.0019
0.0019
0.002
0.0021
0.0019
0.0019
0.0018
0.0019
0.002
0.0019
0.0019
0.002
0.0019
0.0019
0.0025
0.0018
0.0019
0.0029
0.002
0.0022
0.0019
0.0018
0.0019
0.002
0.0023
0.0019
0.0019
0.0019
0.002
0.0019
0.0019
0.0039
0.002
0.0019
0.0018
0.0021
0.0019
0.002
0.0019
0.0019
0.0019
0.0026
0.0019
0.002
0.0019
0.0019
0.002
0.0019
0.0019
0.0018
0.0019
0.0023
0.0019
0.0019
0.0019
0.0019
0.0019
0.0018
0.0018
0.002
0.0019
0.0019
0.002
0.0018
0.0019
0.0018
0.0019
0.002
0.0019
0.002
0.002
0.0019
0.0018
0.0022
0.0019
0.0019
0.0019
0.002
0.002
0.0018
0.0019
0.0019
0.0019
0.0019
0.0022
0.0019
0.002
0.0018
0.0018
0.0021
0.0019
0.0023
0.0021
0.002
0.0024
0.0022
0.0019
0.003
0.0023
0.002
0.0021
0.0048
0.0019
0.0019
0.0019
0.002
0.0019
0.0019
0.0019
0.0019
0.002
0.0029
0.0019
0.0019
0.0018
0.0019
0.0021
0.0019
0.0019
0.0019
0.0019
0.0022
0.0019
0.0019
0.0019
0.0019
0.0019
0.002
0.0019
0.0018
0.0019
0.0019
0.0022
0.0018
0.0019
0.0018
0.0019
0.0018
0.0019
0.0019
0.0019
0.0019
0.0019
0.0021
0.0019
0.0019
0.0019
0.0019
0.0024
0.002
0.0021
0.0019
0.0018
0.0019
0.0021
0.0018
0.0019
0.0019
0.002
0.002
0.0019
0.0018
0.0019
0.0019
0.002
0.0021
0.0019
0.0019
0.0019
0.0019
0.0022
0.0018
0.0018
0.0019
0.0019
0.0022
0.0019
0.0019
0.0018
0.0019
0.0019
0.0022
0.0019
0.0019
0.0018
0.0019
0.0023
0.0018
0.0027
0.0018
0.0019
0.0019
0.0025
0.0019
0.0019
0.0018
0.0018
0.0021
0.0018
0.0019
0.0019
0.0019
0.0021
0.0018
0.0019
0.0019
0.0191
0.0018
0.0024
0.0019
0.0018
0.0018
0.0019
0.002
0.0019
0.002
0.0019
0.0019
0.0019
0.0022
0.0019
0.0019
0.0019
0.0018
0.0024
0.0019
0.0019
0.0019
0.0018
0.0023
0.0019
0.0018
0.0019
0.0018
0.002
0.002
0.0019
0.0019
0.0019
0.0018
0.0023
0.0018
0.0019
0.0019
0.002
0.0024
0.0019
0.0019
0.0018
0.0019
0.0019
0.0022
0.0023
0.0018
0.002
0.0017
0.0022
0.0022
0.0021
0.0019
0.0019
0.0018
0.0021
0.0019
0.002
0.0019
0.0018
0.0019
0.0019
0.0019
0.0019
0.0019
0.0021
0.002
0.0019
0.0026
0.0019
0.0019
0.0021
0.0019
0.0018
0.002
0.0019
0.002
0.0019
0.0018
0.002
0.0019
0.0019
0.0021
0.0019
0.0019
0.0018
0.0019
0.0023
0.0019
0.0019
0.0019
0.0018
0.0023
0.0019
0.0018
0.0019
0.0019
0.0019
0.0023
0.0019
0.0019
0.0019
0.0019
0.0022
0.0019
0.0019
0.0018
0.0019
0.0019
0.002
0.0019
0.0019
0.0018
0.002
0.0023
0.0019
0.0018
0.0019
0.0018
0.0022
0.0018
0.0018
0.0041
0.0018
0.0019
0.002
0.0019
0.0018
0.002
0.0019
0.0021
0.0019
0.0019
0.0018
0.0019
0.0019
0.0021
0.0018
0.0019
0.0019
0.0018
0.0026
0.0019
0.0018
0.0018
0.0019
0.002
0.0019
0.0019
0.0019
0.0019
0.0018
0.0021
0.0019
0.0019
0.002
0.0019
0.0222
0.0019
0.0019
0.0019
0.0019
0.0019
0.002
0.0019
0.0018
0.0019
0.0019
0.0021
0.0019
0.0019
0.0018
0.0019
0.002
0.002
0.0019
0.0019
0.0019
0.0019
0.0021
0.0019
0.0018
0.0019
0.0018
0.002
0.0018
0.0018
0.0018
0.0018
0.0021
0.0021
0.0019
0.0021
0.002
0.002
0.0022
0.0018
0.0019
0.0019
0.0019
0.0019
0.0019
0.0019
0.0019
0.0019
0.0019
0.0021
0.0019
0.0019
0.0019
0.0019
0.0021
0.0018
0.0026
0.0019
0.0019
0.0024
0.0019
0.0018
0.0019
0.0019
0.0019
0.002
0.0021
0.0019
0.0019
0.0018
0.002
0.002
0.0019
0.0027
0.0018
0.0019
0.0022
0.0019
0.0019
0.0019
0.0018
0.002
0.0018
0.002
0.0018
0.0019
0.0027
0.0019
0.0018
0.0019
0.0019
0.0018
0.0022
0.0019
0.0019
0.0019
0.0018
0.0024
0.0019
0.0018
0.0019
0.0018
0.0019
0.0022
0.0018
0.0019
0.0019
0.0018
0.002
0.0019
0.0019
0.0018
0.0019
0.0021
0.002
0.0019
0.0019
0.0018
0.0022
0.002
0.002
0.0018
0.0019
0.0019
0.002
0.0018

