--------------------------
CreateVideoDecoder_D3D11_1
--------------------------
19.6493
18.7624
14.9142

---------------------------
DestroyVideoDecoder_D3D11_1
---------------------------
14.1742
13.6569
0

----------------
First Frame Time
----------------
0

----------------------------
VideoDecoderEndFrame_D3D11_1
----------------------------
0.0062
0.0023
0.0026
0.0031
0.0028
0.0026
0.0031
0.0021
0.0026
0.0027
0.0023
0.0025
0.0022
0.0044
0.002
0.0019
0.0023
0.0019
0.0023
0.0038
0.0019
0.0024
0.0021
0.0019
0.0025
0.0024
0.0029
0.0023
0.004
0.0023
0.0019
0.002
0.0025
0.0019
0.0021
0.0024
0.002
0.0024
0.0024
0.002
0.0024
0.0019
0.004
0.0023
0.0021
0.0024
0.0021
0.0019
0.0024
0.002
0.0019
0.0022
0.0019
0.0021
0.0021
0.0019
0.0022
0.0019
0.0019
0.002
0.002
0.002
0.0019
0.0039
0.0022
0.002
0.002
0.0022
0.0022
0.002
0.0022
0.0019
0.0028
0.0019
0.0019
0.0025
0.0019
0.0019
0.0022
0.002
0.0022
0.0022
0.002
0.0023
0.0021
0.0029
0.0025
0.0031
0.0031
0.0025
0.0022
0.0023
0.002
0.0023
0.0045
0.0019
0.002
0.0024
0.0027
0.0022
0.002
0.002
0.0022
0.0019
0.002
0.0022
0.002
0.0025
0.0029
0.002
0.0023
0.0023
0.0019
0.0021
0.002
0.0026
0.002
0.002
0.0027
0.0027
0.0031
0.0027
0.0022
0.002
0.0022
0.0019
0.0026
0.002
0.002
0.0025
0.0019
0.0019
0.0023
0.0022
0.0024
0.002
0.0019
0.0026
0.0021
0.0019
0.0024
0.0047
0.0025
0.0021
0.0019
0.0022
0.0021
0.0024
0.0023
0.0021
0.002
0.0023
0.0021
0.0022
0.0022
0.0019
0.0025
0.002
0.0021
0.0023
0.0021
0.0025
0.0021
0.002
0.0025
0.0021
0.0021
0.0024
0.0021
0.0025
0.002
0.0019
0.0026
0.0023
0.0021
0.0025
0.002
0.0023
0.0019
0.002
0.0023
0.0021
0.002
0.0025
0.002
0.002
0.0024
0.002
0.0024
0.0019
0.0022
0.0027
0.0019
0.0019
0.0025
0.002
0.0024
0.002
0.0019
0.0024
0.002
0.002
0.0024
0.002
0.0026
0.002
0.002
0.0024
0.0022
0.0022
0.0022
0.0109
0.0021
0.0026
0.0019
0.0021
0.0019
0.0019
0.0023
0.0021
0.002
0.0025
0.002
0.0021
0.0024
0.002
0.0026
0.0023
0.0021
0.0021
0.002
0.0025
0.0024
0.0019
0.0021
0.0018
0.0019
0.0026
0.0024
0.0025
0.0029
0.0019
0.0029
0.0021
0.002
0.0027
0.002
0.0019
0.0024
0.0021
0.0025
0.0021
0.002
0.0027
0.002
0.0019
0.0025
0.0022
0.003
0.002
0.0021
0.0025
0.0021
0.0019
0.0029
0.0023
0.0025
0.0019
0.0019
0.0024
0.0021
0.0019
0.0024
0.0019
0.0021
0.0025
0.0024
0.0024
0.002
0.002
0.0025
0.002
0.002
0.0024
0.0021
0.0024
0.002
0.002
0.0023
0.002
0.002
0.0023
0.0019
0.0023
0.002
0.0019
0.0024
0.002
0.002
0.0029

