---------------------------------------------
CalcPrivateVideoDecoderOutputViewSize_D3D11_1
---------------------------------------------
0.0023
0.0012
0.0015
0.0012
0.0029
0.0019
0.0049
0.0009
0.0017
0.0016
0.0015
0.0008
0.0009
0.0017
0.0009
0.0008
0.0009
0.0008
0.0016
0.0025
0.0016
0.0008
0.0014
0.001
0.0015
0.0008
0.0007
0.0011
0.0028
0.0009
0.0013
0.0009
0.0008
0.0009
0.0007
0.0017
0.001
0.0008
0.0008
0.0006
0.0016
0.0011
0.0022
0.0014
0.0009
0.001
0.0007
0.0007
0.0006
0.0008
0.0006
0.0007
0.0007
0.0008
0.0006
0.0008
0.0006
0.0007
0.0006
0.0008
0.0005
0.0008
0.0005
0.0018
0.0007
0.0009
0.0013
0.0008
0.0007
0.0006
0.0008
0.0006
0.0008
0.0006
0.0008
0.001
0.0008
0.0012
0.001
0.001
0.0008
0.0007
0.0007
0.0007
0.0008
0.0006
0.0008
0.0008
0.0007
0.0008
0.0005
0.001
0.0006
0.0008
0.0026
0.0009
0.0006
0.0006
0.0006
0.001
0.0015
0.0008
0.0015
0.0009
0.0015
0.0009
0.0012
0.001
0.0009
0.001
0.0009
0.001
0.001
0.0008
0.0007
0.0007
0.0006
0.0009
0.0007
0.0005
0.0008
0.0008
0.0005
0.0017
0.0008
0.0007
0.0021
0.0011
0.0009
0.0008
0.001
0.0006
0.0007
0.0007
0.0007
0.0007
0.0008
0.0006
0.0006
0.0006
0.0015
0.0065
0.0007
0.0007
0.0007
0.0007
0.0007
0.0007
0.0006
0.0007
0.0006
0.0008
0.0006
0.0006
0.0006
0.0007
0.0007
0.0013
0.0017
0.0009
0.0012
0.0006
0.001
0.0008
0.0008
0.0005
0.0028
0.0012
0.0009
0.0008
0.0009
0.0018
0.0009
0.0008
0.0009
0.0008
0.0007
0.0007
0.0008
0.0007
0.0007
0.0009
0.0007
0.0007
0.0007
0.0007
0.0007
0.0006
0.0007
0.0007
0.0006
0.0007
0.0006
0.0007
0.0007
0.0007
0.0007
0.0009
0.0007
0.0006
0.0006
0.0015
0.0008
0.0006
0.0007
0.0007
0.0006
0.0007
0.0006
0.0005
0.0007
0.0025
0.0006
0.0006
0.0007
0.0006
0.0006
0.0006
0.0007
0.0007
0.0007
0.0006
0.0006
0.0007
0.0006
0.0008
0.0006
0.0006
0.0008
0.0008
0.0006
0.0007
0.0007
0.0006
0.0005
0.0006
0.0018
0.0009
0.0007
0.0007
0.0006
0.0006
0.0007
0.0008
0.0007
0.0006
0.0007
0.0006
0.0007
0.0006
0.0008
0.0005
0.0007
0.0006
0.0007
0.0006
0.0006
0.0007
0.0006
0.0006
0.0006
0.0006
0.0008
0.0006
0.0006
0.0007
0.0006
0.0006
0.0007
0.0006
0.0008
0.0009
0.0015
0.0008
0.0007
0.0008
0.0008
0.0006
0.0006
0.0006
0.0006
0.0007
0.0006
0.0006
0.0006
0.0008
0.0005
0.0006
0.001
0.0006
0.0006
0.0017
0.0009
0.0007
0.001
0.0008
0.0007
0.0008
0.0007
0.0006
0.0009
0.0006
0.0006
0.0007
0.0006
0.0006
0.0007
0.0008
0.0007
0.0005
0.0007
0.0006
0.0006
0.0006
0.0006
0.0007
0.0024
0.0007
0.0005
0.0005
0.0005
0.0007
0.0007
0.0007
0.0006
0.0006
0.0006
0.0008
0.0007
0.0006
0.0006
0.0006
0.0007
0.0007
0.0009
0.0007
0.0007
0.0007
0.0006
0.0008
0.0006
0.0006
0.0005
0.0007
0.0006
0.0007
0.0007
0.0008
0.0006
0.0007
0.0018
0.0008
0.0008
0.0007
0.0011
0.0005
0.0008
0.0006
0.0008
0.0007
0.0011
0.0009
0.0006
0.0007
0.0006
0.0007
0.0008
0.0009
0.0009
0.0007
0.0006
0.0007
0.0008
0.0007
0.0007
0.0006
0.0008
0.0011
0.0006
0.0008
0.0006
0.0006
0.0007
0.0007
0.0006
0.0006
0.0006
0.0008
0.0007
0.0006
0.0005
0.0007
0.0006
0.0009
0.0011
0.0006
0.0008
0.0007
0.0006
0.0006
0.0007
0.0006
0.0007
0.0007
0.0006
0.0007
0.0007
0.0006
0.0008
0.0007
0.0007
0.0006
0.0006
0.0006
0.0007
0.0008
0.0007
0.0008
0.001
0.0008
0.0005
0.0007
0.0006
0.0007
0.0028
0.0008
0.0009
0.0006
0.0006
0.0008
0.0005
0.0006
0.0007
0.0008
0.0007
0.0008
0.0008
0.0006
0.0008
0.0007
0.0008
0.0007
0.0006
0.0006
0.0008
0.0005
0.0006
0.0015
0.0007
0.0006
0.0006
0.0009
0.0006
0.0007
0.0005
0.0006
0.0006
0.0007
0.001
0.0007
0.0007
0.0006
0.0006
0.0008
0.0008
0.0008
0.0006
0.0006
0.0006
0.0006
0.0005
0.0007
0.0012
0.0007
0.0033
0.0006
0.0007
0.0007
0.0006
0.0005
0.0006
0.0008
0.0008
0.0007
0.0007
0.0007
0.0006
0.0007
0.0006
0.0019
0.0008
0.0009
0.001
0.0009
0.0007
0.0007
0.0007
0.0008
0.0008
0.0008
0.0007
0.0009
0.0007
0.0008
0.0007
0.0007
0.0008
0.001
0.0008
0.0007
0.001
0.0006
0.0006
0.0006
0.0006
0.0006
0.0005
0.0006
0.0006
0.0007
0.0005
0.0006
0.0006
0.0006
0.0006
0.0007
0.0006
0.0006
0.0006
0.0006
0.0006
0.0007
0.001
0.0006
0.0006
0.0005
0.0021
0.0011
0.0012
0.0008
0.0007
0.0005
0.0006
0.0008
0.0005
0.0007
0.0006
0.0007
0.0007
0.0007
0.0006
0.0006
0.0007
0.0006
0.0007
0.0006
0.0008
0.0007
0.0008
0.0008
0.0006
0.0007
0.0005
0.0006
0.0009
0.0006
0.0008
0.0009
0.0006
0.0006
0.0007
0.0007
0.0007
0.0006
0.0007
0.0005
0.0007
0.0006
0.0006
0.0006
0.0008
0.0007
0.0007
0.0007
0.0014
0.0007
0.0006
0.0006
0.0007
0.0005
0.0006
0.0008
0.0008
0.0007
0.0006
0.0006
0.0006
0.0007
0.0007
0.0007

-----------------------
CodechalDecode::Execute
-----------------------
1.6813
0.6352
0.6044
0.6282
0.9525
0.8047
0.573
0.5547
1.2999
0.8853
0.964
1.0837
1.0033
0.9986
0.9133
1.0055
0.8199
7.5276
4.3372
0.516
0.5588
0.4752
2.1207
0.4872
0.4167
0.3808
0.3833
0.3995
0.4511
0.4068
0.4865
0.5119
0.9626
0.3869
0.3721
0.5375
0.4018
0.3704
0.3735
0.3625
0.4122
0.3752
0.3646
0.4074
0.3673
0.3672
0.3543
0.3716
0.3617
0.3683
0.3608
0.3666
0.3584
0.3667
0.3603
0.3654
0.3569
0.3648
0.3585
0.363
0.3599
0.364
0.3592
0.3672
0.3367
0.3675
0.3699
0.3718
0.3667
0.3613
0.365
0.3587
0.3639
0.3574
0.5244
0.4831
0.517
0.5141
0.5253
0.4736
0.511
0.5776
0.3749
0.3698
0.3742
0.365
0.3736
0.365
0.369
0.371
0.3652
0.3749
0.3593
0.3598
0.3586
0.371
0.3637
0.4926
2.9782
0.3858
0.4229
0.3804
0.4159
0.3947
0.4114
0.4957
2.3058
1.2403
0.3851
0.5169
1.2442
0.3784
0.373
0.3667
0.3603
0.36
0.3583
0.3636
0.3804
0.362
0.406
0.3769
0.3555
0.4424
0.3767
0.3638
0.3907
0.3764
0.3698
0.3661
1.7502
0.3781
0.3606
0.3653
0.3611
0.364
0.3811
0.3671
0.3613
0.3626
0.3673
0.3743
0.3627
0.3583
0.3649
0.3703
0.3788
0.3613
0.3656
0.365
0.3645
0.3697
0.3583
0.3613
0.375
0.3727
0.3832
0.5076
0.4461
0.3888
0.3822
0.3649
0.3769
0.461
2.5995
0.3733
0.5153
0.4105
0.3989
0.4015
0.3742
0.377
0.3583
0.3588
0.3789
0.3618
0.3664
0.3746
0.4039
0.4066
0.3613
0.361
0.3603
0.363
0.3689
0.3666
0.3598
0.3614
0.359
0.36
0.3574
0.3557
0.3579
0.354
0.3583
0.3636
0.348
0.3634
0.3632
0.358
0.3513
0.4332
0.3695
0.3646
0.379
0.3618
0.3731
0.367
0.3625
0.3587
0.363
0.3799
0.3622
0.3715
0.3743
0.3785
0.3769
0.3663
0.3712
0.3673
0.3705
0.3743
0.3876
0.3681
0.3604
0.38
0.3555
0.3622
0.3638
0.3371
0.3543
0.3659
0.3683
0.3642
0.3807
0.3727
0.4315
0.391
0.3625
0.361
0.3595
0.3631
0.3677
0.3596
0.3595
0.3617
0.3644
0.3665
0.3585
0.3602
0.3942
0.355
0.3557
0.3545
0.3556
0.3624
0.3692
0.3721
0.3573
0.3601
0.3626
0.3669
0.3427
0.3594
0.3607
0.3796
0.3621
0.3583
0.3687
0.3704
0.3873
1.3077
0.4402
0.3875
0.3811
0.4053
0.3844
0.3549
0.3525
0.3538
0.3682
0.359
0.3609
0.3685
0.3631
0.4081
0.4147
0.3975
0.3985
0.358
0.3579
0.4677
0.3795
0.3684
0.3757
0.3444
0.3602
0.3682
0.3655
0.3631
0.3745
0.3634
0.3599
0.3696
0.359
0.3557
0.3606
0.3696
0.3627
0.3591
0.3693
0.3736
0.363
0.3662
0.3635
0.3663
0.372
0.3641
0.3624
0.3655
0.3678
0.4005
0.3661
0.367
0.3712
0.3611
0.364
0.38
0.345
0.3622
0.4093
0.3736
0.371
0.3825
0.3661
0.3641
0.3599
0.3643
0.3586
0.3619
0.3625
0.3732
0.3725
0.3704
0.3772
0.3841
0.3936
0.4085
0.3978
0.3937
0.3905
0.3922
0.3971
0.3869
0.3772
0.3715
0.3658
0.3642
0.3792
0.3811
0.3752
0.3472
0.3665
0.3705
0.3762
0.3657
0.3742
0.3736
0.3808
0.3886
0.3993
0.3863
0.375
0.3747
0.375
0.3735
0.3771
0.4188
0.3695
0.3731
0.3708
0.3773
0.3815
0.3877
0.3934
0.3887
0.3842
0.369
0.3692
0.3683
0.3675
0.3741
0.3818
0.3987
0.3589
0.3745
0.3807
0.3803
0.3785
0.3875
0.405
0.3819
0.3754
0.3849
0.3558
0.3669
0.3678
0.3644
0.3813
0.3804
0.3867
0.4125
0.4031
0.3888
0.3959
0.3893
0.3846
0.3877
0.3638
0.363
0.3656
0.3633
0.3671
0.3762
0.4992
0.412
0.388
0.3647
0.3558
0.3658
0.3656
0.3636
0.3738
0.3749
0.3799
0.3668
0.3649
0.3663
0.3762
0.3812
0.3866
0.3901
0.3885
0.368
0.3763
0.3742
0.3717
0.3749
0.3872
0.3842
0.404
0.3686
0.3655
0.3684
0.367
0.3785
0.3888
0.3828
0.3739
0.3642
0.3445
0.358
0.364
0.366
0.3695
0.3916
0.3883
0.3754
0.3703
0.3711
0.3741
0.3914
0.374
0.3706
0.3785
0.3793
0.3794
0.3916
0.3718
0.3713
0.3731
0.3768
0.3736
0.3615
0.3576
0.3594
0.3648
0.3662
0.3873
0.4704
0.4083
0.421
0.4088
0.3782
0.3744
0.3753
0.3816
0.3773
0.3822
0.3959
0.4138
0.4021
0.3723
0.3732
0.374
0.3727
0.3809
0.398
0.3658
0.3554
0.3602
0.357
0.355
0.3613
0.3586
0.3724
0.3691
0.3594
0.3595
0.3602
0.358
0.3594
0.3611
0.3628
0.3578
0.3634
0.3395
0.3611
0.3586
0.361
0.3548
0.3629
0.3776
0.3633
0.3558
0.3607
0.4562
0.4108
0.3807
0.3944
0.3741
0.3731
0.3649
0.3671
0.3642
0.3643
0.3611
0.3626
0.3657
0.3681
0.3671
0.3648
0.3636
0.3584
0.3643
0.3612
0.3682
0.3561
0.3618
0.3557
0.3566
0.3605
0.3601
0.3615
0.3655
0.3653
0.3708
0.3704
0.3673
0.3668
0.3662
0.3598
0.3594
0.3624
0.3655
0.3657
0.3616
0.3612
0.3728
0.3648
0.366
0.354
0.3755
0.356
0.3531
0.3534
0.37
0.3599
0.3629
0.361
0.3605
0.3626
0.3442
0.3722
0.3627
0.3707
0.357
0.3638
0.3644
0.3577

---------------------------------------
CodechalDecodeHevcG12::DecodeStateLevel
---------------------------------------
0.52
0.1859
0.2649
0.1697
0.2206
0.1736
0.2278
0.166
0.3729
0.2651
0.3144
0.2029
0.1917
0.1727
0.1825
0.1664
0.9173
0.2294
0.5556
0.1991
0.6059
0.2077
0.2714
0.6632
0.6421
0.215
0.677
0.1912
0.5845
0.1945
0.6936
0.1925
0.411
0.1888
0.6912
3.8771
0.2142
3.8398
0.2067
0.1694
0.2218
0.1845
0.1881
0.1535
0.2426
1.5835
0.1974
0.1518
0.1581
0.1196
0.1444
0.1187
0.1466
0.1176
0.153
0.1203
0.1735
0.1245
0.1576
0.1216
0.2046
0.1291
0.1652
0.123
0.1516
0.6799
0.1445
0.1216
0.1423
0.1139
0.1879
0.1487
0.1547
0.1189
0.141
0.1158
0.1403
0.1179
0.1393
0.1159
0.1574
0.1193
0.1438
0.1146
0.139
0.1155
0.1554
0.1176
0.1404
0.1153
0.1412
0.1139
0.1355
0.1122
0.1438
0.1164
0.1384
0.1159
0.1404
0.1156
0.1393
0.1162
0.1414
0.1161
0.1372
0.1154
0.1411
0.1151
0.1382
0.1162
0.1402
0.1142
0.1367
0.1145
0.139
0.1156
0.1371
0.1152
0.1387
0.1151
0.1371
0.1146
0.1385
0.115
0.1363
0.1154
0.1389
0.1148
0.1305
0.109
0.1397
0.1172
0.1403
0.1164
0.1401
0.1179
0.141
0.116
0.1387
0.1155
0.1395
0.1163
0.1375
0.1151
0.1389
0.1159
0.1376
0.1153
0.2033
0.1671
0.1973
0.1485
0.2015
0.1687
0.1982
0.172
0.2051
0.1716
0.1926
0.1477
0.1972
0.1708
0.2402
0.1844
0.1472
0.1139
0.1467
0.1154
0.1451
0.1154
0.1414
0.1144
0.1464
0.1147
0.1424
0.1151
0.1451
0.1136
0.1444
0.1145
0.1414
0.1146
0.1419
0.1172
0.1373
0.1144
0.1373
0.1129
0.1364
0.1119
0.1421
0.1149
0.1407
0.1141
0.1388
0.1093
2.7256
0.1313
0.147
0.1191
0.1584
0.1192
0.1463
0.1178
0.158
0.1185
0.1471
0.1142
0.1586
0.1188
0.1506
0.1211
0.1649
0.119
0.165
0.121
0.1433
0.115
0.1663
0.1198
1.0081
0.1187
0.1434
0.1188
0.1424
0.1144
0.141
0.1149
0.1371
0.113
0.137
0.1132
0.137
0.1135
0.1389
0.1141
0.1506
0.1145
0.1389
0.1152
0.1749
0.119
0.1388
0.1246
0.1377
0.1149
0.1776
0.1223
0.1433
0.1159
0.1393
0.1158
0.1498
0.1186
0.1446
0.1149
0.1414
0.117
0.1383
0.1163
0.1445
1.3544
0.1532
0.1177
0.1371
0.1149
0.138
0.1138
0.1387
0.1153
0.1401
0.1157
0.1394
0.1165
0.1417
0.1181
0.1388
0.1148
0.1388
0.115
0.1403
0.1168
0.1424
0.1155
0.1382
0.1162
0.1365
0.1152
0.1393
0.1165
0.1414
0.1166
0.1434
0.1184
0.1373
0.116
0.1387
0.117
0.1411
0.1166
0.1399
0.1159
0.1408
0.1146
0.1366
0.1153
0.1372
0.1145
0.1395
0.1154
0.1436
0.1166
0.1483
0.1183
0.2163
0.13
0.1678
0.123
0.1487
0.1194
0.1411
0.113
0.1389
0.117
0.1437
0.1162
0.1418
0.111
0.1584
2.3266
0.1432
0.1169
0.2146
0.1276
0.1612
0.122
0.1573
0.1212
0.1619
0.1195
0.145
0.1177
0.1464
0.1171
0.138
0.1121
0.1389
0.1147
0.1537
0.1128
0.1393
0.113
0.1417
0.1165
0.145
0.1177
0.151
0.1185
0.16
0.1242
0.1403
0.1162
0.1389
0.1133
0.1378
0.1159
0.1409
0.1154
0.1424
0.1151
0.1408
0.1173
0.1386
0.1161
0.1389
0.1152
0.1388
0.1158
0.1382
0.1149
0.137
0.1146
0.1368
0.114
0.1388
0.1151
0.1363
0.1133
0.1389
0.1149
0.1399
0.1147
0.1349
0.1093
0.1398
0.1134
0.1399
0.1162
0.1367
0.1141
0.1346
0.1144
0.1687
0.1204
0.1423
0.1147
0.1406
0.1166
0.1408
0.1156
0.1381
0.1152
0.147
0.1173
0.1408
0.1152
0.1377
0.1164
0.137
0.1169
0.1389
0.1164
0.1408
0.116
0.1392
0.1164
0.144
0.1179
0.1426
0.1167
0.144
0.1179
0.1417
0.1172
0.1401
0.115
0.1445
0.1172
0.1393
0.1179
0.1406
0.1167
0.1446
0.1185
0.1497
0.1204
0.1405
0.1162
0.1376
0.1163
0.1392
0.1161
0.1346
0.113
0.1361
0.114
0.1406
0.114
0.1295
0.1072
0.1361
0.1134
0.1394
0.1166
0.1396
0.116
0.1399
0.1157
0.1449
0.1182
0.1429
0.1157
0.1769
0.1195
0.1565
0.116
0.1386
0.1153
0.1375
0.1169
0.1377
0.1154
0.1393
0.1154
0.1427
0.1163
0.1375
0.1159
0.137
0.1146
0.1378
0.1167
0.1389
0.1176
0.1416
0.1149
0.1367
0.1155
0.1369
0.1161
0.1484
0.1176
0.1366
0.1131
0.136
0.1141
0.1356
0.113
0.1363
0.1146
0.1352
0.1131
0.139
0.1197
0.1443
0.1176
0.1371
0.1153
0.1375
0.1148
0.1376
0.1149
0.1429
0.1144
0.1324
0.1095
0.1379
0.1147
0.1387
0.116
0.1378
0.1287
0.1389
0.1164
0.1375
0.1155
0.1415
0.1167
0.1446
0.1184
0.1477
0.1189
1.0527
0.1192
0.1701
0.1219
0.1513
0.1197
0.1464
0.1187
0.1602
0.1226
0.1402
0.1157
0.1351
0.1135
0.1347
0.1129
0.1351
0.1131
0.1357
0.1215
0.1391
0.1135
0.1383
0.1165
0.1397
0.1158
0.1387
0.1184
0.1774
0.121
0.1645
0.1301
0.1517
0.1345
0.167
0.1192
0.1382
0.1149
0.1388
0.117
0.1902
0.1237
0.145
0.1173
0.1408
0.1178
0.144
0.1175
0.1327
0.1094
0.1382
0.1155
0.1416
0.1154
0.1383
0.1149
0.139
0.1186
0.1428
0.1169
0.1374
0.1166
0.1363
0.1162
0.1389
0.1199
0.1366
0.1142
0.1357
0.1141
0.1369
0.1151
0.1419
0.116
0.1403
0.1162
0.137
0.1158
0.1389
0.116
0.1421
0.1172
0.14
0.1165
0.1411
0.1173
0.141
0.1162
0.1411
0.1172
0.1438
0.1145
0.1406
0.1165
0.1389
0.1167
0.1407
0.1149
0.1406
0.118
0.1456
0.1285
0.1397
0.1167
0.1385
0.1179
0.1424
0.1186
0.1378
0.1158
0.1388
0.1167
0.1533
0.1146
0.1331
0.1078
0.1365
0.115
0.1414
0.1195
0.1416
0.1142
0.1485
0.1149
0.1515
0.1196
0.1388
0.1144
0.1384
0.1157
0.1391
0.1145
0.139
0.1158
0.1378
0.1155
0.1393
0.1143
0.1374
0.1152
0.1387
0.116
0.1407
0.12
0.1417
0.1163
0.1447
0.1204
0.1454
0.1218
0.1515
0.1214
0.1589
0.1241
0.1538
0.1225
0.1507
0.1207
0.1503
0.1218
0.1524
0.1213
0.1498
0.1246
0.1491
0.1207
0.1444
0.1144
0.1393
0.118
0.1396
0.116
0.139
0.116
0.1443
0.1183
0.1476
0.1189
0.1435
0.1163
0.1348
0.1093
0.1407
0.1172
0.1414
0.1172
0.1405
0.1197
0.1388
0.118
0.143
0.118
0.1415
0.1165
0.144
0.1238
0.1503
0.1193
0.1488
0.1266
0.1478
0.1217
0.1428
0.1197
0.1426
0.1173
0.144
0.1188
0.1434
0.1175
0.1458
0.1168
0.1605
0.1245
0.1414
0.1171
0.142
0.1164
0.142
0.1164
0.143
0.12
0.1459
0.1168
0.1492
0.1205
0.1579
0.1201
0.1509
0.1206
0.1494
0.1204
0.1409
0.1179
0.1414
0.1164
0.1405
0.1183
0.1404
0.1177
0.1443
0.1172
0.1469
0.1202
0.1519
0.1203
0.1398
0.1115
0.1448
0.1185
0.146
0.1206
0.1462
0.1187
0.1446
0.1207
0.1491
0.1206
0.1515
0.1278
0.1474
0.1199
0.147
0.1179
0.1407
0.129
0.1351
0.1137
0.1369
0.1138
0.1389
0.1138
0.1382
0.1154
0.1439
0.1175
0.1459
0.1173
0.1494
0.1209
0.1615
0.1247
0.1553
0.1209
0.1502
0.1197
0.1526
0.1216
0.1494
0.1206
0.1469
0.1192
0.1497
0.1198
0.1396
0.1154
0.1387
0.1171
0.1395
0.1174
0.1392
0.116
0.1402
0.1169
0.1415
0.121
0.2093
0.1245
0.1654
0.1204
0.1484
0.1192
0.1363
0.1234
0.1359
0.1144
0.1408
0.1146
0.1387
0.115
0.1385
0.1149
0.1416
0.1202
0.1443
0.1174
0.1467
0.1187
0.1399
0.1172
0.1394
0.1155
0.1403
0.117
0.1446
0.1174
0.1468
0.1169
0.152
0.1205
0.151
0.1197
0.1487
0.1213
0.1404
0.1185
0.1439
0.1185
0.143
0.1172
0.1431
0.117
0.1432
0.1172
0.1514
0.119
0.1479
0.1204
0.1573
0.1231
0.1411
0.1163
0.1389
0.1179
0.1413
0.1176
0.1385
0.1176
0.144
0.1209
0.149
0.123
0.1484
0.119
0.1444
0.1164
0.1388
0.1151
0.1341
0.1072
0.1359
0.1147
0.14
0.1155
0.1398
0.1151
0.1426
0.1172
0.1516
0.1189
0.1563
0.1164
0.1435
0.1181
0.1428
0.1157
0.1427
0.1166
0.1432
0.119
0.1543
0.1217
0.1428
0.1184
0.1426
0.1184
0.1439
0.1174
0.1434
0.1183
0.1446
0.1199
0.151
0.1201
0.1424
0.1163
0.142
0.1173
0.1429
0.1177
0.1424
0.1164
0.1439
0.1167
0.1377
0.115
0.136
0.1138
0.1375
0.1151
0.1386
0.1163
0.1392
0.1145
0.1432
0.1163
0.1899
0.1247
0.1579
0.122
0.1665
0.1252
0.1595
0.1226
0.1469
0.1149
0.1451
0.1174
0.145
0.1198
0.1492
0.1173
0.1445
0.1185
0.1481
0.1196
0.1535
0.1207
0.162
0.1266
0.1585
0.1217
0.1441
0.1163
0.1435
0.1181
0.1459
0.1181
0.1435
0.1184
0.1486
0.1199
0.1554
0.1228
0.1395
0.1145
0.1368
0.1143
0.1385
0.115
0.1365
0.1138
0.1379
0.1137
0.1384
0.115
0.138
0.1137
0.1398
0.1266
0.1431
0.1179
0.1374
0.1163
0.139
0.1166
0.1405
0.1158
0.1382
0.1169
0.1395
0.1166
0.1398
0.116
0.1411
0.1149
0.1376
0.1163
0.1391
0.1153
0.1322
0.1076
0.1392
0.1169
0.1382
0.1158
0.1393
0.1159
0.138
0.1155
0.1403
0.1149
0.1502
0.1155
0.1429
0.1138
0.1369
0.1137
0.1363
0.1137
0.1862
0.1196
0.1521
0.1172
0.1447
0.1147
0.1513
0.1174
0.1441
0.1172
0.1407
0.1162
0.14
0.1165
0.1407
0.1162
0.1388
0.1173
0.1399
0.1169
0.1382
0.1152
0.1387
0.1144
0.1415
0.117
0.1424
0.117
0.1415
0.1163
0.1401
0.1168
0.1409
0.1172
0.1364
0.115
0.1378
0.1162
0.1384
0.1161
0.1415
0.116
0.1356
0.1155
0.1391
0.1147
0.1348
0.1088
0.137
0.1158
0.1389
0.1161
0.1378
0.1147
0.1379
0.1164
0.1408
0.1165
0.1397
0.1157
0.1414
0.1165
0.1416
0.1149
0.14
0.1167
0.1415
0.1163
0.1394
0.117
0.1379
0.1143
0.1373
0.1162
0.1402
0.1163
0.1375
0.115
0.141
0.1171
0.1402
0.1168
0.1387
0.1164
0.1388
0.1177
0.1391
0.1158
0.1409
0.1151
0.1363
0.1135
0.1375
0.1149
0.1359
0.1137
0.1344
0.1147
0.1358
0.1135
0.1399
0.1168
0.1377
0.1159
0.1395
0.1168
0.1386
0.1151
0.139
0.1154
0.138
0.1144
0.1325
0.1109
0.1393
0.117
0.1393
0.1171
0.1393
0.1177
0.1369
0.1164
0.1402
0.1177
0.141
0.1158
0.1371
0.1154

-------------------------------------
CodechalDecodeHevcG12::SetFrameStates
-------------------------------------
0.7323
0.0974
0.1034
0.1159
0.1501
0.1556
0.1034
0.1027
0.0409
0.0358
0.0404
0.0349
0.0378
0.0366
0.0323
0.031
0.1242
2.8362
0.1604
0.0384
0.0383
0.0349
0.176
0.0366
0.0387
0.0333
0.0324
0.0343
0.045
0.0354
0.0425
0.1161
0.0347
0.0363
0.0346
0.044
0.0384
0.0333
0.037
0.0309
0.0386
0.0347
0.0315
0.0377
0.0326
0.0321
0.031
0.0315
0.0316
0.033
0.0304
0.031
0.0303
0.0307
0.0303
0.0312
0.0303
0.0305
0.0305
0.0306
0.0314
0.0311
0.0305
0.0311
0.0202
0.0311
0.032
0.0335
0.0306
0.0307
0.0304
0.0306
0.0309
0.0302
0.0465
0.0423
0.0435
0.0425
0.045
0.0411
0.0415
0.0432
0.0337
0.0314
0.032
0.0309
0.032
0.0312
0.0316
0.0325
0.0316
0.0327
0.0304
0.0306
0.0314
0.0315
0.0313
0.1544
0.0321
0.0373
0.0495
0.0337
0.0399
0.0443
0.0386
0.1368
1.9214
0.8556
0.0388
0.1308
0.0345
0.0331
0.034
0.0313
0.0305
0.0311
0.0309
0.0305
0.035
0.0303
0.0319
0.0335
0.0303
0.0396
0.0338
0.031
0.0344
0.0326
0.0315
0.0312
0.1641
0.0307
0.0306
0.0333
0.0298
0.0305
0.0409
0.0307
0.0302
0.0303
0.0307
0.0345
0.0304
0.0302
0.031
0.032
0.0314
0.0305
0.0312
0.0305
0.0313
0.0315
0.03
0.0303
0.0356
0.0309
0.0316
0.0427
0.0498
0.0342
0.0417
0.0309
0.0327
0.1231
0.0319
0.0317
0.0494
0.0371
0.0356
0.0342
0.0321
0.0321
0.0311
0.0305
0.0318
0.031
0.0309
0.0322
0.0333
0.0349
0.0304
0.0312
0.0308
0.0303
0.0344
0.0315
0.0301
0.0303
0.0301
0.0307
0.0303
0.0305
0.0301
0.0302
0.0301
0.0314
0.0248
0.0312
0.0305
0.0319
0.03
0.0386
0.0314
0.0298
0.0396
0.0306
0.0306
0.0339
0.0312
0.0302
0.0304
0.0378
0.0302
0.0312
0.0322
0.0319
0.0364
0.0323
0.0304
0.0307
0.0317
0.0317
0.0333
0.0312
0.0301
0.0313
0.0302
0.0346
0.0309
0.0211
0.0297
0.0311
0.0335
0.0309
0.0365
0.0331
0.0362
0.0321
0.0312
0.0303
0.0313
0.0304
0.0308
0.0306
0.0307
0.0303
0.0305
0.0315
0.0308
0.0307
0.0308
0.0297
0.0297
0.0298
0.0293
0.0341
0.0315
0.0308
0.0299
0.0301
0.0338
0.0307
0.0212
0.0308
0.03
0.0321
0.0309
0.0301
0.031
0.0306
0.0347
0.0509
0.0397
0.0333
0.0327
0.0338
0.046
0.0299
0.0294
0.0299
0.0304
0.0312
0.0298
0.0348
0.0303
0.0309
0.0377
0.0301
0.0313
0.0311
0.0302
0.0429
0.0336
0.0309
0.0319
0.0216
0.0306
0.0319
0.0325
0.0297
0.0313
0.0298
0.0292
0.0301
0.0303
0.0294
0.0298
0.0313
0.03
0.03
0.0312
0.0358
0.0305
0.0303
0.0299
0.0303
0.0334
0.0304
0.0304
0.031
0.0309
0.0317
0.0315
0.0318
0.0306
0.0301
0.0299
0.0318
0.0218
0.0321
0.0311
0.0359
0.0311
0.031
0.0321
0.031
0.0301
0.031
0.0296
0.0329
0.0307
0.0294
0.0313
0.0315
0.0316
0.0319
0.0328
0.0344
0.0332
0.0335
0.0321
0.0325
0.0331
0.0324
0.0318
0.0316
0.031
0.0304
0.0325
0.0308
0.0323
0.0221
0.03
0.031
0.0329
0.0303
0.0316
0.0313
0.0311
0.0325
0.0328
0.0322
0.0314
0.0313
0.0312
0.0314
0.032
0.0355
0.0308
0.0313
0.0315
0.0311
0.0326
0.0323
0.032
0.0328
0.0318
0.0305
0.0309
0.031
0.0305
0.0311
0.0312
0.0334
0.0219
0.0302
0.0315
0.0328
0.0314
0.0323
0.0334
0.0317
0.0307
0.0315
0.0299
0.0309
0.0315
0.03
0.0361
0.0314
0.0322
0.0347
0.0347
0.0327
0.0333
0.0329
0.0322
0.0329
0.0304
0.0294
0.0305
0.0298
0.0303
0.0313
0.0463
0.0334
0.033
0.0217
0.029
0.0303
0.0319
0.0305
0.0308
0.0316
0.0318
0.031
0.0304
0.0308
0.0315
0.0324
0.031
0.0328
0.0326
0.0301
0.0324
0.0315
0.0309
0.032
0.0319
0.0319
0.0337
0.0305
0.0304
0.0307
0.0301
0.0312
0.0323
0.0319
0.0307
0.0301
0.0206
0.0295
0.0303
0.0318
0.0308
0.0317
0.0325
0.0312
0.0313
0.0308
0.0317
0.0311
0.0315
0.0304
0.0327
0.0308
0.0319
0.0348
0.0312
0.031
0.0309
0.0316
0.0311
0.03
0.0299
0.0295
0.0299
0.0306
0.0332
0.0425
0.0375
0.0373
0.036
0.026
0.0318
0.0316
0.034
0.031
0.0322
0.0342
0.0356
0.0351
0.0319
0.0316
0.0316
0.0314
0.0316
0.0363
0.031
0.0299
0.0304
0.0305
0.0297
0.0297
0.0304
0.0303
0.031
0.03
0.0298
0.0297
0.03
0.0296
0.0301
0.0301
0.0302
0.0311
0.0214
0.0299
0.0304
0.0317
0.0295
0.0305
0.0317
0.0301
0.0303
0.03
0.0399
0.0503
0.0345
0.0441
0.031
0.0325
0.0306
0.0308
0.0306
0.0304
0.0308
0.0306
0.031
0.0307
0.0309
0.0304
0.0304
0.0302
0.0348
0.0303
0.0313
0.0305
0.03
0.0273
0.0297
0.0299
0.0315
0.0307
0.0305
0.0306
0.0312
0.0322
0.031
0.0308
0.0315
0.0304
0.0299
0.03
0.0359
0.0307
0.0301
0.0301
0.0299
0.0351
0.0314
0.0293
0.0407
0.0301
0.0304
0.0294
0.0358
0.0306
0.0312
0.0304
0.0299
0.0309
0.0215
0.0305
0.0301
0.0373
0.0298
0.0302
0.0303
0.0302

--------------------------
CreateVideoDecoder_D3D11_1
--------------------------
20.3926

---------------------------
DestroyVideoDecoder_D3D11_1
---------------------------
0

----------------
First Frame Time
----------------
59.0006

--------------------------------------
VideoDecoderBeginFrame_WDDM2_4_D3D11_1
--------------------------------------
0.009
0.0029
0.0028
0.002
0.0048
0.004
0.0051
0.002
0.0028
0.0022
0.0027
0.0019
0.0024
0.0025
0.0019
0.0015
0.0018
0.0018
0.0028
0.0035
0.0027
0.002
0.0026
0.0024
0.0027
0.0019
0.0017
0.0018
0.0041
0.0021
0.0029
0.002
0.002
0.0023
0.002
0.0031
0.0025
0.002
0.0017
0.0015
0.0027
0.0021
0.0031
0.0026
0.0018
0.002
0.0015
0.0018
0.0016
0.0018
0.0014
0.0017
0.0015
0.0017
0.0015
0.0017
0.0015
0.0016
0.0014
0.0017
0.0014
0.0017
0.0015
0.0028
0.0015
0.0019
0.0018
0.0017
0.0017
0.0015
0.0018
0.0015
0.0017
0.0016
0.0016
0.0019
0.0019
0.0022
0.0022
0.0023
0.0019
0.0018
0.0024
0.0019
0.0022
0.0015
0.0021
0.0014
0.0017
0.0016
0.0016
0.002
0.0016
0.0018
0.0024
0.0018
0.0016
0.0016
0.0017
0.0022
0.0026
0.0019
0.0027
0.002
0.0026
0.0019
0.0023
0.0025
0.0025
0.0025
0.0021
0.0021
0.002
0.0018
0.0017
0.0017
0.0017
0.0017
0.0015
0.0016
0.0018
0.0017
0.0015
0.0031
0.002
0.0017
0.0023
0.0019
0.0017
0.0017
0.0021
0.0016
0.0016
0.0018
0.0015
0.0017
0.0017
0.0016
0.0016
0.0016
0.0014
0.0061
0.0015
0.0016
0.0015
0.0016
0.0017
0.0016
0.0015
0.0015
0.0016
0.0019
0.0015
0.0016
0.0016
0.0017
0.0017
0.0028
0.0032
0.0019
0.0021
0.0016
0.002
0.0017
0.0017
0.0016
0.0037
0.0025
0.0022
0.0023
0.0019
0.0019
0.0018
0.0018
0.002
0.0018
0.0018
0.0018
0.0019
0.0019
0.0016
0.0017
0.0019
0.0016
0.0016
0.0016
0.0016
0.0016
0.0017
0.0019
0.0016
0.0017
0.0016
0.0017
0.0016
0.0016
0.0018
0.0018
0.0016
0.0016
0.0017
0.0027
0.0018
0.0016
0.0018
0.0016
0.0016
0.0016
0.0015
0.0014
0.0015
0.003
0.0015
0.0016
0.0017
0.0017
0.0017
0.0016
0.0016
0.0016
0.0017
0.0016
0.0016
0.0015
0.0015
0.0018
0.0016
0.0015
0.0016
0.0018
0.0016
0.0016
0.0015
0.0016
0.0015
0.0016
0.0025
0.0018
0.0015
0.0015
0.0015
0.0015
0.0016
0.0015
0.0017
0.0015
0.0015
0.0016
0.0016
0.0014
0.0019
0.0016
0.0015
0.0015
0.0016
0.0015
0.0015
0.0017
0.0015
0.0016
0.0015
0.0016
0.0018
0.0015
0.0015
0.0018
0.0015
0.0017
0.0017
0.0016
0.0016
0.0016
0.0031
0.002
0.0018
0.0019
0.0023
0.0015
0.0016
0.0016
0.0015
0.0016
0.0015
0.0016
0.0015
0.0021
0.0016
0.0022
0.0018
0.0015
0.0014
0.0033
0.002
0.0017
0.0018
0.0019
0.0015
0.0017
0.0017
0.0015
0.0019
0.0015
0.0014
0.0017
0.0016
0.0014
0.0014
0.002
0.0016
0.0015
0.0016
0.0015
0.0014
0.0015
0.0016
0.0016
0.0035
0.0015
0.0016
0.0016
0.0016
0.0018
0.0016
0.0018
0.0016
0.0017
0.0016
0.0019
0.0017
0.0016
0.0017
0.0018
0.0016
0.002
0.0017
0.0016
0.0018
0.0016
0.0015
0.0016
0.0018
0.0018
0.0018
0.0016
0.0044
0.0018
0.0017
0.0017
0.0021
0.0017
0.0017
0.0018
0.0018
0.0017
0.002
0.0016
0.0015
0.0016
0.0019
0.0016
0.0027
0.0019
0.0016
0.0017
0.0016
0.0015
0.0016
0.0017
0.0016
0.0018
0.0018
0.0018
0.0017
0.0019
0.0015
0.0015
0.0018
0.0024
0.0015
0.0015
0.0018
0.0016
0.0018
0.0017
0.0017
0.0019
0.0018
0.0016
0.0017
0.0016
0.0017
0.0017
0.0016
0.0021
0.0021
0.0017
0.0017
0.0017
0.0019
0.0017
0.0016
0.0018
0.0018
0.0017
0.0016
0.0019
0.0017
0.0017
0.0017
0.0019
0.0017
0.0017
0.0018
0.0016
0.0019
0.0018
0.0017
0.0018
0.0018
0.0014
0.0015
0.0014
0.0014
0.0016
0.0041
0.0023
0.0023
0.0018
0.0017
0.0017
0.0016
0.0017
0.0016
0.0017
0.0019
0.0017
0.0015
0.0015
0.0017
0.0017
0.0016
0.0015
0.0017
0.0016
0.0022
0.0018
0.0017
0.0017
0.0018
0.0016
0.0017
0.0018
0.0016
0.0016
0.0016
0.0016
0.0017
0.0017
0.002
0.0017
0.0016
0.0018
0.0015
0.0017
0.0017
0.0017
0.0017
0.0017
0.0015
0.0016
0.0017
0.0017
0.0016
0.0015
0.004
0.0015
0.0017
0.0018
0.0016
0.0016
0.0015
0.0017
0.0021
0.0017
0.0015
0.0015
0.0016
0.0017
0.0017
0.0031
0.0024
0.0019
0.0021
0.0018
0.0018
0.0017
0.0019
0.0017
0.0017
0.0018
0.0019
0.0019
0.0017
0.0017
0.0025
0.0017
0.002
0.0016
0.0022
0.0017
0.0019
0.0015
0.0016
0.0014
0.0016
0.0014
0.0016
0.0017
0.0016
0.0015
0.0015
0.0016
0.0016
0.0018
0.0016
0.0018
0.0018
0.0017
0.0017
0.0016
0.0016
0.0016
0.0019
0.0016
0.0017
0.0016
0.0032
0.002
0.0022
0.002
0.0016
0.0015
0.0015
0.0018
0.0015
0.0016
0.0015
0.0016
0.0015
0.0016
0.0015
0.0015
0.0014
0.0016
0.0015
0.0017
0.0018
0.0015
0.0016
0.0018
0.0016
0.0018
0.0016
0.0016
0.0015
0.0016
0.0018
0.0018
0.0017
0.0017
0.0016
0.0016
0.0017
0.0017
0.0014
0.0014
0.0016
0.0016
0.0015
0.0016
0.0017
0.0016
0.0016
0.0015
0.0016
0.0015
0.0015
0.0015
0.0017
0.0015
0.0016
0.0016
0.0019
0.0015
0.0016
0.0015
0.0015
0.0016
0.0017
0.0015

----------------------------
VideoDecoderEndFrame_D3D11_1
----------------------------
0.0346
0.0526
0.0775
0.0977
0.1691
0.1273
0.0991
0.0974
0.1371
0.0699
0.0671
0.0683
0.0624
0.0639
0.0622
0.0608
0.0523
0.0667
0.0615
0.0671
0.0605
0.0562
0.0615
0.0546
0.0585
0.0518
0.0532
0.0692
0.0554
0.0812
0.054
0.0533
0.0664
0.0831
0.076
0.071
0.057
0.0573
0.0555
0.056
0.0602
0.0539
0.0531
0.0532
0.0517
0.0525
0.0511
0.0525
0.0511
0.0517
0.0516
0.0515
0.0519
0.0517
0.0518
0.0513
0.0507
0.0518
0.0512
0.05
0.0503
0.0518
0.051
0.0527
0.0508
0.0509
0.0519
0.0507
0.0521
0.0499
0.0538
0.0514
0.0514
0.0518
0.0678
0.0621
0.0658
0.0689
0.0696
0.0622
0.0701
0.0934
0.0506
0.0517
0.0505
0.0512
0.0518
0.0511
0.0514
0.0508
0.0516
0.0506
0.05
0.0504
0.0517
0.052
0.0507
0.052
0.0558
0.0741
0.0793
0.0622
0.0664
0.0618
0.0543
0.0522
0.0558
0.0523
0.0965
0.054
0.0509
0.073
0.0797
0.0526
0.0541
0.0494
0.05
0.0506
0.0499
0.053
0.051
0.05
0.0716
0.102
0.0505
0.0508
0.0527
0.051
0.0521
0.0505
0.0501
0.0487
0.073
0.0508
0.0506
0.0503
0.0523
0.0541
0.0506
0.0507
0.0529
0.0523
0.0502
0.052
0.0506
0.0536
0.0511
0.052
0.0508
0.0537
0.0501
0.0543
0.0504
0.0509
0.0519
0.0499
0.0694
0.0558
0.0552
0.0529
0.0513
0.0503
0.0518
0.0562
0.05
0.0713
0.1109
0.0591
0.0558
0.0562
0.0564
0.0564
0.0531
0.0514
0.0539
0.0551
0.0562
0.0532
0.0563
0.0632
0.0513
0.0509
0.0507
0.0516
0.0512
0.0514
0.0504
0.0521
0.0514
0.0516
0.0512
0.0522
0.052
0.051
0.0515
0.0518
0.05
0.0497
0.0494
0.0517
0.0514
0.0597
0.05
0.0498
0.0505
0.0524
0.0543
0.0515
0.051
0.0504
0.0511
0.0514
0.0501
0.0513
0.0595
0.0518
0.0524
0.0539
0.0548
0.0515
0.0515
0.0506
0.0547
0.0506
0.0509
0.0553
0.0497
0.0492
0.05
0.0502
0.0497
0.052
0.0524
0.0516
0.0509
0.0514
0.0537
0.0516
0.0506
0.0509
0.0509
0.0564
0.0502
0.05
0.0512
0.0505
0.0513
0.0501
0.0508
0.0534
0.0525
0.0493
0.0501
0.0514
0.0495
0.0507
0.0509
0.051
0.0504
0.0499
0.0502
0.0497
0.0535
0.0501
0.0503
0.0511
0.0511
0.0494
0.0505
0.0511
0.0515
0.0563
0.0565
0.0527
0.0515
0.0528
0.053
0.0506
0.0508
0.0494
0.0527
0.0509
0.0507
0.05
0.0504
0.0501
0.0599
0.0793
0.0996
0.0484
0.0717
0.1034
0.051
0.0502
0.0508
0.0509
0.0502
0.0509
0.0509
0.0501
0.0545
0.0533
0.0513
0.0515
0.0506
0.0508
0.0511
0.0506
0.0503
0.0511
0.0501
0.0506
0.051
0.051
0.05
0.0515
0.0532
0.0505
0.0507
0.0508
0.0605
0.0516
0.0506
0.0508
0.0501
0.0504
0.0511
0.0493
0.0548
0.0556
0.0598
0.0563
0.054
0.051
0.0506
0.0522
0.0507
0.0499
0.0526
0.0524
0.0531
0.0522
0.0534
0.0549
0.0561
0.0577
0.0578
0.061
0.058
0.054
0.0558
0.0535
0.06
0.0563
0.0556
0.0524
0.0531
0.0578
0.0547
0.0547
0.0539
0.0544
0.0522
0.0517
0.0529
0.0549
0.0545
0.0544
0.0554
0.0541
0.0588
0.0532
0.0541
0.0525
0.0527
0.0518
0.0537
0.0589
0.0546
0.0535
0.0549
0.0533
0.0539
0.057
0.055
0.0548
0.0538
0.0523
0.0557
0.056
0.0527
0.053
0.0568
0.055
0.0532
0.0532
0.0534
0.0537
0.0536
0.0556
0.0568
0.0554
0.0556
0.0528
0.0512
0.0527
0.0535
0.0535
0.0529
0.0558
0.0549
0.0574
0.0561
0.0557
0.0543
0.0559
0.0567
0.0577
0.0532
0.0526
0.0527
0.0525
0.0537
0.0563
0.0626
0.0544
0.0532
0.0542
0.0524
0.0524
0.0526
0.0526
0.0533
0.0551
0.0554
0.0525
0.0531
0.052
0.0565
0.0545
0.0541
0.0579
0.0552
0.0548
0.0544
0.0549
0.0542
0.0542
0.054
0.0551
0.059
0.0532
0.0546
0.0522
0.0553
0.0541
0.0563
0.0555
0.0666
0.0521
0.0529
0.0525
0.0537
0.0572
0.0541
0.0561
0.0533
0.0533
0.053
0.0554
0.0529
0.0536
0.0542
0.0518
0.0562
0.056
0.0528
0.0542
0.0545
0.0532
0.055
0.0538
0.0529
0.0553
0.0531
0.0529
0.0543
0.0525
0.0549
0.0619
0.0551
0.0589
0.0549
0.0561
0.0532
0.0528
0.0517
0.0548
0.0534
0.0547
0.056
0.0585
0.0528
0.0528
0.0522
0.0534
0.0555
0.0563
0.0519
0.0541
0.0531
0.0513
0.0513
0.0529
0.0517
0.0526
0.0523
0.0517
0.0515
0.0506
0.0515
0.0525
0.0509
0.0514
0.0521
0.0523
0.0518
0.0513
0.0526
0.0522
0.0524
0.0515
0.0539
0.0509
0.0518
0.0509
0.0543
0.0573
0.0626
0.0528
0.0499
0.0505
0.0504
0.0501
0.0505
0.052
0.0507
0.05
0.0503
0.051
0.0506
0.0511
0.0508
0.0531
0.0521
0.0508
0.0526
0.0499
0.0515
0.0503
0.0499
0.0503
0.05
0.0509
0.0498
0.0514
0.0513
0.0512
0.0503
0.0508
0.0502
0.0501
0.05
0.0503
0.05
0.0507
0.0503
0.0509
0.0513
0.0499
0.0506
0.0499
0.0505
0.0501
0.0498
0.0501
0.05
0.0498
0.0501
0.0519
0.0506
0.0497
0.0503
0.0513
0.0501
0.0501
0.0508
0.0495
0.05
0.0496

---------------------------------
VideoDecoderSubmitBuffers_D3D11_1
---------------------------------
1.7962
0.6498
0.619
0.6413
0.9798
0.8308
0.5944
0.5682
1.3189
0.9001
0.983
1.0992
1.0188
1.0128
0.9262
1.0182
0.8334
7.5427
4.356
0.5331
0.578
0.4899
2.1391
0.5038
0.4361
0.3958
0.3973
0.4149
0.4771
0.6369
0.5839
0.7031
1.0952
0.403
0.5044
0.5619
0.4196
0.3845
0.5087
0.7003
0.6299
0.3909
0.3787
0.4264
0.3812
0.5256
0.6976
0.6855
0.7056
0.6758
0.7116
0.6746
0.7046
0.6766
0.7142
0.677
0.7101
0.6794
0.7117
0.6757
0.721
0.6717
0.7135
0.666
0.6865
0.6937
0.385
0.3855
0.3808
0.3735
0.6494
0.7083
0.6736
0.7139
0.843
0.6018
0.6689
0.6243
0.5497
0.5892
0.6881
0.7433
0.3905
0.6299
0.6686
0.704
0.6783
0.7031
0.6742
0.6999
0.7054
0.3898
0.3721
0.3736
0.3722
0.6282
0.6249
0.8983
3.2652
0.4015
0.4504
0.6447
0.6652
0.6565
0.6372
0.6927
2.3222
1.257
0.4056
0.5363
1.2601
0.3935
0.3892
0.3803
0.3735
0.374
0.3711
0.3778
0.5727
0.7609
0.4201
0.3916
0.3681
0.4625
0.3911
0.6088
0.4072
0.3919
0.6479
0.5876
1.7667
0.3912
0.3736
0.3791
0.3735
0.6443
0.7384
0.7275
0.7456
0.7107
0.786
0.7257
0.7729
0.7664
0.7857
0.728
0.8142
0.6939
0.7387
0.7681
0.7884
0.3844
0.371
0.3736
0.5993
0.7752
0.8146
0.7878
0.6445
0.7239
0.6135
0.7093
0.4151
0.4818
2.761
0.3869
0.5393
0.4269
0.4149
0.4168
0.3875
0.3912
0.3714
0.3712
0.3938
0.3752
0.3794
0.388
0.4188
0.4208
0.3738
0.3741
0.3725
0.3757
0.382
0.3798
0.372
0.3737
0.3708
0.3726
0.3701
0.3681
0.3703
0.3664
0.3703
0.3772
0.3634
0.3782
0.3757
0.3707
0.3636
0.454
0.3845
0.3771
0.6436
0.6913
0.3855
0.4955
0.726
0.818
0.7693
0.7996
0.7858
0.3839
0.4817
0.7306
0.7859
0.7563
0.3838
0.527
0.7301
0.8302
0.7661
0.7506
0.7697
0.395
0.3682
0.4393
0.5689
0.3514
0.3663
0.3796
0.6611
0.7516
0.8098
0.7604
0.4503
0.4057
0.3752
0.5274
0.7657
0.7797
0.7487
0.7905
0.7299
0.8183
0.7618
0.7716
0.7679
0.7957
0.4095
0.3677
0.3683
0.705
0.787
0.8202
0.7663
0.3842
0.5158
0.7401
0.8373
0.5959
0.3574
0.3715
0.5093
0.3927
0.3746
0.6969
0.3816
0.4625
0.7645
1.6971
0.4616
0.4013
0.426
0.4192
0.3994
0.3671
0.3646
0.626
0.8014
0.8121
0.7659
0.7942
0.8259
0.4205
0.5038
0.4105
0.4127
0.371
0.3698
0.4917
0.3942
0.5914
0.3912
0.3598
0.3723
0.4737
0.5474
0.8458
0.3892
0.3756
0.3716
0.6052
0.7141
0.8007
0.7506
0.7609
0.7657
0.792
0.7397
0.8268
0.7817
0.3788
0.5176
0.759
0.7677
0.7481
0.7892
0.7257
0.8129
0.7632
0.7447
0.7864
0.7716
0.3736
0.3763
0.3956
0.3626
0.3753
0.4239
0.3878
0.3836
0.3956
0.3798
0.3762
0.3726
0.3774
0.3701
0.3779
0.3751
0.3856
0.3842
0.3831
0.3895
0.397
0.407
0.4229
0.4113
0.4071
0.4034
0.4051
0.4107
0.3995
0.3933
0.3844
0.3785
0.3767
0.3926
0.3932
0.3929
0.3623
0.379
0.3835
0.3894
0.3774
0.3867
0.3873
0.3927
0.4018
0.4128
0.3987
0.3874
0.3876
0.3873
0.3865
0.3899
0.4376
0.3823
0.386
0.3836
0.3898
0.3951
0.4007
0.406
0.4021
0.397
0.3809
0.3816
0.3799
0.3793
0.3867
0.3938
0.4152
0.3748
0.3868
0.3943
0.3934
0.3909
0.4001
0.4186
0.3947
0.388
0.4004
0.3686
0.3804
0.382
0.376
0.3952
0.3945
0.3998
0.4278
0.4184
0.4024
0.4093
0.4027
0.3972
0.4011
0.3763
0.3747
0.3774
0.3749
0.3787
0.3887
0.5263
0.4283
0.4037
0.3805
0.3674
0.3788
0.3781
0.3757
0.3867
0.3883
0.3923
0.3794
0.3774
0.3783
0.3896
0.3958
0.3993
0.4041
0.4017
0.3799
0.3926
0.387
0.3834
0.3872
0.4007
0.397
0.4176
0.381
0.3777
0.3802
0.3791
0.391
0.4021
0.3959
0.3888
0.3776
0.359
0.3698
0.3761
0.3785
0.3816
0.4057
0.4034
0.3891
0.3834
0.3836
0.3864
0.4041
0.3869
0.3825
0.3937
0.3928
0.3924
0.4045
0.3845
0.3831
0.3855
0.3912
0.3884
0.3742
0.3697
0.3713
0.3771
0.3793
0.3994
0.4921
0.4256
0.4372
0.4254
0.3958
0.3872
0.3886
0.3953
0.3901
0.3963
0.4121
0.4289
0.4171
0.386
0.3859
0.387
0.3861
0.3941
0.4115
0.3806
0.3677
0.3733
0.3699
0.3672
0.374
0.3716
0.3853
0.382
0.3719
0.3717
0.3723
0.3701
0.3713
0.3729
0.3755
0.3698
0.3769
0.3545
0.3733
0.3712
0.3734
0.3666
0.3767
0.393
0.3764
0.3685
0.3733
0.4768
0.6901
0.701
0.7947
0.7208
0.7694
0.769
0.3813
0.4647
0.7677
0.7739
0.7277
0.8167
0.7407
0.7554
0.7509
0.777
0.736
0.8285
0.7793
0.3831
0.3684
0.3755
0.4983
0.8316
0.3746
0.3727
0.6734
0.7675
0.6949
0.7424
0.4421
0.5363
0.7089
0.6284
0.6928
0.8059
0.7431
0.7428
0.7935
0.374
0.5133
0.7966
0.8016
0.4018
0.3676
0.5396
0.7409
0.83
0.7567
0.7911
0.7487
0.3755
0.48
0.7595
0.4623
0.3595
0.7744
0.695
0.8351
0.8398
0.3761
0.4017
0.8139

