---------------------------------------------
CalcPrivateVideoDecoderOutputViewSize_D3D11_1
---------------------------------------------
0.0023
0.0018
0.0017
0.002
0.0024
0.0014
0.0019
0.0012
0.0011
0.0017
0.0008
0.0009
0.0017
0.0032
0.0011
0.0009
0.0009
0.001
0.0011
0.0024
0.0011
0.0011
0.0013
0.0017
0.0011
0.0009
0.0018
0.0017
0.004
0.0017
0.0022
0.0016
0.0017
0.0016
0.0016
0.0015
0.0009
0.0009
0.0013
0.0018
0.0016
0.0015
0.003
0.0011
0.0014
0.0014
0.0015
0.002
0.0016
0.0011
0.0008
0.002
0.0016
0.0012
0.0009
0.0016
0.0016
0.0016
0.0019
0.0017
0.0016
0.002
0.0011
0.0018
0.0019
0.0015
0.0021
0.0019
0.002
0.0016
0.0018
0.0018
0.0016
0.0014
0.0018
0.0017
0.0019
0.002
0.0017
0.002
0.0021
0.002
0.0033
0.0015
0.0012
0.0019
0.0018
0.0016
0.0012
0.0016
0.0015
0.0017
0.0017
0.0014
0.0084
0.0015
0.0021
0.0016
0.0019
0.0016
0.0017
0.0016
0.0016
0.0016
0.0016
0.0015
0.0015
0.0023
0.0017
0.0013
0.0021
0.001
0.0024
0.0016
0.0021
0.0013
0.0023
0.0015
0.002
0.0016
0.0016
0.0019
0.0015
0.0021
0.0014
0.0022
0.0016
0.0017
0.002
0.0016
0.002
0.002
0.0019
0.002
0.0023
0.0018
0.0037
0.002
0.0013
0.0022
0.0019
0.004
0.0019
0.0019
0.005
0.0013
0.0016
0.0016
0.0017
0.002
0.0016
0.0015
0.0016
0.0018
0.0016
0.0017
0.002
0.0044
0.0018
0.0015
0.0021
0.0019
0.0013
0.0024
0.0011
0.0018
0.0025
0.0019
0.002
0.002
0.002
0.0019
0.0023
0.0022
0.0019
0.0022
0.002
0.0025
0.0016
0.0021
0.0016
0.0018
0.0021
0.0021
0.0045
0.0019
0.0014
0.0019
0.0021
0.0023
0.0019
0.0041
0.0022
0.0028
0.0021
0.0018
0.0018
0.0021
0.0016
0.0016
0.0019
0.0019
0.0019
0.0021
0.0019
0.0019
0.0018
0.0021
0.001
0.0022
0.0011
0.0026
0.0021
0.0016
0.0017
0.0021
0.002
0.0023
0.001
0.002
0.0016
0.0019
0.0019
0.001
0.0016
0.002
0.0017
0.0021
0.0016
0.0016
0.0022
0.002
0.0023
0.0014
0.0019
0.0016
0.0016
0.0021
0.0017
0.002
0.0021
0.0016
0.0015
0.0024
0.0023
0.0019
0.0019
0.0019
0.0015
0.0019
0.0013
0.0016
0.0018
0.0016
0.0022
0.0025
0.0021
0.002
0.0019
0.0021
0.0018
0.0016
0.0022
0.0016
0.0019
0.0016
0.0023
0.0018
0.0021
0.002
0.0012
0.0008
0.0015
0.002
0.0016
0.0018
0.0012
0.002
0.0018
0.0018
0.002
0.0021
0.0019
0.0018
0.0016
0.002
0.0016
0.0023
0.0018
0.0015
0.0019
0.002
0.0016
0.0019
0.0015
0.0016
0.0017
0.0024
0.0019
0.002
0.0019
0.0018
0.0018
0.002
0.0016
0.0019
0.0017
0.0019
0.0018
0.0022
0.0009
0.0018
0.0033
0.0018
0.0019
0.0021
0.0065
0.0011
0.0017
0.0021
0.0019
0.0019
0.0019
0.0011
0.0026
0.0016
0.0017
0.0019
0.0018
0.0014
0.0021
0.0019
0.0017
0.0012
0.0017
0.0013
0.002
0.0017
0.0019
0.002
0.0021
0.002
0.0016
0.0017
0.0016
0.002
0.002
0.002
0.0017
0.0016
0.0019
0.0016
0.0017
0.0016
0.0017
0.002
0.0017
0.0016
0.0016
0.0017
0.0016
0.0016
0.0015
0.002
0.0016
0.002
0.0017
0.002
0.0016
0.0016
0.0016
0.0016
0.0016
0.0015
0.0017
0.0015
0.0016
0.0021
0.0013
0.0015
0.002
0.0016
0.0015
0.001
0.0008
0.0021
0.0021
0.0019
0.002
0.002
0.0017
0.0014
0.0011
0.0013
0.0016
0.0015
0.002
0.0017
0.002
0.0016
0.0019
0.0016
0.0017
0.0017
0.0016
0.0021
0.0016
0.0016
0.0016
0.0017
0.0016
0.0016
0.002
0.0017
0.0017
0.0015
0.002
0.0016
0.0016
0.002
0.0019
0.0019
0.0019
0.002
0.0016
0.002
0.002
0.002
0.0022
0.0016
0.002
0.002
0.0018
0.0013
0.0021
0.0013
0.0019
0.0019
0.0019
0.0022
0.0022
0.0016
0.002
0.0017
0.0017
0.0018
0.0015
0.0016
0.0021
0.0015
0.001
0.0015
0.0017
0.0031
0.001
0.0016
0.0019
0.0018
0.0021
0.0016
0.0022
0.001
0.0015
0.0016
0.0021
0.0018
0.0018
0.0019
0.0018
0.002
0.0017
0.0019
0.0018
0.0018
0.0065
0.002
0.0019
0.0018
0.0018
0.0021
0.0016
0.0023
0.0013
0.0017
0.0015
0.001
0.0016
0.0021
0.0022
0.0015
0.0018
0.0016
0.002
0.0018
0.002
0.0013
0.002
0.0018
0.0014
0.0019
0.0014
0.0019
0.0016
0.0023
0.002
0.0014
0.0021
0.0011
0.0017
0.0016
0.002
0.0019
0.0012
0.0021
0.001
0.0016
0.0022
0.001
0.0016
0.0033
0.0014
0.0019
0.0016
0.0018
0.0019
0.0019
0.0019
0.001
0.002
0.0016
0.0012
0.0016
0.0016
0.0019
0.002
0.0013
0.002
0.0016
0.0017
0.0021
0.0022
0.0019
0.0016
0.0016
0.0021
0.0013
0.002
0.0019
0.0031
0.0014
0.002
0.0009
0.002
0.0017
0.0016
0.0015
0.0018
0.0016
0.0018
0.0019
0.0018
0.0009
0.0018
0.0017
0.0016
0.001
0.0016
0.0017
0.0016
0.0017
0.0016
0.0018
0.0015
0.0015
0.0017
0.0017
0.0017
0.0017
0.0014
0.001
0.002
0.0017
0.0019
0.0017
0.0016
0.002
0.0016
0.002
0.0017
0.0017
0.0022
0.0016
0.0012
0.0016
0.0016
0.0013
0.003
0.0017
0.0016
0.002

-----------------------
CodechalDecode::Execute
-----------------------
11.2633
2.6232
9.2503
3.8075
4.4332
1.4074
4.0418
0.8227
0.6733
0.6485
1.2205
0.6671
0.9266
0.6663
1.6151
0.6891
0.8503
1.2136
1.5292
1.5609
0.8458
1.2452
1.2075
1.5796
0.952
0.5769
0.5712
0.6019
1.1457
0.5487
0.5435
0.556
0.5671
0.6261
1.4592
1.4249
1.4015
1.3967
1.3888
0.9255
0.9304
0.903
1.4566
1.405
1.3934
0.5425
0.5378
0.6007
1.0481
0.4973
0.4814
0.9313
0.5815
0.5106
0.4901
0.94
0.9338
0.9352
0.5884
0.9372
0.9376
0.9279
0.5054
0.4923
0.547
0.5364
0.5406
0.5457
0.5552
0.5754
0.751
0.5378
0.5467
0.7365
0.5386
0.5595
0.551
0.5582
0.5528
0.5522
0.5527
0.5504
0.5519
0.6924
0.6822
0.5465
0.5336
0.5241
0.512
0.544
0.506
0.5635
0.5128
0.5467
0.5463
0.5205
0.535
0.5513
1.835
0.5408
0.5419
0.5645
0.5394
0.5413
0.5408
0.5483
0.5445
0.5413
0.553
0.4919
0.5575
0.4946
0.5429
0.5484
0.5594
0.547
0.5466
0.5203
0.532
0.522
1.7624
0.5489
0.5515
0.5538
0.5085
0.5591
0.5363
0.5398
0.5475
0.5774
0.5796
0.5646
0.5666
0.5865
0.5844
0.7618
0.7678
0.6492
0.536
0.6049
0.5494
0.6304
0.627
0.5587
0.6022
0.5215
0.5524
0.5941
0.5362
0.5593
0.5509
0.7244
0.5543
0.7626
0.6227
0.6936
0.8394
0.818
0.7307
0.6325
0.7108
0.5593
0.7134
0.5767
0.5116
0.5476
0.545
0.5649
0.7743
0.5423
0.5435
0.7594
0.7922
0.5451
0.5475
0.5495
0.5741
0.6212
0.7421
0.6323
0.6805
0.8494
0.68
0.8336
0.7963
0.551
0.688
0.5364
0.8498
0.6905
0.6849
0.8808
0.7351
0.5428
0.5413
0.5465
0.7516
0.5433
0.5395
0.7043
0.6736
0.5652
0.5389
0.5429
0.5375
0.5487
0.5483
0.5731
0.4953
0.5606
0.5057
0.4855
0.5485
0.5365
0.5401
0.5463
0.5388
0.5565
0.5067
0.5405
0.5444
0.5462
0.5625
0.5324
0.5936
0.5363
0.5228
0.5855
0.5502
0.5211
0.5868
0.5553
0.5429
0.5264
0.5514
0.5578
0.5544
0.5546
0.5516
0.5575
1.7596
0.5369
0.5496
0.5555
0.5537
0.5548
0.5541
0.5539
0.5266
0.5524
0.5015
0.5627
0.5403
0.5567
0.5551
0.5489
0.5509
0.5525
0.5544
0.558
0.5436
0.5463
0.554
0.5511
0.5469
0.5355
0.5499
0.5493
0.5474
0.5523
0.533
0.4897
0.5527
0.5519
0.551
0.5542
0.5159
0.5835
0.5668
0.5524
0.5506
0.5556
0.5519
0.5413
0.54
0.5559
0.5556
0.554
0.541
0.5469
0.5495
0.5515
0.5317
0.5495
0.5437
0.5415
0.5433
0.5531
0.5495
0.5317
0.5536
0.5516
0.5524
0.5648
0.5397
0.5525
0.5445
0.5507
0.5529
0.5622
0.5016
0.5565
0.5453
0.548
0.5426
0.5437
0.5661
0.5013
0.5521
0.5541
0.5483
0.5497
0.5478
0.5137
0.5597
0.5489
0.5537
0.5558
0.5711
0.5132
0.5589
0.5505
0.55
0.5073
0.5587
0.5014
0.552
0.55
0.5532
0.5518
0.5579
0.5523
0.5595
0.9324
0.5811
0.9249
0.5796
0.6218
0.9425
0.9241
0.5734
0.9374
0.9393
0.9421
0.9523
0.9354
0.9372
0.9213
0.8909
0.9224
0.9101
0.6045
0.9398
0.9396
0.9369
0.933
0.9385
0.9358
0.937
0.9394
0.9339
0.9402
0.9179
0.9469
0.9381
0.9398
0.9392
0.9678
0.6398
0.5604
0.5959
0.9153
0.6399
0.511
0.4809
0.5885
0.5816
0.6187
0.6168
0.6232
1.0719
1.4044
1.3817
1.3566
0.5637
0.5861
0.9012
0.9384
0.6239
0.9331
0.62
0.9389
0.9253
0.6026
0.9345
0.6032
0.9309
0.9358
0.655
1.0459
0.6351
0.9475
0.6234
0.9093
0.9302
0.9253
0.5523
0.538
0.5375
0.5563
0.5496
0.5621
0.5511
0.5522
0.5364
0.5418
0.75
0.6349
0.6737
0.5243
0.542
0.5791
0.5738
0.7361
0.5333
0.5388
0.5206
0.549
0.5483
0.5522
0.544
0.5469
0.551
0.5558
0.5503
0.514
0.5541
0.5901
0.549
0.5519
0.5039
0.5544
0.5483
0.5539
0.5067
0.5809
0.5675
0.5547
0.5422
0.5523
0.5476
0.5069
0.5316
0.5853
0.5746
0.5536
0.5494
0.5521
0.5552
0.5478
0.5509
0.5485
0.5467
0.5541
0.554
0.5498
0.5548
0.5512
0.5536
0.548
0.487
0.5549
0.5062
0.5449
0.5491
0.4974
0.557
0.5632
0.5362
0.5517
0.5131
0.5555
0.5495
0.5538
0.5749
0.4985
0.554
0.546
0.5005
0.5483
0.4987
0.5665
0.551
0.5549
0.5473
0.5037
0.5562
0.5044
0.5563
0.5557
0.5542
0.5629
0.4965
0.5569
0.5039
0.5526
0.5654
0.502
0.5547
0.5519
0.5163
0.5514
0.5482
0.5469
0.5504
0.5518
0.5852
0.5341
0.5409
0.5427
0.5219
0.5504
0.5461
0.5682
0.5512
0.5225
0.5456
0.5387
0.5496
0.5554
0.5532
0.555
0.5535
0.5474
0.548
0.512
0.5608
0.5496
0.5668
0.5061
0.5517
0.5055
0.5546
0.5424
0.5456
0.5376
0.5461
0.5534
0.5524
0.5491
0.559
0.4905
0.5466
0.5449
0.559
0.5297
0.9085
0.9334
0.9024
0.5875
0.9208
0.9221
0.9287
0.93
0.9369
0.9311
0.9378
0.9378
0.5385
0.6311
1.0468
0.5982
0.9157
0.5995
0.9345
0.9335
0.9377
0.8999
0.9317
0.9306
0.8977
0.9359
0.9584
0.9175
0.6217
0.52
0.5913
0.6223
0.5689
0.5681

---------------------------------------
CodechalDecodeHevcG12::DecodeStateLevel
---------------------------------------
0.2525
0.4662
3.9005
0.3208
0.232
0.3207
4.522
0.2248
3.4948
0.5362
0.2213
2.2737
3.6548
0.2451
0.2274
0.4906
0.2153
0.2352
0.1449
0.1759
0.3983
0.1797
0.1754
0.2
0.1444
0.1716
0.193
0.1329
0.1699
0.1868
0.1203
0.1738
0.7528
0.1273
0.1729
0.1974
0.1374
0.1843
0.1964
0.1263
0.1776
0.198
1.051
0.1666
0.2016
0.1203
0.1657
0.1886
0.1854
0.1763
0.2647
0.1545
0.1846
0.651
0.9698
0.1843
0.2163
0.9632
0.1991
0.2096
0.1253
0.1799
0.3428
0.134
0.1806
0.7211
0.133
0.1782
0.6861
0.915
0.1936
0.2415
0.0776
0.168
0.1533
0.078
0.1701
0.1554
0.0857
0.1699
0.1527
0.0872
0.1722
0.1544
0.0893
0.1733
0.1557
0.0876
0.1708
0.1555
0.0876
0.1709
0.1539
0.0902
0.1749
0.1545
0.091
0.175
0.1589
0.0837
0.1714
0.1532
0.0844
0.1716
0.154
0.0786
0.165
0.1518
0.9728
0.1656
0.15
0.9712
0.1617
0.1503
0.9705
0.1607
0.1501
0.0857
0.1697
0.1571
0.0834
0.1711
0.1542
0.0839
0.1706
0.1544
0.0829
0.1701
0.1535
0.9749
0.1644
0.1518
0.9736
0.1618
0.1493
0.0848
0.1686
0.1595
0.0863
0.1692
0.1529
0.0905
0.1711
0.1537
0.0891
0.1693
0.1542
0.072
0.1637
0.1511
0.0688
0.1593
0.149
0.0849
0.1694
0.1535
0.0848
0.1714
0.155
0.0763
0.1639
0.1542
0.0699
0.1613
0.1506
0.0977
0.175
0.1552
0.0826
0.1686
0.1541
0.0833
0.1724
0.1567
0.0861
0.1712
0.1554
0.0843
0.1699
0.1547
0.0841
0.1688
0.1527
0.085
0.1689
0.1518
0.0772
0.1607
0.1506
0.0703
0.1595
0.1519
0.0861
0.1752
0.1525
0.084
0.1696
0.1518
0.0857
0.1713
0.152
0.0878
0.1696
0.1527
0.0886
0.1729
0.1557
0.089
0.1739
0.1599
0.1202
0.2449
0.2189
0.0872
0.1685
0.1535
0.0882
0.1739
0.1535
0.0996
0.2232
0.2364
0.0805
0.1762
0.155
0.0939
0.1749
0.1564
0.0915
0.1702
0.155
0.0962
0.1716
0.1561
0.0908
0.1721
0.1541
0.0913
0.1729
0.1538
0.0871
0.1768
0.1577
0.0872
0.1741
0.156
0.0895
0.1722
0.1547
0.1008
0.2216
0.2116
0.0962
0.2204
0.2162
0.0895
0.1725
0.1535
0.0821
0.1728
0.1534
0.0819
0.1693
0.1526
0.0743
0.1671
0.1514
0.0773
0.1797
0.1586
0.0751
0.1655
0.1515
0.0901
0.1755
0.1594
0.0769
0.1664
0.1525
0.0803
0.176
0.1599
0.0898
0.1686
0.1542
0.0776
0.1642
0.1567
0.0823
0.1675
0.158
0.0914
0.1696
0.1519
0.0872
0.1996
1.1223
0.0857
0.1691
0.154
0.0861
0.1687
0.1542
0.0867
0.1828
0.164
0.0865
0.1698
0.1546
0.087
0.1688
0.1544
0.0843
0.1718
0.1556
0.0852
0.1776
0.1551
0.0854
0.1715
0.1581
0.0853
0.1699
0.1558
0.0925
0.1737
0.1531
0.0728
0.1602
0.1491
0.0924
0.1733
0.1559
0.0724
0.1619
0.1517
0.0851
0.1713
0.1557
0.0837
0.1727
0.1583
0.0912
0.1769
0.1571
0.0954
0.1714
0.1552
0.0863
0.1731
0.1556
0.0757
0.1682
0.1549
0.0831
0.1691
0.1538
0.0767
0.1693
0.1533
0.0964
0.2579
1.0733
0.0867
0.1759
0.1536
0.0878
0.1763
0.1548
0.0885
0.1748
0.1561
0.0757
0.1658
0.1535
0.0863
0.1756
0.1641
0.0884
0.1681
0.1544
0.0871
0.1702
0.1528
0.0836
0.172
0.1614
0.0987
0.1737
0.1651
0.0887
0.17
0.1566
0.0867
0.1821
0.1568
0.0858
0.1787
0.1743
0.1015
0.1768
0.1663
0.0901
0.2029
0.1625
0.1062
0.2579
0.2291
0.0982
0.2592
0.2411
0.1215
0.2097
0.1668
0.0841
0.1715
0.1559
0.1207
0.1774
0.1671
0.0855
0.1775
0.1632
0.1109
0.2076
0.1646
0.09
0.2348
0.156
0.0956
0.1718
0.1567
0.093
0.1936
0.1797
0.0792
0.1697
0.1523
0.0899
0.174
0.1539
0.085
0.1796
0.1863
0.078
0.1658
0.1726
0.0847
0.1913
0.1627
0.0865
0.1754
0.1556
0.1095
0.2449
0.213
0.0875
0.1732
0.1633
0.1039
0.2659
0.2373
0.0848
0.2205
0.182
0.1124
0.1755
0.2264
0.1476
0.2782
0.2408
0.1174
0.2795
0.2387
0.1129
0.2581
0.2102
0.0956
0.2311
0.1593
0.119
0.2781
0.1639
0.0926
0.1767
0.1596
0.0952
0.2362
0.2201
0.1106
0.1726
0.1564
0.077
0.165
0.1507
0.0886
0.1696
0.157
0.0946
0.1699
0.1525
0.0917
0.1767
0.16
0.1073
0.2514
0.2375
0.0864
0.1706
0.1593
0.0859
0.1707
0.1605
0.0907
0.1882
0.2625
0.1151
0.2577
0.2399
0.0906
0.1722
0.153
0.0938
0.1709
0.1553
0.0902
0.1691
0.1599
0.1003
0.1725
0.1602
0.0914
0.188
0.2086
0.1023
0.2358
0.2282
0.0928
0.1802
0.1935
0.0995
0.2092
0.2213
0.1278
0.2264
0.2883
0.1194
0.2221
0.1789
0.1172
0.2799
0.2454
0.1136
0.2586
0.2385
0.0871
0.1771
0.1556
0.0782
0.2076
0.2458
0.0866
0.168
0.1525
0.1141
0.2821
0.2581
0.1562
0.2021
0.1596
0.0925
0.2039
0.2288
0.1236
0.2969
0.261
0.1123
0.2498
0.211
0.0855
0.1709
0.153
0.0858
0.17
0.156
0.0926
0.1677
0.1622
0.103
0.2429
0.2398
0.0873
0.1705
0.1542
0.0874
0.1688
0.153
0.1166
0.1801
0.1617
0.1164
0.2094
0.1818
0.0895
0.1734
0.1563
0.0862
0.1695
0.1522
0.0878
0.171
0.1531
0.0859
0.1675
0.152
0.0883
0.1678
0.1606
0.0878
0.1716
0.1552
0.1006
0.1764
0.1584
0.072
0.1631
0.1511
0.0912
0.1781
0.1552
0.075
0.1648
0.1504
0.0698
0.1583
0.1492
0.0874
0.1691
0.152
0.0853
0.169
0.1539
0.0853
0.1701
0.1524
0.0874
0.1723
0.1543
0.0848
0.1719
0.154
0.0894
0.1778
0.1555
0.0738
0.1677
0.1571
0.086
0.1707
0.1552
0.0866
0.1711
0.1553
0.0877
0.1717
0.1565
0.0947
0.175
0.1576
0.0781
0.1644
0.1593
0.1121
0.1787
0.1556
0.0838
0.1705
0.1528
0.0798
0.1684
0.1522
0.0939
0.1851
0.154
0.0893
0.1696
0.1543
0.0785
0.1665
0.1532
0.0966
0.1788
0.1563
0.0906
0.1731
0.1553
0.0857
0.1714
0.1535
0.0797
0.1655
0.152
0.086
0.1736
0.1545
0.0901
0.1722
0.1588
0.0888
0.1726
0.1549
0.0954
0.1719
0.1536
0.0904
0.1719
0.1544
0.0912
0.1741
0.1546
0.0894
0.1794
1.1021
0.0843
0.1693
0.1517
0.0879
0.1746
0.1543
0.0908
0.1728
0.1543
0.0898
0.1735
0.1551
0.0904
0.1735
0.1544
0.0906
0.1719
0.154
0.0905
0.172
0.1542
0.0789
0.1662
0.1523
0.0844
0.1779
0.1558
0.0705
0.1643
0.1524
0.0865
0.1836
0.1557
0.0872
0.1702
0.1524
0.0909
0.1733
0.1547
0.0897
0.175
0.1551
0.0881
0.1714
0.1553
0.0865
0.1739
0.1541
0.0876
0.1734
0.155
0.0862
0.1754
0.1538
0.0895
0.1767
0.1535
0.0847
0.1712
0.1538
0.0876
0.1696
0.1535
0.0848
0.1803
0.1548
0.0883
0.1731
0.1542
0.0862
0.1755
0.1542
0.0836
0.1699
0.1525
0.087
0.176
0.1543
0.0876
0.1741
0.1548
0.0884
0.1725
0.1531
0.0908
0.1738
0.155
0.0816
0.1656
0.161
0.07
0.1608
0.1506
0.0878
0.1763
0.1543
0.0867
0.1751
0.1549
0.0882
0.1751
0.1537
0.0882
0.1749
0.1543
0.0753
0.1669
0.1524
0.0952
0.1826
0.1537
0.0926
0.1753
0.155
0.0893
0.1731
0.1531
0.0855
0.1751
0.1542
0.0875
0.1764
0.1551
0.0868
0.1746
0.1556
0.0841
0.1713
0.1532
0.0846
0.1706
0.1522
0.0916
0.1732
0.1531
0.0897
0.1726
0.1539
0.0906
0.1744
0.1542
0.0833
0.172
0.1546
0.0854
0.1751
0.1546
0.0864
0.1742
0.1547
0.0893
0.1737
0.1544
0.0799
0.1671
0.1528
0.0862
0.1738
0.1546
0.0855
0.1705
0.1545
0.0866
0.1692
0.1533
0.0843
0.1735
0.1544
0.088
0.1767
0.1535
0.0872
0.175
0.1555
0.0808
0.1722
0.1533
0.0863
0.1776
0.1554
0.0895
0.1726
0.1532
0.0913
0.1736
0.1532
0.1027
0.1742
0.1544
0.0834
0.1716
0.1529
0.0867
0.1773
0.1547
0.0852
0.1723
0.1541
0.0881
0.1716
0.154
0.0887
0.173
0.1549
0.09
0.1756
0.1575
0.0728
0.1633
0.1511
0.0896
0.1744
0.1538
0.0848
0.1719
0.1542
0.0872
0.1733
0.1533
0.0828
0.1729
0.155
0.0877
0.1719
0.1543
0.0928
0.1749
0.1552
0.072
0.1641
0.153
0.0903
0.1736
0.1537
0.09
0.1723
0.1563
0.0865
0.1748
0.1556
0.0867
0.1751
0.1553
0.0862
0.175
0.1546
0.076
0.167
0.1528
0.0873
0.1815
0.1526
0.0875
0.1731
0.1544
0.0894
0.1739
0.1554
0.0898
0.1731
0.1549
0.0857
0.1744
0.1758
0.0724
0.1671
0.153
0.0857
0.1816
0.155
0.0877
0.1731
0.1544
0.0898
0.1719
0.1539
0.0774
0.1642
0.151
0.0874
0.1801
0.1545
0.0734
0.1616
0.1495
0.0839
0.1808
0.1555
0.0869
0.1755
0.1538
0.0877
0.1754
0.1539
0.0897
0.1732
0.1536
0.0918
0.1739
0.1535
0.0894
0.1737
0.1528
0.0878
0.1725
0.1546
0.0886
0.172
0.154
0.0862
0.1741
0.1567
0.0845
0.174
0.1526
0.0826
0.1716
0.1524
0.0841
0.1697
0.1524
0.0849
0.1713
0.1543
0.085
0.1717
0.1542
0.1007
0.1746
0.1554
0.0855
0.1705
0.1542
0.0828
0.1727
0.1542
0.0828
0.1716
0.1533
0.0829
0.1718
0.154
0.0839
0.1771
0.156
0.0843
0.172
0.1524
0.0862
0.1717
0.153
0.0859
0.1716
0.1536
0.087
0.1704
0.153
0.0816
0.16
0.1452
0.0834
0.1722
0.1525
0.0829
0.1703
0.1538
0.0845
0.1707
0.177
0.0848
0.1711
0.1545
0.0849
0.1724
0.1561
0.0847
0.1712
0.1561
0.0862
0.1688
0.153
0.0834
0.1704
0.1528
0.0834
0.1707
0.1537
0.0831
0.1701
0.153
0.0838
0.1699
0.1541
0.0847
0.1738
0.1539
0.0773
0.1657
0.1526
0.0851
0.1699
0.1534
0.086
0.169
0.1527
0.0816
0.1712
0.1532
0.0843
0.1737
0.1557
0.0748
0.1655
0.151
0.0883
0.1738
0.1523
0.0863
0.1702
0.1534
0.0857
0.1709
0.1541
0.0869
0.1698
0.1515
0.0765
0.1646
0.1529
0.0658
0.1625
0.1485
0.0879
0.1758
0.1552
0.084
0.1733
0.1536
0.0854
0.1712
0.1538
0.0862
0.1706
0.1522
0.0871
0.1714
0.1538
0.0823
0.167
0.1531
0.0755
0.1646
0.1513
0.9615
0.164
0.1505
0.9407
0.1622
0.1504
0.088
0.1731
0.1532
0.0855
0.1728
0.1549
0.0862
0.1724
0.1543
0.0854
0.1706
0.1535
0.0873
0.172
0.1539
0.0861
0.1699
0.1525
0.0853
0.1892
0.1549
0.083
0.1708
0.1536
0.0851
0.1747
0.1598
0.086
0.1729
0.1545
0.0848
0.1737
0.1549
0.0869
0.1733
0.1547
0.0872
0.1724
0.1541
0.0865
0.1713
0.153
0.0832
0.1739
0.1538
0.0835
0.172
0.1528
0.0856
0.1719
0.1522
0.0843
0.1696
0.1539
0.0865
0.1712
0.1524
0.0869
0.1732
0.1541
0.0985
0.1729
0.1537
0.0868
0.1695
0.1526
0.0867
0.1804
0.1528
0.0826
0.1709
0.1537
0.084
0.171
0.1526
0.0909
0.1752
0.1552
0.0866
0.1723
0.1537
0.0899
0.174
0.1599
0.0924
0.1708
0.151
0.093
0.1682
0.1523
0.0847
0.1695
0.1516
0.0854
0.173
0.1531
0.1086
0.2387
0.2257
0.1116
0.2178
0.1574
0.1711
0.2003
0.158
0.0813
0.1638
0.1511
0.0873
0.1698
0.1519
0.0983
0.1788
0.1615
0.081
0.1717
0.1974
0.0992
0.233
0.2402
0.0814
0.1727
0.1548
0.0961
0.1657
0.1503
0.0774
0.1712
0.1529
0.0891
0.1714
0.1553
0.0874
0.1726
0.1559
0.0929
0.1709
0.1529
0.0871
0.1723
0.1534
0.0871
0.1725
0.154
0.0884
0.1726
0.1547
0.0899
0.1736
0.1562
0.0899
0.1713
0.1544
0.0755
0.1656
0.1519
0.0878
0.1716
0.1553
0.1044
0.1809
0.1534
0.0884
0.1756
0.1526
0.0879
0.174
0.1514
0.0739
0.1642
0.1524
0.0917
0.1751
0.1519
0.0902
0.1721
0.1524
0.0933
0.1708
0.1544
0.0747
0.1649
0.1513
0.0954
0.1879
0.1564
0.0912
0.1802
0.1566
0.0897
0.1721
0.1585
0.0859
0.1705
0.1551
0.0913
0.1733
0.1542
0.0898
0.1724
0.1529
0.0728
0.1663
0.153
0.0821
0.175
0.1532
0.1031
0.1764
0.1541
0.0922
0.1844
0.1564
0.0893
0.1753
0.1534
0.0883
0.1725
0.1536
0.0895
0.1747
0.1556
0.091
0.1733
0.1572
0.0904
0.1715
0.152
0.0904
0.1725
0.1536
0.0907
0.1703
0.1534
0.0867
0.1746
0.1535
0.0879
0.1767
0.1564
0.0864
0.1733
0.1547
0.0906
0.1722
0.1525
0.0906
0.1724
0.1534
0.0905
0.1716
0.1525
0.0935
0.1718
0.1521
0.0875
0.1728
0.1541
0.073
0.1548
0.1427
0.0876
0.1791
0.1535
0.0747
0.1656
0.1511
0.0862
0.1741
0.1521
0.0848
0.1704
0.1641
0.0726
0.1626
0.1514
0.094
0.1716
0.1532
0.0962
0.174
0.1529
0.0831
0.1698
0.1517
0.0875
0.1732
0.1537
0.076
0.1684
0.151
0.0873
0.176
0.1544
0.0873
0.172
0.1547
0.0918
0.1734
0.153
0.102
0.1734
0.1525
0.0716
0.1621
0.1496
0.0849
0.1792
0.1528
0.0842
0.1741
0.1547
0.0706
0.1629
0.1517
0.0867
0.1747
0.1533
0.0716
0.1616
0.1504
0.0882
0.1749
0.1653
0.0906
0.1717
0.1518
0.0905
0.1739
0.1544
0.086
0.174
0.1546
0.0721
0.1654
0.1504
0.0855
0.1806
0.1549
0.0735
0.1646
0.1523
0.0881
0.1802
0.1529
0.0912
0.174
0.1534
0.0924
0.1711
0.1552
0.0931
0.1759
0.1551
0.0718
0.1633
0.151
0.0887
0.1764
0.1529
0.0726
0.1646
0.1513
0.0903
0.173
0.1536
0.0921
0.1779
0.1568
0.074
0.1642
0.1507
0.0908
0.1742
0.153
0.0897
0.1715
0.1527
0.0761
0.1635
0.1503
0.0857
0.1763
0.1552
0.0858
0.1741
0.154
0.088
0.172
0.1525
0.0882
0.1721
0.1538
0.0901
0.1714
0.1534
0.0933
0.1745
0.1787
0.0892
0.1663
0.1515
0.0834
0.1726
0.1545
0.0854
0.1731
0.1529
0.0782
0.1666
0.1509
0.0855
0.1748
0.1535
0.0881
0.1714
0.1522
0.0981
0.1784
0.155
0.0894
0.1725
0.1537
0.079
0.1628
0.1513
0.0852
0.1738
0.1541
0.0834
0.1718
0.1535
0.0885
0.1743
0.1535
0.0852
0.1717
0.167
0.0907
0.1729
0.1547
0.0922
0.1729
0.1533
0.0914
0.1736
0.1523
0.0888
0.17
0.1531
0.086
0.1726
0.1533
0.0723
0.1681
0.1529
0.088
0.1815
0.152
0.0874
0.1716
0.1532
0.0935
0.177
0.1554
0.0751
0.1652
0.1518
0.091
0.1721
0.1531
0.0721
0.1655
0.1518
0.0849
0.1802
0.1544
0.0852
0.1727
0.1524
0.0865
0.1744
0.1527
0.0869
0.1681
0.1518
0.085
0.1743
0.1528
0.0906
0.1736
0.1537
0.089
0.17
0.1528
0.0895
0.1701
0.1531
0.088
0.1779
0.1553
0.0694
0.1623
0.1486
0.0867
0.1735
0.1535
0.0875
0.1739
0.1533
0.0911
0.1721
0.1533
0.0891
0.1653
0.1505
0.0859
0.1698
0.1526
0.0892
0.1708
0.1535
0.0751
0.1683
0.1518
0.1027
0.1776
0.1564
0.0845
0.1706
0.156
0.0852
0.1701
0.1537
0.0856
0.1742
0.1533
0.0858
0.17
0.153
0.0866
0.1702
0.1527
0.0862
0.1709
0.1558
0.0825
0.1718
0.1546
0.0828
0.1711
0.157
0.0835
0.1729
0.1539
0.0856
0.1718
0.1553
0.0839
0.1719
0.1556
0.0861
0.171
0.1551
0.0864
0.1709
0.1534
0.0863
0.1704
0.155
0.0833
0.1706
0.1561
0.0825
0.1711
0.1533
0.0833
0.1707
0.1538
0.0853
0.1739
0.1539
0.0852
0.1697
0.1527
0.0857
0.1704
0.1539
0.0859
0.1711
0.1545
0.0851
0.1685
0.1528
0.0719
0.1648
0.1509
0.0834
0.172
0.1535
0.0834
0.1695
0.1636
0.0749
0.1647
0.159
0.0906
0.1762
0.155
0.1156
0.1791
0.1568
0.0916
0.1807
0.1616
0.0888
0.1714
0.1552

-------------------------------------
CodechalDecodeHevcG12::SetFrameStates
-------------------------------------
6.3837
1.6039
0.8638
0.6113
0.1531
0.3135
3.1431
0.0811
0.0116
0.0083
0.0097
0.0094
0.0103
0.0093
0.0095
0.0089
0.0111
0.0089
0.0097
0.0126
0.0094
0.0106
0.0092
0.0105
0.0083
0.0084
0.0105
0.0105
0.0201
0.0106
0.0106
0.0125
0.0125
0.0106
0.0113
0.9171
0.0092
0.009
0.0071
0.0104
0.0107
0.0103
0.9321
0.0104
0.0074
0.0104
0.0104
0.0107
0.0131
0.0089
0.0077
0.0107
0.0114
0.009
0.0075
0.0105
0.0106
0.0108
0.0134
0.0105
0.0106
0.0104
0.0085
0.0082
0.0106
0.0106
0.0105
0.0113
0.0105
0.0128
0.0139
0.0097
0.0107
0.0128
0.0105
0.0109
0.0105
0.0109
0.0106
0.0105
0.0105
0.0108
0.0106
0.0115
0.01
0.0104
0.01
0.0099
0.0093
0.0104
0.0081
0.0107
0.0093
0.0109
0.0112
0.0103
0.0107
0.0136
0.2828
0.0117
0.0129
0.0117
0.0106
0.0119
0.0108
0.0106
0.0104
0.0104
0.0109
0.0084
0.0109
0.0084
0.0105
0.0124
0.0111
0.0107
0.0104
0.01
0.0105
0.0104
0.186
0.0107
0.0104
0.0123
0.0095
0.0109
0.0114
0.0105
0.0127
0.0138
0.0109
0.0128
0.0105
0.0141
0.0112
0.0128
0.0102
0.0131
0.0104
0.0133
0.0093
0.0147
0.0105
0.0139
0.0124
0.0092
0.0133
0.0145
0.0095
0.0113
0.0103
0.0135
0.0114
0.0132
0.0106
0.0136
0.0155
0.0172
0.0136
0.011
0.0131
0.0107
0.0121
0.0142
0.0091
0.0107
0.0106
0.0104
0.0132
0.0108
0.0109
0.0111
0.0167
0.0108
0.0106
0.0107
0.0135
0.0109
0.0129
0.0161
0.0133
0.0189
0.0167
0.0154
0.0154
0.0114
0.0107
0.0106
0.0142
0.0209
0.0126
0.015
0.0178
0.0137
0.0106
0.0105
0.0122
0.0106
0.0112
0.011
0.0185
0.0113
0.0107
0.0108
0.0104
0.0104
0.0106
0.0108
0.0085
0.0107
0.0091
0.0089
0.0106
0.0105
0.0105
0.0104
0.0104
0.0108
0.0084
0.0105
0.012
0.0106
0.0107
0.0084
0.0119
0.0111
0.0109
0.0154
0.0105
0.0096
0.0151
0.0106
0.0105
0.0119
0.0115
0.0107
0.013
0.0107
0.0105
0.0108
0.2528
0.0104
0.0106
0.011
0.0105
0.0105
0.0107
0.0104
0.0122
0.0106
0.0089
0.0118
0.0105
0.0123
0.0106
0.0106
0.0108
0.0107
0.0103
0.0106
0.0104
0.0109
0.0108
0.0106
0.0107
0.0105
0.0104
0.0105
0.0105
0.0105
0.0088
0.0076
0.0108
0.0105
0.0107
0.0105
0.0101
0.0152
0.0123
0.011
0.0105
0.011
0.0104
0.0104
0.0107
0.0122
0.0122
0.0104
0.0105
0.0104
0.0106
0.0105
0.0131
0.0106
0.0104
0.0107
0.0107
0.0106
0.0105
0.0105
0.0105
0.011
0.0103
0.0106
0.0105
0.0104
0.0104
0.0105
0.0104
0.0107
0.0086
0.0104
0.0104
0.0106
0.0106
0.0104
0.0129
0.0085
0.0105
0.0104
0.0104
0.0105
0.0105
0.0102
0.011
0.0109
0.0105
0.0107
0.0103
0.0104
0.0115
0.0105
0.0107
0.0092
0.0108
0.0085
0.0104
0.0108
0.0104
0.0106
0.0107
0.0116
0.0105
0.0105
0.0128
0.0105
0.0103
0.0105
0.0108
0.0103
0.0137
0.0105
0.0106
0.0105
0.0107
0.0104
0.0107
0.0116
0.0106
0.0119
0.0103
0.0113
0.0107
0.0105
0.0105
0.0106
0.0104
0.0105
0.0105
0.0106
0.0104
0.0105
0.0122
0.0099
0.0106
0.0117
0.0105
0.0116
0.0088
0.0133
0.0125
0.0104
0.0105
0.0086
0.0074
0.0111
0.0105
0.0106
0.0105
0.0104
0.0124
0.0089
0.009
0.0074
0.0116
0.0118
0.0105
0.0104
0.0106
0.012
0.0119
0.0107
0.0106
0.0114
0.0105
0.0108
0.0105
0.0105
0.0106
0.0135
0.0109
0.0104
0.0108
0.0116
0.0135
0.0103
0.0106
0.0108
0.0105
0.0104
0.0106
0.0117
0.0108
0.0128
0.0103
0.0108
0.0136
0.0137
0.0137
0.0132
0.0107
0.0105
0.0098
0.0114
0.0102
0.0119
0.0088
0.0108
0.0108
0.0108
0.0106
0.0105
0.0104
0.0108
0.0104
0.0099
0.0105
0.0137
0.0117
0.013
0.0084
0.0107
0.0108
0.0105
0.0095
0.0122
0.0109
0.0107
0.0105
0.0107
0.0104
0.0094
0.0101
0.0142
0.0136
0.0108
0.0107
0.0104
0.0103
0.0105
0.0105
0.0105
0.0107
0.0106
0.013
0.0107
0.0105
0.0105
0.0105
0.0105
0.0094
0.011
0.0092
0.0105
0.0105
0.0084
0.0119
0.011
0.0106
0.0107
0.009
0.0127
0.0105
0.0106
0.0154
0.0084
0.0115
0.0106
0.0083
0.0107
0.0082
0.0107
0.0122
0.0106
0.0107
0.009
0.0111
0.0094
0.0114
0.0132
0.0105
0.0111
0.0081
0.0109
0.0092
0.0105
0.0107
0.0082
0.0115
0.0103
0.0117
0.0115
0.0106
0.0103
0.0106
0.0102
0.0109
0.011
0.0104
0.0105
0.0118
0.0106
0.0106
0.0106
0.0107
0.0116
0.0105
0.0106
0.0108
0.0105
0.0106
0.0107
0.0104
0.0107
0.0105
0.0101
0.0111
0.0106
0.011
0.0088
0.0106
0.0093
0.0113
0.0105
0.0108
0.0125
0.0108
0.0112
0.0104
0.0105
0.011
0.008
0.0107
0.0106
0.016
0.0112
0.0108
0.0105
0.0104
0.0142
0.0105
0.0105
0.0107
0.0105
0.0103
0.0106
0.0105
0.0103
0.0106
0.0104
0.0106
0.0118
0.0104
0.0113
0.0104
0.0106
0.0106
0.0106
0.0113
0.0112
0.0105
0.0104
0.0109
0.0105
0.0105
0.0086
0.0149
0.0137
0.0119
0.0106

--------------------------
CreateVideoDecoder_D3D11_1
--------------------------
29.4486
26.703
26.0937
16.9373

---------------------------
DestroyVideoDecoder_D3D11_1
---------------------------
14.3771
14.1729
63.8528
0

---------------------
DxvaEncodeHEVC_Create
---------------------
29.2789
26.5315
25.9305

-----------------------
DxvaEncodeHEVC_EndFrame
-----------------------
0.0016
0.0013
0.0013
0.0012
0.0011
0.0008
0.0014
0.0008
0.003
0.0012
0.0027
0.0006
0.0024
0.0022
0.0009
0.0006
0.0027
0.0007
0.0028
0.0036
0.0009
0.0007
0.0009
0.0006
0.0006
0.0008
0.0008
0.0007
0.0055
0.0007
0.0005
0.0011
0.0009
0.0028
0.0026
0.0029
0.0008
0.0009
0.0008
0.0011
0.0007
0.003
0.0016
0.0007
0.0007
0.0007
0.0017
0.0007
0.0007
0.0008
0.0008
0.003
0.0007
0.0008
0.0008
0.0008
0.0008
0.0008
0.0008
0.0008
0.0026
0.0024
0.0029
0.002
0.0005
0.0005
0.0008
0.0032
0.0008
0.0031
0.001
0.0011
0.0026
0.0007
0.0007
0.0006
0.0006
0.0005
0.0005
0.0006
0.0005
0.0006
0.0005
0.0008
0.0008
0.0007
0.0008
0.0024
0.0043
0.0007
0.0009
0.0007
0.0008
0.0039
0.0025
0.0008
0.0008
0.0007
0.0027
0.0027
0.0026
0.0027
0.0026
0.0026
0.0026
0.0009
0.0009
0.0007
0.0009
0.0025
0.0009
0.0008
0.0008
0.0024
0.0007
0.0009
0.0007
0.0009
0.0008
0.0008
0.0026
0.0006
0.0027
0.0008
0.0027
0.0008
0.0008
0.0027
0.0008
0.0009
0.0012
0.0007
0.0008
0.0012
0.0008
0.0009
0.0029
0.0008
0.0008
0.0008
0.0011
0.0028
0.0007
0.0007
0.0026
0.0011
0.0024
0.0008
0.0008
0.0007
0.0012
0.0011
0.0011
0.0032
0.0008
0.0012
0.0011
0.0008
0.0027
0.0009
0.0024
0.0007
0.0007
0.0007
0.0009
0.0012
0.0008
0.0027
0.0011
0.0011
0.0009
0.0026
0.0008
0.0008
0.0011
0.0026
0.0011
0.001
0.0037
0.0011
0.0026
0.0012
0.0011
0.0011
0.0008
0.0031
0.001
0.001
0.0011
0.0008
0.0012
0.0008
0.0012
0.0009
0.0008
0.003
0.0008
0.0026
0.0028
0.001
0.0027
0.0008
0.0026
0.0008
0.0027
0.0008
0.0026
0.0008
0.0025
0.0007
0.0006
0.0041
0.0008
0.0009
0.0008
0.0028
0.0008
0.0008
0.0008
0.0008
0.0008
0.0024
0.0028
0.0008
0.0008
0.0027
0.0008
0.0007
0.0026
0.0006
0.0008
0.0006
0.0008
0.0006
0.0025
0.0023
0.0023
0.0023
0.0007
0.0008
0.0026
0.0022
0.0006
0.0005
0.0005
0.0005
0.0014
0.0009
0.0006
0.0008
0.0023
0.0006
0.0008
0.0009
0.0007
0.0006
0.0006
0.0005
0.0005
0.0007
0.0008
0.0027
0.0007
0.0009
0.0008
0.0026
0.0024
0.0023
0.0022
0.0022
0.0021
0.0008
0.0023
0.0008
0.0006
0.0008
0.0007
0.0025
0.0005
0.0006
0.0005
0.0005
0.0008
0.0006
0.0006
0.0008
0.0008
0.0007
0.0006
0.0006
0.0007
0.0007
0.0008
0.0008
0.0008
0.0008
0.0024
0.0023
0.0007
0.0007
0.0005
0.0007
0.0008
0.0006
0.0005
0.0006
0.0006
0.0005
0.0005
0.0006
0.0005
0.0005
0.0005
0.0006
0.0008
0.0023
0.0053
0.0023
0.0023
0.0022
0.0022
0.0021
0.0027
0.0008
0.0007
0.0007
0.0005
0.0005
0.0009
0.0027
0.0024
0.0022
0.0029
0.0006
0.0008
0.0006
0.0022
0.0006
0.0023
0.0022
0.0021
0.0007
0.0006
0.0005
0.0023
0.0008
0.0008
0.0009
0.0026
0.0008
0.0008
0.0008
0.0007
0.0009
0.0012
0.0008
0.001
0.0009
0.0009
0.0026
0.0009
0.0008
0.0008
0.0008
0.0008
0.0008
0.0008
0.0008
0.0008
0.0007
0.0008
0.001
0.0008
0.0007
0.0008
0.0008
0.0008
0.0008
0.0026
0.0009
0.0007
0.0024
0.0023
0.0023
0.0022
0.0022
0.0021
0.0022
0.0027
0.0008
0.003
0.0026
0.0024
0.0027
0.0027
0.0006
0.0009
0.0024
0.0027
0.0012
0.0025
0.0028
0.0005
0.0008
0.0009
0.0006
0.001
0.0008
0.0006
0.0008
0.0006
0.0027
0.0008
0.0009
0.0005
0.0008
0.0008
0.0005
0.0005
0.0027
0.0007
0.0007
0.0009
0.0006
0.0008
0.0025
0.0008
0.0009
0.0025
0.001
0.0007
0.0007
0.0008
0.0026
0.0009
0.0027
0.0007
0.0008
0.0008
0.0007
0.0007
0.0006
0.0006
0.0006
0.0008
0.0027
0.0007
0.0008
0.0008
0.0007
0.0025
0.0024
0.0023
0.0027
0.0008
0.0008
0.0009
0.0007
0.0026
0.0023
0.0008
0.0024
0.0011
0.0007
0.0023
0.0023
0.0023
0.0021
0.0022
0.0022
0.0022
0.0022
0.0022
0.0022
0.0064
0.0022
0.0007
0.0009
0.0007
0.0008
0.0023
0.001
0.0007
0.0026
0.0023
0.0008
0.0009
0.0007
0.0022
0.0007
0.0008
0.0006
0.0008
0.0006
0.0027
0.0008
0.0007
0.0009
0.0006
0.0007
0.0008
0.0008
0.0008
0.0006
0.0007
0.0033
0.0027
0.0006
0.0005
0.0006
0.0005
0.0006
0.0006
0.0007
0.0006
0.0005
0.0025
0.0006
0.0005
0.0008
0.0007
0.0006
0.0006
0.0007
0.0006
0.0005
0.0009
0.0005
0.0005
0.0008
0.0007
0.0005
0.0005
0.0005
0.0008
0.0007
0.0006
0.0009
0.0008
0.0025
0.0024
0.0007
0.0006
0.0005
0.0006
0.0022
0.0006
0.0006
0.0006
0.0005
0.0006
0.0024
0.0021
0.0022
0.0008
0.0007
0.0006
0.0005
0.0005
0.0006
0.0021
0.0021
0.0006
0.0006
0.001
0.0008
0.0008
0.0024
0.0008
0.0007
0.001
0.0008
0.0008
0.0008
0.0008
0.0009
0.0008
0.0014
0.0007
0.0008
0.0008
0.0027
0.0008
0.0008
0.0009
0.0008
0.0008
0.0008
0.0025
0.0009
0.0009
0.0008
0.0026
0.0025
0.0012
0.0009
0.0007
0.0008
0.0007
0.0006

----------------------
DxvaEncodeHEVC_Execute
----------------------
0.0029
0.0013
26.3627
19.7875
4.6554
15.0892
4.0687
0.635
4.2198
1.1886
1.0972
1.1469
1.2536
0.4784
1.6761
0.794
0.0171
1.2844
0.0259
0.8809
0.0199
1.3784
0.0328
0.8376
0.0184
1.0304
0.0221
1.2828
0.0273
0.6717
0.0241
0.6742
0.017
0.627
0.027
1.0766
0.0183
0.697
0.0221
0.6646
0.0161
0.6846
0.0237
0.6192
0.0134
1.4458
0.0174
1.3275
0.0124
1.313
0.0122
1.3708
0.0132
0.9906
0.0178
1.3582
0.0126
1.3687
0.0138
1.3474
0.0147
1.2533
0.0125
0.9511
0.0181
0.66
0.0132
0.67
0.0174
0.6621
0.0175
0.6989
0.0137
0.5402
0.0133
0.9811
0.0132
0.9894
0.0131
0.9948
0.0168
0.6664
0.0139
0.6916
0.014
1.1827
0.0142
1.2344
0.0144
0.4317
0.013
1.3591
0.0143
0.6693
0.0759
0.4262
0.0136
0.4478
0.012
0.5201
0.0134
1.3111
0.0143
0.9881
0.0258
0.4159
0.0136
0.8823
0.0135
0.9836
0.0134
0.8379
0.0135
1.3421
0.0137
0.9848
0.0138
0.8319
0.0136
0.9839
0.014
2.111
0.0175
0.4252
0.0161
0.4877
0.0291
0.4366
0.0126
0.4245
0.0134
0.434
0.0124
0.6013
0.0165
0.6551
0.0226
0.4843
0.0136
0.6256
0.0224
0.4899
0.022
0.6484
0.0171
0.5059
0.0179
0.4439
0.0141
0.4352
0.0128
0.4277
0.0123
0.4313
0.0124
0.4258
0.0126
0.4267
0.0125
0.4223
0.0121
0.4251
0.0123
0.4989
0.0141
0.42
0.0121
0.5057
0.0168
0.4586
0.0144
0.5046
0.0184
0.5071
0.0154
0.4765
0.0159
0.4656
0.0153
0.4582
0.0167
0.4996
0.0283
0.4372
0.012
0.4897
0.0145
0.5003
0.0179
0.48
0.0136
0.4803
0.0153
0.4785
0.0132
0.4762
0.0158
0.5302
0.0172
0.5363
0.0172
0.5424
0.0171
0.5459
0.017
0.4516
0.0169
0.5726
0.0173
0.5425
0.0172
0.5429
0.0142
0.4701
0.0137
0.415
0.0132
0.5358
0.0148
0.4157
0.016
0.5364
0.0146
0.5438
0.013
0.5463
0.0136
0.4087
0.0159
0.4403
0.0145
0.4866
0.0178
0.4869
0.0141
0.4941
0.0175
0.5046
0.0149
0.4372
0.0132
0.3887
0.0174
0.4335
0.0128
0.5208
0.024
0.481
0.0135
0.4891
0.0171
0.4853
0.0137
0.4772
0.0133
0.4847
0.0179
0.4799
0.0134
0.4879
0.0133
0.5495
0.0176
0.5154
0.0141
0.5596
0.0139
0.6862
0.0189
0.519
0.0162
0.6035
0.0167
0.5739
0.0534
0.5092
0.0156
0.5899
0.0146
0.4738
0.014
0.5431
0.0176
0.4648
0.0144
0.4889
0.0176
0.4725
0.0145
0.5157
0.0207
0.5231
0.0188
0.5356
0.0193
0.4839
0.016
0.5169
0.016
0.5229
0.0156
0.5362
0.0183
0.5641
0.0168
0.5889
0.0172
0.6228
0.0212
0.8468
0.0234
0.6728
0.0192
0.5257
0.0173
0.5641
0.0191
0.5778
0.0193
0.4967
0.0162
0.4797
0.0203
0.4983
0.015
0.4347
0.0139
0.4799
0.0136
0.5365
0.019
0.6439
0.0177
0.5199
0.0146
0.5077
0.0175
0.6422
0.0183
0.6553
0.0175
0.6753
0.0342
0.506
0.0181
0.5138
0.0169
0.5626
0.0179
0.4965
0.0167
0.5635
0.0217
0.6402
0.0184
0.6143
0.0194
0.5958
0.0248
0.6862
0.0221
0.6102
0.0201
0.5441
0.0177
0.6663
0.018
0.6778
0.0179
0.5331
0.0157
0.7119
0.0219
0.5586
0.0186
0.8254
0.02
0.5795
0.021
0.6948
0.0169
0.6387
0.0187
0.4987
0.0137
0.6465
0.0174
0.5248
0.014
0.5287
0.0138
0.5358
0.0171
0.4916
0.0134
0.4871
0.0181
0.6864
0.0188
0.6358
0.0164
0.5388
0.0175
0.5392
0.0136
0.5409
0.0173
0.542
0.0134
0.5499
0.0171
0.5429
0.0136
0.46
0.0174
0.547
0.0147
0.4251
0.0167
0.4246
0.0137
0.4587
0.0136
0.481
0.013
0.4618
0.0164
0.4782
0.0132
0.4784
0.0148
0.5428
0.0175
0.4481
0.0142
0.5495
0.0145
0.5371
0.0134
0.5383
0.0133
0.4784
0.0136
0.4298
0.0169
0.5928
0.0199
0.6005
0.0172
0.5077
0.0133
0.498
0.02
0.4406
0.013
0.431
0.0195
0.496
0.0199
0.4193
0.0126
0.4895
0.0164
0.4212
0.0121
0.4814
0.0152
0.4309
0.012
0.5471
0.0174
0.4796
0.0193
0.4718
0.0179
0.4698
0.0153
0.4434
0.0207
0.4941
0.017
0.3845
0.0162
0.4547
0.0155
0.4341
0.0159
0.4167
0.0123
0.4117
0.0128
0.4047
0.0118
0.4088
0.0117
0.4961
0.0142
0.4344
0.0122
0.4839
0.0156
0.4607
0.0157
0.4579
0.0122
0.4895
0.0171
0.4904
0.0181
0.4317
0.0129
0.4214
0.0124
0.4136
0.0117
0.4151
0.0122
0.4186
0.0115
0.4779
0.0137
0.4762
0.0138
0.482
0.0172
0.4706
0.0129
0.4964
0.0326
0.4688
0.0136
0.4908
0.0193
0.4654
0.0151
0.4641
0.015
0.4674
0.0156
0.4075
0.0156
0.4624
0.0149
0.4575
0.0158
0.4835
0.0185
0.4556
0.0176
0.4165
0.012
0.4828
0.0143
0.4107
0.0149
0.4265
0.0163
0.4083
0.0117
0.42
0.0122
0.4076
0.012
0.4117
0.0116
0.4701
0.0143
0.4698
0.0117
0.4542
0.0119
0.4852
0.017
0.4901
0.0256
0.4327
0.0137
0.4158
0.0123
0.4137
0.0148
0.4085
0.0122
0.4846
0.0146
0.4683
0.0134
0.4605
0.0135
0.4764
0.0134
0.4648
0.0139
0.5045
0.0199
0.4674
0.0154
0.4899
0.0189
0.4429
0.0126
0.4432
0.0151
0.4164
0.0124
0.476
0.0157
0.4279
0.0126
0.4175
0.0121
0.4135
0.012
0.4028
0.0117
0.407
0.0122
0.3906
0.0123
0.4049
0.0121
0.4109
0.0121
0.4172
0.0119
0.4076
0.0122
0.4556
0.0118
0.4854
0.0179
0.4355
0.0151
0.4031
0.0153
0.4608
0.0178
0.463
0.015
0.4599
0.015
0.4611
0.0152
0.4589
0.015
0.5021
0.0186
0.4681
0.0139
0.4334
0.0128
0.4208
0.0123
0.4124
0.0119
0.4203
0.0118
0.4836
0.0156
0.4938
0.0166
0.4746
0.0158
0.4664
0.015
0.5006
0.0205
0.42
0.0124
0.5233
0.0152
0.4248
0.013
0.4919
0.0187
0.4365
0.0156
0.4819
0.0205
0.4995
0.0154
1.0921
0.0155
0.9745
0.0155
1.3464
0.016
0.9706
0.0162
1.3328
0.0156
1.3453
0.0137
0.8385
0.0135
0.9756
0.0139
1.3394
0.0175
0.9173
0.0134
0.8355
0.0138
0.9843
0.0134
0.8335
0.0146
0.9859
0.0138
0.8503
0.0136
0.9789
0.0147
0.9886
0.016
0.9826
0.0145
0.9859
0.0139
1.3441
0.0182
0.9853
0.0139
0.8342
0.0135
0.9839
0.0136
0.8341
0.0136
0.9861
0.0166
0.8393
0.0136
0.9854
0.0145
0.8444
0.0141
0.9817
0.0133
0.8083
0.0136
0.9847
0.0147
0.9864
0.0159
0.9854
0.0136
0.8353
0.0143
0.9884
0.0139
0.8361
0.0163
0.984
0.0166
1.3415
0.0133
1.3101
0.0169
0.9812
0.0372
1.2923
0.013
1.3083
0.016
1.0378
0.0159
1.3106
0.0161
1.2896
0.0149
1.2869
0.016
1.2827
0.0148
1.2908
0.0151
0.6916
0.0175
0.6585
0.0133
0.6654
0.0168
0.9589
0.0172
1.3068
0.0164
0.9808
0.0206
0.9867
0.0174
1.2766
0.0129
0.9471
0.0161
1.2921
0.0163
0.9831
0.0231
0.9438
0.0134
1.2994
0.016
0.926
0.0264
1.2879
0.0121
0.9858
0.0151
0.9767
0.0142
1.2875
0.0124
0.9398
0.0187
0.4588
0.0147
1.2913
0.012
0.8217
0.0177
1.2832
0.0115
0.9175
0.0319
0.9769
0.0137
0.9881
0.0136
1.3204
0.0122
0.4882
0.0288
0.4764
0.014
0.4243
0.0118
0.4879
0.0121
0.5835
0.0184
0.516
0.0148
0.4539
0.0133
0.5018
0.0359
0.4625
0.0123
0.5075
0.0176
0.4818
0.0182
0.4561
0.0134
0.4825
0.0141
0.4744
0.0176
0.6704
0.0172
0.4767
0.0141
0.4543
0.0135
0.4733
0.0149
0.4943
0.0191
0.4751
0.0144
0.4844
0.0196
0.474
0.0147
0.4667
0.0132
0.4915
0.0192
0.4463
0.013
0.4451
0.013
0.423
0.0127
0.412
0.012
0.4099
0.0119
0.5291
0.0146
0.8596
0.0178
0.4564
0.0183
0.4694
0.0141
0.498
0.0235
0.4316
0.013
0.505
0.0197
0.4658
0.0155
0.4623
0.0152
0.4947
0.0187
0.4421
0.0138
0.5169
0.0191
0.4919
0.0163
0.4305
0.0125
0.5064
0.0196
0.4974
0.0155
0.4927
0.0136
0.484
0.0164
0.6286
0.0183
0.4459
0.0135
0.4965
0.0194
0.4627
0.0155
0.4565
0.015
0.4579
0.0151
0.4561
0.0149
0.457
0.0153
0.4896
0.0161
0.4581
0.0164
0.4575
0.0151
0.4555
0.0152
0.4572
0.0204
0.474
0.0178
0.4542
0.0165
0.4838
0.0179
0.4258
0.0121
0.491
0.0159
0.4274
0.0158
0.4841
0.0188
0.4254
0.013
0.5023
0.0218
0.4606
0.0151
0.4505
0.0204
0.5128
0.0271
0.4368
0.016
0.4814
0.0191
0.4641
0.0125
0.4474
0.016
0.4106
0.0122
0.4863
0.0207
0.4076
0.0117
0.497
0.0205
0.4842
0.0147
0.4175
0.0121
0.4837
0.0163
0.4215
0.0124
0.4802
0.0159
0.4746
0.0128
0.455
0.0159
0.4897
0.0226
0.4212
0.012
0.4886
0.016
0.4701
0.0161
0.4846
0.0195
0.4277
0.012
0.4127
0.012
0.4086
0.0118
0.3901
0.0119
0.4127
0.0121
0.3976
0.0113
0.4462
0.0137
0.4275
0.0156
0.3912
0.0115
0.4808
0.0179
0.432
0.0159
0.4174
0.0118
0.4828
0.0154
0.4276
0.0127
0.4432
0.0154
0.4164
0.0114
0.4334
0.016
0.4099
0.0122
0.3913
0.0115
0.482
0.0217
0.4122
0.0124
0.406
0.0121
0.4943
0.0154
0.4204
0.0125
0.416
0.0122
0.4107
0.0158
0.4066
0.0121
0.4797
0.016
0.4287
0.0126
0.48
0.0131
0.4988
0.0195
0.4699
0.0134
0.4875
0.0187
0.4755
0.0159
0.4566
0.017
0.4177
0.0126
0.4115
0.0121
0.4592
0.0117
0.4587
0.0151
0.4316
0.0157
0.4063
0.027
0.4203
0.0118
0.405
0.0114
0.4551
0.0121
0.4573
0.0158
0.4015
0.0145
0.4597
0.0148
0.4919
0.0186
0.4387
0.0127
0.4192
0.0121
0.4173
0.0131
0.404
0.0118
0.3893
0.0117
0.4023
0.0152
0.4597
0.0151
0.4545
0.0125
0.3999
0.012
0.6145
0.0337
0.9796
0.0134
0.99
0.0154
1.3563
0.0164
0.947
0.0181
0.9781
0.0144
0.9862
0.0157
0.9807
0.0138
0.7704
0.0145
0.9728
0.0133
0.8409
0.0141
0.9869
0.0132
1.3656
0.0137
0.9302
0.0178
0.4573
0.013
1.3424
0.0139
0.9793
0.0148
1.3364
0.0175
0.9867
0.0145
0.8311
0.0137
0.9849
0.0138
0.8397
0.0132
0.9874
0.0136
0.9882
0.0137
0.9878
0.0171
0.9886
0.0133
0.836
0.0176
0.9916
0.0133
1.3425
0.0172
1.388
0.018
1.4711
0.0172
1.3689
0.0134
1.4756
0.0138
0.9407
0.0144
0.4161
0.0127
0.3967
0.0235

----------------
First Frame Time
----------------
189.422

----------------------
HEVC_QueryStatusReport
----------------------
4.6351
4.067
4.2184
1.0959
1.2522
1.6746
0.0158
0.0223
0.0186
0.0294
0.0171
0.0192
0.0243
0.0229
0.0161
0.0235
0.0172
0.0185
0.0149
0.0204
0.0123
0.0163
0.0113
0.0112
0.0121
0.0166
0.0116
0.0126
0.0137
0.0114
0.0162
0.012
0.0142
0.0143
0.0125
0.0122
0.0121
0.0119
0.015
0.0125
0.0128
0.0131
0.0134
0.0118
0.0132
0.0266
0.0125
0.0109
0.0123
0.013
0.0239
0.0124
0.0123
0.0122
0.0123
0.0125
0.0127
0.0123
0.0126
0.0144
0.0133
0.026
0.0116
0.0125
0.0114
0.0149
0.0187
0.0124
0.0187
0.0204
0.0154
0.0149
0.0121
0.0118
0.0113
0.0114
0.0115
0.0115
0.0111
0.0113
0.0131
0.0112
0.0155
0.0132
0.0169
0.0139
0.013
0.0126
0.0156
0.0265
0.0111
0.013
0.0148
0.0124
0.0142
0.0121
0.0147
0.0142
0.0141
0.0142
0.0139
0.014
0.0143
0.0142
0.013
0.0126
0.012
0.0135
0.013
0.0134
0.0119
0.0124
0.0131
0.0129
0.0163
0.0129
0.0163
0.0134
0.012
0.0145
0.0117
0.0207
0.0122
0.014
0.0125
0.0122
0.0148
0.0122
0.0121
0.016
0.0128
0.0125
0.0168
0.0149
0.0152
0.048
0.0142
0.0131
0.0126
0.0159
0.0133
0.0162
0.013
0.0176
0.0175
0.0148
0.0147
0.0145
0.0143
0.0166
0.0152
0.0156
0.0174
0.018
0.0174
0.0155
0.0151
0.0161
0.015
0.0163
0.0136
0.0128
0.0125
0.0124
0.0158
0.0132
0.0142
0.0163
0.0155
0.0327
0.015
0.0152
0.0135
0.0149
0.0151
0.0166
0.0177
0.0208
0.0201
0.0164
0.0159
0.0161
0.0161
0.0144
0.0178
0.0166
0.0181
0.0186
0.0155
0.0171
0.0125
0.0156
0.0128
0.0125
0.0139
0.012
0.015
0.0157
0.0149
0.0143
0.0124
0.0142
0.0123
0.0141
0.0125
0.0143
0.0134
0.0138
0.0125
0.0125
0.0118
0.0153
0.0119
0.0136
0.0143
0.0129
0.0133
0.0123
0.0121
0.0124
0.014
0.0167
0.0159
0.0121
0.0159
0.0118
0.0186
0.0166
0.0116
0.0149
0.011
0.0138
0.0111
0.0145
0.0164
0.0126
0.0125
0.0197
0.0158
0.0134
0.0127
0.0149
0.0113
0.0119
0.0108
0.0107
0.0129
0.0112
0.0142
0.0128
0.0111
0.016
0.0167
0.0118
0.0114
0.0107
0.0113
0.0105
0.0125
0.0126
0.0141
0.0118
0.0314
0.0125
0.0165
0.0124
0.0122
0.013
0.0131
0.0122
0.0147
0.0158
0.0165
0.0111
0.0128
0.0135
0.0134
0.0108
0.0111
0.0111
0.0106
0.013
0.0109
0.011
0.0157
0.0242
0.0118
0.0113
0.0135
0.0113
0.0131
0.0123
0.0124
0.0121
0.0126
0.017
0.0126
0.0175
0.0115
0.0139
0.0113
0.0144
0.0115
0.011
0.0111
0.0108
0.0112
0.0113
0.0113
0.011
0.0109
0.0113
0.0108
0.0162
0.0123
0.0126
0.0151
0.0123
0.0123
0.0124
0.0124
0.0153
0.0127
0.0117
0.0112
0.0108
0.011
0.0142
0.0137
0.013
0.0123
0.0171
0.0112
0.0138
0.0113
0.0161
0.0146
0.0171
0.0126
0.0129
0.0146
0.015
0.0152
0.013
0.0125
0.0123
0.0127
0.0143
0.0123
0.0126
0.0122
0.0134
0.0126
0.0124
0.0127
0.0144
0.0134
0.0127
0.0151
0.0127
0.0122
0.0124
0.0123
0.0151
0.0125
0.0131
0.0128
0.0121
0.0125
0.0134
0.0141
0.0124
0.0131
0.0125
0.0148
0.015
0.0121
0.014
0.0358
0.0119
0.0132
0.0132
0.0134
0.0122
0.0127
0.0122
0.0123
0.0143
0.0122
0.0154
0.0142
0.0135
0.0174
0.0144
0.0119
0.0149
0.0136
0.02
0.0122
0.0132
0.0233
0.011
0.0139
0.013
0.0114
0.0175
0.0135
0.0109
0.0165
0.0106
0.0288
0.0125
0.0123
0.0111
0.0277
0.0128
0.0108
0.0113
0.0152
0.0135
0.0122
0.0346
0.0113
0.0159
0.0151
0.0122
0.0128
0.0143
0.0151
0.0129
0.0123
0.0134
0.0159
0.0131
0.016
0.0133
0.012
0.0179
0.0119
0.0118
0.0117
0.0111
0.0109
0.0127
0.0148
0.017
0.0129
0.0221
0.012
0.0168
0.0129
0.0125
0.0154
0.0127
0.0179
0.0149
0.0114
0.0169
0.0128
0.0124
0.0137
0.0167
0.0123
0.0167
0.0126
0.0123
0.0124
0.0121
0.0126
0.0133
0.0132
0.0124
0.0124
0.0176
0.0152
0.0154
0.0163
0.0111
0.0144
0.0132
0.0174
0.0118
0.0188
0.0123
0.0194
0.0255
0.0144
0.0164
0.0115
0.0149
0.0113
0.0193
0.0107
0.0171
0.0133
0.011
0.0148
0.0113
0.0143
0.0118
0.0148
0.0211
0.011
0.0146
0.0133
0.0161
0.011
0.011
0.0107
0.011
0.0112
0.0103
0.0126
0.0147
0.0107
0.0151
0.0149
0.0109
0.0139
0.0117
0.0143
0.0103
0.015
0.0112
0.0106
0.0202
0.0114
0.0111
0.0142
0.0115
0.0113
0.0109
0.0111
0.0145
0.0117
0.012
0.0181
0.0123
0.0159
0.0132
0.0151
0.0115
0.011
0.0108
0.0125
0.0147
0.026
0.0109
0.0105
0.0111
0.013
0.0119
0.0123
0.0171
0.0117
0.011
0.0121
0.0108
0.0107
0.0126
0.0124
0.0116
0.0111
0.0324
0.0123
0.0141
0.0137
0.0169
0.0129
0.014
0.0126
0.0134
0.012
0.0127
0.0121
0.0125
0.0159
0.0119
0.0126
0.0131
0.0144
0.0124
0.0125
0.0126
0.0121
0.0122
0.0124
0.014
0.0121
0.0161
0.012
0.0142
0.0149
0.0154
0.0122
0.0125
0.0129
0.0116
0.0204

--------------------------------------
VideoDecoderBeginFrame_WDDM2_4_D3D11_1
--------------------------------------
0.0084
0.0032
0.0031
0.0036
0.0045
0.0059
0.0041
0.0023
0.0026
0.0025
0.0019
0.0019
0.0032
0.0042
0.0022
0.0021
0.0026
0.0021
0.0027
0.0034
0.0023
0.0044
0.0027
0.0026
0.0021
0.0023
0.0038
0.004
0.0046
0.0037
0.0033
0.0032
0.0033
0.0038
0.0032
0.0031
0.002
0.0019
0.0019
0.0037
0.0039
0.0038
0.0072
0.0023
0.002
0.0029
0.0028
0.0039
0.0034
0.0023
0.002
0.0038
0.0036
0.0023
0.0019
0.0035
0.0033
0.0036
0.0039
0.0036
0.0037
0.0036
0.0023
0.0029
0.0041
0.0031
0.0031
0.0038
0.0036
0.0037
0.004
0.0038
0.003
0.0051
0.0034
0.0037
0.0038
0.0031
0.0034
0.0035
0.0031
0.0055
0.0032
0.0079
0.0025
0.0035
0.0034
0.0031
0.0029
0.0036
0.0028
0.0065
0.0031
0.0035
0.0042
0.0089
0.0036
0.004
0.0039
0.0039
0.0033
0.003
0.0031
0.0029
0.0036
0.003
0.0036
0.0031
0.0033
0.0022
0.0032
0.0032
0.0032
0.003
0.0028
0.0029
0.0039
0.0029
0.0034
0.0043
0.0027
0.0033
0.003
0.004
0.0028
0.0032
0.0034
0.0034
0.004
0.0035
0.0035
0.0054
0.0032
0.0036
0.0037
0.0028
0.0033
0.004
0.0028
0.0038
0.0035
0.0059
0.0033
0.0036
0.003
0.0032
0.0038
0.003
0.0028
0.0034
0.0036
0.0031
0.0051
0.0034
0.003
0.004
0.0071
0.0041
0.0031
0.0035
0.0038
0.0033
0.0025
0.0041
0.0026
0.0041
0.0042
0.0036
0.004
0.0037
0.0116
0.0033
0.0044
0.0034
0.0034
0.0043
0.0032
0.004
0.0033
0.0046
0.0037
0.0035
0.0041
0.004
0.0039
0.004
0.0035
0.0039
0.0038
0.004
0.0035
0.0035
0.0041
0.0032
0.0033
0.0038
0.0057
0.003
0.0038
0.0032
0.0043
0.004
0.003
0.0031
0.0032
0.0031
0.0031
0.003
0.0032
0.0031
0.003
0.0037
0.0038
0.0036
0.0032
0.0031
0.0029
0.0031
0.0025
0.0033
0.0031
0.003
0.0031
0.0029
0.0036
0.0039
0.004
0.0038
0.003
0.0032
0.0038
0.0034
0.0038
0.003
0.0037
0.0031
0.0039
0.0032
0.003
0.0031
0.0033
0.0032
0.0028
0.0033
0.0033
0.0031
0.003
0.0031
0.0034
0.0038
0.0027
0.0035
0.0035
0.0036
0.0031
0.0038
0.0031
0.0035
0.003
0.0034
0.0031
0.0035
0.0031
0.0036
0.0055
0.0033
0.003
0.003
0.0029
0.0031
0.0029
0.0019
0.003
0.0035
0.0043
0.0031
0.0032
0.004
0.0036
0.0033
0.003
0.0039
0.0031
0.003
0.0039
0.0039
0.0037
0.0032
0.0037
0.0032
0.0032
0.0036
0.0033
0.0036
0.0029
0.0038
0.0031
0.003
0.0031
0.0035
0.0034
0.0032
0.0032
0.003
0.003
0.0037
0.0031
0.003
0.003
0.0029
0.0032
0.0032
0.003
0.0033
0.003
0.0032
0.0102
0.0024
0.003
0.003
0.0031
0.003
0.0031
0.0032
0.004
0.0032
0.0031
0.0035
0.003
0.003
0.0034
0.0031
0.003
0.0027
0.0038
0.003
0.004
0.003
0.003
0.0038
0.0035
0.004
0.0041
0.0036
0.0032
0.0035
0.004
0.0035
0.0036
0.0037
0.0035
0.0034
0.0038
0.0035
0.0031
0.0037
0.0031
0.0034
0.0059
0.0031
0.0038
0.0031
0.0036
0.0038
0.0035
0.0038
0.0031
0.0038
0.0037
0.0038
0.0038
0.0037
0.0035
0.0033
0.0035
0.0035
0.0038
0.0031
0.0026
0.0034
0.0038
0.0031
0.0039
0.0024
0.0018
0.0035
0.0033
0.0038
0.0036
0.0033
0.0036
0.0031
0.0022
0.002
0.0036
0.0036
0.0035
0.0032
0.0037
0.0032
0.0035
0.0031
0.0036
0.0036
0.0031
0.0038
0.0031
0.0031
0.0037
0.0031
0.0037
0.003
0.0032
0.0029
0.0032
0.0031
0.0034
0.0032
0.0039
0.0033
0.0033
0.0033
0.0039
0.0039
0.0032
0.0031
0.006
0.0029
0.004
0.0036
0.003
0.0042
0.0032
0.0027
0.0031
0.0023
0.0029
0.0038
0.0036
0.0034
0.0036
0.0031
0.0031
0.004
0.0031
0.0032
0.004
0.0039
0.0037
0.003
0.0022
0.003
0.0031
0.0031
0.003
0.0038
0.0035
0.0039
0.0038
0.0038
0.0029
0.0029
0.0035
0.0036
0.004
0.0032
0.003
0.003
0.0033
0.0031
0.003
0.0031
0.0032
0.0031
0.0055
0.0032
0.0031
0.0037
0.0031
0.0038
0.0032
0.0034
0.0028
0.0035
0.0027
0.0025
0.003
0.0034
0.0038
0.003
0.0028
0.0036
0.003
0.0032
0.0037
0.0028
0.0039
0.0039
0.0029
0.0036
0.0026
0.0038
0.0029
0.0033
0.0037
0.0027
0.0037
0.0029
0.0037
0.0029
0.0031
0.003
0.0026
0.0032
0.0027
0.0037
0.0031
0.0029
0.003
0.003
0.0032
0.0035
0.0031
0.0033
0.0032
0.003
0.0039
0.0097
0.0033
0.003
0.0028
0.0037
0.003
0.0031
0.0033
0.0029
0.0038
0.003
0.0031
0.0033
0.0032
0.0031
0.0032
0.0029
0.0031
0.0031
0.003
0.003
0.003
0.0029
0.0034
0.0028
0.0038
0.0028
0.0033
0.0031
0.0036
0.0031
0.003
0.003
0.003
0.0025
0.0037
0.0038
0.0031
0.0027
0.0032
0.0038
0.0037
0.0039
0.0031
0.0038
0.0056
0.0035
0.003
0.0035
0.0038
0.0034
0.0029
0.0021
0.0038
0.0036
0.0035
0.0031
0.0035
0.0041
0.0036
0.0033
0.0029
0.0029
0.0061
0.0037
0.0024
0.0036
0.0036
0.0026
0.0052
0.0038
0.0042
0.0037

----------------------------
VideoDecoderEndFrame_D3D11_1
----------------------------
0.0359
0.0542
0.0786
0.0054
0.0809
0.0041
0.0596
0.0036
0.0559
0.0036
0.0642
0.0031
0.0601
0.0052
0.0602
0.003
0.0539
0.0028
0.056
0.0102
0.058
0.0029
0.063
0.0071
0.0579
0.0023
0.0568
0.0063
0.0589
0.0042
0.0592
0.003
0.0588
0.0021
0.0598
0.0072
0.0656
0.0028
0.0606
0.0067
0.0614
0.0054
0.0609
0.0027
0.0675
0.0023
0.0563
0.003
0.056
0.0025
0.0577
0.002
0.0568
0.0027
0.0576
0.0027
0.0562
0.0022
0.0569
0.0074
0.0576
0.0023
0.0638
0.0034
0.06
0.0037
0.0596
0.0027
0.053
0.0068
0.0557
0.007
0.051
0.005
0.0531
0.0026
0.0624
0.0028
0.0591
0.0027
0.0588
0.0034
0.0578
0.0026
0.0526
0.0051
0.0542
0.0585
0.0035
0.0592
0.0025
0.0023
0.0602
0.0027
0.0606
0.0037
0.0021
0.0022
0.0568
0.0539
0.0027
0.0601
0.0027
0.0618
0.0056
0.0022
0.0525
0.0537
0.0026
0.0586
0.0026
0.0595
0.0027
0.0609
0.0027
0.0594
0.0028
0.0607
0.0028
0.0586
0.0026
0.0599
0.0579
0.0534
0.0066
0.0057
0.0568
0.0069
0.0603
0.0035
0.0591
0.002
0.0593
0.0019
0.0609
0.0028
0.0608
0.0081
0.0732
0.0028
0.057
0.0126
0.0656
0.0032
0.083
0.0037
0.0566
0.0065
0.0584
0.0023
0.0597
0.0021
0.0599
0.002
0.0561
0.0019
0.0587
0.0017
0.0592
0.0018
0.0582
0.0019
0.0605
0.0018
0.0768
0.002
0.0738
0.0018
0.0603
0.0028
0.0578
0.0024
0.0648
0.0029
0.0562
0.0028
0.0596
0.0058
0.0563
0.0076
0.0604
0.002
0.0553
0.0031
0.0566
0.0019
0.0596
0.0028
0.0584
0.0078
0.0678
0.0043
0.0588
0.0026
0.0589
0.0026
0.0577
0.0026
0.0591
0.0065
0.061
0.0066
0.0594
0.0065
0.0603
0.0068
0.0598
0.0063
0.0647
0.0067
0.0575
0.0093
0.0562
0.0029
0.0028
0.0022
0.0565
0.0569
0.0027
0.0059
0.0573
0.0562
0.0028
0.056
0.0026
0.0561
0.0026
0.0056
0.0568
0.0551
0.0021
0.0592
0.0037
0.0583
0.0025
0.0571
0.0028
0.0566
0.0029
0.0582
0.0024
0.0567
0.0065
0.0567
0.002
0.0688
0.0075
0.0621
0.0028
0.0578
0.0068
0.06
0.0027
0.0563
0.0026
0.0589
0.0067
0.0596
0.0026
0.0681
0.0028
0.0575
0.004
0.0587
0.0025
0.0691
0.0027
0.0857
0.004
0.0726
0.0027
0.091
0.0032
0.0865
0.0072
0.0665
0.0028
0.0701
0.0026
0.0696
0.0026
0.0588
0.0035
0.0601
0.0043
0.0594
0.0029
0.0718
0.0023
0.0653
0.0062
0.0562
0.0031
0.0573
0.006
0.0638
0.0037
0.0588
0.0028
0.0684
0.0026
0.0667
0.0037
0.0593
0.0034
0.0804
0.0034
0.0633
0.008
0.0725
0.0031
0.0895
0.004
0.0821
0.0037
0.0589
0.0063
0.0809
0.0066
0.0637
0.0028
0.0597
0.0063
0.0732
0.0026
0.0022
0.06
0.0551
0.0027
0.0622
0.0027
0.058
0.0037
0.0594
0.0026
0.0817
0.0067
0.0593
0.0039
0.0568
0.0039
0.0987
0.0031
0.08
0.0066
0.0676
0.0029
0.0542
0.0029
0.0558
0.0037
0.0692
0.0065
0.0602
0.0037
0.0799
0.0038
0.0893
0.009
0.0604
0.0038
0.0813
0.007
0.061
0.0037
0.0849
0.0037
0.0804
0.0036
0.0602
0.0028
0.08
0.008
0.0548
0.0033
0.088
0.0037
0.0626
0.004
0.077
0.0028
0.0981
0.0038
0.0586
0.0028
0.0565
0.0039
0.0601
0.0027
0.0594
0.0027
0.0766
0.0077
0.0595
0.0027
0.0584
0.0065
0.074
0.0066
0.0569
0.0035
0.0586
0.0067
0.0566
0.0026
0.0567
0.0064
0.0553
0.0026
0.0578
0.0068
0.0557
0.0027
0.0066
0.0582
0.0552
0.0034
0.006
0.0567
0.0021
0.0558
0.0614
0.0026
0.0547
0.0059
0.0585
0.0026
0.0585
0.0028
0.057
0.0026
0.0562
0.0067
0.0027
0.0586
0.0556
0.0028
0.0562
0.0026
0.0585
0.0027
0.0581
0.0027
0.0059
0.0582
0.0605
0.007
0.0657
0.0027
0.0583
0.0027
0.0582
0.0068
0.0578
0.0023
0.0564
0.0022
0.0561
0.0067
0.0579
0.002
0.0588
0.0026
0.0578
0.0018
0.0556
0.0029
0.0572
0.002
0.0558
0.0061
0.0567
0.0056
0.0549
0.0091
0.0615
0.0062
0.0556
0.0021
0.0582
0.0026
0.0559
0.0064
0.0571
0.0053
0.057
0.0019
0.0591
0.0019
0.0599
0.0018
0.0577
0.0017
0.0582
0.0026
0.0558
0.0027
0.0569
0.002
0.0545
0.0027
0.059
0.0058
0.0605
0.0021
0.0591
0.0026
0.0581
0.0028
0.0576
0.003
0.0587
0.002
0.0567
0.0018
0.0588
0.0017
0.0577
0.0016
0.0588
0.0028
0.0596
0.0026
0.0545
0.0067
0.0594
0.0022
0.0599
0.003
0.0616
0.0027
0.0581
0.0067
0.0566
0.0056
0.0554
0.0055
0.0566
0.0054
0.0053
0.0555
0.0545
0.0052
0.058
0.0023
0.0588
0.0054
0.0598
0.0023
0.0577
0.0019
0.0569
0.0027
0.0581
0.002
0.0587
0.0061
0.0567
0.0017
0.058
0.0018
0.0587
0.0018
0.0605
0.0017
0.0602
0.0027
0.0624
0.002
0.0599
0.0018
0.0591
0.0027
0.0571
0.0026
0.0573
0.0023
0.06
0.0019
0.058
0.0019
0.058
0.002
0.057
0.0028
0.0575
0.0027
0.0598
0.0023
0.0561
0.0026
0.0581
0.0027
0.058
0.006
0.0565
0.0056
0.0574
0.0027
0.0574
0.0022
0.0581
0.0018
0.0556
0.002
0.0619
0.0029
0.0584
0.0021
0.0581
0.0019
0.0593
0.0019
0.0598
0.0017
0.0577
0.0017
0.0018
0.0586
0.0583
0.0018
0.0585
0.0018
0.0582
0.0017
0.0578
0.0017
0.0601
0.0027
0.0599
0.0029
0.0055
0.0587
0.0555
0.0085
0.0571
0.0055
0.0569
0.0054
0.0571
0.0053
0.0603
0.0054
0.0575
0.0051
0.0568
0.0074
0.0592
0.0026
0.0584
0.0023
0.059
0.002
0.0574
0.0018
0.0629
0.0017
0.0566
0.0033
0.0565
0.0061
0.0569
0.0056
0.0574
0.0054
0.0569
0.0074
0.0584
0.0019
0.0555
0.0028
0.0583
0.0019
0.0587
0.0054
0.0583
0.0021
0.0581
0.0056
0.0594
0.0055
0.0571
0.0055
0.0593
0.0021
0.0572
0.0022
0.0599
0.0018
0.0583
0.0056
0.0615
0.0026
0.0598
0.0027
0.0697
0.0027
0.0581
0.0064
0.0648
0.0027
0.0594
0.0028
0.058
0.0027
0.0593
0.0026
0.0587
0.0028
0.0598
0.0038
0.0657
0.0029
0.0585
0.0035
0.0604
0.0027
0.0593
0.0026
0.0584
0.0073
0.059
0.0027
0.0598
0.0027
0.0584
0.0028
0.0599
0.0026
0.0607
0.0027
0.0576
0.0026
0.0606
0.0026
0.0544
0.0026
0.0615
0.0025
0.0592
0.0024
0.06
0.0026
0.0601
0.0034
0.06
0.0027
0.0554
0.0027
0.0548
0.0026
0.0609
0.0027
0.06
0.0027
0.0551
0.0026
0.063
0.0061
0.061
0.0027
0.0561
0.0022
0.0604
0.059
0.0518
0.0057
0.0056
0.0611
0.0056
0.0586
0.0054
0.0604
0.0053
0.0611
0.0052
0.0614
0.0053
0.0539
0.007
0.0575
0.0027
0.0528
0.0051
0.0544
0.006
0.0622
0.0064
0.0602
0.0067
0.057
0.0066
0.0553
0.002
0.0597
0.0028
0.0606
0.0056
0.0588
0.0067
0.0616
0.0034
0.06
0.006
0.0584
0.0068
0.0604
0.002
0.0596
0.0027
0.0579
0.0027
0.0576
0.0019
0.0594
0.0028
0.0029
0.0591
0.0019
0.0575
0.0026
0.0572
0.0018
0.0709
0.0067
0.058
0.0028
0.0578
0.0028
0.057
0.0018
0.0607
0.0026
0.061
0.0026
0.0587
0.0019
0.0621
0.0018
0.0603
0.0071
0.0587
0.0027
0.0592
0.0022
0.0587
0.0028
0.0599
0.002
0.0668
0.0026
0.079
0.0063
0.0704
0.0023
0.0647
0.0027
0.0616
0.0064
0.0649
0.0031
0.0563
0.0028
0.0588
0.0025
0.0768
0.0028
0.0571
0.0076
0.0555
0.0027
0.0585
0.0069
0.059
0.0028
0.0561
0.0027
0.0597
0.0027
0.0568
0.0023
0.0581
0.0023
0.0927
0.002
0.06
0.0019
0.0581
0.0018
0.0575
0.0028
0.0608
0.0068
0.0589
0.0022
0.0597
0.0028
0.0586
0.0028
0.0546
0.0022
0.0567
0.0061
0.056
0.0055
0.0574
0.0054
0.0586
0.0069
0.0578
0.0023
0.0647
0.0028
0.0582
0.0027
0.0568
0.002
0.0593
0.006
0.0555
0.0055
0.0565
0.0029
0.0601
0.0059
0.0622
0.0035
0.0568
0.0023
0.0574
0.0056
0.0588
0.0056
0.0565
0.0055
0.0559
0.0053
0.056
0.0054
0.0564
0.0052
0.0564
0.0054
0.0575
0.0053
0.0563
0.0053
0.0562
0.0053
0.0569
0.0095
0.0577
0.0052
0.0589
0.0021
0.0587
0.0028
0.059
0.0021
0.0542
0.0028
0.0565
0.0059
0.0549
0.0031
0.057
0.002
0.0067
0.0557
0.0552
0.0053
0.0579
0.0022
0.0609
0.0029
0.058
0.0021
0.0577
0.0054
0.0574
0.0021
0.0561
0.0021
0.0589
0.0018
0.0584
0.0027
0.0572
0.0018
0.0554
0.0068
0.0584
0.0026
0.0575
0.0019
0.0556
0.0028
0.0569
0.0019
0.0536
0.0028
0.061
0.0022
0.0562
0.0025
0.0597
0.0029
0.0572
0.0021
0.056
0.0027
0.0569
0.0065
0.0569
0.0071
0.0586
0.002
0.0578
0.0018
0.0594
0.0018
0.0018
0.0573
0.0549
0.0018
0.0017
0.0586
0.0558
0.0023
0.0589
0.0019
0.0018
0.0581
0.0543
0.0057
0.0581
0.0018
0.059
0.0017
0.0554
0.0027
0.0579
0.0022
0.0571
0.0021
0.0562
0.0019
0.0572
0.002
0.0588
0.002
0.0018
0.0574
0.0582
0.0027
0.0575
0.0018
0.058
0.0017
0.0559
0.0028
0.0585
0.0026
0.0585
0.0018
0.0583
0.0077
0.0584
0.0019
0.0549
0.0028
0.0584
0.0021
0.0601
0.002
0.0601
0.003
0.0597
0.0026
0.0585
0.0059
0.0573
0.0056
0.0564
0.0023
0.0594
0.0019
0.0572
0.0019
0.056
0.002
0.0564
0.0054
0.0577
0.0021
0.002
0.0632
0.0564
0.0019
0.0604
0.0019
0.0562
0.0021
0.056
0.0057
0.0572
0.0053
0.0584
0.0053
0.0559
0.0028
0.0578
0.0023
0.058
0.0021
0.0618
0.0019
0.0587
0.0018
0.0018
0.0576
0.0538
0.0052
0.0567
0.0052
0.0585
0.002
0.0018
0.0569
0.0553
0.003
0.0571
0.0024
0.058
0.0028
0.0599
0.0056
0.0576
0.0029
0.0578
0.0021
0.0593
0.0035
0.0611
0.0027
0.0737
0.0026
0.0589
0.0027
0.0585
0.0026
0.0593
0.0028
0.0611
0.0664
0.0028
0.0595
0.0054
0.0023
0.0602
0.0028
0.0587
0.0028
0.0633
0.0065
0.06
0.0026
0.0603
0.0026
0.0583
0.0029
0.0591
0.0027
0.0592
0.0027
0.0577
0.0026
0.0571
0.0064
0.0591
0.0028
0.0607
0.003
0.0556
0.0027
0.0611
0.0066
0.0637
0.0644
0.0066
0.0592
0.0039
0.0609
0.0027
0.0664
0.0027
0.0647
0.0027
0.0023
0.002

---------------------------------
VideoDecoderSubmitBuffers_D3D11_1
---------------------------------
11.3414
2.6411
9.2726
3.837
4.4538
1.4326
4.0647
0.841
0.6913
0.6661
1.2363
0.6834
0.9461
0.6843
1.6311
0.7049
0.8702
1.2335
1.5478
1.5972
0.8628
1.2652
1.227
1.6022
0.9709
0.5954
0.5923
0.6231
1.1673
0.5698
0.5634
0.5767
0.5896
0.6464
1.4798
1.4438
1.4159
1.4113
1.4017
0.9456
0.9507
0.936
1.4826
1.4213
1.4071
0.5616
0.5571
0.6204
1.0688
0.5129
0.4949
0.951
0.6022
0.5292
0.5031
0.9606
0.9533
0.9557
0.6096
0.9568
0.9583
0.9478
0.5216
0.5062
0.5674
0.5586
0.5609
0.5676
0.575
0.6002
0.7764
0.5541
0.5707
0.7617
0.5629
0.5802
0.5717
0.5784
0.5733
0.5727
0.5724
0.5719
0.5727
0.7131
0.7016
0.5661
0.5549
0.542
0.5301
0.5634
0.5203
0.5846
0.5588
0.5676
0.567
0.538
0.5553
0.5752
1.8624
0.5608
0.564
0.5861
0.5605
0.565
0.5625
0.5696
0.5649
0.5608
0.573
0.5067
0.5807
0.5085
0.5626
0.5687
0.5826
0.5642
0.5682
0.5404
0.5498
0.5403
1.7828
0.5685
0.5729
0.5795
0.5287
0.5808
0.5573
0.5607
0.5699
0.6007
0.6005
0.5866
0.5876
0.6095
0.6037
0.7821
0.7887
0.673
0.5552
0.6276
0.5682
0.6555
0.6504
0.6151
0.6254
0.543
0.5755
0.6145
0.5543
0.5789
0.5716
0.7456
0.574
0.784
0.6447
0.7182
0.8662
0.8446
0.7896
0.6576
0.7317
0.5808
0.7342
0.5997
0.5376
0.567
0.5664
0.5836
0.798
0.5619
0.5634
0.7928
0.8205
0.5659
0.5671
0.5725
0.5975
0.6434
0.7661
0.6575
0.7042
0.9132
0.7067
0.8624
0.8256
0.6054
0.7093
0.5561
0.8752
0.7213
0.7109
0.9069
0.7614
0.5661
0.5613
0.5648
0.7726
0.563
0.5609
0.7324
0.7035
0.5869
0.5593
0.5626
0.5593
0.5707
0.5684
0.5951
0.5092
0.5829
0.5217
0.5
0.5683
0.5557
0.5597
0.5659
0.5587
0.5795
0.5241
0.56
0.5652
0.5658
0.5867
0.5513
0.6174
0.5584
0.541
0.6127
0.572
0.5375
0.6129
0.575
0.5629
0.5449
0.5722
0.5785
0.5742
0.5744
0.5736
0.5778
1.7804
0.5577
0.5703
0.5764
0.5742
0.5747
0.5735
0.5736
0.5455
0.572
0.5192
0.5871
0.5603
0.5788
0.5752
0.5688
0.5705
0.5725
0.5742
0.5784
0.5631
0.5668
0.5735
0.5726
0.5674
0.5585
0.5696
0.5689
0.5679
0.5722
0.5495
0.5043
0.5754
0.5718
0.5717
0.5738
0.5337
0.6108
0.5892
0.5723
0.5701
0.5764
0.5714
0.5609
0.5603
0.5778
0.5771
0.5735
0.5604
0.5689
0.5688
0.571
0.5526
0.5694
0.563
0.5613
0.566
0.5727
0.5693
0.5487
0.5735
0.5741
0.5748
0.5867
0.5623
0.5727
0.5667
0.57
0.5726
0.5842
0.5174
0.5767
0.5649
0.5676
0.5621
0.5637
0.5922
0.5152
0.5725
0.5742
0.5683
0.5695
0.5677
0.5303
0.5805
0.5715
0.575
0.5761
0.5929
0.5319
0.5795
0.5702
0.5698
0.5228
0.5784
0.5163
0.5719
0.5719
0.5731
0.572
0.5781
0.5726
0.5796
0.9536
0.6021
0.9449
0.599
0.6414
0.962
0.9437
0.5961
0.957
0.9614
0.961
0.9728
0.9546
0.9587
0.9416
0.9112
0.943
0.9304
0.625
0.959
0.9596
0.9562
0.9527
0.9582
0.9554
0.9565
0.9605
0.9565
0.9598
0.9378
0.9666
0.9573
0.9593
0.9588
0.9894
0.656
0.5812
0.6165
0.9356
0.6599
0.5262
0.5219
0.6094
0.6015
0.6385
0.6385
0.6427
1.0926
1.4214
1.4002
1.3698
0.585
0.6069
0.9213
0.9586
0.6431
0.953
0.6405
0.9611
0.9447
0.6239
0.9566
0.623
0.9526
0.9559
0.6747
1.3441
0.655
0.9677
0.6448
0.9321
0.9535
0.9475
0.5724
0.5592
0.5579
0.5771
0.5702
0.5861
0.575
0.5731
0.5574
0.5614
0.7746
0.6586
0.6977
0.5452
0.5657
0.5996
0.6225
0.7558
0.5517
0.5578
0.5398
0.5689
0.5681
0.5729
0.5637
0.5687
0.5752
0.5753
0.5718
0.5308
0.5741
0.6169
0.5696
0.5726
0.5213
0.5758
0.568
0.5733
0.5219
0.6019
0.5892
0.5759
0.5617
0.5726
0.5672
0.5227
0.5487
0.6092
0.5981
0.5731
0.5693
0.5718
0.5749
0.5672
0.5703
0.5684
0.566
0.5742
0.5786
0.5696
0.5752
0.5717
0.5736
0.5678
0.5034
0.5748
0.521
0.5648
0.5684
0.5113
0.5802
0.5845
0.5586
0.5748
0.5298
0.5772
0.5691
0.5745
0.5981
0.513
0.5745
0.566
0.5154
0.5682
0.5139
0.5866
0.5727
0.5748
0.5685
0.5194
0.5764
0.5197
0.5779
0.579
0.5738
0.5851
0.5126
0.579
0.525
0.5727
0.5869
0.5171
0.5767
0.5712
0.5348
0.5711
0.5693
0.5675
0.5704
0.5712
0.6076
0.552
0.5601
0.565
0.54
0.5699
0.5666
0.5872
0.5707
0.5407
0.5657
0.561
0.5727
0.5754
0.5762
0.5792
0.573
0.5691
0.5673
0.5291
0.5814
0.5694
0.5895
0.5205
0.5718
0.5207
0.5763
0.5619
0.5654
0.557
0.5666
0.5757
0.5718
0.5684
0.5811
0.5045
0.5663
0.5637
0.5787
0.5469
0.9318
0.9539
0.9191
0.6153
0.9449
0.9414
0.9487
0.9493
0.9578
0.9522
0.9576
0.957
0.5577
0.6526
1.3227
0.6189
0.9354
0.6202
0.9537
0.9536
0.9571
0.9203
0.953
0.9511
0.9174
0.9555
0.974
0.937
0.6415
0.539
0.6188
0.6451
0.5896
0.5882

