---------------------------------------------
CalcPrivateVideoDecoderOutputViewSize_D3D11_1
---------------------------------------------
0.0021
0.0013
0.0013
0.0012
0.0034
0.0022
0.0036
0.0011
0.0023
0.0017
0.001
0.0014
0.001
0.0025
0.0009
0.0015
0.001
0.0011
0.002
0.0021
0.0009
0.0008
0.0011
0.001
0.0009
0.0008
0.0007
0.0008
0.0019
0.0007
0.0007
0.0013
0.001
0.0014
0.0008
0.0008
0.0007
0.0006
0.0007
0.0008
0.0006
0.001
0.002
0.0007
0.0006
0.0006
0.0007
0.0008
0.0005
0.0015
0.0012
0.0011
0.0007
0.0007
0.0007
0.0007
0.0005
0.0009
0.0006
0.0007
0.0007
0.0007
0.0007
0.0019
0.0007
0.0007
0.0014
0.0009
0.0015
0.0011
0.0008
0.0018
0.0008
0.0008
0.0007
0.0007
0.0007
0.0007
0.0007
0.0007
0.0006
0.0006
0.0007
0.0006
0.0006
0.0006
0.0006
0.0007
0.0009
0.0007
0.0025
0.0015
0.0017
0.0013
0.0023
0.0007
0.0008
0.0007
0.0012
0.0009
0.0011
0.0008
0.0008
0.0007
0.0007
0.0016
0.0013
0.0011
0.0011
0.0015
0.001
0.0011
0.0015
0.0011
0.0009
0.0007
0.0008
0.0009
0.0009
0.0007
0.0008
0.0008
0.0007
0.0006
0.0008
0.0007
0.0009
0.0009
0.0006
0.001
0.0012
0.0009
0.0013
0.0021
0.0024
0.0012
0.0016
0.0014
0.0021
0.001
0.0009
0.0028
0.0009
0.0008
0.0008
0.0008
0.0008
0.0008
0.0008
0.0007
0.0019
0.0012
0.0006
0.001
0.0007
0.0007
0.0007
0.0007
0.0006
0.0007
0.0008
0.0006
0.0007
0.001
0.001
0.0012
0.0008
0.0006
0.001
0.0007
0.0008
0.001
0.0007
0.0011
0.0006
0.0008
0.0009
0.0007
0.0007
0.0007
0.0007
0.0006
0.0007
0.0007
0.0007
0.0009
0.0007
0.0006
0.002
0.001
0.001
0.0017
0.001
0.0009
0.0007
0.0009
0.0013
0.0008
0.0009
0.0009
0.0007
0.0016
0.0007
0.0008
0.0007
0.0007
0.0006
0.0007
0.0007
0.0006
0.0006
0.0025
0.0007
0.0008
0.0007
0.0008
0.0007
0.0007
0.0007
0.0016
0.0009
0.0016
0.001
0.0008
0.0006
0.0007
0.0007
0.0007
0.0007
0.0008
0.0005
0.0009
0.0007
0.0006
0.0007
0.0007
0.0006
0.0005
0.0007
0.0006
0.0007
0.0007
0.0007
0.0008
0.0006
0.0038
0.0008
0.0008
0.001
0.0007
0.0007
0.0006
0.0006
0.0008
0.0006
0.0007
0.0006
0.0006
0.0006
0.0008
0.0007
0.0008
0.0009
0.0007
0.0007
0.0007
0.0006
0.0006
0.0007
0.0007
0.0006
0.0008
0.0006
0.0013
0.001
0.0007
0.0007
0.0007
0.0006
0.0007
0.0007
0.0006
0.0008
0.0007
0.0007
0.0006
0.0007
0.0008
0.0007
0.0008
0.0007
0.0008
0.0007
0.0006
0.0008
0.0008
0.0006
0.002
0.0019
0.0012
0.0009
0.0009
0.0009
0.0008
0.0007
0.0007
0.0007
0.0007
0.0006
0.0008
0.0006
0.0006
0.0007
0.0006
0.0006
0.0007
0.0081
0.0008
0.0006
0.0007
0.0008
0.0007
0.0008
0.0006
0.0007
0.0008
0.0017
0.0015
0.001
0.001
0.001
0.0009
0.0007
0.0008
0.0008
0.0009
0.0007
0.0007
0.0009
0.001
0.0007
0.0006
0.0007
0.0007
0.0007
0.0007
0.0006
0.0006
0.0008
0.0007
0.0006
0.0006
0.0007
0.0018
0.001
0.0008
0.0008
0.0007
0.0007
0.0007
0.0009
0.0012
0.0006
0.0008
0.0007
0.0006
0.0007
0.0008
0.0008
0.0006
0.0007
0.0007
0.001
0.0016
0.0015
0.0006
0.0009
0.0008
0.0014
0.0006
0.0007
0.0006
0.001
0.0007
0.0007
0.0008
0.0008
0.0007
0.0008
0.0007
0.0007
0.0008
0.0006
0.001
0.0011
0.0008
0.0007
0.0006
0.0015
0.0006
0.0007
0.0006
0.0006
0.0008
0.0008
0.0011
0.0007
0.0007
0.0006
0.0007
0.0007
0.0008
0.0008
0.0008
0.0009
0.0007
0.0006
0.0007
0.0007
0.0007
0.0008
0.0009
0.0007
0.0008
0.0007
0.0007
0.0007
0.001
0.0005
0.0007
0.0006
0.0006
0.0007
0.0006
0.002
0.0012
0.0009
0.0009
0.0009
0.0008
0.0009
0.0009
0.0008
0.0008
0.0008
0.0007
0.0009
0.0009
0.0007
0.0007
0.0008
0.0007
0.0007
0.0008
0.0008
0.0007
0.0007
0.0011
0.0007
0.0015
0.0009
0.0013
0.0015
0.001
0.0008
0.0007
0.0008
0.0008
0.0007
0.0007
0.0006
0.0006
0.0009
0.0006
0.007
0.0006
0.0006
0.0007
0.0007
0.0006
0.0007
0.0009
0.0009
0.0006
0.0006
0.0012
0.0008
0.0009
0.0007
0.0009
0.0007
0.0008
0.0009
0.0008
0.0007
0.0007
0.0008
0.0007
0.0007
0.0008
0.0012
0.0008
0.0007
0.0007
0.001
0.0007
0.0008
0.0011
0.001
0.0007
0.0009
0.0008
0.0007
0.0007
0.001
0.0017
0.0018
0.0009
0.001
0.0007
0.0007
0.001
0.0009
0.0011
0.0014
0.001
0.0008
0.0009
0.0006
0.0006
0.0009
0.0012
0.0008
0.0007
0.0007
0.0014
0.0007
0.0006
0.0006
0.0006
0.0007
0.0007
0.0006
0.0008
0.0008
0.0006
0.0007
0.0009
0.001
0.0007
0.0012
0.0013
0.0013
0.0007
0.0012
0.001
0.0017
0.0012
0.0011
0.001
0.0007
0.0008
0.0007
0.0008
0.001
0.001
0.0009
0.0007
0.0017
0.0017
0.0018
0.001
0.0012
0.0008
0.0008
0.0007
0.0008
0.0007
0.0008
0.0007
0.001
0.0006
0.0008
0.0007
0.0008
0.0007
0.0008
0.0006
0.0007
0.0006
0.0008
0.0009
0.0009
0.0007
0.0008
0.0008
0.0006
0.0006
0.0009
0.0006

-----------------------
CodechalDecode::Execute
-----------------------
1.5563
0.6598
0.7763
0.6107
0.7866
0.7845
0.7524
0.603
0.8386
0.6078
0.5954
0.7815
0.5721
0.5343
0.5091
0.6222
3.1197
3.0211
3.1264
0.4952
0.5364
0.4793
2.0655
0.506
0.3745
0.3698
0.377
0.3974
0.3919
0.3791
0.3763
1.414
0.402
0.4155
0.3724
0.3632
0.3657
0.3716
0.3749
0.3828
0.3923
0.3715
0.3659
0.3591
0.3615
0.3655
0.3682
0.4048
0.4539
0.4929
0.389
0.3685
0.3629
0.3668
0.3646
0.3661
0.361
0.3632
0.3708
0.3749
0.363
0.3628
0.3651
0.3721
0.3545
0.3768
0.4156
0.3788
0.4646
0.3917
0.3687
0.4687
0.3786
0.3637
0.3584
0.3745
0.36
0.362
0.3613
0.36
0.3594
0.3626
0.3642
0.3694
0.3735
0.3732
0.3858
0.5045
0.3732
0.3644
0.4682
0.4257
0.4558
0.4064
0.3752
0.3714
0.3981
0.8518
1.9495
0.386
0.3747
0.3643
0.3643
0.4044
0.3826
0.4627
0.6723
2.373
0.3847
0.6569
2.2731
0.392
0.4144
0.3742
0.3635
0.3651
0.3674
0.4127
0.3672
0.3601
0.3582
0.359
0.3632
0.3558
0.3563
0.3541
0.3728
0.3741
0.374
0.3872
3.5881
0.4196
0.3935
0.4727
0.6005
0.3995
0.4472
0.4575
0.5988
0.3947
0.3808
0.3921
0.3725
0.3709
0.373
0.37
0.3601
0.3613
0.372
0.4322
0.5361
0.406
0.3651
0.3651
0.3572
0.3554
0.3765
0.3563
0.3597
0.3557
0.3585
0.3598
0.3694
3.165
0.3878
0.4322
0.3714
0.398
0.3656
0.3619
0.3546
0.3563
0.3556
0.3756
0.3572
0.3588
0.3556
0.3587
0.3576
0.3651
0.3682
0.3734
0.3812
0.393
0.3927
0.3896
0.3757
0.3744
0.457
0.3855
0.4096
0.4213
0.3787
0.3639
0.3605
0.3649
0.364
0.3748
0.3853
0.3974
0.3643
0.3646
0.3684
0.3628
0.3632
0.3631
0.3608
0.4873
0.3642
0.3623
0.3632
0.3701
0.3753
0.3742
0.3624
0.3637
0.3597
0.3616
0.3591
0.4114
0.3717
0.3604
0.3711
0.3855
0.3528
0.3533
0.355
0.3547
0.3582
0.3468
0.3683
0.3702
0.3899
0.3577
0.3601
0.3595
0.3583
0.3611
0.3623
0.3728
0.371
0.3794
0.384
0.3886
0.4085
0.4137
0.3925
0.389
0.3789
0.3531
0.3552
0.3544
0.357
0.3601
0.3524
0.3568
0.3585
0.3616
0.359
0.3643
0.3687
0.3813
0.3578
0.3704
0.3727
0.361
0.3583
0.3627
0.3633
0.3586
0.3663
0.3678
0.3679
0.3654
0.3666
0.3563
0.3571
0.3572
0.3585
0.3689
0.3704
0.3735
0.4043
0.3693
0.367
0.3682
0.3711
0.3736
0.3785
0.379
0.3743
0.3759
0.3781
0.383
0.419
0.3597
0.3834
0.4736
0.4655
0.3954
0.3776
0.3845
0.3687
0.3689
0.3581
0.3558
0.3563
0.357
0.3546
0.3573
0.3591
0.3546
0.3544
0.3563
0.3541
0.3583
0.3644
0.3559
0.3592
0.3638
0.3661
0.372
0.3717
0.373
0.386
0.4145
0.4932
0.4109
0.3441
0.3604
0.362
0.3665
0.3623
0.3709
0.38
0.3786
0.3877
0.4127
0.5314
0.3716
0.3602
0.3595
0.3616
0.3678
0.3559
0.3606
0.3579
0.358
0.3583
0.3573
0.3597
0.3578
0.3757
0.4336
0.3718
0.372
0.3657
0.3628
0.3687
0.3736
0.3935
0.3708
0.3671
0.3665
0.3635
0.3623
0.366
0.3711
0.3717
0.3787
0.3951
0.3914
0.3894
0.4188
0.4273
0.3656
0.3726
0.3802
0.3685
0.3735
0.3827
0.3775
0.389
0.3965
0.3777
0.3727
0.3703
0.3711
0.3778
0.3848
0.3864
0.405
0.3892
0.4091
0.3635
0.3726
0.3779
0.3836
0.3785
0.3633
0.3636
0.3617
0.3663
0.3769
0.4167
0.3704
0.3669
0.3652
0.3648
0.3692
0.3688
0.3799
0.3979
0.4107
0.4077
0.4016
0.3959
0.4037
0.4024
0.3875
0.3912
0.391
0.3912
0.3918
0.3904
0.3861
0.3798
0.3468
0.3548
0.3612
0.362
0.3671
0.3706
0.4116
0.502
0.4351
0.3824
0.3797
0.384
0.3935
0.4059
0.4021
0.3859
0.3779
0.3904
0.3723
0.3639
0.378
0.3637
0.3641
0.364
0.3725
0.3601
0.3575
0.3608
0.3578
0.36
0.3887
0.3633
0.3955
0.349
0.4701
0.4375
0.3711
0.3587
0.3602
0.3661
0.3708
0.3622
0.3596
0.3574
0.3588
0.361
0.358
0.3793
0.368
0.3605
0.3595
0.3627
0.3635
0.3734
0.3604
0.3718
0.3667
0.3666
0.5371
0.3927
0.3763
0.3679
0.37
0.3721
0.3751
0.3751
0.3621
0.3661
0.3669
0.3741
0.3782
0.378
0.3701
0.3894
0.3716
0.3753
0.3774
0.3867
0.3732
0.3679
0.3885
0.5372
0.3642
0.3666
0.3711
0.3764
0.3756
0.3855
0.3906
0.4833
0.3855
0.5598
0.3664
0.3701
0.5494
0.527
0.5387
0.5626
0.5416
0.3493
0.3687
0.3606
0.3629
0.3794
0.3858
0.3613
0.3839
0.355
0.3552
0.3502
0.351
0.3522
0.3562
0.3617
0.3614
0.3637
0.3649
0.3671
0.3677
0.5146
0.3889
0.4893
0.3994
0.558
0.3731
0.3948
0.3659
0.5619
0.3784
0.4283
0.3977
0.3875
0.4059
0.3674
0.3719
0.3793
0.3782
0.3972
0.4072
0.3953
0.4111
0.418
0.4568
0.4438
0.3879
0.423
0.3794
0.3705
0.3668
0.3686
0.3626
0.372
0.359
0.359
0.3571
0.3561
0.3583
0.3543
0.3592
0.3646
0.3583
0.3642
0.3662
0.3647
0.3837
0.3698
0.3752
0.3936
0.4125
0.3957
0.3943
0.3961
0.371

---------------------------------------
CodechalDecodeHevcG12::DecodeStateLevel
---------------------------------------
0.4576
0.1603
0.2684
0.1762
0.2534
0.1715
0.2218
0.168
0.327
0.1747
0.3258
0.1659
0.2523
0.1768
0.2335
0.1562
0.2664
0.236
0.2216
0.2129
0.1994
0.2025
0.2635
0.2079
0.2244
0.1754
0.2046
0.169
0.1976
0.1657
0.2646
0.1826
0.2369
2.4638
0.2071
2.4753
0.3069
2.3754
0.2017
0.1526
0.1822
0.2229
0.1802
0.1701
0.2335
1.4697
0.2098
0.1553
0.1426
0.1146
0.1419
0.1153
0.146
0.1169
0.1463
0.1212
0.1504
0.1205
0.1463
0.1189
0.1393
0.1147
0.1776
0.9441
0.1521
0.1176
0.1595
0.1194
0.1408
0.1139
0.1392
0.1132
0.1393
0.1149
0.1437
0.1162
0.1433
0.1186
0.1461
0.1193
0.1511
0.1212
0.1394
0.1158
0.1393
0.115
0.1365
0.1137
0.1362
0.1163
0.1378
0.1166
0.1393
0.1146
0.149
0.1424
0.1625
0.1612
0.1821
0.1219
0.151
0.116
0.1424
0.1152
0.1392
0.1144
0.1432
0.1146
0.1409
0.1148
0.1456
0.1137
0.1395
0.1147
0.1402
0.1165
0.1421
0.1161
0.1437
0.118
0.1395
0.1156
0.1397
0.1154
0.1414
0.1167
0.1434
0.1169
0.1416
0.1121
0.1459
0.1177
0.157
0.1235
0.142
0.1164
0.179
0.12
0.1518
0.1177
0.1407
0.118
0.1933
0.1189
0.1428
0.1138
0.1398
0.1141
0.1374
0.116
0.1513
0.1174
0.1394
0.1151
0.1398
0.1166
0.1393
0.1163
0.1394
0.116
0.1384
0.1162
0.1414
0.116
0.1406
0.1165
0.1435
0.1174
0.145
0.1182
0.1446
0.117
0.151
0.1211
0.159
0.1247
0.1428
0.1181
0.1395
0.1158
0.1855
0.1195
0.1597
0.1197
0.1861
0.1184
0.1615
0.1155
0.1461
0.1148
0.1416
0.1185
0.1519
0.1213
0.166
0.119
0.1727
0.124
0.1478
0.1177
0.145
0.1156
0.1408
0.1158
0.139
0.1174
0.1401
0.1557
0.1426
0.1296
0.16
0.123
0.1749
0.1204
0.1762
0.1211
0.1467
0.1149
0.1737
0.1255
0.1696
0.1244
0.1476
0.1183
0.1562
0.1187
0.1429
0.1163
0.1398
0.1147
0.1404
0.1145
0.1387
0.118
0.1537
0.1281
0.1409
0.1144
0.1377
0.115
0.1375
0.1133
0.137
0.113
0.1398
0.1148
0.1361
0.1145
0.1361
0.1142
0.1364
0.1134
0.1411
0.1202
0.1424
0.1171
0.1434
0.119
0.1497
0.1189
0.1691
2.9681
0.1476
0.1275
0.1509
0.118
0.1923
0.1223
0.2382
0.1689
0.1557
0.1204
0.1702
0.139
0.1723
0.1469
0.244
0.1701
0.1515
0.1212
0.1471
0.1206
0.1458
0.1173
0.143
0.1163
0.1426
0.1169
0.1439
0.1176
0.1415
0.1185
0.1391
0.115
0.1391
0.1152
0.144
0.1158
0.192
0.1172
0.2084
0.1698
0.1581
0.1142
0.1418
0.1153
0.1402
0.1151
0.1382
0.1126
0.1369
0.1153
0.1539
0.1179
0.1361
0.1135
0.1391
0.1143
0.1366
0.1144
0.1363
0.1151
0.1392
0.1164
0.1416
0.1161
0.1838
2.5688
0.1459
0.1188
0.1392
0.1149
0.1399
0.1161
0.1523
0.1246
0.1416
0.1143
0.1384
0.1155
0.1356
0.1147
0.1368
0.1145
0.1364
0.1133
0.1432
0.1164
0.1371
0.114
0.1376
0.1136
0.1362
0.1149
0.1374
0.115
0.1369
0.1134
0.139
0.1154
0.1419
0.1159
0.1438
0.1171
0.1465
0.1185
0.1529
0.1201
0.151
0.1196
0.15
0.1214
0.1437
0.1175
0.1415
0.1159
0.1928
0.1201
0.146
0.1188
0.1586
0.1228
0.1622
0.1198
0.1456
0.1162
0.14
0.114
0.1383
0.1145
0.1414
0.1135
0.1434
0.1106
0.1449
0.1192
0.1482
0.1191
0.1538
0.1207
0.1402
0.1186
0.1417
0.1163
0.1421
0.117
0.1393
0.1162
0.1401
0.1156
0.1403
0.1149
0.1388
0.1174
0.1403
0.2357
0.1411
0.1149
0.1393
0.117
0.1404
0.1168
0.1398
0.1166
0.1424
0.1241
0.1411
0.1168
0.1402
0.1154
0.1402
0.1168
0.1393
0.1152
0.1389
0.1155
0.139
0.1153
0.1585
0.1202
0.1418
0.1174
0.1392
0.1172
0.1424
0.1167
0.1414
0.1338
0.1359
0.1145
0.137
0.1131
0.1355
0.1136
0.1364
0.1146
0.1379
0.1137
0.1329
0.1088
0.1372
0.1261
0.1436
0.1165
0.1578
0.1197
0.1378
0.1157
0.1387
0.1161
0.1374
0.1149
0.1372
0.1167
0.1403
0.1158
0.1396
0.1144
0.146
0.118
0.1426
0.1182
0.146
0.1179
0.1455
0.1232
0.1498
0.1207
0.1592
0.1223
0.161
0.127
0.1513
0.1217
0.1492
0.1197
0.145
0.1148
0.1361
0.1139
0.1377
0.112
0.1362
0.1139
0.1388
0.1137
0.1387
0.1142
0.1351
0.1144
0.1377
0.1145
0.138
0.1149
0.1386
0.1159
0.139
0.1161
0.1389
0.1154
0.1421
0.1173
0.1427
0.1196
0.1399
0.1091
0.1421
0.1169
0.1431
0.1165
0.1399
0.1147
0.1378
0.1174
0.1394
0.1167
0.1396
0.1145
0.1359
0.1162
0.1411
0.1166
0.1389
0.1174
0.1401
0.1183
0.1397
0.1142
0.1388
0.1135
0.1356
0.1133
0.1353
0.1134
0.1361
0.1133
0.1365
0.1155
0.1428
0.1159
0.1403
0.118
0.1437
0.1176
0.1676
0.1213
0.141
0.1155
0.1401
0.1163
0.1411
0.1156
0.1421
0.1156
0.1425
0.1178
0.1436
0.1215
0.1465
0.1182
0.1435
0.1183
0.1462
0.1178
0.1457
0.1174
0.1481
0.1193
0.1635
0.1232
0.1372
0.1103
0.1435
0.1182
0.1932
0.1227
0.1855
0.123
0.1532
0.1182
0.1454
0.1193
0.147
0.1221
0.1419
0.1165
0.1426
0.1163
0.1376
0.1145
0.1381
0.1157
0.1376
0.1154
0.1376
0.1154
0.1364
0.1153
0.1374
0.1155
0.1395
0.1143
0.1365
0.1149
0.1379
0.1151
0.1377
0.1158
0.136
0.1153
0.1382
0.1152
0.1394
0.1152
0.1373
0.1138
0.1381
0.1174
0.1398
0.1156
0.1403
0.1152
0.1444
0.1168
0.1441
0.116
0.1438
0.1181
0.1486
0.1203
0.1632
0.1238
0.2015
0.129
0.1683
0.1165
0.1332
0.1073
0.1384
0.1139
0.1385
0.1138
0.1407
0.1141
0.1403
0.1149
0.1426
0.1169
0.1473
0.1174
0.1457
0.1183
0.1521
0.1187
0.1635
0.122
0.1632
0.2388
0.1434
0.1168
0.1387
0.1149
0.1388
0.1161
0.1402
0.1167
0.1384
0.115
0.1378
0.1144
0.1384
0.1182
0.1379
0.1164
0.1395
0.1153
0.138
0.1161
0.1369
0.1132
0.1396
0.1169
0.138
0.1159
0.1395
0.1253
0.1707
0.1199
0.1417
0.1156
0.1387
0.1203
0.1383
0.1161
0.1389
0.1152
0.1406
0.1158
0.1458
0.1164
0.1481
0.1238
0.1376
0.1247
0.1406
0.1175
0.1407
0.1138
0.1386
0.1137
0.1374
0.1148
0.1399
0.1166
0.1419
0.1146
0.1413
0.1173
0.145
0.1184
0.1506
0.1199
0.1489
0.1211
0.1489
0.1185
0.1612
0.1212
0.1733
0.117
0.1397
0.1169
0.1444
0.1162
0.1458
0.1177
0.1399
0.1167
0.1428
0.1181
0.1451
0.1185
0.1443
0.1187
0.1483
0.1187
0.1547
0.1223
0.1397
0.1278
0.1422
0.1184
0.1423
0.1187
0.1419
0.1195
0.1462
0.1172
0.1455
0.1236
0.1498
0.1207
0.1497
0.12
0.1495
0.1196
0.1589
0.1223
0.1396
0.1116
0.1429
0.1176
0.1447
0.1168
0.1464
0.1202
0.1457
0.1197
0.1389
0.1162
0.1377
0.1167
0.1378
0.1165
0.139
0.1159
0.1492
0.1137
0.1686
0.1154
0.1406
0.1138
0.1394
0.1138
0.1423
0.1141
0.1402
0.1139
0.1424
0.1152
0.1425
0.1178
0.1463
0.1177
0.1525
0.1195
0.1625
0.1238
0.1564
0.123
0.1546
0.1225
0.1527
0.1233
0.1562
0.1246
0.1556
0.1221
0.1511
0.12
0.1506
0.1204
0.1504
0.1191
0.1504
0.121
0.1511
0.1203
0.1511
0.1201
0.1491
0.1192
0.1451
0.1179
0.1324
0.1079
0.1369
0.1132
0.1385
0.114
0.1373
0.1146
0.1392
0.1161
0.1415
0.1175
0.1463
0.117
0.2136
0.128
0.171
0.1249
0.1475
0.1171
0.1467
0.1172
0.1505
0.1178
0.1534
0.1199
0.1568
0.1249
0.1604
0.1208
0.1508
0.119
0.1464
0.1196
0.1506
0.1222
0.1431
0.1166
0.1405
0.1169
0.1508
0.1179
0.14
0.1154
0.1414
0.1166
0.1405
0.1161
0.1499
0.1178
0.1378
0.1169
0.1371
0.1164
0.1389
0.1163
0.1381
0.1153
0.1402
0.115
0.1554
0.1168
0.1389
0.1151
0.1518
0.1165
0.1352
0.1087
0.2045
0.1281
0.1769
0.1203
0.1431
0.1152
0.1395
0.1145
0.1406
0.1138
0.1401
0.1164
0.1447
0.1164
0.1399
0.1167
0.1394
0.1137
0.1385
0.1152
0.1389
0.1153
0.1379
0.1157
0.1387
0.1168
0.143
0.1169
0.1432
0.1167
0.1384
0.1162
0.1385
0.1156
0.1376
0.1155
0.1388
0.1155
0.1416
0.1171
0.1383
0.1126
0.1386
0.1145
0.1386
0.119
0.1371
0.1195
0.199
0.182
0.1521
0.1219
0.1449
0.1169
0.1406
0.1172
0.1433
0.1156
0.1411
0.1166
0.1448
0.119
0.1437
0.1184
0.1421
0.1152
0.1402
0.1169
0.14
0.1159
0.1411
0.1163
0.1405
0.1266
0.1466
0.1215
0.1389
0.1197
0.1437
0.1177
0.1428
0.1166
0.1433
0.1165
0.1448
0.1181
0.1508
0.1199
0.1442
0.1168
0.142
0.117
0.1427
0.1337
0.2042
0.1814
0.1412
0.1147
0.1395
0.1155
0.1413
0.1153
0.146
0.1182
0.1444
0.1178
0.1482
0.1176
0.1505
0.119
0.1984
0.127
0.1486
0.1181
0.2145
0.1891
0.1405
0.1171
0.1389
0.1237
0.2146
0.1845
0.2001
0.1836
0.2144
0.1774
0.2178
0.1859
0.202
0.183
0.1367
0.1102
0.1411
0.1158
0.1401
0.1154
0.1391
0.1169
0.1429
0.1322
0.1485
0.1165
0.1383
0.1131
0.1623
0.1148
0.136
0.114
0.1365
0.1143
0.1347
0.1132
0.1356
0.1123
0.1352
0.1136
0.1359
0.1144
0.1384
0.1155
0.1379
0.1141
0.1394
0.1151
0.1386
0.1164
0.1388
0.1153
0.1421
0.1165
0.2029
0.1697
0.1503
0.1264
0.1883
0.1588
0.1384
0.1367
0.209
0.1864
0.1427
0.1146
0.1482
0.1157
0.1397
0.1151
0.2127
0.189
0.145
0.116
0.1699
0.1223
0.1475
0.1191
0.1484
0.1179
0.1381
0.1521
0.1411
0.1149
0.1428
0.117
0.1438
0.1201
0.1457
0.1195
0.1524
0.1213
0.1536
0.1263
0.1529
0.1204
0.1618
0.1214
0.1602
0.1222
0.1834
0.1257
0.174
0.1239
0.1486
0.1199
0.1685
0.1197
0.1423
0.1209
0.1407
0.1166
0.1402
0.117
0.141
0.1172
0.1379
0.1158
0.1422
0.1169
0.136
0.1151
0.1375
0.1119
0.1362
0.1138
0.1367
0.1136
0.1366
0.1142
0.1352
0.1135
0.1364
0.116
0.1395
0.115
0.1361
0.1147
0.1386
0.1163
0.1405
0.1152
0.1398
0.1162
0.1481
0.1173
0.143
0.1116
0.1431
0.1185
0.1517
0.1211
0.1595
0.1235
0.1507
0.1229
0.1529
0.1215
0.153
0.1212
0.1418
0.1181

-------------------------------------
CodechalDecodeHevcG12::SetFrameStates
-------------------------------------
0.6954
0.1089
0.2512
0.0922
0.1519
0.1542
0.1739
0.1068
0.0652
0.0462
0.0343
0.0386
0.0376
0.0366
0.032
0.0384
0.2821
0.2219
0.2998
0.0372
0.0328
0.0317
0.2394
0.0366
0.0338
0.0312
0.0313
0.0308
0.0335
0.0318
0.0301
0.1657
0.0383
0.0378
0.0338
0.03
0.0306
0.0304
0.0314
0.031
0.0321
0.0313
0.0304
0.0294
0.0291
0.0305
0.0305
0.0299
0.0393
0.039
0.0353
0.0314
0.0306
0.0307
0.0304
0.03
0.0299
0.0302
0.0328
0.0329
0.0301
0.0303
0.0302
0.0313
0.0206
0.0303
0.0385
0.0325
0.0492
0.0346
0.0318
0.0423
0.0324
0.0319
0.0296
0.0291
0.0299
0.0303
0.0298
0.0294
0.0291
0.0299
0.0299
0.0305
0.0305
0.0309
0.0316
0.0337
0.0304
0.0293
0.0476
0.0474
0.04
0.0365
0.0328
0.0313
0.0337
0.4549
1.55
0.0358
0.0341
0.0311
0.0313
0.0302
0.0307
0.039
0.2708
1.9678
0.0353
0.2463
1.8767
0.0365
0.0378
0.0324
0.0303
0.0305
0.03
0.0333
0.0315
0.0305
0.0308
0.0305
0.0308
0.0295
0.0298
0.0293
0.0302
0.0307
0.0302
0.0321
0.3378
0.0347
0.0349
0.0443
0.0537
0.0333
0.0382
0.0341
0.055
0.0353
0.0322
0.0363
0.0322
0.0301
0.0314
0.031
0.0299
0.0298
0.0306
0.0383
0.0443
0.0374
0.0319
0.0304
0.0299
0.029
0.029
0.0301
0.0296
0.029
0.0303
0.0295
0.0311
0.3075
0.0356
0.0322
0.0323
0.0347
0.0305
0.0305
0.0294
0.0298
0.0292
0.032
0.0293
0.0302
0.0291
0.0293
0.0294
0.0304
0.0296
0.0304
0.0313
0.0317
0.0331
0.0321
0.0305
0.0303
0.0388
0.0314
0.0308
0.0388
0.0341
0.0311
0.0305
0.0303
0.0237
0.0312
0.0323
0.0355
0.0297
0.03
0.0307
0.0301
0.03
0.0302
0.0297
0.0303
0.0305
0.0298
0.0298
0.0352
0.0302
0.0364
0.0293
0.0295
0.03
0.0304
0.0297
0.0379
0.0328
0.0302
0.0307
0.031
0.0293
0.0293
0.0298
0.029
0.0295
0.0216
0.0294
0.0307
0.032
0.0296
0.0301
0.0302
0.0298
0.0297
0.03
0.0294
0.0306
0.0312
0.0303
0.0322
0.0348
0.0347
0.0318
0.0326
0.0316
0.0287
0.0298
0.029
0.0295
0.0293
0.0286
0.0299
0.0295
0.0296
0.0288
0.0297
0.0293
0.0316
0.0222
0.0306
0.0307
0.0311
0.0288
0.029
0.0295
0.0288
0.0294
0.0298
0.0295
0.0302
0.0301
0.0295
0.029
0.0291
0.0287
0.029
0.0298
0.0303
0.0302
0.0299
0.0298
0.0296
0.0297
0.0302
0.0305
0.0307
0.0302
0.03
0.0316
0.0307
0.0352
0.023
0.0301
0.0426
0.0435
0.0349
0.0319
0.0318
0.0316
0.0303
0.0296
0.0285
0.029
0.029
0.0287
0.0289
0.0294
0.0285
0.0289
0.0292
0.0287
0.0295
0.0311
0.0289
0.029
0.03
0.03
0.0292
0.0299
0.03
0.0312
0.0323
0.0438
0.0357
0.022
0.03
0.031
0.0312
0.0299
0.0313
0.0318
0.0311
0.0326
0.0361
0.0351
0.0309
0.0298
0.0294
0.0298
0.0298
0.0298
0.029
0.0294
0.0287
0.0288
0.0292
0.029
0.0289
0.0295
0.0395
0.032
0.0309
0.0292
0.0295
0.0301
0.0297
0.032
0.0229
0.0297
0.0298
0.031
0.0294
0.0295
0.0304
0.0303
0.0307
0.0329
0.0317
0.0328
0.0378
0.0352
0.0297
0.0303
0.0312
0.0305
0.0301
0.0315
0.0313
0.0324
0.0315
0.03
0.0301
0.0295
0.0298
0.0304
0.0311
0.0311
0.0416
0.0322
0.0323
0.0228
0.03
0.0317
0.0324
0.0311
0.0292
0.0295
0.0286
0.0292
0.0303
0.0348
0.0315
0.0307
0.0291
0.0304
0.0305
0.0296
0.0306
0.0335
0.0321
0.0339
0.0334
0.0326
0.0331
0.0336
0.031
0.033
0.0325
0.0317
0.0322
0.032
0.0314
0.0316
0.0213
0.0287
0.0295
0.0309
0.032
0.0308
0.0597
0.043
0.039
0.0335
0.0318
0.032
0.033
0.0328
0.0329
0.0319
0.0307
0.032
0.0316
0.03
0.0299
0.0298
0.0294
0.0301
0.0292
0.0291
0.0289
0.0298
0.0291
0.0293
0.0314
0.0297
0.0365
0.0232
0.0442
0.0378
0.0339
0.0303
0.0295
0.0308
0.0307
0.0298
0.0294
0.0291
0.0294
0.0298
0.0285
0.0323
0.0302
0.0297
0.0291
0.0301
0.0295
0.0298
0.0307
0.0309
0.0295
0.0292
0.0413
0.0325
0.0309
0.0302
0.0302
0.0308
0.0305
0.0309
0.0219
0.0306
0.03
0.0325
0.0302
0.0302
0.0302
0.0413
0.0303
0.0308
0.0312
0.032
0.0308
0.0293
0.0312
0.0411
0.0319
0.0299
0.0313
0.03
0.0307
0.032
0.0338
0.0426
0.0347
0.0429
0.0299
0.0299
0.0425
0.0385
0.0435
0.0444
0.0484
0.0214
0.0308
0.0297
0.0317
0.0305
0.0343
0.0318
0.0301
0.0296
0.0293
0.0297
0.0298
0.0291
0.029
0.0295
0.0304
0.0299
0.0302
0.0296
0.0294
0.0398
0.0307
0.0402
0.03
0.0442
0.0322
0.0431
0.0304
0.0429
0.0312
0.0389
0.0431
0.0341
0.0239
0.0318
0.031
0.0323
0.031
0.0324
0.0331
0.033
0.0347
0.0392
0.0395
0.0406
0.0337
0.0361
0.0313
0.0312
0.03
0.0301
0.0297
0.0312
0.0299
0.0306
0.0299
0.0296
0.0292
0.0292
0.0296
0.0302
0.029
0.0303
0.0305
0.0295
0.0311
0.0237
0.0304
0.032
0.0353
0.0336
0.0325
0.0325
0.03

--------------------------
CreateVideoDecoder_D3D11_1
--------------------------
19.7716

---------------------------
DestroyVideoDecoder_D3D11_1
---------------------------
0

----------------
First Frame Time
----------------
61.8415

--------------------------------------
VideoDecoderBeginFrame_WDDM2_4_D3D11_1
--------------------------------------
0.0081
0.0025
0.0026
0.0022
0.005
0.004
0.0048
0.0021
0.004
0.0077
0.002
0.0028
0.0024
0.003
0.0017
0.0025
0.0019
0.0026
0.0027
0.0037
0.002
0.0019
0.0021
0.0025
0.0021
0.0018
0.0017
0.0016
0.0025
0.0017
0.0015
0.0022
0.0029
0.0029
0.002
0.0019
0.0019
0.0017
0.0015
0.0017
0.0017
0.0018
0.0028
0.0016
0.0015
0.0015
0.0016
0.0015
0.0017
0.0029
0.0023
0.002
0.0018
0.0016
0.0017
0.0016
0.0016
0.0016
0.0016
0.0017
0.0015
0.0017
0.0017
0.0028
0.0016
0.0015
0.0027
0.0018
0.0033
0.0027
0.0019
0.0037
0.0019
0.002
0.0016
0.0017
0.0019
0.0017
0.0015
0.0017
0.0017
0.0017
0.0017
0.0016
0.0018
0.0017
0.0019
0.0018
0.0017
0.0016
0.0043
0.0028
0.0034
0.0026
0.0031
0.0018
0.0021
0.0019
0.0021
0.0028
0.0021
0.0018
0.0017
0.0017
0.0016
0.0036
0.0025
0.0024
0.0026
0.0028
0.0024
0.0025
0.0026
0.0029
0.0019
0.0021
0.0017
0.0019
0.0018
0.0018
0.0017
0.0018
0.0016
0.0015
0.0017
0.0018
0.0018
0.0017
0.0015
0.0017
0.0019
0.002
0.0022
0.0027
0.0038
0.0021
0.0025
0.0022
0.0037
0.0023
0.0019
0.0035
0.0017
0.0017
0.0017
0.0017
0.0016
0.0016
0.0016
0.0016
0.0031
0.0025
0.0017
0.0022
0.0018
0.0017
0.0018
0.0018
0.0015
0.0016
0.0018
0.0016
0.0019
0.002
0.0024
0.002
0.0019
0.002
0.0021
0.0019
0.0018
0.0016
0.0017
0.0021
0.0017
0.0016
0.0016
0.0017
0.0017
0.0019
0.0016
0.0016
0.0018
0.0015
0.0017
0.0016
0.0016
0.0016
0.0028
0.0019
0.002
0.003
0.0023
0.0019
0.0016
0.0019
0.0021
0.0016
0.0018
0.0018
0.0016
0.0016
0.0017
0.0016
0.0018
0.0018
0.0016
0.0017
0.0017
0.0016
0.0017
0.0053
0.0017
0.0016
0.0017
0.0017
0.0017
0.0015
0.0016
0.0026
0.002
0.0018
0.0019
0.0018
0.0015
0.0015
0.0015
0.0016
0.0017
0.0017
0.0018
0.0018
0.0018
0.0017
0.0016
0.0017
0.0017
0.0016
0.0018
0.0018
0.0019
0.0015
0.0016
0.0015
0.0018
0.0019
0.0017
0.0017
0.0023
0.0016
0.0017
0.0017
0.0016
0.0021
0.0015
0.0015
0.0015
0.0016
0.0026
0.0017
0.0016
0.0018
0.0018
0.0018
0.0017
0.0016
0.0016
0.0015
0.0015
0.0016
0.0015
0.0016
0.002
0.0023
0.0019
0.0016
0.0016
0.0016
0.0024
0.0015
0.0016
0.0016
0.002
0.0017
0.0017
0.0017
0.0016
0.0018
0.002
0.0017
0.0016
0.0017
0.0016
0.0016
0.0018
0.0022
0.0015
0.0037
0.0044
0.0023
0.0019
0.0019
0.0018
0.0016
0.0018
0.0016
0.0016
0.0016
0.0015
0.0015
0.0016
0.0016
0.0017
0.0015
0.0016
0.0015
0.0032
0.0018
0.0015
0.0016
0.0016
0.0017
0.0016
0.0015
0.0017
0.0017
0.0038
0.0027
0.0023
0.0021
0.0017
0.0016
0.0016
0.0016
0.002
0.0016
0.0016
0.0017
0.002
0.0018
0.0016
0.0016
0.0015
0.0017
0.0015
0.0017
0.0018
0.0017
0.0016
0.0016
0.0017
0.0017
0.0015
0.0033
0.0019
0.0019
0.0016
0.0019
0.0016
0.0019
0.002
0.0023
0.0016
0.0016
0.0017
0.0018
0.0016
0.0018
0.0019
0.0016
0.0017
0.0018
0.0022
0.0028
0.0025
0.002
0.0016
0.0022
0.0019
0.0015
0.0015
0.0018
0.0017
0.0017
0.0019
0.0017
0.0016
0.0018
0.0017
0.0017
0.0018
0.0017
0.0019
0.0022
0.0024
0.0019
0.0019
0.0016
0.0017
0.0016
0.0014
0.0015
0.0016
0.0019
0.0022
0.002
0.0017
0.0018
0.0016
0.0016
0.0017
0.0017
0.0018
0.0017
0.0017
0.0017
0.0022
0.0017
0.0017
0.0016
0.0018
0.0019
0.0016
0.0016
0.0017
0.0018
0.0018
0.0021
0.0019
0.0015
0.0017
0.0018
0.0016
0.0016
0.0033
0.0031
0.0021
0.0018
0.0018
0.0018
0.0017
0.0026
0.0018
0.0017
0.0018
0.0016
0.0015
0.0016
0.0018
0.0016
0.0016
0.0017
0.0016
0.0015
0.0016
0.0016
0.0015
0.0021
0.0017
0.0028
0.0021
0.0028
0.0032
0.0022
0.002
0.0019
0.0017
0.0016
0.0019
0.0021
0.0016
0.0015
0.0015
0.0019
0.0072
0.0018
0.0015
0.0017
0.0016
0.0015
0.0017
0.0019
0.0022
0.0017
0.0018
0.0022
0.0019
0.0018
0.0017
0.0017
0.0017
0.0017
0.0018
0.0022
0.002
0.0017
0.0021
0.0015
0.0016
0.0018
0.0023
0.0016
0.0018
0.0017
0.0017
0.0018
0.0016
0.0019
0.0021
0.0018
0.0019
0.0016
0.0015
0.0018
0.0016
0.0022
0.0034
0.002
0.0023
0.0016
0.0016
0.0024
0.0021
0.0024
0.0026
0.0025
0.0018
0.0017
0.0017
0.0017
0.0017
0.0025
0.0017
0.0019
0.0017
0.0017
0.0014
0.0017
0.0016
0.0016
0.0017
0.0017
0.0016
0.0017
0.0015
0.0017
0.0017
0.0017
0.0023
0.0018
0.0026
0.0027
0.0028
0.002
0.0024
0.0017
0.0028
0.0027
0.002
0.0023
0.0018
0.0019
0.0017
0.0019
0.0018
0.0019
0.0021
0.0021
0.0027
0.0031
0.0029
0.0023
0.0025
0.0019
0.0019
0.0018
0.0018
0.0016
0.002
0.0016
0.0017
0.0015
0.0017
0.0015
0.0017
0.0015
0.0016
0.0015
0.0016
0.0018
0.0016
0.0021
0.0029
0.0018
0.0019
0.0017
0.002
0.0017
0.0016
0.0017

----------------------------
VideoDecoderEndFrame_D3D11_1
----------------------------
0.0368
0.054
0.0798
0.1018
0.1304
0.1347
0.1058
0.1009
0.1439
0.0609
0.0618
0.0708
0.0585
0.0575
0.0567
0.0591
0.0609
0.0779
0.0634
0.0542
0.057
0.0549
0.0622
0.0563
0.0563
0.0546
0.0546
0.0556
0.0564
0.0571
0.0509
0.0599
0.0554
0.0587
0.054
0.054
0.0539
0.0535
0.0543
0.0538
0.0561
0.0525
0.0537
0.0528
0.054
0.0536
0.0536
0.055
0.0696
0.0663
0.0556
0.053
0.0529
0.0525
0.0531
0.0532
0.0533
0.0531
0.0532
0.0545
0.0528
0.0525
0.0536
0.0549
0.0542
0.0543
0.0558
0.0582
0.0578
0.0555
0.053
0.0571
0.074
0.055
0.055
0.0532
0.0543
0.052
0.0523
0.053
0.0525
0.0533
0.0555
0.0536
0.0551
0.0587
0.0556
0.0557
0.0543
0.055
0.0589
0.0587
0.0573
0.0546
0.0547
0.0542
0.0579
0.0557
0.0541
0.0802
0.0528
0.0532
0.0526
0.0524
0.053
0.0628
0.0536
0.0552
0.078
0.0559
0.0536
0.0791
0.0578
0.0545
0.0518
0.053
0.0551
0.0575
0.0541
0.0525
0.0531
0.0514
0.053
0.0524
0.0524
0.0624
0.0559
0.0546
0.0533
0.054
0.0538
0.0685
0.0815
0.0579
0.0807
0.0534
0.0575
0.0551
0.0586
0.056
0.0536
0.055
0.0528
0.0543
0.0524
0.0538
0.0519
0.0516
0.0535
0.0569
0.0736
0.0569
0.0535
0.0533
0.0527
0.0519
0.0535
0.0522
0.0531
0.0534
0.0528
0.0537
0.0522
0.0539
0.0584
0.0771
0.0543
0.056
0.0531
0.0523
0.0528
0.0523
0.0526
0.0542
0.0524
0.0527
0.0523
0.053
0.0539
0.0524
0.0537
0.0534
0.0531
0.0559
0.0591
0.0555
0.0536
0.0522
0.0572
0.0548
0.0634
0.0581
0.0536
0.0607
0.0543
0.0561
0.0541
0.0541
0.0565
0.0573
0.0524
0.0512
0.0528
0.0502
0.0522
0.0518
0.0525
0.0544
0.0511
0.0511
0.0512
0.0539
0.0541
0.0503
0.0519
0.054
0.052
0.0511
0.0516
0.058
0.0529
0.0524
0.0508
0.0524
0.05
0.0524
0.0551
0.0525
0.0545
0.0543
0.0541
0.0531
0.0539
0.0538
0.0521
0.0536
0.0529
0.0529
0.0533
0.0543
0.0529
0.0537
0.056
0.0549
0.0606
0.0578
0.057
0.0563
0.0558
0.052
0.0521
0.0543
0.0576
0.0536
0.0532
0.0527
0.0545
0.0536
0.0551
0.0537
0.0527
0.0555
0.0541
0.0544
0.0541
0.0534
0.0538
0.0527
0.0525
0.053
0.053
0.0534
0.0548
0.0563
0.0541
0.0535
0.0531
0.0532
0.0543
0.0539
0.0536
0.054
0.0553
0.0553
0.0538
0.0536
0.0535
0.0542
0.0549
0.0533
0.0543
0.0537
0.0561
0.0572
0.0598
0.0539
0.0562
0.0578
0.0601
0.0541
0.055
0.057
0.0523
0.053
0.0526
0.0519
0.0525
0.0526
0.0533
0.0521
0.0524
0.0544
0.0526
0.053
0.0535
0.0518
0.0556
0.0524
0.0525
0.0531
0.0546
0.0535
0.0533
0.0557
0.0558
0.0576
0.0623
0.0559
0.0536
0.0524
0.0535
0.0527
0.0561
0.0528
0.0544
0.0553
0.0563
0.0578
0.0603
0.0546
0.0522
0.053
0.0522
0.0557
0.0526
0.0526
0.0529
0.0524
0.0519
0.0525
0.0523
0.0532
0.0557
0.06
0.0542
0.0527
0.0549
0.0558
0.0561
0.0546
0.0578
0.053
0.0556
0.0566
0.0537
0.055
0.0533
0.053
0.0546
0.0561
0.0542
0.0676
0.0578
0.0569
0.0545
0.0533
0.0538
0.0524
0.0545
0.0564
0.0553
0.0578
0.0553
0.0576
0.0559
0.0531
0.053
0.0529
0.0557
0.0581
0.0543
0.0577
0.0561
0.0561
0.0535
0.0538
0.0546
0.0552
0.0533
0.0521
0.0544
0.0522
0.0526
0.0523
0.0551
0.0526
0.0537
0.0527
0.0552
0.0547
0.0564
0.0531
0.0569
0.0604
0.0568
0.0563
0.0547
0.0572
0.0577
0.0559
0.0569
0.0547
0.0584
0.0544
0.0572
0.0553
0.0549
0.0533
0.0539
0.0533
0.0525
0.0529
0.056
0.0557
0.072
0.058
0.0552
0.0533
0.053
0.0543
0.059
0.0549
0.0553
0.053
0.0554
0.0546
0.0521
0.0526
0.0525
0.0532
0.0525
0.0525
0.0527
0.052
0.0551
0.0541
0.0619
0.0554
0.0595
0.0569
0.0543
0.0535
0.0579
0.0536
0.0532
0.0517
0.0538
0.0535
0.0519
0.0523
0.0546
0.0515
0.0517
0.0517
0.0575
0.053
0.0527
0.0524
0.0528
0.0524
0.0536
0.0681
0.0547
0.0548
0.0531
0.0747
0.0543
0.0565
0.0559
0.0547
0.0542
0.0541
0.0547
0.0595
0.054
0.0535
0.0746
0.0543
0.0603
0.0537
0.0554
0.0555
0.0552
0.0535
0.0541
0.0528
0.0529
0.0538
0.0745
0.0521
0.0544
0.0559
0.0534
0.0532
0.0574
0.0567
0.0584
0.0516
0.0766
0.053
0.0534
0.076
0.0769
0.0687
0.0755
0.0768
0.0518
0.0515
0.0525
0.0635
0.0628
0.0507
0.0545
0.0514
0.0519
0.0497
0.0529
0.052
0.0516
0.0515
0.0517
0.0514
0.0513
0.0519
0.0541
0.0533
0.0736
0.0535
0.0706
0.0641
0.0732
0.0553
0.0558
0.0548
0.0828
0.0557
0.0602
0.0709
0.0644
0.0585
0.0546
0.0545
0.0547
0.0552
0.0559
0.0578
0.0556
0.0546
0.0543
0.0552
0.0594
0.056
0.053
0.0531
0.0524
0.0528
0.0509
0.0537
0.0503
0.0513
0.0526
0.0512
0.0515
0.0522
0.0526
0.0515
0.0503
0.0514
0.053
0.0529
0.0535
0.0544
0.0535
0.0592
0.0577
0.0593
0.0588
0.0572
0.0555
0.0534

---------------------------------
VideoDecoderSubmitBuffers_D3D11_1
---------------------------------
1.6586
0.6758
0.7912
0.6239
0.8146
0.8146
0.7834
0.6179
0.8705
0.6302
0.611
0.8027
0.5894
0.5511
0.5223
0.6422
3.1349
3.039
3.1444
0.5127
0.5515
0.4928
2.0822
0.5235
0.389
0.3832
0.3906
0.4102
0.4061
0.3921
0.3887
1.4335
0.42
0.4352
0.3865
0.3758
0.3787
0.3842
0.3877
0.3957
0.4057
0.3864
0.3799
0.3716
0.3733
0.3775
0.3806
0.4172
0.4663
0.5134
0.4054
0.3827
0.3767
0.3798
0.3776
0.3784
0.3737
0.3757
0.3838
0.3879
0.3752
0.3754
0.3776
0.3857
0.3673
0.3897
0.4359
0.3938
0.4941
0.4079
0.382
0.4944
0.3938
0.3775
0.3715
0.3874
0.3727
0.3751
0.3733
0.3721
0.3717
0.3745
0.3761
0.3822
0.3859
0.3859
0.3991
0.5186
0.387
0.3779
0.4947
0.4463
0.4786
0.4247
0.3904
0.3849
0.4137
0.8672
1.9676
0.405
0.3889
0.3772
0.3767
0.4175
0.397
0.4832
0.6919
2.3929
0.403
0.6766
2.2916
0.4143
0.4338
0.3896
0.3774
0.3798
0.3813
0.4273
0.3826
0.3728
0.3714
0.3729
0.3763
0.3686
0.3699
0.3666
0.3862
0.3875
0.3867
0.4026
3.6057
0.4358
0.4116
0.4956
0.6287
0.4157
0.4663
0.4754
0.6264
0.4109
0.3948
0.4076
0.3865
0.384
0.386
0.3843
0.3728
0.3753
0.3869
0.4471
0.5571
0.4268
0.3862
0.3795
0.3701
0.3676
0.3889
0.369
0.3721
0.3681
0.3707
0.372
0.3839
3.1829
0.405
0.447
0.3854
0.4126
0.3804
0.3758
0.3671
0.3691
0.3685
0.3917
0.3707
0.3719
0.3681
0.3715
0.3715
0.3774
0.3814
0.3867
0.3947
0.4067
0.4067
0.4032
0.3887
0.3873
0.4807
0.4006
0.4257
0.4424
0.3935
0.3777
0.3735
0.3793
0.3814
0.3883
0.401
0.4124
0.3767
0.3776
0.382
0.3759
0.3762
0.3764
0.3731
0.5002
0.3775
0.3754
0.3757
0.3869
0.388
0.3885
0.3758
0.3769
0.3724
0.3742
0.3715
0.4308
0.3862
0.3727
0.3856
0.4002
0.3653
0.3666
0.3678
0.3672
0.3714
0.3773
0.3814
0.3837
0.4034
0.3696
0.3723
0.3723
0.3709
0.3737
0.375
0.3856
0.3839
0.393
0.3964
0.4016
0.4243
0.4278
0.4057
0.4029
0.3947
0.3653
0.3687
0.3689
0.3693
0.3736
0.3649
0.3689
0.3715
0.3737
0.371
0.3767
0.3807
0.3963
0.3735
0.3833
0.3866
0.3731
0.3713
0.3747
0.3758
0.371
0.3785
0.3807
0.3804
0.38
0.3811
0.3689
0.3694
0.3697
0.3706
0.3807
0.3832
0.3867
0.4173
0.3824
0.379
0.3803
0.3839
0.3857
0.3914
0.3917
0.3867
0.3882
0.3909
0.396
0.4356
0.3765
0.3961
0.4983
0.4902
0.4126
0.391
0.4011
0.385
0.3829
0.3707
0.3674
0.3688
0.3693
0.3665
0.3694
0.3713
0.367
0.3665
0.3685
0.3694
0.3703
0.3788
0.3679
0.3711
0.3768
0.3785
0.3842
0.3846
0.3854
0.3991
0.4287
0.5183
0.4285
0.3599
0.3736
0.376
0.3797
0.3748
0.3842
0.3938
0.3928
0.4018
0.4275
0.546
0.3863
0.3741
0.3721
0.3741
0.3807
0.3687
0.3732
0.3706
0.3707
0.3704
0.3699
0.3716
0.3707
0.3885
0.4552
0.3858
0.3856
0.3782
0.3751
0.3816
0.386
0.4091
0.3875
0.3805
0.381
0.3773
0.3755
0.3781
0.3855
0.3842
0.3921
0.4084
0.4049
0.4043
0.4377
0.4465
0.379
0.3855
0.3956
0.3811
0.3866
0.3952
0.3904
0.4022
0.4094
0.3905
0.3852
0.3835
0.3841
0.3911
0.3976
0.3994
0.4235
0.4033
0.4255
0.3809
0.3854
0.3926
0.3973
0.3914
0.3751
0.3761
0.3739
0.3785
0.3924
0.4348
0.3858
0.3815
0.3776
0.3781
0.3818
0.3811
0.3932
0.4136
0.4242
0.4221
0.4158
0.4091
0.4181
0.4161
0.4009
0.4047
0.4045
0.4046
0.4062
0.4036
0.399
0.3941
0.3625
0.3669
0.3745
0.3744
0.3795
0.3837
0.4255
0.5324
0.4565
0.3971
0.3937
0.3987
0.4092
0.4214
0.418
0.3999
0.3912
0.4043
0.3867
0.3767
0.391
0.3774
0.3772
0.377
0.3844
0.3724
0.3697
0.3728
0.3722
0.3721
0.4049
0.3765
0.4143
0.3643
0.4879
0.4572
0.3859
0.3714
0.3738
0.3805
0.384
0.3749
0.3717
0.3702
0.3709
0.3739
0.3703
0.3941
0.3812
0.3729
0.3716
0.3754
0.3758
0.3863
0.3757
0.3871
0.3799
0.3799
0.5555
0.408
0.3909
0.381
0.3836
0.3859
0.3892
0.3906
0.3768
0.3789
0.3793
0.3888
0.3917
0.3909
0.3836
0.4076
0.3852
0.3888
0.3903
0.4028
0.3863
0.3799
0.4038
0.554
0.3774
0.38
0.3851
0.3906
0.3891
0.3999
0.4072
0.5087
0.4
0.5769
0.3799
0.3834
0.5666
0.5436
0.556
0.5809
0.5592
0.3644
0.3835
0.3742
0.3755
0.3927
0.4027
0.3757
0.3977
0.3681
0.3686
0.3624
0.3635
0.3651
0.3689
0.3743
0.3744
0.3761
0.3778
0.3802
0.3801
0.5282
0.4033
0.5062
0.4141
0.5784
0.3887
0.4137
0.3805
0.5811
0.3933
0.4489
0.4174
0.404
0.423
0.3809
0.3852
0.3928
0.3913
0.4107
0.4231
0.4098
0.4273
0.4387
0.4784
0.4651
0.4027
0.4416
0.3926
0.3838
0.3793
0.3815
0.375
0.3872
0.3723
0.3737
0.3696
0.3682
0.3707
0.3669
0.3714
0.3788
0.3707
0.3769
0.3792
0.3769
0.399
0.3882
0.388
0.408
0.4284
0.4094
0.4075
0.41
0.3834

