--------------------------
CreateVideoDecoder_D3D11_1
--------------------------
20.8313
17.7477
15.9759

---------------------------
DestroyVideoDecoder_D3D11_1
---------------------------
22.7701
13.5049
0

----------------
First Frame Time
----------------
0

----------------------------
VideoDecoderEndFrame_D3D11_1
----------------------------
0.0035
0.0027
0.0029
0.0038
0.0029
0.0034
0.0038
0.0028
0.0025
0.0031
0.0028
0.0021
0.0022
0.0038
0.0025
0.0031
0.0027
0.0024
0.0014
0.0048
0.002
0.003
0.0029
0.0028
0.0033
0.0018
0.0019
0.0015
0.0048
0.0017
0.0028
0.0025
0.0027
0.0025
0.0019
0.0021
0.0019
0.0023
0.0027
0.0027
0.0025
0.0024
0.0055
0.0024
0.0025
0.0024
0.0027
0.0031
0.0031
0.0025
0.0029
0.003
0.0038
0.0031
0.003
0.0027
0.0026
0.0029
0.0026
0.0026
0.0023
0.0025
0.0032
0.0058
0.0027
0.0028
0.0026
0.0029
0.0032
0.0024
0.0024
0.003
0.0027
0.0025
0.0031
0.003
0.0032
0.0027
0.0028
0.003
0.0028
0.0028
0.0025
0.0028
0.0024
0.003
0.0026
0.0026
0.0018
0.0027
0.0024
0.0019
0.0033
0.0027
0.006
0.003
0.0026
0.0024
0.0028
0.0041
0.0033
0.0024
0.0025
0.0026
0.0025
0.003
0.0025
0.0022
0.0033
0.0027
0.0026
0.0025
0.0025
0.0028
0.0031
0.0025
0.0026
0.0025
0.0024
0.0027
0.0028
0.0029
0.0034
0.0026
0.0026
0.0029
0.003
0.0029
0.0029
0.0026
0.0029
0.0025
0.0027
0.0024
0.0027
0.0024
0.0024
0.0024
0.0024
0.0026
0.003
0.0047
0.0032
0.0026
0.0026
0.0024
0.0024
0.0029
0.0026
0.0025
0.0026
0.0024
0.0026
0.0033
0.0025
0.0024
0.0027
0.0025
0.0028
0.0033
0.0025
0.0034
0.0026
0.0023
0.0027
0.0027
0.0025
0.0027
0.0026
0.003
0.0024
0.0025
0.0024
0.0025
0.0026
0.0028
0.0027
0.0027
0.0023
0.0026
0.0023
0.0031
0.0025
0.0028
0.0024
0.0028
0.0028
0.0032
0.0031
0.0027
0.0029
0.0024
0.0024
0.0024
0.0024
0.0027
0.0028
0.0022
0.003
0.0022
0.0026
0.0029
0.0022
0.0025
0.0027
0.0026
0.0025
0.0025
0.0027
0.0027
0.0025
0.0252
0.0024
0.0028
0.0025
0.0027
0.0025
0.0025
0.0026
0.0029
0.0024
0.0028
0.0026
0.0024
0.0028
0.003
0.0025
0.0023
0.0024
0.0025
0.0028
0.0028
0.0026
0.0025
0.0025
0.0028
0.0027
0.0027
0.0024
0.0026
0.0029
0.003
0.0026
0.0028
0.0025
0.0024
0.0026
0.0025
0.0027
0.0025
0.0025
0.0025
0.0023
0.0025
0.0026
0.003
0.0025
0.0028
0.0024
0.0027
0.0027
0.0025
0.0024
0.0026
0.0029
0.0027
0.0026
0.0034
0.0026
0.0025
0.0024
0.0027
0.0025
0.003
0.003
0.0024
0.0041
0.0028
0.0027
0.0027
0.0023
0.0024
0.003
0.0025
0.0024
0.0024
0.002
0.0018
0.0017
0.0026
0.0021
0.0027
0.0025
0.0026
0.0026
0.0027
0.0023
0.0025
0.0024
0.0024
0.0024
0.0036
0.0025
0.0032
0.0026
0.0024
0.0032
0.0028
0.0026
0.003
0.0026
0.0025
0.0028
0.0023
0.0025
0.0023
0.028
0.0023
0.0026
0.003
0.0026
0.0026
0.0026
0.0028
0.0025
0.0024
0.0026
0.0027
0.0026
0.0025
0.0025
0.0023
0.0026
0.0023
0.0027
0.0025
0.0025
0.0024
0.0023
0.0027
0.0025
0.0027
0.0027
0.0026
0.0029
0.0032
0.0042
0.0029
0.0024
0.0028
0.0024
0.0024
0.0025
0.0029
0.0026
0.003
0.0025
0.0027
0.0028
0.0033
0.0022
0.0026
0.0027
0.0024
0.0026
0.0025
0.0025
0.0024
0.0024
0.0026
0.0026
0.0024
0.0025
0.0023
0.0026
0.0028
0.0027
0.0029
0.0025
0.0025
0.0026
0.003
0.0029
0.0038
0.0021
0.0025
0.0027
0.0027
0.0028
0.0024
0.0024
0.0026
0.0026
0.0027
0.0022
0.0027
0.0024
0.0028
0.0023
0.0026
0.0025
0.003
0.003
0.0022
0.0025
0.0022
0.0029
0.0021
0.0025
0.0023
0.0026
0.0026
0.0022
0.0023
0.0022
0.0023
0.003
0.0026
0.0024
0.0024
0.0027
0.0026
0.0029
0.0041
0.0027
0.0023
0.0026
0.0026
0.0026
0.0029
0.0028
0.0026
0.0031
0.0024
0.0033
0.0023
0.0026
0.0027
0.0024
0.0023
0.0023
0.0025
0.0025
0.0028
0.0026
0.0024
0.0025
0.0028
0.0024
0.0028
0.0028
0.0024
0.0025
0.0024
0.0029
0.0025
0.0029
0.0021
0.0025
0.0029
0.0025
0.0023
0.0025
0.0024
0.0029
0.0026
0.0026
0.0026
0.0025
0.0026
0.0026
0.0026
0.0023
0.0031
0.0272
0.0024
0.0026
0.003
0.0024
0.0024
0.0026
0.0026
0.0024
0.0024
0.0028
0.0026
0.0026
0.0024
0.0031
0.0025
0.0029
0.0025
0.0024
0.0024
0.0025
0.0028
0.0024
0.0026
0.0027
0.0025
0.0024
0.0023
0.0025
0.0025
0.0027
0.0027
0.0027
0.0028
0.0022
0.0026
0.0029
0.0024
0.0025
0.0025
0.0026
0.0026
0.0027
0.0023
0.0024
0.0024
0.0027
0.0023
0.0024
0.0028
0.002
0.0017
0.0021
0.0015
0.0026
0.0026
0.0025
0.0025
0.0025
0.0027
0.0029
0.0022
0.004
0.0029
0.0126
0.0025
0.0029
0.0026
0.0025
0.0026
0.0033
0.0027
0.0022
0.0025
0.0023
0.0033
0.0026
0.0025
0.0024
0.0029
0.003
0.0026
0.0024
0.0023
0.0025
0.0025
0.0029
0.0029
0.0026
0.0024
0.0022
0.0026
0.003
0.0025
0.0027
0.0026
0.0031
0.0029
0.0027
0.0024
0.0025
0.0026
0.0032
0.003
0.0026
0.0024
0.0025
0.0023
0.0024
0.0025
0.0024
0.0023
0.0025
0.0025
0.0027
0.003
0.0028
0.0022
0.0031
0.0026
0.0024
0.0024
0.0026
0.0026
0.0022
0.0027

