--------------------------
CreateVideoDecoder_D3D11_1
--------------------------
19.8885
18.391
14.1241

---------------------------
DestroyVideoDecoder_D3D11_1
---------------------------
29.0129
14.0675
0

----------------
First Frame Time
----------------
0

----------------------------
VideoDecoderEndFrame_D3D11_1
----------------------------
0.0034
0.002
0.0018
0.0021
0.0021
0.0018
0.0024
0.0018
0.0019
0.0026
0.002
0.0018
0.0018
0.0033
0.0019
0.0019
0.0019
0.0019
0.0019
0.0036
0.0018
0.0019
0.0019
0.0018
0.0018
0.0018
0.002
0.0018
0.0038
0.0019
0.0018
0.0019
0.0021
0.0018
0.0019
0.0018
0.0018
0.0021
0.002
0.0018
0.0018
0.0018
0.0038
0.0019
0.0019
0.0018
0.0019
0.0019
0.002
0.0019
0.0019
0.0019
0.0019
0.002
0.0018
0.0018
0.0018
0.0018
0.0019
0.0022
0.0018
0.0019
0.0018
0.004
0.0018
0.0018
0.0019
0.0018
0.0019
0.0018
0.0021
0.0019
0.0019
0.0019
0.0019
0.002
0.002
0.0019
0.0018
0.0021
0.0023
0.0022
0.0022
0.0023
0.0018
0.0019
0.0019
0.0018
0.0018
0.0018
0.0018
0.002
0.0018
0.0018
0.0054
0.0024
0.0019
0.0021
0.0018
0.0018
0.0018
0.0019
0.002
0.0021
0.0027
0.0026
0.002
0.0018
0.0019
0.0022
0.002
0.0018
0.0019
0.002
0.0017
0.0018
0.0018
0.002
0.0021
0.0018
0.0018
0.0019
0.0018
0.0019
0.002
0.0019
0.0018
0.0019
0.0019
0.0021
0.0019
0.0018
0.0018
0.0019
0.0019
0.0019
0.0019
0.0019
0.0018
0.0019
0.002
0.004
0.0018
0.0019
0.0018
0.002
0.0018
0.0019
0.0018
0.0018
0.0018
0.002
0.0018
0.0018
0.0018
0.0019
0.0021
0.0018
0.0018
0.0019
0.0018
0.0022
0.0025
0.002
0.0018
0.0019
0.0018
0.002
0.0019
0.0019
0.0018
0.0018
0.0022
0.0018
0.0018
0.002
0.0019
0.0021
0.0018
0.0031
0.0019
0.0019
0.0019
0.0019
0.0018
0.0018
0.0019
0.0018
0.0021
0.0017
0.0018
0.0019
0.0018
0.0018
0.0022
0.0018
0.0018
0.0019
0.0019
0.0019
0.0018
0.0018
0.0018
0.0018
0.0021
0.0019
0.0018
0.0019
0.0019
0.0019
0.0019
0.0042
0.0019
0.0018
0.0018
0.0022
0.0018
0.0018
0.0019
0.0019
0.0018
0.0019
0.0018
0.0018
0.0018
0.0019
0.0022
0.0019
0.0017
0.0019
0.0019
0.002
0.0018
0.0018
0.0018
0.0018
0.0018
0.0019
0.0018
0.0019
0.0018
0.0019
0.0021
0.0019
0.0019
0.0018
0.0018
0.0018
0.0022
0.0018
0.0019
0.0019
0.0018
0.002
0.0019
0.0018
0.0018
0.0018
0.0031
0.0021
0.0023
0.0028
0.0023
0.0018
0.0022
0.0019
0.0021
0.0022
0.0018
0.0021
0.0018
0.0019
0.0018
0.0017
0.0018
0.0022
0.0018
0.0018
0.0018
0.0018
0.002
0.0018
0.0019
0.0019
0.0019
0.0021
0.0018
0.0019
0.0019
0.0018
0.0163
0.0021
0.0018
0.0019
0.0018
0.0018
0.0021
0.0018
0.0018
0.002
0.0018
0.0019
0.002
0.0019
0.0018
0.0018
0.0019
0.0021
0.002
0.0018
0.0018
0.0019
0.0023
0.0018
0.0017
0.0019
0.0228
0.0018
0.0021
0.0019
0.0019
0.0019
0.0019
0.0018
0.0019
0.0017
0.0019
0.0018
0.0019
0.0019
0.0019
0.0019
0.0018
0.0018
0.002
0.0019
0.0018
0.0018
0.0019
0.0021
0.0018
0.0019
0.0018
0.0023
0.0019
0.002
0.0019
0.0018
0.0018
0.0018
0.002
0.0019
0.0019
0.0019
0.0018
0.0019
0.0018
0.0018
0.0018
0.0018
0.0018
0.002
0.0018
0.0018
0.0019
0.0018
0.002
0.0018
0.0019
0.0018
0.0019
0.0018
0.0019
0.0018
0.0018
0.0018
0.0018
0.002
0.0018
0.0018
0.0019
0.0019
0.0021
0.0019
0.0018
0.0019
0.0018
0.0018
0.002
0.0019
0.0019
0.0019
0.0018
0.0023
0.0019
0.0018
0.0019
0.0019
0.0019
0.002
0.0019
0.0018
0.002
0.0019
0.002
0.0019
0.0018
0.0018
0.0017
0.0021
0.0018
0.0018
0.0019
0.0019
0.0018
0.0024
0.0025
0.0027
0.0025
0.0022
0.0025
0.0025
0.002
0.0026
0.0024
0.0021
0.002
0.0022
0.0018
0.0018
0.0021
0.0024
0.0018
0.0029
0.0025
0.0021
0.0025
0.0025
0.002
0.0023
0.003
0.0023
0.002
0.0019
0.0019
0.0024
0.0021
0.0021
0.0018
0.0019
0.0017
0.0018
0.0022
0.0021
0.0022
0.0021
0.0018
0.0019
0.002
0.0018
0.0018
0.0018
0.0018
0.0024
0.0019
0.0019
0.0018
0.0019
0.0018
0.002
0.0019
0.0019
0.0018
0.0018
0.0244
0.002
0.0018
0.0017
0.0019
0.0019
0.0023
0.0019
0.0019
0.0018
0.0018
0.0019
0.0019
0.0018
0.0019
0.0018
0.002
0.0018
0.0019
0.0018
0.0019
0.0019
0.0019
0.0018
0.0018
0.0018
0.0018
0.0023
0.002
0.0018
0.0018
0.0018
0.0018
0.0019
0.0019
0.0019
0.0018
0.0019
0.002
0.0019
0.0019
0.0019
0.0019
0.0024
0.0019
0.0018
0.0019
0.0024
0.0019
0.0024
0.0019
0.0019
0.0019
0.0018
0.0022
0.0019
0.0018
0.0018
0.0019
0.0019
0.0018
0.0018
0.0019
0.0022
0.0077
0.0019
0.0019
0.0019
0.0019
0.0032
0.0021
0.0018
0.0019
0.0018
0.0018
0.0018
0.0022
0.0019
0.0018
0.0021
0.0018
0.0019
0.0019
0.0019
0.0018
0.0021
0.0022
0.0019
0.0019
0.0019
0.0018
0.0017
0.0019
0.0019
0.0019
0.0019
0.002
0.0023
0.002
0.0019
0.0019
0.0018
0.0019
0.0019
0.002
0.0019
0.0022
0.0017
0.0022
0.0018
0.0019
0.0021
0.0019
0.0022
0.0018
0.0019
0.0019
0.0019
0.0018
0.0022
0.0018
0.0018
0.0019
0.0018
0.0024
0.0019

