---------------------------------------------
CalcPrivateVideoDecoderOutputViewSize_D3D11_1
---------------------------------------------
0.0022
0.0013
0.0018
0.0016
0.0032
0.0028
0.0019
0.002
0.0011
0.0016
0.0009
0.0012
0.0008
0.0016
0.001
0.0011
0.0011
0.0007
0.0016
0.0023
0.001
0.0008
0.0009
0.0007
0.0007
0.0007
0.0007
0.0008
0.0019
0.0007
0.0006
0.0009
0.0007
0.0008
0.0008
0.0009
0.0007
0.0008
0.0007
0.0006
0.0015
0.0013
0.0016
0.0008
0.001
0.0007
0.0007
0.0015
0.0022
0.001
0.0009
0.0008
0.0008
0.0008
0.0009
0.0008
0.0007
0.0009
0.0007
0.0007
0.0007
0.0008
0.0009
0.002
0.0007
0.001
0.0017
0.0012
0.0007
0.0015
0.0009
0.0009
0.0007
0.0007
0.0007
0.0008
0.0007
0.0008
0.0007
0.0007
0.0007
0.0007
0.0007
0.0006
0.0009
0.0007
0.0007
0.0007
0.0007
0.0007
0.0008
0.0007
0.0007
0.0007
0.002
0.001
0.0007
0.0006
0.0005
0.0007
0.0007
0.0008
0.0007
0.0007
0.0007
0.0007
0.0007
0.0006
0.0008
0.0007
0.0009
0.0006
0.0008
0.0007
0.0006
0.0006
0.0007
0.0011
0.001
0.0007
0.001
0.0006
0.0007
0.0008
0.0006
0.0006
0.0006
0.0008
0.0007
0.0007
0.0006
0.0005
0.0007
0.0007
0.0007
0.0008
0.0007
0.0007
0.0007
0.0006
0.0006
0.0083
0.0008
0.001
0.0007
0.0008
0.0007
0.0009
0.0011
0.0007
0.0007
0.0007
0.0006
0.0006
0.0007
0.0006
0.0006
0.0007
0.0006
0.0008
0.0006
0.0006
0.0007
0.0007
0.0007
0.0008
0.0007
0.0007
0.0007
0.0006
0.0009
0.0025
0.001
0.0011
0.0009
0.0019
0.0012
0.0007
0.0014
0.0011
0.0008
0.0007
0.0007
0.0014
0.0009
0.0016
0.0012
0.0015
0.001
0.0009
0.0007
0.0009
0.0008
0.001
0.0007
0.0006
0.0009
0.0006
0.0006
0.0007
0.0008
0.0007
0.0007
0.0007
0.0007
0.0008
0.0007
0.0008
0.0007
0.0007
0.0009
0.0028
0.0007
0.0007
0.0016
0.0007
0.0007
0.0016
0.0008
0.0022
0.0009
0.0009
0.0011
0.0006
0.0007
0.0005
0.0007
0.0006
0.0007
0.0007
0.0006
0.0007
0.0007
0.0006
0.0006
0.0006
0.0007
0.0008
0.0008
0.0006
0.0015
0.001
0.0008
0.0006
0.0006
0.0016
0.0012
0.0009
0.0009
0.0007
0.0007
0.0007
0.0015
0.001
0.0008
0.0015
0.001
0.0008
0.0007
0.0008
0.0009
0.0007
0.0008
0.0006
0.0008
0.0006
0.0007
0.0007
0.0008
0.0006
0.0007
0.0007
0.0006
0.0006
0.0007
0.0006
0.0007
0.0009
0.0006
0.0008
0.0007
0.0007
0.0008
0.0012
0.0008
0.0017
0.0011
0.0009
0.0008
0.0007
0.0007
0.0007
0.0007
0.0007
0.0007
0.0007
0.0007
0.0007
0.0008
0.0008
0.0007
0.0007
0.0007
0.001
0.0007
0.001
0.0015
0.0009
0.0008
0.0007
0.0008
0.0006
0.0006
0.0007
0.0006
0.0015
0.0076
0.0009
0.0006
0.0006
0.0007
0.0007
0.0006
0.0007
0.0016
0.001
0.0008
0.0008
0.0007
0.0007
0.0011
0.0014
0.0007
0.0006
0.0007
0.0006
0.0007
0.0007
0.0007
0.0006
0.0008
0.0006
0.0007
0.0007
0.0006
0.0006
0.0006
0.0007
0.0006
0.0006
0.0007
0.0007
0.0006
0.0008
0.0009
0.0007
0.0007
0.0011
0.0009
0.001
0.0009
0.0009
0.0008
0.0008
0.0007
0.0006
0.0006
0.0007
0.0006
0.0007
0.0006
0.0005
0.0012
0.0007
0.0007
0.0007
0.0007
0.0006
0.0007
0.0012
0.0006
0.0007
0.0007
0.0007
0.0011
0.0009
0.0007
0.0007
0.0015
0.0007
0.0007
0.0008
0.0006
0.0016
0.0009
0.001
0.0009
0.0008
0.0008
0.0007
0.001
0.0007
0.0008
0.0007
0.0006
0.0015
0.0009
0.0008
0.0008
0.0007
0.0006
0.0008
0.0008
0.0007
0.0015
0.0009
0.0008
0.0008
0.0008
0.0007
0.0007
0.0007
0.0008
0.0007
0.0007
0.0006
0.0006
0.0006
0.0007
0.0007
0.0008
0.0009
0.0008
0.0008
0.0007
0.0016
0.001
0.0009
0.0007
0.0018
0.0008
0.0007
0.0007
0.0007
0.0007
0.0008
0.0008
0.0007
0.0007
0.0007
0.0009
0.0007
0.0007
0.0007
0.0007
0.0006
0.0007
0.0012
0.0006
0.0007
0.0008
0.0006
0.0008
0.0019
0.0016
0.0011
0.0009
0.0007
0.0009
0.0009
0.0008
0.0008
0.0007
0.0007
0.0036
0.0008
0.0007
0.001
0.0009
0.0008
0.0008
0.0007
0.0008
0.0007
0.0008
0.0007
0.0007
0.0008
0.0008
0.0006
0.0008
0.0007
0.0008
0.0007
0.0007
0.0009
0.0007
0.0007
0.0007
0.0014
0.0009
0.0019
0.0013
0.0008
0.0008
0.0007
0.0007
0.0013
0.0008
0.0007
0.0008
0.0006
0.0007
0.0007
0.0007
0.0007
0.0007
0.0007
0.0006
0.0007
0.0011
0.0006
0.0007
0.0006
0.0006
0.0006
0.0008
0.0007
0.0007
0.0008
0.0007
0.0009
0.0006
0.0006
0.0008
0.0008
0.0005
0.0009
0.0005
0.0009
0.0007
0.0007
0.0009
0.0015
0.001
0.0015
0.0009
0.0008
0.0015
0.001
0.001
0.0006
0.001
0.0007
0.0009
0.0007
0.0012
0.0012
0.0009
0.0017
0.0008
0.001
0.0012
0.0008
0.0007
0.0007
0.0008
0.0007
0.0008
0.0008
0.0007
0.0007
0.0009
0.0009
0.0007
0.0006
0.0007
0.0008
0.0008
0.0007
0.0007
0.0007
0.0006
0.001
0.0007
0.0008
0.0007
0.0007
0.0008
0.0007
0.0009
0.0007
0.0009
0.0017
0.0027
0.0016
0.0014
0.0009
0.0017
0.001

-----------------------
CodechalDecode::Execute
-----------------------
16.3015
18.1165
26.1104
41.1117
37.8835
0.9493
0.6896
1.0621
0.6061
0.519
0.6047
0.5854
0.5045
0.5498
0.7328
0.6082
0.5807
0.5547
0.6169
0.5381
0.5262
0.5506
0.6066
0.542
0.3685
0.3652
0.3606
0.3742
0.3875
0.386
0.3847
0.4006
0.3965
0.3978
0.398
0.3982
0.4053
0.3836
0.3807
0.3802
0.3959
0.3876
0.3706
0.3719
0.3878
0.3843
0.3685
0.4173
0.4809
0.3743
0.3678
0.3744
0.382
0.3841
0.4076
0.3772
0.3713
0.3752
0.3644
0.3647
0.3664
0.3665
0.3623
0.3689
0.4136
0.3873
0.418
0.3788
0.3679
0.4146
0.375
0.3643
0.3607
0.3562
0.3568
0.3609
0.3613
0.3676
0.3602
0.3598
0.3581
0.363
0.3631
0.3599
0.3644
0.3591
0.3622
0.3662
0.3737
0.3706
0.3791
0.3767
0.3797
0.3929
0.3989
0.3885
0.374
0.3579
0.356
0.355
0.3606
0.3602
0.3734
0.3773
0.3808
0.3944
0.3747
0.3729
0.3774
0.396
0.3805
0.3695
0.3696
0.365
0.3683
0.3756
0.3727
0.389
0.3483
0.3556
0.371
0.3596
0.3538
0.3644
0.3698
0.3746
0.3924
0.4287
0.3931
0.3713
0.3635
0.3632
0.3667
0.3724
0.375
0.374
0.3769
0.3787
0.3805
0.3862
0.3793
0.3848
0.3998
0.3848
0.3717
0.3778
0.3679
0.3832
0.3621
0.3611
0.3663
0.3825
0.3688
0.3722
0.3681
0.3739
0.3885
0.4039
0.4139
0.3972
0.3787
0.3771
0.3782
0.3803
0.3853
0.4129
0.396
0.3726
0.3752
0.366
0.3731
0.646
0.3885
0.3793
0.3712
0.4496
0.4495
0.4465
0.4527
0.4032
0.3771
0.3761
0.3728
0.5675
0.385
0.4578
0.4088
0.4197
0.3851
0.372
0.3724
0.3909
0.3737
0.4301
0.3553
0.3616
0.4099
0.3607
0.3612
0.3628
0.3766
0.3769
0.3745
0.3794
0.3933
0.3742
0.3737
0.3728
0.3782
0.3829
0.3927
0.3761
0.375
0.3774
0.3813
0.379
0.398
0.4677
0.3762
0.4667
0.3716
0.361
0.3857
0.3712
0.3629
0.3648
0.3575
0.3574
0.3598
0.3618
0.3703
0.367
0.3631
0.3645
0.3631
0.3664
0.372
0.3869
0.3511
0.3617
0.4111
0.376
0.3631
0.3636
0.3683
0.4201
0.3932
0.3686
0.3671
0.3623
0.353
0.3519
0.4122
0.3655
0.3726
0.4272
0.3833
0.3615
0.3852
0.3688
0.4324
0.3698
0.3734
0.3638
0.3626
0.3613
0.3597
0.3636
0.3693
0.3702
0.3727
0.376
0.3737
0.3907
0.3819
0.3755
0.3844
0.3821
0.3649
0.3941
0.3573
0.3533
0.3616
0.3974
0.3685
0.4653
0.3896
0.3729
0.3747
0.3641
0.366
0.3665
0.3758
0.3725
0.3733
0.3837
0.3613
0.3658
0.3671
0.3652
0.3719
0.3802
0.3604
0.3867
0.4235
0.3672
0.4081
0.3681
0.3619
0.3655
0.3688
0.357
0.3686
0.3598
0.3568
0.4176
0.3844
0.3685
0.3734
0.3799
0.3593
0.3629
0.3648
0.358
0.4216
0.3831
0.3715
0.3807
0.4149
0.361
0.3701
0.3672
0.36
0.3644
0.3637
0.3586
0.3636
0.3754
0.3687
0.3649
0.3692
0.3648
0.371
0.3803
0.3603
0.3699
0.3685
0.364
0.3703
0.379
0.3784
0.4391
0.3684
0.3641
0.3736
0.384
0.3657
0.3759
0.3578
0.3662
0.3844
0.3975
0.3939
0.391
0.3643
0.3628
0.3625
0.3646
0.3629
0.3662
0.3723
0.3705
0.4445
0.3717
0.3683
0.377
0.3832
0.3707
0.3863
0.3907
0.3698
0.3762
0.387
0.3786
0.3895
0.3714
0.3596
0.3681
0.3703
0.3661
0.3691
0.3797
0.4021
0.4528
0.3808
0.3749
0.3722
0.3709
0.3709
0.373
0.3755
0.3723
0.3597
0.3621
0.3575
0.4074
0.3755
0.3749
0.373
0.3694
0.3649
0.3766
0.3646
0.3644
0.4398
0.3748
0.3658
0.3625
0.3691
0.3589
0.3597
0.36
0.3608
0.3652
0.3714
0.3628
0.3605
0.362
0.3613
0.3635
0.363
0.3767
0.3589
0.4
0.3553
0.4102
0.3733
0.3645
0.402
0.4103
0.36
0.3655
0.3724
0.3648
0.3774
0.374
0.3761
0.4025
0.3866
0.3863
0.3918
0.4
0.398
0.3996
0.402
0.3885
0.4016
0.3821
0.3571
0.3681
0.3682
0.3583
0.3645
0.4283
0.4479
0.3925
0.3904
0.3835
0.3939
0.4134
0.3736
0.4045
0.3826
0.3849
0.3729
0.3662
0.3651
0.3817
0.3519
0.3621
0.3617
0.3646
0.3612
0.374
0.3838
0.3903
0.3941
0.3928
0.3599
0.3662
0.3683
0.3676
0.3747
0.3769
0.3829
0.3864
0.3981
0.4074
0.3912
0.4172
0.3798
0.4593
0.4104
0.3655
0.3593
0.3554
0.3564
0.3839
0.3624
0.362
0.3629
0.3626
0.3593
0.3617
0.3621
0.3596
0.3622
0.3602
0.3592
0.3596
0.4502
0.3728
0.3694
0.3724
0.378
0.3699
0.3776
0.379
0.3774
0.3795
0.3724
0.3701
0.3616
0.3787
0.3581
0.4141
0.3576
0.3615
0.4545
0.3795
0.369
0.3719
0.3858
0.4607
0.371
0.4123
0.371
0.3664
0.4128
0.3715
0.3656
0.36
0.3692
0.3615
0.3703
0.3662
0.5511
0.5242
0.3739
0.3656
0.3735
0.3956
0.5654
0.4038
0.384
0.3839
0.384
0.3949
0.4133
0.3903
0.3962
0.3939
0.3933
0.3998
0.3985
0.383
0.3998
0.392
0.3639
0.3628
0.3643
0.3623
0.3675
0.3789
0.3759
0.3793
0.3952
0.3984
0.3858
0.36
0.4254
0.3833
0.374
0.4156
0.4678
0.5707
0.5164
0.3788
0.5667
0.3875

---------------------------------------
CodechalDecodeHevcG12::DecodeStateLevel
---------------------------------------
0.4497
14.8954
8.5083
9.0484
16.1759
0.7327
9.5813
22.8212
14.1168
14.3347
0.2661
0.2247
0.2089
0.2399
0.3494
0.3133
0.2357
0.1758
0.2043
0.1784
0.2482
0.1724
0.2107
0.196
0.2015
0.1709
0.2299
0.1686
0.2291
0.226
0.2446
0.2183
0.2328
0.2036
0.2348
0.1906
0.2149
0.2099
0.2076
0.174
0.2044
0.1732
0.2067
0.1736
0.246
0.1772
0.2044
0.1723
0.1434
0.1165
0.1381
0.1182
0.1376
0.1164
0.1429
0.1175
0.1453
0.1197
0.1525
0.12
0.1476
0.1204
0.1563
0.124
0.1521
0.1221
0.154
0.124
0.1549
0.1223
0.1541
0.1236
0.1532
0.1297
0.1466
0.118
0.1457
0.1193
0.1455
0.1196
0.1477
0.1244
0.1477
0.1187
0.1387
0.1183
0.1398
0.1161
0.1505
0.1157
0.1412
0.1285
0.1394
0.116
0.1597
0.1209
0.1993
0.122
0.1445
0.1162
0.1437
0.1175
0.1423
0.1203
0.1473
0.1197
0.1488
0.1218
0.1582
0.1286
0.1458
0.1194
0.1438
0.119
0.1466
0.12
0.1408
0.1169
0.1416
0.1179
0.1419
0.1178
0.1408
0.1174
0.1395
0.1181
0.1414
0.118
0.1405
0.1596
0.145
0.118
0.1605
0.1231
0.1442
0.1183
0.1402
0.1189
0.1591
0.1204
0.1419
0.1195
0.1406
0.1178
0.1396
0.1163
0.1376
0.1148
0.1372
0.1165
0.1396
0.1172
0.14
0.1155
0.1481
0.1166
0.1392
0.1176
0.1383
0.1173
0.1374
0.1179
0.1401
0.1183
0.1393
0.1172
0.1388
0.1169
0.1395
0.1191
0.1371
0.1166
0.1401
0.117
0.1404
0.1183
0.1416
0.1189
0.1417
0.1181
0.1457
0.1209
0.1444
0.118
0.1449
0.1199
0.1538
0.1207
0.1502
0.1211
0.1479
0.1196
0.1443
0.1175
0.1373
0.1152
0.1366
0.1154
0.1365
0.1157
0.1366
0.1162
0.1388
0.1166
0.1447
0.1184
0.1438
0.1187
0.1454
0.1207
0.1525
0.1255
0.1435
0.1179
0.1432
0.1189
0.1443
0.1189
0.1437
0.1371
0.1446
0.12
0.1425
0.1174
0.1403
0.1177
0.1393
0.118
0.1409
0.1183
0.1432
0.1186
0.1421
0.1188
0.1476
0.1174
0.1325
0.108
0.134
0.1145
0.1414
0.1159
0.1346
0.1148
0.1344
0.1145
0.1392
0.1178
0.1412
0.1171
0.1426
0.1206
0.152
0.1228
0.1741
0.1232
0.1498
0.1235
0.1413
0.1181
0.1382
0.117
0.1387
0.1185
0.1396
0.1176
0.1415
0.1173
0.1436
0.1201
0.1434
0.1186
0.1451
0.1192
0.1435
0.1213
0.1464
0.1195
0.1471
0.1188
0.145
0.1195
0.1453
0.1207
0.1525
0.1214
0.1462
0.1173
0.1428
0.117
0.1439
0.1168
0.1405
0.1182
0.1469
0.1202
0.138
0.115
0.1373
0.1159
0.1381
0.1181
0.1411
0.1175
0.1398
0.118
0.1428
0.1191
0.1387
0.1194
0.1433
0.1196
0.1483
0.1226
0.1587
0.1203
0.1624
0.1241
0.1532
0.123
0.1443
0.1193
0.1439
0.1191
0.1445
0.1193
0.1452
0.1176
0.1474
0.1206
0.1584
0.1244
0.1509
0.122
0.1416
0.1195
0.1442
0.1186
0.1397
0.1178
0.1428
0.1174
0.2573
0.1917
0.1479
0.1189
0.1457
0.1186
0.1441
0.1161
0.1754
0.1225
0.1706
0.1385
0.2131
0.1206
0.1809
0.1273
0.1527
0.1211
0.1517
0.1176
0.143
0.1183
0.1426
0.119
0.2119
0.1893
0.1442
0.1191
0.1839
0.1235
0.1617
0.1199
0.16
0.1218
0.1488
0.1184
0.1435
0.1177
0.1421
0.1177
0.1496
0.1233
0.1435
0.119
0.2005
0.1157
0.1369
0.1157
0.1383
0.1158
0.1412
0.1586
0.1386
0.1157
0.1405
0.1149
0.139
0.1172
0.1502
0.1182
0.1454
0.119
0.144
0.1189
0.1477
0.1204
0.1525
0.1223
0.1458
0.1175
0.1443
0.1195
0.1441
0.1195
0.1446
0.1215
0.1479
0.1216
0.1532
0.1223
0.1441
0.1175
0.1457
0.119
0.1454
0.1196
0.1461
0.1226
0.1469
0.12
0.1531
0.1239
0.1919
0.1325
0.1437
0.1169
0.1898
0.1233
0.143
0.1167
0.1398
0.1156
0.1493
0.1199
0.1411
0.1201
0.1389
0.1172
0.1411
0.1179
0.1374
0.1158
0.138
0.1149
0.1375
0.1157
0.1396
0.1149
0.1418
0.1192
0.1405
0.1184
0.1398
0.117
0.1404
0.1184
0.1404
0.117
0.1421
0.1166
0.1445
0.1189
0.1494
0.1222
0.1337
0.1097
0.1387
0.119
0.1594
0.1218
0.1436
0.1177
0.1401
0.1189
0.1407
0.119
0.1383
0.124
0.1619
0.1243
0.1437
0.117
0.1413
0.116
0.1409
0.1165
0.1386
0.1195
0.1352
0.115
0.1343
0.116
0.1579
0.1213
0.1397
0.1162
0.1414
0.119
0.1621
0.1252
0.1475
0.1195
0.1391
0.1177
0.1606
0.1185
0.1404
0.1182
0.1419
0.1188
0.141
0.1176
0.141
0.1189
0.1371
0.1173
0.1384
0.1174
0.1388
0.116
0.1364
0.1189
0.1391
0.1166
0.1402
0.1185
0.1418
0.1183
0.1437
0.1188
0.1445
0.1171
0.1423
0.1196
0.1505
0.1231
0.1454
0.1195
0.144
0.1195
0.1467
0.1196
0.1445
0.116
0.1389
0.1176
0.138
0.1495
0.1377
0.1158
0.1357
0.1151
0.1385
0.1161
0.1502
0.1182
0.1408
0.1161
0.1859
0.1236
0.152
0.1178
0.1442
0.1181
0.145
0.1183
0.1402
0.1174
0.1409
0.1199
0.1413
0.1179
0.1444
0.1176
0.146
0.1186
0.1453
0.1184
0.1479
0.1194
0.1389
0.1169
0.1418
0.1174
0.1413
0.1173
0.1411
0.1184
0.1435
0.1197
0.1439
0.1254
0.1373
0.1169
0.143
0.1158
0.1397
0.1167
0.1408
0.1165
0.1563
0.1196
0.1409
0.115
0.1387
0.1162
0.141
0.1166
0.1438
0.116
0.1369
0.117
0.1427
0.119
0.1383
0.1158
0.1368
0.1174
0.1594
0.1245
0.1446
0.1207
0.142
0.1187
0.1445
0.1185
0.1449
0.1188
0.1384
0.1172
0.1403
0.1174
0.1406
0.1165
0.1371
0.1174
0.1609
0.1254
0.1494
0.1189
0.1438
0.1201
0.1495
0.1199
0.1497
0.1173
0.1379
0.1181
0.1416
0.1151
0.1391
0.1156
0.1378
0.1153
0.1399
0.1153
0.1375
0.1146
0.1369
0.1157
0.1388
0.1154
0.1458
0.1162
0.1358
0.1261
0.1387
0.1182
0.1405
0.1177
0.1405
0.1176
0.1428
0.1179
0.1483
0.1179
0.1365
0.1176
0.142
0.1184
0.1401
0.1172
0.139
0.1174
0.1419
0.1181
0.1461
0.1185
0.1445
0.1192
0.1454
0.1211
0.1393
0.117
0.139
0.1171
0.1418
0.1155
0.1402
0.1296
0.1387
0.1174
0.1431
0.1162
0.1367
0.1097
0.1393
0.1185
0.1478
0.1179
0.1507
0.1211
0.1498
0.1247
0.1508
0.1215
0.1388
0.117
0.1377
0.1188
0.1381
0.117
0.1389
0.1166
0.1384
0.1175
0.1401
0.1179
0.1429
0.1182
0.1399
0.1208
0.1439
0.1198
0.1401
0.1178
0.1412
0.1184
0.1436
0.1189
0.1451
0.1185
0.1418
0.119
0.1485
0.1208
0.1473
0.1194
0.1403
0.1184
0.1438
0.1168
0.1459
0.1193
0.1443
0.1203
0.149
0.1189
0.1403
0.116
0.1363
0.1172
0.1405
0.1178
0.141
0.1196
0.1388
0.1188
0.1408
0.1184
0.1441
0.12
0.1465
0.1352
0.1647
0.1267
0.1456
0.119
0.1436
0.1198
0.1426
0.1189
0.1431
0.1173
0.1432
0.1186
0.1426
0.1184
0.1434
0.1161
0.1462
0.1177
0.1381
0.1157
0.1376
0.1168
0.1367
0.116
0.1567
0.1193
0.1427
0.1174
0.1393
0.1272
0.1435
0.1186
0.1411
0.1173
0.1407
0.1191
0.1413
0.1297
0.1397
0.1184
0.1391
0.1188
0.1801
0.1235
0.1443
0.1176
0.1403
0.1197
0.1403
0.1172
0.1403
0.1181
0.1385
0.1167
0.1384
0.1161
0.1386
0.1158
0.138
0.1172
0.1407
0.117
0.1442
0.1182
0.1396
0.1188
0.1382
0.118
0.1396
0.1174
0.1395
0.1179
0.1389
0.1184
0.1384
0.1167
0.141
0.1161
0.1387
0.1163
0.1351
0.1572
0.1361
0.1154
0.1568
0.1207
0.1424
0.1164
0.1412
0.1166
0.1445
0.1237
0.1627
0.1155
0.1363
0.1162
0.1406
0.1153
0.1359
0.1256
0.1397
0.1167
0.1439
0.1178
0.142
0.1154
0.1431
0.1189
0.1575
0.1219
0.1482
0.1211
0.1477
0.1231
0.1506
0.1216
0.1527
0.1223
0.1507
0.1229
0.1524
0.1238
0.1531
0.1227
0.1482
0.1235
0.1529
0.1271
0.1452
0.1172
0.1364
0.117
0.1403
0.1162
0.1419
0.1159
0.1365
0.1171
0.1388
0.1165
0.1667
0.1219
0.1812
0.1239
0.15
0.1219
0.1478
0.124
0.1469
0.1205
0.1525
0.1218
0.1609
0.1249
0.1437
0.1188
0.1561
0.1255
0.1468
0.1178
0.1502
0.1223
0.1413
0.1181
0.1394
0.1177
0.1409
0.1175
0.1485
0.118
0.133
0.1075
0.1385
0.1167
0.1395
0.1159
0.1373
0.1142
0.1396
0.116
0.146
0.1174
0.1476
0.1193
0.1509
0.1258
0.1548
0.1204
0.1527
0.1209
0.1382
0.1162
0.1409
0.118
0.1409
0.1175
0.1417
0.1181
0.1434
0.1212
0.1451
0.1183
0.148
0.1201
0.1483
0.1207
0.1546
0.1217
0.1586
0.127
0.147
0.1282
0.1587
0.1229
0.1429
0.1183
0.1845
0.1234
0.1518
0.1195
0.1401
0.1165
0.139
0.1163
0.1365
0.1145
0.137
0.1158
0.1475
0.1179
0.1388
0.1159
0.1383
0.116
0.1404
0.1185
0.1402
0.1168
0.1389
0.1172
0.1382
0.119
0.1384
0.1183
0.1381
0.118
0.1396
0.1175
0.1384
0.1164
0.1377
0.1177
0.137
0.1183
0.1794
0.1422
0.1406
0.1193
0.1378
0.1181
0.139
0.1239
0.1433
0.1265
0.1417
0.119
0.1423
0.1246
0.1433
0.1267
0.1429
0.1259
0.1422
0.1269
0.1412
0.1254
0.1408
0.1169
0.1384
0.1158
0.146
0.1251
0.1367
0.1163
0.1539
0.1524
0.138
0.115
0.1388
0.1151
0.1871
0.1321
0.1461
0.1227
0.1421
0.1202
0.1439
0.122
0.1412
0.1186
0.1692
0.1543
0.1412
0.1155
0.1584
0.1232
0.1411
0.117
0.1376
0.1182
0.1576
0.1223
0.1412
0.1171
0.1402
0.1154
0.1369
0.1183
0.1423
0.1185
0.1383
0.1173
0.1422
0.1176
0.1393
0.1178
0.2105
0.1814
0.2071
0.1711
0.1428
0.1163
0.1404
0.1173
0.1398
0.1237
0.1506
0.128
0.2142
0.1888
0.1533
0.1232
0.1472
0.1183
0.1466
0.1196
0.1464
0.1198
0.1527
0.1222
0.1512
0.1375
0.151
0.1209
0.1523
0.1223
0.1501
0.1225
0.1497
0.1226
0.1533
0.1217
0.1528
0.1219
0.1462
0.1214
0.1511
0.127
0.1512
0.1209
0.1394
0.1188
0.1382
0.117
0.1399
0.1164
0.1385
0.1172
0.1409
0.1176
0.1444
0.1164
0.1406
0.1217
0.145
0.1181
0.151
0.1209
0.1523
0.1232
0.149
0.1209
0.1368
0.1147
0.1728
0.1202
0.1401
0.1228
0.1413
0.1152
0.161
0.1225
0.1906
0.1236
0.2081
0.1864
0.203
0.1623
0.1419
0.1208
0.2115
0.1812
0.1486
0.1204

-------------------------------------
CodechalDecodeHevcG12::SetFrameStates
-------------------------------------
0.7018
0.4195
9.0588
8.5063
9.2252
0.167
0.1152
0.2056
0.0435
0.035
0.0317
0.0325
0.0313
0.0322
0.0304
0.0367
0.039
0.0321
0.037
0.0351
0.0316
0.0317
0.0375
0.0314
0.0308
0.03
0.0293
0.0311
0.0324
0.0306
0.0313
0.0317
0.0321
0.032
0.032
0.0321
0.0324
0.0321
0.0306
0.0304
0.0318
0.0314
0.0309
0.0306
0.0346
0.0304
0.0301
0.0382
0.0431
0.034
0.0307
0.0333
0.033
0.0315
0.0328
0.0309
0.03
0.0302
0.0299
0.0296
0.0295
0.0306
0.0292
0.0305
0.0309
0.0372
0.0373
0.0331
0.0306
0.0373
0.0316
0.0296
0.0297
0.0295
0.0294
0.029
0.0296
0.0287
0.0292
0.0297
0.0288
0.0294
0.0309
0.0293
0.0294
0.0293
0.0294
0.0292
0.0301
0.0299
0.0304
0.0306
0.0307
0.0308
0.0327
0.031
0.0305
0.0299
0.029
0.0287
0.0293
0.0286
0.029
0.0303
0.0307
0.0306
0.0305
0.0301
0.0302
0.0301
0.031
0.0292
0.0308
0.0291
0.0292
0.0298
0.0297
0.0325
0.0214
0.0285
0.0308
0.0301
0.0285
0.0293
0.0301
0.0302
0.0306
0.0333
0.0322
0.0307
0.0296
0.0285
0.0292
0.0305
0.0294
0.0298
0.0304
0.03
0.0303
0.0315
0.0304
0.0319
0.0331
0.0311
0.0303
0.0313
0.0297
0.0313
0.03
0.029
0.0295
0.0297
0.0295
0.0295
0.0298
0.03
0.0306
0.0334
0.0346
0.0323
0.031
0.0303
0.0312
0.0313
0.0319
0.0338
0.0326
0.0297
0.0305
0.0296
0.0309
0.0524
0.0356
0.0324
0.0307
0.0404
0.0331
0.0309
0.0407
0.0348
0.0297
0.0316
0.0302
0.0436
0.0332
0.0395
0.0325
0.0398
0.0333
0.0306
0.0312
0.0323
0.0302
0.0319
0.029
0.0308
0.0305
0.0296
0.0295
0.0298
0.0299
0.0315
0.0307
0.0311
0.0326
0.0308
0.031
0.03
0.0307
0.0311
0.0321
0.0319
0.0311
0.0311
0.0307
0.0303
0.0326
0.0348
0.036
0.0428
0.0327
0.0302
0.0323
0.03
0.0305
0.0291
0.0294
0.0289
0.0298
0.03
0.0305
0.0299
0.0298
0.0288
0.0292
0.0298
0.0304
0.0312
0.0222
0.029
0.0361
0.034
0.03
0.0298
0.0303
0.0375
0.0448
0.0315
0.0309
0.0289
0.0287
0.029
0.0368
0.0318
0.0308
0.0376
0.0336
0.0302
0.0294
0.0301
0.088
0.0296
0.0306
0.0288
0.0299
0.0298
0.0287
0.0294
0.0306
0.0296
0.0295
0.031
0.031
0.0307
0.0314
0.0304
0.0319
0.0317
0.0297
0.0289
0.0291
0.0286
0.0292
0.0354
0.0312
0.0407
0.0337
0.0309
0.0315
0.0301
0.0305
0.0305
0.0318
0.0304
0.0305
0.0319
0.03
0.03
0.0301
0.0294
0.0302
0.0311
0.0299
0.0461
0.0877
0.0305
0.0372
0.0322
0.0299
0.0299
0.0305
0.029
0.0303
0.0303
0.0299
0.0372
0.034
0.0305
0.0307
0.031
0.0293
0.0298
0.0306
0.0291
0.0374
0.0329
0.0304
0.0303
0.032
0.0295
0.0313
0.0299
0.0289
0.0293
0.0297
0.0283
0.0294
0.0303
0.0291
0.0296
0.0305
0.0291
0.0301
0.0308
0.029
0.0296
0.03
0.0288
0.0298
0.0312
0.0304
0.0895
0.03
0.0295
0.0311
0.03
0.0292
0.0309
0.0223
0.029
0.032
0.0357
0.0316
0.0328
0.0298
0.0293
0.0294
0.0291
0.0291
0.0293
0.0298
0.0294
0.0302
0.0306
0.0295
0.0313
0.0347
0.0299
0.0317
0.0327
0.0297
0.0305
0.0319
0.0304
0.0326
0.0307
0.0289
0.0298
0.0302
0.0301
0.0295
0.0302
0.031
0.0644
0.0334
0.0314
0.0304
0.0307
0.0301
0.0302
0.0323
0.0294
0.0291
0.0296
0.0294
0.0364
0.0331
0.0302
0.0333
0.0305
0.0298
0.0299
0.03
0.0332
0.0382
0.0326
0.03
0.0298
0.0308
0.0295
0.0294
0.0297
0.0305
0.0298
0.0305
0.0299
0.0294
0.0294
0.0293
0.0295
0.03
0.0304
0.0292
0.0298
0.0292
0.037
0.0318
0.0302
0.0297
0.0462
0.0297
0.0297
0.0297
0.0292
0.0326
0.0313
0.0305
0.0317
0.0325
0.0314
0.0316
0.0333
0.0327
0.0325
0.0336
0.0314
0.032
0.0318
0.029
0.0311
0.0309
0.0283
0.0301
0.0382
0.0404
0.0333
0.033
0.0329
0.033
0.0337
0.0311
0.0341
0.0323
0.0314
0.0319
0.0306
0.0297
0.0316
0.026
0.0301
0.0299
0.0321
0.0298
0.0307
0.0324
0.0314
0.0323
0.0327
0.0303
0.03
0.0313
0.0298
0.0305
0.0312
0.0307
0.0316
0.0335
0.0336
0.0314
0.0373
0.039
0.0404
0.0478
0.0308
0.0296
0.0299
0.0292
0.0329
0.0306
0.0291
0.0293
0.0295
0.0291
0.0295
0.0298
0.0296
0.0291
0.0303
0.0292
0.0289
0.0409
0.0306
0.0291
0.0311
0.0299
0.0301
0.0295
0.0295
0.0311
0.0304
0.0295
0.031
0.0301
0.0305
0.0302
0.0298
0.0297
0.0296
0.03
0.0296
0.0293
0.0297
0.0478
0.0376
0.0331
0.0366
0.032
0.0343
0.0371
0.0324
0.0305
0.0298
0.0302
0.0298
0.0298
0.0299
0.0435
0.0409
0.0313
0.0304
0.0289
0.0305
0.0441
0.0364
0.0319
0.032
0.0319
0.0311
0.033
0.032
0.0318
0.0325
0.0316
0.0329
0.0326
0.0308
0.032
0.0323
0.029
0.0293
0.0288
0.0291
0.0293
0.0311
0.0304
0.0315
0.0329
0.0316
0.0314
0.0292
0.0353
0.0301
0.0311
0.0376
0.0405
0.0464
0.0493
0.0327
0.0471
0.0337

--------------------------
CreateVideoDecoder_D3D11_1
--------------------------
18.288

---------------------------
DestroyVideoDecoder_D3D11_1
---------------------------
0

----------------
First Frame Time
----------------
80.6302

--------------------------------------
VideoDecoderBeginFrame_WDDM2_4_D3D11_1
--------------------------------------
0.0076
0.0031
0.0033
0.0031
0.0053
0.0046
0.003
0.0053
0.003
0.0026
0.002
0.0026
0.0019
0.0024
0.0017
0.0026
0.0022
0.0019
0.0027
0.003
0.0019
0.0018
0.0019
0.0018
0.0018
0.0015
0.0016
0.0016
0.0027
0.0017
0.0017
0.0017
0.0016
0.0015
0.0016
0.0016
0.0017
0.0019
0.0016
0.0017
0.0017
0.0025
0.0025
0.0016
0.0015
0.0018
0.0015
0.0028
0.0038
0.0022
0.0018
0.0017
0.0018
0.0016
0.0018
0.0017
0.0017
0.0016
0.0016
0.0017
0.0015
0.0015
0.0015
0.0028
0.0016
0.0017
0.0028
0.0028
0.0018
0.0027
0.002
0.0017
0.0017
0.0016
0.0017
0.0016
0.0015
0.0025
0.0016
0.0015
0.0016
0.0015
0.0016
0.0016
0.0015
0.0016
0.0016
0.0016
0.0015
0.0019
0.0015
0.0015
0.0016
0.0017
0.003
0.002
0.0016
0.0016
0.0015
0.0015
0.0016
0.0015
0.0015
0.0015
0.0015
0.0015
0.0017
0.0016
0.0015
0.0016
0.0017
0.0015
0.0015
0.0014
0.0015
0.0016
0.0015
0.0026
0.002
0.0014
0.0017
0.0016
0.0015
0.0015
0.0016
0.0016
0.0016
0.0017
0.0017
0.0015
0.0016
0.0016
0.0016
0.0015
0.0015
0.0016
0.0015
0.0015
0.0017
0.0016
0.0017
0.0066
0.0017
0.0027
0.0016
0.0017
0.0016
0.0015
0.0022
0.0015
0.0016
0.0015
0.0017
0.0015
0.0016
0.0017
0.0015
0.0018
0.0019
0.0017
0.0016
0.0016
0.0015
0.0016
0.0016
0.0017
0.0016
0.0016
0.0015
0.0015
0.0019
0.0036
0.0025
0.0024
0.0019
0.0032
0.0019
0.0017
0.0026
0.0021
0.0017
0.0017
0.0017
0.0023
0.002
0.0028
0.0022
0.003
0.0021
0.0018
0.0015
0.0018
0.0016
0.0022
0.0017
0.0018
0.0022
0.0016
0.0017
0.0016
0.0016
0.0016
0.0017
0.0016
0.0017
0.0018
0.0015
0.0016
0.0016
0.0015
0.0016
0.0035
0.0015
0.0017
0.0016
0.0017
0.0018
0.0026
0.002
0.003
0.0019
0.0017
0.0022
0.0016
0.0015
0.0016
0.0015
0.0016
0.0015
0.0016
0.0015
0.0016
0.0017
0.0015
0.0015
0.0017
0.0015
0.002
0.0019
0.0015
0.0024
0.002
0.0018
0.0017
0.0017
0.0029
0.0026
0.0019
0.0017
0.0015
0.0016
0.0022
0.0027
0.0019
0.0018
0.0027
0.002
0.0023
0.0016
0.0016
0.0018
0.0017
0.0016
0.0015
0.0016
0.0018
0.0016
0.0016
0.0016
0.0015
0.0015
0.0026
0.0015
0.0016
0.0017
0.0016
0.0015
0.0021
0.0016
0.0016
0.0015
0.0015
0.0015
0.0024
0.0017
0.0034
0.0021
0.0018
0.0017
0.0015
0.0015
0.0014
0.0015
0.0016
0.0017
0.0017
0.0016
0.0015
0.0015
0.0015
0.0016
0.0017
0.0017
0.0019
0.0016
0.002
0.0027
0.002
0.0018
0.0016
0.0016
0.0017
0.0016
0.0015
0.0016
0.0029
0.0096
0.0017
0.0016
0.0016
0.0015
0.0015
0.0015
0.0015
0.0028
0.002
0.0019
0.0016
0.0018
0.0016
0.002
0.0017
0.0015
0.0015
0.0015
0.0014
0.0016
0.0014
0.0015
0.0016
0.0016
0.0015
0.0016
0.0014
0.0017
0.0016
0.0015
0.0015
0.0016
0.0016
0.0017
0.0016
0.0015
0.0015
0.002
0.0016
0.0016
0.0019
0.0019
0.0015
0.0019
0.0018
0.0018
0.0017
0.0016
0.0014
0.0015
0.0016
0.0016
0.0015
0.0016
0.0016
0.0016
0.0019
0.0016
0.0015
0.0016
0.0015
0.0016
0.0023
0.0017
0.0017
0.0018
0.0017
0.0021
0.002
0.0016
0.0015
0.0015
0.0015
0.0015
0.0016
0.0017
0.0029
0.0021
0.0018
0.0015
0.002
0.0017
0.0017
0.002
0.0015
0.0017
0.0015
0.0016
0.0027
0.002
0.0019
0.0017
0.0016
0.0017
0.0016
0.0015
0.0014
0.0029
0.0018
0.0017
0.0016
0.0015
0.0016
0.0015
0.0016
0.0015
0.0015
0.0017
0.0016
0.0015
0.0016
0.0015
0.0016
0.0016
0.0019
0.0016
0.0014
0.0015
0.0026
0.0018
0.0018
0.0016
0.0034
0.0016
0.0015
0.0015
0.0015
0.0016
0.0017
0.0016
0.0017
0.0017
0.0019
0.0017
0.0016
0.0017
0.0017
0.0017
0.0016
0.0017
0.002
0.0014
0.0016
0.0019
0.0016
0.0024
0.0028
0.0028
0.002
0.0021
0.0018
0.0016
0.0017
0.0018
0.0019
0.0017
0.0016
0.0115
0.0015
0.0016
0.0019
0.0019
0.0017
0.0016
0.0017
0.0017
0.0018
0.0018
0.0017
0.0017
0.0017
0.0016
0.0015
0.0016
0.0016
0.0016
0.0016
0.0017
0.0018
0.0017
0.0018
0.0017
0.0027
0.0021
0.0033
0.0024
0.0019
0.0017
0.0016
0.0016
0.0021
0.0019
0.0017
0.0015
0.0016
0.0017
0.0016
0.0017
0.0016
0.0015
0.0015
0.0016
0.0016
0.0016
0.0016
0.0018
0.0015
0.0019
0.0015
0.0016
0.0016
0.0017
0.0018
0.0016
0.0021
0.0017
0.0017
0.0022
0.002
0.0015
0.0018
0.0016
0.0024
0.0021
0.0021
0.0018
0.0027
0.0021
0.0028
0.0019
0.0017
0.0028
0.0019
0.0019
0.0017
0.0019
0.0016
0.0018
0.0016
0.0026
0.0031
0.002
0.0017
0.0016
0.0017
0.0024
0.0018
0.0017
0.0017
0.0016
0.0017
0.0016
0.0017
0.0017
0.0017
0.0016
0.0016
0.0017
0.0019
0.0017
0.0017
0.0017
0.0015
0.0017
0.0017
0.0016
0.0019
0.0017
0.0018
0.0017
0.0018
0.0017
0.0017
0.0021
0.0016
0.002
0.003
0.0036
0.0031
0.0028
0.002
0.0029
0.0019

----------------------------
VideoDecoderEndFrame_D3D11_1
----------------------------
0.0402
0.0595
0.0802
0.0894
0.1113
0.0769
0.0681
0.0657
0.0609
0.065
0.0677
0.0604
0.0563
0.0548
0.0692
0.0655
0.0645
0.0531
0.0598
0.0597
0.0573
0.0575
0.0557
0.054
0.0527
0.0538
0.0548
0.0549
0.0565
0.0551
0.0533
0.0552
0.0603
0.0561
0.0558
0.0542
0.058
0.0547
0.0537
0.0539
0.0584
0.0547
0.0566
0.054
0.0538
0.055
0.0546
0.0583
0.0579
0.0536
0.054
0.0564
0.0533
0.0545
0.057
0.0544
0.0526
0.054
0.0536
0.0531
0.0527
0.0524
0.0531
0.0533
0.0504
0.0548
0.0558
0.0538
0.0533
0.0573
0.053
0.0528
0.0521
0.052
0.0518
0.0534
0.0515
0.0528
0.0522
0.0522
0.0529
0.0534
0.0529
0.0522
0.0532
0.0532
0.0518
0.0507
0.0647
0.0525
0.0528
0.0563
0.0542
0.0593
0.0629
0.0542
0.0529
0.0524
0.0519
0.0527
0.0532
0.0541
0.0546
0.054
0.0553
0.0558
0.055
0.0533
0.0545
0.0597
0.0537
0.0514
0.0531
0.0553
0.055
0.0521
0.0523
0.0543
0.0519
0.0527
0.0538
0.0521
0.0544
0.0517
0.0529
0.0551
0.0564
0.0558
0.0579
0.054
0.0526
0.0531
0.0519
0.0532
0.0534
0.052
0.0548
0.0544
0.0532
0.0543
0.0536
0.0596
0.0548
0.0532
0.0538
0.0527
0.0549
0.0532
0.0541
0.0541
0.0523
0.056
0.0537
0.0546
0.0564
0.0543
0.0538
0.0562
0.0584
0.0601
0.0539
0.0533
0.0547
0.0562
0.0539
0.0583
0.056
0.0542
0.0534
0.0542
0.0624
0.0762
0.0547
0.0561
0.0566
0.0578
0.0556
0.0569
0.0557
0.0555
0.065
0.0553
0.0541
0.0792
0.0541
0.0585
0.0556
0.0563
0.0545
0.0547
0.053
0.0551
0.0531
0.0552
0.0532
0.0529
0.0551
0.055
0.0535
0.053
0.0526
0.0531
0.0533
0.0522
0.0555
0.0538
0.0548
0.054
0.0547
0.054
0.0547
0.0562
0.0548
0.0528
0.0575
0.0562
0.0514
0.057
0.0543
0.0581
0.0526
0.0519
0.0528
0.0529
0.0531
0.0527
0.0528
0.0532
0.0526
0.0525
0.0531
0.052
0.0529
0.0529
0.0545
0.0525
0.055
0.0542
0.0536
0.054
0.0564
0.0537
0.0535
0.0525
0.0552
0.0553
0.057
0.0537
0.0524
0.0537
0.0533
0.0526
0.0564
0.0529
0.0537
0.0563
0.0555
0.0527
0.0537
0.053
0.0526
0.0547
0.0526
0.0536
0.0537
0.0522
0.0511
0.0526
0.0528
0.0528
0.0536
0.0539
0.053
0.0563
0.0531
0.0598
0.0548
0.0544
0.0525
0.0534
0.0526
0.0523
0.0539
0.0549
0.0534
0.0577
0.0542
0.0554
0.0549
0.0537
0.0523
0.0529
0.0531
0.053
0.0536
0.055
0.0531
0.052
0.0516
0.054
0.0524
0.0525
0.0522
0.055
0.0516
0.0537
0.0558
0.0526
0.053
0.0528
0.0527
0.0533
0.0541
0.0523
0.0534
0.0576
0.057
0.0539
0.0524
0.0545
0.0528
0.0529
0.0517
0.0542
0.0571
0.0532
0.053
0.0537
0.0546
0.0537
0.0546
0.0545
0.0519
0.0535
0.0542
0.0525
0.0562
0.0524
0.0533
0.0546
0.0529
0.0534
0.0531
0.0527
0.0526
0.0522
0.0529
0.053
0.0539
0.0534
0.0567
0.0557
0.0527
0.0514
0.0533
0.0532
0.0539
0.0534
0.0531
0.054
0.054
0.0553
0.0585
0.0558
0.0549
0.0529
0.0521
0.0519
0.0529
0.056
0.0533
0.0549
0.0535
0.0545
0.0528
0.0524
0.0537
0.0545
0.0562
0.0551
0.0542
0.0524
0.0545
0.0565
0.0533
0.0516
0.0526
0.0518
0.0522
0.0538
0.0537
0.0554
0.0563
0.057
0.0547
0.0537
0.053
0.056
0.0536
0.052
0.0526
0.054
0.0523
0.0537
0.0512
0.0569
0.055
0.053
0.0542
0.0531
0.0544
0.0529
0.0556
0.0534
0.0565
0.0557
0.0531
0.0526
0.0541
0.0537
0.0518
0.0514
0.0517
0.0531
0.0534
0.0525
0.052
0.0524
0.0525
0.0536
0.0529
0.055
0.053
0.0556
0.0527
0.0558
0.0525
0.0536
0.0611
0.0541
0.0545
0.0535
0.0537
0.0517
0.0532
0.0524
0.0535
0.0556
0.0586
0.0558
0.0544
0.0538
0.0561
0.0545
0.0549
0.0563
0.0572
0.0546
0.0563
0.0541
0.0522
0.0521
0.0536
0.0581
0.0589
0.055
0.0564
0.0554
0.0557
0.0577
0.0561
0.0562
0.0524
0.055
0.0572
0.0527
0.0526
0.0538
0.0557
0.0537
0.0542
0.0534
0.0535
0.0537
0.0551
0.0556
0.0556
0.0576
0.053
0.053
0.0527
0.0529
0.0523
0.0543
0.0542
0.055
0.0557
0.0594
0.0577
0.0533
0.0542
0.0586
0.0545
0.053
0.0519
0.0508
0.0539
0.0542
0.0511
0.0542
0.0537
0.0531
0.0516
0.0525
0.0529
0.0527
0.0522
0.0512
0.052
0.0701
0.0568
0.0524
0.0532
0.0523
0.0528
0.0521
0.0543
0.0554
0.0513
0.0534
0.0523
0.0498
0.051
0.0525
0.0512
0.0516
0.0508
0.0523
0.0607
0.0526
0.0525
0.0556
0.0504
0.0568
0.0559
0.0568
0.0523
0.0516
0.0559
0.0512
0.0509
0.0528
0.0506
0.0521
0.0505
0.064
0.077
0.0592
0.0543
0.053
0.0696
0.0601
0.0762
0.0613
0.0616
0.0549
0.0539
0.0569
0.0569
0.0579
0.0559
0.0585
0.0577
0.0565
0.0561
0.0547
0.0566
0.0563
0.053
0.0538
0.0528
0.0534
0.0549
0.0538
0.054
0.0561
0.0568
0.0579
0.0555
0.0527
0.0532
0.0546
0.0564
0.0647
0.0605
0.0754
0.0589
0.0583
0.0791
0.051

---------------------------------
VideoDecoderSubmitBuffers_D3D11_1
---------------------------------
16.417
18.1354
26.1294
41.1343
37.9208
0.9811
0.7096
1.0967
0.6245
0.5356
0.6209
0.602
0.5188
0.565
0.749
0.6263
0.5981
0.5739
0.6363
0.5551
0.5402
0.5646
0.6252
0.5552
0.3819
0.3774
0.3724
0.3866
0.4046
0.3995
0.3982
0.4142
0.41
0.4119
0.4121
0.4118
0.4193
0.3997
0.3937
0.393
0.4112
0.4041
0.3839
0.3846
0.4048
0.3982
0.383
0.436
0.506
0.3898
0.3808
0.3876
0.3967
0.3976
0.4217
0.3901
0.384
0.3877
0.3772
0.3769
0.3788
0.3793
0.3744
0.3817
0.4269
0.4025
0.4372
0.3936
0.3807
0.4341
0.3894
0.3766
0.3732
0.3689
0.3688
0.3733
0.3744
0.3793
0.3721
0.3713
0.3755
0.3756
0.3759
0.3718
0.377
0.3712
0.3743
0.3787
0.3938
0.3842
0.3911
0.3898
0.3926
0.4053
0.4142
0.4163
0.3874
0.3708
0.3689
0.3673
0.3726
0.3727
0.3858
0.3905
0.3935
0.4075
0.3879
0.3854
0.3901
0.4095
0.4528
0.3822
0.3827
0.3772
0.3813
0.3875
0.3846
0.4055
0.3643
0.3671
0.3851
0.3714
0.3659
0.3762
0.3825
0.3872
0.4057
0.4447
0.4079
0.3835
0.3758
0.3754
0.3786
0.3851
0.3875
0.3862
0.3897
0.3918
0.3933
0.4006
0.3921
0.4019
0.4148
0.4005
0.3849
0.3926
0.3801
0.3966
0.3782
0.3737
0.379
0.3956
0.3824
0.3846
0.3804
0.3858
0.4012
0.4198
0.4286
0.4111
0.3916
0.3896
0.3913
0.3935
0.3979
0.4291
0.4098
0.3846
0.3877
0.3779
0.3884
0.672
0.4055
0.3947
0.3848
0.4715
0.4668
0.4597
0.4729
0.4196
0.3905
0.3909
0.3857
0.5868
0.4
0.4798
0.4256
0.4398
0.4
0.3852
0.386
0.4054
0.3871
0.4451
0.3675
0.374
0.4239
0.3731
0.3735
0.3756
0.3891
0.3924
0.388
0.3927
0.4071
0.3874
0.3869
0.3856
0.3911
0.3957
0.4064
0.3967
0.3875
0.391
0.3945
0.3915
0.4122
0.4861
0.3912
0.4906
0.3866
0.373
0.402
0.3841
0.375
0.3771
0.3696
0.37
0.3722
0.375
0.3827
0.3791
0.3757
0.3769
0.3749
0.3791
0.3841
0.4017
0.367
0.3804
0.4287
0.3913
0.376
0.376
0.3804
0.4394
0.4091
0.383
0.3804
0.3748
0.3653
0.3637
0.4316
0.3787
0.3854
0.4474
0.3983
0.374
0.3976
0.3825
0.447
0.383
0.3873
0.3764
0.3743
0.3739
0.3714
0.3756
0.382
0.3819
0.385
0.3902
0.3859
0.4034
0.3952
0.3878
0.3981
0.3983
0.3772
0.407
0.3696
0.3656
0.3744
0.4153
0.3814
0.4872
0.4067
0.3859
0.3877
0.3775
0.3785
0.3794
0.3899
0.388
0.387
0.3987
0.3735
0.3791
0.3801
0.3772
0.3853
0.3939
0.3726
0.4019
0.4392
0.3842
0.4275
0.3828
0.3764
0.3787
0.3825
0.3686
0.3817
0.372
0.3685
0.4369
0.4003
0.3813
0.3887
0.3931
0.3715
0.375
0.3769
0.374
0.4412
0.3974
0.3842
0.3935
0.4305
0.374
0.3855
0.3814
0.3722
0.3773
0.3772
0.3707
0.376
0.3884
0.3805
0.3772
0.3823
0.3769
0.3836
0.3938
0.3722
0.382
0.3815
0.3759
0.383
0.3923
0.3917
0.4531
0.3819
0.3767
0.3883
0.3979
0.3778
0.3911
0.375
0.3786
0.3999
0.4133
0.4071
0.4043
0.3765
0.375
0.3743
0.3766
0.3774
0.378
0.3849
0.3831
0.4569
0.3847
0.3806
0.3901
0.3965
0.3833
0.3995
0.4072
0.3829
0.39
0.4023
0.3909
0.4054
0.3879
0.3714
0.3811
0.3822
0.3784
0.3811
0.3933
0.4148
0.4719
0.3964
0.3886
0.3852
0.3845
0.3835
0.3872
0.3926
0.3847
0.3725
0.3748
0.3698
0.4263
0.3899
0.3879
0.386
0.3823
0.3768
0.3892
0.3776
0.377
0.4595
0.3896
0.3781
0.3755
0.3817
0.3712
0.3721
0.3728
0.3726
0.3775
0.3842
0.3754
0.3727
0.3747
0.3729
0.3756
0.3747
0.3918
0.3718
0.4126
0.3678
0.4298
0.3876
0.3773
0.4161
0.4298
0.3722
0.3787
0.3865
0.3767
0.3906
0.3878
0.3891
0.4171
0.3995
0.4028
0.4053
0.4145
0.4112
0.4136
0.4169
0.4016
0.4159
0.399
0.3693
0.3819
0.3838
0.3708
0.3778
0.4479
0.4686
0.4074
0.4062
0.3968
0.4081
0.429
0.3863
0.4191
0.3987
0.3977
0.3907
0.379
0.378
0.3964
0.3685
0.3749
0.3752
0.3782
0.3742
0.3879
0.3999
0.4036
0.4092
0.4075
0.3721
0.3784
0.3817
0.3806
0.3877
0.3909
0.3964
0.4004
0.4136
0.4221
0.4062
0.4368
0.3934
0.4816
0.4274
0.3788
0.3724
0.3685
0.369
0.3998
0.3758
0.3745
0.3758
0.3752
0.3715
0.3743
0.3744
0.3721
0.3741
0.3725
0.371
0.3727
0.4646
0.3914
0.3819
0.3861
0.3913
0.3829
0.3904
0.3921
0.391
0.3941
0.386
0.3856
0.3749
0.3927
0.3707
0.4291
0.3741
0.3757
0.4706
0.3954
0.3825
0.3842
0.4001
0.5036
0.3866
0.432
0.3866
0.3792
0.4322
0.3864
0.3803
0.3723
0.3842
0.3755
0.3851
0.3799
0.5712
0.5427
0.3884
0.3781
0.3854
0.4093
0.584
0.4186
0.3993
0.3977
0.3978
0.4085
0.4281
0.4034
0.4106
0.4069
0.4064
0.4145
0.413
0.3961
0.4138
0.4056
0.376
0.3751
0.377
0.3742
0.3801
0.3943
0.3888
0.3931
0.4101
0.4126
0.399
0.3726
0.4405
0.3966
0.389
0.4361
0.4899
0.5925
0.5372
0.3933
0.5884
0.4022

