---------------------------------------------
CalcPrivateVideoDecoderOutputViewSize_D3D11_1
---------------------------------------------
0.002
0.0017
0.0012
0.0013
0.0019
0.0008
0.0031
0.0008
0.0008
0.0013
0.0015
0.0009
0.001
0.0014
0.0008
0.0006
0.0015
0.0009
0.0015
0.0024
0.0009
0.0016
0.002
0.001
0.0015
0.0009
0.001
0.0007
0.0019
0.0008
0.0008
0.0015
0.0009
0.0012
0.0009
0.0008
0.0009
0.0009
0.0006
0.0006
0.0006
0.0007
0.0017
0.0007
0.0005
0.0007
0.0006
0.0006
0.0006
0.0007
0.0007
0.0009
0.0006
0.0005
0.0007
0.0007
0.0006
0.0008
0.0006
0.0006
0.0007
0.0005
0.0007
0.0015
0.0006
0.0007
0.001
0.0006
0.0006
0.0019
0.001
0.001
0.0011
0.001
0.0009
0.001
0.0009
0.0008
0.0007
0.0007
0.0006
0.0008
0.0007
0.0007
0.0006
0.0007
0.0006
0.0007
0.0007
0.0007
0.0006
0.0007
0.0007
0.0009
0.0016
0.0007
0.0006
0.0006
0.0008
0.0007
0.0009
0.0006
0.0008
0.0007
0.0007
0.0006
0.0007
0.0007
0.0008
0.0007
0.0007
0.0008
0.0006
0.0016
0.0009
0.0007
0.0015
0.0009
0.001
0.0007
0.0008
0.0007
0.0016
0.0016
0.0015
0.0009
0.0009
0.0007
0.0009
0.0007
0.001
0.0006
0.0009
0.0007
0.0007
0.0009
0.0007
0.0009
0.0007
0.0008
0.0006
0.0063
0.0007
0.0008
0.0006
0.0009
0.0014
0.0008
0.0007
0.001
0.0007
0.0015
0.0009
0.0015
0.0011
0.0015
0.0011
0.0011
0.0007
0.0009
0.0006
0.0008
0.0009
0.001
0.0007
0.0008
0.0007
0.0007
0.0007
0.0007
0.0007
0.0009
0.0007
0.0007
0.0007
0.0007
0.0006
0.0007
0.0006
0.0009
0.0006
0.0009
0.0005
0.0015
0.0009
0.0018
0.0007
0.0009
0.0006
0.0008
0.0006
0.0008
0.0007
0.0007
0.0007
0.0007
0.0006
0.0009
0.0009
0.0007
0.0006
0.0008
0.0008
0.0005
0.0015
0.001
0.0008
0.0009
0.0006
0.0006
0.0006
0.0039
0.0008
0.0007
0.0005
0.0007
0.0006
0.0008
0.0006
0.0007
0.0006
0.0006
0.0007
0.0007
0.0006
0.0006
0.0005
0.0007
0.0007
0.0006
0.0017
0.0008
0.0007
0.0006
0.0006
0.0006
0.0007
0.0006
0.0006
0.0007
0.0006
0.0007
0.0007
0.001
0.001
0.0006
0.0008
0.0006
0.0008
0.0009
0.0007
0.0007
0.0007
0.001
0.0007
0.0009
0.0011
0.0006
0.0006
0.0006
0.0006
0.0008
0.0007
0.0006
0.0009
0.0007
0.0007
0.0007
0.001
0.0009
0.0008
0.0007
0.0007
0.0007
0.0006
0.0006
0.0007
0.0008
0.0007
0.0007
0.0007
0.0011
0.0006
0.0007
0.0007
0.0007
0.0006
0.0006
0.0007
0.0007
0.0006
0.0007
0.0039
0.0006
0.0008
0.0007
0.0009
0.0008
0.0007
0.0007
0.0007
0.0007
0.0007
0.0009
0.0011
0.0006
0.0007
0.0006
0.0007
0.0007
0.0008
0.0006
0.0007
0.0007
0.0007
0.0007
0.0141
0.0007
0.0009
0.0007
0.0007
0.0007
0.0009
0.0008
0.0007
0.0006
0.0008
0.0007
0.0007
0.0008
0.0011
0.0007
0.0006
0.0008
0.0007
0.0007
0.0007
0.0007
0.0007
0.0006
0.0009
0.0007
0.0007
0.002
0.0016
0.0011
0.0007
0.0008
0.0008
0.0008
0.0007
0.0007
0.0006
0.0006
0.0006
0.0007
0.0007
0.0007
0.0008
0.0016
0.0009
0.0009
0.0009
0.0008
0.0007
0.0007
0.0009
0.0007
0.0009
0.0008
0.0007
0.0007
0.0007
0.0007
0.0009
0.0007
0.0009
0.0008
0.0009
0.0007
0.0008
0.0008
0.0007
0.0007
0.0008
0.0009
0.0007
0.0008
0.0007
0.0008
0.0008
0.0009
0.0007
0.0007
0.0008
0.001
0.001
0.0008
0.0007
0.0008
0.0007
0.0008
0.0007
0.0009
0.0008
0.0006
0.0007
0.0009
0.0007
0.0008
0.0007
0.0008
0.0007
0.001
0.0008
0.0008
0.0007
0.0007
0.0008
0.0006
0.0008
0.0007
0.0007
0.0008
0.0007
0.0007
0.0009
0.0007
0.0008
0.0009
0.0008
0.0007
0.0008
0.0011
0.0009
0.0007
0.0008
0.0007
0.0014
0.0008
0.0007
0.0013
0.0007
0.0006
0.0014
0.001
0.001
0.0008
0.0009
0.0007
0.0009
0.0008
0.0008
0.0006
0.0016
0.0006
0.0008
0.0006
0.0008
0.0007
0.0008
0.0006
0.001
0.0007
0.0008
0.0015
0.0008
0.0007
0.0008
0.0005
0.0007
0.0015
0.0009
0.0015
0.013
0.0015
0.0013
0.0021
0.0017
0.0015
0.0012
0.0014
0.0013
0.0016
0.0014
0.0012
0.0013
0.0014
0.0015
0.0014
0.0013
0.0015
0.0014
0.0012
0.0014
0.0013
0.0013
0.0009
0.0007
0.0007
0.0008
0.0007
0.0007
0.0047
0.0007
0.0007
0.0007
0.0008
0.0007
0.0013
0.001
0.0008
0.0012
0.0013
0.0013
0.0008
0.0007
0.001
0.0009
0.0007
0.0009
0.0007
0.0009
0.0007
0.0009
0.0013
0.0008
0.0008
0.0009
0.0006
0.0009
0.0006
0.0008
0.0008
0.0008
0.0009
0.0017
0.0009
0.0016
0.0011
0.0009
0.0008
0.0007
0.0016
0.0009
0.0013
0.0013
0.0008
0.0009
0.0018
0.0011
0.0016
0.0009
0.0022
0.0012
0.0014
0.0014
0.0018
0.0017
0.0011
0.0012
0.0008
0.0007
0.001
0.0009
0.0017
0.0015
0.0012
0.001
0.0018
0.0015
0.0009
0.0019
0.0016
0.0012
0.0008
0.0011
0.0007
0.0007
0.0015
0.0014
0.0014
0.0011
0.001
0.0019
0.0019
0.0015
0.0014
0.0015
0.0019
0.0036
0.0019
0.002
0.0019
0.0015
0.0013
0.0011
0.0011
0.0008
0.0022

-----------------------
CodechalDecode::Execute
-----------------------
6.4159
15.6278
9.1707
5.9335
5.1795
1.0752
1.0117
0.9724
0.8438
0.8106
0.7513
0.8755
0.8342
0.9
0.8205
0.8759
0.6864
0.8624
0.7472
0.8723
0.8494
0.9352
0.8882
0.9692
0.4552
0.4053
0.3846
0.3706
0.3636
0.3635
0.3591
0.4581
2.6401
2.0447
0.7996
0.3873
0.3871
0.376
0.3731
0.3744
0.373
0.3674
0.3678
0.3692
0.3672
0.3664
0.364
0.373
0.369
0.3607
0.3636
0.3976
0.3598
0.36
0.3771
0.3598
0.3584
0.3598
0.369
0.3669
0.3672
0.3677
0.3639
0.3659
0.3642
0.3754
0.4579
2.6163
0.3669
0.4642
0.3909
0.3882
0.3977
0.3945
0.3737
0.3694
0.3686
0.3745
0.3571
0.358
0.3622
0.362
0.3632
0.3629
0.3622
0.3632
0.363
0.3639
0.3597
0.36
0.3649
0.3662
0.3637
0.3752
0.3663
0.3661
0.3627
0.3628
0.369
0.4629
0.3817
0.3771
0.3659
0.368
0.3697
0.4822
1.8139
0.3704
0.3745
0.3807
0.3732
0.3749
0.3687
0.422
0.3855
0.3833
0.4199
0.3763
0.3717
0.3677
0.3701
0.3619
0.4281
0.4312
0.4183
0.3769
0.3725
0.366
0.3729
0.366
0.3662
0.3661
0.3489
0.3661
0.3545
0.3732
0.3643
0.3702
0.3697
0.3693
0.3662
0.3739
0.3652
0.3724
0.3622
0.3676
0.3648
0.3697
0.3633
0.3697
0.4999
1.6747
0.3817
0.4166
0.3788
0.4127
0.3797
0.3695
0.3654
0.3733
0.3662
0.3688
0.375
0.3755
0.3704
0.3533
0.3733
0.369
0.3682
0.3708
0.3714
0.3814
0.365
0.3699
0.3666
0.3701
0.3661
0.3727
0.3661
0.3685
0.3671
0.3644
1.3403
0.4287
0.3791
0.3901
0.3717
0.3716
0.365
0.3733
0.3685
0.3694
0.3665
0.3733
0.3677
0.3718
0.3669
0.3725
0.3506
0.3712
0.3616
0.3717
0.375
0.3678
0.4211
0.3804
0.3615
0.3775
0.3634
0.3631
0.3712
0.372
0.3693
0.3992
0.3704
0.3655
0.3681
0.3686
0.3673
0.3699
0.3721
0.37
0.3655
0.3671
0.3645
0.3669
0.3724
0.3786
0.3833
0.3723
0.392
0.3508
0.3652
0.3601
0.3602
0.3652
0.3701
0.3786
0.3678
0.3748
0.3806
1.0775
0.3682
0.3703
0.3898
0.3674
0.369
0.3643
0.366
0.3761
0.3655
0.3663
0.363
0.5764
0.3857
0.3867
0.3843
0.3626
0.3622
0.3609
0.3854
0.3638
0.3635
0.3721
0.3608
0.3873
0.3853
0.3913
0.3962
0.4222
0.3906
0.3848
0.3787
0.382
0.3846
0.4021
0.3885
0.3944
0.392
0.3956
0.3946
0.3687
0.3616
0.3672
0.3604
0.3667
0.371
0.379
0.38
0.3878
0.3914
0.4112
0.4043
0.3945
0.3881
0.3743
0.3813
0.3642
0.3901
0.3844
0.3954
0.4093
0.3995
0.3853
0.3792
0.3731
0.3839
0.3836
0.4025
0.3737
0.379
0.37
0.3741
0.3853
0.3987
0.3907
0.3853
0.374
0.3736
0.3785
0.3793
0.4147
0.3996
0.395
0.3938
0.3941
0.3955
0.3918
0.3917
0.3833
0.3696
0.3895
0.3697
0.3865
0.3812
0.3921
0.3988
0.3944
0.3835
0.3822
0.3676
0.3715
1.9696
0.4556
0.4223
0.4029
0.4114
0.4072
0.4088
0.3753
0.3775
0.3799
0.3734
0.3845
0.3937
0.3882
0.3894
0.3864
0.3699
0.4269
0.3829
0.3704
0.3696
0.3534
0.383
0.401
0.4068
0.3946
0.3986
0.3991
0.4102
0.4007
0.3776
0.3728
0.3825
0.397
0.3979
0.3868
0.3891
0.3824
0.3911
0.3856
0.3833
0.3655
0.373
0.3708
0.3803
0.3759
0.3803
0.3899
0.4022
0.3986
0.3943
0.3984
0.4084
0.4035
0.3599
0.3802
0.3947
0.372
0.3657
0.3738
0.3721
0.3696
0.3636
0.363
0.3655
0.3772
0.3853
0.3769
0.3909
0.4288
0.4001
0.399
0.3929
0.3914
0.404
0.3984
0.3849
0.3676
0.3686
0.3657
0.3694
0.3764
0.3719
0.3847
0.3679
0.3576
0.3641
0.3539
0.3776
0.3763
0.4014
0.3794
0.381
0.3874
0.3634
0.3689
0.3981
0.3821
0.3759
0.4353
0.3724
0.3661
0.4186
0.3783
0.3663
0.3823
0.3684
0.362
0.3667
0.3747
0.3724
0.4046
0.3722
0.3686
0.371
0.3649
0.3688
0.3672
0.3694
0.3699
0.3517
0.3703
0.3745
0.3693
0.3702
0.3827
0.3653
0.3659
0.3654
0.4263
0.375
0.4253
0.6049
0.5734
0.5664
0.6123
0.5877
0.5874
0.5572
0.5673
0.5702
0.5783
0.5618
0.5609
0.5538
0.5755
0.5834
0.5709
0.5592
0.5609
0.5619
0.558
0.558
0.529
0.5708
0.3717
0.3642
0.3667
0.3658
0.3643
0.3654
0.3679
0.3665
0.3633
0.3658
0.3647
0.3656
0.3759
0.3706
0.3756
0.5657
0.5744
0.5753
0.3647
0.3625
0.372
0.3724
0.3562
0.3604
0.3553
0.3635
0.3661
0.3659
0.5739
0.3679
0.3682
0.3495
0.3608
0.3663
0.3648
0.3673
0.404
0.4331
0.3893
0.587
0.4188
0.5719
0.4048
0.4179
0.387
0.3819
0.4471
0.4138
0.5813
0.5087
0.4324
0.3848
0.4384
0.4309
0.4856
0.3893
0.6193
0.6703
0.4422
0.4338
0.4521
0.5762
0.5571
0.3914
0.3556
0.371
0.5425
0.3792
0.583
0.5469
0.5743
0.3953
0.4231
0.5801
0.4604
0.4937
0.4444
0.5546
0.3761
0.3843
0.3793
0.386
0.4418
0.481
0.4021
0.4596
0.4539
0.581
0.451
0.5867
0.5366
0.5777
0.6014
0.6379
0.5396
0.4574
0.586
0.4694
0.4211
0.3879
0.428
0.4158
0.4624

---------------------------------------
CodechalDecodeHevcG12::DecodeStateLevel
---------------------------------------
0.4502
4.9959
8.5814
5.9533
0.2545
0.6351
0.2381
0.6062
0.2304
4.6972
0.2085
0.198
0.2234
0.2066
0.1873
0.2082
0.5113
0.2094
0.4943
0.1922
0.3987
0.2013
0.5547
0.1915
0.5057
0.1997
0.5704
0.2039
0.5018
0.1901
0.5588
0.193
0.3346
0.2012
0.5408
0.1904
0.3846
0.2088
0.548
0.1905
0.4843
0.2359
0.5493
0.2348
0.4884
0.2215
0.6133
0.2198
0.1804
0.122
0.1543
0.1211
0.1468
0.1165
0.1407
0.1168
0.1383
0.1142
0.1386
0.1144
0.1352
0.1152
0.1904
0.128
0.1848
0.1373
0.1639
0.1141
0.1551
0.1271
0.1486
0.1288
0.1479
0.1203
0.1438
0.1183
0.1415
0.1165
0.1405
0.1162
0.1418
0.1191
0.1407
0.1166
0.1395
0.1177
0.1421
0.1184
0.1411
0.1192
0.1404
0.1182
0.14
0.1164
0.1474
0.1172
0.1417
0.119
0.1386
0.1161
0.14
0.1178
0.1455
0.1195
0.1388
0.1152
0.1381
0.1159
0.1382
0.1161
0.1389
0.1145
0.1373
0.1158
0.1369
0.1158
0.138
0.1172
0.1407
0.1177
0.1405
0.1184
0.1415
0.1192
0.1385
0.1171
0.1399
0.117
0.1403
0.1169
0.1426
0.1171
0.144
0.1121
0.1419
2.3521
0.1404
0.1191
0.189
0.1266
0.1505
0.1229
0.1509
0.1198
0.1554
0.1217
0.1536
0.1233
0.1448
0.1184
0.1416
0.1143
0.1445
0.1157
0.1435
0.1193
0.1375
0.1144
0.1371
0.1148
0.1393
0.1168
0.1402
0.1164
0.14
0.1175
0.1388
0.1172
0.14
0.1163
0.1403
0.1173
0.1406
0.1169
0.1401
0.1182
0.1388
0.1161
0.1391
0.1163
0.1413
0.1167
0.1405
0.1167
0.139
0.1174
0.1443
0.1169
0.1397
0.1175
0.1409
0.1161
0.1386
0.1178
0.1404
0.1169
0.1416
0.1186
0.1394
0.1102
0.1458
0.1221
0.1384
0.1166
0.139
0.1157
0.139
0.1163
0.1385
0.1133
0.148
0.1257
0.1564
1.5382
0.1412
0.1187
0.1422
0.1184
0.1447
0.12
0.1409
0.1171
0.1428
0.1178
0.1397
0.1166
0.1612
0.1232
0.1469
0.1226
0.1401
0.1184
0.1606
0.1238
0.144
0.1197
0.142
0.1162
0.1403
0.1187
0.1414
0.1177
0.1391
0.1167
0.1596
0.1225
0.1611
0.1233
0.1602
0.1231
0.1443
0.1189
0.1437
0.1171
0.1405
0.118
0.1447
0.118
0.1409
0.1178
0.1403
0.1153
0.1406
0.116
0.1369
0.1096
0.1408
0.1156
0.1361
0.114
0.1434
0.1177
0.14
0.1166
0.1422
0.1172
0.1418
0.1175
0.141
0.1169
0.1412
0.119
0.1418
0.1181
0.1395
0.1182
0.1421
0.1175
0.1391
0.1177
0.1418
0.1157
0.1409
0.1173
0.1423
0.1171
0.1394
0.1173
0.1413
0.1169
0.1508
0.1183
0.1604
1.3693
0.1473
0.1194
0.1605
0.1194
0.1466
0.1194
0.1566
0.1217
0.144
0.117
0.1415
0.1155
0.1408
0.1161
0.1424
0.1186
0.14
0.1181
0.1413
0.1164
0.1421
0.1192
0.1423
0.118
0.1416
0.1162
0.1384
0.1112
0.1425
0.1177
0.1402
0.1166
0.1406
0.1178
0.1424
0.1181
0.1412
0.1176
0.1442
0.1174
0.139
0.1178
0.1413
0.1185
0.1411
0.1174
0.1417
0.1166
0.1391
0.1189
0.1425
0.1176
0.1391
0.1172
0.1397
0.1154
0.1402
0.1167
0.1386
0.1156
1.0711
0.124
0.165
0.1204
0.1461
0.1172
0.1563
0.1185
0.1421
0.1186
0.1414
0.1171
0.1391
0.1162
0.143
0.1181
0.1408
0.1187
0.1403
0.1165
0.1407
0.1177
0.1433
0.1177
0.1397
0.1179
0.1426
0.1172
0.1404
0.1172
0.1411
0.118
0.1352
0.1105
0.1409
0.1162
0.1388
0.1171
0.1439
0.1173
0.1432
0.1175
0.1394
0.1164
0.1608
0.1231
0.1468
0.1174
0.138
0.116
0.1405
0.1192
0.1381
0.1184
0.1381
0.1164
0.142
0.1201
0.1392
0.1183
0.141
0.1176
0.1708
0.119
0.1414
0.1187
0.1407
0.1166
0.1409
0.1181
0.1436
0.1162
0.1408
0.1183
0.1411
0.1194
0.1443
0.1182
0.1426
0.118
0.1407
0.1191
0.1414
0.1195
0.1409
0.1155
0.1414
0.1184
0.1435
0.1189
0.1445
0.1198
0.1487
0.1197
0.1424
0.118
0.1604
0.1151
0.1379
0.11
0.14
0.1137
0.1371
0.1155
0.1373
0.1161
0.1401
0.1173
0.1422
0.1168
0.1488
0.1171
0.1418
0.1173
0.1467
0.1189
0.1443
0.121
0.1648
0.1269
0.1416
0.1175
0.1425
0.1172
0.1436
0.1198
0.14
0.1179
0.1413
0.1174
0.1397
0.1166
0.1409
0.1167
0.141
0.1176
0.1398
0.1162
0.1403
0.1172
0.1389
0.1177
0.284
0.143
0.1463
0.1231
0.1574
0.1152
0.1461
0.1164
0.1375
0.1155
0.1379
0.1146
0.1371
0.1173
0.1604
0.1177
0.1402
0.1145
0.1385
0.1154
0.141
0.1185
0.1397
0.1126
0.1487
0.1179
0.1455
0.123
0.1475
0.1254
0.152
0.1229
0.1639
0.1249
0.1527
0.1185
0.1464
0.12
0.1443
0.1189
0.1451
0.1213
0.148
0.1217
0.155
0.1234
0.1496
0.1214
0.1522
0.1228
0.1507
0.1236
0.1513
0.1233
0.1522
0.1221
0.1403
0.114
0.1388
0.1138
0.1387
0.1163
0.1374
0.1133
0.1403
0.1157
0.1416
0.1169
0.1431
0.1208
0.1472
0.1173
0.1505
0.1216
0.1512
0.1221
0.1603
0.126
0.1557
0.1253
0.1519
0.1221
0.1503
0.1204
0.1436
0.1192
0.1448
0.118
0.1416
0.1132
0.1491
0.1206
0.1488
0.121
0.1517
0.1219
0.1523
0.1221
0.155
0.1202
0.1477
0.1172
0.1446
0.1166
0.1431
0.1169
0.1492
0.12
0.1474
0.1203
0.1558
0.1231
0.1439
0.117
0.1446
0.1191
0.1412
0.1171
0.1449
0.1181
0.1493
0.1211
0.1567
0.1233
0.1508
0.1221
0.1442
0.1189
0.1429
0.118
0.1429
0.118
0.1441
0.1182
0.1444
0.1213
0.1727
0.1256
0.1539
0.1218
0.1524
0.1218
0.1522
0.1217
0.1523
0.1226
0.1523
0.1213
0.1521
0.1207
0.1512
0.1211
0.147
0.1184
0.1429
0.1126
0.1467
0.1202
0.1407
0.1181
0.148
0.1189
0.1454
0.1204
0.1526
0.1203
0.1517
0.1222
0.1505
0.1247
0.1485
0.1205
0.1479
0.12
0.1411
0.1177
0.1421
0.1182
0.1595
1.4783
0.1797
0.1281
0.1699
0.1226
0.156
0.1221
0.159
0.125
0.1595
0.1243
0.1585
0.1242
0.1441
0.1186
0.1453
0.1195
0.1473
0.119
0.1439
0.1172
0.148
0.1207
0.1528
0.1228
0.1478
0.1246
0.1507
0.1197
0.1488
0.1205
0.1407
0.1152
0.1697
0.1201
0.1477
0.1181
0.1415
0.1193
0.1423
0.1164
0.1394
0.1096
0.1479
0.1199
0.1639
0.1225
0.1547
0.1285
0.1523
0.1215
0.1546
0.1224
0.1553
0.123
0.1633
0.1257
0.1572
0.1227
0.1468
0.1194
0.1443
0.1183
0.148
0.1199
0.1532
0.1224
0.1518
0.1248
0.1501
0.1198
0.1512
0.121
0.1483
0.1202
0.1504
0.1203
0.1491
0.1218
0.1485
0.1201
0.1404
0.1167
0.1441
0.1162
0.1433
0.118
0.1489
0.1191
0.1464
0.1181
0.1477
0.1186
0.1528
0.121
0.1557
0.1225
0.1543
0.1215
0.1527
0.1215
0.156
0.123
0.1574
0.128
0.1571
0.1223
0.1409
0.1119
0.1456
0.118
0.162
0.1205
0.1437
0.1183
0.1402
0.116
0.1431
0.1194
0.1435
0.1179
0.142
0.1154
0.1394
0.1153
0.1385
0.1161
0.1395
0.1158
0.1435
0.118
0.1506
0.1184
0.1464
0.1168
0.1524
0.1207
0.1731
0.1261
0.156
0.1235
0.1554
0.1216
0.1535
0.1211
0.1526
0.1205
0.1527
0.1277
0.1555
0.1221
0.1594
0.1175
0.1403
0.1177
0.1418
0.1189
0.1415
0.1165
0.1422
0.1174
0.1487
0.1193
0.1429
0.1176
0.1486
0.1212
0.1402
0.1158
0.1368
0.115
0.1389
0.1156
0.1364
0.1092
0.1439
0.1158
0.1453
0.118
0.1535
0.1214
0.1473
0.1166
0.1468
0.1181
0.1498
0.1211
0.1393
0.1154
0.1408
0.1198
0.1522
0.1201
0.1461
0.119
0.1434
0.118
0.1798
0.1205
0.1444
0.1184
0.1404
0.1173
0.1619
0.1224
0.1439
0.1178
0.1406
0.1142
0.1416
0.1161
0.1408
0.1162
0.1392
0.1149
0.141
0.1153
0.1431
0.1184
0.142
0.1183
0.172
0.1197
0.1424
0.1163
0.1406
0.1173
0.1433
0.1172
0.1398
0.1168
0.1419
0.1161
0.1415
0.1184
0.1419
0.1168
0.1416
0.1189
0.1368
0.1121
0.1413
0.1182
0.1418
0.1162
0.1414
0.1177
0.142
0.1171
0.1563
0.1146
0.1399
0.1154
0.1389
0.1151
0.1397
0.1162
0.1588
0.1294
0.1438
0.1174
0.1647
0.1223
0.2176
0.1933
0.2156
0.1906
0.2148
0.1894
0.2321
0.1954
0.2227
0.1938
0.2216
0.1944
0.2159
0.1871
0.2148
0.1911
0.2178
0.1904
0.2196
0.1914
0.2134
0.189
0.214
0.1893
0.2119
0.187
0.2219
0.1913
0.2237
0.1924
0.2145
0.192
0.2133
0.1883
0.2111
0.1883
0.2129
0.1894
0.2126
0.1869
0.2118
0.1875
0.2116
0.1715
0.2176
0.1918
0.1426
0.1181
0.14
0.1163
0.1421
0.1166
0.1398
0.1173
0.1415
0.1153
0.1403
0.1174
0.1407
0.1176
0.1399
0.1198
0.1418
0.1157
0.1422
0.1172
0.1416
0.1168
0.1408
0.1182
0.1445
0.1186
0.1426
0.1174
0.1429
0.1182
0.2178
0.1885
0.2144
0.1948
0.2208
0.1925
0.1404
0.1171
0.1392
0.1174
0.1438
0.1179
0.1428
0.1176
0.1365
0.1144
0.1388
0.1151
0.1362
0.1145
0.1402
0.1149
0.141
0.1181
0.1408
0.1168
0.2195
0.1932
0.1421
0.1164
0.1416
0.1164
0.1381
0.1114
0.1393
0.1156
0.1417
0.117
0.1409
0.1177
0.1399
0.1186
0.1745
0.1223
0.1672
0.1411
0.1492
0.1229
0.2238
0.1923
0.1527
0.1314
0.217
0.1923
0.1544
0.1272
0.156
0.1316
0.1487
0.1268
0.1473
0.125
0.1659
0.1374
0.1466
0.129
0.2154
0.1962
0.2189
0.1402
0.1684
0.1288
0.1437
0.1278
0.166
0.1319
0.1635
0.1356
0.2153
0.1293
0.1508
0.126
0.2496
0.1898
0.2739
0.2006
0.1671
0.14
0.1808
0.1189
0.1842
0.1236
0.22
0.1869
0.2121
0.1855
0.1458
0.1254
0.1379
0.1124
0.142
0.1169
0.2069
0.1787
0.1461
0.1182
0.2177
0.189
0.2042
0.1805
0.2133
0.1832
0.1518
0.1175
0.1628
0.1207
0.2191
0.1901
0.1489
0.139
0.2038
0.128
0.163
0.1349
0.2135
0.1779
0.142
0.1204
0.1468
0.1181
0.1454
0.1244
0.141
0.1167
0.1591
0.1319
0.2062
0.1419
0.1541
0.1201
0.1641
0.1665
0.1649
0.1461
0.2108
0.1977
0.1532
0.1544
0.2215
0.189
0.1897
0.1813
0.2138
0.1952
0.2198
0.1921
0.2495
0.1604
0.2111
0.1544
0.163
0.1424
0.2164
0.1939
0.1744
0.1538
0.1668
0.1225
0.1524
0.1167
0.1786
0.1243
0.1749
0.1187
0.1698
0.1371

-------------------------------------
CodechalDecodeHevcG12::SetFrameStates
-------------------------------------
0.7201
0.9714
8.1703
4.9763
0.1424
0.567
0.4791
0.4718
0.032
0.0328
0.0389
0.0343
0.0325
0.0322
0.0318
0.0322
0.0391
0.0354
0.0389
0.0349
0.0329
0.0397
0.0447
0.0358
0.0419
0.0354
0.0342
0.0316
0.0311
0.0304
0.0307
0.0383
2.2148
1.3035
0.43
0.0319
0.0332
0.0319
0.0315
0.037
0.0309
0.0312
0.0325
0.0313
0.0311
0.0308
0.0308
0.0309
0.0315
0.0309
0.0307
0.037
0.0303
0.0304
0.0418
0.0303
0.0303
0.0306
0.0366
0.0311
0.0307
0.0306
0.0309
0.0312
0.0311
0.0367
0.1173
0.032
0.0317
0.0412
0.034
0.0337
0.0346
0.0335
0.0323
0.0321
0.031
0.0321
0.031
0.0308
0.0313
0.0309
0.031
0.0314
0.0308
0.0307
0.0307
0.0307
0.031
0.0311
0.0311
0.0314
0.0312
0.032
0.0319
0.031
0.0312
0.0306
0.0313
0.1302
0.0327
0.0439
0.0309
0.0308
0.0339
0.1237
0.0328
0.033
0.0317
0.0315
0.0313
0.0316
0.0323
0.0384
0.0329
0.0407
0.0386
0.0329
0.0322
0.0309
0.0316
0.0308
0.0493
0.0495
0.0384
0.0339
0.0319
0.031
0.0314
0.0307
0.0317
0.0314
0.0212
0.0318
0.0306
0.0324
0.0311
0.0314
0.0319
0.0321
0.0305
0.0329
0.031
0.0315
0.0309
0.0312
0.0306
0.0316
0.0309
0.0316
0.1465
0.0387
0.0372
0.039
0.0332
0.0376
0.0343
0.0322
0.0313
0.0323
0.0311
0.0311
0.0319
0.0315
0.0324
0.0215
0.0326
0.0314
0.0316
0.0311
0.0321
0.0338
0.031
0.0312
0.0304
0.0315
0.0312
0.0316
0.0318
0.0315
0.0316
0.0313
0.0564
0.0385
0.0336
0.0327
0.0321
0.0318
0.0311
0.0311
0.0314
0.0317
0.0313
0.0314
0.0319
0.0315
0.0311
0.0318
0.0218
0.0321
0.0311
0.031
0.0322
0.0314
0.0385
0.0333
0.0313
0.0317
0.0311
0.0313
0.0313
0.0329
0.032
0.0312
0.0312
0.0311
0.0316
0.0316
0.0316
0.0321
0.0317
0.0312
0.0306
0.0309
0.0311
0.0309
0.0317
0.0323
0.0327
0.0323
0.0331
0.0211
0.0315
0.0306
0.0305
0.0306
0.0322
0.032
0.031
0.0309
0.0367
0.0342
0.0316
0.0323
0.0416
0.0318
0.0315
0.0309
0.0311
0.0313
0.0314
0.031
0.0315
0.0327
0.0327
0.0322
0.0341
0.0309
0.0313
0.0307
0.0312
0.0306
0.0307
0.0316
0.0232
0.033
0.036
0.0331
0.0338
0.0363
0.0331
0.0324
0.0324
0.0319
0.0322
0.0365
0.0334
0.033
0.0325
0.033
0.0334
0.0313
0.0311
0.0307
0.0304
0.0306
0.0317
0.0316
0.0328
0.0315
0.0332
0.0348
0.034
0.0332
0.0327
0.0312
0.0328
0.0227
0.0339
0.0314
0.0335
0.0408
0.0344
0.0337
0.0328
0.0318
0.0314
0.0324
0.0347
0.0315
0.0313
0.0315
0.0323
0.0324
0.0323
0.0329
0.0347
0.0321
0.032
0.0318
0.0324
0.0321
0.0336
0.0333
0.0333
0.0331
0.0332
0.0328
0.0339
0.0326
0.0236
0.0345
0.0315
0.0333
0.0318
0.0321
0.0344
0.0332
0.0325
0.0323
0.0309
0.0314
0.2391
0.0414
0.0369
0.0348
0.0352
0.0346
0.0347
0.0318
0.0316
0.0318
0.0319
0.032
0.0325
0.0323
0.0332
0.0326
0.0312
0.0374
0.0346
0.0316
0.0317
0.0223
0.0329
0.0324
0.034
0.0344
0.0346
0.0342
0.0337
0.034
0.0322
0.0316
0.0324
0.0353
0.0337
0.0332
0.0333
0.0325
0.0342
0.0328
0.0337
0.031
0.0328
0.0314
0.0315
0.0321
0.0328
0.0328
0.0344
0.0346
0.0348
0.0335
0.034
0.0349
0.0227
0.0334
0.0324
0.0322
0.0316
0.0315
0.0318
0.0315
0.0311
0.0311
0.032
0.0346
0.0326
0.0325
0.0342
0.0365
0.0346
0.0342
0.0341
0.0333
0.0348
0.0354
0.0313
0.0317
0.0311
0.0314
0.0318
0.0309
0.0323
0.0332
0.0318
0.0305
0.0311
0.0221
0.0329
0.0321
0.0381
0.0334
0.0332
0.0335
0.0316
0.0314
0.0368
0.0337
0.0332
0.0368
0.032
0.0311
0.0384
0.0333
0.0319
0.0419
0.0311
0.0309
0.031
0.0317
0.0322
0.0316
0.0322
0.0312
0.0315
0.0315
0.0315
0.0312
0.0311
0.0317
0.0217
0.0309
0.0369
0.0317
0.0319
0.032
0.0311
0.031
0.031
0.0378
0.034
0.0386
0.0596
0.0469
0.0464
0.0529
0.0507
0.0488
0.0464
0.046
0.0464
0.049
0.0453
0.0457
0.0452
0.0468
0.0475
0.0473
0.0456
0.0463
0.046
0.0454
0.0452
0.0291
0.0477
0.032
0.0319
0.0316
0.0316
0.031
0.032
0.0312
0.0324
0.0313
0.0313
0.0307
0.0315
0.032
0.0319
0.0335
0.0462
0.0472
0.0467
0.0315
0.0314
0.0315
0.0328
0.0304
0.0307
0.0306
0.0306
0.0312
0.0311
0.0452
0.032
0.0318
0.0218
0.0318
0.0314
0.0316
0.0318
0.0311
0.0325
0.0327
0.0499
0.0332
0.044
0.0374
0.0341
0.0328
0.0316
0.0393
0.0352
0.0498
0.0479
0.0448
0.0322
0.0402
0.0378
0.0471
0.0337
0.0529
0.0661
0.0365
0.0451
0.0467
0.0496
0.0463
0.0355
0.0231
0.0331
0.0457
0.0333
0.0534
0.049
0.0495
0.0395
0.0408
0.0504
0.0351
0.0523
0.0384
0.0481
0.0332
0.0345
0.033
0.0449
0.0395
0.0358
0.0387
0.0349
0.0339
0.0496
0.0356
0.0491
0.0492
0.0451
0.0527
0.0618
0.057
0.0445
0.0497
0.0348
0.0394
0.0357
0.0356
0.0333
0.0531

--------------------------
CreateVideoDecoder_D3D11_1
--------------------------
19.0347

---------------------------
DestroyVideoDecoder_D3D11_1
---------------------------
0

----------------
First Frame Time
----------------
64.4414

--------------------------------------
VideoDecoderBeginFrame_WDDM2_4_D3D11_1
--------------------------------------
0.0082
0.0034
0.0024
0.0019
0.0023
0.0017
0.0021
0.0018
0.0019
0.002
0.0028
0.0019
0.0019
0.0023
0.0019
0.0016
0.0027
0.0019
0.0026
0.003
0.002
0.0025
0.0034
0.0021
0.0034
0.002
0.0022
0.0019
0.0024
0.0017
0.0015
0.0025
0.0021
0.0025
0.0023
0.0016
0.002
0.0018
0.0016
0.0015
0.0015
0.0016
0.0026
0.0016
0.0016
0.0016
0.0016
0.0015
0.0016
0.0016
0.0016
0.0019
0.0016
0.0016
0.0018
0.0016
0.0016
0.0015
0.0016
0.0016
0.0016
0.0015
0.0015
0.0027
0.0016
0.0015
0.002
0.0017
0.0017
0.0033
0.0021
0.0018
0.0018
0.0017
0.0018
0.0019
0.0017
0.0016
0.0017
0.0015
0.0018
0.0017
0.0018
0.0016
0.0016
0.0015
0.0017
0.0015
0.0015
0.0017
0.0015
0.0016
0.0017
0.0019
0.0028
0.0016
0.0016
0.0015
0.0017
0.0017
0.0019
0.0016
0.0017
0.0017
0.0016
0.0016
0.0019
0.0018
0.0017
0.0017
0.0017
0.0016
0.0015
0.0026
0.0019
0.0016
0.0026
0.0019
0.002
0.0016
0.0018
0.0016
0.003
0.0029
0.0027
0.0019
0.0019
0.0018
0.0018
0.0016
0.0019
0.0017
0.002
0.0018
0.0017
0.0018
0.0015
0.0018
0.0017
0.0018
0.0015
0.0055
0.0017
0.0017
0.0016
0.0019
0.0017
0.0017
0.0015
0.0018
0.0018
0.0026
0.0022
0.0032
0.0019
0.0026
0.0021
0.002
0.0015
0.0017
0.0016
0.0019
0.0016
0.0017
0.0016
0.0018
0.0016
0.0018
0.0017
0.0018
0.0017
0.0018
0.0016
0.0018
0.0015
0.0017
0.0015
0.0017
0.0015
0.0019
0.0016
0.0018
0.0016
0.0028
0.002
0.0021
0.0018
0.0018
0.0016
0.0018
0.0016
0.0019
0.0015
0.0018
0.0015
0.0018
0.0016
0.0017
0.0021
0.0018
0.0014
0.0017
0.0019
0.0016
0.0028
0.002
0.0017
0.0017
0.0016
0.0016
0.0016
0.0029
0.0016
0.0018
0.0016
0.0016
0.0015
0.0017
0.0014
0.0017
0.0016
0.0016
0.0017
0.0015
0.0015
0.0015
0.0015
0.0017
0.0017
0.0016
0.002
0.0018
0.0017
0.0016
0.0016
0.0016
0.0016
0.0016
0.0015
0.0017
0.0017
0.0017
0.0016
0.0021
0.0019
0.0017
0.0017
0.0016
0.0017
0.0017
0.0017
0.0017
0.0017
0.002
0.0016
0.002
0.0021
0.0017
0.0024
0.0017
0.0016
0.0016
0.0016
0.0018
0.0018
0.0018
0.0016
0.002
0.0018
0.002
0.0019
0.0017
0.0017
0.0017
0.0019
0.0017
0.0017
0.0017
0.0017
0.0017
0.0017
0.0017
0.0016
0.0016
0.0016
0.0015
0.0016
0.0017
0.0016
0.0016
0.0016
0.0017
0.0017
0.0016
0.0017
0.0016
0.0018
0.0017
0.0018
0.0016
0.0018
0.0018
0.0018
0.002
0.002
0.0016
0.0015
0.0016
0.0017
0.0016
0.0017
0.0016
0.0016
0.0016
0.0016
0.0018
0.0116
0.0015
0.0017
0.0016
0.0016
0.0016
0.0018
0.0017
0.0017
0.0017
0.0017
0.0016
0.0016
0.0019
0.0018
0.0017
0.0016
0.0017
0.0016
0.0016
0.0017
0.0017
0.0017
0.0016
0.0024
0.0016
0.0016
0.0033
0.0036
0.0018
0.0018
0.0018
0.0018
0.0018
0.0017
0.0016
0.0016
0.0017
0.0016
0.0017
0.0016
0.0017
0.0018
0.0036
0.0022
0.002
0.0018
0.0018
0.0017
0.0016
0.0019
0.0018
0.0017
0.0018
0.0017
0.0018
0.0016
0.0016
0.0016
0.0016
0.0018
0.0017
0.0018
0.0017
0.0018
0.0017
0.0017
0.0015
0.0019
0.0017
0.0015
0.0019
0.0017
0.0016
0.0018
0.002
0.0017
0.0019
0.0019
0.0018
0.0022
0.0018
0.0016
0.0017
0.0016
0.0017
0.0016
0.0021
0.0024
0.0016
0.0016
0.0017
0.0018
0.0016
0.0017
0.0019
0.0018
0.0017
0.0018
0.0017
0.0017
0.0019
0.0017
0.0015
0.0016
0.0016
0.0016
0.0016
0.0016
0.0017
0.002
0.0015
0.0016
0.0019
0.0018
0.0016
0.0018
0.0017
0.0019
0.0017
0.0016
0.0015
0.0025
0.0019
0.002
0.0027
0.0016
0.0016
0.0026
0.0023
0.002
0.0018
0.0018
0.0017
0.0018
0.0018
0.0019
0.0016
0.0018
0.0016
0.0018
0.0016
0.0018
0.0016
0.0018
0.0016
0.0018
0.0016
0.0017
0.0017
0.0018
0.0019
0.0018
0.0015
0.0017
0.0028
0.0019
0.0025
0.0128
0.0026
0.0028
0.0033
0.0029
0.0026
0.0024
0.0025
0.0026
0.0027
0.0024
0.0026
0.0024
0.0025
0.0028
0.0026
0.0025
0.0026
0.0025
0.0025
0.0025
0.0025
0.0028
0.0018
0.0018
0.0018
0.0016
0.0015
0.0016
0.0016
0.0015
0.0018
0.0016
0.0016
0.0017
0.0017
0.0018
0.0016
0.0025
0.0024
0.0025
0.0018
0.0017
0.0017
0.0019
0.0016
0.0017
0.0015
0.0019
0.0016
0.0017
0.0022
0.002
0.0017
0.0017
0.0017
0.0018
0.0016
0.0018
0.0016
0.0017
0.0017
0.0026
0.0018
0.0025
0.0023
0.002
0.0017
0.0016
0.0028
0.0021
0.0027
0.0025
0.002
0.002
0.0027
0.0023
0.0027
0.0018
0.0036
0.0028
0.0023
0.0075
0.0029
0.0028
0.0026
0.0024
0.0022
0.0018
0.0026
0.0018
0.003
0.0028
0.0025
0.0021
0.0028
0.0031
0.002
0.003
0.0024
0.0029
0.0026
0.0019
0.0016
0.0017
0.0028
0.0021
0.0025
0.0021
0.0021
0.0036
0.003
0.0025
0.0032
0.0027
0.0029
0.0053
0.0032
0.0032
0.0032
0.0027
0.0028
0.0021
0.0019
0.0018
0.0032

----------------------------
VideoDecoderEndFrame_D3D11_1
----------------------------
0.0356
0.0575
0.0531
0.0636
0.0588
0.0607
0.0633
0.063
0.0571
0.0584
0.0682
0.0637
0.0635
0.0649
0.062
0.0623
0.0674
0.064
0.0605
0.0673
0.0651
0.0664
0.0621
0.0592
0.0588
0.0519
0.0546
0.05
0.0522
0.0514
0.0506
0.0545
0.0598
0.0762
0.0511
0.0713
0.1074
0.0528
0.0505
0.0515
0.0516
0.0505
0.0536
0.0502
0.0509
0.0517
0.0504
0.0499
0.05
0.0508
0.0502
0.0511
0.0501
0.0497
0.0506
0.0516
0.0497
0.0491
0.0507
0.0522
0.0525
0.0501
0.05
0.0545
0.0505
0.0508
0.0512
0.051
0.0715
0.1049
0.0547
0.0535
0.056
0.0557
0.0545
0.0544
0.0532
0.0555
0.0517
0.0519
0.051
0.0516
0.0512
0.0507
0.0518
0.0526
0.0518
0.0512
0.0516
0.0516
0.0509
0.0514
0.0518
0.0514
0.0552
0.0508
0.0509
0.0515
0.051
0.0508
0.0519
0.0785
0.0503
0.0506
0.0501
0.0694
0.051
0.0722
0.0985
0.0522
0.0502
0.0502
0.0514
0.0545
0.0508
0.0517
0.0547
0.0516
0.051
0.051
0.0508
0.0505
0.0603
0.0539
0.0549
0.0515
0.0531
0.0516
0.0514
0.051
0.0522
0.0502
0.0517
0.0528
0.0515
0.0507
0.0508
0.0507
0.051
0.0506
0.0514
0.0529
0.0502
0.0505
0.0506
0.0511
0.051
0.0514
0.0511
0.0504
0.0505
0.0561
0.0779
0.1034
0.0529
0.0713
0.0521
0.0514
0.0509
0.0509
0.0502
0.0509
0.0503
0.0519
0.0511
0.0505
0.0506
0.0504
0.0513
0.0512
0.0558
0.0528
0.0512
0.0516
0.0512
0.051
0.0502
0.0509
0.0513
0.0521
0.0536
0.0505
0.0573
0.0582
0.051
0.0512
0.0512
0.0516
0.0505
0.0505
0.0507
0.051
0.0506
0.0516
0.0503
0.0518
0.0525
0.0506
0.0527
0.0518
0.0504
0.0503
0.0502
0.0533
0.0546
0.0531
0.0505
0.0504
0.0516
0.0516
0.051
0.0609
0.0506
0.0512
0.0514
0.0509
0.0532
0.0511
0.0534
0.053
0.0502
0.0507
0.0503
0.0512
0.0498
0.0508
0.05
0.0513
0.0508
0.0502
0.0502
0.0529
0.0502
0.0506
0.056
0.0503
0.0507
0.0515
0.053
0.0507
0.0505
0.0645
0.0635
0.0505
0.0522
0.0523
0.0528
0.0516
0.0511
0.0551
0.0499
0.053
0.0532
0.053
0.0574
0.0658
0.0545
0.0524
0.0512
0.0539
0.0533
0.0528
0.052
0.0537
0.0564
0.0537
0.055
0.0546
0.0566
0.0588
0.0531
0.053
0.0571
0.0563
0.0534
0.0556
0.0556
0.0551
0.0552
0.0562
0.0552
0.054
0.0527
0.0521
0.0536
0.0524
0.0528
0.0533
0.0542
0.0547
0.0536
0.057
0.0546
0.054
0.0525
0.0539
0.054
0.0574
0.0534
0.054
0.0564
0.0564
0.0552
0.0537
0.0552
0.0535
0.0562
0.0552
0.0581
0.0531
0.0557
0.0526
0.0546
0.0537
0.056
0.0546
0.0572
0.0536
0.052
0.0556
0.0543
0.0572
0.0588
0.0536
0.0546
0.0544
0.057
0.056
0.0554
0.0537
0.0529
0.0558
0.0532
0.0534
0.0551
0.0566
0.0565
0.0563
0.055
0.0537
0.0528
0.0529
0.0523
0.0576
0.0795
0.0545
0.0566
0.0613
0.0582
0.0538
0.0543
0.0534
0.0527
0.055
0.0546
0.0549
0.0554
0.0533
0.054
0.0573
0.057
0.053
0.0553
0.0529
0.0553
0.0548
0.0587
0.0567
0.055
0.055
0.0568
0.0551
0.0557
0.0527
0.055
0.0529
0.0546
0.0557
0.0557
0.0557
0.0559
0.0528
0.0557
0.0522
0.0536
0.0528
0.0519
0.0526
0.0537
0.0537
0.0575
0.0544
0.0554
0.0542
0.0592
0.0556
0.0525
0.052
0.0534
0.0544
0.0526
0.0531
0.0532
0.0557
0.0537
0.0527
0.0516
0.053
0.0539
0.0545
0.056
0.0607
0.0572
0.06
0.0545
0.0553
0.0575
0.055
0.0542
0.0537
0.0521
0.0537
0.0525
0.0546
0.0531
0.0541
0.0524
0.0526
0.0519
0.0543
0.0538
0.0534
0.0547
0.0532
0.0549
0.0529
0.0528
0.0553
0.0529
0.0513
0.0515
0.0522
0.0506
0.0502
0.0535
0.0521
0.0503
0.0518
0.0507
0.0509
0.0508
0.0516
0.0511
0.0505
0.0502
0.0502
0.0506
0.0502
0.051
0.0506
0.0501
0.0507
0.0505
0.0503
0.0506
0.0507
0.0514
0.0514
0.0501
0.0492
0.0503
0.0544
0.0629
0.053
0.0828
0.0751
0.0745
0.0816
0.0786
0.0807
0.0789
0.0779
0.0783
0.0784
0.0771
0.0765
0.0771
0.0799
0.0778
0.0777
0.0767
0.079
0.0772
0.076
0.0779
0.0716
0.0779
0.0521
0.0518
0.0519
0.0508
0.0515
0.0515
0.0515
0.0522
0.0524
0.0523
0.0518
0.0516
0.0576
0.0561
0.0644
0.0792
0.0812
0.085
0.0535
0.054
0.0617
0.0519
0.0521
0.0514
0.0499
0.051
0.0513
0.0518
0.0788
0.0521
0.0511
0.0506
0.0531
0.0496
0.0516
0.0504
0.0623
0.0689
0.0849
0.0697
0.074
0.0995
0.0708
0.0784
0.0761
0.0667
0.0712
0.0766
0.0958
0.0896
0.0705
0.0573
0.0856
0.0842
0.0671
0.0571
0.0816
0.0829
0.0566
0.0606
0.069
0.0816
0.0754
0.0574
0.0505
0.0522
0.0755
0.0557
0.0781
0.0779
0.0752
0.0581
0.0728
0.0675
0.087
0.0598
0.0704
0.0764
0.0544
0.0542
0.0537
0.0679
0.0889
0.0602
0.0826
0.0579
0.0764
0.0845
0.0733
0.0876
0.0756
0.0763
0.0903
0.0856
0.0725
0.0671
0.0795
0.0598
0.0988
0.0676
0.0634
0.055
0.0592

---------------------------------
VideoDecoderSubmitBuffers_D3D11_1
---------------------------------
6.5203
15.6465
9.1873
5.9479
5.1953
1.0888
1.0261
0.9867
0.8578
0.8245
0.771
0.8902
0.85
0.914
0.8346
0.8894
0.7058
0.8777
0.7668
0.8883
0.8643
0.9542
0.9123
0.9849
0.4792
0.421
0.4011
0.3841
0.3764
0.5906
0.792
0.7045
2.7543
2.0617
0.8152
0.4003
0.4023
0.3891
0.6088
0.7401
0.7519
0.7922
0.7683
0.3817
0.5211
0.7186
0.7761
0.7331
0.384
0.7442
0.3759
0.4124
0.3726
0.3723
0.6183
0.3724
0.5048
0.7514
0.797
0.7894
0.3796
0.4952
0.7339
0.7851
0.7479
0.6941
0.4735
2.6467
0.3791
0.4859
0.4054
0.4022
0.4123
0.4082
0.3869
0.3844
0.3816
0.388
0.3699
0.3711
0.3744
0.3745
0.3755
0.3755
0.3749
0.3759
0.3752
0.3763
0.3716
0.3724
0.3775
0.3793
0.3764
0.3898
0.3797
0.648
0.7755
0.8216
0.6772
0.4949
0.3973
0.3905
0.379
0.3812
0.4162
0.5675
1.9825
0.383
0.3883
0.3947
0.3866
0.3881
0.7065
0.7268
0.7567
0.8091
0.439
0.4338
0.7644
0.8074
0.7707
0.8018
0.7646
0.7085
0.671
0.7593
0.7646
0.8078
0.7781
0.8023
0.3813
0.3797
0.3641
0.3806
0.3663
0.3872
0.4961
0.6188
0.6624
0.7494
0.8128
0.7644
0.804
0.7696
0.8013
0.3816
0.7402
0.7526
0.7935
0.3841
0.5144
1.8384
0.397
0.4359
0.3927
0.4321
0.3949
0.4449
0.789
0.3883
0.6611
0.7653
0.7779
0.7561
0.5607
0.3688
0.3873
0.6709
0.3814
0.3849
0.3855
0.3968
0.3778
0.7184
0.6958
0.776
0.7849
0.7344
0.7376
0.3836
0.38
0.3782
1.4873
0.4484
0.3935
0.4049
0.646
0.7316
0.7805
0.7603
0.7767
0.7365
0.795
0.7403
0.7771
0.7485
0.7892
0.5041
0.3661
0.3864
0.3734
0.3853
0.3896
0.3808
0.4415
0.3956
0.3738
0.3903
0.5579
0.797
0.8204
0.7318
0.3828
0.4126
0.7242
0.7679
0.8141
0.7675
0.8088
0.7483
0.7583
0.7813
0.3778
0.5242
0.7027
0.7851
0.7232
0.3946
0.3978
0.678
0.4071
0.3658
0.3794
0.3726
0.3721
0.4804
0.6322
0.3925
0.523
0.3871
0.5633
1.4956
0.3822
0.3832
0.6276
0.3801
0.3818
0.3763
0.3781
0.388
0.3775
0.3786
0.3751
0.5917
0.3995
0.4008
0.4013
0.3752
0.3749
0.3729
0.3977
0.3765
0.3754
0.3852
0.3771
0.4024
0.3979
0.4047
0.4099
0.4389
0.4049
0.3982
0.3929
0.3949
0.3976
0.4146
0.4013
0.407
0.4052
0.4085
0.4082
0.3836
0.3742
0.3803
0.3724
0.3792
0.383
0.3922
0.3932
0.4
0.4046
0.4252
0.4179
0.4073
0.4014
0.3864
0.3965
0.38
0.4053
0.3974
0.4092
0.4224
0.4147
0.4011
0.3947
0.3857
0.3963
0.3961
0.4161
0.3865
0.3929
0.382
0.3861
0.3977
0.4121
0.4036
0.4
0.3874
0.3868
0.3912
0.3919
0.4274
0.4141
0.4085
0.4067
0.4073
0.4089
0.4053
0.4052
0.3983
0.3878
0.4051
0.3823
0.4011
0.3943
0.4052
0.4139
0.408
0.3959
0.3954
0.38
0.385
1.9847
0.4767
0.4404
0.4182
0.4256
0.4207
0.424
0.3878
0.3899
0.3921
0.3856
0.3971
0.4065
0.4006
0.4027
0.3995
0.3851
0.4457
0.3976
0.3832
0.3838
0.3695
0.3976
0.4147
0.4221
0.4094
0.4135
0.4139
0.4244
0.4148
0.3904
0.3863
0.3969
0.4117
0.413
0.4012
0.4037
0.396
0.405
0.3991
0.3966
0.3783
0.3878
0.384
0.3933
0.3894
0.3942
0.4039
0.4186
0.4144
0.4092
0.4132
0.4231
0.4201
0.3764
0.3962
0.4093
0.3854
0.3792
0.3877
0.3851
0.3847
0.3768
0.3763
0.3788
0.391
0.401
0.391
0.405
0.4458
0.4153
0.4146
0.4071
0.4057
0.4188
0.4128
0.3984
0.3807
0.3813
0.3784
0.382
0.3893
0.385
0.3985
0.3831
0.37
0.3775
0.3695
0.3931
0.3897
0.4159
0.3944
0.3973
0.4023
0.3764
0.3821
0.4152
0.3961
0.3897
0.4541
0.3856
0.7253
0.4378
0.394
0.3808
0.4801
0.6935
0.7758
0.7451
0.389
0.387
0.7506
0.6935
0.7364
0.7483
0.7729
0.7345
0.7755
0.7289
0.5407
0.3667
0.3834
0.3886
0.3827
0.6025
0.3974
0.5389
0.7576
0.7745
0.4458
0.3891
0.6167
0.8771
0.5933
0.5851
0.6364
0.609
0.6079
0.5759
0.587
0.5896
0.5979
0.5805
0.5793
0.5725
0.5946
0.6034
0.5905
0.5776
0.58
0.5804
0.5763
0.5766
0.5491
0.5903
0.3855
0.377
0.3793
0.3786
0.3773
0.3785
0.381
0.379
0.3759
0.3785
0.3772
0.3784
0.3902
0.3848
0.3887
0.584
0.5931
0.5944
0.3779
0.3748
0.3856
0.3867
0.3686
0.3743
0.3675
0.3768
0.3786
0.3791
0.5925
0.3816
0.3819
0.3637
0.3736
0.3798
0.377
0.3821
0.4169
0.4475
0.4048
0.6081
0.4339
0.5905
0.4239
0.4312
0.3994
0.3968
0.4668
0.4283
0.5999
0.5996
0.6185
0.3987
0.4591
0.447
0.5041
0.4027
0.6436
0.7563
0.4601
0.4502
0.4715
0.5975
0.5817
0.4081
0.371
0.3854
0.5605
0.3937
0.6054
0.5662
0.5933
0.4105
0.4445
0.6018
0.4766
0.5169
0.4636
0.574
0.39
0.3991
0.3923
0.3989
0.4629
0.4978
0.42
0.4762
0.4691
0.6019
0.4684
0.6071
0.5564
0.597
0.6243
0.6709
0.5682
0.4777
0.6086
0.4922
0.4407
0.4042
0.4437
0.4298
0.4867

