---------------------------------------------
CalcPrivateVideoDecoderOutputViewSize_D3D11_1
---------------------------------------------
0.0027
0.0047
0.0018
0.0015
0.0017
0.0012
0.0015
0.0014
0.001
0.0025
0.0012
0.001
0.0008
0.0027
0.0012
0.001
0.0025
0.0013
0.001
0.0036
0.001
0.0008
0.0008
0.0019
0.0012
0.0011
0.0009
0.0011
0.0023
0.0021
0.0013
0.0016
0.0014
0.0017
0.0014
0.001
0.0017
0.0021
0.0017
0.0018
0.0012
0.0019
0.0026
0.0011
0.0011
0.0011
0.0008
0.0012
0.0011
0.0007
0.0008
0.0009
0.0019
0.0011
0.0011
0.0009
0.0008
0.0018
0.0009
0.0007
0.0007
0.0007
0.0008
0.0023
0.0008
0.0009
0.001
0.0009
0.0006
0.0008
0.001
0.001
0.0007
0.0007
0.0007
0.0007
0.0007
0.0006
0.0009
0.0008
0.0006
0.0008
0.0007
0.0007
0.0008
0.0007
0.0008
0.0007
0.0007
0.0009
0.0008
0.0008
0.0007
0.0007
0.0022
0.0007
0.0008
0.0008
0.0009
0.0007
0.0007
0.0021
0.0008
0.001
0.001
0.0009
0.0006
0.0007
0.0007
0.0009
0.0008
0.0008
0.0007
0.0008
0.0009
0.0007
0.0007
0.0007
0.0007
0.0007
0.0008
0.0008
0.0008
0.0008
0.0006
0.0006
0.0008
0.0008
0.0008
0.001
0.0007
0.001
0.0008
0.0006
0.0008
0.0007
0.0008
0.0008
0.0007
0.0008
0.0008
0.0023
0.0007
0.0006
0.0007
0.0007
0.0008
0.0008
0.0007
0.0007
0.0007
0.0007
0.0007
0.0006
0.0007
0.0007
0.0007
0.0007
0.0006
0.0006
0.0008
0.0007
0.0006
0.001
0.0007
0.0007
0.0008
0.001
0.0008
0.0007
0.0007
0.0007
0.0008
0.0007
0.0007
0.0008
0.0009
0.0007
0.0006
0.0007
0.0008
0.0007
0.0006
0.0008
0.0007
0.0007
0.0006
0.0007
0.0007
0.0007
0.0008
0.0007
0.0007
0.0006
0.0007
0.0008
0.0008
0.0006
0.0007
0.0008
0.0009
0.0007
0.0007
0.0006
0.0007
0.0007
0.0016
0.0007
0.0007
0.0009
0.0007
0.0026
0.0007
0.0007
0.0006
0.0007
0.001
0.0006
0.0007
0.0007
0.0006
0.0006
0.0008
0.0007
0.0007
0.0006
0.0006
0.0007
0.0006
0.0008
0.0007
0.0007
0.0006
0.0009
0.0007
0.0006
0.0006
0.0006
0.0006
0.0008
0.0009
0.0007
0.0008
0.0007
0.001
0.0009
0.0007
0.0007
0.0007
0.0006
0.0006
0.0006
0.0006
0.0007
0.0007
0.0007
0.0008
0.0008
0.0015
0.002
0.0013
0.0009
0.0007
0.0014
0.0012
0.0009
0.0011
0.0017
0.0017
0.0011
0.0009
0.0008
0.0006
0.0007
0.0007
0.0007
0.0007
0.0008
0.0006
0.0007
0.0009
0.0007
0.0007
0.0006
0.0006
0.0007
0.0007
0.0007
0.001
0.0007
0.0006
0.0007
0.0008
0.0008
0.0009
0.0008
0.0008
0.0007
0.0008
0.001
0.0008
0.0008
0.0007
0.0008
0.0008
0.0009
0.0021
0.0012
0.001
0.0012
0.0009
0.0007
0.0007
0.001
0.0008
0.0008
0.0027
0.0018
0.001
0.0008
0.0008
0.0009
0.0008
0.0007
0.001
0.0008
0.0008
0.0007
0.0007
0.0014
0.0009
0.0008
0.0007
0.0007
0.0008
0.0007
0.0009
0.0006
0.0008
0.0006
0.0009
0.0007
0.0008
0.001
0.0019
0.0013
0.0011
0.001
0.0009
0.0009
0.0008
0.0009
0.0008
0.0008
0.0009
0.0015
0.0007
0.0008
0.0007
0.0007
0.001
0.0008
0.0008
0.0008
0.0008
0.0008
0.001
0.0008
0.0011
0.0009
0.0009
0.0008
0.0008
0.0009
0.0008
0.0007
0.0007
0.0006
0.0007
0.0007
0.0009
0.0007
0.0019
0.0014
0.0013
0.0008
0.0007
0.0009
0.0008
0.0021
0.0016
0.001
0.0009
0.0008
0.001
0.0009
0.0008
0.001
0.0008
0.0007
0.001
0.0007
0.002
0.0012
0.0009
0.0009
0.0009
0.0025
0.0012
0.0009
0.002
0.001
0.0008
0.0007
0.0008
0.0007
0.0006
0.0008
0.0007
0.0007
0.0009
0.0008
0.001
0.0007
0.0007
0.0007
0.0009
0.0021
0.0011
0.0007
0.0008
0.0006
0.0007
0.0009
0.0008
0.001
0.0008
0.0007
0.0007
0.0007
0.0008
0.0009
0.0008
0.001
0.0008
0.002
0.0011
0.0008
0.0009
0.0008
0.0007
0.0008
0.0008
0.002
0.001
0.0008
0.0008
0.0007
0.0007
0.0007
0.001
0.0008
0.0019
0.0009
0.0007
0.0008
0.0008
0.0007
0.0007
0.0009
0.0007
0.002
0.0015
0.0011
0.0127
0.001
0.0008
0.0007
0.0008
0.0007
0.0008
0.0007
0.0007
0.0006
0.0006
0.0006
0.0009
0.0007
0.0006
0.0007
0.0006
0.0007
0.0011
0.0007
0.0007
0.0007
0.0006
0.0006
0.0007
0.0006

-----------------------
CodechalDecode::Execute
-----------------------
1.1404
1.382
0.5003
0.8808
2.6974
0.4149
0.3839
0.3952
0.3059
0.4258
0.3113
0.2994
0.3039
0.3424
0.3248
0.3302
0.4142
0.3152
0.3054
0.3105
0.3033
0.3021
0.3023
0.4469
0.3028
0.301
0.3001
0.3042
0.3048
0.372
0.3146
0.3291
0.321
0.3347
0.3235
0.3075
0.3325
0.3604
0.3286
0.3304
0.307
0.3641
0.3106
0.3044
0.2953
0.2995
0.2961
0.2946
0.2943
0.2003
0.2951
0.2926
0.3598
0.2964
0.3028
0.3004
0.2984
0.2954
0.2948
0.2922
0.2909
0.307
0.2966
0.3033
0.2949
0.2921
0.2979
0.3106
0.2961
0.2983
0.3016
0.298
0.2915
0.2904
0.2885
0.2951
0.2953
0.2948
0.294
0.2906
0.2887
0.2897
0.2952
0.2961
0.3018
0.2884
0.2915
0.2901
0.2964
0.2995
0.2974
0.2952
0.288
0.2903
0.2963
0.2953
0.2947
0.297
0.1944
0.2977
0.2907
0.3709
0.2983
0.3035
0.2967
0.2947
0.297
0.3021
0.2972
0.3012
0.3025
0.3107
0.2998
0.2908
0.2904
0.2895
0.2893
0.2966
0.2995
0.2913
0.2914
0.2895
0.2897
0.2947
0.296
0.2952
0.3086
0.288
0.2903
0.2974
0.3011
0.301
0.2954
0.2948
0.2933
0.2916
0.29
0.2888
0.3064
0.2998
0.2963
0.3049
0.2895
0.2894
0.2939
0.2962
0.2996
0.2009
0.2894
0.3008
0.2892
0.2902
0.2962
0.2967
0.2962
0.3147
0.293
0.2901
0.2889
0.2908
0.2957
0.2961
0.2924
0.2986
0.292
0.2902
0.2895
0.2956
0.2953
0.2955
0.2958
0.2947
0.295
0.2902
0.2914
0.2905
0.2932
0.2942
0.2952
0.2964
0.294
0.289
0.2889
0.2894
0.2891
0.2954
0.2938
0.3006
0.2938
0.3118
0.293
0.2882
0.2896
0.2898
0.2908
0.2901
0.1994
0.2965
0.294
0.2945
0.2925
0.2898
0.2968
0.2902
0.2906
0.303
0.2953
0.2968
0.3012
0.2954
0.3
0.2997
0.2974
0.2901
0.2889
0.2891
0.3033
0.2944
0.2948
0.2964
0.296
0.2956
0.2912
0.2916
0.2895
0.2972
0.2892
0.2925
0.2969
0.2983
0.2962
0.3025
0.2954
0.2999
0.2895
0.2878
0.2893
0.2898
0.2891
0.2911
0.2982
0.2974
0.2984
0.2956
0.2932
0.1917
0.2894
0.29
0.2886
0.2945
0.2965
0.2941
0.2977
0.3001
0.2986
0.2961
0.2927
0.2893
0.2897
0.3679
0.3397
0.303
0.2992
0.337
0.3064
0.2984
0.3125
0.4291
0.3394
0.3046
0.3047
0.2946
0.298
0.3114
0.3118
0.2956
0.299
0.291
0.2952
0.3002
0.2918
0.2889
0.2946
0.2966
0.2968
0.302
0.3095
0.2961
0.2977
0.2938
0.2875
0.3032
0.3218
0.294
0.1934
0.292
0.3033
0.2984
0.2989
0.3
0.2954
0.3018
0.2911
0.3005
0.2979
0.299
0.3736
0.3086
0.3028
0.3057
0.2993
0.2975
0.2985
0.2952
0.2909
0.3162
0.3134
0.3691
0.2983
0.2966
0.3021
0.3055
0.2919
0.2902
0.3048
0.2984
0.2964
0.3061
0.2959
0.2967
0.3056
0.3144
0.2965
0.3008
0.2978
0.304
0.3064
0.2976
0.2977
0.3017
0.2945
0.2909
0.2965
0.2022
0.3672
0.336
0.3108
0.2957
0.2958
0.3002
0.2974
0.3001
0.3299
0.2938
0.2991
0.3048
0.3038
0.2983
0.3058
0.3072
0.3017
0.2967
0.2905
0.2918
0.2972
0.2968
0.3101
0.2964
0.3111
0.2956
0.3026
0.2974
0.2996
0.2961
0.2913
0.3
0.2911
0.2969
0.298
0.2993
0.3263
0.2931
0.3632
0.316
0.3058
0.3205
0.2977
0.3033
0.2978
0.3663
0.3252
0.3195
0.2064
0.3063
0.3041
0.3029
0.3056
0.3199
0.3012
0.3034
0.2967
0.3099
0.3721
0.3067
0.2953
0.2923
0.3151
0.3997
0.3261
0.3044
0.3813
0.3034
0.2964
0.2952
0.2942
0.2937
0.2988
0.3021
0.2974
0.2997
0.2979
0.2923
0.2958
0.2919
0.2904
0.3001
0.298
0.3688
0.2985
0.2958
0.2939
0.2942
0.3072
0.2987
0.298
0.3008
0.2931
0.2918
0.2916
0.2909
0.295
0.2002
0.2988
0.297
0.291
0.3661
0.2954
0.2927
0.3133
0.3014
0.2997
0.3001
0.2934
0.3617
0.2959
0.2908
0.3003
0.3073
0.2952
0.2987
0.3158
0.2951
0.3614
0.297
0.2935
0.2916
0.2946
0.2969
0.2972
0.2909
0.2919
0.3595
0.3311
0.3168
0.3202
0.3024
0.3046
0.3043
0.2999
0.302
0.2977
0.3021
0.3029
0.3082
0.2974
0.3013
0.3156
0.2947
0.2928
0.298
0.2038
0.3048
0.3116
0.3018
0.3018
0.2975
0.2957
0.2976
0.3072
0.2947

---------------------------------------
CodechalDecodeHevcG12::DecodeStateLevel
---------------------------------------
0.3142
0.184
0.1327
0.1416
0.1183
0.1254
0.0982
0.1028
0.1003
0.1372
0.1
0.0952
0.097
0.1115
0.1022
0.1177
0.1519
0.1024
0.0986
0.0979
0.0953
0.0954
0.0945
0.1405
0.0971
0.0964
0.0955
0.096
0.0964
0.1279
0.1022
0.1079
0.1056
0.1121
0.1017
0.1015
0.1089
0.1236
0.1082
0.1097
0.1008
0.1251
0.1003
0.098
0.095
0.0951
0.0945
0.0925
0.093
0.0879
0.0939
0.0925
0.1264
0.0932
0.0958
0.0946
0.0935
0.0947
0.0942
0.0932
0.0927
0.0931
0.0932
0.0955
0.0942
0.0926
0.0943
0.0945
0.0926
0.0947
0.0947
0.0936
0.0929
0.0919
0.0913
0.0925
0.093
0.0931
0.0939
0.0912
0.0905
0.0915
0.0941
0.0928
0.0951
0.0904
0.0929
0.0911
0.0933
0.0952
0.0941
0.0932
0.092
0.0908
0.0926
0.0921
0.0932
0.0933
0.0867
0.0926
0.0918
0.1374
0.0933
0.0957
0.094
0.0932
0.0955
0.0957
0.093
0.095
0.0959
0.1051
0.0944
0.0927
0.0919
0.0921
0.0907
0.0928
0.0945
0.0923
0.0927
0.0908
0.0904
0.0926
0.0931
0.0929
0.0939
0.0905
0.0915
0.0947
0.0971
0.0945
0.0932
0.093
0.0928
0.0925
0.0908
0.0903
0.093
0.094
0.0926
0.0956
0.0916
0.091
0.0937
0.0931
0.0943
0.0897
0.0918
0.0982
0.0915
0.0918
0.0924
0.0943
0.093
0.0933
0.0941
0.0911
0.0912
0.0926
0.0937
0.0931
0.0921
0.0959
0.0935
0.0911
0.0918
0.0942
0.094
0.093
0.0936
0.0931
0.095
0.0917
0.0938
0.0923
0.0946
0.092
0.0928
0.0932
0.0937
0.09
0.0916
0.0917
0.0914
0.0932
0.0934
0.0946
0.0927
0.1083
0.093
0.091
0.0908
0.092
0.0927
0.0913
0.0894
0.0932
0.0919
0.0918
0.0946
0.0923
0.0925
0.0908
0.0924
0.0936
0.093
0.0918
0.0958
0.0924
0.0951
0.0969
0.0937
0.0913
0.092
0.0912
0.0936
0.0927
0.0933
0.0928
0.0933
0.0925
0.0931
0.0921
0.0905
0.0929
0.0916
0.0924
0.0929
0.0929
0.093
0.0971
0.0922
0.095
0.0923
0.0901
0.0927
0.0928
0.0904
0.0919
0.0935
0.094
0.0938
0.0921
0.0946
0.0848
0.0915
0.0907
0.0919
0.0934
0.0945
0.093
0.0937
0.0943
0.0927
0.0923
0.0938
0.0909
0.0925
0.1256
0.1105
0.0961
0.0948
0.1157
0.1005
0.0953
0.1071
0.1436
0.1134
0.0975
0.0984
0.0938
0.0942
0.1025
0.1001
0.0929
0.0955
0.0931
0.0925
0.0955
0.0926
0.0911
0.0975
0.0946
0.0939
0.0962
0.0979
0.0937
0.0946
0.0951
0.0915
0.0955
0.0979
0.093
0.0866
0.0921
0.0954
0.0955
0.0943
0.0953
0.0947
0.0953
0.0917
0.0946
0.0936
0.0949
0.1264
0.0999
0.0956
0.0968
0.0941
0.0932
0.0949
0.0941
0.0916
0.1186
0.0946
0.1226
0.0942
0.094
0.0981
0.0963
0.0933
0.0914
0.0959
0.0936
0.0928
0.0954
0.0936
0.0937
0.0964
0.0989
0.0933
0.0957
0.0937
0.0955
0.0961
0.0941
0.0952
0.0964
0.0938
0.092
0.0938
0.0878
0.1258
0.1041
0.0997
0.0936
0.0941
0.0951
0.0938
0.0947
0.0948
0.093
0.0949
0.0975
0.0951
0.0945
0.0954
0.096
0.0955
0.093
0.0912
0.0925
0.0937
0.0933
0.0979
0.0929
0.0925
0.0934
0.0956
0.0928
0.0946
0.0939
0.0914
0.0946
0.0927
0.0943
0.0943
0.0942
0.1142
0.0925
0.1254
0.1013
0.0977
0.1132
0.0942
0.0962
0.0946
0.125
0.104
0.1014
0.0894
0.1052
0.0955
0.0945
0.0953
0.098
0.095
0.0953
0.0935
0.0943
0.1273
0.0962
0.0948
0.0921
0.1078
0.135
0.104
0.0985
0.1355
0.0971
0.0945
0.0938
0.0946
0.0929
0.0942
0.0971
0.0941
0.0947
0.0949
0.0914
0.0938
0.0926
0.0913
0.0942
0.0938
0.1261
0.0963
0.0939
0.0931
0.0929
0.0961
0.0931
0.0945
0.0943
0.0939
0.0921
0.0924
0.092
0.0941
0.0881
0.0945
0.0944
0.0935
0.1255
0.0938
0.0927
0.0947
0.0948
0.0958
0.0944
0.0932
0.1236
0.095
0.092
0.095
0.0969
0.0939
0.0935
0.0948
0.093
0.1258
0.0946
0.0936
0.0921
0.0928
0.093
0.094
0.0924
0.0929
0.1237
0.1091
0.1027
0.1011
0.0939
0.096
0.0957
0.094
0.0935
0.0938
0.0935
0.0943
0.0956
0.0918
0.0928
0.0941
0.0938
0.0916
0.0932
0.0867
0.0951
0.097
0.0932
0.093
0.0924
0.0931
0.0936
0.0999
0.093

-------------------------------------
CodechalDecodeHevcG12::SetFrameStates
-------------------------------------
0.5994
1.091
0.2864
0.6483
2.4949
0.2132
0.2021
0.2017
0.1384
0.1944
0.1389
0.137
0.1409
0.1484
0.1467
0.1424
0.1523
0.1405
0.1388
0.1449
0.1427
0.144
0.1424
0.2111
0.1379
0.1387
0.1415
0.1417
0.1428
0.1514
0.141
0.1416
0.1413
0.1427
0.1494
0.1417
0.1465
0.1457
0.1435
0.1429
0.1385
0.1503
0.1441
0.1414
0.1366
0.1382
0.1378
0.1371
0.1366
0.0481
0.1362
0.1364
0.1451
0.1383
0.1413
0.1409
0.1404
0.1365
0.1369
0.1369
0.1367
0.1506
0.1401
0.1418
0.1363
0.1362
0.1377
0.153
0.1411
0.1406
0.1408
0.1391
0.1372
0.1368
0.1357
0.1407
0.1405
0.1403
0.1361
0.1373
0.1374
0.1357
0.1397
0.1409
0.1415
0.1367
0.1355
0.1364
0.1404
0.1408
0.1401
0.1368
0.1355
0.137
0.1383
0.1405
0.1396
0.1417
0.0438
0.1374
0.1367
0.1444
0.1407
0.1416
0.1371
0.136
0.1377
0.1397
0.1421
0.1408
0.1415
0.1416
0.1414
0.1364
0.1374
0.1357
0.1369
0.1409
0.1402
0.1356
0.1363
0.137
0.1376
0.1403
0.1408
0.1399
0.1364
0.1354
0.1357
0.1369
0.1412
0.1405
0.1404
0.1401
0.136
0.1372
0.1363
0.1365
0.1505
0.1417
0.1402
0.1403
0.1362
0.1364
0.1371
0.1408
0.1408
0.0473
0.1365
0.1376
0.1363
0.1357
0.1411
0.1406
0.1399
0.1413
0.137
0.138
0.1357
0.136
0.1403
0.1407
0.1394
0.1368
0.1358
0.1369
0.1352
0.1371
0.14
0.1409
0.1401
0.1405
0.137
0.1361
0.1352
0.1359
0.1361
0.1403
0.1403
0.1398
0.136
0.1374
0.1355
0.1363
0.1368
0.1404
0.1393
0.1429
0.1398
0.1414
0.1361
0.1357
0.1376
0.1368
0.1357
0.1365
0.0472
0.1415
0.1402
0.1415
0.1355
0.1365
0.1422
0.1371
0.1375
0.1473
0.1399
0.1404
0.1407
0.1404
0.1406
0.1377
0.1415
0.137
0.1354
0.1366
0.1484
0.1409
0.1402
0.1407
0.1408
0.1402
0.1359
0.1373
0.1367
0.1366
0.1353
0.1373
0.1407
0.1411
0.1404
0.1419
0.1416
0.1413
0.1352
0.1364
0.1356
0.136
0.136
0.1365
0.1414
0.1402
0.1407
0.141
0.1357
0.0438
0.1359
0.1374
0.1356
0.1398
0.1409
0.1403
0.1407
0.1409
0.1412
0.1407
0.1361
0.1361
0.1351
0.1452
0.1595
0.1381
0.1368
0.1411
0.1378
0.1368
0.1383
0.1982
0.1423
0.1397
0.14
0.1375
0.1409
0.141
0.1431
0.1406
0.1409
0.1356
0.1381
0.1393
0.1358
0.1365
0.1355
0.1387
0.1401
0.1418
0.1449
0.1396
0.1382
0.1372
0.1351
0.1429
0.1565
0.1366
0.0432
0.1372
0.1426
0.1404
0.141
0.1372
0.1371
0.14
0.1368
0.1408
0.1411
0.1404
0.1538
0.139
0.1408
0.1397
0.1402
0.1408
0.1404
0.1366
0.1373
0.1357
0.1465
0.1548
0.1404
0.14
0.1398
0.1399
0.1359
0.1359
0.1428
0.1415
0.14
0.1441
0.1398
0.1408
0.1427
0.1476
0.1408
0.1406
0.1408
0.1431
0.144
0.1407
0.1375
0.1403
0.1364
0.1374
0.1397
0.0476
0.1479
0.1576
0.1392
0.1373
0.1361
0.1405
0.1404
0.1411
0.1711
0.1364
0.1393
0.1408
0.1429
0.1408
0.1457
0.1453
0.1412
0.1381
0.1368
0.1363
0.1404
0.1403
0.1439
0.1366
0.1543
0.1364
0.1414
0.1409
0.1404
0.1371
0.1365
0.141
0.1369
0.1402
0.1401
0.1414
0.1444
0.1372
0.1452
0.1401
0.1412
0.1438
0.1406
0.1418
0.1406
0.1499
0.1456
0.145
0.0455
0.1371
0.1397
0.138
0.1432
0.1485
0.1377
0.14
0.1379
0.1519
0.151
0.1439
0.1355
0.1377
0.1382
0.1642
0.1432
0.1396
0.1468
0.1379
0.1378
0.1377
0.1361
0.1364
0.1419
0.1411
0.1405
0.1411
0.1371
0.1376
0.136
0.136
0.1368
0.142
0.1411
0.1496
0.1368
0.1378
0.1372
0.1375
0.1447
0.1432
0.1412
0.1407
0.1357
0.1359
0.1359
0.1358
0.1363
0.0476
0.1411
0.1373
0.1357
0.1467
0.1367
0.1376
0.1542
0.1428
0.1411
0.1411
0.1382
0.1469
0.1368
0.1359
0.1415
0.1451
0.1395
0.1432
0.1554
0.1378
0.1442
0.1373
0.1366
0.1373
0.14
0.1414
0.1403
0.1361
0.1368
0.1454
0.1433
0.1435
0.1454
0.142
0.1415
0.1422
0.1373
0.141
0.1366
0.1393
0.1401
0.1446
0.1407
0.1412
0.153
0.1361
0.1356
0.1376
0.0446
0.1403
0.1435
0.1413
0.1408
0.1371
0.1369
0.1377
0.139
0.136

--------------------------
CreateVideoDecoder_D3D11_1
--------------------------
14.7224

---------------------------
DestroyVideoDecoder_D3D11_1
---------------------------
0

----------------
First Frame Time
----------------
57.0653

--------------------------------------
VideoDecoderBeginFrame_WDDM2_4_D3D11_1
--------------------------------------
0.0084
0.0037
0.0061
0.0027
0.0026
0.0027
0.0022
0.0022
0.002
0.0034
0.0023
0.0023
0.0019
0.004
0.0022
0.0021
0.0049
0.0024
0.0026
0.0036
0.0022
0.0019
0.0019
0.0031
0.0022
0.0021
0.0019
0.0022
0.0029
0.0032
0.0026
0.0024
0.0023
0.0029
0.0023
0.0023
0.0032
0.0037
0.0028
0.0029
0.0025
0.0038
0.0033
0.0022
0.0021
0.0019
0.002
0.0021
0.002
0.0019
0.002
0.0018
0.0038
0.0019
0.0021
0.002
0.0018
0.0018
0.0018
0.0019
0.0018
0.0019
0.0018
0.0028
0.002
0.0019
0.0019
0.0018
0.0018
0.0017
0.0019
0.0021
0.0018
0.0018
0.0023
0.0017
0.0019
0.0019
0.0018
0.0017
0.0018
0.002
0.0018
0.0019
0.0019
0.0017
0.0018
0.0017
0.0017
0.0017
0.0019
0.0019
0.0017
0.0017
0.0048
0.0017
0.0017
0.0019
0.0018
0.0017
0.0017
0.0038
0.0019
0.0021
0.0018
0.0019
0.0019
0.002
0.0018
0.0019
0.002
0.0018
0.0019
0.0017
0.0017
0.0019
0.0017
0.0019
0.0018
0.0018
0.0018
0.0017
0.0017
0.0017
0.0018
0.0017
0.0019
0.0018
0.0017
0.0019
0.0018
0.0018
0.0018
0.0017
0.0019
0.0018
0.0018
0.0017
0.0018
0.0018
0.0017
0.0032
0.0018
0.0017
0.0018
0.0018
0.0018
0.0019
0.0017
0.0017
0.0019
0.0017
0.0017
0.0017
0.0016
0.0018
0.0017
0.0017
0.0017
0.0017
0.0019
0.0019
0.0018
0.002
0.0017
0.0018
0.0017
0.0019
0.0018
0.0017
0.0017
0.0017
0.0018
0.0017
0.0018
0.0018
0.0018
0.0018
0.0017
0.0016
0.0018
0.0017
0.0016
0.0017
0.0017
0.0016
0.0017
0.0017
0.0016
0.0017
0.0018
0.0016
0.0016
0.0017
0.0016
0.0019
0.0018
0.0016
0.0017
0.0016
0.0019
0.0016
0.0017
0.0017
0.0017
0.0017
0.0017
0.0017
0.0016
0.0016
0.0016
0.0051
0.0016
0.0024
0.0017
0.0017
0.0024
0.0016
0.0016
0.0016
0.0017
0.0016
0.0018
0.0017
0.0017
0.0018
0.0016
0.0016
0.0018
0.0016
0.0017
0.0018
0.0017
0.0017
0.0016
0.0017
0.0017
0.0017
0.0017
0.0018
0.0017
0.0018
0.0018
0.0016
0.0019
0.0019
0.0017
0.0017
0.0017
0.0018
0.0017
0.0017
0.0016
0.0018
0.0017
0.0015
0.0019
0.0017
0.0017
0.0031
0.0026
0.002
0.0019
0.0025
0.0023
0.002
0.002
0.0029
0.0027
0.0021
0.0021
0.0017
0.0017
0.0017
0.0016
0.0017
0.0017
0.0018
0.0017
0.0017
0.0019
0.0016
0.0016
0.0017
0.0017
0.0017
0.0018
0.0016
0.0018
0.0017
0.0016
0.0019
0.002
0.002
0.0018
0.0017
0.0018
0.0018
0.0019
0.002
0.0019
0.0021
0.0019
0.0018
0.0018
0.0018
0.0034
0.0027
0.0023
0.002
0.0026
0.0019
0.0018
0.0018
0.0018
0.0018
0.0039
0.0029
0.0018
0.0019
0.0018
0.002
0.0019
0.0017
0.0018
0.0019
0.0018
0.0018
0.0018
0.0018
0.002
0.0018
0.0019
0.0018
0.0017
0.0018
0.0018
0.0017
0.0019
0.0019
0.002
0.0018
0.0018
0.002
0.0035
0.0022
0.0022
0.0019
0.0019
0.0019
0.0017
0.0019
0.0018
0.0019
0.0019
0.0019
0.0019
0.0017
0.0018
0.0019
0.0019
0.0019
0.0018
0.0018
0.0018
0.0018
0.002
0.0019
0.0019
0.002
0.0018
0.0018
0.0019
0.0019
0.0017
0.0018
0.0018
0.0017
0.0018
0.002
0.0019
0.0018
0.0037
0.0024
0.0021
0.0018
0.0019
0.002
0.0018
0.0031
0.0022
0.0021
0.0024
0.0019
0.0021
0.0019
0.002
0.0021
0.0023
0.0019
0.0019
0.0018
0.0032
0.002
0.0019
0.0018
0.0018
0.0034
0.0021
0.0021
0.0033
0.0021
0.0019
0.0018
0.0019
0.0019
0.0018
0.0018
0.0017
0.0016
0.0019
0.0017
0.0019
0.0019
0.0018
0.0018
0.0018
0.0033
0.0019
0.0019
0.0018
0.0017
0.0018
0.0018
0.0018
0.0018
0.002
0.0018
0.0019
0.0018
0.002
0.0019
0.0018
0.002
0.0018
0.0033
0.0018
0.0017
0.0019
0.0019
0.0019
0.0019
0.0018
0.0031
0.0019
0.0018
0.0018
0.0018
0.0017
0.0017
0.002
0.0017
0.0031
0.0019
0.0018
0.0018
0.0017
0.0018
0.0017
0.0018
0.0018
0.0032
0.0028
0.0023
0.0046
0.0019
0.0018
0.0019
0.0018
0.0018
0.0019
0.0018
0.002
0.0018
0.0018
0.0017
0.0018
0.0018
0.0017
0.0018
0.0018
0.0017
0.0022
0.0017
0.0018
0.0017
0.0017
0.0018
0.0018
0.0019

----------------------------
VideoDecoderEndFrame_D3D11_1
----------------------------
0.0342
0.0629
0.052
0.0827
0.0807
0.0773
0.0533
0.0587
0.0548
0.0798
0.0555
0.0551
0.0536
0.0598
0.0572
0.0558
0.0584
0.0565
0.0553
0.0524
0.0533
0.0507
0.0521
0.0702
0.0507
0.0532
0.0514
0.0521
0.0597
0.0562
0.0554
0.0539
0.0555
0.0585
0.0586
0.0579
0.0568
0.0575
0.0558
0.0551
0.0573
0.0596
0.0541
0.0527
0.0501
0.0503
0.052
0.0504
0.0519
0.0522
0.0523
0.0525
0.0599
0.0512
0.0513
0.0503
0.0515
0.0504
0.057
0.051
0.0529
0.0507
0.0496
0.0542
0.0518
0.0509
0.0537
0.0504
0.0517
0.0513
0.0503
0.0525
0.0513
0.0549
0.0507
0.0524
0.0515
0.0511
0.051
0.0506
0.0517
0.0513
0.0513
0.0519
0.0502
0.0504
0.0489
0.051
0.0541
0.0525
0.0514
0.0517
0.0519
0.0515
0.0563
0.0495
0.0514
0.0535
0.0514
0.0498
0.0527
0.0587
0.0513
0.0526
0.0517
0.0529
0.0515
0.0507
0.0526
0.0531
0.05
0.052
0.0632
0.051
0.0531
0.0514
0.0512
0.053
0.0507
0.0514
0.0504
0.0516
0.0504
0.0533
0.0494
0.0512
0.0516
0.0507
0.0508
0.0512
0.0553
0.0518
0.0507
0.0527
0.0528
0.052
0.0498
0.0516
0.0526
0.0496
0.051
0.0528
0.0512
0.0519
0.0526
0.0506
0.0525
0.0503
0.0513
0.0538
0.052
0.0532
0.0534
0.0526
0.0519
0.0516
0.0508
0.0507
0.0522
0.0514
0.053
0.0517
0.0513
0.0519
0.0512
0.0513
0.053
0.0526
0.0518
0.0528
0.0516
0.0504
0.0527
0.0533
0.0513
0.051
0.0512
0.0507
0.0518
0.0498
0.0512
0.049
0.0522
0.0541
0.0511
0.0505
0.0526
0.0503
0.0497
0.057
0.0497
0.0522
0.0519
0.0512
0.0511
0.0515
0.0542
0.0519
0.0509
0.0518
0.0513
0.0629
0.0537
0.0516
0.0537
0.0526
0.051
0.0562
0.0551
0.0506
0.0518
0.062
0.0529
0.0533
0.0513
0.051
0.0525
0.0529
0.0549
0.0506
0.0504
0.0502
0.0534
0.0544
0.055
0.055
0.0503
0.051
0.0511
0.051
0.0538
0.0518
0.0508
0.0513
0.0518
0.0511
0.0513
0.0508
0.0509
0.0553
0.0502
0.0516
0.0505
0.0503
0.0501
0.0526
0.0494
0.0512
0.055
0.0536
0.0531
0.0567
0.0554
0.0523
0.0504
0.0503
0.0534
0.0508
0.0544
0.06
0.0582
0.0703
0.0608
0.0537
0.051
0.0511
0.0509
0.0802
0.0557
0.054
0.056
0.0514
0.053
0.0508
0.0521
0.0522
0.0517
0.0517
0.0526
0.0516
0.0504
0.0517
0.0496
0.05
0.0512
0.0513
0.0502
0.0645
0.0514
0.0515
0.0505
0.0508
0.0503
0.0525
0.0515
0.0501
0.0511
0.0519
0.0498
0.0502
0.0523
0.0493
0.0504
0.0516
0.0539
0.0517
0.0586
0.0539
0.0565
0.052
0.0514
0.05
0.052
0.0513
0.0494
0.0564
0.0565
0.0594
0.0526
0.0509
0.0514
0.0504
0.05
0.0526
0.05
0.0499
0.0532
0.0508
0.0521
0.0519
0.0497
0.0515
0.0511
0.05
0.0517
0.0511
0.0507
0.054
0.051
0.0501
0.0524
0.0529
0.0538
0.0501
0.0571
0.0566
0.0542
0.0509
0.0525
0.0512
0.0511
0.0527
0.049
0.0507
0.051
0.0526
0.0516
0.0501
0.0512
0.05
0.0499
0.0497
0.0511
0.051
0.0535
0.0514
0.052
0.0502
0.0497
0.0514
0.0515
0.05
0.0523
0.0512
0.0501
0.0525
0.0496
0.0512
0.0508
0.0531
0.0509
0.0516
0.0585
0.0566
0.0514
0.051
0.0513
0.0496
0.0515
0.0593
0.0572
0.055
0.0533
0.0543
0.0538
0.0521
0.0554
0.0534
0.0534
0.054
0.052
0.051
0.0585
0.0511
0.0507
0.0513
0.0517
0.058
0.0713
0.053
0.0573
0.0508
0.0523
0.0517
0.0517
0.052
0.0523
0.0522
0.0502
0.0514
0.0498
0.0496
0.0521
0.0532
0.0512
0.0516
0.0511
0.0568
0.0533
0.0524
0.0503
0.0534
0.0533
0.0497
0.0501
0.0522
0.0519
0.0524
0.0515
0.0498
0.0513
0.0524
0.0507
0.0524
0.0513
0.0567
0.0528
0.0518
0.0515
0.0542
0.0518
0.0499
0.0515
0.056
0.0501
0.0516
0.0493
0.0512
0.0505
0.0506
0.0518
0.0506
0.0582
0.0506
0.0518
0.0508
0.0515
0.0527
0.0524
0.0507
0.0512
0.0559
0.0581
0.0557
0.0711
0.0526
0.0622
0.0499
0.0514
0.0581
0.0512
0.0539
0.0498
0.0496
0.0519
0.0533
0.0498
0.0534
0.0499
0.053
0.0499
0.0504
0.0499
0.0509
0.0502
0.0522
0.0508
0.0514
0.0593
0.0507

---------------------------------
VideoDecoderSubmitBuffers_D3D11_1
---------------------------------
1.2377
1.404
0.5211
0.8991
2.7194
0.4354
0.4084
0.4142
0.3229
0.4518
0.3292
0.3162
0.3207
0.3649
0.3452
0.3489
0.4466
0.3345
0.3223
0.3286
0.3204
0.3185
0.3183
0.4733
0.3211
0.3192
0.3169
0.3219
0.323
0.3982
0.3339
0.35
0.3412
0.3563
0.3424
0.3258
0.3536
0.3873
0.3515
0.3522
0.3259
0.3905
0.3291
0.3216
0.3124
0.3177
0.3126
0.3121
0.3118
0.2171
0.3125
0.3092
0.3864
0.3136
0.3202
0.3176
0.3152
0.3129
0.312
0.3083
0.3077
0.3227
0.3128
0.3208
0.3123
0.309
0.3159
0.3276
0.3125
0.315
0.3188
0.3156
0.3077
0.3066
0.305
0.3113
0.3115
0.3103
0.311
0.3069
0.3051
0.3058
0.3119
0.3125
0.3189
0.3053
0.3083
0.3064
0.3125
0.3164
0.3149
0.3122
0.3041
0.3075
0.3141
0.3118
0.3108
0.3133
0.2115
0.3181
0.3069
0.3977
0.3153
0.3206
0.3146
0.3117
0.3127
0.3205
0.3137
0.3188
0.3194
0.3266
0.3167
0.3072
0.3071
0.3058
0.3068
0.3168
0.3161
0.3084
0.3077
0.3058
0.3062
0.3112
0.3117
0.3115
0.3257
0.304
0.3065
0.3148
0.3174
0.3181
0.3115
0.3112
0.3104
0.3076
0.307
0.3051
0.3226
0.3167
0.3125
0.3231
0.3067
0.3055
0.3108
0.3126
0.3165
0.2187
0.3057
0.3172
0.3052
0.3061
0.3125
0.3128
0.3124
0.3315
0.309
0.3059
0.3052
0.3067
0.3115
0.3122
0.3081
0.3161
0.3085
0.3064
0.306
0.313
0.3124
0.312
0.3116
0.3107
0.3117
0.3062
0.3104
0.3058
0.3094
0.3105
0.3107
0.3128
0.3105
0.3046
0.3048
0.3048
0.3052
0.312
0.3095
0.3165
0.3096
0.3276
0.3098
0.3035
0.3057
0.3056
0.3069
0.3062
0.216
0.3122
0.3096
0.3107
0.3093
0.3053
0.3131
0.3059
0.3062
0.3182
0.3112
0.3123
0.3166
0.311
0.3157
0.3212
0.3131
0.306
0.3049
0.3053
0.3196
0.31
0.3111
0.3119
0.312
0.311
0.3225
0.3074
0.3052
0.3138
0.3051
0.308
0.3123
0.3146
0.3123
0.3191
0.3111
0.3162
0.3049
0.3038
0.3054
0.3059
0.3046
0.3075
0.3144
0.3134
0.3144
0.3114
0.31
0.2083
0.305
0.3058
0.3042
0.3105
0.3118
0.3094
0.3136
0.3162
0.314
0.3118
0.3093
0.305
0.3054
0.3948
0.3608
0.3207
0.3159
0.3571
0.3241
0.3144
0.33
0.4522
0.3614
0.3216
0.3219
0.311
0.3136
0.3275
0.3292
0.3114
0.315
0.3073
0.3108
0.3169
0.3082
0.3047
0.3103
0.313
0.3127
0.3184
0.3265
0.3143
0.3146
0.3093
0.3028
0.3209
0.3402
0.3108
0.2099
0.3087
0.3204
0.3145
0.3154
0.3177
0.313
0.3202
0.308
0.3176
0.3141
0.3151
0.4015
0.3261
0.3194
0.3248
0.316
0.3142
0.3154
0.3126
0.307
0.3326
0.3422
0.3947
0.3152
0.3133
0.3186
0.3237
0.3089
0.3062
0.322
0.315
0.3129
0.3229
0.3124
0.3131
0.3231
0.3315
0.3126
0.3174
0.3143
0.3206
0.3243
0.3143
0.3313
0.3196
0.3118
0.3069
0.3132
0.2198
0.3922
0.3549
0.3278
0.3129
0.3133
0.3168
0.3138
0.3166
0.3496
0.3111
0.3168
0.3227
0.3207
0.3142
0.322
0.3252
0.3191
0.3135
0.307
0.308
0.3136
0.3136
0.3286
0.3141
0.3286
0.3132
0.3204
0.3145
0.3168
0.3131
0.3077
0.3166
0.3078
0.3133
0.3147
0.3159
0.3453
0.3093
0.39
0.3345
0.3236
0.3372
0.3148
0.3209
0.3148
0.3932
0.3444
0.3376
0.2253
0.3232
0.3215
0.3206
0.3225
0.3387
0.3189
0.3201
0.3142
0.3267
0.3987
0.326
0.3132
0.309
0.3332
0.4283
0.3497
0.3219
0.4094
0.3217
0.3133
0.3117
0.3104
0.3099
0.315
0.3184
0.3139
0.3162
0.3152
0.309
0.3135
0.3086
0.307
0.3165
0.3147
0.3958
0.3165
0.3127
0.3108
0.3111
0.3287
0.3147
0.3143
0.3187
0.3111
0.3083
0.3078
0.3076
0.3118
0.2181
0.3159
0.3146
0.3078
0.3938
0.3125
0.3089
0.3303
0.3181
0.3166
0.3178
0.3099
0.388
0.3129
0.3071
0.3173
0.3245
0.3115
0.315
0.3334
0.3114
0.388
0.3142
0.3101
0.308
0.3109
0.3129
0.3136
0.3077
0.3081
0.3862
0.3528
0.3336
0.3391
0.319
0.3212
0.3204
0.3169
0.3175
0.3141
0.3193
0.3193
0.3249
0.3134
0.317
0.3321
0.3116
0.3087
0.3148
0.2211
0.3217
0.3305
0.3177
0.3187
0.3135
0.3121
0.3137
0.3237
0.3108

