---------------------------------------------
CalcPrivateVideoDecoderOutputViewSize_D3D11_1
---------------------------------------------
0.0019
0.0038
0.0025
0.0013
0.0011
0.0007
0.0012
0.0008
0.0008
0.0013
0.0006
0.0007
0.0006
0.0014
0.001
0.0007
0.0007
0.0011
0.0007
0.0019
0.0008
0.0008
0.0008
0.0006
0.0011
0.0009
0.0009
0.0009
0.0021
0.0008
0.0008
0.001
0.0016
0.0019
0.0009
0.0008
0.0016
0.001
0.0012
0.0008
0.0009
0.0011
0.0019
0.0008
0.0007
0.0008
0.0007
0.0006
0.0007
0.0008
0.0008
0.0008
0.0008
0.0008
0.0008
0.0007
0.0007
0.0007
0.0008
0.0008
0.0008
0.0007
0.0008
0.0017
0.0008
0.0007
0.0015
0.0007
0.0007
0.0006
0.0008
0.0008
0.001
0.0008
0.0008
0.0007
0.001
0.0009
0.0008
0.0009
0.0006
0.0008
0.0009
0.0008
0.0006
0.0014
0.0011
0.0016
0.0011
0.0007
0.0008
0.001
0.0008
0.0007
0.002
0.0008
0.0007
0.0008
0.0012
0.001
0.001
0.0008
0.0008
0.0007
0.0007
0.0007
0.0009
0.0007
0.0007
0.0008
0.0006
0.0006
0.0017
0.0006
0.001
0.0009
0.0006
0.0008
0.0008
0.0009
0.001
0.001
0.0007
0.0008
0.0009
0.0006
0.0007
0.001
0.0008
0.001
0.0011
0.0017
0.0011
0.002
0.0013
0.0009
0.0012
0.001
0.001
0.0008
0.0009
0.0091
0.0009
0.001
0.0007
0.0007
0.0009
0.0009
0.0009
0.0007
0.0008
0.0007
0.0007
0.001
0.0011
0.0009
0.0009
0.002
0.0014
0.0015
0.0007
0.0008
0.001
0.0017
0.0012
0.0012
0.0018
0.001
0.0008
0.0011
0.0006
0.0007
0.0008
0.0013
0.0008
0.0008
0.0008
0.0007
0.0007
0.0008
0.0008
0.0007
0.0007
0.0009
0.0008
0.0012
0.0008
0.0013
0.001
0.0006
0.0007
0.0009
0.0006
0.0014
0.0009
0.0015
0.0011
0.0007
0.0008
0.001
0.0012
0.0008
0.0005
0.0014
0.001
0.0009
0.001
0.0008
0.0011
0.0008
0.0023
0.007
0.0014
0.0008
0.0013
0.0012
0.0009
0.001
0.0008
0.0008
0.0006
0.0008
0.0005
0.0013
0.0005
0.0008
0.0007
0.0009
0.0007
0.0009
0.0007
0.0015
0.0007
0.0008
0.0006
0.0006
0.0013
0.0017
0.0017
0.002
0.001
0.0015
0.0014
0.0014
0.0014
0.0014
0.0012
0.0014
0.0012
0.0021
0.0009
0.0014
0.0014
0.0011
0.0007
0.0007
0.0017
0.0009
0.0011
0.0007
0.0018
0.0011
0.001
0.0009
0.0006
0.0014
0.0012
0.0015
0.001
0.0009
0.0009
0.0009
0.001
0.0013
0.0009
0.0009
0.0025
0.0011
0.0012
0.001
0.0018
0.0045
0.0051
0.0015
0.0016
0.0014
0.001
0.0017
0.001
0.001
0.0016
0.0009
0.0014
0.0009
0.001
0.0009
0.001
0.0015
0.0008
0.0019
0.0017
0.0017
0.001
0.0015
0.0021
0.0023
0.0026
0.0012
0.0015
0.0015
0.0009
0.0015
0.0013
0.001
0.0009
0.0009
0.0116
0.0016
0.0013
0.002
0.0013
0.001
0.0015
0.0016
0.0009
0.0012
0.0008
0.0012
0.0008
0.0098
0.0016
0.0009
0.0012
0.0015
0.0014
0.0012
0.0008
0.0011
0.0009
0.0009
0.003
0.0013
0.0012
0.0012
0.001
0.0007
0.0007
0.0007
0.0011
0.0012
0.0008
0.0026
0.001
0.0015
0.0014
0.0008
0.0007
0.0007
0.0021
0.0007
0.0008
0.0008
0.0007
0.0007
0.0007
0.0008
0.0007
0.0009
0.001
0.0007
0.0008
0.0007
0.002
0.0009
0.0009
0.0009
0.0009
0.001
0.0008
0.0011
0.0007
0.0009
0.001
0.0007
0.0009
0.0009
0.0008
0.0008
0.0008
0.0008
0.0007
0.0009
0.0008
0.0008
0.001
0.0008
0.001
0.0008
0.0008
0.0008
0.0009
0.0008
0.0007
0.0008
0.0009
0.0009
0.0007
0.0006
0.0006
0.0006
0.0007
0.0007
0.0006
0.0007
0.0008
0.0007
0.0008
0.0007
0.001
0.001
0.0008
0.0007
0.0006
0.0008
0.0008
0.0008
0.0008
0.0009
0.0007
0.0007
0.0007
0.0008
0.0021
0.0009
0.0011
0.0008
0.0007
0.0009
0.001
0.0009
0.0009
0.0006
0.0007
0.0007
0.0006
0.0006
0.0007
0.0009
0.0007
0.0008
0.0006
0.0007
0.0006
0.0006
0.0014
0.0012
0.0009
0.0008
0.0009
0.0007
0.0007
0.0006
0.0009
0.0009
0.0008
0.0007
0.0008
0.0007
0.001
0.0009
0.0006
0.0006
0.0007
0.0006
0.0033
0.001
0.0006
0.0009
0.0008
0.0006
0.0008
0.001
0.0008
0.0007
0.0006
0.0008
0.0008
0.0008
0.0008
0.0007
0.0009
0.0008
0.001
0.0007
0.0009
0.0017
0.0008
0.001
0.0016
0.0015
0.0009
0.0006
0.0008
0.0008
0.001
0.0009
0.0008
0.0009
0.0008
0.0007
0.0008
0.0008
0.0008
0.0008
0.0009
0.0009
0.0008
0.0009
0.0008
0.0007
0.0009
0.0007
0.0007
0.0008
0.0014
0.0011
0.0011
0.0007
0.0008
0.0006
0.0005
0.0012
0.0009
0.0008
0.0007
0.0007
0.0006
0.0015
0.0009
0.0008
0.0016
0.0008
0.0008
0.0009
0.0014
0.0009
0.0007
0.0007
0.0007
0.0007
0.0006
0.0014
0.0013
0.0007
0.0009
0.001
0.0007
0.0007
0.0009
0.0008
0.0006
0.0007
0.0007
0.0006
0.001
0.0007
0.0007
0.0007
0.001
0.0007
0.001
0.0006
0.0008
0.0006
0.0007
0.0007
0.0009
0.0007
0.0007
0.0008
0.0008
0.0007
0.0008
0.0008
0.0006
0.0007
0.0008
0.0007
0.0008
0.001
0.0006
0.0009
0.0011
0.0008
0.001
0.001
0.0007
0.0006
0.0007
0.0006

-----------------------
CodechalDecode::Execute
-----------------------
10.295
7.7366
4.159
14.7257
7.2146
0.6326
0.609
0.6576
0.5816
0.5079
0.5424
0.4977
0.5716
0.5276
0.5362
0.5298
3.1782
2.6076
3.3929
0.5144
2.383
0.4998
2.0411
0.4959
0.5474
0.4178
0.3747
0.3735
0.3688
0.3678
0.3733
1.3719
0.4284
0.3864
0.3805
0.3694
0.5686
0.381
0.4068
0.3765
0.3751
0.3843
0.3958
0.3654
0.3713
0.3783
0.3741
0.3864
0.3957
0.4043
0.4013
0.4017
0.3936
0.3974
0.3965
0.4186
0.4022
0.3963
0.3975
0.3982
0.4189
0.3785
0.4091
0.3726
0.3444
0.3784
0.4273
0.3731
0.3684
0.3732
0.3759
0.377
0.3821
0.3905
0.4079
0.406
0.3809
0.381
0.3821
0.389
0.4
0.4123
0.4127
0.4069
0.4206
0.414
0.3778
0.4159
0.3754
0.4101
0.3652
0.4038
0.3653
0.3595
0.3623
0.3922
0.3624
0.7106
2.2087
0.4364
0.3769
0.3671
0.3705
0.3655
0.3626
0.3717
0.6078
0.8059
0.3708
0.5913
0.8311
0.3748
1.6774
0.4018
0.3761
1.0681
0.3609
0.369
1.1332
0.392
0.3711
0.3738
0.3722
0.3733
0.3857
0.3906
0.4034
0.3967
0.3894
0.3681
2.0507
0.4265
0.3854
0.4889
0.428
0.4083
0.4217
0.4198
0.4304
0.3803
0.3951
0.4092
0.3976
0.388
0.387
0.3658
0.3975
0.3675
0.3736
0.3688
0.3803
0.3772
0.38
0.3985
0.5644
0.3703
0.3794
0.3877
0.5693
0.3679
0.3677
0.3672
0.3894
0.8003
1.0722
0.4222
0.4368
0.3761
0.369
0.3668
0.3638
0.3632
0.3655
0.3776
0.3651
0.372
0.379
0.3771
0.3825
0.3638
0.3685
0.3685
0.3754
0.3721
0.3725
0.5701
0.3833
0.5733
0.3804
0.366
0.3714
0.3716
0.3657
0.4129
0.373
0.4154
0.363
0.3669
0.3713
0.5607
0.5628
0.3763
0.3706
0.5724
0.3798
0.3776
0.5599
0.3687
0.5573
0.3711
0.4116
0.3782
0.5644
0.3718
0.5588
0.422
0.3843
0.3743
0.3772
0.3726
0.3611
0.3638
0.3597
0.38
0.3557
0.3608
0.3681
0.3736
0.3708
0.3522
0.3751
0.5728
0.3745
0.3708
0.3737
0.3651
1.0463
3.623
0.5369
0.4215
0.4099
0.4352
0.397
0.444
0.5831
0.5676
0.5751
0.5691
0.5857
0.5647
0.4412
1.0464
0.5829
0.4499
0.406
0.386
0.6159
0.4138
0.3937
0.3828
0.641
0.3909
0.3574
0.4812
0.3889
0.4175
0.4959
0.4695
0.4519
0.5062
0.4967
0.4371
0.4043
0.4167
0.3731
1.2973
0.4852
0.3884
0.3884
0.4283
0.5702
0.7408
0.499
0.5962
0.5288
0.5694
0.3876
0.5106
0.4174
0.3847
0.4314
0.3781
0.5434
0.3814
0.5771
0.3693
0.3847
0.4191
0.4007
0.4727
0.4245
0.578
0.3752
0.5654
0.6911
0.4556
0.4378
0.3953
0.5878
0.3987
0.3693
0.4121
0.5788
0.3947
0.3658
0.3753
0.5739
0.4556
0.4059
0.6069
0.9525
0.9896
0.564
0.7677
0.4334
0.5224
0.4499
0.3989
0.3659
0.3775
0.51
0.4255
0.506
0.6976
0.4695
0.476
0.4797
0.3733
0.3783
0.3708
0.6893
0.5265
0.5258
0.5115
0.4532
0.367
0.3649
0.3709
0.3939
0.4679
0.3862
0.6525
0.3884
0.4561
0.3872
0.3772
0.3792
0.3773
0.3954
0.3665
0.3681
0.3512
0.3681
0.368
0.369
0.4063
0.3792
0.5465
0.4054
0.3762
0.3813
0.3606
0.4684
0.3826
0.374
0.3951
0.3788
0.3879
0.3746
0.3759
0.3711
0.3787
0.3943
0.3901
0.4047
0.3978
0.3913
0.3749
0.3795
0.3718
0.3809
0.3713
0.3672
0.3692
0.353
0.3725
0.3921
0.365
0.3624
0.37
0.3731
0.3703
0.3742
0.3837
0.3669
0.3657
0.3643
0.3876
0.3594
0.3582
0.3567
0.3582
0.3706
0.3644
0.3675
0.3693
0.3735
0.3783
0.3851
0.3913
0.4136
0.3737
0.3652
0.3687
0.3642
0.369
0.3807
0.3463
0.3526
0.392
0.3851
0.3658
0.4602
0.3807
0.3693
0.3799
0.3771
0.377
0.3988
0.4157
0.3763
0.3807
0.3766
0.3752
0.3885
0.3933
0.374
0.3766
0.3768
0.3754
0.3844
0.3871
0.3776
0.3861
0.4169
0.3798
0.3671
0.3689
0.3794
0.3609
0.341
0.3595
0.3658
0.3711
0.3723
0.3886
0.381
0.373
0.3743
0.3639
0.3603
0.3634
0.3653
0.3638
0.3773
0.4009
0.381
0.3736
0.372
0.3683
0.3726
0.3798
0.3666
0.361
0.3598
0.3628
0.3645
0.3715
0.374
0.3828
0.3895
0.4111
0.3814
0.3599
0.3767
0.3824
0.3903
0.4131
0.4207
0.4231
0.3721
0.37
0.383
0.3733
0.3704
0.3826
0.3792
0.3669
0.3564
0.3557
0.3611
0.3681
0.3658
0.3751
0.3675
0.3708
0.3639
0.3661
0.4099
0.3685
0.3649
0.3583
0.3705
0.3859
0.4595
0.3786
0.3514
0.3632
0.362
0.3665
0.3617
0.3829
0.3661
0.3809
0.3606
0.3582
0.357
0.4135
0.3776
0.3724
0.423
0.3829
0.373
0.3757
0.463
0.3764
0.3707
0.3681
0.3679
0.3683
0.3674
0.4758
0.3817
0.3658
0.3676
0.3856
0.3611
0.3563
0.3612
0.3396
0.3562
0.3603
0.3699
0.3644
0.3687
0.3731
0.3703
0.3765
0.3791
0.3659
0.3637
0.3606
0.3643
0.3611
0.3602
0.3623
0.3892
0.3681
0.3681
0.3735
0.3893
0.3882
0.3861
0.3563
0.3604
0.3647
0.3638
0.3694
0.3757
0.3779
0.3788
0.3992
0.3966
0.4144
0.3893
0.3779
0.3718
0.3817
0.3862
0.3792

---------------------------------------
CodechalDecodeHevcG12::DecodeStateLevel
---------------------------------------
0.4511
3.9519
2.0801
5.1289
0.566
0.4998
3.7424
7.9005
0.2513
4.9841
0.2156
0.2065
0.2043
0.2083
0.228
0.2075
0.2119
0.2499
0.1923
0.1929
0.2198
0.2041
0.1904
0.1871
0.2338
0.2098
0.1886
0.1689
0.1976
0.169
0.1985
0.171
0.2021
2.6426
0.22
2.0963
0.2039
2.9159
0.2133
0.1599
0.2817
1.8324
0.207
0.1595
0.1873
1.6168
0.2181
0.153
0.2103
0.1777
0.1471
0.1535
0.1436
0.116
0.1457
0.1171
0.1407
0.1169
0.142
0.1166
0.1452
0.1169
0.242
0.835
0.1684
0.1238
0.1462
0.1183
0.1441
0.1181
0.1419
0.1195
0.2105
0.1908
0.1429
0.1181
0.1462
0.135
0.1396
0.124
0.1412
0.1182
0.1451
0.1243
0.1669
0.1165
0.1397
0.1179
0.1416
0.1188
0.1455
0.1198
0.144
0.118
0.1508
0.1197
0.1534
0.1237
0.1551
0.126
0.1569
0.123
0.1561
0.1241
0.1512
0.123
0.1546
0.1242
0.153
0.1226
0.163
0.1264
0.1576
0.1232
0.1545
0.1227
0.1554
0.1227
0.1544
0.124
0.1624
0.1293
0.1452
0.1191
0.1504
0.1465
0.1419
0.1176
0.1361
0.111
0.1512
0.117
0.1674
0.1185
0.1427
0.1169
0.1418
0.1159
0.1437
0.117
0.1428
0.12
0.144
0.1179
0.1475
0.1187
0.1493
0.1215
0.1566
0.127
0.1562
0.1262
0.1467
0.1188
0.1467
0.1197
0.1465
0.1207
0.1505
0.1213
0.155
0.1243
0.1587
0.1247
0.16
0.1247
0.1565
0.1262
0.1748
0.1222
0.1564
0.1222
0.1428
0.118
0.1602
0.1223
0.1456
0.1166
0.1447
0.1266
0.1411
0.1175
0.1691
0.1209
0.14
0.1165
0.1388
0.1148
0.1378
0.1158
0.1653
0.1194
0.1406
0.1166
0.1639
0.1386
0.1666
0.1242
0.1771
0.1227
0.1437
0.1174
0.1409
0.1182
0.1454
0.1189
0.1405
0.1182
0.1409
0.1171
0.1416
0.122
0.1521
0.1258
0.1424
0.1172
0.1427
0.1186
0.1512
0.119
0.1418
0.1169
0.1456
0.1204
0.1903
1.1895
0.1446
0.1446
0.1431
0.1176
0.1561
0.7143
0.1385
0.1151
0.1409
0.1175
0.1517
0.7811
0.1471
0.1215
0.1427
0.1166
0.1421
0.1169
0.1439
0.118
0.1429
0.1175
0.1481
0.1188
0.1508
0.1206
0.1538
0.1251
0.1525
0.1209
0.1505
0.1203
0.1419
0.1163
0.1553
1.6395
0.1667
0.1206
0.1486
0.1161
0.2133
0.1264
0.174
0.1243
0.1602
0.1232
0.1652
0.1241
0.1675
0.1275
0.1522
0.1205
0.1468
0.1173
0.1473
0.118
0.1681
0.1199
0.1505
0.1244
0.1514
0.1206
0.1506
0.1224
0.1408
0.1175
0.1406
0.1173
0.1416
0.1176
0.144
0.1169
0.1418
0.1166
0.1474
0.1201
0.1456
0.1179
0.1454
0.1214
0.1557
0.1197
0.2171
0.1866
0.1417
0.1161
0.1414
0.1258
0.1467
0.1177
0.2193
0.1903
0.142
0.1164
0.1397
0.1206
0.1409
0.1174
0.1482
0.1256
0.1773
0.1732
0.1689
0.1259
0.1599
0.1245
0.1719
0.1219
0.1439
0.1189
0.1432
0.1172
0.142
0.1166
0.1404
0.1175
0.1405
0.1173
0.1417
0.116
0.1435
0.1182
0.1407
0.1173
0.1418
0.1164
0.1475
0.1195
0.1445
0.1189
0.1473
0.1199
0.1404
0.1174
0.1412
0.1191
0.1422
0.1183
0.1419
0.1159
0.1432
0.1173
0.1427
0.1199
0.2184
0.1912
0.1491
0.1198
0.2194
0.1897
0.1469
0.119
0.1409
0.1169
0.1451
0.1179
0.1436
0.1188
0.1409
0.1172
0.1575
0.1239
0.1439
0.1179
0.1597
0.1239
0.1401
0.1118
0.141
0.118
0.1426
0.1195
0.2156
0.1881
0.2144
0.1935
0.1487
0.1188
0.1451
0.1189
0.2198
0.1903
0.1457
0.1208
0.1421
0.1181
0.2162
0.1906
0.1439
0.1175
0.2138
0.1886
0.1423
0.1188
0.1577
0.1228
0.1434
0.119
0.216
0.19
0.1431
0.1184
0.2128
0.1888
0.1616
0.1236
0.147
0.1255
0.1445
0.1185
0.1404
0.1246
0.1436
0.1203
0.1387
0.1158
0.1404
0.1158
0.1385
0.1165
0.1549
0.1136
0.1362
0.1162
0.1392
0.1155
0.1385
0.1227
0.1405
0.1203
0.1386
0.1239
0.1386
0.1101
0.1474
0.1184
0.2139
0.192
0.1437
0.1165
0.1427
0.1166
0.1464
0.1186
0.1403
0.1158
0.1952
0.1259
0.3093
0.147
0.2422
0.1429
0.1617
0.1223
0.1548
0.1311
0.1608
0.1236
0.1499
0.1213
0.1675
0.1297
0.225
0.1915
0.2175
0.1885
0.2137
0.1977
0.2195
0.1847
0.2226
0.1951
0.197
0.1887
0.1531
0.1595
0.2292
0.1926
0.2273
0.1921
0.1815
0.1388
0.1502
0.1286
0.1451
0.1268
0.2387
0.1946
0.1539
0.1355
0.1444
0.1309
0.1423
0.1182
0.2427
0.2051
0.1479
0.1193
0.1369
0.1128
0.1883
0.1493
0.162
0.1188
0.1588
0.1229
0.1976
0.152
0.1868
0.1357
0.1624
0.1656
0.2129
0.1514
0.1872
0.1451
0.171
0.1356
0.1643
0.1207
0.1736
0.1184
0.1415
0.1208
1.0497
0.1276
0.163
0.1739
0.1495
0.1168
0.1453
0.117
0.1462
0.1198
0.2275
0.1665
0.2955
0.2037
0.1751
0.1677
0.2258
0.1925
0.2218
0.1493
0.2166
0.1868
0.1448
0.1199
0.2262
0.1399
0.1478
0.1481
0.1457
0.1201
0.1637
0.1206
0.1464
0.1185
0.2019
0.1811
0.1481
0.1199
0.2264
0.1922
0.1452
0.1128
0.1497
0.1189
0.1629
0.1232
0.1541
0.1232
0.1904
0.1251
0.1644
0.1215
0.2227
0.1889
0.1418
0.1198
0.2125
0.1871
0.267
0.2197
0.1746
0.1227
0.1675
0.1243
0.1493
0.12
0.2232
0.1923
0.1525
0.1221
0.1411
0.1159
0.1569
0.1241
0.2225
0.1914
0.149
0.1304
0.1393
0.1159
0.1435
0.1185
0.2133
0.188
0.1795
0.132
0.1576
0.1214
0.3081
0.1332
0.4509
0.2234
0.381
0.3537
0.2423
0.1644
0.2906
0.2557
0.1734
0.1429
0.1677
0.1803
0.1721
0.1369
0.1522
0.1199
0.1416
0.114
0.1456
0.1183
0.2115
0.148
0.1519
0.1368
0.1941
0.1296
0.2383
0.2549
0.1864
0.1352
0.1745
0.1292
0.1924
0.1443
0.1451
0.1161
0.1465
0.1198
0.1417
0.12
0.2942
0.1752
0.2017
0.1728
0.2027
0.1738
0.1943
0.1701
0.1944
0.1288
0.1431
0.1155
0.1406
0.1167
0.1425
0.1192
0.151
0.1203
0.1602
0.1228
0.1502
0.1198
0.2576
0.1908
0.1509
0.1195
0.1912
0.1259
0.1447
0.1176
0.1421
0.1209
0.1477
0.1186
0.1448
0.1184
0.1528
0.1201
0.1407
0.1176
0.1422
0.1178
0.1356
0.1115
0.1418
0.1177
0.1426
0.1169
0.142
0.1168
0.1407
0.1176
0.1462
0.1221
0.1653
0.1347
0.1455
0.1192
0.1459
0.1197
0.1508
0.1165
0.1376
0.1154
0.1901
0.1222
0.1449
0.1171
0.1419
0.1174
0.1508
0.1228
0.1446
0.1175
0.1482
0.118
0.1433
0.1175
0.1437
0.1177
0.1408
0.1189
0.1452
0.1192
0.1509
0.1211
0.1507
0.1227
0.1519
0.1238
0.1536
0.1225
0.1512
0.1245
0.1447
0.1187
0.1449
0.1199
0.1425
0.1193
0.1436
0.1244
0.1426
0.1167
0.1424
0.1173
0.1421
0.1174
0.1365
0.1103
0.1439
0.1185
0.156
0.1199
0.1396
0.1165
0.1391
0.1164
0.1433
0.1192
0.1463
0.1191
0.1468
0.1177
0.1453
0.12
0.1476
0.1198
0.1406
0.115
0.1408
0.1156
0.1393
0.1161
0.1614
0.1197
0.1387
0.1156
0.1386
0.1143
0.1377
0.1149
0.1395
0.1138
0.1432
0.1169
0.1403
0.1168
0.1409
0.1176
0.1405
0.1178
0.1458
0.118
0.1453
0.1193
0.1492
0.1212
0.1528
0.1228
0.1638
0.1243
0.1451
0.1182
0.14
0.118
0.1409
0.119
0.1412
0.1162
0.1422
0.1167
0.1434
0.1252
0.1345
0.1094
0.1358
0.1141
0.1655
0.1186
0.1389
0.1351
0.14
0.1156
0.1891
0.1208
0.1433
0.1172
0.1425
0.116
0.1467
0.1208
0.145
0.1179
0.1449
0.1186
0.1533
0.1219
0.1604
0.1247
0.1441
0.1194
0.1466
0.1193
0.144
0.1194
0.1435
0.1208
0.1511
0.1216
0.1503
0.1232
0.1439
0.1187
0.1444
0.1198
0.145
0.1188
0.1449
0.1193
0.1478
0.1217
0.1459
0.1251
0.1435
0.1207
0.1468
0.1213
0.1589
0.1224
0.1442
0.1191
0.1408
0.1182
0.139
0.1205
0.1433
0.1219
0.1375
0.1148
0.1315
0.1089
0.138
0.1142
0.1387
0.1188
0.1422
0.1164
0.1434
0.117
0.1476
0.1235
0.1456
0.1182
0.1431
0.1173
0.1441
0.1186
0.1386
0.1165
0.1377
0.1163
0.1387
0.1169
0.1399
0.1167
0.1385
0.1176
0.1406
0.1168
0.144
0.1431
0.1454
0.1191
0.1435
0.1181
0.1427
0.1177
0.141
0.118
0.1427
0.1188
0.1449
0.1188
0.1392
0.1143
0.1377
0.1157
0.1368
0.1143
0.1379
0.1155
0.1396
0.1148
0.1413
0.1159
0.1435
0.1177
0.1457
0.1178
0.1503
0.1187
0.1572
0.1286
0.1474
0.1189
0.1388
0.1114
0.1445
0.1185
0.1469
0.1178
0.1496
0.1198
0.1537
0.1235
0.1619
0.1228
0.1755
0.1177
0.1448
0.1181
0.1434
0.1179
0.1451
0.1264
0.1449
0.1192
0.1437
0.1179
0.1522
0.1198
0.1475
0.1205
0.1421
0.1159
0.1376
0.1139
0.1358
0.1144
0.1405
0.1141
0.1429
0.1162
0.1428
0.1154
0.1463
0.1166
0.1419
0.1161
0.1491
0.1161
0.1406
0.1161
0.1407
0.1168
0.1431
0.1583
0.1425
0.1183
0.142
0.1157
0.1385
0.1166
0.1437
0.1184
0.1456
0.119
0.1748
0.1332
0.1439
0.1176
0.1361
0.1107
0.1394
0.1146
0.1404
0.1165
0.1392
0.1177
0.1369
0.1161
0.1502
0.1177
0.141
0.1157
0.1591
0.1146
0.1385
0.1167
0.1372
0.1144
0.1373
0.1156
0.1582
0.1221
0.1443
0.1184
0.1463
0.1172
0.1627
0.1244
0.1453
0.1186
0.1431
0.1178
0.1435
0.1189
0.2052
0.1249
0.1451
0.1184
0.1426
0.1182
0.1415
0.117
0.1414
0.1188
0.1415
0.1176
0.1406
0.1183
0.2133
0.1281
0.1473
0.1186
0.1407
0.1168
0.1435
0.1169
0.1586
0.1152
0.1389
0.1143
0.137
0.1152
0.1398
0.1149
0.1311
0.1097
0.139
0.1155
0.1389
0.1165
0.1418
0.1172
0.1397
0.1196
0.1434
0.1187
0.1451
0.1183
0.1431
0.1184
0.1449
0.1174
0.1444
0.1176
0.1415
0.1163
0.1406
0.1169
0.1381
0.1151
0.1403
0.1166
0.1386
0.1171
0.1386
0.1161
0.1387
0.1182
0.1597
0.1169
0.1411
0.1168
0.1422
0.1173
0.1432
0.1182
0.1525
0.12
0.1494
0.1214
0.1492
0.1201
0.1364
0.1135
0.1387
0.1158
0.1392
0.1182
0.1391
0.1151
0.141
0.1169
0.1427
0.117
0.1443
0.118
0.145
0.1213
0.1537
0.121
0.1551
0.1178
0.1503
0.1293
0.1497
0.1199
0.145
0.1185
0.142
0.1188
0.1464
0.1205
0.1481
0.1185
0.1454
0.1197

-------------------------------------
CodechalDecodeHevcG12::SetFrameStates
-------------------------------------
5.6444
0.4128
2.9687
2.9439
1.8701
0.1056
0.096
0.1109
0.0302
0.0321
0.0302
0.0307
0.0312
0.0307
0.0367
0.0309
0.2293
0.1739
0.1567
0.0347
0.1451
0.0319
0.1293
0.0317
0.0465
0.0328
0.0326
0.0323
0.0302
0.03
0.0294
0.1656
0.038
0.033
0.0339
0.0304
0.044
0.0355
0.0336
0.0308
0.0312
0.0317
0.0315
0.0299
0.0313
0.0303
0.0304
0.0315
0.0334
0.0334
0.0327
0.0332
0.0322
0.0319
0.0323
0.0366
0.0336
0.0318
0.032
0.0325
0.0344
0.0312
0.0308
0.031
0.0205
0.0306
0.0393
0.0319
0.0303
0.031
0.0308
0.0309
0.032
0.0324
0.0325
0.0335
0.0315
0.0311
0.0307
0.033
0.0322
0.0333
0.034
0.0332
0.0342
0.0377
0.0329
0.0382
0.0333
0.0308
0.0297
0.0314
0.0302
0.0302
0.0302
0.0299
0.0294
0.2978
1.8188
0.0394
0.034
0.0311
0.0297
0.0302
0.0291
0.0306
0.2437
0.4642
0.0307
0.2363
0.493
0.0305
0.196
0.0318
0.0311
0.1097
0.0301
0.0297
0.1002
0.0358
0.0312
0.031
0.0292
0.0305
0.0328
0.0346
0.0327
0.0334
0.0323
0.0299
0.1439
0.0357
0.032
0.0426
0.0368
0.0346
0.0361
0.0345
0.0476
0.0322
0.046
0.0332
0.0331
0.0318
0.0314
0.0301
0.0303
0.03
0.0331
0.0303
0.0313
0.0313
0.0315
0.0305
0.044
0.0311
0.031
0.0347
0.045
0.031
0.0304
0.0305
0.0361
0.3152
0.6767
0.0369
0.0407
0.0326
0.0312
0.0307
0.0307
0.0293
0.0305
0.032
0.0301
0.031
0.0305
0.0304
0.0317
0.0293
0.0298
0.0303
0.0301
0.0309
0.0306
0.043
0.0315
0.0442
0.0313
0.0312
0.0309
0.0302
0.0296
0.0376
0.0321
0.0376
0.0251
0.0327
0.0306
0.045
0.0434
0.0312
0.0305
0.044
0.0317
0.0312
0.0428
0.0304
0.0432
0.0304
0.0371
0.0345
0.0446
0.0312
0.0434
0.0395
0.0321
0.0315
0.0305
0.03
0.0305
0.0301
0.0298
0.0318
0.029
0.0302
0.0296
0.0297
0.0295
0.0214
0.0294
0.0448
0.0332
0.0304
0.0299
0.0303
0.0475
3.0652
0.0511
0.0388
0.0342
0.0506
0.0345
0.0407
0.0431
0.0456
0.0441
0.0443
0.0452
0.053
0.0354
0.038
0.0456
0.0392
0.0321
0.0311
0.051
0.0337
0.032
0.0342
0.0539
0.0347
0.0231
0.043
0.0305
0.0391
0.0439
0.0444
0.0382
0.0471
0.052
0.0387
0.0365
0.0353
0.0305
0.0345
0.0441
0.0346
0.0329
0.0323
0.0494
0.0682
0.0489
0.0481
0.046
0.046
0.0335
0.0382
0.0349
0.0349
0.0475
0.0327
0.0439
0.0323
0.0425
0.0246
0.0329
0.0377
0.0364
0.0552
0.0391
0.048
0.033
0.0447
0.0516
0.0544
0.0403
0.0356
0.048
0.0352
0.0324
0.037
0.0457
0.0327
0.0304
0.0317
0.0484
0.0398
0.038
0.044
0.0513
0.0544
0.0456
0.0771
0.0334
0.0456
0.0371
0.0364
0.0235
0.033
0.0422
0.0354
0.0522
0.0522
0.0457
0.076
0.0445
0.0319
0.0313
0.0308
0.0613
0.0437
0.0412
0.0402
0.0402
0.0301
0.0304
0.0305
0.0324
0.0361
0.0321
0.0559
0.0356
0.0439
0.0345
0.0316
0.0312
0.0316
0.0339
0.0304
0.0314
0.0228
0.0308
0.0311
0.0324
0.0308
0.0308
0.1447
0.0316
0.0306
0.0308
0.0298
0.0415
0.0342
0.0314
0.0325
0.0318
0.0329
0.0313
0.0308
0.03
0.0309
0.0318
0.031
0.0321
0.0327
0.0316
0.0308
0.0315
0.03
0.0302
0.0312
0.0307
0.0305
0.0226
0.0313
0.0327
0.0313
0.0305
0.03
0.03
0.0295
0.0302
0.0331
0.0299
0.0304
0.03
0.029
0.0302
0.0299
0.0291
0.0293
0.03
0.03
0.0303
0.0307
0.0304
0.0304
0.032
0.0319
0.0327
0.0307
0.0303
0.0297
0.0296
0.0297
0.0309
0.0212
0.0289
0.0298
0.0314
0.0306
0.0405
0.0333
0.0302
0.0307
0.0308
0.0312
0.0328
0.0337
0.0307
0.031
0.0302
0.0303
0.0311
0.0322
0.0299
0.0307
0.0309
0.0302
0.0311
0.0305
0.0312
0.0306
0.0371
0.0327
0.03
0.0299
0.0314
0.0298
0.0204
0.0291
0.0291
0.0315
0.0309
0.032
0.0313
0.0301
0.0299
0.0301
0.0288
0.029
0.0294
0.0292
0.0321
0.0301
0.0346
0.03
0.0302
0.0294
0.03
0.0314
0.0305
0.0289
0.029
0.029
0.0295
0.0313
0.0304
0.0306
0.0325
0.0353
0.0311
0.0224
0.0305
0.0305
0.0332
0.032
0.0381
0.0341
0.0303
0.031
0.0306
0.0307
0.031
0.0311
0.0314
0.0303
0.0295
0.0296
0.0302
0.0301
0.0301
0.0312
0.0306
0.0294
0.0303
0.0308
0.0308
0.0304
0.0297
0.0292
0.0305
0.0335
0.0413
0.0337
0.0226
0.0312
0.0302
0.0319
0.0332
0.0318
0.0309
0.0307
0.0295
0.0296
0.0291
0.0373
0.0331
0.0301
0.038
0.0333
0.031
0.0307
0.0377
0.0326
0.031
0.0304
0.0301
0.0313
0.0305
0.0375
0.0333
0.0312
0.0303
0.0309
0.03
0.0293
0.0296
0.0206
0.0286
0.0296
0.0318
0.0295
0.0296
0.0302
0.0299
0.0313
0.0315
0.0309
0.03
0.0292
0.0298
0.03
0.0291
0.03
0.0309
0.0299
0.0298
0.0307
0.0311
0.0312
0.0313
0.0287
0.0289
0.0292
0.0293
0.03
0.0303
0.031
0.0313
0.0335
0.0262
0.0317
0.0318
0.0321
0.0302
0.0318
0.0316
0.0315

--------------------------
CreateVideoDecoder_D3D11_1
--------------------------
15.1875

---------------------------
DestroyVideoDecoder_D3D11_1
---------------------------
0

----------------
First Frame Time
----------------
67.2456

--------------------------------------
VideoDecoderBeginFrame_WDDM2_4_D3D11_1
--------------------------------------
0.0074
0.0025
0.0037
0.0027
0.0023
0.0019
0.0022
0.0017
0.0018
0.0019
0.0017
0.0017
0.0016
0.0074
0.0017
0.0016
0.0019
0.0022
0.0019
0.0027
0.0017
0.0016
0.0018
0.0019
0.0024
0.002
0.0025
0.0018
0.0024
0.0016
0.0017
0.0017
0.003
0.002
0.0019
0.0017
0.0026
0.0026
0.0022
0.0018
0.0019
0.002
0.0033
0.0018
0.0017
0.0019
0.002
0.0019
0.0016
0.0016
0.0015
0.0017
0.0017
0.0016
0.0017
0.0016
0.0017
0.0016
0.0016
0.0016
0.0017
0.0016
0.0015
0.0027
0.0015
0.0016
0.0024
0.0019
0.0017
0.0016
0.0016
0.0017
0.0016
0.0016
0.0016
0.0016
0.0018
0.0015
0.0016
0.0017
0.0018
0.0017
0.0018
0.0016
0.0017
0.0026
0.0021
0.0026
0.0021
0.0018
0.0018
0.002
0.0017
0.0015
0.0025
0.0015
0.0017
0.0016
0.0024
0.0024
0.002
0.0018
0.0018
0.0017
0.0016
0.0019
0.0018
0.0016
0.0017
0.0018
0.0016
0.0017
0.0032
0.0017
0.0018
0.0019
0.0016
0.0018
0.0018
0.0023
0.002
0.0018
0.0017
0.0017
0.0018
0.0017
0.0017
0.0019
0.0017
0.002
0.0019
0.0033
0.0024
0.0033
0.0025
0.0021
0.0023
0.0019
0.0021
0.0018
0.0019
0.0031
0.0019
0.0016
0.0016
0.0016
0.0016
0.0016
0.0015
0.0016
0.0016
0.0015
0.0018
0.002
0.0025
0.0022
0.002
0.0026
0.0026
0.0019
0.0019
0.0021
0.0019
0.0028
0.0025
0.0025
0.003
0.002
0.0019
0.0023
0.0018
0.0017
0.0018
0.002
0.0017
0.0016
0.0017
0.0017
0.0017
0.0018
0.0016
0.0019
0.0017
0.0018
0.0019
0.0025
0.0019
0.0027
0.0018
0.0019
0.0015
0.0018
0.0015
0.0026
0.0018
0.0026
0.0021
0.0018
0.0018
0.0024
0.0024
0.002
0.0017
0.0023
0.0021
0.0018
0.0025
0.0017
0.0024
0.0016
0.0026
0.0101
0.0027
0.0019
0.0026
0.0026
0.0023
0.002
0.0016
0.0019
0.0017
0.0018
0.0016
0.0019
0.0016
0.0018
0.0017
0.0018
0.0017
0.0019
0.0015
0.0024
0.0019
0.0017
0.0016
0.0015
0.0028
0.0054
0.0032
0.0034
0.0021
0.0028
0.0026
0.0027
0.0027
0.003
0.0023
0.0029
0.003
0.0034
0.0024
0.0026
0.0027
0.0023
0.0018
0.0017
0.0033
0.0021
0.0019
0.0017
0.0033
0.0022
0.0029
0.0026
0.0018
0.0026
0.0031
0.0027
0.0021
0.002
0.0047
0.0024
0.0016
0.0025
0.0018
0.0018
0.0038
0.0022
0.002
0.0019
0.003
0.0045
0.0041
0.0034
0.0032
0.0027
0.0022
0.0029
0.0025
0.0022
0.0034
0.0022
0.0026
0.0021
0.0028
0.0022
0.002
0.0027
0.002
0.0037
0.003
0.0028
0.002
0.0026
0.0032
0.0048
0.0029
0.0025
0.003
0.0028
0.0021
0.0027
0.003
0.0021
0.0017
0.0019
0.0121
0.0027
0.0025
0.0036
0.003
0.0043
0.003
0.0031
0.002
0.0025
0.0023
0.0024
0.002
0.002
0.0021
0.0019
0.0022
0.0026
0.0031
0.0029
0.0023
0.0021
0.0021
0.002
0.0052
0.0028
0.0027
0.0024
0.0022
0.0018
0.0016
0.0019
0.0021
0.0017
0.0018
0.0041
0.0023
0.0028
0.0022
0.0017
0.0019
0.0017
0.0021
0.0017
0.0018
0.0019
0.0017
0.0017
0.0018
0.0017
0.0016
0.0017
0.0021
0.0017
0.0018
0.0016
0.0038
0.0025
0.0018
0.0019
0.0019
0.0021
0.0018
0.0017
0.0017
0.0017
0.0016
0.002
0.0017
0.0018
0.0017
0.0018
0.0016
0.0016
0.0016
0.0021
0.0018
0.0017
0.002
0.0018
0.002
0.0016
0.0015
0.0016
0.0017
0.0016
0.0016
0.0017
0.0019
0.0018
0.0016
0.0018
0.0016
0.0017
0.0016
0.0015
0.0015
0.0017
0.0016
0.0017
0.0017
0.0016
0.0017
0.0017
0.0019
0.0017
0.0016
0.0016
0.0017
0.0016
0.0017
0.002
0.0017
0.0018
0.0018
0.0018
0.0031
0.002
0.0019
0.0016
0.0015
0.0017
0.0018
0.0016
0.0017
0.0016
0.0016
0.0015
0.0016
0.0019
0.0017
0.0016
0.0018
0.0016
0.0018
0.0018
0.0019
0.0017
0.0028
0.0019
0.0019
0.0017
0.0023
0.0018
0.0019
0.0016
0.0017
0.0016
0.0015
0.0017
0.0018
0.0016
0.0015
0.0016
0.0016
0.0015
0.0015
0.0016
0.0039
0.0016
0.0019
0.0015
0.0018
0.0015
0.0017
0.0015
0.0017
0.0016
0.0015
0.0016
0.0015
0.0017
0.0017
0.0017
0.0018
0.0016
0.0018
0.0018
0.0016
0.0017
0.0015
0.0016
0.0025
0.0028
0.002
0.0018
0.0017
0.0017
0.0016
0.0016
0.0016
0.0018
0.0016
0.0016
0.0017
0.0016
0.0016
0.0018
0.0015
0.0016
0.0015
0.0016
0.0015
0.0016
0.0016
0.0016
0.0015
0.0016
0.0025
0.0024
0.0021
0.0019
0.0018
0.0017
0.0016
0.0022
0.0017
0.0016
0.0017
0.0017
0.0015
0.0026
0.002
0.0019
0.0027
0.0021
0.0018
0.0017
0.0026
0.002
0.0017
0.0019
0.0015
0.0016
0.0016
0.0026
0.0029
0.0018
0.0017
0.0019
0.0017
0.0019
0.0015
0.0016
0.0016
0.0015
0.0017
0.0018
0.0039
0.0017
0.0018
0.0017
0.0018
0.0017
0.0016
0.0015
0.0024
0.0018
0.0015
0.0014
0.0018
0.0015
0.0017
0.0018
0.0016
0.0016
0.0017
0.0017
0.0015
0.0016
0.0016
0.0015
0.0015
0.0016
0.0016
0.0019
0.0044
0.0017
0.0018
0.0017
0.0017
0.0015
0.0017
0.0017

----------------------------
VideoDecoderEndFrame_D3D11_1
----------------------------
0.0419
0.0544
0.0836
0.0808
0.0645
0.0575
0.0639
0.0607
0.062
0.062
0.0585
0.0612
0.064
0.0577
0.0554
0.0557
0.0597
0.0574
0.0601
0.0605
0.056
0.0563
0.0561
0.0553
0.0735
0.0575
0.0542
0.054
0.055
0.0567
0.0543
0.0562
0.0636
0.0543
0.054
0.0574
0.0823
0.0763
0.0576
0.055
0.0554
0.0532
0.0561
0.0649
0.054
0.0562
0.06
0.0542
0.0563
0.058
0.0571
0.0566
0.0557
0.0558
0.0546
0.0567
0.0567
0.0567
0.0559
0.0557
0.0578
0.0532
0.055
0.0534
0.0534
0.0554
0.0555
0.0545
0.0531
0.0534
0.054
0.0532
0.0544
0.0578
0.0578
0.0579
0.055
0.0543
0.0541
0.0548
0.0567
0.0582
0.0565
0.0551
0.0556
0.0565
0.0524
0.0579
0.0538
0.0548
0.0561
0.0559
0.0525
0.0513
0.053
0.063
0.0529
0.0616
0.0533
0.0809
0.0551
0.0536
0.0532
0.0532
0.0533
0.0513
0.051
0.0494
0.0767
0.0497
0.0487
0.1031
0.0518
0.0532
0.0772
0.0509
0.0535
0.0764
0.0569
0.0539
0.0547
0.0531
0.0532
0.0546
0.0541
0.0546
0.0574
0.0554
0.056
0.0528
0.0574
0.0541
0.0779
0.0782
0.0564
0.0553
0.0569
0.0584
0.0557
0.0531
0.0538
0.0603
0.0572
0.0542
0.0564
0.0531
0.0553
0.0531
0.0533
0.0583
0.0549
0.0544
0.0551
0.0574
0.0786
0.0515
0.0526
0.0561
0.0784
0.0525
0.0526
0.05
0.069
0.0826
0.0539
0.0775
0.0794
0.0557
0.0508
0.0503
0.0517
0.0534
0.0555
0.0534
0.0532
0.0532
0.0537
0.0533
0.0572
0.0532
0.0559
0.0537
0.0716
0.0539
0.0533
0.077
0.0532
0.0768
0.0582
0.0522
0.0544
0.0494
0.0497
0.0559
0.0541
0.0594
0.056
0.0533
0.0516
0.0764
0.0769
0.0515
0.0516
0.0812
0.0532
0.0535
0.0776
0.0516
0.079
0.0515
0.0584
0.0604
0.0753
0.0541
0.0777
0.0589
0.0629
0.0525
0.0567
0.0539
0.051
0.051
0.0528
0.0525
0.0526
0.0494
0.0524
0.0516
0.0512
0.0508
0.051
0.0739
0.0513
0.0514
0.0508
0.0503
0.0552
0.0714
0.0829
0.123
0.0881
0.0549
0.0539
0.0682
0.0822
0.0784
0.0848
0.0796
0.0937
0.083
0.075
0.0938
0.0944
0.0554
0.0574
0.0559
0.0833
0.063
0.0512
0.0518
0.0939
0.0512
0.0581
0.0635
0.0503
0.054
0.0646
0.0647
0.0613
0.0593
0.0729
0.0801
0.0561
0.0621
0.0884
0.0772
0.0637
0.056
0.0734
0.0715
0.072
0.0867
0.0653
0.0832
0.0599
0.086
0.0569
0.0591
0.0566
0.0647
0.0638
0.0598
0.0773
0.0545
0.0791
0.0565
0.053
0.06
0.0635
0.0654
0.0553
0.0798
0.0578
0.0718
0.0911
0.0564
0.0586
0.056
0.0764
0.0571
0.0547
0.0555
0.091
0.0556
0.0524
0.051
0.0792
0.0614
0.053
0.097
0.1181
0.1256
0.0686
0.0725
0.0558
0.0866
0.0657
0.0551
0.0582
0.0612
0.0556
0.0576
0.0974
0.0842
0.0638
0.0624
0.0607
0.0581
0.0521
0.0516
0.0788
0.0728
0.0721
0.0743
0.0507
0.0506
0.0538
0.0528
0.0699
0.0577
0.0569
0.0693
0.0561
0.058
0.0546
0.0534
0.0537
0.0568
0.052
0.0519
0.0524
0.0517
0.0522
0.0509
0.0524
0.0557
0.0534
0.0549
0.0543
0.0547
0.0511
0.0542
0.0583
0.0563
0.0548
0.056
0.0542
0.0535
0.0549
0.0531
0.0586
0.0534
0.0534
0.0589
0.0561
0.0549
0.0565
0.0557
0.0543
0.0533
0.1018
0.0527
0.0526
0.0526
0.0525
0.053
0.0537
0.0532
0.0524
0.052
0.0529
0.0527
0.0542
0.0536
0.0522
0.052
0.052
0.0507
0.0498
0.0521
0.0513
0.0513
0.054
0.0538
0.0536
0.054
0.0537
0.0535
0.0548
0.0555
0.0573
0.053
0.0571
0.0542
0.052
0.0538
0.0539
0.0523
0.0526
0.0531
0.0499
0.0546
0.0561
0.0534
0.0532
0.057
0.0545
0.0542
0.0552
0.0578
0.055
0.0528
0.0545
0.053
0.0546
0.0551
0.0527
0.055
0.0531
0.0536
0.0562
0.0554
0.0544
0.0575
0.0572
0.0535
0.0528
0.0525
0.0527
0.0531
0.0535
0.0531
0.0531
0.0563
0.0531
0.0549
0.0544
0.0528
0.0529
0.0536
0.0531
0.0526
0.0528
0.0542
0.0628
0.0557
0.0558
0.0537
0.0531
0.0534
0.0542
0.0535
0.0526
0.0537
0.0541
0.0534
0.0526
0.0527
0.0542
0.0542
0.0545
0.0553
0.0534
0.0541
0.0569
0.0534
0.0558
0.067
0.0564
0.054
0.0542
0.0538
0.0545
0.0538
0.0534
0.0541
0.0569
0.0517
0.0526
0.0524
0.0535
0.053
0.0526
0.0537
0.0527
0.0517
0.0518
0.0509
0.055
0.0524
0.0529
0.0527
0.053
0.056
0.0537
0.056
0.0561
0.0521
0.0518
0.0526
0.0676
0.0519
0.0511
0.0515
0.0518
0.0533
0.0501
0.0576
0.053
0.0522
0.0564
0.0532
0.0536
0.0515
0.0592
0.0528
0.0548
0.0516
0.0537
0.0512
0.0519
0.0588
0.0558
0.0549
0.053
0.0533
0.0547
0.0533
0.0519
0.0543
0.0518
0.052
0.0525
0.0524
0.0533
0.0516
0.0529
0.0539
0.0535
0.0521
0.0528
0.0524
0.0528
0.0516
0.0526
0.0522
0.0537
0.0541
0.0556
0.0552
0.0547
0.0587
0.0554
0.0525
0.0517
0.0525
0.0517
0.053
0.0539
0.0538
0.0546
0.0588
0.0573
0.0595
0.0567
0.052
0.0539
0.0566
0.0564
0.0547

---------------------------------
VideoDecoderSubmitBuffers_D3D11_1
---------------------------------
10.3817
7.7516
4.1834
14.7442
7.2301
0.646
0.6223
0.6706
0.5944
0.5208
0.555
0.5099
0.5846
0.5408
0.5492
0.5418
3.1915
2.625
3.4085
0.5309
2.3978
0.5134
2.0566
0.5095
0.5659
0.4323
0.3895
0.3876
0.3814
0.3798
0.3855
1.3877
0.4483
0.4021
0.3944
0.3824
0.5894
0.3974
0.4234
0.3896
0.389
0.3993
0.41
0.3782
0.3847
0.3911
0.3868
0.3995
0.4088
0.4175
0.4148
0.4159
0.4068
0.4107
0.4095
0.4319
0.4159
0.4092
0.4103
0.4111
0.4328
0.3915
0.4218
0.3861
0.3562
0.3908
0.4487
0.3861
0.3814
0.3868
0.388
0.3894
0.3946
0.4037
0.4215
0.4197
0.3935
0.3934
0.3947
0.4022
0.4126
0.4267
0.4267
0.4203
0.4374
0.4333
0.3922
0.4351
0.3908
0.4237
0.3786
0.4188
0.3787
0.3725
0.3768
0.4054
0.3758
0.7249
2.2297
0.4558
0.3932
0.3806
0.3829
0.378
0.3751
0.3851
0.6226
0.8193
0.3849
0.6064
0.8442
0.3883
1.7015
0.416
0.391
1.0835
0.3741
0.3827
1.1483
0.4087
0.3862
0.3886
0.3863
0.3872
0.4005
0.4036
0.4182
0.4113
0.4029
0.382
2.0688
0.4461
0.4013
0.5121
0.4751
0.4237
0.4406
0.4345
0.4454
0.395
0.4094
0.453
0.4129
0.4014
0.4007
0.3788
0.4104
0.381
0.3874
0.3816
0.3942
0.3907
0.3932
0.4145
0.5839
0.385
0.3951
0.4046
0.588
0.3819
0.3812
0.3811
0.4071
0.8223
1.0911
0.4392
0.458
0.3894
0.382
0.3804
0.3764
0.3754
0.3786
0.3925
0.3775
0.385
0.3915
0.3899
0.3968
0.3762
0.3812
0.3813
0.3886
0.3862
0.3859
0.5883
0.3974
0.5929
0.3945
0.3786
0.3835
0.3861
0.3825
0.4321
0.3886
0.4347
0.3803
0.379
0.3856
0.5789
0.5828
0.391
0.384
0.592
0.3943
0.3914
0.5771
0.3828
0.5756
0.3838
0.4308
0.3969
0.5829
0.3851
0.5782
0.4426
0.3991
0.3899
0.3902
0.3868
0.3737
0.3818
0.3754
0.3953
0.3676
0.3749
0.3815
0.3876
0.3844
0.3677
0.7398
0.8296
0.5508
0.7723
0.5656
0.6978
1.344
3.6441
0.5588
0.4456
0.4253
0.4855
0.6968
0.7098
0.7872
0.6498
0.6951
0.5888
0.6048
0.5905
0.4582
1.0671
0.6028
0.4674
0.4206
0.3988
0.6403
0.4281
0.4369
0.7623
0.8734
0.4074
0.3732
0.5031
0.5217
0.4367
0.5148
0.4886
0.4685
0.5245
0.5188
0.4549
0.4222
0.4341
0.3874
1.3136
0.5107
0.4049
0.4042
0.4436
0.5939
0.8772
0.5296
0.6199
0.5479
0.5899
0.4036
0.5299
0.4331
0.4009
0.4515
0.393
0.5643
0.3957
0.5963
0.3864
0.3995
0.4387
0.4187
0.5014
0.445
0.5991
0.3899
0.5854
0.7171
0.4834
0.4603
0.4118
0.608
0.4169
0.3832
0.43
0.5997
0.4098
0.3788
0.3895
0.5979
0.4758
0.4244
0.6319
0.9931
1.0271
0.5889
0.7945
0.4502
0.5437
0.4672
0.4168
0.3818
0.3917
0.5271
0.4407
0.5293
0.7244
0.4899
0.5027
0.4971
0.3892
0.3929
0.3846
0.7244
0.5456
0.5434
0.5286
0.4693
0.3812
0.3779
0.3847
0.4097
0.4848
0.4006
0.6822
0.404
0.4759
0.4026
0.3917
0.3943
0.3902
0.4112
0.3798
0.3821
0.3671
0.3811
0.3816
0.3828
0.4195
0.3925
0.5667
0.4214
0.3902
0.3951
0.3735
0.4926
0.3975
0.3872
0.4089
0.3926
0.4039
0.3873
0.3897
0.3833
0.3909
0.408
0.4041
0.4177
0.4114
0.4041
0.3879
0.3922
0.3841
0.3927
0.3853
0.3797
0.3829
0.3695
0.3854
0.407
0.3782
0.3748
0.3825
0.3857
0.3829
0.3867
0.3974
0.3821
0.3796
0.3783
0.4007
0.3728
0.372
0.3693
0.3713
0.3837
0.3772
0.3808
0.3823
0.3863
0.3914
0.3987
0.405
0.4281
0.3868
0.3781
0.3818
0.3771
0.3812
0.3951
0.362
0.3651
0.4057
0.3985
0.3805
0.4819
0.3952
0.3819
0.3932
0.3903
0.3895
0.4139
0.4315
0.3892
0.3943
0.3894
0.3875
0.4014
0.4062
0.3859
0.3891
0.3897
0.3877
0.3968
0.3995
0.3941
0.3987
0.4363
0.394
0.3794
0.3817
0.3943
0.3735
0.3553
0.3718
0.3781
0.3842
0.3847
0.4033
0.3961
0.3862
0.3871
0.3759
0.3722
0.3753
0.3784
0.3758
0.3919
0.414
0.3934
0.386
0.385
0.3804
0.3852
0.3945
0.3816
0.374
0.3723
0.3749
0.3773
0.3847
0.3889
0.396
0.4035
0.4242
0.395
0.3747
0.3896
0.396
0.4042
0.4275
0.4396
0.4412
0.3858
0.3856
0.3963
0.3862
0.3833
0.3962
0.3923
0.3814
0.3692
0.3681
0.3738
0.3815
0.3788
0.3889
0.3811
0.3829
0.3765
0.3794
0.4224
0.3815
0.3784
0.3704
0.3837
0.3999
0.5546
0.3948
0.3666
0.3766
0.3747
0.38
0.3748
0.3984
0.3801
0.3943
0.3738
0.3709
0.3687
0.4329
0.3923
0.385
0.4432
0.3988
0.386
0.3898
0.4826
0.3907
0.3843
0.3815
0.3805
0.3814
0.3804
0.4955
0.3974
0.3796
0.3818
0.4003
0.3743
0.3686
0.3746
0.3539
0.3692
0.3733
0.3837
0.3766
0.3811
0.3869
0.3833
0.3909
0.3946
0.3797
0.3768
0.3722
0.3771
0.3733
0.3725
0.3741
0.4041
0.3836
0.38
0.3863
0.403
0.4011
0.399
0.3683
0.3723
0.3762
0.3767
0.382
0.3883
0.3907
0.3911
0.4153
0.4164
0.4313
0.4043
0.391
0.3843
0.3967
0.3993
0.3919

