--------------------------
CreateVideoDecoder_D3D11_1
--------------------------
21.1667
20.1636
16.0793

---------------------------
DestroyVideoDecoder_D3D11_1
---------------------------
12.69
13.1869
0

----------------
First Frame Time
----------------
0

----------------------------
VideoDecoderEndFrame_D3D11_1
----------------------------
0.0046
0.0029
0.003
0.0028
0.0023
0.0022
0.003
0.0031
0.0027
0.005
0.0031
0.0024
0.0022
0.0059
0.0032
0.0028
0.0041
0.0029
0.0032
0.0065
0.0038
0.0039
0.0036
0.0026
0.0035
0.0036
0.0041
0.0041
0.0061
0.0029
0.0031
0.0026
0.0031
0.0028
0.0029
0.0034
0.0021
0.0035
0.0024
0.0023
0.0033
0.0029
0.0086
0.0034
0.0029
0.0037
0.0026
0.0031
0.0026
0.0034
0.0032
0.0024
0.0034
0.0032
0.0025
0.0026
0.0026
0.0028
0.0023
0.003
0.0024
0.0022
0.0023
0.0052
0.0024
0.0025
0.0031
0.0023
0.0042
0.0026
0.0028
0.003
0.0036
0.0024
0.0018
0.0022
0.0025
0.0031
0.0032
0.0025
0.0032
0.0024
0.003
0.0032
0.0021
0.0025
0.0024
0.0026
0.002
0.0017
0.0015
0.0029
0.0023
0.0027
0.0063
0.0015
0.0025
0.0027
0.0026
0.0035
0.0027
0.0024
0.0024
0.0026
0.0019
0.0026
0.0033
0.0023
0.0028
0.0025
0.0029
0.002
0.0025
0.0021
0.0028
0.0028
0.0028
0.003
0.0027
0.0023
0.0022
0.0024
0.0026
0.0026
0.0026
0.0024
0.0035
0.0026
0.0028
0.0025
0.0026
0.0015
0.0024
0.0027
0.0029
0.0028
0.0027
0.003
0.0023
0.0023
0.0021
0.0067
0.0016
0.003
0.0024
0.003
0.0025
0.0029
0.0031
0.0035
0.0024
0.0026
0.003
0.0034
0.0025
0.0015
0.0017
0.0018
0.0018
0.0028
0.0027
0.0034
0.0032
0.0025
0.0025
0.0024
0.0031
0.0026
0.0028
0.0031
0.0026
0.0025
0.0024
0.0031
0.002
0.0021
0.0021
0.002
0.0029
0.0026
0.0024
0.0023
0.003
0.0025
0.003
0.0019
0.0027
0.0027
0.0021
0.0015
0.0017
0.003
0.0024
0.0018
0.0026
0.0028
0.0027
0.0031
0.0021
0.0023
0.003
0.0023
0.0032
0.0022
0.0021
0.0024
0.0021
0.0027
0.0029
0.0022
0.0025
0.0188
0.002
0.0023
0.0025
0.0025
0.003
0.0018
0.0024
0.0025
0.0023
0.0032
0.003
0.0034
0.0029
0.0031
0.0028
0.0035
0.0028
0.0044
0.0026
0.0036
0.0037
0.0028
0.005
0.0028
0.0029
0.0033
0.0042
0.0029
0.004
0.0032
0.0032
0.0031
0.003
0.0024
0.0038
0.0032
0.0029
0.0039
0.003
0.004
0.0037
0.004
0.0041
0.0035
0.0031
0.0028
0.0032
0.0021
0.0034
0.0031
0.0028
0.0023
0.0041
0.0021
0.0026
0.003
0.0031
0.0028
0.0026
0.0041
0.0035
0.0033
0.0027
0.0023
0.0023
0.0026
0.0027
0.0024
0.0027
0.0027
0.0024
0.0022
0.0033
0.0032
0.0022
0.0035
0.0025
0.0031
0.0037
0.0026
0.0027
0.003
0.0028
0.0021
0.0033
0.0026
0.0022
0.0032
0.0034
0.0023
0.0018
0.0029
0.0031
0.0028
0.0029
0.0035
0.0028
0.003
0.0033
0.0029
0.0019
0.0028
0.0028
0.0025
0.0524
0.0023
0.0032
0.0025
0.003
0.0025
0.0042
0.0027
0.0023
0.0025
0.0028
0.0028
0.0028
0.0027
0.0034
0.003
0.0029
0.0033
0.0028
0.0029
0.0019
0.0023
0.0031
0.0023
0.0018
0.0016
0.0029
0.0019
0.0025
0.0027
0.0173
0.0032
0.0023
0.0024
0.0025
0.0037
0.0026
0.0025
0.003
0.0034
0.0027
0.0022
0.0022
0.0025
0.0026
0.0027
0.0028
0.0026
0.0023
0.0023
0.0023
0.0017
0.0023
0.0021
0.0032
0.0027
0.0024
0.0025
0.0028
0.0029
0.0022
0.0034
0.0024
0.0028
0.0027
0.0024
0.003
0.0023
0.0024
0.0023
0.0031
0.0027
0.0025
0.0032
0.0024
0.0021
0.0023
0.002
0.0018
0.0022
0.0025
0.0034
0.0028
0.0029
0.0024
0.0027
0.0024
0.0023
0.0026
0.0026
0.0028
0.0025
0.0025
0.0029
0.0029
0.0041
0.0037
0.0031
0.0021
0.0026
0.0026
0.0027
0.0031
0.0029
0.0028
0.0029
0.0028
0.0023
0.0024
0.0027
0.0033
0.0027
0.0025
0.0027
0.0029
0.0026
0.0025
0.0023
0.0023
0.0029
0.0022
0.0025
0.0027
0.0027
0.0026
0.0025
0.003
0.0019
0.0024
0.0025
0.0021
0.0022
0.0138
0.002
0.0022
0.0019
0.0021
0.0033
0.0025
0.0027
0.0025
0.0019
0.0022
0.0026
0.0023
0.0023
0.0027
0.0025
0.0037
0.0033
0.0039
0.0036
0.0025
0.0031
0.0029
0.0031
0.0029
0.0027
0.044
0.0028
0.0032
0.0039
0.0025
0.0031
0.0037
0.0025
0.0034
0.0021
0.0024
0.0034
0.0037
0.0027
0.0034
0.0034
0.0028
0.0024
0.0029
0.0033
0.0022
0.0031
0.003
0.0022
0.0027
0.0024
0.0051
0.0028
0.0033
0.0028
0.0028
0.0026
0.0029
0.0025
0.0035
0.0024
0.0168
0.0026
0.0022
0.0023
0.0025
0.003
0.0018
0.0029
0.0029
0.0027
0.0037
0.0025
0.0037
0.0036
0.0025
0.0024
0.0038
0.0029
0.0025
0.0027
0.0024
0.0021
0.003
0.0025
0.0031
0.0042
0.0029
0.0028
0.0018
0.0028
0.0025
0.0017
0.0029
0.0031
0.0026
0.0025
0.0031
0.003
0.0024
0.0024
0.0025
0.0024
0.0027
0.0034
0.0035
0.0035
0.0025
0.0031
0.0027
0.0035
0.0027
0.004
0.0021
0.0026
0.0024
0.0022
0.0027
0.0026
0.0031
0.0028
0.0025
0.0021
0.0025
0.0031
0.0026
0.0026
0.003
0.003
0.0025
0.0022
0.0026
0.0027
0.0028
0.0024
0.0021
0.0018
0.0024
0.0023
0.002
0.0021
0.0025
0.0026
0.0031
0.0026
0.0024
0.0029
0.0036
0.003
0.0025
0.0018

