--------------------------
CreateVideoDecoder_D3D11_1
--------------------------
21.2305
16.1722
14.9478

---------------------------
DestroyVideoDecoder_D3D11_1
---------------------------
13.2865
13.1983
0

----------------
First Frame Time
----------------
0

----------------------------
VideoDecoderEndFrame_D3D11_1
----------------------------
0.003
0.0027
0.0029
0.0028
0.0033
0.0027
0.0027
0.0022
0.0026
0.0032
0.0026
0.0023
0.0027
0.0046
0.0017
0.0019
0.0019
0.0016
0.0027
0.0051
0.0026
0.0038
0.0018
0.0019
0.0019
0.0015
0.0018
0.0017
0.0043
0.0017
0.0019
0.0017
0.0025
0.0026
0.0028
0.0031
0.0029
0.003
0.0027
0.0024
0.0027
0.0026
0.005
0.0024
0.0023
0.0026
0.0042
0.0028
0.0026
0.0025
0.0027
0.0029
0.0024
0.0029
0.0025
0.0029
0.0046
0.0025
0.0019
0.0018
0.0023
0.003
0.0019
0.0054
0.0031
0.0027
0.0025
0.0026
0.0023
0.0024
0.0026
0.0025
0.0026
0.0025
0.0026
0.0024
0.0025
0.0025
0.0023
0.0025
0.0028
0.0029
0.0024
0.0024
0.0025
0.0025
0.0027
0.0027
0.0027
0.0029
0.0042
0.0027
0.0028
0.0027
0.0079
0.0027
0.0028
0.0028
0.0023
0.0024
0.0027
0.0025
0.0028
0.0026
0.0026
0.0023
0.0026
0.0026
0.0023
0.0026
0.0026
0.0024
0.0032
0.0029
0.0025
0.0029
0.0024
0.0029
0.0027
0.0017
0.0023
0.0014
0.0016
0.0018
0.0027
0.0023
0.0024
0.0023
0.0023
0.0024
0.0025
0.0025
0.0027
0.0026
0.0031
0.0027
0.0024
0.0024
0.0022
0.0027
0.0031
0.0066
0.0024
0.0025
0.0031
0.0024
0.0025
0.003
0.0028
0.0023
0.0024
0.0027
0.0026
0.0024
0.0029
0.0023
0.0029
0.0026
0.0026
0.0032
0.0025
0.0026
0.0023
0.0027
0.0023
0.0024
0.0025
0.0028
0.0025
0.0025
0.003
0.0024
0.0024
0.0022
0.0025
0.0024
0.0022
0.0025
0.0025
0.0031
0.0028
0.0024
0.0027
0.0024
0.0025
0.0027
0.0024
0.0023
0.0025
0.0022
0.0026
0.0027
0.0029
0.0025
0.0024
0.0029
0.0027
0.003
0.0023
0.0025
0.0025
0.0024
0.003
0.0027
0.0024
0.0027
0.0027
0.0029
0.0031
0.0023
0.0025
0.0057
0.0022
0.0024
0.0024
0.0024
0.0023
0.0024
0.0027
0.0019
0.0023
0.0025
0.0023
0.0028
0.0023
0.0023
0.0025
0.0028
0.0024
0.0024
0.0021
0.0027
0.0025
0.004
0.0025
0.0025
0.0026
0.0022
0.0027
0.0025
0.0025
0.0026
0.0027
0.0029
0.0023
0.0023
0.0023
0.0024
0.0031
0.0024
0.0025
0.003
0.0031
0.0028
0.0025
0.0024
0.003
0.0021
0.0021
0.002
0.0023
0.0031
0.0025
0.0024
0.0024
0.0018
0.0018
0.0018
0.0016
0.0025
0.0021
0.0024
0.0025
0.0025
0.0028
0.0024
0.0026
0.0026
0.0026
0.0023
0.0026
0.0024
0.0023
0.0023
0.0025
0.0027
0.0026
0.0024
0.0022
0.0023
0.002
0.0028
0.0028
0.0026
0.0026
0.0025
0.0026
0.0023
0.0027
0.0024
0.0026
0.0027
0.0025
0.0029
0.0028
0.0025
0.0029
0.0024
0.0025
0.0032
0.0029
0.0025
0.0024
0.0027
0.0025
0.0026
0.0274
0.0022
0.0027
0.0032
0.0025
0.0026
0.0023
0.0035
0.0024
0.0027
0.0028
0.0026
0.0027
0.0033
0.0024
0.0024
0.0042
0.0025
0.0023
0.0023
0.0025
0.0027
0.0025
0.0028
0.0027
0.0028
0.0019
0.0017
0.0021
0.0028
0.0026
0.0029
0.0028
0.003
0.0028
0.0025
0.0025
0.0028
0.0029
0.0024
0.0025
0.0022
0.003
0.0025
0.0027
0.0026
0.0023
0.0024
0.0018
0.0019
0.0018
0.0031
0.0023
0.0028
0.0025
0.0024
0.0027
0.0022
0.0027
0.0029
0.003
0.0028
0.0025
0.0028
0.0021
0.0033
0.0024
0.0022
0.0025
0.0024
0.0025
0.0021
0.0029
0.0026
0.0023
0.0024
0.0027
0.0023
0.0024
0.0025
0.0023
0.0019
0.0016
0.0015
0.0013
0.0019
0.0022
0.0017
0.0014
0.0017
0.0016
0.0015
0.0016
0.0027
0.0023
0.0025
0.0024
0.0023
0.0025
0.0023
0.0024
0.0027
0.0023
0.003
0.0033
0.0022
0.0025
0.0024
0.0023
0.0027
0.0026
0.0022
0.0026
0.0023
0.0029
0.0025
0.0026
0.0024
0.0876
0.0023
0.0028
0.0029
0.0023
0.0025
0.0028
0.0024
0.0024
0.003
0.0024
0.0021
0.0024
0.0031
0.0025
0.0023
0.003
0.0025
0.0026
0.0026
0.0024
0.0025
0.0025
0.0023
0.0024
0.0031
0.0027
0.0029
0.0027
0.0027
0.0024
0.0025
0.0025
0.0024
0.0023
0.0025
0.0024
0.0023
0.0025
0.0023
0.0282
0.0027
0.0024
0.0032
0.0037
0.0025
0.0025
0.0026
0.0023
0.0038
0.0024
0.0027
0.0024
0.0021
0.0024
0.0022
0.0025
0.0025
0.0023
0.0024
0.0025
0.0028
0.0023
0.0021
0.0018
0.0017
0.0018
0.0017
0.0016
0.0014
0.0017
0.0015
0.0028
0.0021
0.0023
0.0024
0.0015
0.0016
0.0022
0.0017
0.0016
0.0017
0.0015
0.0014
0.0026
0.002
0.0024
0.0023
0.0025
0.0025
0.0027
0.0033
0.003
0.0025
0.0025
0.0026
0.0024
0.0025
0.0021
0.0099
0.0018
0.0014
0.0014
0.0014
0.0027
0.0024
0.0022
0.0022
0.0029
0.0024
0.0026
0.0021
0.0024
0.0024
0.0024
0.0024
0.0022
0.0022
0.0025
0.0025
0.0028
0.0025
0.0026
0.0022
0.0024
0.0023
0.0024
0.0023
0.0024
0.0022
0.0023
0.0025
0.0026
0.0021
0.0022
0.0023
0.0024
0.0023
0.0025
0.0023
0.0021
0.0022
0.0038
0.0026
0.0023
0.0021
0.0022
0.0026
0.0026
0.0021
0.0024
0.0022
0.0025
0.0025
0.0025
0.0023
0.0024
0.003
0.0025
0.0024
0.0022
0.0023
0.0023
0.0023
0.0026
0.0024

