--------------------------
CreateVideoDecoder_D3D11_1
--------------------------
16.5721
13.8969
14.0845

---------------------------
DestroyVideoDecoder_D3D11_1
---------------------------
15.1015
13.9722
0

----------------
First Frame Time
----------------
0

----------------------------
VideoDecoderEndFrame_D3D11_1
----------------------------
0.0032
0.004
0.0033
0.003
0.0029
0.0034
0.0031
0.0024
0.0031
0.0049
0.0026
0.0028
0.0025
0.0051
0.0027
0.0024
0.0025
0.0023
0.003
0.0069
0.0018
0.0031
0.0025
0.0031
0.0023
0.0016
0.0022
0.0019
0.0064
0.0026
0.0022
0.0017
0.0019
0.0025
0.0025
0.0025
0.002
0.0018
0.0017
0.0018
0.0028
0.003
0.0053
0.002
0.0031
0.0023
0.003
0.0028
0.0031
0.0029
0.0029
0.0026
0.0026
0.0021
0.0022
0.0016
0.0042
0.0025
0.0025
0.0027
0.0023
0.0016
0.0022
0.0051
0.0019
0.0017
0.0018
0.0026
0.0025
0.0031
0.0026
0.0027
0.0045
0.0033
0.0041
0.0033
0.0025
0.0032
0.0029
0.0025
0.0027
0.0028
0.0031
0.0023
0.0028
0.0028
0.0029
0.0035
0.0035
0.0029
0.0026
0.0027
0.003
0.0025
0.0051
0.0028
0.003
0.0032
0.0041
0.0036
0.0025
0.0023
0.0024
0.0024
0.0024
0.0025
0.0026
0.0026
0.0025
0.0023
0.0037
0.0027
0.0021
0.0029
0.0025
0.0024
0.0027
0.0024
0.0026
0.0033
0.0027
0.0027
0.0025
0.0025
0.0026
0.0041
0.0031
0.0024
0.0032
0.0031
0.0026
0.0026
0.0025
0.0024
0.0024
0.0035
0.0029
0.0025
0.003
0.0028
0.0038
0.0095
0.0025
0.0025
0.0025
0.0037
0.003
0.0033
0.0024
0.0021
0.0025
0.0024
0.0036
0.0034
0.0025
0.0028
0.0026
0.0026
0.003
0.0026
0.003
0.0024
0.0024
0.0031
0.0027
0.0033
0.0026
0.0032
0.0027
0.0026
0.0026
0.0022
0.0036
0.0027
0.0033
0.0025
0.003
0.0024
0.0032
0.0028
0.0025
0.0029
0.0035
0.0033
0.0028
0.0029
0.0028
0.0029
0.0025
0.0025
0.0026
0.0028
0.0029
0.003
0.0033
0.0024
0.0029
0.0035
0.003
0.0026
0.0033
0.0027
0.0029
0.0032
0.0036
0.0023
0.0025
0.0042
0.0025
0.0027
0.0023
0.0063
0.0026
0.0026
0.0035
0.0024
0.0027
0.0027
0.0027
0.0027
0.0026
0.0028
0.0025
0.0027
0.002
0.0038
0.0023
0.0022
0.0028
0.0029
0.003
0.003
0.0031
0.0023
0.0023
0.002
0.002
0.0029
0.0021
0.0028
0.0029
0.0022
0.0029
0.0033
0.003
0.0025
0.0023
0.0016
0.0025
0.0023
0.0028
0.0023
0.0024
0.0033
0.003
0.0028
0.0033
0.0025
0.0027
0.003
0.0022
0.0026
0.0041
0.0041
0.0025
0.002
0.0027
0.0028
0.0026
0.0025
0.0031
0.0026
0.0027
0.0022
0.0019
0.0027
0.0029
0.0019
0.0022
0.0021
0.0021
0.0027
0.002
0.0025
0.003
0.0028
0.0035
0.0029
0.0032
0.0029
0.0026
0.0026
0.0025
0.0022
0.0019
0.0018
0.0022
0.0016
0.0018
0.0023
0.0032
0.0032
0.0031
0.0026
0.0028
0.0027
0.0027
0.0026
0.0026
0.0021
0.0027
0.0025
0.0032
0.0029
0.0029
0.0024
0.0318
0.0026
0.0031
0.0031
0.0029
0.0029
0.0027
0.0024
0.0026
0.0023
0.003
0.0045
0.0033
0.0028
0.0023
0.0027
0.0022
0.0017
0.0029
0.0027
0.0025
0.0032
0.0031
0.0023
0.0026
0.0018
0.0024
0.0031
0.0023
0.0028
0.0024
0.0022
0.0019
0.0018
0.0026
0.0031
0.0018
0.0024
0.0018
0.002
0.0018
0.0032
0.0021
0.0026
0.0016
0.0033
0.0028
0.0026
0.0025
0.0023
0.0017
0.002
0.0021
0.003
0.0026
0.0027
0.0023
0.0025
0.0024
0.0025
0.0022
0.0028
0.0029
0.0018
0.0041
0.0025
0.0023
0.0033
0.0032
0.0029
0.002
0.0017
0.0026
0.0028
0.0018
0.0024
0.0024
0.0029
0.0026
0.0027
0.0029
0.0027
0.0033
0.0029
0.0029
0.0025
0.0024
0.0029
0.0028
0.0027
0.0024
0.0038
0.0023
0.0041
0.0033
0.003
0.0027
0.0038
0.0026
0.0039
0.0025
0.0032
0.0028
0.0025
0.0027
0.0029
0.0027
0.0032
0.0027
0.0023
0.0028
0.0033
0.0028
0.0031
0.0042
0.0027
0.0026
0.0025
0.0038
0.0025
0.0034
0.0028
0.0026
0.0027
0.0024
0.0029
0.0026
0.0027
0.0027
0.003
0.0018
0.0021
0.0027
0.0026
0.0025
0.0025
0.0021
0.0025
0.0022
0.0027
0.0028
0.003
0.0027
0.0023
0.0029
0.0027
0.0029
0.0025
0.0026
0.0025
0.0027
0.003
0.0025
0.0025
0.0026
0.0026
0.0025
0.0024
0.0308
0.0026
0.0027
0.0027
0.0021
0.0028
0.0026
0.003
0.0027
0.0025
0.0031
0.0032
0.0025
0.0025
0.004
0.0025
0.0026
0.0026
0.0025
0.0031
0.0024
0.0033
0.0028
0.0034
0.0039
0.0033
0.004
0.0027
0.0027
0.0022
0.0039
0.003
0.0029
0.0041
0.0029
0.0024
0.0024
0.0031
0.0029
0.0027
0.0028
0.0029
0.0017
0.0026
0.0025
0.0019
0.0024
0.0023
0.0028
0.0025
0.0033
0.0032
0.0042
0.0027
0.0026
0.0028
0.0026
0.0026
0.0043
0.0025
0.0034
0.0025
0.0031
0.0027
0.0032
0.0036
0.0027
0.0033
0.0033
0.0027
0.0028
0.0033
0.0024
0.0029
0.0027
0.0034
0.0035
0.0029
0.0032
0.012
0.002
0.004
0.0025
0.0029
0.0026
0.0027
0.0035
0.0027
0.0027
0.0032
0.0027
0.0036
0.0027
0.0033
0.0027
0.0025
0.0024
0.002
0.0028
0.0027
0.0034
0.0026
0.0026
0.0024
0.0033
0.0039
0.0024
0.0035
0.0026
0.0023
0.0027
0.0023
0.0032
0.0026
0.0026
0.0026
0.0026
0.004
0.0024
0.0028
0.0023
0.002
0.0024
0.0026
0.0035
0.003

