---------------------------------------------
CalcPrivateVideoDecoderOutputViewSize_D3D11_1
---------------------------------------------
0.0018
0.0013
0.0014
0.0013
0.0012
0.0009
0.0013
0.0008
0.0007
0.0011
0.0007
0.0007
0.0014
0.0018
0.001
0.0007
0.0014
0.0011
0.0012
0.0029
0.0009
0.001
0.0012
0.001
0.0008
0.0007
0.0007
0.0007
0.0021
0.0008
0.0007
0.0007
0.001
0.0011
0.0008
0.0009
0.0006
0.0008
0.0008
0.0009
0.0006
0.0009
0.0017
0.001
0.0008
0.0007
0.0006
0.0006
0.0006
0.0006
0.0007
0.0008
0.0007
0.0006
0.0006
0.0006
0.0008
0.0007
0.0006
0.001
0.0006
0.0012
0.001
0.0019
0.0009
0.0007
0.001
0.0007
0.0008
0.0007
0.0008
0.0007
0.0007
0.0007
0.0007
0.0007
0.001
0.0015
0.0016
0.0009
0.001
0.0007
0.0009
0.0006
0.0007
0.0007
0.0008
0.0006
0.0008
0.0006
0.0009
0.0008
0.0008
0.0006
0.002
0.0007
0.0007
0.0007
0.0008
0.0011
0.0009
0.0014
0.001
0.001
0.0015
0.0009
0.0008
0.0009
0.0011
0.0015
0.001
0.001
0.0014
0.0009
0.001
0.0014
0.0008
0.001
0.0014
0.001
0.001
0.0015
0.0009
0.0011
0.0008
0.0009
0.0008
0.0007
0.0015
0.0009
0.0012
0.001
0.0011
0.0014
0.001
0.0009
0.0007
0.0009
0.0007
0.0009
0.0005
0.0077
0.0009
0.0007
0.0006
0.0009
0.0006
0.0008
0.0007
0.0007
0.0006
0.0008
0.0006
0.0008
0.0005
0.0008
0.0006
0.0007
0.0007
0.0008
0.0006
0.0008
0.0007
0.001
0.0006
0.0007
0.001
0.0007
0.0006
0.0007
0.0006
0.002
0.0008
0.001
0.0007
0.0009
0.0009
0.0008
0.0006
0.0007
0.0006
0.0006
0.0006
0.0007
0.0006
0.0006
0.0007
0.0006
0.0007
0.0006
0.0006
0.0006
0.0006
0.0006
0.0006
0.0008
0.0008
0.0006
0.0007
0.0008
0.0008
0.0007
0.0007
0.0006
0.0007
0.0005
0.0008
0.0008
0.0016
0.0009
0.0007
0.0022
0.0007
0.0006
0.0007
0.0006
0.0014
0.0007
0.0006
0.0007
0.0006
0.0006
0.0007
0.0009
0.0006
0.0007
0.0006
0.0006
0.0007
0.0008
0.0006
0.0008
0.0005
0.0005
0.0007
0.0006
0.0027
0.0006
0.0007
0.0007
0.0009
0.0008
0.0009
0.0021
0.0014
0.001
0.0009
0.0014
0.0009
0.0011
0.0009
0.0009
0.0013
0.0011
0.001
0.0009
0.0011
0.0011
0.0008
0.001
0.0009
0.0011
0.001
0.001
0.0008
0.0008
0.0008
0.0014
0.001
0.0014
0.0015
0.0009
0.0008
0.0011
0.0011
0.0007
0.0015
0.0008
0.0016
0.0015
0.0008
0.0015
0.0016
0.0009
0.0008
0.0009
0.0007
0.0007
0.0014
0.0007
0.001
0.0008
0.0014
0.0007
0.0007
0.0008
0.0014
0.0007
0.0006
0.0013
0.0011
0.0012
0.0006
0.0017
0.0009
0.0008
0.0008
0.0007
0.0005
0.0014
0.0009
0.001
0.0008
0.001
0.0007
0.0008
0.0033
0.0011
0.0008
0.0009
0.0006
0.0009
0.0007
0.0006
0.001
0.0007
0.0008
0.001
0.0008
0.0013
0.0011
0.0015
0.0016
0.0009
0.0013
0.0013
0.0011
0.0015
0.0008
0.0012
0.0008
0.0007
0.0007
0.0006
0.0013
0.0011
0.0006
0.0012
0.0007
0.0012
0.0009
0.0007
0.0008
0.0007
0.0013
0.0016
0.0008
0.0012
0.0012
0.0008
0.0017
0.0017
0.0012
0.0015
0.0015
0.0011
0.0015
0.0012
0.0013
0.001
0.0017
0.0012
0.0013
0.0015
0.0009
0.0018
0.001
0.0021
0.0026
0.0013
0.0012
0.0011
0.0014
0.0011
0.0013
0.0014
0.0009
0.0015
0.0017
0.0011
0.0016
0.001
0.0015
0.001
0.0012
0.0012
0.0015
0.0012
0.0013
0.0024
0.0019
0.0013
0.0015
0.0014
0.0013
0.0007
0.0008
0.0008
0.0016
0.0012
0.0014
0.0008
0.0015
0.0012
0.0012
0.001
0.001
0.0009
0.0014
0.0016
0.0009
0.0008
0.0008
0.0007
0.0014
0.0007
0.0012
0.0013
0.0011
0.0009
0.0014
0.0011
0.0017
0.0017
0.0014
0.0016
0.0012
0.0013
0.0023
0.0025
0.0014
0.0015
0.0012
0.0012
0.001
0.001
0.0006
0.0007
0.0025
0.0013
0.0009
0.0016
0.0008
0.0008
0.0007
0.0006
0.0008
0.0006
0.0008
0.0007
0.0009
0.0013
0.0014
0.0009
0.0008
0.001
0.0007
0.0008
0.0009
0.0007
0.0007
0.0007
0.0007
0.0006
0.0207
0.0006
0.0008
0.0007
0.0009
0.0008
0.0007
0.0008
0.0008
0.0008
0.0029
0.0014
0.0021
0.0016
0.0009
0.0009
0.0009
0.0007
0.0017
0.001
0.0008
0.0009
0.0008
0.0007
0.0008
0.0007
0.0008
0.0007
0.0009
0.0009
0.0008
0.0007
0.001
0.001
0.0008
0.0068
0.0013
0.001
0.0008
0.0007
0.0008
0.0007
0.0007
0.0007
0.0009
0.0008
0.0007
0.0006
0.0007
0.0008
0.0007
0.0007
0.0008
0.0008
0.0007
0.0007
0.0015
0.0015
0.0015
0.0008
0.0007
0.0006
0.0006
0.0009
0.0008
0.0006
0.0009
0.0008
0.0006
0.0008
0.0006
0.0007
0.0008
0.0008
0.0007
0.0008
0.0008
0.0009
0.0007
0.002
0.0011
0.001
0.0007
0.0009
0.0006
0.0008
0.0006
0.0006
0.0007
0.0007
0.0009
0.0006
0.0008
0.0009
0.0009
0.0008
0.0007
0.0007
0.0015
0.0016
0.0011
0.001
0.001
0.0009
0.0008
0.0009
0.0007
0.0009
0.0009
0.0008
0.0008
0.0006
0.0006
0.0006
0.0008
0.0007
0.0009
0.0013
0.0009
0.0007
0.0008
0.0006
0.0008
0.0006
0.0007
0.0006

-----------------------
CodechalDecode::Execute
-----------------------
9.6359
7.357
5.3749
12.4879
6.5226
0.6312
0.5623
0.5376
0.5007
0.5095
0.5447
0.5094
0.6478
0.4785
0.5953
0.5115
2.6891
2.5751
2.839
0.5142
2.0414
0.51
1.9908
0.4883
0.3711
0.3618
0.3609
0.3609
0.364
0.384
0.3733
1.1199
0.3938
0.3845
0.3734
0.3756
0.3856
0.3828
0.3936
0.4057
0.3961
0.3784
0.3545
0.3661
0.3606
0.3644
0.3623
0.37
0.3766
0.3789
0.3827
0.3909
0.407
0.407
0.3959
0.3982
0.3969
0.4085
0.4107
0.3909
0.3687
0.4128
0.3857
0.3716
0.3421
0.3647
0.3682
0.3634
0.3675
0.3568
0.3668
0.3743
0.3651
0.3581
0.3668
0.3762
0.3726
0.42
0.4147
0.3744
0.3751
0.3625
0.3687
0.362
0.3711
0.3619
0.3694
0.3619
0.3669
0.3659
0.3764
0.365
0.3638
0.3556
0.3632
0.3575
0.3631
0.4639
1.2482
0.3939
0.3759
2.1764
0.4383
0.377
0.4177
0.3837
0.4833
1.2487
0.3886
0.532
1.3543
0.3861
0.6838
0.8835
0.3787
0.4839
1.0612
0.3873
0.477
0.9328
0.3884
0.412
0.3707
0.3732
0.3624
0.3823
0.3809
0.3635
0.42
0.3787
0.6492
0.9666
0.4454
0.4159
0.374
0.3753
0.3732
0.3772
0.3661
0.369
0.3617
0.3731
0.3735
0.3741
0.3663
0.3681
0.3627
0.3684
0.3654
0.3671
0.3652
0.3658
0.3624
0.3738
0.3638
0.3691
0.3625
0.3661
0.3762
0.3706
0.3639
0.3681
0.3694
0.4754
2.4114
0.3677
0.3787
0.3647
0.3667
0.3724
0.3915
0.4791
0.3817
0.3977
0.3625
0.3643
0.3708
0.3631
0.361
0.3644
0.3628
0.365
0.367
0.3691
0.374
0.3776
0.3686
0.3697
0.3698
0.3668
0.3717
0.3611
0.3687
0.3687
0.3623
0.3755
0.3644
0.3568
0.3574
0.3806
0.362
0.359
0.361
0.361
0.3741
0.368
0.3687
1.3673
0.4449
0.4079
0.3736
0.3697
0.364
0.3664
0.392
0.3626
0.3639
0.3686
0.3619
0.3653
0.3628
0.3613
0.3689
0.3884
0.3561
0.3593
0.3579
0.3582
0.3662
0.3612
0.3998
0.3973
0.3804
0.3657
0.4299
1.7897
0.3779
0.4021
1.9946
0.383
0.3804
0.375
0.3665
0.4508
0.4081
0.385
0.3848
0.4297
0.3761
0.4086
0.3877
0.3742
0.4323
0.4276
0.4449
0.4582
0.3846
0.4192
0.3916
0.3798
0.3714
0.4212
0.366
0.4186
0.39
0.3951
0.4001
0.4451
0.5614
0.5717
0.4052
0.3803
0.3779
0.3833
0.3892
0.3636
0.5787
0.3696
0.5571
0.5675
0.3675
0.4038
0.6177
0.3732
0.3673
0.3711
0.3785
0.3657
0.565
0.3718
0.5578
0.3709
0.5592
0.3681
0.3793
0.3556
0.5748
0.3756
0.3723
0.5594
0.3894
0.5501
0.3621
0.447
0.3771
0.3657
0.3645
0.3697
0.3666
0.4212
0.4018
0.3815
0.3806
0.374
0.3734
0.38
0.389
0.3964
0.4029
0.4216
0.3699
0.3632
0.3749
0.3639
0.3688
0.3726
0.3693
0.3881
0.347
0.4038
0.375
0.4128
0.581
0.3807
0.5692
0.3923
0.382
0.5665
0.3714
0.5589
0.3686
0.3617
0.3678
0.3646
0.5626
0.3711
0.3758
0.5703
0.3706
0.5543
0.3876
0.3752
0.391
0.4334
0.4131
0.5917
0.4311
0.5818
0.5779
0.4099
0.6264
0.5587
0.4466
0.587
0.5815
0.6034
0.4162
0.4068
0.6296
0.4066
0.4828
0.437
0.4488
0.4202
0.3965
0.5121
0.4367
0.4505
0.5548
0.5216
0.5279
0.476
0.5198
0.5392
0.5849
0.5755
0.3967
0.5882
0.5783
0.384
0.5579
0.3995
0.5814
0.4553
0.3922
0.5297
0.5827
0.484
0.5652
0.5964
0.5722
0.5286
0.4199
0.5784
0.3917
0.3754
0.3844
0.3736
0.5928
0.3932
0.5483
0.3904
0.5756
0.3918
0.4762
0.3846
0.3814
0.3799
0.5832
0.4431
0.3843
0.3802
0.3719
0.3693
0.5277
0.3688
0.3858
0.3722
0.5517
0.3733
0.5868
0.4308
0.4815
0.5003
0.6151
0.5709
0.4147
0.5196
0.5418
0.5922
0.424
0.4333
0.4141
0.4384
0.4138
0.4061
0.3747
0.4695
0.4449
0.554
0.3866
0.5132
0.3738
0.3662
0.3638
0.3682
0.3792
0.3734
0.3798
0.365
0.4006
0.3768
0.4255
0.3906
0.3628
0.3665
0.3649
0.3642
0.3685
0.3747
0.3652
0.3697
0.3746
0.375
0.3904
0.3887
0.3714
0.3733
0.3681
0.3672
0.3736
0.3832
0.3996
0.3809
0.606
0.4172
0.4317
0.3961
0.3777
0.377
0.3703
0.3679
0.3756
0.35
0.374
0.3706
0.3758
0.3687
0.3797
0.3769
0.3702
0.3688
0.3716
0.3705
0.3986
0.3799
0.3953
0.3744
0.3903
0.4692
0.419
0.3748
0.368
0.369
0.3659
0.3829
0.3689
0.3728
0.3672
0.3691
0.3752
0.3743
0.3715
0.3749
0.3672
0.3723
0.3501
0.3711
0.4202
0.3904
0.4309
0.4302
0.4072
0.3867
0.3696
0.3739
0.3809
0.3843
0.4087
0.4089
0.4136
0.3828
0.3804
0.3875
0.3839
0.3856
0.4122
0.398
0.3759
0.379
0.3815
0.3852
0.4238
0.4882
0.4279
0.3782
0.3661
0.4078
0.3658
0.3465
0.3585
0.3634
0.3688
0.3774
0.388
0.3847
0.4024
0.424
0.3835
0.3742
0.371
0.3787
0.4286
0.4682
0.4064
0.3966
0.3976
0.371
0.3721
0.3626
0.3633
0.3614
0.3701
0.3612
0.364
0.3657
0.3771
0.3717
0.3774
0.3921
0.3831
0.3918
0.3515
0.3577
0.3647
0.3644
0.3627
0.3625
0.3629
0.3586

---------------------------------------
CodechalDecodeHevcG12::DecodeStateLevel
---------------------------------------
0.4819
3.6639
1.9989
4.8709
0.3539
2.3694
4.325
6.0091
0.2795
3.8455
0.2143
0.2143
0.1698
0.2014
0.1802
0.1919
0.1834
0.1982
0.1922
0.1988
0.2358
0.1891
0.2024
0.1895
0.2878
0.1987
0.1976
0.1542
0.23
0.1886
0.2299
0.1521
0.2309
2.0489
0.206
2.0833
0.2281
2.3207
0.212
0.16
0.1991
1.6239
0.2204
0.1544
0.1963
1.5766
0.2002
0.1548
0.1428
0.1172
0.1381
0.1162
0.1376
0.1168
0.1386
0.1158
0.1396
0.1151
0.1531
0.1221
0.1431
0.1177
0.1468
0.7849
0.1483
0.1229
0.1465
0.1191
0.1416
0.1188
0.1449
0.1188
0.1508
0.1214
0.1463
0.1181
0.1537
0.1206
0.1593
0.1239
0.1553
0.1224
0.1458
0.1159
0.1361
0.1139
0.1391
0.1157
0.1375
0.1156
0.1399
0.117
0.138
0.1169
0.1438
0.1162
0.1445
0.1187
0.1491
0.1184
0.1463
0.1184
0.1517
0.1224
0.1584
0.1234
0.1593
0.1237
0.1538
0.1225
0.1537
0.123
0.1544
0.1242
0.1599
0.1252
0.1588
0.1286
0.1497
0.12
0.1405
0.1184
0.164
0.1223
0.1486
0.12
0.1419
0.1179
0.1329
0.1103
0.1404
0.1174
0.1429
0.1144
0.1383
0.1162
0.1425
0.116
0.1383
0.1142
0.143
0.1182
0.149
0.1185
0.1422
0.1178
0.1391
0.1161
0.1412
0.1211
0.1416
0.1181
0.1433
0.1178
0.1603
0.1233
0.1607
0.1217
0.142
0.1178
0.1452
0.1177
0.1396
0.1153
0.142
0.1174
0.1395
0.1175
0.143
0.1183
0.1398
0.1165
0.1417
0.1174
0.139
0.1173
0.1412
0.1171
0.141
0.1181
0.1422
0.1176
0.14
0.1154
0.1391
0.1151
0.1377
0.1135
0.1392
0.1134
0.1371
0.1154
0.1395
0.1155
0.1492
0.1108
0.1431
0.9815
0.1482
0.1211
0.1452
0.1174
0.2016
1.8253
0.157
0.1526
0.1456
0.1193
0.1617
0.1218
0.1471
0.1219
0.1513
0.1191
0.142
0.9801
0.1474
0.1199
0.1664
0.122
1.0955
0.1326
0.1483
0.1192
0.1739
0.1232
0.1658
0.1225
0.1441
0.1166
0.1622
0.1202
0.8052
0.1316
0.1505
0.1156
0.1634
0.12
0.1462
0.6586
0.1504
0.1182
0.1571
0.1195
0.1424
0.1166
0.1424
0.1172
0.1395
0.1141
0.1427
0.1171
0.1411
0.1181
0.1401
0.1157
0.1631
0.123
0.1453
0.1184
0.1665
0.1168
0.1669
0.1244
0.202
0.1193
0.1599
0.1208
0.1426
0.1179
0.144
0.1181
0.1415
0.1224
0.1497
0.1174
0.1409
0.1179
0.1425
0.1161
0.1384
0.1182
0.1418
0.1174
0.1427
0.1175
0.1434
0.1186
0.1421
0.118
0.1403
0.1179
0.1394
0.1184
0.1421
0.117
0.1397
0.1173
0.1415
0.1169
0.1402
0.1185
0.1388
0.1159
0.1416
0.1165
0.1482
0.1166
0.1403
0.1166
0.1415
0.1176
0.1394
0.1177
0.1392
0.1173
0.1488
0.1175
0.1432
0.1176
0.1399
0.1166
0.1409
0.1174
0.1421
0.1182
0.1445
0.1107
2.1754
0.12
0.1425
0.1172
0.1437
0.1175
0.1404
0.118
0.1425
0.1184
0.1413
0.1177
0.1622
0.1224
0.2035
0.1226
0.1484
0.1175
0.146
0.1338
0.1381
0.116
0.1392
0.1146
0.1397
0.1156
0.1382
0.1158
0.1385
0.1155
0.1408
0.1168
0.1403
0.1165
0.1408
0.1171
0.1433
0.1172
0.1407
0.1179
0.1421
0.1191
0.1438
0.1181
0.1424
0.1171
0.1418
0.117
0.1434
0.1172
0.1402
0.1173
0.1416
0.1169
0.1378
0.1183
0.1449
0.1185
0.1433
0.117
0.1399
0.117
0.1419
0.1192
0.1374
0.1234
0.1361
0.116
0.1363
0.1156
0.1396
0.1158
0.1399
0.1154
0.1394
0.1161
0.1378
0.1158
0.1387
0.1173
0.1416
0.1184
0.1425
0.1165
0.1423
0.1168
1.0858
0.1251
0.1739
0.1248
0.158
0.1268
0.1447
0.1186
0.1412
0.1175
0.1407
0.1175
0.1392
0.1175
0.1592
0.1236
0.139
0.117
0.1411
0.118
0.1404
0.1167
0.1398
0.1179
0.1411
0.1199
0.1398
0.1163
0.139
0.1174
0.1422
0.1183
0.1423
0.1166
0.1362
0.1163
0.1385
0.1151
0.1366
0.1156
0.1376
0.1155
0.141
0.1157
0.1408
0.1129
0.1488
0.1324
0.1557
0.1227
0.1471
0.1182
0.1416
0.12
0.1894
0.1277
0.1596
0.1272
0.1498
0.1227
0.1724
0.1197
0.1537
0.1198
0.1512
0.1283
0.1467
0.1186
0.1436
0.1172
0.1419
0.1186
0.1933
0.1204
0.1625
0.1185
0.1486
0.1202
0.1497
0.1214
0.1736
0.1198
0.1492
0.1182
0.1637
0.1193
0.1524
0.115
0.1435
0.1175
0.1766
0.1196
0.1735
0.1202
0.1871
0.1237
0.1856
0.1244
0.1483
0.1192
0.1717
0.12
0.1562
0.1183
0.1455
0.1188
0.1416
0.119
0.1703
0.1243
0.148
0.1135
0.169
0.12
0.1507
0.121
0.1538
0.1214
0.1514
0.1299
0.1872
0.1252
0.2233
0.1894
0.216
0.1895
0.1567
0.1192
0.1424
0.1241
0.1436
0.1256
0.1457
0.1259
0.1417
0.1377
0.1403
0.1167
0.2226
0.1916
0.1433
0.1161
0.2097
0.1882
0.2186
0.19
0.1416
0.1161
0.1583
0.1197
0.2495
0.1921
0.1438
0.1176
0.1396
0.1208
0.1429
0.1183
0.1504
0.1204
0.141
0.1178
0.2157
0.1893
0.1436
0.1181
0.2138
0.1883
0.1437
0.1201
0.2136
0.1881
0.1406
0.1204
0.1528
0.119
0.1382
0.114
0.2212
0.1964
0.1456
0.1187
0.1435
0.1184
0.2162
0.1904
0.1575
0.1172
0.208
0.1864
0.1398
0.1157
0.1817
0.1233
0.1462
0.1175
0.1409
0.1167
0.1395
0.1193
0.1433
0.1184
0.1426
0.1191
0.163
0.1255
0.153
0.1247
0.1493
0.1211
0.147
0.1215
0.1447
0.1212
0.145
0.1189
0.1463
0.1202
0.15
0.1196
0.1542
0.1238
0.1581
0.1245
0.1647
0.1261
0.1412
0.1189
0.1407
0.118
0.1467
0.1198
0.1414
0.1186
0.1423
0.1185
0.1423
0.1183
0.142
0.1193
0.1414
0.1151
0.1352
0.1095
0.1575
0.1207
0.1444
0.1165
0.1604
0.1222
0.2225
0.1909
0.1463
0.1229
0.2174
0.1925
0.1532
0.1198
0.1498
0.1181
0.2147
0.1938
0.1436
0.1174
0.2134
0.1906
0.1421
0.1172
0.1389
0.1179
0.1436
0.119
0.1398
0.1191
0.2166
0.1913
0.144
0.1199
0.1415
0.128
0.2174
0.1956
0.1435
0.1188
0.2129
0.1816
0.1458
0.1241
0.147
0.1203
0.1449
0.1185
0.1708
0.1357
0.1669
0.1286
0.2196
0.211
0.1484
0.1524
0.225
0.1965
0.2215
0.1918
0.1583
0.132
0.237
0.2094
0.2081
0.1914
0.1815
0.1307
0.2161
0.1913
0.2229
0.1921
0.2346
0.2008
0.1634
0.123
0.1523
0.1275
0.2688
0.1949
0.1604
0.1213
0.2019
0.1263
0.1748
0.1315
0.1818
0.1293
0.1692
0.1204
0.1558
0.1223
0.1583
0.2091
0.1693
0.121
0.2028
0.1253
0.2187
0.1822
0.2049
0.1676
0.1903
0.1867
0.1819
0.1617
0.1831
0.1646
0.1969
0.1743
0.2123
0.2061
0.2182
0.1916
0.1474
0.1254
0.2254
0.1982
0.2162
0.1941
0.1452
0.1222
0.2206
0.1806
0.1632
0.1222
0.224
0.1926
0.1533
0.1626
0.1418
0.1326
0.1937
0.1813
0.2223
0.1848
0.2113
0.1363
0.211
0.183
0.2283
0.1783
0.2416
0.1469
0.223
0.1577
0.1563
0.1352
0.2146
0.1903
0.1493
0.1177
0.1467
0.1171
0.1439
0.1253
0.1425
0.1218
0.2223
0.2044
0.1482
0.122
0.2038
0.186
0.149
0.1288
0.2149
0.1884
0.1531
0.1193
0.1624
0.1698
0.1472
0.1213
0.145
0.1244
0.1444
0.1217
0.2191
0.2016
0.1707
0.1194
0.1476
0.1222
0.1496
0.1196
0.1431
0.1187
0.1433
0.1175
0.2134
0.1697
0.1433
0.1184
0.1502
0.1234
0.1532
0.1135
0.2082
0.1875
0.1438
0.118
0.22
0.1988
0.1854
0.127
0.2041
0.1343
0.2072
0.1481
0.237
0.2026
0.2127
0.1978
0.156
0.1251
0.1886
0.184
0.2327
0.1407
0.256
0.1608
0.1633
0.1215
0.1634
0.1281
0.166
0.1196
0.1639
0.124
0.1588
0.1256
0.1532
0.129
0.1459
0.1183
0.1629
0.1738
0.1698
0.1234
0.2157
0.1764
0.1455
0.125
0.2096
0.1609
0.1434
0.1184
0.1401
0.118
0.1382
0.1154
0.1418
0.1169
0.1452
0.1243
0.1432
0.1171
0.1463
0.1205
0.1409
0.1171
0.1391
0.1149
0.1436
0.117
0.1596
0.1219
0.1476
0.1195
0.1394
0.1155
0.1406
0.1155
0.1396
0.1135
0.1397
0.115
0.1408
0.1162
0.1434
0.1179
0.14
0.117
0.1412
0.1185
0.1442
0.1203
0.1453
0.1195
0.1506
0.1214
0.1524
0.1207
0.1422
0.121
0.1436
0.12
0.1395
0.1171
0.1402
0.1181
0.1446
0.1195
0.1498
0.1185
0.1448
0.1374
0.1473
0.1181
0.2713
0.1264
0.1627
0.1237
0.1696
0.1314
0.1522
0.1198
0.1462
0.1184
0.1455
0.1191
0.1422
0.1153
0.1422
0.1159
0.1473
0.1175
0.1357
0.1099
0.1451
0.1177
0.1468
0.1157
0.1457
0.1183
0.143
0.118
0.1464
0.1189
0.146
0.1197
0.1413
0.1185
0.1428
0.1172
0.1403
0.1211
0.1434
0.118
0.1557
0.1236
0.1477
0.1191
0.1495
0.1254
0.1453
0.1179
0.1636
0.1197
0.1958
0.1243
0.1666
0.1219
0.1457
0.1175
0.1416
0.1177
0.1414
0.12
0.1402
0.1144
0.1524
0.1187
0.1421
0.1173
0.1427
0.119
0.1418
0.1182
0.1425
0.1186
0.1437
0.1208
0.1444
0.1205
0.1441
0.1192
0.145
0.1184
0.1424
0.1199
0.1452
0.1198
0.1356
0.1118
0.1402
0.1164
0.1669
0.1288
0.1424
0.1349
0.1629
0.1246
0.1719
0.1212
0.1607
0.1165
0.1536
0.1166
0.1421
0.1168
0.1435
0.1165
0.1437
0.1266
0.149
0.1214
0.1541
0.1339
0.1562
0.1346
0.1619
0.1281
0.1469
0.1206
0.1462
0.1207
0.1503
0.1225
0.1471
0.1191
0.1483
0.1212
0.1573
0.13
0.1531
0.1224
0.1437
0.1196
0.1471
0.1189
0.1481
0.1197
0.1477
0.1216
0.1544
0.1217
0.2065
0.1264
0.1709
0.1274
0.1464
0.1176
0.1385
0.1148
0.1663
0.1161
0.1418
0.1153
0.1348
0.1102
0.1369
0.1164
0.1384
0.1181
0.1424
0.117
0.143
0.1188
0.1451
0.1256
0.1487
0.1188
0.1537
0.1218
0.1647
0.1258
0.147
0.118
0.1452
0.1187
0.1411
0.117
0.1397
0.132
0.1753
0.1205
0.1909
0.1275
0.1633
0.1216
0.1553
0.1224
0.1615
0.1199
0.1444
0.1178
0.1453
0.1188
0.141
0.1172
0.1391
0.1164
0.1406
0.1158
0.1408
0.12
0.1404
0.1149
0.1429
0.1179
0.1425
0.1179
0.1491
0.1204
0.1467
0.1189
0.1476
0.1207
0.15
0.1201
0.1479
0.1185
0.1561
0.1198
0.1391
0.1109
0.1382
0.1165
0.1418
0.117
0.1412
0.1168
0.1428
0.1175
0.1396
0.1189
0.141
0.1179
0.1384
0.1185

-------------------------------------
CodechalDecodeHevcG12::SetFrameStates
-------------------------------------
5.2429
0.3675
2.5356
2.0154
2.2871
0.1001
0.094
0.0682
0.0306
0.0303
0.0309
0.0297
0.0379
0.0339
0.032
0.0312
0.2862
0.1474
0.1466
0.038
0.1015
0.0357
0.0999
0.035
0.032
0.0303
0.0301
0.0298
0.0308
0.0294
0.0301
0.0884
0.0358
0.0326
0.0326
0.0302
0.0302
0.0307
0.0325
0.0332
0.0322
0.0312
0.0296
0.0299
0.0287
0.0291
0.0296
0.0294
0.0304
0.0307
0.0308
0.0313
0.0329
0.0328
0.032
0.0322
0.0317
0.0333
0.0323
0.0321
0.0299
0.0375
0.034
0.0331
0.0216
0.0301
0.0304
0.0321
0.0303
0.0293
0.0292
0.0296
0.0295
0.0293
0.0293
0.0403
0.031
0.0405
0.0372
0.0317
0.0304
0.0299
0.0298
0.0291
0.0301
0.029
0.0297
0.029
0.0292
0.0292
0.0343
0.0305
0.0302
0.0286
0.0304
0.0285
0.0294
0.12
0.0295
0.0358
0.0346
0.0368
0.0427
0.033
0.0368
0.0327
0.125
0.0316
0.0359
0.1416
0.033
0.0353
0.2851
0.4974
0.0345
0.1029
0.0323
0.0352
0.0954
0.032
0.0356
0.04
0.0321
0.0308
0.0302
0.0396
0.0394
0.0301
0.0367
0.0328
0.2658
0.5774
0.0338
0.0376
0.0317
0.0316
0.0304
0.03
0.0297
0.0302
0.0294
0.0308
0.0307
0.0303
0.0294
0.03
0.0291
0.0296
0.0301
0.0293
0.0292
0.0303
0.0285
0.0299
0.0297
0.0296
0.0291
0.0303
0.0302
0.0301
0.0297
0.0298
0.0298
0.1339
0.0351
0.0299
0.0324
0.0295
0.0294
0.0354
0.0296
0.0429
0.032
0.0323
0.0295
0.0305
0.0299
0.03
0.0293
0.0295
0.0292
0.0296
0.0292
0.0299
0.0303
0.0311
0.0298
0.03
0.0305
0.0304
0.0346
0.029
0.0294
0.0301
0.0289
0.0348
0.0215
0.0285
0.0288
0.0415
0.0301
0.0289
0.0293
0.0291
0.0352
0.0301
0.0296
0.0578
0.0389
0.0339
0.0303
0.0314
0.0295
0.0291
0.0303
0.0296
0.029
0.0338
0.0295
0.0289
0.0292
0.0297
0.0295
0.0302
0.0285
0.0289
0.0285
0.0291
0.0297
0.0222
0.0317
0.0323
0.0359
0.0286
0.0299
1.4184
0.0298
0.0294
1.6366
0.0295
0.0305
0.0306
0.0289
0.038
0.0329
0.0307
0.0308
0.0419
0.0308
0.0321
0.0311
0.0308
0.0352
0.0349
0.0355
0.0392
0.0318
0.0338
0.0324
0.0315
0.0295
0.0333
0.022
0.0333
0.0323
0.0338
0.0319
0.0362
0.0465
0.0462
0.0355
0.0329
0.031
0.0306
0.0299
0.0302
0.0432
0.0314
0.0429
0.0425
0.0305
0.035
0.0466
0.0314
0.0299
0.0299
0.0303
0.0299
0.0429
0.0306
0.0426
0.0304
0.0429
0.0307
0.0301
0.0218
0.0428
0.0316
0.0321
0.0424
0.0334
0.0417
0.0305
0.0386
0.0325
0.0301
0.0292
0.0296
0.0299
0.0372
0.0346
0.0311
0.0299
0.0301
0.0306
0.0299
0.0329
0.0318
0.0319
0.0352
0.0293
0.0288
0.0296
0.0292
0.0299
0.0299
0.0297
0.0307
0.0209
0.036
0.0331
0.0377
0.047
0.0318
0.0436
0.0338
0.0321
0.043
0.0307
0.0415
0.0307
0.03
0.0297
0.0294
0.041
0.0298
0.0294
0.0419
0.03
0.0429
0.0335
0.03
0.037
0.0372
0.0322
0.0409
0.032
0.0416
0.0423
0.0323
0.0464
0.0326
0.0357
0.0462
0.0468
0.0439
0.0375
0.0357
0.0462
0.0344
0.0401
0.034
0.0362
0.0343
0.0324
0.0318
0.0383
0.0345
0.0426
0.0438
0.0399
0.0323
0.0419
0.049
0.0437
0.0468
0.0339
0.0459
0.0483
0.0351
0.0465
0.0326
0.0447
0.0343
0.0246
0.0422
0.0493
0.0452
0.0433
0.0532
0.0543
0.0406
0.0355
0.0465
0.0343
0.0313
0.0313
0.0297
0.0455
0.0343
0.0449
0.0319
0.0455
0.0336
0.0332
0.033
0.0323
0.0323
0.0435
0.059
0.0333
0.0316
0.0308
0.0304
0.042
0.0312
0.031
0.0229
0.0431
0.0316
0.0475
0.0328
0.0422
0.0385
0.0478
0.0372
0.0424
0.0335
0.0544
0.0522
0.0421
0.0385
0.0365
0.0506
0.0347
0.0359
0.0317
0.0314
0.0428
0.0468
0.0332
0.0424
0.0316
0.0301
0.0301
0.0302
0.0292
0.0306
0.0303
0.0298
0.0217
0.0336
0.043
0.0379
0.0302
0.0308
0.031
0.0305
0.0306
0.0298
0.0288
0.03
0.03
0.0302
0.0334
0.0318
0.0293
0.0293
0.0306
0.0294
0.0294
0.0305
0.0307
0.0311
0.0825
0.0373
0.0359
0.0346
0.0312
0.0317
0.032
0.0312
0.0304
0.022
0.0307
0.0297
0.0323
0.0298
0.0307
0.0306
0.0307
0.0302
0.0297
0.03
0.0326
0.0311
0.0309
0.0312
0.0294
0.0405
0.0347
0.0305
0.0292
0.0291
0.0308
0.0299
0.0296
0.0307
0.029
0.0301
0.0301
0.0297
0.0294
0.0303
0.0293
0.03
0.0208
0.0294
0.0335
0.0315
0.0414
0.0379
0.0337
0.0305
0.0299
0.0317
0.0298
0.03
0.0347
0.0328
0.0335
0.0312
0.031
0.0303
0.0305
0.0311
0.0334
0.0323
0.0303
0.0306
0.0308
0.0298
0.064
0.0409
0.0349
0.0307
0.0304
0.0312
0.029
0.0204
0.029
0.0289
0.0308
0.0296
0.0304
0.031
0.0378
0.0373
0.0315
0.0294
0.03
0.0291
0.0361
0.0422
0.0345
0.035
0.033
0.0308
0.0304
0.0295
0.0299
0.029
0.0286
0.0292
0.0289
0.0295
0.0295
0.0298
0.03
0.0311
0.0315
0.0316
0.0212
0.0292
0.0293
0.0307
0.0287
0.0292
0.0291
0.0285

--------------------------
CreateVideoDecoder_D3D11_1
--------------------------
13.1206

---------------------------
DestroyVideoDecoder_D3D11_1
---------------------------
0

----------------
First Frame Time
----------------
62.0515

--------------------------------------
VideoDecoderBeginFrame_WDDM2_4_D3D11_1
--------------------------------------
0.0079
0.0025
0.0028
0.0023
0.0024
0.0019
0.0022
0.0018
0.0015
0.0021
0.0016
0.0016
0.0027
0.0025
0.002
0.0018
0.0029
0.0025
0.0036
0.0033
0.002
0.0023
0.0023
0.0025
0.002
0.0017
0.0016
0.0016
0.0025
0.0015
0.0017
0.0016
0.0026
0.0021
0.0017
0.0017
0.0016
0.0015
0.0017
0.0018
0.0017
0.0019
0.0027
0.0018
0.0016
0.0015
0.0015
0.0018
0.0016
0.0016
0.0015
0.0015
0.0018
0.0017
0.0016
0.0018
0.0017
0.0016
0.0017
0.0021
0.0024
0.0027
0.0021
0.0029
0.0019
0.0018
0.002
0.0018
0.0016
0.0017
0.0017
0.0017
0.0018
0.0017
0.0017
0.0016
0.0018
0.0027
0.0028
0.002
0.002
0.0016
0.0018
0.0015
0.0019
0.0016
0.0019
0.0017
0.0018
0.0015
0.0018
0.002
0.0018
0.0015
0.0028
0.0016
0.0018
0.0015
0.0018
0.0024
0.0018
0.0029
0.0025
0.0021
0.0027
0.0021
0.0019
0.0019
0.0025
0.0026
0.002
0.0024
0.0036
0.0024
0.0024
0.0027
0.002
0.0024
0.0027
0.0019
0.0024
0.0026
0.002
0.0021
0.0017
0.0019
0.0019
0.0017
0.0028
0.002
0.0022
0.0025
0.0025
0.0026
0.002
0.002
0.0016
0.0018
0.0015
0.0019
0.0017
0.0052
0.0017
0.0019
0.0016
0.0018
0.0016
0.0017
0.0016
0.0018
0.0015
0.0018
0.0015
0.0019
0.0015
0.0018
0.0016
0.0019
0.0018
0.0018
0.0016
0.0018
0.0018
0.0018
0.0017
0.0016
0.0019
0.0016
0.0016
0.0017
0.0016
0.0036
0.002
0.0022
0.0015
0.0019
0.0019
0.0017
0.0017
0.0017
0.0015
0.0017
0.0015
0.0017
0.0017
0.0016
0.0017
0.0016
0.0016
0.0016
0.0015
0.0016
0.0017
0.0016
0.0016
0.0016
0.0019
0.0015
0.0016
0.0017
0.0017
0.0018
0.0016
0.0016
0.0016
0.0016
0.0018
0.0016
0.003
0.002
0.0018
0.0032
0.0018
0.0017
0.0016
0.0015
0.0016
0.0016
0.0015
0.0016
0.0015
0.0015
0.0015
0.002
0.0017
0.0016
0.0015
0.0016
0.0016
0.002
0.0018
0.0018
0.0016
0.0015
0.0022
0.0018
0.0017
0.0018
0.0016
0.0016
0.0018
0.0018
0.0016
0.0034
0.0024
0.0016
0.0017
0.0029
0.0018
0.0023
0.0018
0.0018
0.0024
0.0025
0.0025
0.0024
0.0017
0.0022
0.0022
0.0018
0.0017
0.0025
0.002
0.0026
0.0018
0.0018
0.0018
0.003
0.0019
0.0026
0.0027
0.0018
0.0017
0.0018
0.0017
0.0017
0.0026
0.0021
0.0026
0.0025
0.0019
0.0026
0.003
0.0018
0.0016
0.0019
0.0017
0.0016
0.0023
0.0018
0.0022
0.0017
0.0025
0.0018
0.0018
0.0018
0.0025
0.0017
0.0016
0.0023
0.0019
0.0026
0.0017
0.0032
0.0019
0.0018
0.0016
0.0017
0.0016
0.0026
0.0021
0.0019
0.0017
0.0016
0.0017
0.0015
0.0037
0.0018
0.0018
0.0018
0.0017
0.0018
0.0015
0.0015
0.0016
0.0016
0.0015
0.002
0.0018
0.0026
0.0021
0.0025
0.003
0.0021
0.0026
0.0031
0.0021
0.0026
0.0018
0.0027
0.0019
0.0017
0.0016
0.0015
0.0024
0.0018
0.0015
0.0025
0.0017
0.0024
0.002
0.0018
0.0019
0.0016
0.0021
0.0019
0.0021
0.0027
0.0025
0.0019
0.0029
0.003
0.0024
0.0028
0.0029
0.0025
0.0028
0.0022
0.0029
0.0022
0.0035
0.0031
0.0029
0.0023
0.0018
0.0019
0.0023
0.0034
0.0022
0.0027
0.0028
0.0022
0.0027
0.0031
0.0024
0.0025
0.0021
0.0028
0.0029
0.0028
0.0028
0.0019
0.0026
0.002
0.0022
0.0043
0.003
0.0022
0.0025
0.0038
0.0033
0.0025
0.0031
0.0031
0.0025
0.0018
0.0017
0.0015
0.0027
0.0022
0.0027
0.0024
0.0037
0.0023
0.0021
0.002
0.0021
0.0018
0.0024
0.0034
0.0021
0.0017
0.0018
0.0016
0.0025
0.0019
0.0019
0.0022
0.0025
0.002
0.0029
0.0022
0.0029
0.0028
0.0029
0.0027
0.0024
0.0028
0.0035
0.0061
0.0029
0.0024
0.002
0.0024
0.0019
0.0021
0.002
0.0016
0.004
0.0025
0.0026
0.0032
0.0017
0.0017
0.0016
0.0016
0.0015
0.0017
0.0018
0.0016
0.0017
0.0018
0.0027
0.0019
0.0017
0.0016
0.0016
0.0017
0.0016
0.0015
0.0016
0.0015
0.0015
0.0015
0.004
0.0016
0.0017
0.0015
0.0015
0.0015
0.0015
0.0016
0.0019
0.0018
0.0045
0.0025
0.002
0.0025
0.0021
0.002
0.002
0.0018
0.0016
0.0017
0.0016
0.0017
0.0016
0.0015
0.0016
0.0017
0.0017
0.0016
0.0015
0.0016
0.0017
0.0016
0.0017
0.0021
0.0018
0.0037
0.0027
0.0017
0.0016
0.0016
0.0016
0.0018
0.0016
0.0016
0.0015
0.0016
0.0016
0.0015
0.0016
0.0015
0.0016
0.0017
0.0018
0.0016
0.0019
0.0016
0.0029
0.0026
0.0024
0.0017
0.0016
0.0016
0.0015
0.0016
0.0015
0.0017
0.0017
0.0016
0.0015
0.0017
0.0015
0.0016
0.0016
0.0017
0.0016
0.0016
0.0016
0.0016
0.0015
0.0031
0.0021
0.0021
0.0019
0.0023
0.0016
0.0018
0.0015
0.0016
0.0015
0.0015
0.0015
0.0016
0.0016
0.0019
0.0022
0.0023
0.0017
0.0016
0.0028
0.0031
0.0023
0.0022
0.0024
0.002
0.0017
0.0018
0.0016
0.0017
0.0017
0.0016
0.0017
0.0016
0.0016
0.0015
0.0017
0.0017
0.0018
0.0022
0.0021
0.0015
0.0016
0.0015
0.0016
0.0015
0.0016
0.0016

----------------------------
VideoDecoderEndFrame_D3D11_1
----------------------------
0.0407
0.0564
0.0799
0.0816
0.0549
0.0582
0.052
0.0581
0.0649
0.0623
0.0629
0.0624
0.0629
0.0595
0.0594
0.0538
0.063
0.0653
0.0716
0.0591
0.0594
0.0543
0.0595
0.0533
0.0517
0.0537
0.0511
0.0533
0.0556
0.0653
0.0564
0.0574
0.055
0.0545
0.0553
0.0553
0.0549
0.0563
0.0558
0.0554
0.0559
0.0538
0.0531
0.0568
0.0546
0.0515
0.0537
0.0553
0.0563
0.0539
0.0561
0.0575
0.0584
0.0609
0.055
0.055
0.0583
0.0562
0.0576
0.0525
0.0726
0.0552
0.0527
0.0536
0.0516
0.0515
0.0514
0.053
0.0524
0.0555
0.0533
0.0556
0.0509
0.0527
0.0528
0.0519
0.0528
0.0542
0.0551
0.0523
0.0513
0.051
0.0519
0.0519
0.0516
0.0518
0.0517
0.052
0.0515
0.0521
0.0614
0.0513
0.0503
0.0517
0.0532
0.0517
0.0569
0.051
0.0571
0.0826
0.0746
0.0631
0.0552
0.08
0.1089
0.0575
0.0631
0.0571
0.0765
0.08
0.0543
0.0755
0.0534
0.0532
0.0905
0.0591
0.0545
0.0764
0.0542
0.0567
0.0748
0.0788
0.0527
0.0512
0.0526
0.0521
0.0511
0.0513
0.0533
0.0563
0.0562
0.0528
0.0769
0.0785
0.0518
0.0504
0.0519
0.054
0.0512
0.0509
0.0508
0.0533
0.051
0.051
0.0513
0.051
0.0509
0.0513
0.051
0.0507
0.0515
0.0506
0.0509
0.0498
0.0504
0.0522
0.0513
0.0511
0.0505
0.0504
0.0517
0.0525
0.0509
0.051
0.0505
0.0731
0.1005
0.0526
0.0511
0.0513
0.0505
0.0556
0.052
0.0504
0.0506
0.051
0.0508
0.0655
0.0504
0.0503
0.0505
0.0511
0.0507
0.0512
0.0503
0.0535
0.0535
0.0512
0.0504
0.0506
0.0507
0.0631
0.0654
0.051
0.0503
0.0512
0.0523
0.0506
0.0511
0.0505
0.0505
0.0514
0.0511
0.0508
0.0509
0.0509
0.051
0.058
0.0553
0.0549
0.0509
0.0523
0.0513
0.0509
0.0512
0.05
0.0517
0.0513
0.0512
0.0506
0.0505
0.0546
0.0529
0.0508
0.0505
0.0507
0.0501
0.0506
0.0498
0.0695
0.0542
0.0529
0.0504
0.051
0.0516
0.0515
0.0752
0.0988
0.0517
0.0776
0.1012
0.0532
0.0532
0.0572
0.0537
0.0539
0.0558
0.0551
0.0536
0.0534
0.0535
0.0561
0.0587
0.0597
0.0606
0.0615
0.055
0.055
0.054
0.0534
0.0534
0.0538
0.0529
0.0572
0.0554
0.0562
0.0571
0.0589
0.06
0.0769
0.0552
0.0515
0.062
0.0517
0.0533
0.0515
0.0771
0.053
0.0782
0.0771
0.0529
0.056
0.0783
0.0547
0.0505
0.0519
0.0519
0.0518
0.0775
0.0517
0.0748
0.0555
0.0775
0.051
0.0523
0.0566
0.0772
0.0611
0.0523
0.0752
0.0598
0.0763
0.0549
0.058
0.0527
0.0521
0.0522
0.0521
0.0524
0.0593
0.0546
0.0637
0.0593
0.0545
0.0622
0.0597
0.0648
0.0562
0.0683
0.058
0.0564
0.0536
0.0534
0.0534
0.0536
0.0534
0.0532
0.0542
0.0556
0.0543
0.051
0.0569
0.0804
0.0512
0.0768
0.0535
0.0536
0.0778
0.0523
0.0892
0.055
0.0517
0.0516
0.0515
0.0776
0.0519
0.0557
0.078
0.052
0.0793
0.0632
0.0601
0.0662
0.0781
0.0878
0.1002
0.1078
0.0977
0.1123
0.088
0.1054
0.0967
0.0662
0.0802
0.1066
0.0774
0.0613
0.0652
0.0775
0.0565
0.0589
0.0678
0.0705
0.0579
0.071
0.0719
0.0705
0.0766
0.0741
0.0737
0.0591
0.0752
0.0841
0.0785
0.0865
0.0716
0.0836
0.0812
0.0898
0.0664
0.0767
0.0575
0.0753
0.0746
0.0556
0.0743
0.0769
0.0577
0.0827
0.0797
0.0775
0.076
0.0704
0.0804
0.0547
0.0546
0.0539
0.0535
0.0781
0.0549
0.0746
0.0561
0.0784
0.0551
0.0779
0.0582
0.0656
0.055
0.0753
0.0593
0.0544
0.0701
0.0535
0.0553
0.0575
0.0553
0.0644
0.0534
0.0735
0.0533
0.0622
0.0589
0.0587
0.0689
0.0966
0.0799
0.0671
0.0768
0.0651
0.0651
0.0597
0.0602
0.0722
0.0597
0.0599
0.0551
0.0668
0.0709
0.06
0.0744
0.0564
0.0552
0.0589
0.0522
0.0524
0.0531
0.054
0.0555
0.0551
0.0521
0.0576
0.054
0.0593
0.0539
0.0543
0.0528
0.0549
0.0533
0.0523
0.0527
0.0532
0.0535
0.0522
0.0519
0.0567
0.054
0.0524
0.0528
0.0517
0.0535
0.0535
0.0524
0.0547
0.0546
0.0598
0.0586
0.0617
0.0556
0.0673
0.0546
0.0533
0.0527
0.0525
0.0574
0.054
0.052
0.0524
0.0567
0.054
0.0536
0.0532
0.0529
0.0526
0.0534
0.0531
0.0537
0.0534
0.052
0.0651
0.0587
0.0555
0.0527
0.0545
0.053
0.0547
0.054
0.0536
0.0538
0.0535
0.0526
0.0558
0.0533
0.0535
0.0521
0.0544
0.0529
0.0516
0.0607
0.0572
0.0622
0.0585
0.0572
0.0553
0.0519
0.0541
0.0531
0.054
0.053
0.0535
0.056
0.0613
0.0557
0.0525
0.0533
0.0549
0.0531
0.0591
0.0573
0.0546
0.0549
0.0582
0.0548
0.0561
0.0616
0.0589
0.0527
0.0528
0.0552
0.0531
0.0563
0.0534
0.0532
0.0536
0.052
0.0542
0.0542
0.0546
0.0571
0.052
0.0529
0.0536
0.0573
0.0546
0.0584
0.0577
0.055
0.0541
0.0529
0.054
0.0524
0.054
0.0519
0.0528
0.0542
0.0523
0.0524
0.0519
0.0524
0.0534
0.0543
0.0548
0.0617
0.0541
0.0549
0.0526
0.0529
0.0543
0.0525
0.0517
0.0586

---------------------------------
VideoDecoderSubmitBuffers_D3D11_1
---------------------------------
9.7385
7.3761
5.3927
12.5043
6.5393
0.6443
0.5758
0.5501
0.5139
0.5223
0.5575
0.5224
0.6676
0.4934
0.6109
0.5244
2.7084
2.5932
2.8598
0.5328
2.0575
0.5269
2.0084
0.5049
0.3851
0.3747
0.3735
0.3729
0.3773
0.3964
0.3859
1.1337
0.4104
0.4
0.3867
0.3886
0.3987
0.3957
0.4071
0.4195
0.4098
0.3943
0.3674
0.3806
0.3731
0.3766
0.3745
0.383
0.3893
0.3915
0.3954
0.4037
0.4212
0.4214
0.4097
0.4121
0.4106
0.4221
0.4246
0.407
0.3814
0.4317
0.4008
0.3863
0.3557
0.3779
0.383
0.3764
0.381
0.3694
0.3795
0.3873
0.3779
0.3707
0.3796
0.3896
0.3872
0.4392
0.4346
0.3894
0.3896
0.6935
0.6698
0.7071
0.6745
0.7051
0.6751
0.7045
0.6674
0.7164
0.6809
0.3799
0.3782
0.3682
0.4011
0.7046
0.5918
0.9043
1.5183
0.4107
0.559
2.1967
0.4561
0.3922
0.4376
0.3986
0.4993
1.2975
0.4053
0.5526
1.5255
0.4024
0.7036
0.9005
0.3953
0.506
1.0769
0.4042
0.4969
0.9951
0.4049
0.4319
0.6522
0.4767
0.6156
0.7924
0.6439
0.7211
0.4398
0.3936
0.6676
0.9836
0.4622
0.4354
0.3883
0.5663
0.6654
0.758
0.734
0.3838
0.7723
0.7315
0.7164
0.775
0.6834
0.6839
0.8124
0.7097
0.632
0.7562
0.7724
0.7526
0.8206
0.3892
0.3769
0.3837
0.7257
0.739
0.7559
0.7303
0.7448
0.7318
0.5707
0.4919
2.4256
0.3807
0.3936
0.3775
0.3797
0.473
0.7371
0.5038
0.3963
0.4131
0.3752
0.3786
0.5745
0.7321
0.7388
0.7269
0.7786
0.712
0.784
0.7244
0.7417
0.7732
0.7341
0.7155
0.7911
0.7291
0.7999
0.8142
0.3813
0.4263
0.7294
0.724
0.3808
0.3695
0.3697
0.6124
0.7978
0.3719
0.4606
0.7646
0.8084
0.7667
0.3825
1.541
0.4678
0.423
0.3854
0.6388
0.7563
0.8073
0.7571
0.794
0.7527
0.7926
0.8136
0.378
0.5035
0.7776
0.8112
0.4029
0.3685
0.372
0.7738
0.8084
0.7047
0.5549
0.8034
0.7098
0.7553
0.8092
0.444
1.8033
0.3914
0.4158
2.0079
0.396
0.3946
0.3896
0.3789
0.4732
0.4254
0.3991
0.3981
0.4486
0.3903
0.4273
0.4028
0.3878
0.4518
0.447
0.4642
0.4803
0.399
0.4368
0.4057
0.3944
0.3842
0.4393
0.382
0.4357
0.4048
0.4102
0.4133
0.4647
0.7762
0.5928
0.4243
0.3947
0.3909
0.3971
0.4029
0.3759
0.5987
0.3839
0.5752
0.5861
0.3813
0.4218
0.6405
0.3874
0.3796
0.3852
0.3922
0.3786
0.584
0.3864
0.5768
0.3845
0.5777
0.3814
0.3932
0.3706
0.5926
0.3899
0.3863
0.5774
0.4044
0.5693
0.3755
0.468
0.3926
0.3784
0.3776
0.3831
0.3789
0.4409
0.4173
0.3946
0.3935
0.3875
0.3857
0.3938
0.405
0.4106
0.4173
0.4375
0.3821
0.3758
0.3872
0.3768
0.3812
0.3855
0.3819
0.4041
0.3622
0.4225
0.3906
0.4318
0.6007
0.3948
0.5878
0.4082
0.398
0.5854
0.3852
0.5773
0.3824
0.3739
0.3804
0.3775
0.5808
0.3848
0.3884
0.5883
0.3844
0.5731
0.4026
0.3884
0.4055
0.4505
0.4289
0.6108
0.4472
0.6007
0.5978
0.4247
0.6488
0.5816
0.4637
0.6077
0.6016
0.6228
0.4349
0.4237
0.6503
0.4231
0.5052
0.4549
0.4697
0.4384
0.4117
0.5269
0.4549
0.4694
0.5751
0.541
0.5476
0.4918
0.5406
0.5641
0.6062
0.5969
0.4135
0.6085
0.5992
0.3997
0.5777
0.4145
0.6012
0.4714
0.4096
0.5451
0.6043
0.5014
0.584
0.6393
0.6012
0.5491
0.4375
0.5984
0.409
0.3898
0.3993
0.386
0.6137
0.409
0.5671
0.4055
0.5974
0.4077
0.4938
0.4006
0.3953
0.3936
0.602
0.468
0.3993
0.3945
0.3859
0.3823
0.5466
0.3818
0.4005
0.3885
0.5695
0.388
0.606
0.4463
0.5005
0.521
0.637
0.5913
0.4325
0.5365
0.567
0.6192
0.444
0.4544
0.4626
0.4613
0.4318
0.4231
0.3885
0.4855
0.4693
0.5747
0.4022
0.5314
0.3873
0.3784
0.3788
0.3803
0.3914
0.3867
0.395
0.3785
0.4171
0.395
0.4434
0.4056
0.3761
0.3804
0.3794
0.377
0.3809
0.394
0.3773
0.3823
0.3873
0.3872
0.4062
0.4017
0.3836
0.3857
0.3807
0.3793
0.3866
0.3975
0.4149
0.3967
0.6382
0.4369
0.4517
0.4138
0.3924
0.392
0.3851
0.3809
0.3896
0.3647
0.3877
0.384
0.3897
0.3827
0.3932
0.3913
0.3836
0.382
0.3847
0.3839
0.4139
0.3937
0.4091
0.3893
0.4034
0.4924
0.4365
0.3884
0.3808
0.3814
0.379
0.3954
0.3812
0.3861
0.3795
0.3842
0.3889
0.3866
0.384
0.3881
0.3795
0.3858
0.3648
0.3851
0.4369
0.4038
0.4541
0.4511
0.4253
0.4002
0.3829
0.3872
0.3932
0.3985
0.4223
0.4217
0.4277
0.3964
0.3929
0.4004
0.3978
0.3987
0.4293
0.4126
0.3884
0.3919
0.3951
0.3978
0.4371
0.5111
0.4436
0.393
0.3795
0.4241
0.3791
0.3604
0.3702
0.3758
0.3818
0.3897
0.4009
0.3991
0.4172
0.4404
0.3997
0.3875
0.3843
0.3914
0.446
0.49
0.4227
0.4118
0.4142
0.3854
0.3855
0.3755
0.3762
0.3738
0.3824
0.3741
0.3764
0.3784
0.3904
0.3846
0.3908
0.4058
0.3968
0.4066
0.3668
0.3697
0.3776
0.377
0.3751
0.3742
0.3755
0.3704

