--------------------------
CreateVideoDecoder_D3D11_1
--------------------------
20.9
20.1744
16.4053

---------------------------
DestroyVideoDecoder_D3D11_1
---------------------------
13.2191
12.8969
0

----------------
First Frame Time
----------------
0

----------------------------
VideoDecoderEndFrame_D3D11_1
----------------------------
0.0033
0.002
0.0023
0.0021
0.002
0.0027
0.002
0.0012
0.002
0.0018
0.0021
0.0021
0.0015
0.0032
0.002
0.002
0.0023
0.0018
0.0024
0.0046
0.0018
0.002
0.0019
0.0018
0.0014
0.0018
0.0019
0.0018
0.0081
0.002
0.0018
0.0018
0.002
0.002
0.0019
0.0018
0.0019
0.002
0.0018
0.0019
0.0018
0.002
0.0039
0.0018
0.0019
0.0018
0.0018
0.0018
0.0019
0.0019
0.0018
0.0019
0.0018
0.002
0.0019
0.0018
0.0018
0.0019
0.0019
0.002
0.0018
0.0018
0.0019
0.0044
0.0019
0.0019
0.0018
0.0019
0.0019
0.0019
0.0021
0.002
0.0018
0.0018
0.0019
0.0021
0.0019
0.0018
0.0018
0.0018
0.0021
0.0018
0.0021
0.0019
0.0019
0.0018
0.0053
0.0019
0.0019
0.0019
0.0018
0.0022
0.0018
0.0018
0.0042
0.0018
0.0019
0.0024
0.0019
0.0019
0.0019
0.0019
0.002
0.0019
0.0018
0.0018
0.0018
0.0021
0.0019
0.0019
0.0018
0.0018
0.0019
0.0018
0.0018
0.0018
0.0019
0.0018
0.0024
0.0018
0.0018
0.0019
0.0019
0.0018
0.0019
0.0019
0.0018
0.0019
0.0019
0.002
0.0022
0.0018
0.0018
0.0019
0.0022
0.0019
0.002
0.0019
0.0019
0.0019
0.0022
0.0044
0.002
0.002
0.0018
0.0023
0.0019
0.0018
0.0019
0.0019
0.0018
0.0019
0.0018
0.0018
0.0019
0.0019
0.002
0.0019
0.0018
0.0018
0.0018
0.0018
0.0019
0.002
0.002
0.0019
0.0019
0.002
0.0018
0.0018
0.0018
0.0019
0.002
0.0019
0.0019
0.0019
0.0019
0.002
0.0018
0.002
0.0019
0.0018
0.0019
0.0022
0.0019
0.0019
0.0018
0.0018
0.002
0.0019
0.0019
0.0018
0.0018
0.0018
0.0024
0.0018
0.0019
0.0019
0.0018
0.002
0.002
0.0019
0.0018
0.0019
0.0023
0.0018
0.0018
0.0019
0.0018
0.0019
0.0019
0.0137
0.0019
0.0019
0.0018
0.0021
0.0019
0.002
0.0019
0.0019
0.0018
0.0025
0.0019
0.0018
0.0019
0.0018
0.0022
0.002
0.0018
0.0019
0.0018
0.0023
0.0018
0.0019
0.0018
0.0019
0.0019
0.0026
0.0018
0.0018
0.0018
0.0018
0.0027
0.0018
0.0019
0.0018
0.0019
0.0027
0.0022
0.0018
0.002
0.002
0.0021
0.0023
0.0021
0.0018
0.0019
0.0018
0.0022
0.0019
0.0018
0.0019
0.0019
0.0017
0.0021
0.0019
0.0018
0.0018
0.0018
0.002
0.0019
0.0019
0.0018
0.0019
0.0019
0.0021
0.0019
0.0019
0.0019
0.0018
0.002
0.0018
0.0019
0.0019
0.002
0.002
0.0019
0.0018
0.0018
0.0019
0.0019
0.002
0.0019
0.0026
0.0019
0.0019
0.0023
0.0018
0.0019
0.0018
0.0018
0.0018
0.0018
0.0018
0.002
0.0018
0.0018
0.002
0.0018
0.0019
0.0019
0.0018
0.0019
0.0018
0.0018
0.0019
0.0217
0.0019
0.0019
0.0019
0.0019
0.002
0.0019
0.002
0.002
0.0018
0.0019
0.0018
0.0019
0.002
0.0019
0.0018
0.0019
0.0018
0.002
0.01
0.0019
0.0018
0.0019
0.0022
0.0019
0.0021
0.0021
0.002
0.0025
0.0022
0.0019
0.0018
0.0018
0.0023
0.0021
0.0023
0.0025
0.0021
0.0021
0.0021
0.0022
0.0018
0.0018
0.0019
0.0018
0.0022
0.0018
0.0018
0.0018
0.0018
0.002
0.0018
0.0019
0.0018
0.0019
0.0019
0.002
0.0019
0.0019
0.0019
0.0018
0.0019
0.0018
0.0019
0.0018
0.0017
0.0023
0.0019
0.0019
0.0018
0.0019
0.0018
0.002
0.0019
0.0018
0.0019
0.0018
0.0021
0.0019
0.0018
0.0019
0.0018
0.0018
0.0028
0.0018
0.0019
0.0019
0.0018
0.0019
0.0019
0.0019
0.0018
0.0018
0.0029
0.0019
0.0019
0.0018
0.0018
0.0019
0.002
0.0018
0.0019
0.0018
0.0019
0.0018
0.0019
0.0018
0.0019
0.0018
0.0017
0.002
0.0019
0.0019
0.0018
0.0018
0.002
0.0019
0.0019
0.002
0.0019
0.0019
0.0019
0.0026
0.0022
0.0023
0.0022
0.002
0.002
0.0025
0.002
0.0015
0.0022
0.0022
0.0019
0.0018
0.0018
0.0018
0.002
0.0019
0.0019
0.0019
0.0028
0.0023
0.0021
0.0019
0.0018
0.0018
0.0022
0.0019
0.0018
0.0018
0.0018
0.0018
0.0022
0.0018
0.0018
0.0019
0.0019
0.0239
0.0019
0.0019
0.0019
0.0018
0.0018
0.002
0.0018
0.0018
0.0018
0.0018
0.002
0.0017
0.0018
0.002
0.0019
0.002
0.0019
0.0019
0.0018
0.0018
0.0018
0.0019
0.0019
0.0018
0.0018
0.0106
0.0019
0.0018
0.0019
0.0018
0.0018
0.0018
0.0021
0.0019
0.0018
0.0018
0.0019
0.0024
0.0018
0.0019
0.0019
0.0019
0.0019
0.0021
0.0019
0.0019
0.0018
0.0018
0.0021
0.0019
0.0018
0.002
0.0018
0.002
0.0018
0.0018
0.0019
0.0018
0.0021
0.0018
0.002
0.0018
0.002
0.002
0.002
0.0019
0.0018
0.0018
0.0018
0.002
0.0018
0.0019
0.0018
0.0018
0.0019
0.0022
0.0018
0.0019
0.0019
0.0019
0.002
0.0018
0.0018
0.0018
0.0018
0.0021
0.0019
0.0019
0.0019
0.0018
0.0019
0.002
0.0018
0.0019
0.0018
0.0018
0.0022
0.0018
0.0019
0.0019
0.0019
0.0018
0.0021
0.0021
0.0022
0.0018
0.0019
0.0021
0.0018
0.0019
0.0018
0.0018
0.0021
0.002
0.0018
0.0019
0.0018
0.0019
0.0021
0.0018
0.0025
0.0019
0.0018
0.0019
0.0018

