--------------------------
CreateVideoDecoder_D3D11_1
--------------------------
21.4941
20.4037
16.6417

---------------------------
DestroyVideoDecoder_D3D11_1
---------------------------
13.4956
12.787
0

----------------
First Frame Time
----------------
0

----------------------------
VideoDecoderEndFrame_D3D11_1
----------------------------
0.003
0.0019
0.0021
0.0024
0.0027
0.0021
0.0017
0.0019
0.0017
0.0024
0.002
0.0017
0.0019
0.0034
0.0018
0.0018
0.002
0.0019
0.0017
0.0036
0.0019
0.002
0.0018
0.0019
0.0019
0.0018
0.002
0.0018
0.0037
0.0019
0.0018
0.0018
0.0024
0.0022
0.0018
0.0018
0.0019
0.0021
0.0018
0.0019
0.0021
0.0019
0.0039
0.0021
0.0025
0.0019
0.0019
0.0018
0.0019
0.0017
0.0018
0.0019
0.0019
0.0028
0.0019
0.002
0.0019
0.0019
0.0019
0.002
0.0018
0.0018
0.0018
0.0038
0.0021
0.0018
0.0023
0.0018
0.0019
0.0018
0.002
0.0017
0.0019
0.0019
0.0019
0.0019
0.0018
0.0019
0.0018
0.0018
0.0022
0.0019
0.0019
0.0018
0.0019
0.0019
0.0022
0.002
0.0022
0.0022
0.0022
0.0023
0.0023
0.0019
0.0042
0.0027
0.0021
0.0028
0.0024
0.0026
0.0019
0.0015
0.0014
0.0012
0.0013
0.0021
0.0018
0.0018
0.0016
0.002
0.0019
0.0018
0.0023
0.0022
0.0018
0.0025
0.0019
0.0018
0.0022
0.0019
0.0019
0.0026
0.0023
0.0018
0.002
0.0019
0.0018
0.0019
0.0018
0.0021
0.0018
0.0018
0.0019
0.0019
0.002
0.0018
0.0018
0.0019
0.0018
0.0018
0.0019
0.004
0.0019
0.0018
0.0018
0.0023
0.0025
0.0018
0.0019
0.0018
0.0018
0.002
0.0018
0.0019
0.0022
0.0018
0.0021
0.0018
0.0018
0.0018
0.002
0.0022
0.0018
0.0018
0.0018
0.0019
0.0019
0.0023
0.0019
0.0019
0.0018
0.0019
0.0026
0.0019
0.0018
0.0019
0.0019
0.0022
0.0027
0.0024
0.0025
0.0023
0.002
0.002
0.0018
0.0019
0.0025
0.0023
0.0022
0.0023
0.0023
0.002
0.0018
0.002
0.002
0.0018
0.0019
0.0019
0.0018
0.0024
0.0021
0.0019
0.0019
0.0018
0.0022
0.0018
0.0018
0.0019
0.0018
0.0023
0.0021
0.0106
0.0018
0.0018
0.0019
0.0022
0.002
0.0018
0.0019
0.0018
0.0018
0.0022
0.0027
0.0018
0.0019
0.0018
0.0022
0.0018
0.0018
0.0019
0.0019
0.002
0.0019
0.0018
0.002
0.0019
0.0018
0.0022
0.0019
0.0017
0.0018
0.0018
0.0022
0.0018
0.0019
0.0018
0.0019
0.0019
0.0023
0.0019
0.0019
0.0019
0.0018
0.0021
0.0019
0.0018
0.0018
0.0023
0.0022
0.0018
0.0018
0.0019
0.0019
0.0018
0.0029
0.0018
0.0018
0.0017
0.002
0.0023
0.0019
0.0019
0.0018
0.0019
0.0019
0.002
0.0019
0.0019
0.0019
0.0018
0.0023
0.0019
0.0018
0.0018
0.0018
0.0024
0.002
0.0019
0.0018
0.0017
0.0018
0.0019
0.0018
0.0019
0.0018
0.0017
0.0026
0.0023
0.0019
0.0018
0.0019
0.0018
0.0019
0.0018
0.0019
0.0027
0.0019
0.0019
0.0019
0.0019
0.0019
0.0018
0.0023
0.0018
0.0018
0.0017
0.0194
0.0019
0.002
0.0018
0.0018
0.0018
0.0018
0.0026
0.0019
0.0018
0.0018
0.002
0.0018
0.0089
0.0018
0.002
0.0019
0.0018
0.0022
0.0019
0.0019
0.0028
0.0026
0.0021
0.0019
0.0019
0.0019
0.0018
0.0018
0.0022
0.002
0.0018
0.0018
0.0019
0.0021
0.0019
0.0019
0.0018
0.0018
0.0021
0.0018
0.0017
0.0019
0.0018
0.0018
0.0021
0.002
0.0018
0.002
0.0018
0.002
0.0019
0.0018
0.0019
0.0018
0.0018
0.0021
0.0027
0.002
0.0018
0.0019
0.0023
0.0028
0.0019
0.0035
0.002
0.0021
0.0017
0.0018
0.0019
0.0019
0.0018
0.0021
0.0018
0.002
0.0018
0.0018
0.0022
0.0019
0.0019
0.0018
0.0018
0.0019
0.0019
0.0023
0.0019
0.0018
0.0018
0.0019
0.0018
0.0018
0.0018
0.0018
0.002
0.0026
0.0018
0.0019
0.0018
0.0019
0.0021
0.0019
0.0026
0.0018
0.0019
0.0023
0.0021
0.0018
0.0021
0.0018
0.0019
0.0024
0.0021
0.0019
0.0019
0.0018
0.0019
0.0019
0.0019
0.002
0.0019
0.0021
0.002
0.002
0.0018
0.0018
0.0019
0.002
0.0019
0.0018
0.0019
0.0018
0.0028
0.0026
0.0019
0.0019
0.0018
0.0018
0.0023
0.0018
0.0019
0.0017
0.002
0.0021
0.0019
0.0028
0.0019
0.0019
0.0025
0.002
0.0018
0.0018
0.0018
0.0019
0.002
0.0024
0.0023
0.0019
0.0018
0.0258
0.0018
0.0019
0.0019
0.0019
0.0018
0.0019
0.0026
0.0019
0.0018
0.0018
0.002
0.0018
0.0017
0.0019
0.002
0.0022
0.002
0.0019
0.0019
0.009
0.0018
0.0022
0.0019
0.0018
0.0025
0.0018
0.002
0.0018
0.0018
0.0018
0.0018
0.0018
0.002
0.0018
0.0019
0.0018
0.0019
0.0022
0.002
0.0019
0.0019
0.0027
0.0021
0.0018
0.0018
0.0018
0.0019
0.0018
0.0019
0.0018
0.0018
0.0018
0.0018
0.0021
0.0018
0.0018
0.0018
0.0018
0.0025
0.0017
0.0018
0.0018
0.0018
0.0018
0.0024
0.0028
0.0017
0.0021
0.0018
0.0024
0.0019
0.0019
0.002
0.0019
0.0019
0.003
0.0023
0.0021
0.0018
0.0022
0.002
0.0019
0.0019
0.0019
0.0018
0.0022
0.002
0.0019
0.0018
0.0019
0.0018
0.002
0.0018
0.0018
0.0019
0.0019
0.002
0.002
0.0019
0.0019
0.0018
0.0027
0.0025
0.0019
0.0018
0.0018
0.0018
0.0028
0.0018
0.0018
0.0019
0.0022
0.0023
0.0018
0.0014
0.0019
0.0018
0.0018
0.0023
0.0021
0.0019
0.0018
0.0019
0.002
0.0018

