---------------------------------------------
CalcPrivateVideoDecoderOutputViewSize_D3D11_1
---------------------------------------------
0.0018
0.0012
0.0015
0.0021
0.0016
0.0011
0.0012
0.0008
0.0008
0.0012
0.0007
0.0014
0.0009
0.0021
0.0009
0.0015
0.0009
0.0011
0.001
0.0023
0.0008
0.0008
0.001
0.0007
0.0007
0.0008
0.0006
0.0007
0.002
0.0007
0.0006
0.0006
0.0007
0.001
0.0007
0.0009
0.0007
0.0016
0.001
0.001
0.0008
0.0009
0.0021
0.0007
0.0008
0.0009
0.0005
0.0006
0.0007
0.0006
0.0006
0.0007
0.0006
0.0007
0.0007
0.0006
0.0008
0.0015
0.0015
0.0009
0.0008
0.0009
0.0007
0.0022
0.0019
0.0017
0.0012
0.0009
0.0007
0.0008
0.0007
0.0007
0.0007
0.0006
0.0006
0.0007
0.0009
0.0007
0.0006
0.0008
0.0007
0.0007
0.0006
0.0006
0.0009
0.0014
0.0011
0.0017
0.001
0.0008
0.0007
0.0011
0.0007
0.0007
0.0023
0.0008
0.0007
0.0007
0.0012
0.0011
0.0014
0.0009
0.0009
0.0007
0.0009
0.0007
0.0007
0.0009
0.001
0.0013
0.0009
0.0011
0.0015
0.0011
0.001
0.0014
0.0009
0.0009
0.0015
0.001
0.0009
0.0015
0.0009
0.0008
0.0007
0.0009
0.0007
0.0007
0.0007
0.0009
0.0008
0.0009
0.0011
0.0014
0.0009
0.0009
0.0008
0.0008
0.0007
0.0006
0.0006
0.0136
0.001
0.0008
0.0006
0.0008
0.0006
0.0007
0.0006
0.0007
0.0006
0.0007
0.0006
0.001
0.0008
0.0006
0.0014
0.0007
0.0006
0.0008
0.0007
0.0006
0.0008
0.0011
0.0015
0.001
0.0017
0.0015
0.0021
0.001
0.0008
0.0009
0.0007
0.0008
0.0007
0.0007
0.0006
0.0008
0.0009
0.0007
0.0007
0.0008
0.0008
0.0008
0.0009
0.0007
0.0007
0.0008
0.0007
0.0014
0.0009
0.0008
0.0008
0.0008
0.0007
0.0008
0.0009
0.0007
0.0008
0.0006
0.0006
0.0007
0.0007
0.0007
0.0006
0.0008
0.0006
0.0005
0.0007
0.0011
0.0008
0.0104
0.0007
0.0005
0.0005
0.0006
0.0005
0.0006
0.0007
0.0006
0.0006
0.0006
0.0035
0.0007
0.001
0.0006
0.0006
0.0007
0.0006
0.0007
0.0006
0.0008
0.0006
0.0006
0.0008
0.0006
0.0005
0.0009
0.0006
0.0006
0.0006
0.0006
0.0006
0.0006
0.0006
0.0006
0.0007
0.0007
0.0006
0.0008
0.0008
0.0006
0.0006
0.0006
0.0006
0.0007
0.0006
0.0006
0.0006
0.0006
0.0007
0.0007
0.0008
0.0007
0.0007
0.0005
0.0006
0.0006
0.0006
0.0007
0.0008
0.0006
0.0006
0.0005
0.0008
0.0009
0.0005
0.0006
0.0006
0.0006
0.0008
0.0005
0.0005
0.0006
0.0006
0.0006
0.0006
0.0006
0.0007
0.0007
0.0006
0.0006
0.0008
0.0006
0.0007
0.0008
0.0006
0.0007
0.0019
0.0016
0.0009
0.0007
0.0006
0.0007
0.0005
0.0006
0.0006
0.0006
0.0008
0.0008
0.0006
0.0006
0.0007
0.0006
0.0006
0.0006
0.0025
0.0006
0.0007
0.0007
0.0007
0.0008
0.0007
0.0007
0.0007
0.0006
0.0007
0.001
0.0008
0.0008
0.0008
0.0006
0.0008
0.0006
0.0008
0.0006
0.001
0.0018
0.0011
0.0009
0.0007
0.0015
0.001
0.0009
0.0007
0.0007
0.0009
0.0006
0.0008
0.0007
0.0008
0.0006
0.0007
0.0006
0.0008
0.0007
0.0006
0.0006
0.0007
0.0005
0.0007
0.0007
0.0006
0.0005
0.0007
0.0014
0.001
0.0007
0.0009
0.0006
0.0007
0.0006
0.0006
0.0007
0.0009
0.0006
0.0009
0.0006
0.0006
0.0007
0.0009
0.0007
0.0009
0.0006
0.0006
0.0006
0.0007
0.0006
0.0006
0.0006
0.0007
0.0006
0.0007
0.0006
0.0007
0.0006
0.0007
0.0006
0.0006
0.0006
0.0007
0.0006
0.0007
0.0007
0.0006
0.0008
0.0007
0.0016
0.0008
0.0006
0.0006
0.0006
0.0006
0.0008
0.0008
0.0006
0.0006
0.0006
0.0006
0.0006
0.0006
0.0006
0.0007
0.0006
0.0007
0.0006
0.0007
0.0007
0.0009
0.0007
0.0012
0.0014
0.0009
0.0018
0.0014
0.0009
0.0008
0.0009
0.0014
0.0013
0.0015
0.0009
0.0008
0.0006
0.0014
0.0007
0.0007
0.0007
0.0006
0.0006
0.0019
0.0008
0.0011
0.0008
0.0009
0.0008
0.001
0.0007
0.0008
0.0009
0.0013
0.0008
0.0008
0.0009
0.0007
0.0007
0.001
0.0008
0.0007
0.0012
0.0008
0.0009
0.0012
0.0009
0.0034
0.0008
0.0015
0.0011
0.0009
0.0008
0.0008
0.0007
0.0009
0.0014
0.0007
0.0012
0.0008
0.0007
0.0007
0.0011
0.0007
0.0007
0.0009
0.0008
0.001
0.0007
0.0012
0.0007
0.0014
0.0007
0.0009
0.0011
0.0009
0.001
0.0013
0.0008
0.0008
0.0009
0.0007
0.0007
0.0007
0.0007
0.0007
0.0006
0.0008
0.0006
0.0006
0.0006
0.0007
0.0007
0.0007
0.0006
0.0014
0.0017
0.0013
0.0011
0.0011
0.001
0.0009
0.0006
0.0006
0.0011
0.0007
0.0007
0.0006
0.0006
0.0007
0.0007
0.0007
0.0007
0.0009
0.0007
0.0008
0.0007
0.0006
0.0007
0.0008
0.0006
0.0007
0.0008
0.0006
0.0006
0.0007
0.0007
0.0008
0.0007
0.0005
0.0007
0.0006
0.0007
0.0007
0.0006
0.0006
0.0006
0.0006
0.0008
0.0008
0.0015
0.0016
0.0009
0.0009
0.0007
0.0008
0.0007
0.0015
0.0009
0.0015
0.001
0.0008
0.0008
0.0007
0.0008
0.0006
0.0008
0.0007
0.002
0.001
0.0012
0.0008
0.0008
0.0007
0.0012
0.0016
0.0009
0.001
0.0007
0.0007
0.0008
0.0007
0.0008

-----------------------
CodechalDecode::Execute
-----------------------
9.3524
2.8741
5.3928
8.186
12.0236
0.7132
0.6342
0.6685
0.5151
0.587
0.5194
0.6337
0.5968
0.6767
0.5775
0.7049
2.4447
2.5287
0.5473
0.5236
0.5348
0.5353
0.5832
0.5369
0.432
0.4199
0.4247
0.4242
0.4499
0.4406
0.4639
0.4053
0.4242
0.4288
0.4065
0.4289
0.4272
0.4786
0.4326
0.4146
0.4025
0.4253
0.3986
0.3964
0.4025
0.4032
0.3966
0.4036
0.4083
0.4037
0.4129
0.4158
0.4246
0.4332
0.4467
0.4415
0.4348
0.4566
0.5032
0.4262
0.4112
0.4127
0.4071
0.4537
0.6355
0.4835
0.4301
0.4065
0.4018
0.4021
0.4045
0.4121
0.4115
0.4309
0.4338
0.433
0.4285
0.4338
0.4539
0.4381
0.428
0.4303
0.4107
0.4103
0.4548
0.434
0.4193
0.5062
0.4217
0.4177
0.4333
0.4041
0.3982
0.3961
0.3957
0.3978
0.3958
0.6789
0.877
0.4376
0.4649
0.4217
0.4118
0.4044
0.4097
0.4057
0.6761
0.8526
0.4329
0.7034
0.8468
0.4324
0.685
0.8022
0.4166
0.5238
0.6035
0.4267
0.6765
0.4158
0.409
0.4479
0.4073
0.4087
0.4089
0.4217
0.4252
0.4259
0.4271
0.4134
0.6766
1.0339
0.4483
0.6424
0.4176
0.41
0.4043
0.3998
0.3987
0.4055
0.4002
0.4164
0.4059
0.4032
0.4016
0.4022
0.4005
0.4027
0.4047
0.4032
0.4128
0.4107
0.4146
0.4114
0.422
0.4006
0.4028
0.4167
0.4161
0.4191
0.4356
0.4511
0.4612
1.8027
0.4692
0.4167
0.5005
0.4488
0.4848
0.4332
0.4274
0.4047
0.4043
0.41
0.4081
0.4194
0.4151
0.4294
0.4691
0.4089
0.4144
0.4205
0.4257
0.4484
0.4473
0.4164
0.4161
0.4154
0.4025
0.4552
0.4101
0.4039
0.4061
0.4002
0.3973
0.3993
0.3908
0.3946
0.3992
0.396
0.3894
0.3914
0.3939
0.3942
0.4031
0.4005
0.4067
0.3965
0.4017
0.397
0.3971
0.4084
0.3975
0.3987
0.4022
0.4048
0.4024
0.4114
0.4138
0.4369
0.4337
0.4494
0.4245
0.4315
0.4206
0.39
0.3968
0.3945
0.4037
0.4018
0.4112
0.4438
0.4302
0.4232
0.4189
0.4243
0.4099
0.4055
0.4031
0.4048
0.3992
0.4006
0.4097
0.4176
0.4216
0.4277
0.4431
0.4174
0.408
0.424
0.4056
0.3954
0.3956
0.3957
0.4006
0.3992
0.4063
0.3983
0.4472
0.4047
0.4067
0.4255
0.4043
0.4106
0.4142
0.4168
0.4225
0.431
0.4585
0.4383
0.4474
0.4339
0.4239
0.432
0.4412
0.4197
0.3945
0.3972
0.3965
0.4011
0.3993
0.4034
0.4323
0.4168
0.428
0.4529
0.4527
0.4339
0.436
0.4165
0.4138
0.4144
0.4173
0.42
0.4518
0.4066
0.4105
0.4147
0.5271
0.4659
0.4465
0.4172
0.4107
0.4138
0.4151
0.4226
0.4222
0.4365
0.4524
0.421
0.4152
0.4001
0.3974
0.4005
0.4005
0.4008
0.4183
0.4352
0.4201
0.4341
0.4344
0.4289
0.4302
0.4348
0.4399
0.4296
0.4257
0.4195
0.3855
0.3957
0.4108
0.4022
0.4037
0.4108
0.4193
0.4241
0.4115
0.473
0.4232
0.4218
1.4273
0.476
0.4354
0.4155
0.4153
0.4089
0.4237
0.4021
0.4043
0.4025
0.4003
0.4271
0.4026
0.3981
0.4024
0.4016
0.397
0.3958
0.4029
0.4034
0.3998
0.3897
0.4019
0.4084
0.4027
0.7209
1.717
0.4356
0.4159
0.4018
0.4013
0.3965
0.3988
0.3989
0.4141
0.407
0.4102
0.3982
0.4175
0.4146
0.416
0.3935
0.4001
0.3971
0.3941
0.3936
0.4018
0.4003
0.3999
0.4018
0.4022
0.4022
0.399
0.4217
0.3941
0.4116
0.411
0.4035
0.3996
0.4072
0.3978
0.3984
0.402
0.3982
0.3991
0.4037
0.3964
0.4007
0.3982
0.394
0.4005
0.402
0.4108
0.4019
0.4167
0.4008
0.3968
0.4007
0.3989
0.3978
0.4023
0.4012
0.4005
0.4015
0.3982
0.4009
0.405
0.3928
0.4264
0.4012
0.6079
0.4603
0.4126
0.6363
0.5259
0.4363
0.4184
0.4097
0.4599
0.4234
0.4623
0.4226
0.4065
0.413
0.5897
0.4055
0.4056
0.4169
0.4144
0.6197
0.6759
0.4103
0.5806
0.4043
0.5519
0.4016
0.5845
0.4005
0.4109
0.4068
0.5789
0.3959
0.4051
0.4102
0.4277
0.4257
0.414
0.4064
0.3968
0.4872
0.4089
0.4018
0.5882
0.4038
0.4114
0.4088
0.4595
0.4267
0.4099
0.4043
0.414
0.4274
0.4085
0.398
0.4102
0.6027
0.3981
0.3966
0.3953
0.6179
0.4107
0.7069
0.4252
0.4452
0.6138
0.4019
0.6113
0.4118
0.4762
0.4093
0.425
0.6183
0.4355
0.4168
0.6019
0.4125
0.4075
0.4101
0.397
0.3973
0.3985
0.4032
0.3987
0.4016
0.4122
0.4173
0.4292
0.4376
0.4507
0.4439
0.4998
0.4165
0.6157
0.6607
0.667
0.4908
0.5355
0.4322
0.4164
0.4111
0.415
0.4162
0.4108
0.4349
0.4177
0.4214
0.4202
0.423
0.4375
0.4473
0.4493
0.4433
0.4365
0.4394
0.4622
0.4788
0.4169
0.4158
0.4175
0.4228
0.4484
0.4324
0.4349
0.4433
0.453
0.4139
0.4028
0.3989
0.4047
0.4027
0.4049
0.4149
0.4415
0.4347
0.4595
0.4744
0.4305
0.4502
0.4846
0.4212
0.4126
0.4037
0.4116
0.4035
0.4563
0.4141
0.4527
0.4153
0.399
0.4041
0.3973
0.4041
0.3987
0.4073
0.4167
0.6583
0.4139
0.5245
0.4219
0.44
0.4163
0.4203
0.5335
0.4146
0.4134
0.4138
0.4182
0.4387
0.442
0.4419

---------------------------------------
CodechalDecodeHevcG12::DecodeStateLevel
---------------------------------------
0.223
0.3301
3.4209
0.2877
0.195
0.3982
1.9162
0.2482
1.8864
0.3625
0.1987
4.9296
4.1613
0.184
3.8951
0.1888
0.1389
0.2054
0.1228
0.139
0.2096
0.2123
0.1413
0.153
0.1058
0.1299
0.1706
0.1551
0.1333
0.1909
0.1024
0.1294
0.1827
0.1608
0.1415
0.1968
0.1316
0.1326
0.1673
0.1468
0.1401
0.2135
0.1287
0.1356
0.1581
0.1551
0.1445
0.1997
0.1415
0.1546
1.8041
0.1529
0.1631
1.8718
0.1293
0.1359
0.1584
0.1109
0.1377
0.1549
0.112
0.1372
0.1595
0.1152
0.135
0.161
0.1237
0.1367
0.1934
0.1197
0.1363
0.1567
0.0699
0.1356
0.1209
0.0688
0.1298
0.1193
0.0706
0.1322
0.1182
0.07
0.1318
0.1187
0.0765
0.1392
0.1231
0.0734
0.1371
0.1217
0.0978
0.1385
0.1209
0.0711
0.1227
0.1111
0.0657
0.1296
0.1287
0.0694
0.1317
0.123
0.0645
0.1257
0.1169
0.0682
0.1323
0.1219
0.0699
0.1276
0.1196
0.0858
0.134
0.1198
0.074
0.1375
0.1198
0.0709
0.1278
0.1174
0.0645
0.1268
0.1176
0.0687
0.14
0.117
0.0642
0.1251
0.1153
0.0648
0.1241
0.1146
0.066
0.1254
0.1153
0.0657
0.1241
0.1151
0.0641
0.1232
0.1147
0.0679
0.1247
0.1155
0.0648
0.1294
0.1178
0.065
0.1262
0.1163
0.0677
0.1301
0.1193
0.0677
0.13
0.1191
0.0691
0.1337
0.1204
0.0713
0.1321
0.1227
0.0753
0.1387
0.1231
0.084
0.1372
0.1175
0.067
0.1296
0.1181
0.0815
0.1358
0.1209
0.0936
0.1551
0.1226
0.0694
0.1339
0.1216
0.0681
0.129
0.117
0.0674
0.1295
0.1185
0.066
0.1283
0.1185
0.067
0.1383
0.1199
0.0936
0.167
0.1309
0.0912
0.1423
0.1199
0.0735
0.1315
0.1169
0.0663
0.1261
0.1148
0.0646
0.1261
0.1155
0.064
0.125
0.1176
0.0651
0.1278
0.1143
0.0669
0.1282
0.1169
0.0657
0.1295
0.1173
0.0662
0.1306
0.1323
0.071
0.134
0.1221
0.0727
0.1343
0.1218
0.0711
0.1334
0.1208
0.0713
0.1355
0.1209
0.0773
0.1399
0.1252
0.0745
0.1353
0.1213
0.071
0.1339
0.1205
0.0693
0.1343
0.1213
0.0673
0.1274
0.1173
0.0663
0.1283
0.1177
0.066
0.1707
0.1186
0.074
0.1303
0.1172
0.0698
0.1279
0.1172
0.0967
0.1565
0.1216
0.0697
0.1312
0.1183
0.0686
0.1307
0.1188
0.0701
0.135
0.1267
0.0673
0.1237
0.1148
0.0646
0.1256
0.114
0.0629
0.1247
0.1153
0.0637
0.1233
0.1142
0.0641
0.125
0.1155
0.0634
0.1255
0.1154
0.0838
0.1416
0.1197
0.4722
0.1623
0.1267
0.0706
0.1291
0.1179
0.0807
0.1358
0.1332
0.0676
0.1349
0.1215
0.0678
0.1273
0.119
0.067
0.1262
0.1164
0.068
0.1287
0.1168
0.0645
0.1303
0.1173
0.0846
0.1487
0.1211
0.4504
0.1609
0.1269
0.0745
0.1289
0.1221
0.0846
0.1501
0.1223
0.4426
0.1612
0.1285
0.0734
0.1311
0.1169
0.0831
0.1488
0.1205
0.3968
0.1595
0.1317
0.0679
0.1287
0.1166
0.0782
0.1422
0.122
0.2074
0.1586
0.1254
0.073
0.129
0.1173
0.0831
0.1472
0.1231
0.067
0.1276
0.118
0.0636
0.1258
0.1159
0.0788
0.1332
0.1199
0.0656
0.1267
0.1167
0.0689
0.1254
0.1185
0.0654
0.1248
0.1219
0.0665
0.1277
0.1269
0.0703
0.1315
0.1198
0.0708
0.1335
0.1187
0.0704
0.1336
0.1213
0.0681
0.1298
0.1164
0.0819
0.1408
0.1141
0.5812
0.1606
0.1298
0.0751
0.1328
0.1276
0.0926
0.2041
0.1917
0.0707
0.1285
0.116
0.0687
0.1264
0.1178
0.0666
0.1245
0.1158
0.0648
0.1241
0.1173
0.066
0.1246
0.1152
0.0711
0.1242
0.1156
0.0659
0.1253
0.1159
0.0697
0.1291
0.118
0.0675
0.1266
0.1168
0.066
0.1271
0.1175
0.0646
0.1273
0.1177
0.0657
0.1266
0.1185
0.0642
0.1257
0.118
0.0645
0.1254
0.1195
0.0657
0.1259
0.1173
0.0659
0.124
0.1199
0.071
0.1271
0.117
0.0687
0.1269
0.1165
0.065
0.1304
0.1207
0.0663
0.1263
0.1157
0.0641
0.1242
0.1367
0.0642
0.1248
0.1152
0.064
0.1247
0.1174
0.0648
0.1382
0.1167
0.07
0.128
0.1185
0.068
0.1315
0.1181
0.077
0.1321
0.12
0.0726
0.1434
0.1229
0.0743
0.1496
0.1206
0.087
0.1472
1.1885
0.0819
0.1447
0.1231
0.0687
0.1274
0.1159
0.0943
0.1519
0.1198
0.075
0.1423
0.1175
0.0856
0.1497
0.1249
0.0736
0.1338
0.1198
0.0724
0.1331
0.1201
0.0657
0.1273
0.1173
0.0664
0.1272
0.1162
0.0681
0.1256
0.1155
0.0677
0.127
0.1169
0.073
0.1299
0.1168
0.0675
0.1293
0.1189
0.0711
0.1348
0.1201
0.0782
0.1391
0.1263
0.0662
0.1295
0.1173
0.0676
0.1307
0.1182
0.0691
0.1309
0.1185
0.07
0.1334
0.1216
0.0799
0.1384
0.1233
0.076
0.1367
0.1247
0.0679
0.1317
0.12
0.0682
0.1313
0.1183
0.068
0.1298
0.1177
0.0646
0.1277
0.1173
0.0815
0.1359
0.1211
0.0664
0.1281
0.1163
0.0655
0.1269
0.1172
0.0643
0.131
0.1188
0.065
0.1267
0.117
0.0635
0.1254
0.1181
0.0651
0.1251
0.1156
0.0662
0.117
0.1093
0.0637
0.125
0.114
0.0653
0.1253
0.1144
0.0639
0.1242
0.1145
0.061
0.1233
0.1155
0.0612
0.1248
0.1148
0.0642
0.1235
0.1142
0.0632
0.1237
0.1154
0.0643
0.1269
0.1159
0.0645
0.1264
0.1162
0.0647
0.1281
0.1179
0.0646
0.1244
0.1157
0.0645
0.1275
0.1174
0.0633
0.1273
0.1162
0.0629
0.1271
0.116
0.0647
0.1258
0.1193
0.0637
0.1257
0.1159
0.063
0.1273
0.1159
0.0644
0.1253
0.1164
0.0638
0.1255
0.1154
0.0625
0.1275
0.1173
0.0665
0.1272
0.1168
0.066
0.1279
0.1181
0.0683
0.1448
0.1206
0.0727
0.1342
0.12
0.0735
0.1458
0.1229
0.0686
0.1325
0.1207
0.0724
0.1329
0.1204
0.0695
0.1279
0.1178
0.0601
0.1233
0.1143
0.0623
0.124
0.1148
0.0616
0.1238
0.115
0.0663
0.1256
0.1145
0.0697
0.1192
0.1107
0.0648
0.1273
0.1161
0.0758
0.1438
0.1189
0.0676
0.1362
0.1216
0.0667
0.1322
0.1241
0.0661
0.1329
0.1202
0.0682
0.1301
0.1225
0.0647
0.1284
0.119
0.0692
0.1254
0.116
0.0663
0.1249
0.1144
0.0637
0.1253
0.1182
0.0626
0.1253
0.1164
0.0633
0.126
0.1168
0.0665
0.1289
0.1173
0.0679
0.1286
0.1221
0.0679
0.132
0.1198
0.07
0.1337
0.1209
0.0698
0.1407
0.1242
0.0686
0.1285
0.1172
0.0654
0.1273
0.1176
0.0664
0.1404
0.118
0.0709
0.1222
0.1125
0.0622
0.1241
0.1141
0.0626
0.1238
0.114
0.064
0.1231
0.1136
0.0622
0.1252
0.1158
0.0629
0.1255
0.1155
0.0639
0.1273
0.117
0.0624
0.124
0.1177
0.0641
0.1646
0.1204
0.0649
0.1262
0.1174
0.0641
0.1278
0.1179
0.0673
0.13
0.1177
0.0686
0.1213
0.1107
0.0661
0.1283
0.117
0.0655
0.1308
0.117
0.0683
0.129
0.1191
0.0664
0.1312
0.1202
0.0694
0.1339
0.1243
0.0779
0.1418
0.1241
0.0728
0.1367
0.1229
0.076
0.1428
0.1213
0.0731
0.1339
0.1187
0.0686
0.1331
0.1202
0.075
0.1338
0.12
0.0709
0.1371
0.1231
0.069
0.1294
0.1165
0.0618
0.1237
0.1149
0.0644
0.1242
0.1133
0.0625
0.1246
0.1151
0.0613
0.1268
0.1174
0.0625
0.1254
0.1158
0.0636
0.1267
0.1169
0.0647
0.1473
0.1212
0.0683
0.1287
0.1176
0.0685
0.1334
0.1214
0.0741
0.1455
0.1237
0.075
0.1415
0.1267
0.0725
0.1348
0.1211
0.0703
0.1381
0.1227
0.0669
0.1298
0.119
0.0663
0.13
0.1194
0.0665
0.1302
0.1192
0.0684
0.1293
0.1181
0.0682
0.1319
0.119
0.0753
0.1366
0.1285
0.0696
0.1223
0.1103
0.0653
0.1291
0.1183
0.067
0.1296
0.1167
0.0993
0.1629
0.1225
0.0831
0.1369
0.1221
0.0727
0.1423
0.1167
0.0685
0.1299
0.1169
0.065
0.1285
0.1181
0.068
0.1284
0.1175
0.068
0.1292
0.117
0.0667
0.1289
0.1181
0.0683
0.132
0.119
0.0741
0.1351
0.1213
0.0724
0.1473
0.1237
0.0666
0.1354
0.1202
0.0669
0.1306
0.1171
0.0622
0.1259
0.1174
0.062
0.1256
0.117
0.0636
0.1261
0.1163
0.0633
0.1261
0.1167
0.0634
0.1259
0.1164
0.0705
0.1281
0.117
0.0659
0.1451
0.121
0.0686
0.1309
0.1179
0.0724
0.1335
0.1203
0.0697
0.1351
0.1244
0.0695
0.135
0.12
0.0718
0.1327
0.1192
0.068
0.1444
0.1205
0.0706
0.1387
0.1243
0.0714
0.1336
0.119
0.0695
0.1344
0.1193
0.0698
0.1282
0.116
0.0636
0.1176
0.1069
0.0608
0.1245
0.1161
0.0651
0.1278
0.1192
0.0636
0.1265
0.1159
0.0643
0.1265
0.1165
0.064
0.1305
0.1177
0.0681
0.1306
0.1192
0.07
0.1314
0.1199
0.0643
0.1297
0.1184
0.0823
0.148
0.1176
0.0689
0.1314
0.1182
0.0672
0.1289
0.1191
1.0211
0.1448
0.1219
0.0856
0.1453
0.1228
0.0727
0.1342
0.1201
0.0668
0.1306
0.1183
0.0668
0.1302
0.1189
0.0645
0.1284
0.1175
0.0696
0.1322
0.1177
0.0653
0.1269
0.1165
0.065
0.1275
0.1168
0.0644
0.1261
0.1164
0.0642
0.1259
0.1162
0.0651
0.1258
0.1358
0.066
0.1253
0.1162
0.0616
0.125
0.1174
0.0648
0.1251
0.116
0.0624
0.129
0.1151
0.0619
0.1274
0.1155
0.0622
0.1235
0.1155
0.0676
0.1227
0.1151
0.0622
0.123
0.1185
0.0632
0.1269
0.1168
0.0646
0.1191
0.1101
0.0642
0.1266
0.1171
0.0653
0.1266
0.1171
0.0653
0.1253
0.117
0.0917
0.1953
0.1239
1.3338
0.1376
0.1435
0.0734
0.1361
0.121
0.0693
0.1294
0.1187
0.064
0.1274
0.1175
0.064
0.125
0.1159
0.0614
0.1254
0.1167
0.0628
0.1254
0.117
0.0641
0.1254
0.1155
0.0673
0.1268
0.121
0.0651
0.1271
0.1184
0.0653
0.1255
0.1195
0.0626
0.1253
0.1167
0.0637
0.1256
0.1288
0.0671
0.1272
0.1167
0.0641
0.1254
0.115
0.061
0.1246
0.1151
0.0638
0.1236
0.1157
0.0621
0.1251
0.1157
0.0619
0.1241
0.1157
0.0623
0.1226
0.1147
0.0639
0.1264
0.1168
0.0636
0.1265
0.1159
0.0643
0.1249
0.1168
0.0635
0.1265
0.1179
0.0641
0.1268
0.1168
0.0653
0.1255
0.1167
0.0623
0.1267
0.1175
0.0806
0.1287
0.1163
0.0652
0.1192
0.1116
0.0635
0.127
0.1175
0.0647
0.1276
0.1178
0.0651
0.1251
0.1169
0.0633
0.1265
0.1168
0.0674
0.1255
0.117
0.0627
0.1258
0.116
0.0624
0.1265
0.1176
0.0632
0.1267
0.1167
0.0629
0.1255
0.1168
0.0624
0.1265
0.1165
0.0656
0.1257
0.1152
0.0637
0.1235
0.1141
0.0649
0.1233
0.115
0.0641
0.1246
0.1142
0.0628
0.1235
0.1162
0.0636
0.1262
0.1184
0.0652
0.1264
0.1171
0.0666
0.1271
0.1178
0.0636
0.1253
0.1172
0.0635
0.1405
0.1163
0.0655
0.1252
0.1161
0.0626
0.1249
0.1174
0.0632
0.1268
0.1168
0.0641
0.1241
0.1156
0.0625
0.1265
0.1164
0.0632
0.1265
0.1174
0.0643
0.1264
0.1165
0.0627
0.1273
0.1177
0.0641
0.1267
0.1177
0.0638
0.1261
0.1158
0.0621
0.1274
0.1158
0.0648
0.127
0.1163
0.0661
0.119
0.1082
0.0829
0.1286
0.1164
0.0639
0.1247
0.1148
0.0866
0.1942
0.1854
0.0805
0.1361
0.1205
0.0655
0.1289
0.1177
0.1003
0.1986
0.1874
0.0922
0.1806
0.1273
0.0693
0.1391
0.1199
0.0679
0.1317
0.1182
0.0663
0.1281
0.1189
0.083
0.1379
0.1216
0.0726
0.1292
0.1172
0.0858
0.1406
0.1209
0.0691
0.1344
0.1178
0.0658
0.1257
0.1165
0.0661
0.1281
0.1188
0.0914
0.1853
0.1705
0.0662
0.126
0.1173
0.066
0.1276
0.1179
0.0734
0.1277
0.1179
0.0667
0.1288
0.1184
0.0898
0.2016
0.191
0.104
0.2253
0.191
0.0661
0.1284
0.1209
0.0747
0.1919
0.1857
0.0644
0.1273
0.1176
0.0793
0.1618
0.1824
0.0636
0.1276
0.1173
0.0805
0.1923
0.1857
0.0652
0.1265
0.1158
0.0668
0.1287
0.1183
0.0675
0.1271
0.1144
0.0883
0.1809
0.172
0.0622
0.1254
0.1156
0.0677
0.126
0.1156
0.0681
0.127
0.1177
0.0645
0.1285
0.1391
0.0672
0.1305
0.1313
0.0702
0.1265
0.1161
0.0657
0.1305
0.1149
0.0639
0.1248
0.1149
0.1065
0.13
0.1476
0.0706
0.1266
0.1158
0.0671
0.1252
0.1142
0.0898
0.2004
0.1694
0.0644
0.1276
0.1188
0.0658
0.1278
0.1184
0.0673
0.129
0.1174
0.0815
0.1403
0.1195
0.0708
0.131
0.1185
0.0669
0.1275
0.1187
0.0664
0.1261
0.1175
0.0649
0.1287
0.1268
0.0658
0.1306
0.1301
0.0672
0.1275
0.1166
0.0647
0.125
0.1158
0.0648
0.125
0.1259
0.0859
0.1951
0.1864
0.0641
0.1242
0.1164
0.0642
0.1237
0.1153
0.0628
0.1256
0.1147
0.0857
0.2064
0.1896
0.0651
0.1271
0.1172
0.242
0.1866
0.1675
0.0667
0.1366
0.1243
0.0672
0.1191
0.1425
0.0895
0.1955
0.1864
0.0662
0.124
0.1151
0.0887
0.1964
0.1861
0.0663
0.1245
0.1264
0.0878
0.1534
0.1197
0.0675
0.1245
0.1181
0.0674
0.1391
0.12
0.0882
0.2001
0.1871
0.0798
0.1308
0.1177
0.0696
0.1292
0.12
0.0905
0.1966
0.1749
0.0697
0.129
0.1179
0.0657
0.1273
0.1199
0.067
0.1255
0.1155
0.0634
0.1248
0.1153
0.0637
0.1245
0.1158
0.0647
0.1238
0.1155
0.0648
0.1257
0.1145
0.0629
0.1259
0.1153
0.0639
0.1261
0.1151
0.0672
0.1273
0.1164
0.0693
0.1294
0.1185
0.0711
0.1312
0.1223
0.0749
0.1336
0.1218
0.0759
0.1393
0.126
0.0766
0.1363
0.122
0.0917
0.1627
0.1242
0.0656
0.1272
0.1262
0.0931
0.1947
0.1835
0.0996
0.2025
0.1945
0.0975
0.2088
0.1991
0.0923
0.142
0.1381
0.1404
0.1527
0.1227
0.0711
0.131
0.1205
0.0679
0.1293
0.1177
0.0677
0.1279
0.1177
0.0727
0.128
0.1178
0.067
0.1266
0.1196
0.0672
0.1262
0.1177
0.0923
0.1283
0.1161
0.0714
0.1261
0.1161
0.0684
0.1336
0.117
0.0664
0.1292
0.1215
0.068
0.1305
0.1221
0.0709
0.1337
0.1198
0.074
0.1407
0.125
0.0762
0.1391
0.1238
0.0752
0.1357
0.1231
0.0715
0.1361
0.1223
0.0745
0.1356
0.1213
0.0777
0.141
0.1248
0.0776
0.1659
0.1235
0.0671
0.1304
0.1172
0.0682
0.129
0.1166
0.0666
0.1286
0.1223
0.0696
0.1319
0.1181
0.0762
0.1351
0.1257
0.0725
0.1344
0.1207
0.0697
0.1345
0.1257
0.0728
0.1355
0.1223
0.0752
0.1406
0.1261
0.068
0.1272
0.1177
0.0646
0.1252
0.116
0.0631
0.1255
0.1149
0.0653
0.1242
0.1152
0.0688
0.1192
0.1101
0.0646
0.1262
0.1161
0.0662
0.1291
0.1183
0.0714
0.1382
0.1251
0.0691
0.1335
0.1262
0.0772
0.1425
0.1243
0.1003
0.1316
0.1192
0.0705
0.1314
0.1206
0.0813
0.1341
0.1201
0.087
0.1521
0.119
0.0688
0.1312
0.1175
0.0664
0.1288
0.1166
0.0653
0.1263
0.1159
0.0666
0.1283
0.1164
0.0634
0.1272
0.1169
0.081
0.1364
0.1192
0.067
0.1273
0.1195
0.0792
0.1357
0.1207
0.068
0.1275
0.1158
0.0625
0.1251
0.1159
0.0654
0.1245
0.115
0.0633
0.1239
0.1144
0.065
0.1257
0.1164
0.0624
0.1241
0.1174
0.0662
0.125
0.1143
0.0616
0.1241
0.1375
0.0994
0.2101
0.1852
0.0679
0.1278
0.116
0.0901
0.1751
0.1357
0.0682
0.1312
0.1232
0.0824
0.1312
0.1169
0.066
0.1304
0.12
0.0719
0.1266
0.1175
0.0942
0.184
0.1211
0.0647
0.1312
0.1203
0.0664
0.1262
0.1202
0.0675
0.1293
0.1167
0.0677
0.1302
0.12
0.0695
0.1397
0.1222
0.0719
0.1389
0.1251
0.0741
0.136
0.1236

-------------------------------------
CodechalDecodeHevcG12::SetFrameStates
-------------------------------------
5.1138
1.8744
1.1513
2.5387
3.6464
0.0659
0.0573
0.0552
0.0075
0.0074
0.007
0.0105
0.0082
0.0106
0.0083
0.0104
0.2141
0.2027
0.0104
0.0105
0.0077
0.0079
0.0087
0.0081
0.0078
0.0078
0.0078
0.0076
0.0088
0.0079
0.0075
0.0072
0.0073
0.0076
0.007
0.008
0.0101
0.0126
0.0084
0.0077
0.007
0.0078
0.0082
0.0069
0.0073
0.0071
0.0067
0.0067
0.0069
0.0069
0.0068
0.0072
0.0071
0.0076
0.0079
0.0081
0.0072
0.0104
0.0128
0.0087
0.0074
0.0072
0.007
0.0078
0.0117
0.0121
0.0096
0.0074
0.0069
0.007
0.007
0.0074
0.0071
0.0071
0.0075
0.0077
0.0073
0.0073
0.0083
0.0075
0.0073
0.0075
0.0071
0.0071
0.0072
0.0093
0.0083
0.0124
0.0089
0.0081
0.0076
0.0073
0.0071
0.0071
0.0076
0.0077
0.0071
0.2236
0.0095
0.01
0.0101
0.0084
0.0073
0.0072
0.0071
0.007
0.2106
0.0098
0.0101
0.2333
0.0098
0.0102
0.2193
0.0097
0.0101
0.0709
0.0087
0.01
0.2087
0.0099
0.0075
0.0103
0.0083
0.0076
0.0074
0.0073
0.0098
0.0077
0.0078
0.0073
0.2288
0.0095
0.0118
0.0105
0.0095
0.0076
0.0075
0.0071
0.0069
0.0071
0.007
0.0088
0.0071
0.0067
0.0067
0.0069
0.0066
0.0067
0.007
0.0067
0.0069
0.0069
0.0069
0.0076
0.0069
0.007
0.0068
0.0069
0.0071
0.0073
0.0076
0.0079
0.0083
0.2553
0.0105
0.0087
0.0127
0.0091
0.0114
0.0095
0.0083
0.007
0.0071
0.0077
0.0073
0.0075
0.0077
0.0081
0.0087
0.0075
0.0075
0.0075
0.0076
0.0078
0.0084
0.0073
0.0072
0.0074
0.0068
0.0105
0.0086
0.0074
0.0071
0.0069
0.0068
0.0071
0.0074
0.0067
0.0071
0.0069
0.0068
0.0067
0.0069
0.0068
0.0069
0.0069
0.0069
0.0067
0.0067
0.0066
0.0068
0.0085
0.0067
0.0067
0.0068
0.0068
0.0068
0.0069
0.0068
0.0073
0.0078
0.0076
0.0075
0.0075
0.0077
0.0068
0.007
0.0068
0.0069
0.0072
0.0069
0.0078
0.0074
0.0072
0.0072
0.0076
0.0069
0.0067
0.0073
0.0068
0.0066
0.0069
0.0069
0.007
0.0074
0.0075
0.0077
0.0072
0.0069
0.0073
0.0071
0.0067
0.0069
0.0067
0.0068
0.0067
0.007
0.0067
0.0068
0.007
0.0069
0.0071
0.0074
0.0068
0.0073
0.0072
0.0072
0.0075
0.0085
0.0078
0.0076
0.0079
0.0072
0.0074
0.0076
0.0076
0.0068
0.0068
0.0067
0.0067
0.0069
0.007
0.0069
0.0075
0.0074
0.0076
0.008
0.0076
0.0077
0.0075
0.0071
0.007
0.0071
0.0072
0.0081
0.0077
0.0068
0.0074
0.0124
0.0112
0.0088
0.0076
0.0073
0.0075
0.0074
0.0073
0.0073
0.0077
0.008
0.007
0.0072
0.0066
0.0067
0.0068
0.0067
0.0069
0.0084
0.007
0.0073
0.0078
0.0075
0.0076
0.0075
0.0073
0.0076
0.0075
0.0075
0.0076
0.0072
0.0066
0.0072
0.0069
0.007
0.007
0.0073
0.0076
0.0073
0.0113
0.0079
0.0089
0.0191
0.0111
0.0088
0.0077
0.0072
0.0072
0.0078
0.0069
0.0069
0.0069
0.0068
0.0069
0.0069
0.0066
0.0072
0.0068
0.0067
0.0067
0.0068
0.0067
0.007
0.0071
0.0068
0.0069
0.007
0.0121
0.0086
0.0068
0.0075
0.007
0.0068
0.0068
0.0068
0.0068
0.007
0.0068
0.0074
0.0068
0.0068
0.0093
0.0078
0.0068
0.0091
0.0068
0.0067
0.0069
0.0068
0.0067
0.0068
0.0066
0.0068
0.0067
0.0067
0.0072
0.0072
0.0081
0.008
0.0068
0.0068
0.0068
0.0067
0.0065
0.0068
0.0066
0.0068
0.0072
0.007
0.007
0.007
0.0069
0.0067
0.0068
0.0073
0.0071
0.007
0.007
0.007
0.0068
0.0069
0.007
0.007
0.0068
0.0068
0.0068
0.0069
0.0066
0.007
0.0071
0.0071
0.0069
0.0091
0.0106
0.0085
0.012
0.0115
0.0088
0.0085
0.0077
0.0103
0.0089
0.0099
0.0083
0.0079
0.0076
0.0126
0.0074
0.007
0.0072
0.0073
0.0088
0.0128
0.0076
0.009
0.0072
0.0088
0.0071
0.008
0.0071
0.0072
0.0077
0.0105
0.007
0.007
0.0074
0.0068
0.0071
0.0073
0.007
0.0069
0.0078
0.0073
0.0071
0.0099
0.007
0.0092
0.007
0.0102
0.0083
0.0075
0.0072
0.0072
0.0073
0.0076
0.007
0.0071
0.0098
0.0071
0.0069
0.0068
0.0099
0.007
0.0076
0.0079
0.0075
0.0111
0.0075
0.0102
0.0072
0.0097
0.0076
0.0072
0.01
0.0088
0.0079
0.01
0.0077
0.0071
0.0073
0.0067
0.0077
0.0068
0.007
0.0069
0.0071
0.0073
0.007
0.0072
0.0079
0.008
0.0079
0.0081
0.0075
0.0099
0.0123
0.0116
0.0119
0.0084
0.0103
0.0078
0.0076
0.0072
0.0076
0.0075
0.0073
0.0073
0.0074
0.0075
0.0075
0.0076
0.0086
0.0081
0.0082
0.0078
0.0079
0.0082
0.0088
0.0077
0.0078
0.0072
0.0075
0.0081
0.0077
0.0079
0.0082
0.008
0.0071
0.007
0.0068
0.0071
0.0077
0.0072
0.0075
0.0081
0.0077
0.0088
0.0091
0.0075
0.0102
0.0109
0.0085
0.0078
0.0071
0.0074
0.0068
0.0101
0.008
0.0103
0.0085
0.0072
0.0072
0.007
0.0068
0.0067
0.0069
0.0067
0.0134
0.0094
0.0109
0.0081
0.0114
0.0069
0.0078
0.0112
0.0075
0.0075
0.0076
0.0072
0.0075
0.0074
0.008

--------------------------
CreateVideoDecoder_D3D11_1
--------------------------
14.0567

---------------------------
DestroyVideoDecoder_D3D11_1
---------------------------
0

----------------
First Frame Time
----------------
58.7983

--------------------------------------
VideoDecoderBeginFrame_WDDM2_4_D3D11_1
--------------------------------------
0.008
0.0025
0.0026
0.0032
0.0027
0.002
0.0021
0.0019
0.0018
0.0019
0.0017
0.0026
0.002
0.003
0.002
0.0028
0.0021
0.0025
0.0026
0.0029
0.0018
0.0018
0.0023
0.0019
0.0019
0.0018
0.0018
0.0019
0.0026
0.0016
0.0018
0.0015
0.0016
0.002
0.0016
0.0017
0.0022
0.0029
0.002
0.0021
0.0017
0.002
0.0027
0.0018
0.002
0.0017
0.0015
0.0016
0.0015
0.0016
0.0016
0.0016
0.0016
0.0018
0.0018
0.0019
0.0017
0.0028
0.0032
0.002
0.0019
0.0019
0.0017
0.0026
0.0033
0.003
0.0024
0.0017
0.0017
0.0017
0.0017
0.0018
0.0016
0.0016
0.0017
0.0017
0.0018
0.0018
0.0017
0.0016
0.0017
0.0016
0.0017
0.0015
0.0016
0.0025
0.002
0.0033
0.002
0.0019
0.0018
0.0018
0.0017
0.0017
0.0028
0.0016
0.0016
0.0018
0.0024
0.0024
0.0029
0.002
0.002
0.0019
0.0017
0.0018
0.0016
0.0024
0.0026
0.0027
0.0023
0.0025
0.0027
0.0026
0.0024
0.0027
0.002
0.0023
0.0026
0.0024
0.0021
0.0027
0.0021
0.002
0.0018
0.0016
0.002
0.0019
0.0022
0.0021
0.0021
0.0024
0.0027
0.0031
0.0022
0.0019
0.0018
0.0016
0.0018
0.0018
0.0016
0.003
0.0017
0.0017
0.0015
0.0015
0.0016
0.0018
0.0015
0.0016
0.0017
0.0015
0.0014
0.002
0.0017
0.0015
0.0016
0.0017
0.0016
0.0016
0.0018
0.0018
0.0022
0.0021
0.0027
0.0021
0.0033
0.0022
0.003
0.0023
0.0019
0.0018
0.0019
0.0021
0.0019
0.0017
0.0018
0.0018
0.002
0.0018
0.0017
0.0016
0.0018
0.0018
0.0021
0.0018
0.0017
0.0017
0.0017
0.0026
0.0022
0.0018
0.0016
0.0015
0.0015
0.0049
0.0019
0.0017
0.0017
0.0016
0.0016
0.0016
0.0018
0.0016
0.0017
0.0016
0.0016
0.0014
0.0016
0.0015
0.0016
0.0056
0.0015
0.0016
0.0015
0.0016
0.0017
0.0017
0.0016
0.0016
0.0017
0.0016
0.0016
0.0018
0.0025
0.0015
0.0017
0.0016
0.0018
0.002
0.0016
0.0017
0.0017
0.0021
0.0016
0.0016
0.0018
0.0015
0.0016
0.0015
0.0016
0.0016
0.0016
0.0017
0.0016
0.0017
0.0016
0.0019
0.0017
0.0017
0.0017
0.0017
0.0016
0.0016
0.0016
0.0017
0.0016
0.0016
0.0016
0.0016
0.0015
0.0017
0.0018
0.0017
0.0017
0.0016
0.0018
0.0017
0.002
0.0017
0.0017
0.0017
0.0016
0.0016
0.0016
0.0021
0.0015
0.0015
0.0015
0.0014
0.0016
0.0017
0.0018
0.0017
0.0018
0.0017
0.0019
0.0017
0.0017
0.0016
0.0017
0.0016
0.0016
0.0016
0.002
0.002
0.0016
0.0017
0.0034
0.0028
0.0024
0.0016
0.0016
0.0017
0.0016
0.0016
0.0016
0.0016
0.0017
0.0017
0.0016
0.0017
0.0016
0.0015
0.0015
0.0014
0.0311
0.0018
0.0017
0.0017
0.0018
0.0018
0.0017
0.0016
0.0017
0.0016
0.0016
0.002
0.0017
0.0017
0.0019
0.0016
0.0018
0.0018
0.0018
0.0016
0.0017
0.0033
0.002
0.0018
0.0019
0.0029
0.0021
0.0017
0.0017
0.0016
0.002
0.0024
0.0017
0.0017
0.0017
0.0017
0.0018
0.0015
0.0019
0.0016
0.0018
0.0017
0.0016
0.0017
0.0018
0.0018
0.0017
0.0016
0.0015
0.0032
0.0022
0.0016
0.0017
0.0016
0.0017
0.0016
0.0017
0.0016
0.0017
0.0016
0.0017
0.0015
0.0017
0.0018
0.002
0.0016
0.0024
0.0016
0.0017
0.0016
0.0018
0.0016
0.0016
0.0016
0.0016
0.0017
0.0016
0.0017
0.0018
0.0016
0.0017
0.0017
0.0016
0.0016
0.0017
0.0014
0.0016
0.0016
0.0015
0.0019
0.0016
0.0019
0.0017
0.0016
0.0016
0.0016
0.0017
0.0017
0.0017
0.0016
0.0016
0.0016
0.0017
0.0016
0.0017
0.0015
0.0016
0.0017
0.0016
0.0016
0.0018
0.0017
0.0019
0.0016
0.0023
0.0027
0.0021
0.0034
0.0028
0.0021
0.0018
0.0018
0.0031
0.0022
0.003
0.0031
0.002
0.0019
0.003
0.0019
0.0017
0.0017
0.0018
0.0017
0.003
0.002
0.0022
0.0017
0.0022
0.0019
0.0019
0.0018
0.0017
0.002
0.0028
0.0019
0.0024
0.0017
0.0018
0.0018
0.0018
0.0016
0.0018
0.0023
0.0019
0.0019
0.0024
0.0018
0.0183
0.0017
0.0027
0.0021
0.002
0.0017
0.0019
0.0017
0.0018
0.0017
0.0016
0.0024
0.0017
0.0016
0.0018
0.0025
0.0018
0.0017
0.002
0.0017
0.0025
0.0019
0.0026
0.0017
0.0025
0.0018
0.0016
0.0025
0.0021
0.0018
0.0027
0.0018
0.0022
0.0022
0.0017
0.0016
0.0017
0.0019
0.0016
0.0018
0.0017
0.0017
0.0018
0.0028
0.0017
0.0016
0.0017
0.0016
0.0025
0.003
0.0029
0.0027
0.0022
0.0025
0.0021
0.0017
0.0016
0.0019
0.0017
0.0016
0.0017
0.0016
0.0015
0.0048
0.0017
0.0018
0.0019
0.0018
0.0019
0.0021
0.0018
0.0017
0.0017
0.0018
0.0016
0.0018
0.0017
0.002
0.0016
0.0017
0.0017
0.0019
0.0015
0.0016
0.0016
0.0016
0.0016
0.0016
0.0017
0.0017
0.0017
0.0019
0.0018
0.0029
0.0029
0.0021
0.0017
0.0017
0.002
0.0016
0.0026
0.0018
0.0029
0.002
0.0017
0.002
0.0014
0.0019
0.0016
0.0018
0.0016
0.0035
0.0021
0.0026
0.0018
0.0016
0.0018
0.0019
0.003
0.002
0.0018
0.0019
0.0016
0.0017
0.0017
0.0016

----------------------------
VideoDecoderEndFrame_D3D11_1
----------------------------
0.0348
0.0536
0.1377
0.0846
0.0913
0.0616
0.0625
0.065
0.0646
0.0654
0.0633
0.066
0.0557
0.0605
0.0571
0.0615
0.0594
0.0609
0.0549
0.0556
0.055
0.0578
0.0595
0.0567
0.0564
0.0558
0.0555
0.0559
0.0588
0.0569
0.0594
0.0561
0.0536
0.0578
0.0664
0.0646
0.0522
0.0545
0.0577
0.0524
0.0558
0.0518
0.0546
0.0564
0.0519
0.0523
0.0538
0.0548
0.0541
0.0566
0.0547
0.0543
0.0561
0.0562
0.0575
0.0546
0.0626
0.0589
0.058
0.0591
0.0549
0.0535
0.0544
0.0552
0.0753
0.0667
0.0581
0.0543
0.0544
0.0532
0.0555
0.0541
0.0545
0.0558
0.0566
0.0577
0.0571
0.0562
0.0572
0.0562
0.0542
0.0555
0.0549
0.0546
0.0563
0.0555
0.0547
0.0597
0.0559
0.0536
0.0551
0.0531
0.0531
0.0533
0.0536
0.0533
0.0516
0.0536
0.0559
0.0793
0.0538
0.0543
0.0529
0.0552
0.0533
0.0532
0.0545
0.055
0.0785
0.0544
0.0559
0.0809
0.0544
0.0544
0.0807
0.0539
0.0549
0.0791
0.0542
0.0505
0.0784
0.0579
0.0546
0.0532
0.0552
0.0542
0.0556
0.0552
0.0539
0.0524
0.0542
0.0621
0.0905
0.0799
0.0544
0.0535
0.0545
0.0539
0.0534
0.0527
0.0526
0.0573
0.0522
0.0524
0.0517
0.0517
0.0524
0.0522
0.0521
0.0535
0.0544
0.0547
0.0559
0.056
0.0544
0.0522
0.0529
0.0539
0.0544
0.0545
0.0578
0.0558
0.0553
0.0574
0.0559
0.0545
0.0596
0.0572
0.0562
0.0549
0.0548
0.0526
0.0527
0.0532
0.0528
0.0539
0.0548
0.0546
0.057
0.055
0.0566
0.0546
0.0617
0.0556
0.0579
0.0542
0.0544
0.0537
0.0509
0.0548
0.055
0.0532
0.0527
0.053
0.0543
0.0522
0.0533
0.0531
0.0516
0.0506
0.0521
0.0533
0.0536
0.0527
0.054
0.0539
0.0536
0.0521
0.0532
0.0541
0.0526
0.0549
0.0526
0.0519
0.0534
0.0539
0.0524
0.0529
0.0554
0.056
0.0588
0.0618
0.0575
0.0554
0.0561
0.0542
0.0522
0.0533
0.0543
0.0543
0.0538
0.0573
0.0536
0.0551
0.0551
0.0549
0.0543
0.054
0.0551
0.0557
0.0533
0.0544
0.0528
0.0555
0.0555
0.0578
0.0564
0.0528
0.0549
0.053
0.0527
0.0532
0.0536
0.0525
0.053
0.0586
0.0531
0.0526
0.0558
0.0537
0.0553
0.0534
0.0543
0.0544
0.0555
0.0527
0.054
0.0583
0.0573
0.0567
0.0566
0.0554
0.0558
0.0548
0.0586
0.0546
0.0535
0.0531
0.0524
0.0537
0.0527
0.0536
0.0529
0.0571
0.0565
0.0587
0.0587
0.056
0.0558
0.0532
0.0535
0.0546
0.0564
0.0554
0.0619
0.0538
0.0542
0.0547
0.0577
0.0588
0.0536
0.054
0.0557
0.0563
0.0555
0.0625
0.056
0.0572
0.0553
0.0532
0.0535
0.0529
0.054
0.0531
0.0534
0.0531
0.0622
0.0553
0.0534
0.0562
0.0571
0.0552
0.0558
0.0569
0.0575
0.0546
0.0546
0.0561
0.0559
0.0527
0.0537
0.0527
0.0532
0.0543
0.0549
0.0571
0.0509
0.0534
0.0567
0.0519
0.06
0.0595
0.0541
0.0519
0.0511
0.0571
0.0519
0.0517
0.0576
0.0515
0.0505
0.0518
0.0514
0.0515
0.0532
0.0524
0.0521
0.0509
0.0507
0.0513
0.0514
0.0508
0.052
0.0521
0.0509
0.0614
0.0502
0.0741
0.0989
0.0519
0.0511
0.0505
0.0512
0.0517
0.0601
0.0515
0.0519
0.0513
0.0543
0.0509
0.0522
0.0505
0.051
0.0521
0.0515
0.0506
0.0516
0.0516
0.051
0.052
0.0517
0.0509
0.0517
0.0518
0.0509
0.0512
0.0515
0.0509
0.0511
0.0514
0.0517
0.051
0.0514
0.0512
0.0525
0.0507
0.0508
0.0513
0.0606
0.0511
0.0516
0.0517
0.0521
0.0515
0.0521
0.0518
0.0517
0.0519
0.0515
0.0511
0.0513
0.0505
0.0523
0.0607
0.0516
0.0535
0.0511
0.0511
0.0524
0.051
0.0779
0.0544
0.0634
0.0724
0.0544
0.0633
0.0528
0.0506
0.0555
0.0539
0.0596
0.0577
0.0521
0.0518
0.0724
0.055
0.0511
0.055
0.0643
0.0753
0.0776
0.0532
0.0774
0.0521
0.0764
0.0519
0.0757
0.0509
0.053
0.0556
0.0752
0.0526
0.0515
0.0523
0.0701
0.0617
0.0526
0.0521
0.0533
0.0565
0.0538
0.0527
0.0644
0.0542
0.0586
0.0507
0.0598
0.0548
0.0522
0.0534
0.0534
0.055
0.0496
0.0509
0.0516
0.0772
0.051
0.0528
0.052
0.077
0.0649
0.0533
0.0546
0.0571
0.0776
0.0511
0.0814
0.0521
0.0552
0.0538
0.0609
0.0782
0.0541
0.0535
0.0768
0.053
0.0561
0.0541
0.053
0.0566
0.0525
0.0555
0.0543
0.0528
0.0546
0.0554
0.0558
0.0567
0.056
0.058
0.061
0.0553
0.0785
0.0754
0.0582
0.0676
0.0647
0.0619
0.0547
0.0537
0.0536
0.054
0.0553
0.0537
0.054
0.0531
0.0537
0.0545
0.0556
0.0592
0.0615
0.0559
0.0562
0.0562
0.059
0.0583
0.0554
0.0556
0.0546
0.0542
0.0554
0.0561
0.0587
0.0554
0.0576
0.0539
0.0524
0.0521
0.0537
0.0525
0.0544
0.0557
0.0595
0.0577
0.0568
0.0564
0.0567
0.0551
0.0566
0.0512
0.0513
0.052
0.0528
0.0524
0.0554
0.0537
0.0562
0.0655
0.0528
0.0516
0.0555
0.0532
0.0549
0.0509
0.0563
0.0803
0.0556
0.0684
0.0689
0.0544
0.0654
0.0553
0.0548
0.0552
0.0554
0.0533
0.056
0.0547
0.057
0.0561

---------------------------------
VideoDecoderSubmitBuffers_D3D11_1
---------------------------------
9.4647
2.8901
5.4156
8.2075
12.0418
0.7286
0.6488
0.6826
0.5281
0.6006
0.532
0.6544
0.6106
0.6966
0.5912
0.7278
2.4601
2.5464
0.5649
0.5388
0.5487
0.5495
0.6001
0.5522
0.4466
0.4331
0.4382
0.4376
0.4652
0.4545
0.4777
0.4185
0.4378
0.4441
0.4202
0.4436
0.5345
0.4989
0.449
0.4295
0.4151
0.4405
0.4123
0.4099
0.4173
0.4171
0.4088
0.4158
0.4201
0.4161
0.4255
0.429
0.4374
0.4465
0.4609
0.4552
0.4476
0.4758
0.5256
0.441
0.4245
0.4265
0.4198
0.4679
0.6595
0.5046
0.4485
0.4199
0.4145
0.4146
0.417
0.425
0.4243
0.4438
0.4475
0.4465
0.4416
0.4472
0.4681
0.4523
0.4412
0.4432
0.4234
0.4232
0.4675
0.4511
0.4342
0.5281
0.4361
0.4315
0.4469
0.4191
0.411
0.4093
0.4094
0.4105
0.4093
0.6929
0.8944
0.454
0.4846
0.4361
0.4269
0.4175
0.4236
0.42
0.69
0.8694
0.4507
0.7231
0.8635
0.4503
0.705
0.8192
0.4332
0.5436
0.6188
0.4437
0.6957
0.432
0.4236
0.4674
0.4212
0.4221
0.4227
0.4346
0.4393
0.4406
0.4411
0.4282
0.6935
1.0515
0.4675
0.6642
0.4337
0.424
0.4176
0.4121
0.4108
0.4187
0.4127
0.4309
0.4188
0.4152
0.4146
0.4148
0.4127
0.4152
0.4188
0.4154
0.4258
0.423
0.4271
0.4265
0.4349
0.4133
0.4158
0.4293
0.4288
0.4322
0.4497
0.4658
0.4777
1.8189
0.4884
0.4318
0.5225
0.4661
0.5063
0.4502
0.4421
0.4174
0.4182
0.4261
0.4221
0.434
0.4285
0.4444
0.4852
0.4222
0.4281
0.4344
0.4393
0.4628
0.4631
0.4294
0.4298
0.4287
0.4149
0.4745
0.4246
0.4178
0.4184
0.4126
0.4117
0.4127
0.4062
0.4077
0.4128
0.4094
0.4014
0.4033
0.4072
0.4061
0.4157
0.4143
0.4192
0.4089
0.414
0.4093
0.4086
0.4255
0.4097
0.4103
0.4146
0.4164
0.4145
0.4238
0.426
0.4499
0.4477
0.4627
0.4372
0.4448
0.4362
0.402
0.4092
0.4065
0.417
0.4178
0.4237
0.4581
0.4437
0.436
0.4314
0.4375
0.4221
0.4172
0.416
0.4168
0.4114
0.413
0.422
0.4303
0.4346
0.441
0.4564
0.43
0.4198
0.4367
0.4197
0.4079
0.4079
0.4083
0.4124
0.4111
0.4191
0.4102
0.4594
0.4176
0.4194
0.4396
0.4203
0.4233
0.4279
0.4298
0.435
0.4438
0.4746
0.4523
0.4616
0.4479
0.437
0.4453
0.4554
0.4351
0.4068
0.4114
0.4085
0.4128
0.4114
0.416
0.4443
0.4302
0.4407
0.4662
0.4669
0.4473
0.4493
0.4298
0.4262
0.4266
0.4302
0.4328
0.4675
0.4219
0.423
0.4285
0.5522
0.4863
0.4626
0.4302
0.4239
0.4268
0.4293
0.4366
0.4354
0.45
0.4662
0.4335
0.428
0.4119
0.4091
0.4126
0.4121
0.4125
0.4332
0.4478
0.4333
0.448
0.4475
0.4426
0.444
0.4472
0.4529
0.443
0.4384
0.435
0.4001
0.408
0.4241
0.4148
0.4162
0.4234
0.4323
0.4374
0.4248
0.492
0.4377
0.6017
1.7826
0.4971
0.4511
0.4284
0.6478
0.7643
0.4387
0.4711
0.7619
0.7697
0.7727
0.8141
0.6826
0.8231
0.4174
0.4147
0.4094
0.7014
0.753
0.8325
0.6242
0.4172
0.7622
0.7171
0.594
0.7428
1.7312
0.4497
0.4306
0.4149
0.4619
0.8248
0.8048
0.7902
0.7952
0.7888
0.7482
0.8031
0.7908
0.7538
0.4304
0.406
0.415
0.7576
0.7531
0.7731
0.7612
0.7826
0.6854
0.8015
0.7237
0.8012
0.7735
0.6707
0.4091
0.7035
0.5538
0.7363
0.7902
0.819
0.6832
0.8338
0.7735
0.7942
0.7963
0.419
0.4108
0.6669
0.7122
0.7823
0.791
0.7622
0.7502
0.7804
0.7427
0.7858
0.7712
0.787
0.7541
0.8158
0.7397
0.7987
0.7643
0.7809
0.7467
0.8218
0.6135
0.6425
0.4416
0.4141
0.6271
0.4809
0.4271
0.6577
0.5455
0.523
0.7679
0.7443
0.4809
0.4398
0.4806
0.4371
0.4196
0.7586
0.6075
0.4188
0.5727
0.8175
0.7307
1.0034
0.6979
0.4242
0.5969
0.4172
0.5677
0.4144
0.5995
0.4136
0.424
0.4221
0.5981
0.4091
0.4182
0.424
0.4406
0.4402
0.4292
0.4202
0.4104
0.5057
0.4225
0.4154
0.6059
0.4167
0.4266
0.4233
0.4792
0.4422
0.4235
0.4166
0.4275
0.4411
0.4227
0.4111
0.4238
0.6197
0.4115
0.4098
0.4079
0.6349
0.4246
0.7204
0.4399
0.4618
0.6325
0.4156
0.6298
0.4256
0.4959
0.4239
0.4384
0.6385
0.4511
0.4297
0.6208
0.4267
0.4195
0.4258
0.4094
0.4093
0.411
0.4161
0.4111
0.4138
0.4254
0.4299
0.4428
0.4524
0.4648
0.4598
0.5151
0.43
0.6363
0.6838
0.6873
0.5107
0.5561
0.4498
0.4304
0.4251
0.4271
0.4307
0.4251
0.4481
0.4308
0.4343
0.4328
0.4362
0.4544
0.4607
0.4631
0.4577
0.4498
0.4527
0.4765
0.4969
0.4304
0.4293
0.43
0.4365
0.4636
0.4465
0.4483
0.4576
0.4662
0.4286
0.4158
0.411
0.4176
0.4175
0.4174
0.4279
0.4555
0.4474
0.4745
0.4913
0.4459
0.4698
0.5062
0.4357
0.4267
0.4165
0.4269
0.4158
0.4756
0.4275
0.4723
0.432
0.4116
0.4184
0.4105
0.4187
0.411
0.4214
0.4287
0.6826
0.4301
0.5423
0.4358
0.4535
0.4315
0.4358
0.5551
0.4283
0.4268
0.427
0.4309
0.4516
0.4558
0.4559

