---------------------------------------------
CalcPrivateVideoDecoderOutputViewSize_D3D11_1
---------------------------------------------
0.002
0.0013
0.0025
0.0025
0.0017
0.0016
0.0021
0.0009
0.0015
0.0013
0.0014
0.0008
0.0009
0.0014
0.0009
0.0009
0.0016
0.0009
0.0014
0.0019
0.0015
0.0008
0.001
0.0009
0.0012
0.0008
0.0009
0.0008
0.0018
0.0008
0.0007
0.0006
0.0008
0.001
0.0012
0.0008
0.0009
0.0006
0.0016
0.001
0.0014
0.0011
0.0033
0.0009
0.0015
0.0009
0.0009
0.0007
0.0008
0.0007
0.0014
0.0009
0.0009
0.0008
0.0009
0.0007
0.0007
0.0006
0.0008
0.0007
0.0007
0.0006
0.0008
0.0016
0.0009
0.0007
0.0009
0.0006
0.0009
0.0008
0.0008
0.0005
0.0008
0.0006
0.0008
0.0006
0.0015
0.0009
0.0009
0.0008
0.0008
0.0007
0.0007
0.0007
0.0007
0.0006
0.0007
0.0006
0.0009
0.0007
0.0007
0.0009
0.0007
0.0007
0.0021
0.0008
0.0006
0.0008
0.0006
0.001
0.0014
0.001
0.0008
0.0008
0.0007
0.0009
0.001
0.0007
0.001
0.0015
0.0009
0.0009
0.0015
0.0009
0.0016
0.0009
0.0009
0.0006
0.0011
0.0007
0.0006
0.0008
0.0007
0.0009
0.0007
0.0006
0.0015
0.0009
0.0008
0.0015
0.0011
0.0009
0.0007
0.0009
0.0008
0.0006
0.0015
0.0012
0.0009
0.0009
0.0008
0.0084
0.001
0.0009
0.0009
0.0011
0.001
0.0009
0.0008
0.0007
0.0008
0.001
0.0007
0.0009
0.0007
0.0008
0.0007
0.0007
0.0007
0.001
0.0007
0.0007
0.0007
0.0009
0.0011
0.0015
0.001
0.0008
0.0008
0.0008
0.0007
0.0008
0.0007
0.0009
0.0007
0.0007
0.0007
0.0007
0.0008
0.0006
0.0007
0.0007
0.0007
0.0006
0.0007
0.0008
0.0006
0.0016
0.0007
0.0008
0.0008
0.0007
0.0008
0.0007
0.0008
0.0007
0.001
0.0007
0.0015
0.0011
0.0017
0.0009
0.0009
0.0008
0.0009
0.0008
0.0013
0.0016
0.0013
0.001
0.0007
0.0026
0.0014
0.0013
0.001
0.0015
0.0017
0.0017
0.001
0.0008
0.0008
0.0011
0.0014
0.0011
0.0014
0.0011
0.001
0.0008
0.001
0.0009
0.0009
0.0009
0.0009
0.0007
0.0007
0.0017
0.0007
0.0009
0.0007
0.0008
0.0007
0.0007
0.0007
0.0007
0.0007
0.0007
0.0008
0.0007
0.001
0.001
0.0008
0.0008
0.0008
0.0009
0.0007
0.0007
0.0007
0.0007
0.0009
0.0007
0.0007
0.0007
0.0009
0.0009
0.0008
0.0008
0.0008
0.0007
0.0008
0.0006
0.0007
0.0006
0.0006
0.0008
0.0007
0.0007
0.0008
0.0008
0.0008
0.0007
0.0007
0.0007
0.0007
0.0017
0.0009
0.0015
0.0009
0.0009
0.0007
0.0008
0.0007
0.0007
0.0008
0.0007
0.0007
0.001
0.0006
0.0007
0.0007
0.001
0.0006
0.0006
0.0008
0.0007
0.0007
0.0006
0.0007
0.0007
0.0007
0.0008
0.0006
0.0007
0.0008
0.0007
0.0007
0.0007
0.0026
0.0007
0.0007
0.0007
0.0006
0.0006
0.0007
0.0007
0.0008
0.0007
0.0007
0.001
0.0009
0.0007
0.0009
0.0007
0.0007
0.0007
0.0007
0.0006
0.0007
0.001
0.0008
0.0007
0.0006
0.0007
0.0007
0.0008
0.0008
0.0008
0.0008
0.0007
0.0008
0.0008
0.0006
0.0007
0.0007
0.0009
0.0009
0.0007
0.0006
0.0008
0.0009
0.0007
0.0008
0.0009
0.0007
0.0007
0.0006
0.0006
0.0007
0.0006
0.0006
0.0007
0.0008
0.0006
0.0007
0.0007
0.0006
0.0006
0.0007
0.0008
0.0007
0.0007
0.0007
0.0007
0.0008
0.0006
0.0006
0.0006
0.0006
0.0014
0.0019
0.001
0.0009
0.0008
0.0008
0.001
0.001
0.0007
0.0009
0.0007
0.0008
0.001
0.0009
0.0008
0.0006
0.0009
0.0007
0.001
0.0014
0.0012
0.0014
0.001
0.0009
0.001
0.0007
0.0006
0.0014
0.001
0.0009
0.0008
0.0008
0.0006
0.0006
0.0007
0.0006
0.0006
0.0007
0.0006
0.0008
0.0009
0.0006
0.0007
0.001
0.0014
0.0014
0.0011
0.0019
0.0013
0.0013
0.0009
0.0011
0.0009
0.0008
0.0014
0.0008
0.0009
0.0008
0.0009
0.0008
0.0007
0.0008
0.0008
0.0007
0.0009
0.0007
0.0008
0.0008
0.0007
0.0007
0.001
0.0016
0.0008
0.0009
0.0007
0.0006
0.0008
0.0006
0.0006
0.0006
0.0006
0.0009
0.0006
0.0007
0.0015
0.001
0.0008
0.0156
0.0009
0.001
0.0007
0.0008
0.0015
0.0008
0.0009
0.0007
0.0009
0.0008
0.0007
0.0015
0.0009
0.0009
0.0007
0.0009
0.0007
0.0006
0.0015
0.0011
0.0008
0.0007
0.0008
0.0015
0.0009
0.0015
0.0009
0.0007
0.0006
0.0007
0.0006
0.0007
0.0009
0.0006
0.0007
0.0006
0.0007
0.0006
0.0007
0.0007
0.0009
0.0006
0.0006
0.0006
0.0007
0.0005
0.0006
0.0006
0.0008
0.0006
0.0007
0.0006
0.0006
0.0008
0.0007
0.0015
0.0012
0.001
0.0006
0.0007
0.0015
0.0009
0.0009
0.0007
0.0007
0.0006
0.0007
0.0007
0.0021
0.0006
0.0021
0.0009
0.0007
0.0014
0.0007
0.0007
0.0006
0.0007
0.0006
0.0006
0.0006
0.0011
0.0006
0.001
0.0008
0.0006
0.0007
0.0007
0.0007
0.0006
0.0006
0.0006
0.0008
0.0007
0.0006
0.0007
0.0006
0.0007
0.0006
0.0006
0.0008
0.0006
0.0007
0.002
0.0008
0.0007
0.0006
0.0016
0.0008
0.0007
0.0009
0.0012
0.0007
0.0006
0.0006
0.0006
0.0008
0.0009
0.0006
0.0007
0.0006
0.0015
0.0006
0.0007
0.0006

-----------------------
CodechalDecode::Execute
-----------------------
1.5879
0.6304
0.7704
0.7413
0.6241
0.8628
0.7595
0.6244
1.3906
0.8957
0.942
1.0351
0.9726
0.4452
0.6843
1.2088
0.8449
3.1439
0.5911
2.1459
0.5621
0.4617
1.973
0.4741
0.37
0.3583
0.3615
0.3611
0.3679
0.3841
0.3636
0.4105
1.2714
0.4186
0.3748
0.3614
0.364
0.3586
0.4299
0.3747
0.4125
0.3912
0.4066
0.3732
0.4105
0.3703
0.3657
0.3699
0.3684
0.3567
0.4167
0.3714
0.3696
0.3641
0.3698
0.3614
0.3661
0.3628
0.3663
0.3612
0.3672
0.3597
0.3697
0.3631
0.3444
0.3625
0.3832
0.3608
0.375
0.3699
0.3693
0.362
0.3659
0.3587
0.3634
0.3612
0.6117
0.3821
0.369
0.3654
0.3693
0.363
0.3673
0.3613
0.3666
0.3606
0.372
0.3642
0.3663
0.36
0.3683
0.3681
0.3585
0.3619
0.3761
0.3653
0.36
0.4461
1.3216
0.3881
0.4205
0.3763
0.3724
0.3664
0.3683
0.3666
0.4706
1.3593
0.3855
0.5219
1.2967
0.3896
0.4189
0.3786
0.4265
0.3891
0.3751
0.3679
0.3936
0.3709
0.3628
0.3656
0.3634
0.3705
0.3671
0.3677
0.4125
0.3761
0.3678
0.416
1.5911
0.378
0.364
0.3692
0.3616
0.3978
0.4281
0.3754
0.3694
0.3646
0.3619
0.3693
0.3643
0.3734
0.7358
0.4009
0.3807
0.3676
0.3641
0.3627
0.3741
0.3686
0.3562
0.3642
0.3684
0.3697
0.376
0.3812
0.3873
0.4179
0.3963
0.3736
0.3827
1.6899
0.4797
0.4085
0.3724
0.3632
0.3683
0.3716
0.3716
0.3802
0.3871
0.3799
0.3741
0.3727
0.3725
0.3835
0.3968
0.3701
0.3717
0.3796
0.3653
0.3646
0.4046
0.362
0.3697
0.3735
0.3691
0.3812
0.3909
0.3864
0.4089
0.3731
0.3723
0.3779
0.3585
0.3542
0.4076
0.3755
0.4325
0.3649
0.3668
0.3677
0.3847
0.3611
0.4076
0.4204
0.3905
0.376
0.3637
0.3702
0.3967
0.4157
0.3644
0.4119
0.3981
0.4071
0.3759
0.3667
0.3722
0.5393
0.5538
0.3906
0.4494
0.3729
0.3642
0.3614
0.3716
0.3551
0.3796
0.3948
0.3965
0.401
0.4093
0.3999
0.3899
0.3752
0.3711
0.3617
0.3583
0.3616
0.363
0.3785
0.3741
0.381
0.368
0.3714
0.371
0.3677
0.3706
0.3748
0.3879
0.3711
0.3679
0.3722
0.3768
0.3785
0.3611
0.3631
0.3639
0.3759
0.3703
0.3772
0.3904
0.3902
0.4583
0.3596
0.3627
0.3627
0.3603
0.3582
0.3577
0.3645
0.3553
0.3542
0.3554
0.3565
0.3518
0.3526
0.3609
0.3584
0.3589
0.4362
0.3716
0.4127
0.376
0.3655
0.3677
0.368
0.3682
0.3765
0.3794
0.3867
0.4075
0.3579
0.3697
0.3765
0.3909
0.3819
0.3555
0.3574
0.3902
0.359
0.3554
0.3559
0.3578
0.3757
0.3691
0.373
0.3869
0.3838
0.3999
0.3706
0.3671
0.3708
0.377
0.3788
0.393
0.3874
0.3859
0.3986
0.391
0.3975
0.3739
0.3994
0.3772
0.406
0.3506
0.3582
0.3672
0.3618
0.3618
0.3592
0.3716
0.39
0.3782
0.3882
0.3958
0.3717
0.375
0.3707
0.372
0.3954
0.3871
0.4137
0.3884
0.39
0.3996
0.3884
0.385
0.3877
0.3696
0.3953
0.3732
0.3883
0.3834
0.3997
0.4011
0.3987
0.3865
0.3447
0.3633
0.365
0.3866
0.3558
0.358
0.3652
0.3621
0.3699
0.3752
0.3726
0.3834
0.3718
0.3684
0.3673
0.3691
0.3751
0.3648
0.3535
0.3516
0.3535
0.3537
0.3617
0.3577
0.3689
0.4041
0.4154
0.451
0.3763
0.3712
0.3794
0.3742
0.3665
0.3495
0.3612
0.3759
0.371
0.3684
0.3661
0.3611
0.3578
0.3585
0.3675
0.3559
0.3687
0.4044
0.3748
0.4029
0.3662
0.3594
0.3675
0.3609
0.3605
0.4109
0.3695
0.3583
0.3662
0.3645
0.3598
0.3575
0.36
0.3556
0.3624
0.3591
0.3554
0.3637
0.3451
0.3632
0.3688
0.3672
0.4064
0.4048
0.3977
0.5817
0.5475
0.5003
0.3634
0.3735
0.3681
0.3664
0.409
0.3691
0.3702
0.3622
0.3613
0.3608
0.3663
0.3727
0.3713
0.3738
0.3562
0.36
0.3562
0.355
0.3588
0.3651
0.3749
0.3746
0.3957
0.3495
0.3537
0.3518
0.354
0.3565
0.3676
0.3751
0.3733
0.3891
0.382
0.3595
0.4512
0.3758
0.4031
0.425
0.3739
0.3698
0.3699
0.3619
0.4168
0.3751
0.3757
0.3641
0.3818
0.3784
0.3635
0.4152
0.3716
0.3716
0.3628
0.367
0.3673
0.367
0.3891
0.3762
0.3723
0.3702
0.3623
0.4285
0.3761
0.4258
0.3838
0.3694
0.3626
0.3599
0.3624
0.362
0.3786
0.3592
0.3588
0.3655
0.3696
0.3661
0.363
0.3633
0.3604
0.366
0.3647
0.3693
0.3663
0.3659
0.3607
0.3656
0.3721
0.3746
0.3721
0.348
0.3643
0.379
0.373
0.43
0.3792
0.3729
0.3751
0.3615
0.411
0.375
0.3712
0.3616
0.3568
0.3643
0.3636
0.3779
0.3622
0.3628
0.4938
0.3835
0.3645
0.3606
0.362
0.3697
0.3596
0.3633
0.3686
0.3603
0.3664
0.3659
0.3811
0.3785
0.345
0.3511
0.361
0.3638
0.359
0.366
0.3662
0.3615
0.3679
0.3659
0.3652
0.3656
0.3613
0.3621
0.3626
0.3629
0.3647
0.3647
0.3622
0.4467
0.3632
0.355
1.3114
0.4175
0.3749
0.3723
0.3834
0.3991
0.3691
0.3649
0.3628
0.362
0.3658
0.343
0.3587
0.3626
0.3666
0.3673
0.3807
0.3757
0.3685

---------------------------------------
CodechalDecodeHevcG12::DecodeStateLevel
---------------------------------------
0.4675
0.1741
0.2612
0.1699
0.3035
0.1797
0.2874
0.1923
0.2467
0.1564
0.2925
0.2944
0.2205
0.2139
0.1704
0.1496
0.9328
0.2331
0.5759
0.1915
0.631
0.1622
0.6997
0.2092
0.6919
0.155
0.1765
0.1461
0.2237
0.1787
0.1887
0.8838
0.4081
0.1839
0.6685
1.1084
0.1963
0.1556
1.1839
0.1818
0.2102
0.1972
0.1844
0.1481
0.248
1.5173
0.1921
0.1475
0.1418
0.1149
0.1385
0.1139
0.138
0.1139
0.1361
0.1191
0.1395
0.1166
0.1426
0.1164
0.1385
0.1155
0.1401
0.1124
0.1657
0.3641
0.1593
0.1188
0.1437
0.1148
0.138
0.1149
0.14
0.1126
0.1376
0.114
0.1602
0.1209
0.1434
0.1165
0.1576
0.1201
0.1429
0.116
0.1549
0.1192
0.1429
0.1173
0.1568
0.1192
0.1403
0.1149
0.1386
0.1143
0.1433
0.1163
0.142
0.1171
0.1364
0.1146
0.1579
0.122
0.1409
0.1175
0.1413
0.1161
0.1394
0.1159
0.1408
0.1174
0.1388
0.117
0.1405
0.1165
0.1391
0.1157
0.1397
0.1167
0.139
0.1162
0.1404
0.1162
0.1381
0.115
0.1416
0.1159
0.1393
0.115
0.1327
0.111
0.1393
0.116
0.1425
0.1179
0.1379
0.115
0.1433
0.1173
0.1412
0.1174
0.1392
0.1185
0.1389
0.1157
0.1399
0.1172
0.1374
0.1152
0.1396
0.1153
0.1393
0.1161
0.1595
0.1268
0.1464
0.1171
0.142
0.1157
0.1396
0.1167
0.1413
0.1174
0.1403
0.1162
0.1403
0.116
0.1397
0.1155
0.1398
0.117
0.1384
0.1147
0.1411
0.1172
0.1398
0.1162
0.1387
0.1166
0.1389
0.1153
0.1422
0.1159
0.1415
0.1161
0.1376
0.1143
0.139
0.1148
0.1377
0.1144
0.14
0.1159
0.1373
0.1157
0.1403
0.1084
0.1669
0.1242
0.1479
0.1196
0.1577
0.1207
0.1438
0.1173
0.1418
0.1175
0.1408
0.1158
0.1418
0.1162
0.1394
0.1181
0.147
0.1157
1.1052
0.1336
0.1449
0.1189
0.1657
0.1241
0.1549
1.0053
0.1478
0.1205
0.1605
0.1209
0.1443
0.1161
0.1684
0.1208
0.1487
0.1175
0.1443
0.1165
0.1397
0.1148
0.145
0.1168
0.1419
0.1152
0.1395
0.1147
0.1397
0.1164
0.1391
0.1167
0.1416
0.1155
0.1398
0.1161
0.14
0.1157
0.1588
0.121
0.1434
0.1173
0.14
0.1175
0.1584
0.124
0.1485
1.1858
0.1451
0.1173
0.1392
0.1137
0.1401
0.1153
0.1383
0.114
0.1682
0.1211
0.1586
0.138
0.1448
0.1165
0.143
0.1157
0.1402
0.1151
0.1401
0.1157
0.1407
0.1185
0.1408
0.1157
0.1444
0.1177
0.2405
0.1372
0.1594
0.1248
0.1426
0.1175
0.1406
0.1159
0.1373
0.1142
0.1387
0.1149
0.1485
0.1164
0.1405
0.1135
0.1372
0.1141
0.1394
0.1149
0.1389
0.1164
0.1424
0.1155
0.1441
0.1172
0.1445
0.1203
0.1516
0.12
0.1655
0.1245
0.154
0.1208
0.1437
0.1184
0.1458
0.1178
0.1638
1.2083
0.1477
0.1995
0.1573
0.118
0.141
0.1158
0.1373
0.1155
0.1394
0.1197
0.1441
0.1161
0.1422
0.1186
0.1465
0.1189
0.1495
0.1189
0.1449
0.1154
0.1436
0.1161
0.1439
0.1151
0.1421
0.1198
0.1482
0.1181
0.1534
0.1206
0.1417
0.1169
0.1432
0.1159
0.1471
0.1176
0.1406
0.1168
0.1397
0.1159
0.138
0.1578
0.1384
0.1154
0.1408
0.1169
0.1451
0.1164
0.1418
0.1161
0.1465
0.1183
0.1516
0.1207
0.1486
0.1205
0.1615
0.1233
0.1434
0.1166
0.1426
0.1183
0.1453
0.1174
0.1396
0.1087
0.136
0.1127
0.1564
0.1196
0.143
0.1153
0.1811
0.1176
0.1413
0.1147
0.143
0.114
0.1402
0.1167
0.1541
0.1183
0.1396
0.1133
0.1592
0.1185
0.1622
0.1202
0.1476
0.1163
0.1442
0.1186
0.1407
0.1138
0.1401
0.1144
0.1495
0.1174
0.1681
0.1188
0.1399
0.1146
0.1564
0.1217
0.1498
0.1172
0.1564
0.1195
0.1442
0.1172
0.1428
0.1166
0.1414
0.1169
0.2001
0.1842
0.21
0.1809
0.149
0.118
0.1904
0.1256
0.1434
0.1165
0.1399
0.1149
0.1386
0.1168
0.141
0.1163
0.1389
0.109
0.1468
0.1209
0.1488
0.1224
0.1545
0.1214
0.1567
0.1238
0.16
0.1284
0.156
0.1214
0.1509
0.1229
0.1468
0.1172
0.1427
0.1163
0.1395
0.1161
0.138
0.1167
0.1401
0.1158
0.1424
0.1158
0.151
0.1175
0.1447
0.117
0.1506
0.1199
0.1407
0.1173
0.1402
0.1221
0.1424
0.1146
0.1429
0.1162
0.142
0.1163
0.1462
0.1161
0.1501
0.1188
0.1435
0.1159
0.143
0.117
0.1439
0.1187
0.1447
0.1202
0.1472
0.1195
0.1388
0.1158
0.1393
0.1158
0.1414
0.116
0.1483
0.1183
0.1439
0.1151
0.1451
0.1183
0.1492
0.1182
0.1515
0.1194
0.2119
0.1265
0.1407
0.1155
0.1394
0.1153
0.1407
0.1173
0.14
0.1166
0.1375
0.1149
0.1395
0.1154
0.1403
0.1147
0.1366
0.1139
0.1372
0.1145
0.1381
0.1134
0.1378
0.1129
0.1356
0.114
0.1368
0.1135
0.1373
0.1181
0.1381
0.116
0.1397
0.1146
0.1733
0.1201
0.1421
0.1169
0.1577
0.1208
0.1442
0.1162
0.1393
0.1167
0.142
0.1175
0.1418
0.1157
0.1415
0.1171
0.1438
0.121
0.1463
0.1178
0.1495
0.1207
0.1573
0.1231
0.1388
0.1099
0.1419
0.1168
0.1453
0.1161
0.1495
0.118
0.1459
0.117
0.1348
0.1146
0.1348
0.1136
0.1602
0.1183
0.137
0.1138
0.1362
0.1123
0.1356
0.1138
0.1377
0.1133
0.1472
0.1171
0.1418
0.1171
0.1424
0.118
0.1504
0.1199
0.147
0.121
0.1556
0.1239
0.1431
0.1168
0.1414
0.1168
0.1434
0.1176
0.1437
0.116
0.1454
0.119
0.1529
0.122
0.1505
0.1192
0.1491
0.1214
0.1575
0.121
0.1497
0.1214
0.1536
0.123
0.1442
0.1167
0.1449
0.1411
0.144
0.1183
0.158
0.1194
0.1349
0.1095
0.1357
0.1162
0.1389
0.1146
0.1369
0.1156
0.1395
0.116
0.1375
0.1143
0.1435
0.115
0.1458
0.1236
0.1454
0.1192
0.1488
0.1194
0.1493
0.1232
0.1429
0.1173
0.145
0.1168
0.143
0.118
0.1425
0.1178
0.1595
0.12
0.1516
0.1212
0.1739
0.1221
0.1497
0.1202
0.1497
0.1206
0.1496
0.1275
0.1496
0.1194
0.1487
0.1199
0.1499
0.1206
0.1416
0.1171
0.1615
0.1168
0.1432
0.1164
0.1453
0.1256
0.1486
0.1195
0.156
0.1212
0.1553
0.1214
0.155
0.1223
0.1454
0.1166
0.1336
0.1084
0.1387
0.116
0.1396
0.116
0.1384
0.1401
0.1379
0.1145
0.1381
0.1157
0.1386
0.1187
0.1392
0.116
0.1416
0.1172
0.142
0.1178
0.1427
0.1186
0.1478
0.1195
0.1428
0.1163
0.1407
0.1173
0.1408
0.1167
0.1421
0.116
0.143
0.1158
0.1402
0.1148
0.1359
0.1141
0.1335
0.1135
0.135
0.1132
0.1347
0.1121
0.1335
0.1152
0.1348
0.1176
0.1409
0.1185
0.1427
0.1507
0.1601
0.1215
0.1837
0.1217
0.147
0.1173
0.1434
0.1173
0.1477
0.1205
0.1452
0.1183
0.1423
0.1154
0.1371
0.1112
0.1392
0.1161
0.1505
0.1159
0.1418
0.1185
0.1427
0.1177
0.1413
0.1161
0.1395
0.1156
0.1374
0.1163
0.1383
0.1145
0.1411
0.1153
0.1371
0.1144
0.1381
0.1229
0.1559
0.1192
0.1431
0.1171
0.1553
0.1194
0.141
0.1146
0.1399
0.1152
0.143
0.1168
0.1397
0.1148
0.139
0.1145
0.1582
0.1211
0.1429
0.116
0.1386
0.1167
0.1441
0.116
0.1411
0.117
0.1387
0.1156
0.1381
0.1153
0.1398
0.1151
0.138
0.1152
0.1404
0.1163
0.1397
0.115
0.1371
0.1144
0.1405
0.115
0.1348
0.1087
0.1392
0.1174
0.1396
0.122
0.1392
0.1155
0.1566
0.1189
0.1559
0.1201
0.1648
0.1157
0.2291
0.1784
0.2123
0.1805
0.2012
0.1618
0.1402
0.1166
0.1442
0.1167
0.1408
0.1161
0.1416
0.1159
0.1573
0.1216
0.1413
0.1182
0.1431
0.1163
0.139
0.1164
0.1393
0.1157
0.1407
0.1158
0.1408
0.1169
0.1423
0.1169
0.1412
0.1181
0.1438
0.1172
0.1352
0.1152
0.1377
0.1158
0.1346
0.1162
0.1347
0.1148
0.1372
0.1152
0.1387
0.1171
0.1428
0.1175
0.1447
0.1171
0.1521
0.1191
0.1355
0.1071
0.1354
0.1139
0.1343
0.1131
0.1351
0.1121
0.1359
0.1153
0.1395
0.1164
0.1447
0.1172
0.1434
0.1165
0.1485
0.1182
0.1467
0.1167
0.1368
0.1162
0.1939
0.1246
0.1439
0.1175
0.1475
0.1257
0.1587
0.1204
0.1426
0.1171
0.1412
0.1159
0.1411
0.1157
0.1392
0.1147
0.1602
0.1219
0.1435
0.1167
0.1447
0.1162
0.1408
0.1155
0.1411
0.1187
0.1407
0.116
0.1404
0.1175
0.1596
0.122
0.143
0.1152
0.1422
0.1167
0.1385
0.1164
0.1393
0.1159
0.1391
0.1177
0.1413
0.1161
0.1513
0.1139
0.1464
0.1184
0.1427
0.1174
0.1397
0.1159
0.1385
0.1159
0.1617
0.1213
0.1435
0.118
0.1639
0.1238
0.1477
0.1185
0.1399
0.1146
0.1383
0.1157
0.1377
0.1156
0.1396
0.1152
0.1385
0.1168
0.1518
0.1136
0.1369
0.116
0.1356
0.1142
0.1399
0.1156
0.1398
0.1154
0.1399
0.1165
0.1384
0.1159
0.1381
0.1154
0.1373
0.1149
0.1374
0.1156
0.1401
0.1159
0.1445
0.1174
0.1385
0.1168
0.1382
0.1159
0.1379
0.1142
0.1398
0.118
0.142
0.1161
0.143
0.1172
0.142
0.1164
0.1335
0.1095
0.1391
0.1162
0.1418
0.1158
0.143
0.1165
0.1644
0.1229
0.1433
0.1171
0.1409
0.1151
0.1491
0.1157
0.1383
0.115
0.1593
0.121
0.1418
0.1172
0.1414
0.1164
0.1393
0.1151
0.1363
0.1158
0.139
0.116
0.1379
0.116
0.14
0.1308
0.1381
0.1156
0.1398
0.1163
0.1959
0.1321
0.1412
0.1155
0.1401
0.1169
0.1383
0.1158
0.1381
0.1166
0.1406
0.116
0.1377
0.1168
0.1407
0.1157
0.1406
0.1162
0.1375
0.1167
0.1395
0.115
0.14
0.1142
0.142
0.1136
0.1404
0.1152
0.1339
0.108
0.1341
0.1141
0.1394
0.1144
0.1395
0.1148
0.1383
0.1157
0.1413
0.1164
0.1413
0.1152
0.1373
0.1163
0.1403
0.1187
0.1391
0.1156
0.1409
0.1154
0.1409
0.1176
0.1378
0.1153
0.1399
0.115
0.1372
0.1149
0.1388
0.1155
0.1405
0.1152
0.1375
0.1155
0.1408
0.1149
0.185
0.1189
0.1428
0.1136
0.1367
0.1122
1.064
0.1159
0.1608
0.1187
0.1433
0.1162
0.14
0.1181
0.1479
0.1188
0.1519
0.1199
0.1412
0.1172
0.1403
0.1165
0.1391
0.1145
0.1388
0.1161
0.1398
0.1166
0.1325
0.1095
0.137
0.1162
0.138
0.1164
0.1405
0.1164
0.1383
0.1176
0.1449
0.1182
0.1469
0.1181
0.1405
0.1188

-------------------------------------
CodechalDecodeHevcG12::SetFrameStates
-------------------------------------
0.7156
0.0951
0.1422
0.1224
0.1167
0.1609
0.2081
0.2008
0.0398
0.0341
0.0392
0.0336
0.0331
0.0332
0.1671
0.0398
0.1324
1.2425
0.128
0.6637
0.0379
0.0339
0.0979
0.0359
0.0325
0.0301
0.0306
0.0293
0.0312
0.0401
0.031
0.0768
0.6337
0.0481
0.0337
0.0305
0.0315
0.0305
0.0488
0.0336
0.0375
0.0343
0.0374
0.0319
0.0369
0.0344
0.031
0.0309
0.0299
0.0298
0.0401
0.033
0.0313
0.0304
0.0303
0.0294
0.0299
0.0297
0.0303
0.0293
0.0304
0.0294
0.0309
0.0303
0.021
0.0303
0.0312
0.0317
0.0312
0.0303
0.0309
0.0293
0.0298
0.0295
0.0298
0.0294
0.037
0.0366
0.0305
0.0301
0.0301
0.029
0.0309
0.0292
0.0291
0.0292
0.0295
0.0291
0.0302
0.0292
0.0298
0.0305
0.0292
0.0291
0.0399
0.0294
0.0295
0.1139
0.9317
0.0349
0.039
0.0325
0.0314
0.0302
0.0304
0.0304
0.1227
0.0299
0.0354
0.1299
0.0336
0.0355
0.0387
0.0321
0.0373
0.0337
0.0313
0.031
0.041
0.0314
0.0296
0.0298
0.0304
0.0311
0.0299
0.0293
0.0364
0.0317
0.0303
0.0363
0.1541
0.0355
0.0309
0.032
0.0296
0.029
0.0367
0.0327
0.0316
0.0317
0.0299
0.0312
0.0301
0.0302
0.2188
0.0337
0.0371
0.0298
0.0312
0.0298
0.0299
0.0308
0.0287
0.0295
0.0311
0.0297
0.0306
0.0312
0.0312
0.0351
0.0322
0.0298
0.0319
0.2144
0.0356
0.0367
0.0333
0.0311
0.0293
0.0302
0.03
0.0311
0.031
0.0313
0.0311
0.0302
0.0297
0.0318
0.0331
0.0296
0.0304
0.031
0.0295
0.0297
0.0291
0.0287
0.0302
0.0296
0.0298
0.032
0.0316
0.0312
0.0331
0.0308
0.0299
0.0306
0.0225
0.0283
0.0365
0.0337
0.0361
0.0305
0.0303
0.0327
0.0306
0.0299
0.0355
0.0382
0.0357
0.0304
0.0302
0.0321
0.0339
0.0333
0.0301
0.0376
0.0446
0.0366
0.0327
0.0298
0.0306
0.0418
0.0448
0.0337
0.0366
0.0324
0.0303
0.0295
0.0338
0.023
0.0309
0.0325
0.0345
0.0332
0.0326
0.0334
0.032
0.0308
0.0314
0.0293
0.0291
0.0295
0.029
0.0296
0.031
0.0303
0.0297
0.0302
0.0306
0.03
0.0304
0.0306
0.0339
0.0311
0.0295
0.0299
0.0305
0.0302
0.0296
0.0293
0.0299
0.0297
0.0256
0.0312
0.032
0.0343
0.0324
0.0291
0.0298
0.0295
0.029
0.0298
0.0293
0.0302
0.0291
0.0296
0.0291
0.0295
0.0287
0.0284
0.0293
0.0296
0.0292
0.0376
0.0318
0.037
0.0317
0.0297
0.0293
0.0301
0.03
0.0298
0.0309
0.0313
0.0325
0.0227
0.0305
0.0312
0.0341
0.0309
0.0285
0.029
0.0297
0.0288
0.0293
0.0287
0.0287
0.0291
0.0296
0.0312
0.0312
0.031
0.0325
0.0299
0.0294
0.0299
0.0323
0.031
0.0304
0.0315
0.031
0.0318
0.0311
0.0326
0.0302
0.0304
0.0306
0.0337
0.0215
0.0281
0.0304
0.0302
0.0285
0.0292
0.0301
0.0296
0.0308
0.032
0.0307
0.0299
0.0308
0.0295
0.0297
0.0317
0.0305
0.0314
0.0318
0.0325
0.0315
0.0321
0.0319
0.0314
0.0308
0.0316
0.0303
0.0311
0.0312
0.0333
0.0333
0.032
0.0408
0.0211
0.0292
0.0297
0.0316
0.029
0.029
0.0294
0.0291
0.0299
0.0297
0.03
0.0315
0.0297
0.0302
0.0297
0.0298
0.0309
0.0291
0.0294
0.0282
0.0287
0.0287
0.0284
0.0287
0.0297
0.0305
0.0369
0.0398
0.0321
0.0307
0.0307
0.031
0.0303
0.0215
0.0296
0.0302
0.0317
0.0305
0.0307
0.0297
0.0294
0.0295
0.0309
0.0292
0.0297
0.0362
0.0318
0.0364
0.0318
0.0298
0.0299
0.0297
0.0305
0.0369
0.0321
0.0295
0.0298
0.0304
0.0296
0.0288
0.0296
0.0285
0.0294
0.0294
0.0287
0.0296
0.021
0.0291
0.0295
0.0315
0.0362
0.0364
0.0324
0.053
0.043
0.0389
0.0307
0.0318
0.0306
0.0306
0.0363
0.0315
0.0306
0.0298
0.0294
0.029
0.0296
0.0306
0.0297
0.0303
0.0288
0.0296
0.0286
0.0287
0.0284
0.032
0.0308
0.0304
0.0345
0.022
0.0285
0.0284
0.03
0.0289
0.0308
0.03
0.0302
0.0321
0.0319
0.0296
0.0366
0.0324
0.0515
0.0387
0.0322
0.0307
0.0345
0.0299
0.0367
0.0328
0.0317
0.03
0.03
0.0391
0.0292
0.0371
0.0318
0.031
0.0296
0.0305
0.0334
0.0301
0.0267
0.0323
0.0312
0.0365
0.0299
0.0428
0.0319
0.0366
0.0324
0.0329
0.0291
0.0292
0.0291
0.029
0.0305
0.0288
0.0288
0.0295
0.0322
0.0295
0.0297
0.0296
0.029
0.0303
0.0292
0.0289
0.0298
0.0325
0.0291
0.0298
0.0303
0.0298
0.0329
0.0211
0.0293
0.0389
0.0313
0.038
0.032
0.0315
0.0298
0.0293
0.0359
0.032
0.0334
0.0294
0.029
0.0319
0.0306
0.0296
0.0296
0.0293
0.0532
0.0392
0.0297
0.0295
0.0296
0.0349
0.029
0.03
0.03
0.0294
0.0346
0.0305
0.0383
0.0391
0.021
0.0283
0.0295
0.0312
0.0289
0.03
0.0296
0.0293
0.0296
0.0308
0.0301
0.0296
0.0286
0.0291
0.0336
0.0294
0.0301
0.0338
0.0295
0.0392
0.029
0.0292
0.046
0.0364
0.0325
0.0311
0.0307
0.0326
0.0296
0.03
0.03
0.0292
0.0298
0.0207
0.0291
0.0294
0.0309
0.0341
0.0314
0.0308
0.0297

--------------------------
CreateVideoDecoder_D3D11_1
--------------------------
18.0546

---------------------------
DestroyVideoDecoder_D3D11_1
---------------------------
0

----------------
First Frame Time
----------------
58.9911

--------------------------------------
VideoDecoderBeginFrame_WDDM2_4_D3D11_1
--------------------------------------
0.0078
0.0025
0.005
0.0037
0.0028
0.0035
0.0029
0.0021
0.0033
0.002
0.0025
0.0019
0.0021
0.0024
0.002
0.0022
0.0027
0.0021
0.0026
0.0028
0.0025
0.0019
0.0021
0.0025
0.0022
0.0018
0.002
0.0018
0.0026
0.0019
0.0017
0.0018
0.002
0.0024
0.0021
0.0018
0.0018
0.0016
0.003
0.0019
0.0026
0.002
0.0037
0.002
0.0027
0.002
0.002
0.0017
0.002
0.0017
0.0026
0.002
0.0021
0.0017
0.002
0.0016
0.0018
0.0015
0.0018
0.0015
0.0018
0.0015
0.0018
0.0028
0.0018
0.0016
0.002
0.0016
0.0018
0.0017
0.0018
0.0016
0.0018
0.0017
0.0018
0.0015
0.0026
0.002
0.0022
0.0017
0.0018
0.0017
0.0019
0.0016
0.0018
0.0015
0.0018
0.0015
0.0018
0.0016
0.0017
0.0019
0.0016
0.0018
0.0028
0.0019
0.0016
0.0018
0.0016
0.0024
0.0025
0.002
0.0019
0.0019
0.0019
0.0024
0.0017
0.0018
0.0024
0.0027
0.0021
0.0024
0.0033
0.0019
0.0036
0.0023
0.002
0.0017
0.0021
0.0017
0.0017
0.0017
0.0015
0.0018
0.0018
0.0015
0.0027
0.002
0.0018
0.0027
0.0023
0.0025
0.002
0.0017
0.0018
0.0015
0.0025
0.0022
0.0021
0.0019
0.0018
0.0051
0.0018
0.0019
0.0058
0.0023
0.0018
0.0017
0.0017
0.0017
0.0016
0.002
0.0017
0.0016
0.0017
0.0018
0.0016
0.0015
0.0016
0.0017
0.002
0.0016
0.0018
0.0019
0.0024
0.0027
0.0021
0.0019
0.0023
0.0017
0.0016
0.0017
0.0016
0.0022
0.0016
0.0017
0.0016
0.0021
0.0018
0.0016
0.0017
0.0016
0.0015
0.0015
0.0014
0.0015
0.0015
0.0015
0.0016
0.0016
0.0016
0.0017
0.0017
0.0017
0.0017
0.0018
0.0022
0.0015
0.0026
0.002
0.0028
0.0017
0.0018
0.0016
0.0017
0.0018
0.0031
0.003
0.0028
0.002
0.0018
0.0034
0.0028
0.0025
0.0019
0.0026
0.003
0.0026
0.0021
0.0018
0.0018
0.0023
0.0029
0.0023
0.0027
0.0022
0.0019
0.0017
0.0018
0.0019
0.0018
0.0018
0.0019
0.0019
0.0017
0.0019
0.0016
0.0019
0.0016
0.0016
0.0016
0.0017
0.0016
0.0019
0.0018
0.0018
0.0017
0.0017
0.0022
0.0024
0.0018
0.0017
0.0016
0.0017
0.0016
0.0017
0.0017
0.0016
0.0016
0.0016
0.0016
0.0017
0.0018
0.0017
0.0018
0.0018
0.0017
0.0015
0.0016
0.0015
0.0016
0.0016
0.0017
0.0018
0.0016
0.0021
0.0017
0.0017
0.0016
0.0016
0.0016
0.0017
0.0016
0.003
0.002
0.0027
0.0021
0.0017
0.0017
0.0015
0.0016
0.0016
0.0017
0.0017
0.0018
0.0021
0.0016
0.0018
0.0017
0.0021
0.0016
0.0016
0.0018
0.0016
0.0015
0.0016
0.0017
0.0016
0.0016
0.0017
0.0015
0.0017
0.0016
0.0018
0.0016
0.0016
0.0114
0.0017
0.0016
0.0018
0.0016
0.0017
0.0019
0.0018
0.0017
0.0017
0.0015
0.0023
0.0021
0.0015
0.0017
0.0015
0.0016
0.0015
0.0016
0.0016
0.0016
0.0017
0.0017
0.0017
0.0015
0.0015
0.0016
0.0019
0.0015
0.0027
0.0018
0.0017
0.0018
0.002
0.0017
0.0017
0.0017
0.0019
0.0016
0.0018
0.0017
0.0019
0.0018
0.0018
0.0023
0.0018
0.0016
0.0017
0.0017
0.0016
0.0016
0.0015
0.0015
0.0015
0.0016
0.0016
0.0017
0.0017
0.0016
0.0015
0.0017
0.0019
0.0016
0.0014
0.0014
0.0015
0.0015
0.0016
0.0015
0.0015
0.0015
0.0025
0.0032
0.0022
0.002
0.0018
0.0018
0.0028
0.0019
0.0017
0.0018
0.0018
0.0016
0.0018
0.0016
0.0017
0.0019
0.0019
0.0018
0.002
0.0025
0.0021
0.0028
0.002
0.0018
0.0018
0.0018
0.0016
0.0026
0.0019
0.0018
0.0017
0.0016
0.0016
0.0015
0.0015
0.0017
0.0015
0.0015
0.0017
0.0018
0.0021
0.0015
0.0017
0.0017
0.0026
0.0024
0.0021
0.0034
0.0028
0.0027
0.0017
0.0019
0.0019
0.0018
0.0026
0.0019
0.0023
0.0016
0.0016
0.0016
0.0017
0.0016
0.0016
0.0017
0.0016
0.0016
0.0016
0.0015
0.0015
0.0015
0.002
0.0016
0.0017
0.0019
0.0015
0.0015
0.0015
0.0017
0.0016
0.0017
0.0016
0.0019
0.0017
0.0016
0.0026
0.0019
0.0018
0.0153
0.0019
0.0021
0.0018
0.0016
0.0028
0.0019
0.0021
0.0018
0.0019
0.0018
0.0016
0.0029
0.002
0.0021
0.0016
0.0019
0.0016
0.0015
0.0026
0.002
0.002
0.0016
0.0015
0.0028
0.0021
0.0026
0.002
0.0018
0.0016
0.0017
0.0016
0.0016
0.002
0.0016
0.0015
0.0016
0.0017
0.0017
0.0016
0.0015
0.0015
0.0016
0.0015
0.0015
0.0015
0.0016
0.0016
0.0016
0.0016
0.0015
0.0019
0.0017
0.0016
0.0019
0.0017
0.0029
0.0024
0.002
0.0017
0.0016
0.0026
0.002
0.0033
0.0017
0.0017
0.0016
0.0017
0.0016
0.0016
0.0017
0.0034
0.002
0.0017
0.0015
0.0016
0.0015
0.0014
0.0018
0.0016
0.0015
0.0015
0.0025
0.0016
0.002
0.0019
0.0016
0.0018
0.0016
0.0017
0.0016
0.0017
0.0015
0.0018
0.0017
0.0015
0.0019
0.0016
0.0016
0.0018
0.0015
0.0018
0.0015
0.0014
0.003
0.0017
0.0017
0.0016
0.0028
0.0021
0.0018
0.0022
0.0027
0.0018
0.0017
0.0017
0.0017
0.0018
0.0018
0.0017
0.0016
0.0017
0.0017
0.0017
0.0017
0.0016

----------------------------
VideoDecoderEndFrame_D3D11_1
----------------------------
0.0356
0.0532
0.0802
0.1085
0.1221
0.1241
0.1016
0.0974
0.1313
0.0636
0.0633
0.0578
0.0587
0.0528
0.0555
0.0588
0.0552
0.0621
0.0557
0.0589
0.0586
0.053
0.0642
0.0561
0.0566
0.0517
0.0523
0.0518
0.0519
0.0506
0.0507
0.0523
0.0578
0.076
0.0769
0.0519
0.0536
0.0509
0.0613
0.0558
0.0553
0.0607
0.0559
0.0514
0.0547
0.0528
0.0527
0.0515
0.0519
0.0615
0.0554
0.0534
0.0527
0.0522
0.0531
0.0521
0.0527
0.0513
0.0531
0.053
0.0525
0.0519
0.0515
0.0528
0.0521
0.0523
0.0515
0.0531
0.0531
0.0518
0.0522
0.0512
0.0528
0.051
0.0522
0.0586
0.0591
0.0523
0.0514
0.052
0.0522
0.0532
0.0525
0.0526
0.0517
0.0516
0.0526
0.0517
0.0526
0.0518
0.0526
0.0526
0.0502
0.05
0.0529
0.0511
0.0513
0.0511
0.0533
0.0759
0.0798
0.0517
0.0537
0.0518
0.0515
0.0504
0.0516
0.0539
0.0771
0.0547
0.0575
0.0775
0.0818
0.0584
0.059
0.0516
0.0512
0.0629
0.0611
0.0526
0.0519
0.0499
0.0522
0.0532
0.0517
0.0533
0.056
0.0532
0.0546
0.0545
0.0583
0.0547
0.079
0.0522
0.053
0.0507
0.054
0.0563
0.0529
0.0507
0.052
0.0593
0.0542
0.0521
0.0622
0.0558
0.0558
0.0504
0.0545
0.052
0.0545
0.0537
0.0529
0.055
0.054
0.0527
0.0542
0.0569
0.0558
0.0584
0.0548
0.054
0.0535
0.0581
0.0617
0.058
0.054
0.0523
0.0549
0.052
0.0543
0.0535
0.0554
0.0535
0.0556
0.0539
0.0569
0.0546
0.0552
0.0533
0.0536
0.0537
0.0531
0.0526
0.0536
0.0519
0.0532
0.0558
0.0544
0.056
0.0567
0.0549
0.0581
0.0548
0.0554
0.0539
0.0558
0.0515
0.0587
0.0534
0.0545
0.0542
0.0528
0.0525
0.0552
0.0538
0.0601
0.0564
0.0555
0.0558
0.053
0.0593
0.0563
0.057
0.0563
0.0576
0.0557
0.0579
0.0554
0.0553
0.057
0.0778
0.061
0.0539
0.0559
0.0539
0.0527
0.0555
0.0535
0.054
0.0538
0.0571
0.0539
0.0563
0.0565
0.0593
0.057
0.0551
0.0537
0.053
0.0517
0.053
0.0523
0.0534
0.0543
0.0541
0.0543
0.0538
0.0541
0.0546
0.0543
0.0555
0.0587
0.053
0.0546
0.0542
0.0541
0.0555
0.0523
0.0515
0.0528
0.0534
0.0551
0.0548
0.0547
0.0559
0.0588
0.0536
0.0556
0.054
0.051
0.0513
0.0516
0.0542
0.0515
0.0502
0.0534
0.0521
0.051
0.052
0.0514
0.0516
0.0528
0.0583
0.0583
0.0574
0.0547
0.0532
0.0531
0.0534
0.0552
0.0572
0.0566
0.0554
0.0565
0.0532
0.054
0.0535
0.0566
0.0555
0.0521
0.0517
0.0553
0.0535
0.0523
0.0519
0.0523
0.053
0.0522
0.0538
0.0561
0.0566
0.059
0.0533
0.0553
0.0531
0.0592
0.0548
0.057
0.056
0.0551
0.0545
0.0569
0.0574
0.0537
0.0565
0.0542
0.0574
0.0532
0.0516
0.0537
0.0534
0.0527
0.0534
0.0533
0.0541
0.0527
0.0551
0.0572
0.0531
0.0557
0.0549
0.053
0.0537
0.0626
0.0573
0.0562
0.0569
0.0572
0.0546
0.0561
0.0564
0.0543
0.0525
0.0547
0.0556
0.0543
0.058
0.0574
0.0563
0.0567
0.0518
0.0536
0.051
0.0534
0.0526
0.0537
0.0533
0.0534
0.0529
0.0531
0.053
0.0555
0.054
0.0546
0.0535
0.0538
0.0542
0.054
0.0528
0.0525
0.0535
0.0527
0.0536
0.0534
0.0555
0.0593
0.0563
0.058
0.0537
0.0533
0.0542
0.0531
0.052
0.0522
0.0532
0.0521
0.052
0.0515
0.0543
0.0531
0.0506
0.0551
0.0536
0.0536
0.055
0.057
0.0534
0.0573
0.0537
0.0554
0.0539
0.0554
0.0624
0.0571
0.0538
0.053
0.0532
0.053
0.0532
0.0521
0.0518
0.0519
0.0526
0.0548
0.0531
0.0529
0.0538
0.053
0.0526
0.0528
0.0553
0.0565
0.0542
0.0754
0.0744
0.0799
0.0523
0.0532
0.0507
0.0498
0.0595
0.0541
0.0541
0.0519
0.0527
0.0537
0.0541
0.0544
0.0542
0.0541
0.0523
0.0525
0.0515
0.0537
0.053
0.0519
0.0564
0.0535
0.0559
0.0532
0.0535
0.0529
0.0518
0.0539
0.0529
0.0504
0.0527
0.0509
0.0504
0.0501
0.0536
0.0505
0.0746
0.1071
0.0565
0.0558
0.0547
0.0552
0.0622
0.053
0.052
0.0537
0.0628
0.0515
0.055
0.0605
0.0542
0.0522
0.057
0.055
0.0548
0.0555
0.054
0.0583
0.0686
0.0649
0.052
0.0549
0.0649
0.0552
0.0524
0.0506
0.0505
0.0523
0.0605
0.0552
0.0504
0.0507
0.0526
0.0512
0.0509
0.0506
0.0511
0.0497
0.0511
0.0503
0.0502
0.0502
0.0529
0.0509
0.0515
0.0534
0.0508
0.0516
0.0507
0.0503
0.0506
0.052
0.0688
0.0606
0.0622
0.0509
0.0502
0.0509
0.054
0.0525
0.0519
0.0507
0.0535
0.0503
0.0512
0.0519
0.0506
0.0513
0.0548
0.0503
0.0505
0.0598
0.0527
0.0507
0.0533
0.0523
0.0521
0.051
0.0504
0.0503
0.0506
0.0511
0.0511
0.0505
0.0504
0.0506
0.0517
0.0498
0.0514
0.0506
0.0521
0.0506
0.0512
0.0501
0.0511
0.0518
0.0513
0.0534
0.0519
0.0503
0.0511
0.0531
0.0505
0.051
0.0562
0.0607
0.0515
0.0525
0.0513
0.0678
0.0507
0.0509
0.0502
0.0509
0.051
0.0502
0.0518
0.0504
0.0565
0.0564
0.0511
0.0519
0.0629

---------------------------------
VideoDecoderSubmitBuffers_D3D11_1
---------------------------------
1.6918
0.6449
0.7913
0.7599
0.6412
0.8839
0.7796
0.6385
1.4104
0.9103
0.9616
1.0491
0.9876
0.4588
0.7244
1.4258
0.8638
3.1597
0.6105
2.1619
0.5824
0.4762
1.9897
0.4902
0.3853
0.3711
0.4705
0.7135
0.6715
0.6344
0.5841
0.7618
1.531
0.444
0.3906
0.3748
0.6151
0.7013
0.6965
0.6256
0.613
0.4064
0.427
0.3871
0.4302
0.4015
0.6526
0.7333
0.6491
0.7034
0.6145
0.6544
0.6549
0.7078
0.6708
0.7055
0.6704
0.7125
0.6696
0.7102
0.6716
0.7069
0.67
0.6977
0.6471
0.7331
0.3982
0.3736
0.3896
0.4191
0.6647
0.7096
0.6722
0.7071
0.67
0.7156
0.631
0.3968
0.3835
0.6297
0.6668
0.7053
0.6675
0.709
0.6706
0.7023
0.6739
0.7101
0.666
0.7095
0.6741
0.3831
0.3713
0.3768
0.3969
0.6475
0.6201
0.828
1.6891
0.4054
0.4945
0.6432
0.6414
0.7257
0.6955
0.6923
0.788
1.6737
0.4023
0.5418
1.3136
0.4062
0.4383
0.3929
0.447
0.4058
0.3906
0.6694
0.6175
0.3857
0.376
0.3795
0.377
0.3857
0.3808
0.3807
0.4323
0.3905
0.3807
0.4351
1.6087
0.3944
0.3787
0.3836
0.3741
0.4111
0.4474
0.3908
0.3838
0.3786
0.375
0.3843
0.3778
0.3869
0.7575
0.4175
0.3947
0.382
0.3784
0.3753
0.387
0.383
0.3686
0.3763
0.3817
0.3824
0.3897
0.3949
0.4009
0.4316
0.4106
0.3865
0.3974
1.7067
0.4965
0.4278
0.3863
0.3758
0.381
0.3852
0.3847
0.3933
0.4006
0.3956
0.3875
0.3864
0.3855
0.3973
0.4118
0.3826
0.385
0.3932
0.3774
0.3772
0.4181
0.3741
0.3825
0.3862
0.3815
0.3942
0.4038
0.3994
0.4233
0.3865
0.3845
0.3928
0.3763
0.366
0.4259
0.391
0.4518
0.3788
0.3809
0.3808
0.3987
0.3748
0.4264
0.4416
0.4093
0.3904
0.3767
0.3861
0.4142
0.4338
0.3788
0.4306
0.4187
0.4266
0.391
0.3801
0.3864
0.5563
0.5736
0.4079
0.4682
0.3884
0.3777
0.3741
0.3859
0.3723
0.3934
0.4098
0.4124
0.4151
0.4237
0.4151
0.4039
0.3876
0.3847
0.3739
0.3706
0.3749
0.3759
0.3916
0.3878
0.3942
0.381
0.3848
0.3865
0.3812
0.3847
0.3885
0.4015
0.3843
0.3804
0.385
0.3905
0.3918
0.3735
0.3762
0.3765
0.3899
0.3863
0.3908
0.4055
0.4052
0.4725
0.3724
0.3758
0.3751
0.3732
0.3711
0.3709
0.3791
0.3687
0.3672
0.3685
0.3699
0.3649
0.3656
0.3743
0.3717
0.3717
0.4574
0.3859
0.432
0.3903
0.378
0.3802
0.3817
0.3806
0.3891
0.3929
0.4001
0.423
0.3738
0.3824
0.3908
0.409
0.3978
0.3679
0.3708
0.4046
0.3722
0.368
0.3683
0.3699
0.3882
0.3817
0.3858
0.3992
0.3968
0.4141
0.3831
0.3794
0.3831
0.3922
0.3919
0.4062
0.401
0.3988
0.4125
0.4041
0.4109
0.3865
0.4128
0.3907
0.4241
0.3677
0.3706
0.3819
0.374
0.374
0.3715
0.3854
0.4024
0.3911
0.4029
0.409
0.3845
0.3879
0.3835
0.3842
0.4083
0.3997
0.4274
0.4029
0.4037
0.413
0.4023
0.3981
0.4011
0.382
0.411
0.3862
0.4018
0.3967
0.4143
0.4162
0.4122
0.4015
0.3595
0.3761
0.3785
0.3995
0.3685
0.3702
0.3781
0.3743
0.3827
0.3885
0.3847
0.3966
0.3848
0.3807
0.3795
0.3825
0.3903
0.3772
0.3655
0.3637
0.3654
0.3661
0.3735
0.3702
0.3814
0.4162
0.4344
0.4731
0.3909
0.3885
0.393
0.3881
0.3806
0.3649
0.3744
0.39
0.3841
0.3816
0.3791
0.3743
0.3703
0.3713
0.3827
0.3686
0.3832
0.4235
0.3897
0.4215
0.381
0.3717
0.3819
0.3743
0.3729
0.4305
0.3839
0.3707
0.3787
0.3777
0.3727
0.3694
0.3729
0.3679
0.375
0.3715
0.3678
0.3775
0.3623
0.3761
0.3823
0.3816
0.4255
0.4235
0.4135
0.6057
0.5676
0.5167
0.3767
0.3884
0.3833
0.3797
0.4287
0.3875
0.3852
0.375
0.374
0.3728
0.3785
0.3849
0.3841
0.3867
0.3683
0.3725
0.3682
0.3668
0.3702
0.3773
0.3907
0.3881
0.4108
0.3652
0.3665
0.3638
0.3671
0.3682
0.3814
0.3901
0.3871
0.6096
0.7781
0.8043
0.4704
0.39
0.4166
0.4524
0.3894
0.5738
0.7791
0.7667
0.7161
0.7186
0.3911
0.3776
0.7352
0.7536
0.8027
0.7169
0.7234
0.7587
0.7793
0.7399
0.8188
0.7456
0.5195
0.7609
0.734
0.7635
0.7848
0.7066
0.6683
0.6926
0.7434
0.7533
0.8052
0.7767
0.7963
0.785
0.3943
0.7168
0.8428
0.7725
0.7649
0.7661
0.8028
0.7198
0.7913
0.75
0.7907
0.7951
0.7705
0.7603
0.8035
0.7519
0.7769
0.7856
0.6818
0.4258
0.7738
0.6911
0.7725
0.7204
0.3959
0.3882
0.3891
0.682
0.4296
0.4846
0.6103
0.7375
0.7901
0.7948
0.6799
0.7417
0.6255
0.7579
0.7965
0.5957
0.6991
0.7757
0.716
0.7593
0.7878
0.3762
0.419
0.7511
0.7815
0.381
0.6996
0.5908
0.3602
0.3633
0.4764
0.7355
0.7832
0.7869
0.6408
0.7796
0.5466
0.3838
0.7029
0.379
0.3737
0.7187
0.8184
0.7969
0.3804
0.4864
0.8007
0.4692
0.3767
0.3683
1.5604
0.4388
0.3891
0.5059
0.3973
0.45
0.6637
0.7757
0.7389
0.8136
0.3809
0.3585
0.7889
0.6333
0.733
0.8288
0.7712
0.389
0.5648

