--------------------------
CreateVideoDecoder_D3D11_1
--------------------------
21.1399
18.0033
14.9326

---------------------------
DestroyVideoDecoder_D3D11_1
---------------------------
12.6985
12.6015
0

----------------
First Frame Time
----------------
0

----------------------------
VideoDecoderEndFrame_D3D11_1
----------------------------
0.0033
0.0043
0.0046
0.0044
0.0047
0.0041
0.0048
0.0036
0.0036
0.005
0.0033
0.0037
0.0025
0.0087
0.0031
0.0044
0.0031
0.0057
0.004
0.0066
0.0037
0.0037
0.0036
0.0039
0.0036
0.0031
0.0032
0.003
0.0079
0.004
0.0032
0.0052
0.004
0.0036
0.0044
0.0033
0.0035
0.0029
0.0046
0.0027
0.003
0.0043
0.0059
0.0029
0.0038
0.0036
0.0041
0.004
0.0027
0.0026
0.0037
0.0028
0.0046
0.0028
0.0026
0.0024
0.0032
0.0024
0.0034
0.0047
0.0028
0.0045
0.004
0.0089
0.0027
0.0026
0.0036
0.0035
0.0024
0.0026
0.0045
0.003
0.0032
0.0023
0.0034
0.0032
0.0024
0.0021
0.0033
0.0032
0.0029
0.003
0.0022
0.0025
0.003
0.003
0.003
0.0031
0.0036
0.0027
0.0029
0.0041
0.003
0.0036
0.0061
0.0028
0.0037
0.0027
0.0032
0.0027
0.0024
0.0024
0.0044
0.0031
0.0022
0.0018
0.0022
0.002
0.0022
0.0026
0.0031
0.0023
0.0025
0.0029
0.0027
0.0032
0.0025
0.0029
0.0032
0.0027
0.0027
0.0025
0.0041
0.0033
0.0031
0.0039
0.0035
0.0026
0.0026
0.0031
0.0027
0.0027
0.0027
0.0026
0.0031
0.0036
0.0022
0.0025
0.0023
0.003
0.003
0.0057
0.0026
0.0019
0.0017
0.0026
0.0017
0.0021
0.003
0.0024
0.0029
0.0026
0.0027
0.0036
0.0024
0.0025
0.0024
0.0024
0.0028
0.0024
0.0038
0.0022
0.0023
0.0029
0.0026
0.0028
0.0041
0.0032
0.0023
0.0026
0.0031
0.0061
0.004
0.0032
0.0025
0.0029
0.0031
0.0041
0.0038
0.0027
0.0025
0.0027
0.0026
0.0024
0.0026
0.0038
0.0038
0.0022
0.0034
0.0021
0.0019
0.0026
0.0031
0.0029
0.0031
0.0021
0.0034
0.0029
0.0031
0.0026
0.0036
0.0025
0.0034
0.0021
0.0029
0.0022
0.0026
0.0036
0.0031
0.0029
0.0019
0.0153
0.0028
0.0032
0.0024
0.0043
0.0025
0.0028
0.0034
0.0029
0.0029
0.0029
0.0044
0.003
0.003
0.0026
0.0031
0.0026
0.0029
0.0026
0.0024
0.0029
0.0029
0.0037
0.0029
0.0023
0.0038
0.0044
0.0025
0.0028
0.003
0.0025
0.0028
0.0036
0.0026
0.0031
0.0036
0.0032
0.003
0.0032
0.0036
0.0034
0.004
0.0025
0.0033
0.0027
0.0043
0.0026
0.0028
0.0028
0.0026
0.0048
0.0021
0.003
0.0026
0.0023
0.0037
0.0035
0.0028
0.0027
0.0024
0.0017
0.003
0.0047
0.0033
0.0036
0.0035
0.0049
0.0024
0.003
0.0038
0.0027
0.0032
0.0025
0.004
0.0022
0.0029
0.0045
0.0028
0.0024
0.0024
0.0026
0.0032
0.0038
0.0021
0.0027
0.0031
0.0031
0.0025
0.0024
0.0039
0.0039
0.0026
0.0028
0.0028
0.0034
0.0062
0.0025
0.0032
0.0023
0.0028
0.0032
0.0036
0.0032
0.0023
0.0025
0.0302
0.0028
0.0029
0.0022
0.0042
0.0034
0.0025
0.0025
0.0122
0.0024
0.0042
0.0024
0.0035
0.0036
0.0027
0.0026
0.0032
0.0024
0.0037
0.0027
0.0025
0.0022
0.0022
0.0036
0.0027
0.0031
0.0027
0.0035
0.0029
0.0039
0.0034
0.0032
0.0021
0.0015
0.0028
0.0038
0.0021
0.003
0.0032
0.0026
0.0029
0.0027
0.0026
0.0035
0.0042
0.0024
0.0018
0.0025
0.0025
0.0019
0.0025
0.0025
0.0038
0.0037
0.0024
0.0031
0.003
0.0027
0.003
0.0024
0.0027
0.0028
0.002
0.0019
0.0034
0.0026
0.0028
0.0027
0.0037
0.0035
0.0033
0.0028
0.003
0.0044
0.0026
0.0037
0.0026
0.0028
0.0026
0.0032
0.0029
0.0031
0.0027
0.0026
0.0035
0.003
0.003
0.0027
0.0028
0.0025
0.0026
0.0023
0.0034
0.0029
0.0032
0.0043
0.0025
0.0038
0.0032
0.0023
0.0026
0.0031
0.0032
0.0027
0.0032
0.0019
0.002
0.0031
0.0032
0.0027
0.0041
0.0031
0.0024
0.0025
0.0025
0.0028
0.0028
0.0024
0.0029
0.0025
0.0036
0.0025
0.0026
0.0031
0.0028
0.0028
0.0043
0.0032
0.0035
0.0031
0.0025
0.0034
0.0024
0.0038
0.003
0.0029
0.0031
0.0034
0.0049
0.0029
0.0025
0.0031
0.0037
0.0025
0.0033
0.0025
0.0029
0.0032
0.0024
0.0028
0.0034
0.0026
0.0029
0.0036
0.0028
0.0033
0.0033
0.0031
0.0396
0.0023
0.0027
0.0028
0.0029
0.003
0.0045
0.0035
0.0023
0.0029
0.0037
0.0044
0.0025
0.0028
0.0103
0.0044
0.0034
0.0026
0.0027
0.0029
0.0023
0.0031
0.0037
0.0032
0.0031
0.0024
0.0032
0.0036
0.0035
0.0033
0.0029
0.0037
0.0029
0.0036
0.0023
0.0029
0.0039
0.0025
0.0031
0.0023
0.0026
0.0041
0.0025
0.0027
0.0038
0.0031
0.0025
0.0027
0.0031
0.0027
0.0024
0.0033
0.0026
0.0033
0.0035
0.0022
0.002
0.0028
0.0029
0.0033
0.0039
0.0033
0.0038
0.0024
0.0027
0.0028
0.0026
0.0027
0.0025
0.0031
0.0026
0.0031
0.0025
0.0049
0.0033
0.0031
0.0022
0.0023
0.0036
0.0026
0.0028
0.0033
0.0031
0.0025
0.0031
0.0026
0.0041
0.0031
0.0034
0.0032
0.0026
0.0024
0.0034
0.0025
0.0041
0.0032
0.0028
0.0036
0.0032
0.0031
0.0024
0.0026
0.0031
0.003
0.003
0.0026
0.0029
0.0027
0.0025
0.0025
0.0036
0.003
0.0036
0.0028
0.0027
0.0036
0.0026
0.0022
0.0023
0.002
0.0024
0.0017
0.0033
0.0026
0.0022
0.0018

