---------------------------------------------
CalcPrivateVideoDecoderOutputViewSize_D3D11_1
---------------------------------------------
0.0024
0.0014
0.0011
0.0016
0.0013
0.0011
0.0208
0.0016
0.0016
0.0023
0.0011
0.0013
0.001
0.0019
0.0016
0.001
0.0009
0.0007
0.0009
0.002
0.0009
0.0009
0.0007
0.0015
0.001
0.0011
0.0011
0.0009
0.0053
0.001
0.001
0.0008
0.001
0.0008
0.0008
0.0008
0.0009
0.0008
0.0008
0.0008
0.0008
0.0008
0.0019
0.001
0.0006
0.0019
0.0017
0.0008
0.0019
0.0021
0.0017
0.0017
0.0013
0.0009
0.0017
0.0021
0.0021
0.0011
0.001
0.001
0.0007
0.0008
0.0016
0.0026
0.0016
0.0018
0.0021
0.0021
0.0012
0.0017
0.0012
0.0012
0.0011
0.0009
0.0009
0.0015
0.0018
0.0019
0.0018
0.0018
0.0018
0.0019
0.002
0.0018
0.002
0.0021
0.0012
0.0022
0.0014
0.0018
0.0018
0.0013
0.0012
0.0014
0.0036
0.0015
0.0013
0.0013
0.0019
0.0017
0.0016
0.0018
0.0014
0.0012
0.0014
0.0012
0.0014
0.001
0.0015
0.001
0.001
0.0009
0.001
0.001
0.0011
0.0013
0.0017
0.0013
0.0019
0.003
0.0015
0.0032
0.0012
0.0015
0.0014
0.0013
0.0008
0.0014
0.0013
0.0014
0.0012
0.001
0.0011
0.002
0.002
0.0016
0.0021
0.0016
0.0015
0.0009
0.0014
0.0032
0.0014
0.0014
0.0016
0.002
0.002
0.0019
0.0013
0.0016
0.0016
0.0017
0.0011
0.0011
0.0013
0.0016
0.0014
0.002
0.0016
0.0017
0.0014
0.0013
0.0016
0.0014
0.0013
0.0014
0.0017
0.0019
0.0023
0.0014
0.0015
0.0013
0.0016
0.0017
0.0014
0.0033
0.0011
0.0012
0.0014
0.0013
0.0014
0.002
0.0019
0.0019
0.002
0.0021
0.0021
0.002
0.0018
0.0021
0.002
0.0021
0.002
0.0015
0.002
0.002
0.0019
0.0022
0.002
0.0022
0.0021
0.0016
0.0022
0.0014
0.0014
0.0015
0.0022
0.0016
0.0009
0.0015
0.0016
0.0049
0.0016
0.0021
0.003
0.0018
0.0016
0.0021
0.0017
0.0016
0.0022
0.0021
0.0016
0.0025
0.002
0.0017
0.001
0.0016
0.0022
0.0011
0.0023
0.0019
0.0022
0.0015
0.0016
0.0016
0.0018
0.0021
0.0019
0.002
0.002
0.002
0.002
0.0021
0.0021
0.0021
0.002
0.002
0.0022
0.002
0.0022
0.002
0.002
0.0019
0.0016
0.002
0.0019
0.0022
0.0013
0.002
0.0014
0.0014
0.002
0.0018
0.0019
0.002
0.0013
0.0021
0.002
0.0018
0.0017
0.0009
0.0015
0.0014
0.0014
0.0017
0.0329
0.0015
0.0012
0.0011
0.0017
0.0018
0.0015
0.0019
0.002
0.002
0.0019
0.0015
0.0019
0.0017
0.0018
0.0012
0.0015
0.0035
0.0015
0.0016
0.0011
0.0048
0.0013
0.0018

-----------------------
CodechalDecode::Execute
-----------------------
1.0144
0.8579
0.8774
0.2945
0.6478
0.4245
0.6205
0.3024
0.2685
0.2608
0.2458
0.2392
0.5464
0.9214
1.0628
0.4081
0.2675
0.3567
1.7434
0.227
0.5418
0.2329
0.2188
0.9016
0.5534
0.6061
0.9784
0.2246
1.0449
0.6455
0.95
0.9645
0.6198
0.6078
0.6434
0.6109
0.6486
0.5049
0.2106
0.6336
0.9619
0.6093
0.6591
0.6446
0.9671
0.9393
0.2297
0.6602
0.9199
0.9195
1.0456
0.9071
0.6369
0.9632
0.9456
0.9181
0.9169
0.6492
0.639
0.965
0.2139
0.2092
0.7311
0.2311
1.0456
0.8999
0.9227
0.9142
0.6192
0.2715
0.241
1.1767
1.1327
1.1614
0.3874
0.2405
0.3475
0.2738
0.2454
0.2852
0.2982
0.2741
0.298
0.3019
0.2979
0.2708
0.2602
0.2743
0.2186
0.2661
0.2848
0.2242
0.3432
0.2292
0.2354
0.2629
0.3175
0.326
0.2786
0.2411
0.3357
0.275
0.232
0.2238
0.313
0.2885
0.2673
0.2209
0.278
0.3503
0.2402
0.2283
0.3218
0.2242
0.2242
0.3113
0.2734
0.2934
0.2537
0.2683
0.2384
0.2756
0.2207
0.2358
0.2692
0.2246
0.2318
0.2544
0.226
0.2414
0.2288
0.2235
0.2682
0.3038
0.2895
0.3358
0.2934
0.2355
0.2304
0.2208
0.2485
0.286
0.2494
0.2277
0.2679
0.2703
0.2693
0.27
0.2366
0.2782
0.2255
0.2441
0.269
0.2243
0.2313
0.2574
0.2323
0.3023
0.3392
0.2501
0.2482
0.264
0.2406
0.329
0.3274
0.2695
0.255
0.299
0.2285
0.2303
0.2582
0.2423
0.234
0.2724
0.2402
0.2623
0.2245
0.2379
0.258
0.3277
0.2249
0.2995
0.2963
0.2748
0.2977
0.301
0.2934
0.2939
0.2982
0.3003
0.3117
0.3244
0.2942
0.2468
0.3077
0.2965
0.2897
0.2717
0.3001
0.3558
0.2394
0.2798
0.2517
0.2748
0.3364
0.3412
0.3069
0.2587
0.2199
0.2425
0.2495
0.2918
0.2751
0.2719
0.2754
0.2707
0.2338
0.2705
0.2718
0.2533
0.2982
0.2675
0.2738
0.2752
0.2781
0.2725
0.229
0.2708
0.2799
0.2384
0.2769
0.2741
0.2699
0.2644
0.2997
0.3254
0.2513
0.2791
0.2771
0.2971
0.2956
0.2918
0.2946
0.2967
0.3027
0.3195
0.2929
0.298
0.2736
0.31
0.2748
0.3014
0.297
0.3234
0.3054
0.2912
0.2569
0.2926
0.2312
0.2681
0.2821
0.3308
0.2744
0.263
0.2806
0.2452
0.2411
0.2816
0.2534
0.3715
0.235
0.2259
0.2513
0.2413
0.2498
0.2563
0.2392
0.2475
0.2465
0.2235
0.2659
0.2506
0.2277
0.2938
0.2971
0.2972
0.3635
0.2468
0.3267
0.2733
0.2346
0.3624
0.2599
0.3317
0.2421
0.2683
0.2434
0.2693
0.2412
0.2646

---------------------------------------
CodechalDecodeHevcG12::DecodeStateLevel
---------------------------------------
0.1476
0.2473
0.5231
0.2174
0.6172
0.1443
0.062
0.1284
0.426
0.1257
0.1813
0.139
0.3833
0.1341
0.059
0.1364
0.0396
0.1191
0.0394
0.1133
0.0363
0.1143
0.0332
0.108
0.0379
0.115
0.033
0.108
0.0376
0.1418
0.1702
0.1328
0.0318
0.1454
0.1527
0.1218
0.6536
0.1081
0.0333
0.1045
0.0342
0.1081
0.0362
0.1045
0.0358
0.0979
0.0371
0.1173
0.038
0.1039
0.0359
0.1177
0.0319
0.1083
0.032
0.1031
0.0394
0.1027
0.0437
0.1084
0.0328
0.1012
0.0322
0.0989
0.0319
0.0998
0.0301
0.1015
0.0305
0.098
0.0295
0.0979
0.0308
0.0991
0.0301
0.0973
0.0303
0.0983
0.0332
0.1016
0.0299
0.0995
0.0299
0.1061
0.0311
0.1022
0.0294
0.0997
0.0288
0.0975
0.04
0.1192
0.0342
0.1022
0.0331
0.0997
0.0378
0.1199
0.0381
0.1178
0.0402
0.1208
0.0378
0.1185
0.0424
0.1064
0.03
0.1007
0.0395
0.1217
0.0403
0.1169
0.0386
0.1195
0.0319
0.1058
0.0318
0.0882
0.0291
0.0998
0.0296
0.0996
0.0301
0.0941
0.0398
0.1139
0.033
0.1044
0.0378
0.1177
0.039
0.1174
0.0399
0.12
0.0387
0.1187
0.0423
0.109
0.0463
0.1169
0.0357
0.1091
0.0355
0.1053
0.9317
0.1123
0.0334
0.1054
0.052
0.1791
0.0361
0.1075
0.0475
0.1619
0.0398
0.1216
0.0362
0.1122
0.0427
0.1246
0.0482
0.1225
0.0387
0.1222
0.0473
0.1217
0.0477
0.1257
0.0476
0.1215
0.0348
0.11
0.0327
0.104
0.0412
0.1201
0.0332
0.0932
0.0421
0.1127
0.0445
0.1165
0.033
0.1002
0.0419
0.1526
0.0332
0.1035
0.0342
0.1063
0.0435
0.1138
0.0403
0.1558
0.0424
0.1597
0.0406
0.1225
0.0343
0.1114
0.0446
0.1604
0.0396
0.121
0.0346
0.1064
0.0337
0.104
0.0393
0.1527
0.0453
0.1242
0.0423
0.1125
0.0302
0.101
0.0338
0.1134
0.0442
0.1686
0.0341
0.1044
0.0334
0.1033
0.0424
0.1556
0.0311
0.1059
0.0316
0.1043
0.0401
0.1507
0.0429
0.1181
0.0424
0.1453
0.041
0.1021
0.0412
0.1176
0.0332
0.1083
0.0452
0.111
0.0308
0.1002
0.0336
0.1089
0.0431
0.1162
0.0309
0.1036
0.0332
0.1063
0.0427
0.1099
0.0303
0.1012
0.0314
0.1111
0.0319
0.1016
0.0319
0.1037
0.0407
0.1199
0.0464
0.1265
0.0472
0.1191
0.0431
0.1602
0.0456
0.1214
0.0328
0.1106
0.0327
0.1077
0.031
0.1026
0.0349
0.1164
0.0385
0.1197
0.0365
0.1113
0.0329
0.1019
0.0436
0.1141
0.0383
0.1182
0.0391
0.1183
0.0399
0.1174
0.0392
0.0989
0.0475
0.1154
0.0334
0.1042
0.037
0.1096
0.043
0.1124
0.0303
0.1019
0.034
0.1041
0.0424
0.1084
0.0328
0.1062
0.0455
0.1299
0.0496
0.1573
0.0363
0.118
0.0341
0.1134
0.0415
0.1145
0.0332
0.1098
0.0417
0.1651
0.042
0.1566
0.0431
0.1175
0.0363
0.1138
0.0495
0.1225
0.0325
0.1048
0.0325
0.1071
0.0359
0.1217
0.0334
0.111
0.0336
0.1065
0.0433
0.1173
0.0341
0.1101
0.0466
0.1098
0.0301
0.1026
0.032
0.1113
0.0373
0.1084
0.0429
0.1547
0.0309
0.1047
0.0454
0.122
0.0477
0.1208
0.0412
0.1189
0.0463
0.1222
0.0462
0.1265
0.046
0.1214
0.0457
0.1198
0.0466
0.1253
0.0474
0.1226
0.0486
0.1316
0.061
0.1263
0.0455
0.1226
0.0342
0.1148
0.0458
0.1288
0.0441
0.1248
0.045
0.1208
0.0387
0.1205
0.0496
0.1264
0.0486
0.1688
0.0341
0.1096
0.0427
0.1204
0.0347
0.1176
0.043
0.1177
0.0447
0.1562
0.0447
0.1589
0.05
0.124
0.0394
0.1103
0.0332
0.0943
0.033
0.1073
0.0346
0.115
0.041
0.1191
0.0428
0.1187
0.0401
0.1209
0.0419
0.1195
0.0411
0.1171
0.0318
0.1065
0.0385
0.1198
0.039
0.1204
0.0394
0.1066
0.0439
0.1251
0.0389
0.1176
0.0422
0.1185
0.0414
0.1178
0.0393
0.1231
0.0387
0.1211
0.0322
0.1058
0.0389
0.1207
0.0408
0.1228
0.0353
0.1068
0.042
0.1199
0.0403
0.1185
0.0383
0.1193
0.0342
0.12
0.054
0.1249
0.0442
0.1555
0.0384
0.1112
0.044
0.1203
0.0469
0.1063
0.0482
0.1208
0.0477
0.1217
0.0471
0.1168
0.0466
0.121
0.0459
0.1214
0.048
0.1234
0.0508
0.1305
0.047
0.1202
0.0477
0.1206
0.0395
0.1208
0.0458
0.1229
0.0382
0.1213
0.0471
0.1232
0.0465
0.1217
0.0474
0.1485
0.0469
0.1294
0.0487
0.1171
0.0354
0.1128
0.0446
0.1237
0.0323
0.1062
0.0382
0.1205
0.0444
0.1228
0.0452
0.1548
0.0465
0.1161
0.0398
0.1189
0.041
0.1249
0.0352
0.1119
0.0342
0.1093
0.0436
0.1183
0.0408
0.1047
0.0529
0.1772
0.0335
0.104
0.0338
0.0995
0.0387
0.1097
0.0346
0.1118
0.0355
0.1147
0.0336
0.1209
0.0344
0.107
0.0357
0.1132
0.0408
0.1042
0.0342
0.1009
0.0393
0.1167
0.0372
0.1107
0.0337
0.1062
0.0389
0.1199
0.0638
0.1157
0.0416
0.1226
0.0503
0.1682
0.0361
0.108
0.0471
0.1504
0.0386
0.1247
0.0342
0.1087
0.0421
0.1595
0.0381
0.1182
0.0428
0.1613
0.0352
0.1071
0.041
0.1167
0.0339
0.1073
0.0387
0.1191
0.0338
0.1049
0.0388
0.1167

-------------------------------------
CodechalDecodeHevcG12::SetFrameStates
-------------------------------------
0.3835
0.0166
0.0086
0.0083
0.0078
0.0101
0.0122
0.0096
0.0111
0.0177
0.0078
0.0085
0.0075
0.0083
0.0092
0.0081
0.0081
0.0061
0.0067
0.0088
0.0069
0.0064
0.0061
0.0106
0.0067
0.0092
0.0096
0.0065
0.0103
0.0105
0.0066
0.0084
0.0089
0.0079
0.0077
0.0078
0.0081
0.0058
0.0059
0.0067
0.0077
0.0075
0.0083
0.0075
0.0058
0.0107
0.0073
0.0064
0.0094
0.0096
0.0098
0.0095
0.0092
0.0065
0.0103
0.0095
0.01
0.0092
0.0089
0.0063
0.0072
0.0062
0.0099
0.0082
0.0095
0.0097
0.0096
0.0098
0.0103
0.0126
0.0109
0.945
0.0072
0.9458
0.0162
0.0089
0.0112
0.0102
0.0081
0.0115
0.0126
0.0095
0.0128
0.0124
0.0124
0.0085
0.0074
0.0093
0.0077
0.0119
0.0124
0.0078
0.0299
0.0068
0.008
0.0088
0.0083
0.0091
0.0104
0.0084
0.0105
0.0097
0.0069
0.0065
0.0081
0.011
0.0091
0.007
0.0435
0.0109
0.0129
0.0071
0.0092
0.0066
0.0063
0.0085
0.0098
0.008
0.0095
0.0094
0.0088
0.01
0.0088
0.0071
0.0097
0.0082
0.0073
0.0083
0.008
0.0077
0.0105
0.0061
0.0085
0.0146
0.0126
0.0103
0.0126
0.0077
0.0072
0.0063
0.0091
0.011
0.0085
0.008
0.0093
0.0097
0.0095
0.0097
0.0087
0.0118
0.0075
0.0081
0.0098
0.0092
0.0079
0.0095
0.0066
0.0144
0.0098
0.008
0.0084
0.0091
0.0074
0.0093
0.0093
0.0101
0.0093
0.0129
0.0076
0.0068
0.0085
0.0072
0.007
0.0096
0.0071
0.0084
0.0094
0.0072
0.0102
0.01
0.0063
0.0141
0.0126
0.0094
0.0129
0.0121
0.0125
0.0125
0.0125
0.0127
0.0129
0.0133
0.0122
0.0089
0.0146
0.0123
0.0127
0.0096
0.0128
0.0115
0.0083
0.0104
0.0092
0.0092
0.0116
0.0108
0.0131
0.0094
0.0075
0.0084
0.0101
0.0158
0.0096
0.0093
0.0096
0.0097
0.0084
0.0099
0.0095
0.0105
0.014
0.0095
0.0099
0.0102
0.0096
0.0093
0.0072
0.0095
0.0096
0.0082
0.0098
0.0097
0.0094
0.0091
0.0111
0.0092
0.0095
0.0095
0.0125
0.0128
0.0124
0.0124
0.0124
0.0124
0.0131
0.0129
0.0125
0.0127
0.0095
0.0127
0.0097
0.0127
0.0124
0.0113
0.0123
0.0124
0.0109
0.0126
0.0088
0.0104
0.0104
0.0103
0.0087
0.0117
0.0108
0.0082
0.0087
0.0125
0.0098
0.0136
0.0087
0.0075
0.0095
0.0087
0.0087
0.0091
0.0095
0.0085
0.0094
0.0065
0.0096
0.0108
0.0072
0.0102
0.0125
0.0125
0.0135
0.009
0.0105
0.0098
0.008
0.044
0.0092
0.0104
0.0085
0.0097
0.009
0.0094
0.0101
0.0098

--------------------------
CreateVideoDecoder_D3D11_1
--------------------------
20.1906
18.372
16.6594
12.0028

---------------------------
DestroyVideoDecoder_D3D11_1
---------------------------
13.7521
13.3604
41.4268
0

---------------------
DxvaEncodeHEVC_Create
---------------------
20.0263
18.2194
16.5045

-----------------------
DxvaEncodeHEVC_EndFrame
-----------------------
0.0014
0.0011
0.0012
0.0013
0.0023
0.0008
0.0014
0.0008
0.0007
0.001
0.001
0.0008
0.0007
0.0015
0.0008
0.0006
0.0008
0.0008
0.0007
0.0031
0.0007
0.0008
0.0007
0.0007
0.0009
0.0008
0.0009
0.0008
0.0033
0.0008
0.0008
0.0007
0.0006
0.0008
0.0006
0.0008
0.0016
0.0007
0.0007
0.0009
0.0007
0.0009
0.0027
0.0008
0.0007
0.0006
0.0006
0.0006
0.0009
0.0009
0.0018
0.0008
0.0007
0.0009
0.0009
0.0008
0.0008
0.0008
0.0008
0.0009
0.0007
0.0007
0.0006
0.0021
0.0011
0.0011
0.0011
0.0012
0.001
0.0011
0.0008
0.0007
0.0009
0.0008
0.0007
0.0006
0.0005
0.001
0.0006
0.0007
0.0007
0.0006
0.0012
0.0006
0.0009
0.0008
0.0008
0.0007
0.0008
0.0007
0.0009
0.0008
0.0009
0.0007
0.0039
0.0008
0.0008
0.0009
0.0008
0.0007
0.0009
0.0008
0.0009
0.0012
0.0012
0.0007
0.0007
0.0013
0.0007
0.0019
0.0007
0.0008
0.0009
0.0013
0.0011
0.0008
0.0007
0.0007
0.0012
0.0008
0.0008
0.0008
0.0007
0.0007
0.0011
0.0008
0.0009
0.0008
0.0008
0.0012
0.0013
0.0009
0.0011
0.0009
0.0008
0.0011
0.0012
0.0008
0.001
0.0009
0.0008
0.0048
0.0012
0.001
0.0008
0.0015
0.0008
0.0011
0.0008
0.0006
0.0011
0.0008
0.0009
0.0012
0.0009
0.0008
0.0007
0.0008
0.0008
0.0008
0.0008
0.0008
0.0008
0.0012
0.0007
0.001
0.0013
0.0009
0.0009
0.0009
0.0008
0.0008
0.0008
0.0008
0.0007
0.0009
0.0008
0.0007
0.0007
0.0008
0.0007
0.0007
0.0006
0.0007
0.0005
0.0006
0.0005
0.0006
0.0006
0.0009
0.0006
0.0007
0.0006
0.0008
0.0029
0.0007
0.0012
0.0008
0.0008
0.0007
0.0009
0.0008
0.0009
0.0007
0.0011
0.0009
0.0009
0.0008
0.0008
0.0007
0.0007
0.0042
0.0008
0.0009
0.0007
0.0006
0.0008
0.0011
0.0006
0.0006
0.0006
0.0006
0.0007
0.0005
0.0005
0.0006
0.0006
0.0005
0.0005
0.0017
0.0007
0.0012
0.0009
0.0007
0.0007
0.0007
0.0005
0.0006
0.0006
0.0005
0.0006
0.0006
0.0005
0.0006
0.0006
0.0005
0.0005
0.0006
0.0005
0.001
0.0009
0.0008
0.0008
0.0012
0.0007
0.001
0.0007
0.0008
0.0008
0.0008
0.0012
0.0008
0.0009
0.0008
0.0008
0.0011
0.0008
0.001
0.0007
0.0009
0.0008
0.0009
0.0008
0.0009
0.0008
0.0008
0.0008
0.0008
0.0008
0.0008
0.0008
0.001
0.0012
0.0008
0.0007
0.0008
0.0008
0.0008
0.0008
0.0008
0.0008
0.0007
0.0008
0.0008
0.001
0.0012
0.0009
0.0008
0.0007
0.0006

----------------------
DxvaEncodeHEVC_Execute
----------------------
0.003
0.0012
15.3302
6.1866
1.2319
0.627
1.6952
0.5564
1.5417
0.479
1.1563
1.0729
0.8732
0.4605
1.1233
1.1184
0.0214
0.9821
0.024
0.9737
0.0188
0.4257
0.0322
0.4401
0.016
0.9695
0.0134
0.847
0.0163
0.437
0.0192
0.5325
0.0202
1.15
0.0236
1.4123
0.0148
0.4191
0.0174
1.4658
0.022
1.3639
0.0201
0.9776
0.0144
1.4082
0.0144
0.4304
0.0141
1.3753
0.0169
0.9883
0.0137
0.9932
0.0162
1.3744
0.0139
1.3654
0.0136
1.3233
0.0143
1.3677
0.0139
1.3255
0.014
1.2978
0.0274
1.3853
0.9147
0.0127
0.9933
0.0151
1.3616
0.0144
1.3276
0.0135
1.3684
0.014
0.9939
0.0159
0.8411
0.0163
0.9323
0.015
1.0614
0.014
0.819
0.0136
0.9799
0.0149
0.9686
0.012
0.3686
0.0119
0.9727
0.023
1.3692
0.016
0.9966
0.0139
0.9807
0.0144
0.9183
0.0135
0.9717
0.0125
1.3726
0.0175
1.3599
0.0134
0.9902
0.0154
1.3633
0.0135
0.4527
0.0177
1.3671
0.0146
0.4253
0.0179
0.9718
0.0136
0.9764
0.0125
0.9794
0.0123
1.3217
0.0159
0.924
0.0184
0.6718
0.0201
0.6085
0.0177
0.5929
0.0179
0.7462
0.0173
0.8111
0.019
0.4592
0.0208
0.4149
0.0129
0.4723
0.0154
0.4535
0.0143
0.4314
0.0125
0.5273
0.0132
0.4274
0.0137
0.474
0.0225
0.4125
0.015
0.3938
0.0144
0.4366
0.0184
0.4075
0.015
0.6082
0.0209
0.4024
0.0178
0.4451
0.0165
0.4128
0.0124
0.4719
0.0211
0.4173
0.0172
0.4778
0.0184
0.4089
0.0125
0.4779
0.0187
0.4721
0.0148
0.4615
0.0146
0.4619
0.0143
0.5992
0.0163
0.4396
0.0157
0.4309
0.0171
0.5674
0.0199
0.4481
0.0144
0.4227
0.0154
0.4692
0.0171
0.4575
0.0156
0.4669
0.0156
0.6119
0.0179
0.6253
0.0178
0.4308
0.0159
0.5328
0.0139
0.6199
0.0175
0.4527
0.0126
0.6056
0.0189
0.4695
0.0259
0.4643
0.0144
0.4657
0.0149
0.6097
0.0176
0.4686
0.0136
0.4451
0.0163
0.4113
0.0125
0.4655
0.0147
0.5935
0.0187
0.4812
0.0142
0.4838
0.0172
0.4627
0.0148
0.472
0.015
0.4764
0.0147
0.6199
0.0179
0.4653
0.0155
0.47
0.0146
0.4709
0.0147
0.4425
0.0187
0.5587
0.0162
0.5852
0.0174
0.4388
0.0211
0.5753
0.0165
0.4721
0.016
0.4629
0.0131
0.6266
0.0198
0.6277
0.0182
0.4264
0.014
0.5653
0.0172
0.4093
0.0151
0.4724
0.0155
0.5964
0.0173
0.6113
0.0266
0.6393
0.0199
0.4462
0.0159
0.6139
0.0233
0.4322
0.0135
0.628
0.0189
0.4226
0.0169
0.4305
0.0129
0.6365
0.0189
0.4725
0.0145
0.4595
0.0143
0.563
0.0165
0.5104
0.0164
0.4795
0.0139
0.4407
0.0149
0.4323
0.0144
0.467
0.0157
0.4597
0.0153
0.4444
0.0152
0.4288
0.0145
0.4761
0.016
0.6128
0.0178
0.4301
0.0131
0.4766
0.0167
0.6258
0.018
0.496
0.0142
0.4643
0.0144
0.4654
0.0144
0.5066
0.0151
0.4551
0.0157
0.4656
0.0155
0.4589
0.0147
0.4599
0.0137
0.4663
0.0152
0.5365
0.0137
0.4401
0.0151
0.4018
0.014
0.4359
0.0192
0.3983
0.0141
0.4093
0.0184
0.4156
0.0174
0.405
0.019
0.4003
0.018
0.4009
0.0192
0.4084
0.0189
0.4083
0.0207
0.4071
0.0176
0.4386
0.0325
0.4399
0.0171
0.4049
0.0186
0.4038
0.0182
0.5458
0.0181
0.5611
0.0158
0.4899
0.0145
0.6133
0.0185
0.4854
0.0144
0.4599
0.0166
0.4644
0.0223
0.4389
0.0152
0.4406
0.0157
0.4291
0.016
0.3982
0.0146
0.7502
0.0245
0.4597
0.0132
0.4684
0.0136
0.4651
0.0151
0.4032
0.0125
0.4613
0.0157
0.4017
0.0122
0.4801
0.0188
0.4237
0.0134
0.4708
0.0203
0.4085
0.0128
0.3988
0.0123
0.4726
0.0151
0.4634
0.0158
0.4074
0.0124
0.3955
0.012
0.3897
0.0122
0.3756
0.0118
0.4074
0.0147
0.425
0.0232
0.4132
0.0156
0.3777
0.0119
0.3893
0.0124
0.3928
0.0122
0.4373
0.0147
0.4648
0.0158
0.6846
0.0152
0.4792
0.0171
0.4253
0.0167
0.465
0.0144
0.3962
0.0135
0.4179
0.0186
0.4118
0.0177
0.405
0.0183
0.4066
0.0184
0.407
0.0194
0.3895
0.0186
0.4152
0.0308
0.4128
0.0178
0.3937
0.0178
0.401
0.0178
0.412
0.0182
0.3865
0.0132
0.3914
0.0133
0.3832
0.0134
0.5194
0.0196
0.4785
0.0156
0.5754
0.0162
0.4347
0.0137
0.554
0.017
0.4088
0.0123
0.4719
0.0147
0.4379
0.0155
0.4787
0.0195
0.4591
0.0154
0.5777
0.0143
0.5823
0.0182
0.4586
0.0157
0.4724
0.014
0.4638
0.0137
0.4805
0.0176
0.6036
0.018
0.4337
0.014
0.4402
0.0178
0.463
0.0134
0.4695
0.014
0.4752
0.0164
0.4666
0.0185
0.488
0.0142
0.4648
0.0135
0.4747
0.0139
0.4641
0.0136
0.4746
0.0148
0.4928
0.0136
0.4648
0.014
0.4668
0.0137
0.4587
0.0166
0.5982
0.0158
0.6032
0.0185
0.4605
0.0159
0.4657
0.0137
0.4645
0.0135
0.4587
0.0164
0.4648
0.0132
0.4726
0.0136
0.4639
0.0153
0.4591
0.0142
0.4677
0.0169
0.4632
0.0134
0.4202
0.0134
0.5905
0.0171
0.5965
0.0186
0.4761
0.0151
0.4293
0.0133
0.3999
0.013
0.3804
0.0119
0.0175

----------------
First Frame Time
----------------
139.986

----------------------
HEVC_QueryStatusReport
----------------------
1.2297
1.693
1.5402
1.1547
0.8718
1.1216
0.0196
0.0218
0.0175
0.031
0.0148
0.0122
0.0136
0.0179
0.0152
0.0221
0.0135
0.0162
0.0207
0.0169
0.0124
0.0131
0.0128
0.0156
0.0124
0.0147
0.0125
0.0124
0.0133
0.0126
0.0127
0.0242
0.0117
0.0136
0.0131
0.0124
0.0127
0.0145
0.0147
0.0137
0.0127
0.0122
0.013
0.011
0.0109
0.022
0.0149
0.0126
0.0131
0.0123
0.0114
0.0163
0.0121
0.0138
0.0125
0.0166
0.0134
0.0166
0.0125
0.0114
0.0113
0.0149
0.0166
0.0185
0.0156
0.0163
0.0155
0.0173
0.0158
0.0118
0.0139
0.0125
0.0114
0.012
0.0124
0.0209
0.0137
0.0132
0.0171
0.0141
0.0191
0.0164
0.0153
0.0112
0.0198
0.0161
0.017
0.0115
0.0174
0.0134
0.0131
0.0128
0.0146
0.0145
0.0158
0.0182
0.0133
0.0144
0.0156
0.0141
0.0144
0.016
0.0159
0.0119
0.0126
0.0158
0.0116
0.0171
0.0245
0.0129
0.0133
0.0155
0.0122
0.0152
0.0116
0.0134
0.0167
0.0128
0.0158
0.0133
0.0134
0.0132
0.0159
0.014
0.0131
0.0134
0.0172
0.0144
0.0153
0.0199
0.0148
0.0149
0.0121
0.0179
0.0163
0.0127
0.0154
0.0141
0.0141
0.0155
0.0248
0.0182
0.0147
0.0213
0.0124
0.017
0.0156
0.0116
0.017
0.0131
0.0129
0.0147
0.0151
0.0127
0.0135
0.0132
0.0144
0.014
0.0138
0.013
0.0146
0.016
0.0119
0.0154
0.016
0.0127
0.0131
0.0131
0.0137
0.0144
0.0141
0.0133
0.0124
0.0139
0.0125
0.0138
0.0127
0.018
0.0129
0.017
0.0162
0.0179
0.017
0.018
0.0176
0.0196
0.0164
0.0313
0.016
0.0173
0.0171
0.0164
0.0141
0.0131
0.0166
0.012
0.0148
0.021
0.0131
0.0145
0.0147
0.0134
0.0227
0.012
0.0124
0.0137
0.0114
0.0145
0.0112
0.0173
0.0122
0.0187
0.0116
0.0112
0.0137
0.0144
0.0114
0.0109
0.0112
0.0108
0.0136
0.0221
0.0147
0.0108
0.0114
0.0111
0.0138
0.0144
0.014
0.0155
0.015
0.0133
0.0122
0.0173
0.0165
0.017
0.0171
0.0182
0.0174
0.0297
0.0166
0.0168
0.0166
0.0169
0.012
0.0123
0.0123
0.0178
0.0141
0.0148
0.0126
0.0154
0.0113
0.0132
0.0141
0.0182
0.0139
0.0131
0.0164
0.0143
0.0128
0.0125
0.0161
0.0161
0.0127
0.0161
0.0122
0.0128
0.015
0.0169
0.013
0.0123
0.0128
0.0124
0.0134
0.0124
0.0128
0.0125
0.015
0.0138
0.0163
0.0143
0.0125
0.0123
0.015
0.0119
0.0124
0.0138
0.013
0.0157
0.0121
0.0123
0.0151
0.0165
0.0137
0.0121
0.0119
0.011
0.0153

--------------------------------------
VideoDecoderBeginFrame_WDDM2_4_D3D11_1
--------------------------------------
0.0087
0.0025
0.0021
0.0028
0.002
0.0026
0.0045
0.0026
0.0041
0.0031
0.0028
0.0027
0.0037
0.0028
0.0025
0.0024
0.0021
0.0016
0.0022
0.003
0.0025
0.0019
0.0017
0.0026
0.003
0.0042
0.0022
0.0018
0.0044
0.0027
0.0024
0.0024
0.0023
0.0019
0.0018
0.0018
0.0018
0.0017
0.0016
0.0192
0.0017
0.0043
0.0027
0.002
0.0021
0.0031
0.0034
0.0022
0.0032
0.0033
0.0032
0.0031
0.0025
0.0022
0.0033
0.0037
0.004
0.0024
0.0022
0.002
0.0016
0.0016
0.0028
0.0029
0.0034
0.0032
0.0034
0.004
0.0024
0.0037
0.0027
0.0025
0.0021
0.0019
0.0058
0.0032
0.0032
0.0038
0.0031
0.0039
0.0042
0.0038
0.0043
0.0041
0.0039
0.0035
0.0021
0.0049
0.002
0.0037
0.0025
0.0028
0.0022
0.0027
0.0046
0.0021
0.0019
0.0026
0.0036
0.003
0.0028
0.0038
0.0025
0.0023
0.002
0.0022
0.0022
0.0018
0.0025
0.0027
0.0022
0.002
0.0025
0.0026
0.0019
0.0021
0.0025
0.0024
0.0032
0.0038
0.003
0.0024
0.0028
0.0027
0.0022
0.0021
0.0025
0.0019
0.002
0.0021
0.0019
0.0025
0.0019
0.0041
0.0038
0.0024
0.0039
0.0031
0.003
0.0019
0.0027
0.0041
0.0028
0.0029
0.0023
0.004
0.0034
0.0041
0.006
0.0028
0.0028
0.0029
0.002
0.0021
0.0027
0.0032
0.0027
0.0043
0.0029
0.003
0.0031
0.0023
0.0028
0.0022
0.0026
0.0028
0.003
0.0043
0.0029
0.0029
0.0027
0.0021
0.0023
0.0024
0.0035
0.0021
0.0021
0.0022
0.0029
0.0021
0.0021
0.004
0.0043
0.0036
0.0042
0.0041
0.0038
0.0042
0.0039
0.004
0.0041
0.0051
0.0039
0.0034
0.0041
0.005
0.004
0.0067
0.0038
0.003
0.003
0.0035
0.0028
0.0023
0.0035
0.0032
0.0044
0.0032
0.0019
0.0031
0.0038
0.0058
0.003
0.0032
0.0034
0.0038
0.0029
0.0034
0.003
0.0029
0.0049
0.0033
0.003
0.0034
0.0032
0.003
0.0019
0.0031
0.0031
0.0025
0.0034
0.0032
0.004
0.003
0.0042
0.0032
0.0035
0.0033
0.0042
0.0038
0.004
0.0044
0.0039
0.0041
0.0043
0.0048
0.0042
0.0044
0.0031
0.0044
0.0036
0.0042
0.004
0.006
0.0032
0.0038
0.0034
0.0042
0.0031
0.0037
0.0027
0.0026
0.0029
0.0036
0.004
0.0024
0.003
0.0037
0.0033
0.0036
0.0031
0.0023
0.0027
0.0028
0.0027
0.0031
0.0035
0.0028
0.0026
0.0025
0.003
0.0347
0.0026
0.0034
0.0042
0.0039
0.0039
0.003
0.0059
0.0037
0.0047
0.0029
0.0031
0.0029
0.003
0.0035
0.0028
0.004
0.003
0.0033

----------------------------
VideoDecoderEndFrame_D3D11_1
----------------------------
0.0331
0.0546
0.0876
0.0994
0.0994
0.0972
0.0038
0.1303
0.0029
0.004
0.0549
0.0032
0.059
0.0062
0.0565
0.0029
0.056
0.0033
0.056
0.0055
0.0567
0.0027
0.0566
0.0027
0.003
0.0024
0.0549
0.0525
0.0764
0.066
0.0028
0.0028
0.0021
0.0024
0.08
0.056
0.0032
0.0626
0.059
0.0556
0.003
0.0023
0.0587
0.0052
0.0585
0.003
0.0562
0.0029
0.0568
0.0511
0.0026
0.0023
0.0592
0.0028
0.058
0.0029
0.0531
0.0027
0.0539
0.0028
0.0532
0.0056
0.0516
0.0049
0.0548
0.003
0.0527
0.0025
0.0021
0.0586
0.0267
0.0515
0.0028
0.0022
0.0553
0.0029
0.0524
0.0036
0.0539
0.0024
0.0545
0.0028
0.0511
0.0028
0.0506
0.0035
0.0596
0.0027
0.0522
0.0048
0.0531
0.0022
0.0592
0.0022
0.066
0.0019
0.0019
0.0627
0.0018
0.0599
0.003
0.0513
0.003
0.0555
0.0038
0.0642
0.0021
0.0604
0.002
0.0605
0.0028
0.0586
0.0028
0.0517
0.0029
0.0523
0.0515
0.0506
0.0029
0.0027
0.0574
0.0528
0.0023
0.0024
0.0611
0.002
0.0614
0.002
0.0574
0.0018
0.0612
0.0036
0.092
0.0034
0.0033
0.0036
0.0555
0.0645
0.0041
0.0558
0.0032
0.0594
0.0034
0.0532
0.003
0.0837
0.0023
0.0578
0.0029
0.0839
0.0023
0.0599
0.0021
0.0608
0.0021
0.0565
0.0018
0.0571
0.0029
0.057
0.002
0.0584
0.0018
0.0575
0.0022
0.0582
0.0019
0.0568
0.0042
0.0537
0.002
0.0026
0.0585
0.0553
0.0023
0.0578
0.0028
0.0553
0.0023
0.0542
0.0027
0.0776
0.0022
0.0534
0.0027
0.0542
0.0027
0.0638
0.0029
0.0767
0.0024
0.0752
0.0063
0.0569
0.0026
0.0549
0.0022
0.0763
0.0031
0.0586
0.0021
0.0547
0.002
0.0535
0.0028
0.0754
0.0026
0.0569
0.0029
0.0565
0.0039
0.0569
0.0038
0.0552
0.0032
0.0809
0.0029
0.0537
0.0041
0.0523
0.0024
0.0761
0.0047
0.0545
0.0029
0.0562
0.0029
0.0763
0.0027
0.0316
0.0041
0.0557
0.0033
0.0571
0.0025
0.0579
0.0023
0.0556
0.0025
0.0543
0.004
0.053
0.0029
0.0538
0.0025
0.0547
0.003
0.0543
0.0027
0.058
0.0027
0.0607
0.0039
0.0519
0.0026
0.0547
0.0029
0.0521
0.0029
0.052
0.0026
0.0538
0.0035
0.0577
0.004
0.0571
0.0025
0.0797
0.0037
0.0336
0.0025
0.0668
0.0024
0.0621
0.0039
0.055
0.0042
0.056
0.0025
0.0031
0.0576
0.0024
0.0544
0.0538
0.003
0.057
0.0076
0.0586
0.0035
0.0583
0.0035
0.059
0.0026
0.0577
0.0041
0.0574
0.0025
0.0547
0.0039
0.0545
0.0026
0.0557
0.0023
0.0556
0.0042
0.0547
0.0026
0.0531
0.0029
0.0618
0.0038
0.064
0.0032
0.0697
0.0026
0.0698
0.0053
0.0556
0.0027
0.056
0.0027
0.0632
0.0024
0.0736
0.0023
0.0788
0.0029
0.0556
0.0031
0.0647
0.0039
0.0728
0.0023
0.0551
0.0031
0.0539
0.0044
0.0688
0.0027
0.0544
0.0028
0.0549
0.0027
0.0652
0.0028
0.0657
0.0028
0.0537
0.0029
0.0617
0.0029
0.0661
0.0025
0.0585
0.0028
0.0762
0.0029
0.054
0.0026
0.0579
0.0021
0.0582
0.0023
0.0565
0.0021
0.057
0.0021
0.0576
0.0018
0.0566
0.0028
0.0573
0.0019
0.0565
0.0019
0.0603
0.0019
0.0575
0.0019
0.0589
0.0017
0.0571
0.0033
0.0567
0.0021
0.0578
0.0018
0.0578
0.0018
0.0574
0.0029
0.0575
0.0051
0.0681
0.0024
0.0816
0.0037
0.0541
0.0028
0.0692
0.0029
0.0626
0.0026
0.0548
0.0027
0.0792
0.0025
0.0451
0.0029
0.0586
0.0022
0.0044
0.0571
0.054
0.0025
0.0555
0.0029
0.0573
0.0027
0.0586
0.0021
0.0579
0.0021
0.0578
0.002
0.0603
0.0062
0.0582
0.0024
0.0555
0.0028
0.0551
0.002
0.0571
0.0018
0.0543
0.0028
0.0566
0.0031
0.0598
0.0019
0.0568
0.002
0.0579
0.0018
0.0019
0.0594
0.002
0.0577
0.0531
0.002
0.0574
0.0017
0.0018
0.0581
0.0541
0.0018
0.0577
0.0019
0.0575
0.0017
0.0561
0.0036
0.0601
0.0025
0.058
0.0036
0.0766
0.003
0.0566
0.0023
0.0556
0.0021
0.0584
0.0052
0.061
0.002
0.0581
0.0019
0.0568
0.0018
0.0578
0.0019
0.0634
0.0018
0.0624
0.002
0.0606
0.0019
0.0573
0.0019
0.0588
0.0019
0.0609
0.0019
0.0662
0.0019
0.0599
0.0019
0.0586
0.0017
0.06
0.0033
0.0745
0.0028
0.0704
0.0033
0.0564
0.0024
0.0585
0.0037
0.0583
0.0021
0.0564
0.0029
0.057
0.0024
0.0588
0.0027
0.0745
0.0026
0.0322
0.003
0.0606
0.004
0.0588
0.0027
0.0566
0.0027
0.0631
0.0024
0.0587
0.0027
0.0776
0.0038
0.0024
0.0585
0.0031
0.0552
0.0545
0.0022
0.0579
0.0027
0.0563
0.003
0.0548
0.0028
0.0574
0.0027
0.0547
0.003
0.0646
0.0027
0.0555
0.0027
0.0541
0.0028
0.0561
0.0025
0.0549
0.0027
0.0714
0.0027
0.0581
0.0026
0.057
0.0034
0.076
0.004
0.0806
0.0027
0.0686
0.0026
0.071
0.0028
0.0602
0.0026
0.0543
0.0027
0.0783
0.0028
0.0567
0.0027
0.0736
0.0029
0.0514
0.0027
0.0597
0.0026
0.0556
0.0024
0.0607
0.0035
0.056
0.0043
0.06
0.0028
0.0023
0.002
0.0019

---------------------------------
VideoDecoderSubmitBuffers_D3D11_1
---------------------------------
1.1176
0.8756
0.8917
0.3114
0.6637
0.4416
0.6384
0.3204
0.2849
0.2775
0.2622
0.2536
0.5617
0.9383
1.8618
0.4246
0.2829
0.3686
1.7573
0.2416
0.5555
0.2466
0.4781
0.9211
0.5729
0.6259
0.9931
0.2376
1.0677
0.6641
0.966
0.977
0.6369
0.6206
0.6584
0.6247
0.6606
0.5168
0.2225
0.6488
0.9743
0.6228
0.6738
0.6567
0.9791
0.9615
0.2488
0.6724
0.9398
0.9395
1.5697
0.9277
0.654
0.9775
0.9661
0.9386
0.9375
0.665
0.6536
0.9779
0.2255
0.5472
0.7512
0.2451
1.0668
0.9206
0.9438
0.936
0.6475
0.2953
0.2602
1.1931
1.1478
1.1769
0.4152
0.2576
0.3687
0.2947
0.2614
0.3069
0.3221
0.2944
0.3227
0.3258
0.3214
0.287
0.275
0.2942
0.2335
0.2874
0.3051
0.2406
0.3602
0.2457
0.2527
0.2795
0.3334
0.3441
0.3
0.2882
0.3555
0.295
0.2465
0.2366
0.3361
0.319
0.2877
0.2352
0.2983
0.369
0.2557
0.2542
0.3394
0.2377
0.2404
0.3307
0.2917
0.3581
0.2742
0.2875
0.2562
0.2945
0.2342
0.252
0.2867
0.2401
0.2462
0.2712
0.2402
0.2569
0.2442
0.2386
0.2845
0.3294
0.3149
0.3551
0.318
0.2514
0.2444
0.2354
0.2654
0.3079
0.2668
0.2431
0.2848
0.2905
0.2915
0.2959
0.2541
0.3108
0.2443
0.2965
0.2891
0.2398
0.2792
0.2766
0.2486
0.3284
0.3591
0.2655
0.265
0.281
0.2589
0.3479
0.3457
0.2875
0.2771
0.3225
0.248
0.2458
0.3107
0.26
0.2508
0.2905
0.2572
0.2791
0.2392
0.2556
0.2787
0.3454
0.2409
0.3255
0.32
0.2949
0.3242
0.3252
0.3177
0.3179
0.3221
0.3253
0.3375
0.3544
0.3178
0.2635
0.3339
0.3213
0.3184
0.292
0.3243
0.3768
0.2557
0.2987
0.2708
0.2926
0.357
0.3608
0.3322
0.2788
0.2343
0.26
0.2678
0.3204
0.2976
0.2915
0.296
0.2903
0.2495
0.2906
0.2941
0.2708
0.3241
0.2871
0.2949
0.2956
0.3005
0.2921
0.243
0.2928
0.3025
0.2517
0.297
0.2943
0.2905
0.2842
0.3227
0.3461
0.2724
0.3018
0.3019
0.3213
0.3197
0.316
0.3186
0.3214
0.3281
0.3455
0.3166
0.3223
0.2938
0.335
0.2954
0.328
0.3207
0.3441
0.3281
0.3156
0.2781
0.3167
0.2472
0.2887
0.3027
0.3516
0.2919
0.2833
0.3017
0.2637
0.2582
0.3036
0.2763
0.3953
0.2534
0.2396
0.2704
0.2578
0.2666
0.2764
0.2581
0.2637
0.2627
0.237
0.2862
0.2698
0.2419
0.3148
0.3193
0.3231
0.3879
0.2683
0.3482
0.2939
0.25
0.3816
0.281
0.3501
0.2599
0.2884
0.261
0.289
0.2954
0.2875

