---------------------------------------------
CalcPrivateVideoDecoderOutputViewSize_D3D11_1
---------------------------------------------
0.0025
0.0013
0.0014
0.002
0.0023
0.0024
0.0024
0.0014
0.0008
0.002
0.0012
0.0016
0.0009
0.0015
0.0008
0.0017
0.0015
0.0016
0.0008
0.0035
0.0012
0.0016
0.0009
0.0009
0.0014
0.0009
0.0009
0.0011
0.0028
0.0008
0.0014
0.0014
0.0008
0.0014
0.0011
0.0008
0.0007
0.0016
0.0011
0.0008
0.0012
0.002
0.0029
0.0012
0.0014
0.0009
0.0007
0.0007
0.0008
0.0007
0.0006
0.0013
0.0008
0.0006
0.0014
0.0007
0.0011
0.0005
0.0008
0.0007
0.0007
0.0007
0.0005
0.0019
0.0014
0.0009
0.0013
0.0007
0.0006
0.0011
0.0008
0.0015
0.0011
0.0007
0.0007
0.0009
0.0005
0.0015
0.0008
0.0009
0.0008
0.0008
0.0008
0.0006
0.0009
0.0006
0.0006
0.0006
0.0008
0.0006
0.0007
0.0007
0.0007
0.0009
0.0019
0.0009
0.0007
0.0006
0.0008
0.0007
0.0005
0.0006
0.0006
0.0006
0.0005
0.001
0.0008
0.0008
0.0008
0.0007
0.0005
0.0007
0.0009
0.0005
0.0007
0.0008
0.0007
0.0008
0.0007
0.0006
0.0008
0.0009
0.0008
0.0008
0.0007
0.0006
0.0008
0.0006
0.0007
0.0006
0.0006
0.0007
0.0007
0.0005
0.0007
0.0007
0.0008
0.0006
0.0008
0.0007
0.0007
0.0027
0.0009
0.0008
0.0007
0.0006
0.0007
0.0006
0.0007
0.0007
0.0007
0.0007
0.0007
0.0006
0.0008
0.0006
0.0006
0.0008
0.0007
0.0007
0.0009
0.0009
0.0009
0.0008
0.0006
0.0007
0.0006
0.0006
0.0007
0.0007
0.0008
0.0005
0.0007
0.0005
0.0007
0.0006
0.0007
0.0006
0.0008
0.0007
0.0007
0.0008
0.0006
0.0008
0.0007
0.0007
0.0006
0.0008
0.0006
0.0005
0.0006
0.0006
0.0006
0.0016
0.0007
0.0007
0.0006
0.0007
0.0006
0.0007
0.0008
0.0006
0.001
0.0006
0.0007
0.0008
0.0008
0.0007
0.0007
0.0007
0.0007
0.0025
0.0006
0.0006
0.0008
0.0006
0.0008
0.0007
0.0006
0.0007
0.0008
0.0008
0.0007
0.0007
0.0008
0.0008
0.0009
0.0007
0.0008
0.0007
0.0008
0.0007
0.0008
0.0007
0.0006
0.0006
0.0008
0.001
0.0009
0.0006
0.0008
0.0007
0.0006
0.0007
0.0006
0.0006
0.0008
0.0007
0.0007
0.0007
0.0006
0.0006
0.0006
0.0006
0.0006
0.0006
0.0008
0.0007
0.0009
0.0006
0.0006
0.0006
0.0007
0.0006
0.0006
0.0007
0.0006
0.0007
0.0008
0.0007
0.0008
0.0007
0.0006
0.0007
0.0006
0.0006
0.0008
0.0008
0.0006
0.0005
0.0006
0.0006
0.0007
0.0007
0.0006
0.0007
0.0008
0.0006
0.0006
0.0007
0.0006
0.0008
0.0009
0.0006
0.0016
0.0007
0.0006
0.0008
0.0007
0.0007
0.0006
0.0007
0.0005
0.001
0.0009
0.0006
0.0006
0.0006
0.0006
0.0006
0.0008
0.0006
0.0007
0.0007
0.0006
0.0006
0.0027
0.0006
0.0008
0.0007
0.0007
0.0008
0.0009
0.0006
0.0008
0.0009
0.0006
0.0006
0.0007
0.0006
0.0009
0.0007
0.0008
0.0007
0.0008
0.0007
0.0008
0.0007
0.0006
0.0008
0.0008
0.0006
0.0007
0.0008
0.0006
0.0006
0.0009
0.0006
0.0007
0.0008
0.0006
0.0008
0.0007
0.0006
0.001
0.0007
0.0006
0.0009
0.0009
0.0006
0.0007
0.0008
0.0007
0.0007
0.0007
0.0006
0.0007
0.0007
0.0006
0.0006
0.0006
0.0006
0.0007
0.0006
0.0006
0.0007
0.0008
0.0006
0.0006
0.0009
0.0007
0.0008
0.0008
0.0006
0.0006
0.0011
0.0007
0.0018
0.0009
0.0012
0.0008
0.0008
0.0006
0.0008
0.0007
0.0006
0.0006
0.0008
0.0008
0.0008
0.0007
0.0005
0.0021
0.0017
0.0006
0.0009
0.0009
0.0006
0.0007
0.0006
0.0006
0.0008
0.0007
0.0006
0.0005
0.0007
0.0006
0.0009
0.0015
0.0008
0.0007
0.0007
0.0008
0.0008
0.001
0.0007
0.0007
0.0008
0.0008
0.0009
0.001
0.0011
0.0006
0.0007
0.0007
0.0007
0.0009
0.001
0.0008
0.0011
0.0007
0.0006
0.0008
0.0007
0.0008
0.0008
0.0006
0.0007
0.0006
0.0007
0.003
0.001
0.001
0.0012
0.0009
0.001
0.0008
0.0009
0.0006
0.0011
0.0009
0.0007
0.0008
0.0006
0.0007
0.0007
0.0008
0.0007
0.0008
0.001
0.0007
0.0007
0.0007
0.0006
0.003
0.0006
0.0011
0.0008
0.001
0.0009
0.0007
0.0006
0.0006
0.0006
0.0007
0.0006
0.0007
0.0006
0.0006
0.0023
0.0013
0.0018
0.0009
0.001
0.0016
0.0014
0.0019
0.0014
0.0018
0.0017
0.0012
0.0019
0.0017
0.0009
0.0013
0.001
0.0016
0.0009
0.0008
0.0007
0.0008
0.0007
0.0007
0.0014
0.0009
0.0008
0.0007
0.0008
0.0007
0.0008
0.0007
0.0007
0.0009
0.0009
0.0007
0.001
0.0007
0.0007
0.0008
0.0009
0.001
0.0011
0.0009
0.0007
0.0008
0.001
0.0007
0.0009
0.0007
0.0006
0.0006
0.0008
0.002
0.0021
0.0012
0.0008
0.0008
0.0007
0.0012
0.0006
0.0007
0.0019
0.001
0.001
0.0008
0.0009
0.0012
0.0008
0.0009
0.0008
0.0007
0.0008
0.0008
0.0008
0.0009
0.0008
0.0008
0.0007
0.0009
0.0008
0.0009
0.001
0.0006
0.0007
0.0008
0.0008
0.0007
0.0007
0.0007
0.0008
0.0009
0.0006
0.0009
0.001
0.0006
0.0009
0.0008
0.0009
0.0008
0.0007
0.0008
0.0008
0.0011
0.001
0.0007
0.0011
0.0007
0.0009
0.0007
0.0006

-----------------------
CodechalDecode::Execute
-----------------------
9.9261
7.8071
31.9104
10.327
57.1076
19.3481
0.7435
0.7099
0.5548
0.7048
0.6734
0.8235
0.5898
0.5916
0.7716
0.8738
0.6181
0.5955
0.5771
1.0648
0.6115
0.6156
0.5732
0.5378
0.4216
0.4061
0.3764
0.5365
0.5693
0.372
0.5046
0.4564
0.3863
0.5826
0.5741
0.3919
0.4466
0.5958
0.4591
0.4001
0.583
0.4597
0.6053
0.3853
0.6006
0.3948
0.3743
0.5534
0.3734
0.3682
0.3729
0.4962
0.3841
0.3796
0.4185
0.4138
0.3722
0.3727
0.3839
0.56
0.3956
0.374
0.3658
0.3776
0.5645
0.3796
0.5648
0.3731
0.3621
0.3812
0.3695
0.418
0.3773
0.3669
0.3604
0.3668
0.3729
0.4231
0.4031
0.3758
0.3656
0.3652
0.366
0.4
0.3658
0.3633
0.3698
0.3717
0.3755
0.3684
0.3687
0.3701
0.3703
0.3756
0.3786
0.3873
0.3713
0.3778
0.3684
0.3662
0.3763
0.3736
0.3781
0.3666
0.3617
0.5371
0.3777
0.3725
0.3798
0.3817
0.3925
0.3746
0.3883
0.3779
0.3784
0.3827
0.3896
0.377
0.3604
0.4168
0.3645
0.3813
0.3573
0.359
0.3591
0.3605
0.3619
0.3741
0.3734
0.3795
0.3814
0.3849
0.3837
0.3878
0.3851
0.3874
0.3817
0.3795
0.387
0.373
0.371
0.3713
0.3692
0.4143
0.3821
0.3668
0.3603
0.3727
0.3735
0.3804
0.3858
0.3996
0.3861
0.378
0.3715
0.3697
0.3738
0.416
0.4078
0.4094
0.3921
0.3807
0.3845
0.3866
0.3828
0.3856
0.3677
0.373
0.3791
0.3621
0.377
0.365
0.3646
0.3644
0.3666
0.3787
0.3798
0.39
0.3874
0.3752
0.3747
0.3868
0.3869
0.3935
0.3814
0.3847
0.3836
0.3894
0.4221
0.3762
0.3769
0.3759
0.3789
0.3655
0.3569
0.3608
0.3666
0.365
0.3714
0.3796
0.3793
0.3823
0.3671
0.3661
0.3698
0.364
0.3705
0.3742
0.3745
0.3841
0.3883
0.4604
0.3726
0.3801
0.3823
0.405
0.3815
0.3892
0.373
0.3766
0.3757
0.3719
0.3687
0.3615
0.3671
0.3649
0.368
0.3766
0.3789
0.3922
0.3778
0.3764
0.3776
0.3772
0.387
0.395
0.3823
0.3851
0.3511
0.3635
0.3767
0.3809
0.3652
0.3709
0.3844
0.3773
0.3692
0.3615
0.3743
0.3574
0.3563
0.3532
0.3592
0.365
0.3616
0.3793
0.3833
0.3701
0.3904
0.3668
0.3628
0.3701
0.3753
0.3663
0.3686
0.3771
0.3764
0.3803
0.3726
0.3661
0.3671
0.3697
0.362
0.3761
0.3748
0.3786
0.3942
0.3692
0.3561
0.37
0.4106
0.3565
0.363
0.3652
0.3618
0.3716
0.3709
0.3741
0.3649
0.3677
0.3692
0.3759
0.383
0.3859
0.3763
0.3807
0.3714
0.3794
0.3799
0.3722
0.3673
0.3681
0.3617
0.3714
0.3733
0.3598
0.3623
0.3696
0.3682
0.3747
0.3863
0.393
0.377
0.3729
0.3682
0.3729
0.3865
0.3875
0.3719
0.3772
0.3697
0.3748
0.3833
0.393
0.3957
0.3766
0.3684
0.3753
0.3818
0.3734
0.3731
0.3625
0.362
0.368
0.3698
0.3681
0.3751
0.3797
0.3852
0.3739
0.3776
0.3716
0.3765
0.3792
0.3728
0.375
0.3876
0.3776
0.3952
0.3773
0.3888
0.3753
0.3715
0.3613
0.3687
0.3672
0.3589
0.3717
0.3536
0.3661
0.3805
0.3869
0.3639
0.3652
0.3651
0.3623
0.3681
0.3698
0.3687
0.3768
0.3822
0.3839
0.4351
0.3719
0.3703
0.3812
0.3844
0.3673
0.3733
0.3785
0.3579
0.3633
0.3676
0.363
0.3729
0.3718
0.3899
0.4298
0.3861
0.4415
0.3917
0.391
0.3908
0.3941
0.3818
0.3683
0.3703
0.3685
0.3697
0.3776
0.3729
0.3588
0.455
0.398
0.3568
0.3681
0.3656
0.3623
0.3721
0.3681
0.368
0.3766
0.3639
0.3624
0.3629
0.3681
0.3703
0.419
0.3756
0.3684
0.3765
0.3814
0.3885
0.4032
0.4095
0.3846
0.392
0.4017
0.4064
0.4071
0.3977
0.3724
0.3628
0.3635
0.3658
0.3774
0.3798
0.3766
0.4
0.4041
0.3858
0.3974
0.3972
0.392
0.3968
0.3983
0.3935
0.3809
0.3713
0.3978
0.4818
0.4062
0.4075
0.4195
0.409
0.4383
0.3664
0.3889
0.3618
0.4174
0.3725
0.3627
0.3643
0.365
0.3686
0.3824
0.3964
0.3709
0.3693
0.5311
0.3785
0.3805
0.3863
0.3664
0.388
0.3654
0.4853
0.3695
0.3636
0.4268
0.3664
0.3641
0.3695
0.3648
0.362
0.3583
0.3659
0.3653
0.3644
0.4692
0.5337
0.5862
0.3868
0.3851
0.4816
0.4932
0.4229
0.5826
0.6035
0.4648
0.4448
0.7184
0.4359
0.3927
0.5635
0.3734
0.4236
0.3786
0.3673
0.4118
0.3689
0.3661
0.3695
0.5484
0.3794
0.3639
0.3632
0.3658
0.3757
0.3725
0.3655
0.3606
0.3624
0.3642
0.3739
0.3775
0.3738
0.3875
0.3905
0.4143
0.4
0.3907
0.3666
0.3784
0.3665
0.3763
0.3809
0.3797
0.3932
0.381
0.3867
0.3906
0.5156
0.4715
0.411
0.4051
0.427
0.4014
0.421
0.379
0.3797
0.4503
0.3838
0.372
0.3753
0.38
0.3737
0.3651
0.3655
0.3688
0.3646
0.4376
0.3843
0.3608
0.3696
0.368
0.3812
0.3697
0.3692
0.3665
0.4076
0.3725
0.3681
0.3715
0.3948
0.3701
0.3755
0.3912
0.3834
0.3945
0.4077
0.3955
0.4168
0.3709
0.3868
0.3714
0.3654
0.3611
0.3568
0.3601
0.3652
0.3701
0.3846
0.3737
0.3687
0.4212
0.3719
0.3743
0.3647
0.3687

---------------------------------------
CodechalDecodeHevcG12::DecodeStateLevel
---------------------------------------
0.4687
8.4079
0.5923
0.5211
19.4395
7.8841
0.9844
1.7096
9.9547
18.5287
0.3367
0.2443
0.241
0.1899
0.2086
0.2496
0.2092
0.1737
0.233
0.2699
0.244
0.2128
0.3512
0.2422
0.2198
0.1783
0.2069
0.2206
0.2617
0.2676
0.3396
0.3157
0.2708
0.1819
0.2204
0.1803
0.2059
0.1739
0.4197
0.3008
0.243
0.176
0.2266
0.1727
0.2422
0.1957
0.2308
0.1796
0.1602
0.1268
0.1536
0.1313
0.1458
0.1208
0.1825
0.1888
0.2158
0.1906
0.1428
0.1171
0.2065
0.1557
0.1833
0.1446
0.1466
0.1249
0.2186
0.1937
0.2184
0.1917
0.1509
0.1232
0.1561
0.1549
0.2267
0.1947
0.1509
0.1661
0.1545
0.1208
0.2159
0.19
0.1789
0.1188
0.2385
0.1854
0.1507
0.1187
0.2295
0.1937
0.1523
0.1184
0.1423
0.1154
0.2101
0.1955
0.1436
0.1179
0.143
0.1172
0.1424
0.1186
0.212
0.1364
0.1456
0.1214
0.1431
0.12
0.1572
0.1228
0.156
0.1399
0.1434
0.12
0.1427
0.1179
0.1475
0.1188
0.2077
0.1952
0.1509
0.12
0.1418
0.1158
0.1395
0.1179
0.1462
0.1196
0.2058
0.1936
0.1437
0.1184
0.2129
0.1889
0.142
0.1178
0.1395
0.1167
0.1464
0.1167
0.1403
0.1194
0.1602
0.1233
0.1462
0.1159
0.1416
0.1163
0.1387
0.1165
0.1402
0.1186
0.1424
0.1173
0.1604
0.1236
0.1563
0.1225
0.1425
0.1157
0.1385
0.1179
0.1394
0.1171
0.1401
0.1151
0.1658
0.1211
0.1394
0.1162
0.1386
0.1155
0.1415
0.118
0.142
0.1168
0.1437
0.1182
0.1398
0.1194
0.1403
0.1188
0.1412
0.1174
0.1413
0.1183
0.1427
0.1197
0.1449
0.1191
0.1476
0.1206
0.1428
0.1187
0.145
0.1178
0.14
0.1184
0.1408
0.1183
0.1412
0.1213
0.1408
0.1192
0.1392
0.1153
0.1383
0.1174
0.1379
0.116
0.1978
0.1807
0.1429
0.1174
0.1419
0.1175
0.1429
0.1213
0.1461
0.1177
0.1513
0.1207
0.143
0.1181
0.1433
0.1284
0.1447
0.1196
0.1434
0.1211
0.1461
0.1197
0.1491
0.1243
0.1422
0.118
0.1325
0.109
0.1948
0.1167
0.1405
0.1151
0.1417
0.1161
0.1375
0.1153
0.1385
0.1162
0.1373
0.1156
0.1393
0.1165
0.1377
0.1149
0.1437
0.1158
0.1436
0.1196
0.1448
0.1205
0.1459
0.1203
0.1479
0.1219
0.1475
0.1215
0.1478
0.1189
0.1471
0.1198
0.1481
0.1197
0.1454
0.1209
0.1462
0.1205
0.1489
0.1206
0.1412
0.1177
0.1437
0.1185
0.1401
0.1189
0.1393
0.1164
0.168
0.1176
0.1564
0.117
0.1391
0.1156
0.1382
0.1167
0.1436
0.1178
0.14
0.1166
0.1511
0.118
0.147
0.119
0.1466
0.1177
0.148
0.1233
0.1439
0.1205
0.141
0.1186
0.1407
0.1189
0.1431
0.1184
0.1595
0.1265
0.1581
0.1228
0.161
0.1242
0.1458
0.1196
0.146
0.1198
0.1475
0.1214
0.1458
0.1198
0.1458
0.1204
0.1473
0.1208
0.1391
0.1172
0.1421
0.1181
0.1403
0.1297
0.1381
0.1163
0.14
0.1159
0.1385
0.1174
0.1384
0.1154
0.1399
0.1152
0.1392
0.1178
0.1415
0.1239
0.1461
0.1192
0.1502
0.1214
0.1499
0.1223
0.1439
0.1186
0.1444
0.1185
0.1459
0.1209
0.1482
0.1208
0.1516
0.1223
0.1458
0.1192
0.1457
0.1251
0.1447
0.1204
0.1472
0.121
0.1847
0.1205
0.1448
0.1199
0.1418
0.1183
0.142
0.118
0.1463
0.1183
0.1385
0.1144
0.1356
0.1159
0.1371
0.116
0.1394
0.1156
0.1396
0.1169
0.1416
0.1174
0.1459
0.1188
0.1456
0.1191
0.1453
0.1196
0.1391
0.1167
0.1403
0.1174
0.1401
0.1195
0.1394
0.1154
0.1421
0.118
0.1424
0.1192
0.1426
0.1184
0.1476
0.1209
0.1477
0.1218
0.1533
0.1812
0.1428
0.1187
0.1449
0.1193
0.1486
0.1178
0.1413
0.1203
0.147
0.1191
0.1493
0.1215
0.1437
0.119
0.1449
0.1193
0.1443
0.1186
0.1428
0.1199
0.1406
0.1159
0.138
0.1151
0.1416
0.1175
0.1393
0.1161
0.1401
0.1165
0.1439
0.1209
0.1444
0.1188
0.1502
0.1207
0.1429
0.1213
0.1442
0.1185
0.1461
0.1186
0.1446
0.1191
0.1478
0.1232
0.15
0.1224
0.1415
0.12
0.1489
0.1188
0.1318
0.1103
0.1387
0.1172
0.1452
0.1183
0.1465
0.1179
0.1385
0.1191
0.1413
0.1192
0.1428
0.1239
0.1459
0.121
0.1407
0.1155
0.1378
0.1136
0.1459
0.1171
0.1355
0.1168
0.135
0.1154
0.1343
0.115
0.1365
0.1159
0.1396
0.1169
0.137
0.1172
0.1408
0.1201
0.1444
0.1237
0.1425
0.1186
0.1425
0.1171
0.1407
0.1168
0.1371
0.1186
0.1412
0.1183
0.1418
0.1165
0.1396
0.1179
0.1421
0.1187
0.1447
0.119
0.1432
0.1207
0.1471
0.1189
0.1415
0.1175
0.1397
0.1187
0.1396
0.1168
0.1406
0.1174
0.1382
0.1171
0.1452
0.1183
0.1424
0.1185
0.147
0.1189
0.1534
0.1212
0.1401
0.1145
0.135
0.1153
0.1391
0.1198
0.1845
0.116
0.1354
0.115
0.1384
0.1156
0.1387
0.115
0.1379
0.1158
0.1411
0.1185
0.1416
0.1158
0.1432
0.1183
0.1395
0.1158
0.1396
0.1172
0.1422
0.1183
0.143
0.1198
0.1462
0.1194
0.1489
0.1201
0.145
0.1175
0.1451
0.1193
0.1415
0.1196
0.1442
0.1192
0.1472
0.119
0.141
0.1183
0.141
0.117
0.1393
0.1172
0.1366
0.1171
0.1409
0.1149
0.1399
0.1167
0.1359
0.1168
0.1383
0.115
0.1404
0.1162
0.139
0.1182
0.1424
0.118
0.146
0.1183
0.1461
0.1318
0.1447
0.1193
0.1408
0.118
0.1393
0.1191
0.1435
0.1193
0.1477
0.1183
0.1493
0.1234
0.1421
0.1172
0.1442
0.1185
0.1421
0.1175
0.1431
0.1201
0.1465
0.12
0.1536
0.1212
0.1434
0.1397
0.1434
0.1177
0.1401
0.1179
0.1435
0.119
0.1458
0.1185
0.1437
0.1192
0.1409
0.1169
0.1373
0.1141
0.1373
0.1164
0.1407
0.1164
0.1411
0.1146
0.1408
0.1163
0.1408
0.121
0.1451
0.1179
0.1473
0.1218
0.1428
0.1188
0.1447
0.1177
0.1416
0.1181
0.1437
0.1181
0.1438
0.1188
0.1423
0.1196
0.1441
0.1187
0.146
0.1227
0.1443
0.1202
0.1505
0.1218
0.1433
0.1166
0.1434
0.1219
0.1441
0.1175
0.1419
0.1166
0.138
0.1168
0.1393
0.1163
0.1372
0.1193
0.1364
0.1155
0.1411
0.117
0.1349
0.1083
0.1389
0.1168
0.1468
0.1175
0.1464
0.1191
0.1389
0.1175
0.1389
0.1176
0.1395
0.1165
0.1375
0.1189
0.1402
0.1184
0.1412
0.1175
0.1411
0.1182
0.144
0.1199
0.1454
0.1197
0.1466
0.122
0.1419
0.1201
0.141
0.1171
0.1413
0.1187
0.1451
0.1183
0.1469
0.1199
0.1403
0.1186
0.1422
0.1187
0.1383
0.114
0.1346
0.1162
0.1373
0.1158
0.1381
0.1149
0.1353
0.1188
0.1426
0.1153
0.1416
0.1152
0.1401
0.1388
0.1661
0.1216
0.1465
0.1188
0.1811
0.1221
0.1486
0.1267
0.1499
0.1198
0.1483
0.1219
0.1509
0.1227
0.1446
0.1196
0.1409
0.1178
0.1425
0.1184
0.1401
0.1175
0.1389
0.1202
0.1438
0.1182
0.1421
0.1149
0.1362
0.1158
0.1836
0.1244
0.1555
0.1152
0.1365
0.1154
0.1429
0.1154
0.1385
0.1148
0.1374
0.1155
0.1427
0.1186
0.1405
0.1175
0.1415
0.1179
0.1433
0.1211
0.1388
0.1172
0.139
0.1179
0.1387
0.1175
0.1405
0.1175
0.1415
0.1188
0.1648
0.1321
0.1418
0.1204
0.1405
0.1173
0.1453
0.1185
0.146
0.1181
0.1483
0.1208
0.1515
0.1251
0.1653
0.121
0.1484
0.1206
0.1513
0.122
0.1525
0.1251
0.1563
0.1263
0.1567
0.1247
0.1527
0.1236
0.1413
0.1157
0.1389
0.1161
0.1365
0.116
0.1381
0.1166
0.1436
0.1188
0.1435
0.1215
0.1441
0.1193
0.1516
0.1235
0.1598
0.1215
0.1484
0.1223
0.1528
0.1221
0.1515
0.1232
0.149
0.1245
0.1529
0.1212
0.1515
0.1214
0.153
0.1214
0.1447
0.1183
0.1426
0.1179
0.1416
0.1452
0.1906
0.1258
0.1551
0.1207
0.1563
0.1257
0.1631
0.126
0.1571
0.123
0.1775
0.1225
0.1407
0.1179
0.1595
0.1151
0.1373
0.1148
0.1401
0.1169
0.1419
0.115
0.1374
0.1167
0.1388
0.1161
0.1381
0.1156
0.1399
0.1195
0.1464
0.1202
0.1538
0.1216
0.142
0.1187
0.1396
0.1207
0.1952
0.1833
0.1419
0.119
0.1432
0.1209
0.1434
0.1209
0.1394
0.1178
0.1473
0.1177
0.1387
0.1168
0.1989
0.1515
0.1405
0.1161
0.1385
0.1127
0.1708
0.1225
0.1416
0.1162
0.1378
0.1151
0.1403
0.1171
0.1413
0.1163
0.1398
0.1156
0.1386
0.1156
0.1413
0.1172
0.1399
0.1169
0.1398
0.1193
0.191
0.1231
0.2014
0.1713
0.2212
0.1839
0.1524
0.1178
0.1477
0.1168
0.1916
0.1426
0.1986
0.1352
0.1637
0.1215
0.219
0.1933
0.2287
0.1928
0.1906
0.1339
0.1716
0.1362
0.254
0.2461
0.1637
0.121
0.1502
0.1222
0.2194
0.1874
0.1446
0.1164
0.1666
0.1232
0.146
0.118
0.1411
0.1163
0.1682
0.1212
0.1413
0.1163
0.138
0.1188
0.1389
0.1223
0.2041
0.1855
0.1451
0.1189
0.1391
0.1172
0.1392
0.1169
0.1383
0.1157
0.1432
0.1239
0.1421
0.1181
0.1411
0.1178
0.1394
0.1186
0.1386
0.1182
0.139
0.119
0.1424
0.1207
0.1433
0.1227
0.1435
0.1178
0.1491
0.1208
0.1488
0.1253
0.1533
0.1374
0.1545
0.1196
0.1588
0.1153
0.14
0.1151
0.1486
0.1171
0.1414
0.1169
0.1434
0.1171
0.1463
0.1183
0.1461
0.1189
0.1464
0.1189
0.147
0.121
0.1483
0.1227
0.1488
0.1197
0.2131
0.1263
0.1863
0.1272
0.1572
0.1219
0.1563
0.124
0.1654
0.128
0.1537
0.1249
0.1679
0.1205
0.1433
0.122
0.1419
0.1187
0.1795
0.1241
0.1489
0.1186
0.1447
0.1178
0.1444
0.1197
0.1485
0.1196
0.1436
0.1164
0.1413
0.1161
0.139
0.1159
0.1424
0.1168
0.1408
0.1173
0.1804
0.1258
0.1541
0.1205
0.1396
0.1153
0.142
0.118
0.1419
0.1162
0.1533
0.1177
0.1423
0.1167
0.1419
0.1178
0.1418
0.1183
0.1447
0.1193
0.1425
0.1167
0.1417
0.1192
0.1429
0.1188
0.1585
0.1253
0.1432
0.119
0.1463
0.1189
0.1534
0.1242
0.1497
0.1217
0.1546
0.1222
0.1607
0.1263
0.1555
0.1232
0.1673
0.1258
0.1421
0.1166
0.1404
0.1153
0.141
0.1192
0.1409
0.115
0.1384
0.1153
0.1369
0.1149
0.1386
0.1139
0.1393
0.119
0.142
0.1174
0.1477
0.1183
0.1439
0.1188
0.1428
0.1182
0.1691
0.1184
0.1446
0.1189
0.1435
0.1187
0.1401
0.1165
0.1426
0.1207

-------------------------------------
CodechalDecodeHevcG12::SetFrameStates
-------------------------------------
0.7927
6.5648
4.4498
7.4951
28.4224
18.4935
0.1448
0.1112
0.0326
0.0444
0.0416
0.0514
0.0398
0.0345
0.032
0.0498
0.041
0.0453
0.0331
0.0735
0.04
0.0497
0.0364
0.0317
0.0373
0.0337
0.0314
0.0456
0.0464
0.0313
0.044
0.0347
0.0336
0.0484
0.0401
0.033
0.0317
0.052
0.034
0.0343
0.0492
0.0453
0.0497
0.033
0.0467
0.0329
0.0323
0.0315
0.0324
0.0303
0.0303
0.0432
0.0344
0.0313
0.0427
0.0315
0.0318
0.0305
0.032
0.0353
0.0363
0.0321
0.0301
0.0313
0.0436
0.0333
0.0436
0.0321
0.0299
0.0322
0.0308
0.0377
0.033
0.0313
0.0302
0.0299
0.0329
0.0382
0.0343
0.0315
0.0302
0.0299
0.0302
0.0292
0.031
0.0295
0.0303
0.0308
0.0305
0.0303
0.0299
0.0299
0.0297
0.03
0.0302
0.0307
0.03
0.0322
0.0299
0.0303
0.0308
0.031
0.0347
0.03
0.0295
0.0417
0.0324
0.0305
0.031
0.0319
0.0319
0.0301
0.0306
0.0306
0.0307
0.0312
0.0308
0.0305
0.0217
0.0298
0.0306
0.0446
0.0298
0.0301
0.0298
0.029
0.0301
0.0303
0.0298
0.0309
0.0315
0.0307
0.0311
0.0318
0.0313
0.0314
0.0308
0.0304
0.0311
0.0305
0.0296
0.0304
0.0302
0.0347
0.0301
0.0299
0.0289
0.0298
0.0302
0.0302
0.0339
0.0316
0.0318
0.0306
0.0305
0.0298
0.0307
0.0349
0.0363
0.0315
0.0324
0.0307
0.0315
0.0317
0.0308
0.0315
0.0302
0.0303
0.0296
0.0302
0.031
0.0294
0.0304
0.0296
0.03
0.0306
0.0311
0.0315
0.0305
0.0304
0.0304
0.0317
0.0311
0.0316
0.0314
0.0301
0.0309
0.0328
0.0321
0.0299
0.0309
0.0302
0.0308
0.03
0.0284
0.0287
0.0321
0.0292
0.0304
0.0307
0.0304
0.0319
0.0296
0.0293
0.0298
0.0295
0.03
0.0302
0.0302
0.0308
0.032
0.0343
0.03
0.0307
0.0304
0.0303
0.0308
0.0321
0.0301
0.0308
0.03
0.0298
0.0298
0.0292
0.0289
0.029
0.0295
0.0298
0.031
0.0326
0.0304
0.0302
0.0306
0.0309
0.0308
0.0311
0.0305
0.0307
0.0214
0.0287
0.0305
0.0332
0.0302
0.0298
0.0361
0.0306
0.0301
0.0289
0.0293
0.0286
0.0284
0.028
0.0284
0.0292
0.0293
0.029
0.0307
0.0292
0.0497
0.0291
0.0286
0.0294
0.0312
0.0286
0.0294
0.0312
0.0301
0.0313
0.0302
0.0288
0.0298
0.0297
0.029
0.0298
0.0307
0.0305
0.031
0.0301
0.0285
0.0289
0.0301
0.0288
0.0293
0.0297
0.0291
0.0293
0.0302
0.0302
0.0308
0.03
0.0298
0.0313
0.0317
0.0331
0.0307
0.0309
0.0303
0.0304
0.0306
0.0294
0.0295
0.0301
0.0291
0.0313
0.0304
0.0291
0.0289
0.0301
0.0296
0.0305
0.0321
0.0301
0.0304
0.0307
0.0299
0.0297
0.0325
0.0301
0.0306
0.0302
0.0296
0.0302
0.031
0.0297
0.0304
0.0303
0.0294
0.0299
0.0316
0.0301
0.0302
0.0296
0.0286
0.029
0.0302
0.0292
0.0301
0.031
0.0315
0.0299
0.0308
0.0305
0.0309
0.0317
0.0296
0.03
0.0316
0.0308
0.0341
0.0312
0.0306
0.0305
0.0308
0.0294
0.0298
0.0296
0.0288
0.0299
0.0227
0.0295
0.0314
0.0336
0.0295
0.0297
0.0296
0.0289
0.0294
0.0297
0.0302
0.0303
0.031
0.0318
0.0303
0.0302
0.0299
0.0304
0.0308
0.0294
0.0298
0.0436
0.0289
0.0293
0.0308
0.0289
0.0303
0.0315
0.0304
0.0385
0.0341
0.0352
0.032
0.0327
0.0323
0.0316
0.0314
0.0296
0.0297
0.0299
0.0297
0.0307
0.0315
0.0287
0.0402
0.0312
0.029
0.0304
0.0298
0.0293
0.0297
0.0299
0.0297
0.0301
0.0301
0.0286
0.0288
0.03
0.0296
0.0324
0.0299
0.0301
0.0305
0.0309
0.032
0.032
0.0325
0.0308
0.0316
0.0325
0.0333
0.0329
0.0321
0.0301
0.0293
0.0289
0.0286
0.0305
0.0306
0.0306
0.0339
0.0317
0.0312
0.0329
0.0321
0.0311
0.0325
0.0338
0.0315
0.0319
0.0298
0.0298
0.0419
0.0365
0.0333
0.0341
0.0339
0.0342
0.0294
0.0313
0.033
0.03
0.0315
0.0297
0.0295
0.0293
0.0298
0.0316
0.0318
0.0297
0.0293
0.0407
0.0297
0.0299
0.0303
0.0294
0.0344
0.0295
0.0414
0.0307
0.024
0.0415
0.0309
0.0321
0.0291
0.0301
0.0306
0.0297
0.0309
0.0303
0.0304
0.0415
0.0479
0.0513
0.0343
0.0331
0.0375
0.0478
0.0397
0.0475
0.0489
0.0394
0.0378
0.0614
0.0509
0.0339
0.0453
0.0329
0.0373
0.0337
0.0312
0.0389
0.0308
0.0301
0.0307
0.0417
0.0326
0.0304
0.0297
0.03
0.03
0.0312
0.0303
0.0294
0.0299
0.0294
0.03
0.0293
0.0305
0.0322
0.0329
0.0327
0.0346
0.0317
0.0309
0.0306
0.0291
0.0314
0.0311
0.031
0.0319
0.0305
0.031
0.0311
0.047
0.0415
0.0377
0.0337
0.0343
0.033
0.0331
0.0306
0.0318
0.0395
0.034
0.0317
0.031
0.0309
0.0315
0.0298
0.0307
0.0302
0.0296
0.031
0.0303
0.0293
0.0305
0.031
0.0302
0.0302
0.0306
0.0298
0.0305
0.0314
0.0297
0.0305
0.0298
0.0299
0.0313
0.0312
0.0315
0.0325
0.0326
0.032
0.0331
0.0305
0.0292
0.03
0.0306
0.0292
0.0289
0.0295
0.0286
0.0304
0.033
0.0307
0.0299
0.0348
0.0299
0.0303
0.0299
0.0291

--------------------------
CreateVideoDecoder_D3D11_1
--------------------------
20.0313

---------------------------
DestroyVideoDecoder_D3D11_1
---------------------------
0

----------------
First Frame Time
----------------
76.4859

--------------------------------------
VideoDecoderBeginFrame_WDDM2_4_D3D11_1
--------------------------------------
0.0073
0.0026
0.0026
0.003
0.0034
0.0046
0.0036
0.0031
0.0025
0.003
0.0022
0.0038
0.0026
0.003
0.0021
0.0036
0.003
0.0033
0.0021
0.0057
0.0031
0.0032
0.0021
0.0019
0.0027
0.0022
0.0017
0.0025
0.0039
0.002
0.0025
0.0029
0.0022
0.0028
0.0022
0.0019
0.0017
0.0032
0.0023
0.0022
0.0053
0.0035
0.0043
0.0026
0.0026
0.0022
0.0019
0.0017
0.0021
0.0019
0.0017
0.0025
0.002
0.0017
0.0025
0.002
0.0018
0.0016
0.0018
0.0022
0.0022
0.0017
0.0016
0.0029
0.0023
0.0024
0.0035
0.0022
0.0017
0.0021
0.0017
0.0028
0.002
0.0019
0.0016
0.0019
0.0016
0.0028
0.0021
0.002
0.0017
0.0016
0.0015
0.0017
0.0018
0.0017
0.0016
0.0017
0.0017
0.0016
0.0016
0.0017
0.0016
0.0016
0.0032
0.0019
0.0016
0.0016
0.0016
0.0016
0.0015
0.0015
0.0019
0.0015
0.0017
0.0024
0.0018
0.0016
0.0017
0.0016
0.0018
0.0017
0.0016
0.0016
0.0016
0.0016
0.0016
0.0023
0.0017
0.0015
0.0017
0.0017
0.0017
0.0022
0.0017
0.0015
0.0018
0.0018
0.0016
0.0016
0.0017
0.0016
0.0018
0.0017
0.0016
0.0016
0.0017
0.0016
0.0016
0.0017
0.0016
0.0066
0.0016
0.0022
0.0018
0.0016
0.0016
0.0016
0.0016
0.0016
0.0017
0.0017
0.0018
0.0018
0.0017
0.0017
0.0016
0.0019
0.0018
0.0017
0.0019
0.0017
0.0016
0.0016
0.0017
0.0017
0.0017
0.0017
0.0015
0.0016
0.0023
0.0014
0.0016
0.0016
0.0016
0.0016
0.0017
0.0019
0.0017
0.0017
0.0016
0.0018
0.0016
0.0018
0.0018
0.0016
0.0017
0.0019
0.0017
0.0016
0.0017
0.0016
0.0017
0.0021
0.0016
0.0016
0.0016
0.0015
0.0017
0.0017
0.0017
0.0018
0.0017
0.0017
0.0016
0.0016
0.0017
0.0016
0.0016
0.0016
0.0017
0.0035
0.0015
0.0017
0.0015
0.0016
0.0026
0.002
0.0017
0.0016
0.0016
0.0017
0.0019
0.0016
0.0016
0.0016
0.0016
0.0017
0.0016
0.0017
0.0017
0.0017
0.0015
0.0015
0.0017
0.0016
0.002
0.002
0.0019
0.0015
0.0019
0.0019
0.0017
0.0016
0.0016
0.0017
0.0019
0.0016
0.0017
0.0017
0.0016
0.0015
0.0016
0.0016
0.0016
0.0016
0.0017
0.0017
0.0046
0.0017
0.0015
0.0016
0.0017
0.0017
0.0016
0.0017
0.0017
0.0018
0.0017
0.0016
0.0015
0.0016
0.0016
0.0017
0.0016
0.0017
0.0018
0.0019
0.0016
0.0016
0.0016
0.0015
0.0016
0.0016
0.0015
0.0016
0.0015
0.0017
0.0017
0.0015
0.0016
0.0016
0.0016
0.0015
0.0017
0.0016
0.0017
0.0017
0.0016
0.0016
0.0017
0.0015
0.0016
0.0019
0.0018
0.0015
0.0017
0.0015
0.0016
0.0018
0.0017
0.0016
0.0018
0.0017
0.0015
0.0017
0.0035
0.0024
0.0017
0.0016
0.0016
0.0016
0.0017
0.0017
0.0016
0.0014
0.0016
0.0016
0.0016
0.0017
0.002
0.0016
0.0015
0.0017
0.0016
0.0017
0.0016
0.0017
0.0017
0.0017
0.0017
0.0017
0.0018
0.0018
0.0017
0.0016
0.0017
0.0018
0.0017
0.0017
0.0016
0.0018
0.0015
0.0016
0.002
0.0015
0.0016
0.002
0.002
0.0017
0.0018
0.0018
0.0016
0.0016
0.0015
0.0016
0.0016
0.0016
0.0017
0.0017
0.0015
0.0016
0.0017
0.0017
0.0017
0.0016
0.0016
0.0019
0.0017
0.0018
0.0021
0.0017
0.0017
0.0016
0.0018
0.0019
0.0016
0.003
0.0021
0.0028
0.0018
0.0017
0.0018
0.0018
0.0018
0.0017
0.0017
0.0017
0.0016
0.0018
0.002
0.0016
0.0032
0.0019
0.0018
0.0017
0.0017
0.0016
0.0017
0.0016
0.0016
0.0015
0.0016
0.0015
0.0015
0.0016
0.0016
0.0016
0.0016
0.0018
0.0015
0.0016
0.0016
0.0018
0.0018
0.0017
0.0017
0.0017
0.0018
0.0019
0.0017
0.0023
0.0015
0.0015
0.0016
0.0017
0.0015
0.0017
0.0017
0.0017
0.002
0.0017
0.0017
0.0017
0.0018
0.0018
0.0018
0.0018
0.0017
0.0016
0.0034
0.0023
0.002
0.002
0.0021
0.0027
0.0017
0.0021
0.0016
0.0018
0.0022
0.0016
0.0017
0.0016
0.0024
0.0017
0.0017
0.0017
0.0016
0.0019
0.0017
0.0019
0.0018
0.002
0.0091
0.0017
0.0023
0.0024
0.0022
0.0024
0.0019
0.0018
0.0019
0.0016
0.0016
0.0016
0.0016
0.0016
0.0016
0.0033
0.0031
0.0036
0.0021
0.002
0.0028
0.0029
0.0034
0.0035
0.0031
0.0026
0.0022
0.0039
0.0038
0.0022
0.0027
0.0021
0.0027
0.0023
0.0019
0.0017
0.0017
0.0016
0.0015
0.0024
0.002
0.0017
0.0017
0.0017
0.0016
0.0016
0.0016
0.0016
0.0017
0.0015
0.0016
0.0017
0.0016
0.0019
0.0018
0.0017
0.0023
0.0023
0.0019
0.0018
0.0017
0.0017
0.0016
0.0017
0.0017
0.0017
0.0016
0.0016
0.0033
0.0034
0.0024
0.002
0.002
0.0021
0.0019
0.0018
0.0016
0.0031
0.002
0.0016
0.0019
0.0017
0.0023
0.0018
0.0018
0.0017
0.0016
0.0018
0.0019
0.0017
0.0017
0.0018
0.0017
0.0017
0.0016
0.0017
0.0018
0.0018
0.0018
0.0017
0.0017
0.0017
0.0016
0.0017
0.0017
0.002
0.0019
0.0018
0.0019
0.002
0.0016
0.0027
0.0017
0.0017
0.0017
0.0017
0.0015
0.0016
0.0022
0.0018
0.0017
0.0026
0.0017
0.0019
0.0016
0.0017

----------------------------
VideoDecoderEndFrame_D3D11_1
----------------------------
0.0359
0.062
0.0801
0.0958
0.2164
0.0898
0.0608
0.0563
0.0604
0.0942
0.087
0.0803
0.065
0.0585
0.0903
0.0834
0.0688
0.0746
0.0866
0.1122
0.0771
0.0642
0.0639
0.0723
0.0661
0.0848
0.054
0.0716
0.0763
0.0563
0.0536
0.0682
0.0574
0.0824
0.0872
0.0569
0.0752
0.0888
0.0766
0.0607
0.0794
0.0577
0.075
0.0579
0.0804
0.0546
0.056
0.0773
0.0544
0.0538
0.0548
0.0572
0.0553
0.0532
0.0641
0.0557
0.0641
0.0575
0.0564
0.0865
0.0549
0.0537
0.0509
0.0528
0.0787
0.0558
0.0752
0.0502
0.0524
0.0498
0.0517
0.0562
0.0541
0.0519
0.0547
0.0512
0.0645
0.0585
0.053
0.0575
0.0521
0.0521
0.0521
0.0544
0.0537
0.0527
0.0543
0.0525
0.0524
0.0523
0.0531
0.053
0.0537
0.0538
0.0553
0.0531
0.0573
0.0545
0.0531
0.0562
0.0564
0.0538
0.053
0.0518
0.0512
0.0746
0.0522
0.0527
0.0536
0.0578
0.0556
0.0528
0.0532
0.0531
0.0567
0.0546
0.0576
0.0526
0.0506
0.0522
0.053
0.0535
0.053
0.0543
0.0537
0.0526
0.0546
0.0528
0.0536
0.0525
0.0562
0.0557
0.0544
0.0544
0.0541
0.0535
0.0529
0.0546
0.0534
0.0532
0.0541
0.0533
0.0529
0.0539
0.0534
0.0548
0.0528
0.0556
0.0541
0.0547
0.0537
0.0557
0.0568
0.0531
0.0547
0.0554
0.0525
0.0559
0.0562
0.0571
0.055
0.0528
0.0536
0.0577
0.0532
0.0549
0.0531
0.0528
0.0546
0.0552
0.0526
0.0574
0.0548
0.0594
0.0535
0.0528
0.0529
0.0539
0.0552
0.0533
0.0541
0.0551
0.0533
0.0547
0.0534
0.0541
0.0546
0.0535
0.053
0.0532
0.0527
0.054
0.0543
0.0535
0.0536
0.0544
0.0538
0.0564
0.0556
0.0535
0.0551
0.0548
0.052
0.0543
0.0536
0.0527
0.0537
0.0536
0.0537
0.0555
0.0568
0.0588
0.0558
0.0538
0.0545
0.0592
0.0546
0.0552
0.0542
0.0535
0.0536
0.0536
0.0536
0.052
0.0541
0.0519
0.0535
0.0541
0.0541
0.0559
0.0534
0.0523
0.0531
0.0589
0.0591
0.0554
0.053
0.0541
0.0542
0.0541
0.0525
0.0537
0.0531
0.0522
0.0546
0.0541
0.0537
0.0546
0.0528
0.0534
0.054
0.0541
0.0531
0.0521
0.0515
0.0527
0.0565
0.0533
0.0522
0.0539
0.0517
0.0534
0.0525
0.0544
0.0536
0.0558
0.0542
0.0535
0.0528
0.0534
0.0548
0.0562
0.0517
0.0564
0.0546
0.0548
0.0547
0.0522
0.0536
0.0634
0.0534
0.0512
0.0527
0.0537
0.0533
0.0526
0.0523
0.0565
0.0523
0.0532
0.0544
0.0523
0.0534
0.0561
0.0543
0.0534
0.0538
0.0567
0.0545
0.0557
0.0529
0.0545
0.0516
0.0542
0.054
0.053
0.053
0.0525
0.0528
0.0531
0.0561
0.0556
0.0525
0.0551
0.0549
0.0531
0.0607
0.0564
0.0538
0.0528
0.0535
0.0536
0.053
0.0551
0.0553
0.0569
0.0535
0.056
0.0539
0.0534
0.0516
0.0527
0.0528
0.0533
0.0528
0.0552
0.0544
0.0548
0.0546
0.0561
0.0536
0.0549
0.0536
0.0528
0.0542
0.0819
0.0543
0.055
0.0569
0.0545
0.0542
0.0538
0.0519
0.0527
0.0535
0.0555
0.0533
0.052
0.055
0.0554
0.0534
0.0554
0.0529
0.0549
0.0535
0.0553
0.0543
0.0537
0.0533
0.0539
0.0549
0.0545
0.0555
0.0552
0.054
0.0528
0.0538
0.0542
0.0536
0.0525
0.0513
0.0539
0.0542
0.053
0.0568
0.0654
0.0614
0.0569
0.0551
0.0566
0.0539
0.0544
0.0557
0.0553
0.0545
0.0514
0.0525
0.0531
0.0555
0.053
0.0522
0.0548
0.062
0.0546
0.054
0.0529
0.0534
0.054
0.054
0.0524
0.052
0.0537
0.0539
0.0541
0.0539
0.0534
0.0541
0.0542
0.0526
0.0526
0.0532
0.0551
0.0586
0.0578
0.0547
0.0564
0.0551
0.0586
0.077
0.0588
0.0551
0.0536
0.0529
0.055
0.0536
0.053
0.0556
0.0541
0.0564
0.0578
0.0558
0.0549
0.0546
0.0576
0.0545
0.0551
0.0556
0.056
0.0538
0.0537
0.0594
0.0573
0.0547
0.0581
0.0589
0.0561
0.052
0.053
0.0528
0.0555
0.0536
0.0543
0.0533
0.0548
0.0572
0.0553
0.0552
0.0533
0.0524
0.0741
0.0546
0.0535
0.063
0.0549
0.0602
0.0527
0.0571
0.0544
0.0557
0.0561
0.0546
0.0527
0.0548
0.0509
0.0499
0.052
0.0513
0.0514
0.0535
0.0584
0.0832
0.0784
0.0527
0.0545
0.0599
0.0766
0.0594
0.0783
0.0809
0.0578
0.0681
0.0855
0.0565
0.0635
0.0777
0.0556
0.0562
0.0511
0.0567
0.0576
0.0575
0.0535
0.0535
0.0719
0.0545
0.0551
0.0544
0.0579
0.0556
0.054
0.0529
0.0536
0.0524
0.0515
0.0538
0.0527
0.052
0.0547
0.0551
0.0691
0.0578
0.0527
0.0522
0.0521
0.0565
0.0546
0.054
0.0586
0.0539
0.056
0.053
0.0582
0.0622
0.0587
0.0558
0.0565
0.0578
0.0585
0.0558
0.0526
0.0597
0.0586
0.0541
0.0522
0.0531
0.0555
0.0546
0.054
0.0527
0.0539
0.0543
0.0551
0.0539
0.0534
0.0526
0.0527
0.0522
0.0529
0.0548
0.0558
0.0749
0.0535
0.053
0.0522
0.0529
0.0532
0.0549
0.0546
0.0577
0.0578
0.0589
0.056
0.0572
0.0535
0.0524
0.0533
0.0521
0.0526
0.0538
0.0532
0.0527
0.055
0.0563
0.0537
0.0525
0.0554
0.0527
0.0535
0.0527
0.0529

---------------------------------
VideoDecoderSubmitBuffers_D3D11_1
---------------------------------
10.0556
7.8246
31.9278
10.3473
57.1343
19.385
0.7686
0.7332
0.5708
0.726
0.6926
0.8473
0.6114
0.6092
0.7903
0.897
0.6401
0.6177
0.5949
1.1076
0.6328
0.638
0.5888
0.5526
0.4416
0.4211
0.3898
0.5559
0.5912
0.3852
0.5223
0.4733
0.4014
0.6028
0.5917
0.4065
0.4614
0.6182
0.4764
0.4158
0.606
0.4895
0.6294
0.4009
0.6226
0.4102
0.3885
0.5679
0.3868
0.3813
0.3852
0.5149
0.3999
0.3924
0.4372
0.4276
0.3851
0.3861
0.3988
0.5787
0.4153
0.3877
0.3786
0.3923
0.5846
0.3945
0.5841
0.3877
0.375
0.3966
0.3837
0.4377
0.3931
0.381
0.373
0.3813
0.3923
0.4441
0.4331
0.3911
0.3776
0.3776
0.3791
0.4122
0.3786
0.3756
0.3819
0.3844
0.3885
0.3809
0.3812
0.383
0.3824
0.388
0.3925
0.4025
0.3837
0.392
0.3804
0.3785
0.3898
0.403
0.3945
0.3799
0.3742
0.556
0.3924
0.3858
0.393
0.3959
0.4057
0.3879
0.402
0.3905
0.391
0.3968
0.4025
0.3924
0.3756
0.429
0.3824
0.3967
0.3702
0.3722
0.3723
0.3726
0.3752
0.3882
0.3858
0.3926
0.3945
0.3976
0.3967
0.4022
0.3978
0.4008
0.3947
0.392
0.4005
0.3865
0.3831
0.3849
0.3823
0.4321
0.3953
0.3803
0.3729
0.3849
0.3862
0.3927
0.3994
0.4139
0.3992
0.3905
0.3839
0.3816
0.3867
0.4323
0.4218
0.4231
0.4058
0.3936
0.3975
0.4004
0.3968
0.3987
0.3809
0.3859
0.3921
0.3741
0.3917
0.3777
0.3785
0.3773
0.3788
0.3917
0.3932
0.4036
0.4013
0.3878
0.3875
0.4009
0.4004
0.4075
0.3954
0.3976
0.3967
0.4039
0.4364
0.3891
0.3905
0.3886
0.3926
0.3804
0.3688
0.3733
0.3789
0.3773
0.3843
0.3933
0.3925
0.3961
0.3796
0.3781
0.3818
0.3764
0.383
0.3865
0.3871
0.3968
0.4018
0.4755
0.3854
0.3933
0.3955
0.4174
0.3974
0.4035
0.3857
0.3892
0.3884
0.3839
0.3831
0.3744
0.3794
0.377
0.3806
0.3893
0.3922
0.4067
0.3906
0.3896
0.3909
0.39
0.4002
0.4081
0.3952
0.4002
0.3656
0.376
0.3909
0.3952
0.3781
0.3832
0.3968
0.3897
0.3832
0.3752
0.3875
0.3693
0.3683
0.3652
0.3709
0.3773
0.3738
0.3916
0.3962
0.3834
0.4047
0.379
0.3746
0.3824
0.3896
0.3791
0.3805
0.3911
0.3888
0.3941
0.3855
0.3778
0.3822
0.3828
0.3736
0.3883
0.3886
0.3913
0.4082
0.384
0.3675
0.383
0.4237
0.369
0.3758
0.3785
0.3736
0.3844
0.3833
0.3868
0.3773
0.3803
0.3816
0.3888
0.3978
0.3986
0.3892
0.3948
0.3836
0.3929
0.3932
0.3843
0.3802
0.3813
0.374
0.3862
0.3891
0.3722
0.3743
0.3822
0.3801
0.3883
0.4012
0.4058
0.3898
0.3862
0.3805
0.3859
0.4021
0.4009
0.3847
0.3901
0.3816
0.3873
0.3974
0.4058
0.408
0.3896
0.3809
0.3882
0.3956
0.3857
0.388
0.3762
0.3744
0.381
0.3839
0.3807
0.3884
0.3945
0.3983
0.3867
0.3923
0.3838
0.3893
0.3928
0.385
0.3876
0.4023
0.3898
0.409
0.391
0.4016
0.3894
0.3853
0.3733
0.3832
0.381
0.3708
0.3863
0.3701
0.3787
0.395
0.4023
0.3763
0.3771
0.3775
0.3746
0.3815
0.3822
0.381
0.3892
0.3956
0.3971
0.4471
0.3855
0.3821
0.3942
0.3988
0.3799
0.3861
0.3939
0.3702
0.3762
0.3813
0.375
0.3871
0.3872
0.4028
0.4504
0.4001
0.4621
0.4051
0.4056
0.4046
0.4089
0.3962
0.381
0.3827
0.3814
0.3821
0.3918
0.3887
0.3712
0.4761
0.4153
0.3693
0.3817
0.3795
0.3749
0.3852
0.3812
0.3802
0.3891
0.376
0.3743
0.3744
0.3805
0.3829
0.4962
0.3886
0.3808
0.3893
0.3952
0.402
0.4175
0.424
0.3976
0.4052
0.4155
0.42
0.4223
0.4113
0.3882
0.3756
0.3758
0.3779
0.3914
0.3931
0.3893
0.4157
0.4177
0.3991
0.4118
0.4119
0.405
0.4114
0.4143
0.4074
0.3952
0.3837
0.4105
0.5057
0.4236
0.4222
0.4352
0.4249
0.4561
0.3787
0.4038
0.374
0.4313
0.3881
0.3743
0.3774
0.3783
0.3813
0.3962
0.4118
0.3831
0.3813
0.5485
0.3912
0.3943
0.4009
0.381
0.4085
0.3786
0.502
0.3837
0.3817
0.5272
0.3803
0.3778
0.3822
0.3787
0.3759
0.3706
0.3793
0.3791
0.382
0.493
0.5536
0.6117
0.4023
0.4006
0.5015
0.5157
0.4458
0.6032
0.6269
0.4848
0.4627
0.7507
0.4617
0.4086
0.5826
0.3892
0.4425
0.3933
0.3815
0.425
0.3826
0.3788
0.3887
0.5673
0.394
0.3774
0.3759
0.3781
0.3894
0.3853
0.378
0.3723
0.3744
0.3763
0.3868
0.3898
0.3862
0.4006
0.4034
0.4288
0.4177
0.4062
0.3801
0.3919
0.3789
0.3899
0.3934
0.3927
0.4069
0.3937
0.3994
0.4039
0.5429
0.4948
0.4287
0.4194
0.4426
0.4144
0.4388
0.3918
0.3919
0.4713
0.3991
0.3854
0.3887
0.3941
0.3892
0.3785
0.3794
0.3818
0.3773
0.4518
0.3975
0.3742
0.383
0.3814
0.3947
0.3831
0.3828
0.3792
0.4215
0.3871
0.381
0.3849
0.4079
0.3826
0.389
0.4051
0.3967
0.4097
0.4225
0.4094
0.4315
0.3861
0.3999
0.3852
0.3795
0.3738
0.3695
0.3733
0.3773
0.3835
0.4005
0.3877
0.3823
0.4404
0.3852
0.3888
0.3775
0.3813

