---------------------------------------------
CalcPrivateVideoDecoderOutputViewSize_D3D11_1
---------------------------------------------
0.0022
0.0013
0.0009
0.0017
0.0013
0.0045
0.0095
0.0013
0.0011
0.002
0.0013
0.0009
0.002
0.0023
0.001
0.0009
0.001
0.0013
0.0008
0.0029
0.0008
0.0014
0.001
0.0008
0.0013
0.001
0.0009
0.0013
0.0041
0.0021
0.0014
0.0011
0.0012
0.0013
0.001
0.0013
0.0013
0.0021
0.0018
0.0016
0.0017
0.0022
0.0039
0.001
0.0016
0.0024
0.0023
0.0022
0.0023
0.002
0.0019
0.0018
0.0016
0.0016
0.0021
0.0022
0.0021
0.0018
0.002
0.0015
0.0016
0.0022
0.0019
0.0038
0.0036
0.0023
0.0018
0.0019
0.002
0.0014
0.0014
0.0013
0.0017
0.002
0.002
0.0019
0.0021
0.002
0.0017
0.0016
0.0017
0.0016
0.0017
0.0017
0.0016
0.0017
0.0017
0.0015
0.0017
0.0018
0.0017
0.002
0.0017
0.0015
0.0047
0.0017
0.0017
0.002
0.0021
0.0021
0.0016
0.0019
0.0017
0.0024
0.0016
0.0017
0.0017
0.0017
0.0018
0.0021
0.0011
0.002
0.0018
0.0017
0.0017
0.0021
0.0017
0.0016
0.0019
0.0016
0.0021
0.0017
0.0018
0.002
0.0017
0.0023
0.0021
0.0022
0.0016
0.0021
0.0018
0.002
0.0025
0.0017
0.0012
0.0017
0.0017
0.0016
0.0017
0.0015
0.0015
0.0033
0.0008
0.0018
0.002
0.0017
0.0017
0.002
0.0015
0.0017
0.0022
0.0019
0.0021
0.0021
0.0021
0.001
0.0018
0.0045
0.0017
0.0021
0.0035
0.0018
0.001
0.0019
0.0022
0.002
0.0022
0.0012
0.0017
0.0019
0.0017
0.0022
0.0016
0.0018
0.0017
0.0023
0.0024
0.0016
0.0009
0.0016
0.0022
0.001
0.0016
0.0017
0.0016
0.002
0.001
0.002
0.0017
0.0019
0.002
0.0022
0.002
0.0022
0.0011
0.0022
0.0023
0.0023
0.0011
0.0023
0.0018
0.0018
0.0017
0.0017
0.0016
0.0017
0.0016
0.0017
0.0009
0.001
0.0017
0.0046
0.0021
0.0021
0.0016
0.0018
0.0016
0.0022
0.0021
0.0012
0.0017
0.0019
0.0022
0.0021
0.0015
0.0014
0.0021
0.0016
0.0017
0.0022
0.0021
0.002
0.0016
0.0017
0.002
0.0017
0.0023
0.0017
0.0016
0.0017
0.002
0.002
0.0013
0.0047
0.0018
0.0016
0.0017
0.0016
0.0015
0.0021
0.0016
0.0038
0.0019
0.0016
0.0018
0.0017
0.0016
0.0016
0.0016
0.0014
0.0012
0.0014
0.001
0.0019
0.004
0.0016
0.0015
0.0019
0.0015
0.0014
0.0017
0.0013
0.001
0.0017
0.0019
0.0023
0.0025
0.0017
0.0017
0.002
0.0021
0.0039
0.0019
0.0021
0.002
0.0019
0.002
0.002
0.002
0.0021
0.0019
0.0022
0.0022
0.0021
0.0025
0.0043
0.0019
0.002
0.0024
0.0017

-----------------------
CodechalDecode::Execute
-----------------------
1.0687
0.6886
0.6842
0.3507
0.7326
0.4026
0.3381
0.292
0.279
0.2612
0.2444
0.2342
0.2782
0.2614
0.2761
0.2448
0.2424
0.2772
0.2441
0.2898
0.2407
0.2733
0.246
0.2376
0.2516
0.247
0.2375
0.2509
0.2751
0.2627
0.2633
0.2513
0.2713
0.2374
0.2413
0.2601
0.2358
0.2743
0.2859
0.2511
0.268
0.277
0.2841
0.2367
0.2761
0.2703
0.2773
0.2837
0.2716
0.2833
0.2693
0.2401
0.2737
0.2599
0.2984
0.3382
0.2773
0.2704
0.2511
0.2705
0.2531
0.285
0.2641
0.2406
0.2521
0.2741
0.2654
0.2703
0.2719
0.249
0.3299
0.232
0.2679
0.2655
0.2652
0.266
0.2637
0.2664
0.2683
0.2712
0.2666
0.2682
0.2668
0.2635
0.2657
0.2691
0.2686
0.2716
0.2497
0.2649
0.2711
0.2574
0.2582
0.264
0.2665
0.2699
0.2663
0.2651
0.2645
0.2633
0.2658
0.2862
0.2672
0.2658
0.2659
0.2726
0.2655
0.2654
0.2661
0.269
0.233
0.2697
0.2603
0.262
0.2668
0.2627
0.2669
0.2651
0.2565
0.2719
0.2647
0.2624
0.2616
0.2619
0.2635
0.2644
0.265
0.2665
0.7961
0.2651
0.2668
0.2622
0.3175
0.2649
0.2441
0.2661
0.2435
0.2388
0.3043
0.2445
0.2544
0.2554
0.2547
0.2703
0.3151
0.2926
0.2735
0.2696
0.2543
0.273
0.2946
0.2661
0.2662
0.2646
0.2659
0.2416
0.2624
0.261
0.2765
0.2735
0.2666
0.2787
0.2293
0.2644
0.2714
0.2688
0.2687
0.2413
0.2676
0.2643
0.2673
0.265
0.2672
0.2842
0.2549
0.2752
0.2833
0.2668
0.2195
0.2661
0.2835
0.2228
0.2623
0.2666
0.2694
0.2809
0.2301
0.266
0.2621
0.2723
0.2713
0.2694
0.2677
0.2809
0.27
0.269
0.2637
0.2812
0.2307
0.268
0.2624
0.2621
0.265
0.2632
0.262
0.2654
0.2654
0.2665
0.2187
0.2623
0.2617
0.2628
0.2567
0.2612
0.2881
0.2675
0.2609
0.2616
0.2647
0.2385
0.2644
0.2612
0.2634
0.2636
0.264
0.2385
0.2648
0.2661
0.2644
0.267
0.2709
0.2788
0.2702
0.2665
0.2986
0.3716
0.2656
0.3781
0.2757
0.2664
0.3698
0.282
0.3535
0.3039
0.262
0.3489
0.2797
0.3625
0.3583
0.336
0.3631
0.3709
0.3526
0.2779
0.3157
0.3413
0.2514
0.2412
0.2548
0.2443
0.2399
0.2441
0.2685
0.4493
0.2661
0.2901
0.2425
0.3504
0.2585
0.2504
0.2864
0.231
0.4429
0.2793
0.2408
0.4642
0.2875
0.2533
0.2811
0.2751
0.2562
0.269
0.2713
0.3409
0.3256
0.3268
0.2808
0.2694
0.3598
0.31
0.2799
0.3046
0.3228
0.4505
0.3242
0.3927
0.363
0.3417
0.377
0.3234

---------------------------------------
CodechalDecodeHevcG12::DecodeStateLevel
---------------------------------------
0.1465
0.2621
0.3806
0.2008
0.4439
0.136
0.112
0.1382
0.4901
0.1336
0.0818
0.1883
0.0713
0.1469
0.0709
0.1133
0.0365
0.1421
0.0368
0.1208
0.0351
0.1127
0.0345
0.1088
0.0407
0.128
0.0411
0.1181
0.0389
0.1404
0.0374
0.1115
0.0331
0.1133
0.0328
0.1457
0.0341
0.1126
0.035
0.1464
0.0314
0.1144
0.0419
0.1237
0.0365
0.1134
0.0348
0.1094
0.0342
0.1172
0.0336
0.1166
0.0315
0.1142
0.035
0.1169
0.0393
0.1113
0.0391
0.1231
0.041
0.1195
0.0388
0.1081
0.0421
0.1199
0.0337
0.1098
0.0335
0.114
0.0391
0.1124
0.0319
0.1113
0.0406
0.1213
0.045
0.1249
0.0367
0.1131
0.038
0.12
0.0384
0.1244
0.0398
0.127
0.0329
0.1126
0.0386
0.1245
0.0402
0.1195
0.0433
0.1205
0.0455
0.1233
0.0384
0.1213
0.0418
0.12
0.0377
0.1205
0.0334
0.1101
0.0381
0.1235
0.0406
0.1105
0.045
0.126
0.0412
0.1195
0.0383
0.1218
0.0398
0.1165
0.0379
0.1028
0.039
0.1238
0.0355
0.1157
0.0464
0.1144
0.0396
0.1234
0.0378
0.1084
0.0354
0.1143
0.0389
0.1249
0.0387
0.1206
0.0401
0.1205
0.0395
0.1197
0.0344
0.1093
0.0438
0.1614
0.0339
0.1069
0.0391
0.1183
0.0399
0.1174
0.0383
0.1196
0.0394
0.119
0.0381
0.1187
0.0396
0.1196
0.0417
0.1192
0.0415
0.1183
0.0392
0.1202
0.0388
0.1187
0.0384
0.1191
0.0386
0.1186
0.0381
0.1181
0.04
0.118
0.041
0.1187
0.0438
0.1171
0.0378
0.1048
0.0373
0.1184
0.0382
0.1254
0.0374
0.1127
0.0381
0.1134
0.039
0.1165
0.0408
0.1137
0.0418
0.1172
0.038
0.1176
0.0376
0.1174
0.0387
0.1158
0.0376
0.1172
0.0378
0.1172
0.0407
0.1335
0.0407
0.1167
0.0404
0.1156
0.0386
0.1174
0.0371
0.1216
0.0382
0.1172
0.0378
0.1186
0.0383
0.1184
0.0396
0.1199
0.034
0.1088
0.0405
0.1172
0.0376
0.1166
0.0375
0.118
0.0381
0.1183
0.0376
0.1175
0.0381
0.1189
0.0397
0.1176
0.0399
0.1064
0.0422
0.1184
0.0385
0.1192
0.0377
0.115
0.0373
0.1167
0.0374
0.1177
0.0383
0.1155
0.0393
0.1176
0.0409
0.1166
0.041
0.1174
0.0383
0.1175
0.0385
0.118
0.0384
0.1184
0.0379
0.1172
0.0483
0.143
0.0418
0.1163
0.0377
0.1094
0.0461
0.1148
0.0352
0.1097
0.0333
0.1108
0.0504
0.1303
0.0355
0.1108
0.0354
0.1195
0.0339
0.1251
0.0438
0.1104
0.0396
0.1195
0.0387
0.1297
0.0399
0.1322
0.0398
0.1215
0.0387
0.1211
0.041
0.1007
0.0418
0.1189
0.0491
0.1215
0.0428
0.1096
0.0398
0.116
0.0386
0.1163
0.038
0.118
0.0324
0.1116
0.0395
0.1139
0.0375
0.1172
0.0451
0.1185
0.0415
0.1189
0.039
0.1165
0.0401
0.1246
0.0323
0.1068
0.0381
0.116
0.038
0.1228
0.0401
0.1171
0.0404
0.1176
0.0352
0.1085
0.0374
0.1195
0.0371
0.1176
0.0381
0.1202
0.0374
0.1182
0.0377
0.1206
0.0452
0.1263
0.0409
0.1116
0.0422
0.1207
0.0404
0.1292
0.0376
0.1195
0.0334
0.0939
0.0373
0.1198
0.0415
0.1284
0.0341
0.1008
0.0406
0.1125
0.0403
0.1177
0.0386
0.1194
0.0402
0.1267
0.0314
0.1098
0.0377
0.1182
0.0372
0.1161
0.0425
0.1206
0.0418
0.1197
0.0415
0.1174
0.038
0.1204
0.0397
0.1279
0.0412
0.1247
0.0386
0.1201
0.0379
0.117
0.0448
0.1234
0.0338
0.1085
0.0408
0.1186
0.0375
0.117
0.0373
0.1169
0.0376
0.1181
0.0383
0.1184
0.0371
0.1177
0.0405
0.1177
0.0398
0.1196
0.0408
0.1173
0.0347
0.0927
0.0373
0.1174
0.0371
0.118
0.0383
0.1122
0.038
0.1118
0.0394
0.1143
0.0635
0.1148
0.041
0.1164
0.0377
0.1165
0.0373
0.1164
0.0381
0.119
0.0329
0.1093
0.0377
0.1175
0.0396
0.1146
0.0402
0.1144
0.0401
0.1151
0.0406
0.1131
0.0325
0.1104
0.0385
0.1191
0.0382
0.12
0.0385
0.1189
0.0403
0.1188
0.0409
0.1216
0.0415
0.1212
0.0383
0.1196
0.0381
0.121
0.0465
0.1242
0.049
0.1768
0.0387
0.12
0.0567
0.1772
0.0488
0.1037
0.0411
0.1176
0.0501
0.1727
0.0403
0.1206
0.0508
0.1547
0.049
0.129
0.0389
0.1238
0.0472
0.1686
0.0431
0.1205
0.0498
0.1656
0.046
0.1708
0.0542
0.1516
0.0481
0.1739
0.0501
0.1764
0.0486
0.1692
0.0388
0.1282
0.0501
0.1286
0.0432
0.1567
0.0377
0.1152
0.0349
0.1111
0.0368
0.1153
0.0339
0.1125
0.0325
0.1143
0.038
0.1105
0.0475
0.113
0.0607
0.251
0.0394
0.1196
0.0451
0.1231
0.0335
0.1146
0.0459
0.1734
0.0422
0.1018
0.0372
0.1137
0.0445
0.1259
0.0374
0.1021
0.0525
0.2184
0.0459
0.1183
0.0344
0.109
0.0701
0.2131
0.0429
0.1338
0.0377
0.1134
0.0437
0.1221
0.0419
0.1213
0.0356
0.1222
0.0391
0.1184
0.0402
0.119
0.0458
0.1605
0.0473
0.156
0.0479
0.157
0.0416
0.1193
0.0417
0.1175
0.0523
0.1702
0.0509
0.1267
0.0406
0.1262
0.0487
0.1328
0.0504
0.1317
0.0603
0.1866
0.0558
0.1384
0.057
0.1843
0.0512
0.1652
0.0583
0.144
0.0517
0.1673
0.0489
0.1415

-------------------------------------
CodechalDecodeHevcG12::SetFrameStates
-------------------------------------
0.4265
0.0094
0.0079
0.009
0.0084
0.0112
0.0127
0.009
0.0081
0.0097
0.0078
0.0069
0.0095
0.0088
0.0089
0.0089
0.0067
0.0075
0.0085
0.0095
0.008
0.0095
0.0067
0.0077
0.0105
0.0074
0.0065
0.007
0.0119
0.0079
0.0078
0.007
0.0093
0.0074
0.0067
0.0096
0.0071
0.0095
0.0097
0.0089
0.0095
0.0096
0.0102
0.0075
0.0095
0.0097
0.0096
0.0095
0.0098
0.0126
0.0098
0.0091
0.0097
0.0114
0.0137
0.0433
0.0126
0.0111
0.0097
0.0094
0.0095
0.0126
0.0089
0.009
0.009
0.0098
0.0099
0.01
0.0097
0.0109
0.0099
0.0087
0.0103
0.0097
0.0096
0.0096
0.0096
0.0096
0.0097
0.0094
0.0096
0.0114
0.0109
0.0095
0.0113
0.011
0.0095
0.0104
0.0095
0.0095
0.0094
0.0092
0.0093
0.0104
0.0109
0.0109
0.0109
0.0109
0.011
0.0096
0.0105
0.011
0.0096
0.0095
0.0098
0.0098
0.0096
0.0097
0.0097
0.0096
0.0074
0.0117
0.0094
0.0096
0.0116
0.0096
0.0109
0.0094
0.0102
0.0107
0.0095
0.0108
0.0093
0.0094
0.0112
0.0094
0.0093
0.0095
0.0339
0.0104
0.0124
0.0095
0.0122
0.0097
0.0098
0.0097
0.0092
0.0075
0.0185
0.0092
0.0083
0.0097
0.0093
0.0097
0.0096
0.0121
0.0114
0.0095
0.0103
0.0099
0.0126
0.0093
0.0093
0.0095
0.0095
0.0088
0.012
0.0093
0.0099
0.0095
0.0098
0.0098
0.0074
0.0094
0.0096
0.0095
0.0095
0.0086
0.0094
0.0103
0.0097
0.0096
0.0097
0.0098
0.0106
0.0097
0.0095
0.0096
0.0076
0.0096
0.01
0.0072
0.0093
0.0094
0.0109
0.0099
0.0074
0.0094
0.0095
0.0094
0.0096
0.0095
0.0097
0.0097
0.0099
0.0094
0.0096
0.0098
0.0075
0.0095
0.0095
0.0096
0.0108
0.0095
0.0094
0.0095
0.0094
0.0097
0.0076
0.0095
0.0095
0.0117
0.0095
0.0092
0.0108
0.0106
0.0097
0.0095
0.0094
0.009
0.0106
0.0095
0.0097
0.0096
0.0118
0.0093
0.0095
0.0094
0.0096
0.0099
0.0095
0.0096
0.0136
0.0096
0.0122
0.0125
0.0094
0.0127
0.0125
0.0097
0.0128
0.0144
0.0125
0.0129
0.0086
0.0117
0.0119
0.0109
0.0127
0.0129
0.0122
0.0129
0.0118
0.0093
0.0116
0.0122
0.0084
0.0077
0.0091
0.0087
0.0072
0.0074
0.0093
0.0158
0.0101
0.0112
0.0076
0.0114
0.0112
0.0078
0.01
0.0074
0.012
0.0108
0.0082
0.0176
0.012
0.0102
0.0129
0.0099
0.0088
0.0098
0.0099
0.0119
0.0125
0.0099
0.0131
0.0099
0.0126
0.0136
0.0134
0.0128
0.0146
0.0181
0.0146
0.0137
0.0144
0.0171
0.0147
0.0187

--------------------------
CreateVideoDecoder_D3D11_1
--------------------------
21.6685
17.7726
15.7011
11.6572

---------------------------
DestroyVideoDecoder_D3D11_1
---------------------------
13.9231
14.0966
46.2891
0

---------------------
DxvaEncodeHEVC_Create
---------------------
21.5076
17.6224
15.5545

-----------------------
DxvaEncodeHEVC_EndFrame
-----------------------
0.0017
0.0011
0.0012
0.0012
0.0012
0.0008
0.0014
0.0009
0.0008
0.0012
0.0007
0.0009
0.0007
0.0018
0.0009
0.0007
0.0008
0.0007
0.0006
0.002
0.0006
0.0007
0.0005
0.0008
0.0006
0.0009
0.0006
0.0007
0.0032
0.0006
0.0006
0.0007
0.0004
0.0005
0.0006
0.0004
0.001
0.0006
0.0007
0.0006
0.0006
0.0008
0.0016
0.0006
0.0005
0.0009
0.0009
0.0005
0.0008
0.0008
0.0009
0.0008
0.0011
0.0009
0.0009
0.0007
0.0008
0.0007
0.0008
0.0009
0.0008
0.0009
0.0008
0.0028
0.0009
0.0011
0.0012
0.0009
0.0008
0.0008
0.0008
0.0008
0.0007
0.0009
0.0008
0.0009
0.0008
0.0008
0.0008
0.0009
0.0009
0.0008
0.0009
0.0008
0.0008
0.001
0.0009
0.0009
0.0008
0.0007
0.0008
0.0008
0.0008
0.0009
0.0034
0.0008
0.0008
0.0008
0.0008
0.0008
0.0008
0.0008
0.0008
0.0008
0.0009
0.0009
0.0008
0.0008
0.0008
0.0009
0.0009
0.0008
0.0008
0.0009
0.0007
0.0008
0.0008
0.0008
0.0008
0.0009
0.0008
0.0008
0.0008
0.0007
0.0008
0.0008
0.0008
0.0008
0.0008
0.0009
0.0011
0.0008
0.0008
0.0009
0.0007
0.0008
0.0008
0.0008
0.0009
0.0009
0.0008
0.0043
0.0009
0.0009
0.0008
0.001
0.0008
0.0008
0.0008
0.0008
0.0009
0.0008
0.0008
0.001
0.0008
0.0009
0.0008
0.0008
0.0007
0.0008
0.0009
0.0008
0.0008
0.0009
0.0009
0.0008
0.0008
0.0008
0.0008
0.0009
0.0008
0.0009
0.0009
0.0006
0.0008
0.0008
0.0009
0.0006
0.0008
0.0008
0.0008
0.0008
0.0008
0.0008
0.0008
0.0007
0.0007
0.0008
0.0008
0.0008
0.0007
0.0008
0.0009
0.0008
0.0007
0.0009
0.0009
0.0008
0.0009
0.0008
0.0009
0.0008
0.0009
0.0008
0.0007
0.0007
0.0009
0.0008
0.0008
0.0008
0.0008
0.0039
0.0008
0.0008
0.0009
0.0008
0.0008
0.0008
0.0008
0.0008
0.0008
0.0008
0.0008
0.0009
0.0008
0.0009
0.0013
0.0011
0.0011
0.0009
0.0008
0.0008
0.0008
0.001
0.0008
0.0009
0.0008
0.0009
0.0008
0.0011
0.001
0.001
0.0012
0.0009
0.0008
0.0011
0.001
0.0007
0.0007
0.0008
0.0007
0.0012
0.0007
0.0008
0.0011
0.0007
0.0007
0.0008
0.0007
0.0011
0.0007
0.0008
0.0011
0.0008
0.0007
0.0007
0.0008
0.0008
0.0007
0.0008
0.0009
0.0009
0.0021
0.0008
0.0008
0.0009
0.0008
0.0008
0.0013
0.0012
0.0009
0.0011
0.001
0.0013
0.001
0.0008
0.0008
0.0011
0.0012
0.0011
0.0012
0.001
0.0013
0.0009
0.0008
0.0008
0.0009
0.001
0.0006
0.0008

----------------------
DxvaEncodeHEVC_Execute
----------------------
0.0028
0.0011
12.3711
7.8158
0.283
5.4867
0.6401
1.5145
0.471
1.8532
0.3394
1.2181
0.2315
1.0954
0.3156
1.1408
0.0239
0.8503
0.027
0.8787
0.0177
0.7681
0.0158
0.9851
0.0205
0.8479
0.0174
0.7773
0.0199
0.967
0.0332
0.777
0.0195
0.9372
0.0248
0.7769
0.0177
0.7634
0.0177
0.8092
0.0182
0.7631
0.0216
0.8455
0.0158
0.7733
0.0164
0.8063
0.0201
0.8119
0.0281
0.8788
0.027
0.8177
0.022
0.8826
0.0163
0.8696
0.0187
0.7548
0.0182
0.7606
0.0151
0.7918
0.0349
0.7421
0.013
0.731
0.0122
0.7385
0.0123
0.7244
0.0119
0.8315
0.0227
0.7418
0.0124
0.7878
0.0146
0.7568
0.0127
0.7505
0.0136
0.8419
0.0171
0.7282
0.0124
0.7863
0.0154
0.762
0.0119
0.851
0.0181
0.8224
0.0189
0.7416
0.0119
0.8359
0.0142
0.7621
0.0129
0.8245
0.0153
0.8289
0.0145
0.8473
0.0165
0.8425
0.0139
0.8416
0.0151
0.8274
0.0167
0.8484
0.0134
0.8059
0.014
0.8399
0.0141
0.8498
0.0139
0.8259
0.016
0.8495
0.0141
0.8375
0.0156
0.8724
0.0176
1.1615
0.0202
1.1871
0.0169
1.3781
0.0187
1.719
0.0142
1.2621
0.0129
0.8304
0.0142
0.835
0.0134
0.8516
0.0136
0.8341
0.0135
1.3981
0.0149
1.3898
0.0136
0.8404
0.0144
0.8263
0.0135
1.3849
0.0138
1.3742
0.0139
0.8147
0.0134
1.3842
0.0142
1.3834
0.014
0.8115
0.0135
1.3842
0.0138
1.3765
0.0138
0.8489
0.0138
1.3423
0.014
1.3802
0.0142
0.8227
0.0138
0.7828
0.0136
0.8122
0.0147
0.8171
0.0132
0.8251
0.0133
0.8204
0.0141
0.8215
0.0134
0.8162
0.0165
0.813
0.0137
0.8179
0.0135
0.8294
0.0139
0.8307
0.0135
0.8207
0.0139
0.8216
0.0203
0.8143
0.0135
0.8177
0.0136
0.8263
0.0133
1.7613
0.0133
0.8018
0.0139
1.4847
0.0137
1.3737
0.0134
0.7763
0.0131
1.3902
0.0134
1.3896
0.0136
1.3856
0.0138
1.3724
0.0139
1.3746
0.0136
1.3784
0.0134
1.3813
0.0135
1.3791
0.0135
1.3714
0.0132
1.3844
0.0137
1.3248
0.0142
1.3542
0.0143
1.37
0.0132
1.3319
0.0127
1.3858
0.0133
0.8084
0.0137
0.8332
0.0136
0.8537
0.0136
0.8183
0.015
0.8132
0.0141
1.1714
0.0177
0.9104
0.0139
1.1093
0.0162
0.7948
0.0171
0.8328
0.0149
0.8027
0.0138
0.8271
0.0141
0.8894
0.0155
1.4039
0.0326
0.8263
0.0145
0.7914
0.0135
1.0007
0.0166
0.8662
0.0171
0.8926
0.0135
1.0545
0.0132
0.8412
0.0165
0.8285
0.0144
0.8218
0.0132
0.8291
0.0138
0.8577
0.0132
0.8398
0.0135
0.8345
0.0136
0.8309
0.0141
0.8875
0.0176
0.8234
0.0134
0.8228
0.0136
0.8437
0.0272
0.8481
0.0173
0.7524
0.013
0.8808
0.0158
0.8536
0.0136
0.8509
0.0143
0.8028
0.0136
0.822
0.0132
0.9296
0.0138
0.8586
0.0134
0.8232
0.0135
0.8868
0.0137
0.818
0.0139
0.8872
0.0136
0.7387
0.0125
0.8439
0.0164
0.8652
0.0143
0.7348
0.0124
0.8083
0.0155
0.8643
0.0139
0.7487
0.0152
0.7191
0.0124
0.8662
0.0132
0.8081
0.0134
0.8882
0.0134
0.8063
0.0137
0.7896
0.0135
0.8678
0.0138
0.8507
0.0134
0.7533
0.0131
0.7341
0.0129
0.9079
0.016
0.8694
0.014
0.8842
0.014
0.7333
0.012
0.8425
0.0157
0.8491
0.0134
0.8124
0.0133
0.7248
0.0121
0.865
0.0137
0.8857
0.0136
0.8018
0.0138
0.8789
0.0144
0.9001
0.0134
0.8815
0.0132
0.7971
0.0135
0.8753
0.0138
0.8021
0.0138
0.8336
0.0137
0.7936
0.014
0.8156
0.014
0.8021
0.0136
0.8235
0.0132
0.8227
0.0138
0.7892
0.0139
0.8207
0.0136
0.8225
0.0168
0.7985
0.0138
0.8234
0.014
0.8251
0.0141
0.8791
0.0138
0.8148
0.0139
0.793
0.0152
0.8263
0.0134
0.8175
0.014
0.8225
0.0136
0.8886
0.0136
0.8037
0.0146
0.8286
0.0134
0.8462
0.0143
1.1823
0.0183
1.259
0.0176
1.1613
0.0179
0.8866
0.0136
0.8311
0.0139
0.8256
0.0136
0.8265
0.0139
0.8886
0.0136
0.82
0.0136
0.8332
0.0148
0.8332
0.0178
0.8827
0.0138
0.825
0.0137
0.8965
0.0173
0.7933
0.0181
1.0706
0.0161
1.2087
0.0179
1.0756
0.0157
1.1717
0.0169
1.1853
0.0179
1.0475
0.033
0.9688
0.0152
0.8658
0.0173
0.8874
0.0151
0.8277
0.0154
0.8516
0.0182
0.8401
0.0158
0.9128
0.0139
1.1071
0.0188
0.8016
0.016
0.7783
0.0138
0.873
0.0168
0.8475
0.0149
1.1567
0.0253
0.8221
0.0147
0.8053
0.0145
1.0458
0.016
0.8134
0.0158
0.8357
0.0161
0.8149
0.0178
0.7744
0.0142
0.8148
0.0128
0.7715
0.0135
0.8035
0.0137
0.8384
0.0156
0.9758
0.0181
1.23
0.0243
0.9353
0.0168
0.8786
0.0148
0.8619
0.0176
0.8236
0.0143
0.8442
0.0183
0.9193
0.0178
0.9891
0.0179
1.0602
0.0175
1.1994
0.0223
0.8671
0.0184
1.1509
0.0184
1.172
0.0176
1.0265
0.0182
1.1063
0.0139
0.8731
0.0186
1.1116
0.0182
1.3258
0.0203
1.0844
0.0183
0.8754
0.0177
1.2267
0.0175
0.9392
0.0162
1.009
0.0165
0.9173
0.0177
0.887
0.0184
1.2471
0.0194
0.8308
0.0134
0.8878
0.0155
0.0184

----------------
First Frame Time
----------------
141.613

----------------------
HEVC_QueryStatusReport
----------------------
0.2808
0.6368
0.4696
0.3378
0.2302
0.314
0.0225
0.0255
0.0164
0.0146
0.019
0.0163
0.0162
0.032
0.0178
0.0235
0.0166
0.0152
0.017
0.0184
0.0146
0.0153
0.0187
0.0269
0.0256
0.0207
0.0152
0.0172
0.017
0.0141
0.0329
0.012
0.0112
0.0113
0.0109
0.0212
0.0114
0.0135
0.0117
0.0125
0.0157
0.0115
0.0145
0.0109
0.0167
0.0147
0.0109
0.0128
0.0118
0.0138
0.0131
0.0148
0.0128
0.0138
0.0153
0.0121
0.0128
0.0129
0.0127
0.0146
0.013
0.0142
0.0157
0.0185
0.0152
0.0169
0.0129
0.0118
0.0131
0.0122
0.0125
0.0123
0.0136
0.0124
0.0131
0.0123
0.0125
0.0127
0.0123
0.0128
0.0127
0.0122
0.0127
0.0125
0.0125
0.0127
0.013
0.0126
0.0124
0.0133
0.012
0.0121
0.0127
0.0122
0.0153
0.0124
0.0124
0.0126
0.0123
0.0126
0.0191
0.0123
0.0124
0.0121
0.012
0.0127
0.0126
0.0122
0.0119
0.0123
0.0123
0.0126
0.0128
0.0125
0.0121
0.0124
0.0123
0.012
0.0126
0.013
0.0132
0.012
0.0117
0.0121
0.0124
0.0125
0.0125
0.0133
0.0128
0.0158
0.0127
0.013
0.0153
0.0136
0.0127
0.0128
0.0141
0.0314
0.013
0.0123
0.0153
0.016
0.0124
0.0119
0.0153
0.0129
0.0121
0.0125
0.0121
0.0121
0.0124
0.0129
0.0157
0.0123
0.0124
0.0261
0.0124
0.0119
0.0145
0.0125
0.013
0.0124
0.012
0.0126
0.0121
0.0124
0.0125
0.0128
0.0123
0.0114
0.0152
0.013
0.0113
0.0142
0.0126
0.0137
0.0114
0.012
0.0123
0.0121
0.0124
0.0123
0.0126
0.0122
0.012
0.0118
0.0147
0.0128
0.0128
0.011
0.0145
0.0122
0.0121
0.011
0.0126
0.0125
0.0125
0.0123
0.0122
0.0119
0.0123
0.0125
0.0127
0.0124
0.0129
0.0127
0.0124
0.012
0.0125
0.0125
0.0123
0.0156
0.0126
0.0129
0.0129
0.0126
0.0126
0.014
0.0122
0.0128
0.0124
0.0123
0.0133
0.0122
0.013
0.0163
0.0158
0.0162
0.0123
0.0126
0.0123
0.0126
0.0123
0.0123
0.0135
0.0124
0.0125
0.0125
0.0153
0.0163
0.0145
0.0159
0.014
0.0155
0.016
0.0313
0.0138
0.016
0.0137
0.014
0.0163
0.0145
0.0127
0.0171
0.0144
0.0125
0.0155
0.0137
0.0235
0.0133
0.0131
0.0146
0.0143
0.0148
0.0165
0.0127
0.0117
0.0124
0.0122
0.0143
0.0161
0.0222
0.0156
0.0135
0.0157
0.013
0.0144
0.0159
0.0162
0.0156
0.0205
0.0166
0.0164
0.0158
0.0163
0.0125
0.0167
0.0166
0.0183
0.0165
0.0159
0.016
0.0146
0.0151
0.0159
0.0168
0.0178
0.0123
0.0142
0.0159

--------------------------------------
VideoDecoderBeginFrame_WDDM2_4_D3D11_1
--------------------------------------
0.0081
0.0024
0.0022
0.0029
0.0052
0.0025
0.0047
0.0029
0.0028
0.0033
0.002
0.0022
0.0029
0.0032
0.0024
0.0017
0.0026
0.0022
0.0023
0.0038
0.002
0.0023
0.0023
0.002
0.0023
0.0044
0.0018
0.0021
0.0046
0.0023
0.0022
0.0021
0.002
0.0022
0.002
0.0027
0.0027
0.0032
0.0029
0.0033
0.0033
0.003
0.0036
0.003
0.0039
0.004
0.0034
0.0033
0.0032
0.0042
0.0037
0.0028
0.0034
0.0032
0.0043
0.0039
0.0037
0.0031
0.0034
0.0035
0.0035
0.0039
0.0033
0.004
0.0032
0.0031
0.0049
0.004
0.0036
0.0036
0.0029
0.0027
0.0031
0.0036
0.004
0.0036
0.0037
0.0038
0.0039
0.0032
0.0037
0.0035
0.0037
0.0038
0.0037
0.0036
0.0037
0.0035
0.0035
0.004
0.0038
0.0033
0.0039
0.0028
0.0053
0.0031
0.0036
0.0036
0.0039
0.0038
0.0039
0.0037
0.0039
0.0029
0.0037
0.0037
0.0038
0.0035
0.0037
0.003
0.0021
0.0037
0.0035
0.004
0.0038
0.0033
0.0037
0.0037
0.0038
0.0038
0.0039
0.0036
0.0037
0.0033
0.0038
0.0033
0.004
0.0051
0.0036
0.004
0.0038
0.0041
0.0031
0.0033
0.0023
0.0025
0.0028
0.0023
0.003
0.0032
0.0032
0.0043
0.0021
0.0035
0.0038
0.0033
0.0033
0.0028
0.0035
0.004
0.0039
0.003
0.003
0.0028
0.003
0.0031
0.0036
0.0038
0.0039
0.003
0.003
0.0028
0.0029
0.0038
0.003
0.0029
0.0028
0.003
0.0029
0.004
0.004
0.0031
0.0037
0.003
0.0037
0.003
0.003
0.0031
0.0021
0.0032
0.0036
0.0032
0.0038
0.0032
0.0032
0.0028
0.0026
0.0028
0.0033
0.0033
0.0034
0.0028
0.0034
0.003
0.0026
0.003
0.0028
0.003
0.0029
0.0036
0.0038
0.0034
0.0036
0.0035
0.0035
0.0032
0.0035
0.0031
0.002
0.006
0.0036
0.0064
0.0033
0.0035
0.0036
0.0033
0.0037
0.003
0.0031
0.0033
0.0038
0.0036
0.0031
0.0034
0.0034
0.003
0.0039
0.0034
0.0038
0.0038
0.003
0.0033
0.0031
0.0034
0.0037
0.0038
0.0036
0.0036
0.0039
0.0039
0.0093
0.0039
0.006
0.004
0.0029
0.0038
0.0038
0.0028
0.0034
0.004
0.0031
0.0041
0.0037
0.0032
0.003
0.0025
0.0024
0.0032
0.0031
0.003
0.0031
0.0023
0.0019
0.0049
0.0031
0.0029
0.0029
0.0036
0.0029
0.0025
0.003
0.0021
0.0028
0.0025
0.0034
0.0049
0.0035
0.0033
0.0039
0.0037
0.0041
0.0046
0.0042
0.0209
0.0036
0.0043
0.0045
0.0034
0.0038
0.0037
0.0039
0.004
0.0043
0.0049
0.004
0.0041
0.0038
0.0039
0.0046
0.0037

----------------------------
VideoDecoderEndFrame_D3D11_1
----------------------------
0.0329
0.0541
0.0803
0.1136
0.1065
0.0045
0.1035
0.0034
0.0553
0.0042
0.0562
0.0029
0.0528
0.0053
0.0572
0.0029
0.0574
0.0036
0.0593
0.0058
0.0586
0.0028
0.0633
0.0029
0.0022
0.052
0.0025
0.0558
0.0051
0.0576
0.0036
0.0534
0.0025
0.0558
0.0021
0.0529
0.0025
0.0557
0.0025
0.0568
0.0024
0.0571
0.006
0.0535
0.0022
0.0555
0.0027
0.0532
0.0021
0.0545
0.0026
0.0583
0.0022
0.0574
0.0028
0.0576
0.0023
0.0579
0.0024
0.0579
0.0047
0.0535
0.0022
0.0559
0.0021
0.0554
0.002
0.057
0.0019
0.055
0.0021
0.0604
0.0018
0.0017
0.059
0.0554
0.0028
0.0575
0.0019
0.0587
0.0022
0.0019
0.0588
0.0579
0.0019
0.0583
0.0026
0.0588
0.0029
0.0589
0.002
0.0569
0.0017
0.0571
0.0054
0.0563
0.0027
0.0562
0.0018
0.0565
0.0028
0.0575
0.0022
0.0562
0.0029
0.058
0.0026
0.0591
0.003
0.0593
0.0026
0.0591
0.0026
0.0565
0.0028
0.0597
0.0027
0.0643
0.0025
0.06
0.0027
0.0596
0.0027
0.0572
0.0028
0.0588
0.0027
0.0614
0.0026
0.0589
0.0049
0.0588
0.0035
0.0584
0.0035
0.0071
0.0571
0.0774
0.0618
0.0538
0.0027
0.005
0.0583
0.0027
0.0596
0.0028
0.0578
0.0027
0.0611
0.0025
0.06
0.0027
0.0614
0.0027
0.0543
0.0027
0.0591
0.0027
0.0621
0.0028
0.0618
0.0028
0.0592
0.0026
0.0584
0.0027
0.0605
0.0027
0.0588
0.0026
0.0607
0.0027
0.0565
0.0025
0.0594
0.0029
0.0578
0.0027
0.0581
0.0028
0.059
0.0026
0.0561
0.0023
0.059
0.0026
0.0604
0.0025
0.0596
0.0027
0.0583
0.0027
0.0594
0.0052
0.0598
0.0027
0.0596
0.0034
0.0591
0.0026
0.0564
0.0027
0.0573
0.0026
0.0564
0.0027
0.0563
0.0026
0.0561
0.0027
0.0576
0.006
0.0578
0.0027
0.0578
0.0586
0.0028
0.0027
0.0591
0.0027
0.054
0.0027
0.0634
0.0024
0.0647
0.0028
0.0584
0.0036
0.0605
0.0029
0.0604
0.0027
0.0592
0.0027
0.0595
0.0026
0.0609
0.0027
0.0605
0.0026
0.0585
0.0027
0.0601
0.0028
0.0621
0.0026
0.0607
0.0026
0.06
0.0026
0.0023
0.0579
0.0025
0.0708
0.0027
0.0587
0.0026
0.0605
0.0028
0.0598
0.0026
0.0585
0.0028
0.0607
0.0039
0.0612
0.0028
0.057
0.0032
0.0806
0.0032
0.0545
0.0025
0.0699
0.0026
0.0578
0.0028
0.057
0.0029
0.0039
0.0575
0.053
0.0027
0.0573
0.0027
0.0658
0.0062
0.0609
0.0027
0.0583
0.0028
0.0578
0.0034
0.0576
0.0028
0.0586
0.0026
0.0595
0.0026
0.0567
0.0028
0.0563
0.0027
0.0623
0.0027
0.0561
0.0027
0.0546
0.0026
0.0536
0.0032
0.0563
0.0027
0.0567
0.0026
0.0578
0.0063
0.0591
0.0027
0.0022
0.0578
0.054
0.0027
0.0558
0.0027
0.0583
0.0027
0.0573
0.0026
0.0565
0.0026
0.0554
0.0028
0.0578
0.0026
0.0597
0.0027
0.0582
0.0028
0.0575
0.0026
0.0572
0.0028
0.0021
0.0583
0.0548
0.0027
0.0623
0.0029
0.0021
0.0584
0.0025
0.0574
0.0543
0.0027
0.0589
0.0029
0.0019
0.0587
0.0561
0.0027
0.059
0.0027
0.058
0.0028
0.0579
0.0027
0.0026
0.0588
0.0565
0.0025
0.0563
0.0027
0.0572
0.0023
0.0687
0.0021
0.0575
0.0028
0.0575
0.0028
0.0595
0.0026
0.002
0.0588
0.0569
0.0026
0.058
0.0027
0.0569
0.0027
0.002
0.0583
0.0578
0.0027
0.0585
0.0027
0.0588
0.0026
0.0598
0.0027
0.062
0.0027
0.0547
0.0027
0.0573
0.0027
0.0609
0.0027
0.0557
0.0028
0.0026
0.0602
0.0561
0.0026
0.0618
0.0027
0.0587
0.0025
0.0606
0.0026
0.0604
0.0027
0.0593
0.0027
0.0554
0.0058
0.0596
0.0025
0.057
0.0026
0.0611
0.0026
0.0582
0.0026
0.0576
0.0026
0.0579
0.0027
0.0627
0.0025
0.0605
0.0027
0.0582
0.0025
0.0593
0.0025
0.0579
0.0026
0.0589
0.0028
0.0599
0.0027
0.0586
0.0027
0.0591
0.004
0.058
0.0037
0.0595
0.0036
0.0606
0.0028
0.0588
0.0026
0.0614
0.0029
0.1249
0.0027
0.06
0.0028
0.0801
0.0027
0.0593
0.0071
0.06
0.0027
0.1071
0.0026
0.0709
0.0027
0.0826
0.0035
0.0598
0.0037
0.0925
0.0035
0.0847
0.0039
0.0869
0.0028
0.0909
0.003
0.0895
0.0036
0.0864
0.0035
0.1811
0.0026
0.0562
0.0025
0.0816
0.0025
0.0574
0.0022
0.0845
0.0035
0.0748
0.0025
0.0568
0.0027
0.0761
0.0036
0.0563
0.0023
0.0555
0.0025
0.0547
0.0025
0.058
0.0027
0.0534
0.0036
0.0579
0.0023
0.0733
0.0025
0.0603
0.0038
0.0554
0.0028
0.0775
0.0025
0.0548
0.0026
0.0023
0.0539
0.0025
0.0572
0.0566
0.0021
0.1093
0.0025
0.0337
0.0029
0.0709
0.003
0.0667
0.0046
0.0603
0.0027
0.0576
0.0027
0.0572
0.0042
0.0583
0.0027
0.0586
0.0026
0.0737
0.0036
0.0873
0.0037
0.0879
0.0031
0.0568
0.0037
0.0742
0.0034
0.0708
0.0037
0.0583
0.0037
0.1062
0.0028
0.0765
0.0028
0.075
0.0036
0.0591
0.0037
0.1438
0.0037
0.0982
0.0038
0.0761
0.0031
0.0873
0.0042
0.1231
0.0031
0.0357
0.0035
0.0581
0.0059
0.0663
0.0026
0.018
0.0023
0.0029

---------------------------------
VideoDecoderSubmitBuffers_D3D11_1
---------------------------------
1.2071
0.7138
0.7077
0.3683
0.7478
0.4308
0.3586
0.316
0.297
0.2775
0.261
0.2538
0.2987
0.2802
0.2916
0.2606
0.2586
0.2936
0.2588
0.3066
0.2535
0.2903
0.2603
0.2532
0.2679
0.2631
0.2531
0.2684
0.2949
0.28
0.2804
0.2688
0.2872
0.2531
0.2573
0.279
0.2496
0.2938
0.3091
0.2681
0.2878
0.2965
0.3081
0.2507
0.2968
0.2901
0.2972
0.3032
0.2911
0.3073
0.289
0.2565
0.2939
0.2796
0.3226
0.3621
0.3
0.291
0.2706
0.2945
0.2732
0.3082
0.2815
0.2563
0.2715
0.294
0.2953
0.2949
0.3037
0.2677
0.3478
0.2476
0.6217
0.285
0.2898
0.2852
0.2847
0.286
0.2895
0.2905
0.2865
0.2916
0.288
0.2827
0.2861
0.2897
0.2882
0.2915
0.2725
0.2845
0.2917
0.2768
0.2773
0.2852
0.2895
0.2897
0.2865
0.2859
0.2845
0.2826
0.2876
0.3065
0.2872
0.2854
0.2859
0.2925
0.2859
0.2861
0.2861
0.2886
0.2461
0.2923
0.2811
0.2816
0.2869
0.2823
0.2875
0.2845
0.2795
0.2922
0.2847
0.2829
0.281
0.2825
0.2842
0.2844
0.2841
0.2869
0.8164
0.2849
0.2867
0.2814
0.3375
0.2839
0.2616
0.2838
0.261
0.2553
0.3403
0.2617
0.2729
0.2722
0.2699
0.2899
0.3351
0.3159
0.294
0.2889
0.2766
0.2928
0.3176
0.2858
0.2855
0.2842
0.2856
0.2578
0.2832
0.2791
0.2968
0.2927
0.2864
0.3014
0.2427
0.2844
0.2909
0.2881
0.2891
0.257
0.2869
0.2842
0.287
0.2845
0.2867
0.3067
0.2729
0.2957
0.3054
0.2859
0.2358
0.2867
0.3058
0.2365
0.2814
0.2892
0.2902
0.3029
0.2434
0.2858
0.2817
0.2918
0.2917
0.2888
0.287
0.3043
0.2852
0.2881
0.2834
0.3028
0.244
0.2878
0.2819
0.2818
0.2856
0.2845
0.2814
0.2854
0.2846
0.2855
0.2334
0.2826
0.2808
0.286
0.2761
0.2802
0.3086
0.2873
0.2797
0.2814
0.2842
0.2551
0.2848
0.2803
0.2827
0.2831
0.2847
0.2544
0.2849
0.2854
0.2877
0.289
0.2904
0.2993
0.2912
0.2869
0.3211
0.3978
0.285
0.4014
0.2995
0.2868
0.3926
0.3018
0.3782
0.3269
0.2813
0.3702
0.3004
0.3824
0.3807
0.36
0.3851
0.3939
0.375
0.2965
0.3376
0.3614
0.268
0.2592
0.2764
0.2651
0.2558
0.2613
0.2866
0.4768
0.2888
0.3114
0.2599
0.372
0.2796
0.2662
0.3064
0.2453
0.4632
0.2983
0.2582
0.5674
0.3127
0.2739
0.3045
0.297
0.2733
0.2891
0.2918
0.3643
0.3473
0.3471
0.3015
0.2886
0.3839
0.3342
0.3008
0.3278
0.3471
0.4809
0.3495
0.4179
0.3891
0.3703
0.4052
0.3527

