--------------------------
CreateVideoDecoder_D3D11_1
--------------------------
20.8621
19.1799
16.5517

---------------------------
DestroyVideoDecoder_D3D11_1
---------------------------
13.4945
13.2308
0

----------------
First Frame Time
----------------
0

----------------------------
VideoDecoderEndFrame_D3D11_1
----------------------------
0.0041
0.0031
0.0033
0.0026
0.0028
0.0026
0.0039
0.0028
0.0024
0.0028
0.0023
0.002
0.002
0.0047
0.002
0.002
0.0028
0.002
0.0021
0.004
0.0021
0.0025
0.0021
0.0022
0.0021
0.002
0.0021
0.0021
0.004
0.0024
0.002
0.002
0.002
0.0022
0.0021
0.0023
0.0022
0.0026
0.002
0.0019
0.0024
0.0021
0.0041
0.0023
0.0025
0.0022
0.002
0.0027
0.0025
0.0021
0.002
0.0027
0.0021
0.0023
0.0021
0.0021
0.0024
0.0025
0.0022
0.0021
0.0021
0.0021
0.0025
0.0042
0.0031
0.0024
0.0029
0.0022
0.0026
0.0027
0.0025
0.0021
0.002
0.0021
0.002
0.0035
0.0023
0.003
0.0023
0.0025
0.0023
0.002
0.0022
0.0025
0.0021
0.0021
0.0023
0.0019
0.0027
0.0025
0.0022
0.0026
0.0021
0.0021
0.0047
0.0021
0.0021
0.0022
0.0022
0.0023
0.0021
0.0019
0.0026
0.002
0.0021
0.0021
0.0025
0.0026
0.0022
0.0023
0.0026
0.002
0.0023
0.0034
0.0022
0.0024
0.002
0.0021
0.0023
0.0024
0.0022
0.0024
0.0022
0.0021
0.0024
0.0021
0.0022
0.0024
0.0021
0.0024
0.002
0.0021
0.0024
0.0021
0.0024
0.0023
0.0021
0.0022
0.0023
0.0023
0.0024
0.0046
0.0025
0.0021
0.0021
0.0024
0.0022
0.0024
0.0022
0.0024
0.0023
0.0023
0.0021
0.0023
0.0023
0.0021
0.0022
0.0022
0.002
0.0024
0.0023
0.0024
0.0021
0.0025
0.0022
0.0021
0.0023
0.0026
0.0022
0.0027
0.0024
0.0023
0.0022
0.002
0.0021
0.0021
0.002
0.0025
0.0023
0.0022
0.0025
0.0024
0.0023
0.0025
0.0027
0.0021
0.0024
0.0023
0.0026
0.002
0.0021
0.0022
0.0026
0.0027
0.0021
0.0024
0.0026
0.0021
0.002
0.0023
0.0023
0.0024
0.0027
0.0023
0.0023
0.0023
0.0021
0.0021
0.0022
0.002
0.0023
0.0048
0.0023
0.0022
0.0022
0.0024
0.0025
0.0022
0.0023
0.0021
0.0022
0.0024
0.0021
0.0025
0.0021
0.0022
0.0028
0.0024
0.002
0.0025
0.002
0.003
0.0025
0.0021
0.0022
0.0021
0.0022
0.0022
0.0019
0.0022
0.0025
0.0022
0.003
0.0023
0.0018
0.0023
0.0022
0.0021
0.0026
0.002
0.0026
0.0023
0.0021
0.0022
0.002
0.0022
0.0024
0.0021
0.0023
0.0021
0.0023
0.0022
0.0022
0.0022
0.0025
0.0023
0.0023
0.002
0.0021
0.0024
0.0022
0.0023
0.0023
0.002
0.0021
0.0024
0.002
0.0022
0.0025
0.0021
0.0023
0.0022
0.0021
0.0025
0.0022
0.0022
0.0024
0.0024
0.0024
0.0021
0.0021
0.0023
0.0021
0.0022
0.0022
0.0024
0.0021
0.0022
0.0021
0.0025

