---------------------------------------------
CalcPrivateVideoDecoderOutputViewSize_D3D11_1
---------------------------------------------
0.0022
0.0018
0.0013
0.003
0.0026
0.0016
0.0022
0.001
0.0011
0.0017
0.001
0.0009
0.0013
0.0023
0.0012
0.0014
0.0012
0.0017
0.0009
0.0033
0.0015
0.0009
0.0012
0.0015
0.0015
0.0011
0.001
0.0009
0.0019
0.0009
0.001
0.0014
0.0008
0.0012
0.0013
0.0011
0.0011
0.0014
0.001
0.001
0.0011
0.0008
0.0016
0.0021
0.0019
0.002
0.0017
0.0018
0.0019
0.0015
0.0019
0.0021
0.0019
0.0016
0.0009
0.0022
0.001
0.0011
0.0015
0.0013
0.002
0.0022
0.0017
0.003
0.0017
0.0023
0.0014
0.0017
0.0019
0.0019
0.0016
0.0023
0.0011
0.0026
0.0011
0.0026
0.0019
0.002
0.0012
0.0025
0.0019
0.0022
0.0016
0.0021
0.0019
0.0014
0.002
0.0018
0.0014
0.0022
0.0016
0.0018
0.0018
0.0018
0.0049
0.0019
0.0023
0.0019
0.0016
0.002
0.0016
0.0013
0.002
0.0022
0.0009
0.0016
0.0022
0.0021
0.0015
0.0011
0.0019
0.0018
0.002
0.0016
0.0019
0.0021
0.0013
0.0024
0.002
0.0019
0.0021
0.0021
0.0013
0.002
0.0019
0.002
0.0019
0.002
0.0021
0.0018
0.0017
0.002
0.0019
0.002
0.002
0.0013
0.002
0.002
0.002
0.0012
0.0015
0.0057
0.002
0.0016
0.0026
0.0019
0.0012
0.0021
0.0013
0.0021
0.0031
0.0023
0.0016
0.0019
0.0023
0.0014
0.0021
0.0018
0.0014
0.0023
0.0012
0.0019
0.0022
0.0014
0.0012
0.002
0.0021
0.0019
0.0017
0.0012
0.0015
0.0027
0.0017
0.002
0.002
0.0013
0.002
0.0015
0.0018
0.0016
0.0014
0.0017
0.0016
0.0016
0.0015
0.0014
0.0016
0.0019
0.0025
0.0019
0.0017
0.0044
0.0019
0.0037
0.0014
0.0018
0.0019
0.0022
0.0014
0.0018
0.0019
0.0019
0.0018
0.0018
0.0019
0.0015
0.002
0.0013
0.0023
0.0016
0.0017
0.0028
0.0017
0.0019
0.0021
0.0019
0.0016
0.0018
0.0014
0.0021
0.0022
0.0022
0.002
0.0019
0.002
0.0021
0.0013
0.0013
0.0012
0.0022
0.0021
0.0019
0.0021
0.0019
0.0023
0.0016
0.0015
0.0016
0.0023
0.0019
0.0019
0.0011
0.001
0.0012
0.002
0.001
0.0018
0.002
0.0019
0.0018
0.0017
0.0019
0.002
0.0016
0.0019
0.0019
0.0014
0.001
0.001
0.0019
0.0019
0.0016
0.0013
0.0013
0.0014
0.0022
0.0019
0.0019
0.002
0.0019
0.0012
0.0008
0.0019
0.0019
0.0026
0.0021
0.002
0.0018
0.0019
0.0019
0.0017
0.0018
0.0019
0.0019
0.002
0.0019
0.002
0.0017
0.0016
0.0016
0.0012
0.0013
0.002
0.0024
0.0011
0.0009
0.001
0.002
0.0021
0.0019
0.002
0.0019
0.002
0.0012
0.0011
0.0009
0.0009
0.001
0.0008
0.0016
0.0015
0.002
0.0023
0.0019
0.0019
0.0021
0.0047
0.0016
0.0019
0.0018
0.0019
0.002
0.002
0.0016
0.0026
0.0019
0.0022
0.0019
0.0019
0.0017
0.002
0.0014
0.0016
0.002
0.002
0.0017
0.002
0.0021
0.0019
0.0016
0.0019
0.0018
0.0016
0.0022
0.0014
0.0012
0.0011
0.0019
0.0019
0.0019
0.0021
0.0016
0.0021
0.0019
0.0016
0.0016
0.002
0.0019
0.002
0.002
0.0018
0.002
0.002
0.0015
0.002
0.002
0.0016
0.0019
0.0021
0.0015
0.001
0.001
0.0008
0.0008
0.0007
0.0009
0.0024
0.002
0.0014
0.0008
0.0016
0.0022
0.0021
0.0019
0.002
0.0017
0.002
0.0019
0.0016
0.0018
0.002
0.0018
0.0022
0.0021
0.0019
0.0019
0.0018
0.0019
0.0022
0.0019
0.0024
0.0013
0.0012
0.0009
0.0012
0.0015
0.0011
0.0011
0.0009
0.0012
0.0017
0.0013
0.0012
0.0009
0.001
0.0012
0.001
0.0011
0.0012
0.0009
0.0014
0.0022
0.0012
0.0015
0.0011
0.0011
0.0016
0.0017
0.0017
0.0011
0.0008
0.0016
0.0021
0.002
0.0021
0.0018
0.0017
0.0022
0.002
0.0021
0.0009
0.0011
0.0009
0.0021
0.001
0.0023
0.0012
0.001
0.0009
0.0009
0.002
0.0016
0.0019
0.0021
0.0017
0.0016
0.0023
0.0011
0.0016
0.0016
0.0016
0.0015
0.0016
0.0015
0.0023
0.002
0.0021
0.0022
0.0021
0.0021
0.0015
0.0016
0.0021
0.0021
0.0053
0.0016
0.0021
0.0018
0.0018
0.0012
0.0023
0.0011
0.002
0.0011
0.0013
0.0008
0.0021
0.0019
0.0018
0.0019
0.0019
0.0014
0.0021
0.0019
0.0019
0.0014
0.0024
0.0019
0.0013
0.0019
0.0019
0.0018
0.0018
0.0018
0.002
0.0019
0.0021
0.0021
0.002
0.0019
0.0013
0.0019
0.0021
0.002
0.0017
0.0019
0.0021
0.0013
0.002
0.002
0.0012
0.002
0.0021
0.0011
0.0021
0.0019
0.0019
0.0016
0.0023
0.0022
0.0022
0.0152
0.0015
0.0021
0.0022
0.002
0.0018
0.0017
0.0014
0.0021
0.0017
0.0021
0.0019
0.0017
0.0019
0.0012
0.0018
0.0009
0.0009
0.0009
0.0008
0.0009
0.0017
0.002
0.0016
0.0021
0.0016
0.0016
0.0017
0.0016
0.0016
0.002
0.0019
0.002
0.0013
0.0008
0.0017
0.0109
0.0019
0.0014
0.0015
0.0021
0.002
0.0019
0.002
0.0019
0.0017
0.0019
0.0016
0.0017
0.0021
0.0016
0.0011
0.0021
0.0022
0.0016
0.0018
0.0018
0.0022
0.001
0.0017
0.0016
0.0019
0.002
0.002
0.0016
0.0015
0.0021
0.0013
0.0018

-----------------------
CodechalDecode::Execute
-----------------------
10.015
2.4868
5.8217
3.1718
9.3857
4.7528
0.8369
0.7897
0.7023
0.6749
0.7047
0.6845
0.6688
0.7538
0.7103
0.7302
0.6493
0.6683
0.6908
0.7359
0.7438
0.6865
0.7615
0.6961
0.57
0.5213
0.5402
0.4974
0.5032
0.5067
0.5227
0.5561
0.5373
0.4862
0.5287
0.5087
0.4953
0.5052
0.5218
0.5035
0.6133
0.9836
0.6077
0.9505
0.6127
0.5391
0.9287
0.5559
0.9361
0.9245
0.917
0.5658
0.557
0.5181
0.4778
0.5682
0.5159
0.4987
0.4912
0.4994
0.5457
0.5322
0.5436
0.5044
0.5141
0.5422
0.4979
0.5942
0.543
0.5493
0.4992
0.551
0.4873
0.5427
0.4958
0.5433
0.5364
0.5364
0.4951
0.5479
0.5398
0.6858
0.5192
0.5068
0.5366
0.4963
0.5461
0.5452
0.5211
0.5372
0.5369
0.5456
0.5538
0.5419
0.5434
0.5476
0.5546
0.5345
1.8228
0.5462
0.54
0.4998
0.5509
0.5465
0.528
0.5403
0.5428
0.5439
0.5157
0.4971
0.5711
0.5505
0.5712
0.5566
0.5618
0.5677
0.5088
0.5597
0.5759
0.5742
1.5802
0.5458
0.5045
0.5701
0.5805
0.5712
0.5642
0.5465
0.5663
0.5755
0.5031
0.5086
0.556
0.5706
0.5837
0.5017
0.5525
0.5616
0.5677
0.5019
0.5119
0.5847
0.5752
0.5058
0.5483
0.5636
0.4877
0.5406
0.4934
0.5675
0.5514
0.5347
0.5533
0.5442
0.5386
0.4945
0.5525
0.5424
0.5015
0.5399
0.4886
0.5423
0.5433
0.5202
0.4962
0.5711
0.5392
0.5716
0.5372
0.5047
0.492
0.5617
0.5541
0.5675
0.5634
0.4985
0.588
0.5491
0.5184
0.5175
0.5627
0.5201
0.7881
0.5467
0.4956
0.4986
0.5361
0.5472
0.6211
0.5994
0.5203
0.56
0.5454
0.5217
0.538
0.5227
0.5477
0.5477
0.5116
0.551
0.5461
0.5428
0.5378
0.5573
0.5502
0.5144
0.5396
0.5098
0.537
0.5135
0.5534
0.5007
0.9476
0.9018
0.94
0.5531
0.6962
0.9248
0.5219
0.6628
0.5409
0.5405
0.5524
0.5666
0.552
0.5818
0.5083
0.5049
0.4971
0.5574
0.5793
0.5705
0.5483
0.6308
0.5458
0.4966
0.6086
0.6859
0.5438
0.5448
1.6437
0.4912
0.5364
0.4895
0.543
0.5302
0.5543
0.5655
0.5684
0.5035
0.5443
0.5701
0.5673
0.5473
0.5795
0.5712
0.5035
0.4973
0.4954
0.5854
0.5718
0.5423
0.5179
0.4977
0.5136
0.5376
0.5421
0.5453
0.5467
0.5453
0.5121
0.482
0.5728
0.5664
0.5412
0.5684
0.5711
0.544
0.5756
0.5647
0.5469
0.5485
0.5665
0.5709
0.5705
0.5691
0.5663
0.5829
0.6635
0.7506
0.4954
0.5012
0.5819
0.5423
0.5027
0.5098
0.5043
0.5741
0.5726
0.5716
0.5477
0.5635
0.5693
0.5027
0.495
0.547
0.4853
0.4883
0.4952
0.552
0.5057
0.5442
0.5392
0.5376
0.5204
0.5433
0.5484
0.5465
0.5691
0.5669
0.5407
0.5622
0.5636
0.5069
0.5538
0.5675
0.5474
0.5732
0.5611
0.5397
0.5675
0.5184
0.5371
0.573
0.5652
0.5039
0.5526
0.5751
0.5682
0.5439
0.5679
0.5505
0.5311
0.5506
0.5123
0.4966
0.4832
0.5612
0.55
0.5783
0.5712
0.5444
0.5645
0.5698
0.5425
0.5508
0.5684
0.5424
0.5718
0.5865
0.4835
0.5682
0.5703
0.5414
0.5678
0.5768
0.548
0.5029
0.5866
0.5404
0.4914
0.491
0.4871
0.4953
0.5443
0.4986
0.5312
0.5442
0.5228
0.472
0.5827
0.5939
0.5562
0.5695
0.5563
0.5465
0.5879
0.5699
0.5419
0.549
0.5632
0.5423
0.5647
0.5391
0.5633
0.5778
0.565
0.5756
0.5668
0.5579
0.5627
0.5273
0.5217
0.5066
0.5364
0.5625
0.4995
0.5079
0.5151
0.5439
0.546
0.5268
0.4955
0.5136
0.5633
0.5111
0.4891
0.5019
0.5967
0.5274
0.5421
0.5493
0.5433
0.5341
0.5676
0.9333
0.9216
0.5572
0.9255
0.9702
0.9647
0.5706
0.9225
0.5711
0.9255
0.9195
0.5515
0.6073
0.9341
0.9143
0.9508
0.9538
0.953
1.4137
1.3683
0.9434
0.9789
0.9792
0.9653
0.9547
0.6419
0.5736
0.5835
0.9131
0.5618
0.9151
0.917
0.9707
0.5251
0.5331
0.5344
0.5411
0.5244
0.5395
0.5363
0.5326
0.5294
0.5319
0.5342
0.5308
0.5352
0.5474
0.5354
0.5448
0.516
0.5429
0.564
0.5345
0.5503
0.5071
0.5201
0.4818
0.5525
0.5553
0.5197
0.495
0.5799
0.566
0.5456
0.5702
0.5583
0.5088
0.5756
0.5472
0.5747
0.531
0.5771
0.5766
0.4993
0.5559
0.5656
0.5475
0.5459
0.5505
0.5535
0.5558
0.5652
0.5474
0.5649
0.5663
0.4972
0.5786
0.5443
0.5615
0.5409
0.5682
0.5696
0.4967
0.5788
0.5674
0.4934
0.5782
0.5627
0.4929
0.5595
0.5683
0.5672
0.5087
0.5532
0.5615
0.5562
0.5068
0.5088
0.5667
0.5537
0.5623
0.56
0.4956
0.4917
0.5495
0.4976
0.5588
0.5751
0.5479
0.5538
0.5246
0.4839
0.4965
0.4933
0.4911
0.4835
0.4875
0.5307
0.5274
0.5293
0.543
0.5361
0.547
0.546
0.5058
0.5445
0.5453
0.5358
0.5445
0.5015
0.5154
0.5413
0.5457
0.5562
0.5052
0.4922
0.5773
0.5586
0.5665
0.5548
0.5393
0.5456
0.5297
0.547
0.5338
0.5357
0.5808
0.5229
0.5681
0.5357
0.5453
0.5341
0.5428
0.5493
0.5236
0.5468
0.5814
0.5324
0.5558
0.5517
0.5428
0.5433
0.542
0.4983
0.5507

---------------------------------------
CodechalDecodeHevcG12::DecodeStateLevel
---------------------------------------
0.2594
0.3923
3.8018
0.3202
0.2345
0.2926
2.072
0.2321
2.3231
0.5077
0.208
1.8916
4.0763
0.2329
4.3583
0.2118
0.1978
3.8852
0.2216
0.1805
0.2091
0.2004
0.166
0.2027
0.1481
0.1653
0.202
0.1313
0.1659
0.1967
0.1449
0.1649
0.1984
0.1642
0.1656
0.2028
0.1367
0.1641
0.2108
0.1639
0.1938
0.2147
0.1441
0.1707
0.2026
0.1837
0.1635
0.1997
0.1194
0.1621
0.1951
0.1247
0.1636
0.1966
0.1247
0.1617
0.2024
0.1641
0.1826
0.2101
0.1538
0.1758
0.2129
0.1394
0.1665
0.1997
0.1576
0.1804
0.2593
0.1482
0.1708
0.2165
0.0972
0.179
0.1523
0.0822
0.1688
0.1493
0.0885
0.173
0.1527
0.0777
0.1578
0.1472
0.0769
0.1608
0.1466
0.0775
0.163
0.1483
0.0813
0.1677
0.1501
0.0883
0.1844
0.1482
0.0782
0.1656
0.1748
0.0695
0.1588
0.1454
0.0785
0.1745
0.1471
0.078
0.1644
0.1449
0.0758
0.1595
0.1454
0.0789
0.1608
0.1459
0.0813
0.1674
0.1515
0.0771
0.1612
0.1473
0.0703
0.1549
0.1432
0.0712
0.1596
0.1445
0.0708
0.1595
0.1463
0.107
0.1821
0.1511
0.1024
0.1683
0.1478
0.0887
0.1641
0.1461
0.1239
0.2171
0.153
0.0926
0.1657
0.1482
0.1129
0.2398
0.2242
0.0762
0.1567
0.1454
0.0862
0.166
0.1486
0.1016
0.169
0.1526
0.1017
0.1666
0.1488
0.0849
0.1621
0.1464
0.0715
0.1535
0.1446
0.1012
0.1676
0.1495
0.0806
0.1641
0.1501
0.0755
0.1589
0.1469
0.0754
0.1553
0.1452
0.076
0.1583
0.1471
0.0924
0.1665
0.1499
0.0879
0.1627
0.1477
0.0905
0.1673
0.1509
0.0773
0.1599
0.1465
0.0775
0.1683
0.1465
0.0864
0.1709
0.1502
0.0732
0.1583
0.1475
0.1583
0.1624
0.1467
0.0883
0.1669
0.1494
0.0913
0.1685
0.1509
0.0738
0.1599
0.1462
0.0889
0.1715
0.1488
0.0731
0.1567
0.1447
0.0872
0.1724
0.149
0.0732
0.1614
0.1489
0.0864
0.1714
0.1493
0.0889
0.1639
0.1481
0.0885
0.1667
0.1477
0.0735
0.1584
0.1482
0.0897
0.173
0.148
0.0871
0.1686
0.15
0.1103
0.2208
0.1984
0.0772
0.1598
0.1531
0.0786
0.1596
0.145
0.0875
0.1666
0.1479
0.0752
0.1563
0.1452
0.0885
0.1716
0.1468
0.0904
0.1653
0.1544
0.0868
0.1604
0.1462
0.0855
0.167
0.1497
0.0885
0.1641
0.1482
0.0913
0.1669
0.148
0.0915
0.1698
0.1526
0.09
0.1667
0.1495
0.0908
0.1651
0.1487
0.089
0.1669
0.1499
0.0933
0.1672
0.1503
0.0869
0.167
0.1464
0.0908
0.1903
1.1547
0.092
0.1683
0.1502
0.0903
0.1669
0.1504
0.0747
0.1602
0.1481
0.089
0.1761
0.1502
0.0912
0.1687
0.1497
0.0919
0.1632
0.1485
0.0848
0.1726
0.151
0.0878
0.1704
0.1489
0.0886
0.1687
0.1498
0.0811
0.1628
0.1477
0.0814
0.1575
0.1469
0.0986
0.1713
0.151
0.0902
0.1713
0.1518
0.0969
0.1728
0.1507
0.0916
0.1726
0.1514
0.0936
0.1691
0.1501
0.0976
0.169
0.1499
0.0753
0.1651
0.1498
0.0914
0.1778
0.15
0.1013
0.1728
0.1509
0.0982
0.1722
0.1513
0.0736
0.1636
1.0692
0.0873
0.1721
0.1499
0.0757
0.1637
0.1458
0.0932
0.1778
0.1479
0.0967
0.1728
0.1572
0.0982
0.1712
0.1524
0.0963
0.1678
0.1486
0.0913
0.1679
0.1506
0.0938
0.1722
0.1506
0.0959
0.1764
0.1521
0.074
0.1633
0.1467
0.0735
0.1652
0.1481
0.092
0.1755
0.1484
0.0969
0.1706
0.1515
0.0989
0.1745
0.1543
0.0748
0.1619
0.1473
0.0888
0.1746
0.1492
0.0933
0.17
0.1493
0.0934
0.1723
0.1519
0.0767
0.1603
0.1467
0.076
0.1664
0.1473
0.0936
0.1781
0.1499
0.0983
0.1731
0.1507
0.0753
0.1623
0.15
0.0859
0.1759
0.1503
0.096
0.1703
0.1499
0.0705
0.1578
0.1454
0.087
0.1705
0.1506
0.0724
0.1584
0.1464
0.0934
0.1747
0.15
0.0911
0.1662
0.1481
0.0862
0.1648
0.149
0.0864
0.1801
0.1534
0.0866
0.1702
0.1509
0.0866
0.1687
0.1473
0.071
0.1599
0.1474
0.0879
0.1756
0.1513
0.0899
0.1672
0.149
0.077
0.159
0.1477
0.088
0.169
0.1481
0.0694
0.1581
0.1465
0.0841
0.1732
0.1515
0.088
0.1689
0.1498
0.0767
0.1648
0.1466
0.0759
0.1571
0.1441
0.0945
0.1748
0.15
0.0893
0.1667
0.147
0.0978
0.1722
0.1513
0.0858
0.1699
0.1494
0.0763
0.1608
0.1459
0.0731
0.1605
0.1478
0.0896
0.1806
0.1511
0.0917
0.1753
0.1491
0.0969
0.1705
0.1496
0.0955
0.1684
0.1496
0.0742
0.1612
0.147
0.0926
0.1904
0.1548
0.0875
0.1754
0.1489
0.0807
0.1662
0.1473
0.0769
0.1686
0.1501
0.0915
0.1778
0.1569
0.0826
0.161
0.1465
0.1154
0.2552
0.2302
0.0928
0.1649
0.1515
0.0717
0.1617
0.1462
0.0735
0.1641
0.15
0.0848
0.1694
0.1487
0.0887
0.1704
0.1533
0.0919
0.1937
0.203
0.0989
0.1998
0.1598
0.0787
0.1636
0.1519
0.0909
0.1727
0.1636
0.0904
0.173
0.1519
0.0777
0.1637
0.1598
0.0807
0.1732
0.165
0.0824
0.1633
0.149
0.0867
0.1739
0.1488
0.0918
0.1698
0.1512
0.08
0.164
0.1501
0.0901
0.1732
0.1483
0.0901
0.1698
0.1512
0.0868
0.1714
0.15
0.0881
0.1683
0.1494
0.0919
0.1737
0.152
0.0915
0.1694
0.1501
0.0807
0.1586
0.1475
0.0878
0.1664
0.1505
0.0762
0.1621
0.1497
0.088
0.1696
0.1486
0.0771
0.1633
0.1476
0.089
0.1759
0.1496
0.0747
0.1586
0.1478
0.092
0.1699
0.1505
0.0974
0.1704
0.1524
0.0924
0.1697
0.153
0.0912
0.1702
0.1542
0.0855
0.2011
0.2401
0.1011
0.2402
0.2435
0.0798
0.1657
0.1581
0.1155
0.2328
0.1609
0.0902
0.166
0.1486
0.0865
0.1718
0.1497
0.0924
0.1723
0.1512
0.0975
0.1687
0.1496
0.091
0.1728
0.151
0.0987
0.1725
0.1539
0.0786
0.1604
0.1476
0.0754
0.1646
0.1497
0.0747
0.1591
0.1491
0.0942
0.1737
0.1494
0.1
0.1735
0.151
0.096
0.1711
0.1517
0.089
0.171
0.1533
0.0954
0.2289
0.1582
0.0891
0.1689
0.1498
0.0733
0.1606
0.1481
0.0943
0.1746
0.1517
0.1048
0.23
0.206
0.0902
0.1686
0.1475
0.0901
0.1677
0.1491
0.0789
0.163
1.0707
0.0734
0.1581
0.1452
0.0954
0.1636
0.147
0.0746
0.1565
0.147
0.0898
0.1681
0.1503
0.0828
0.164
0.1521
0.0918
0.1725
0.1507
0.0975
0.1677
0.1484
0.0963
0.173
0.1485
0.0743
0.1653
0.1491
0.0866
0.1724
0.1504
0.0981
0.1704
0.1514
0.0966
0.1691
0.1496
0.0914
0.1689
0.1502
0.1022
0.1729
0.1525
0.0978
0.1705
0.1508
0.0753
0.1614
0.1472
0.0725
0.1614
0.147
0.0718
0.1605
0.1496
0.0974
0.1816
0.149
0.0967
0.1714
0.1512
0.0906
0.1683
0.1487
0.0807
0.1632
0.1491
0.0742
0.1638
0.1491
0.0765
0.1677
0.1492
0.087
0.1688
0.1491
0.0869
0.1711
0.1508
0.0891
0.1692
0.1506
0.0893
0.1697
0.1508
0.0918
0.169
0.1502
0.0818
0.1606
0.1465
0.0692
0.1566
0.1464
0.0965
0.175
0.1515
0.0935
0.172
0.1515
0.0874
0.1668
0.1528
0.0961
0.1706
0.1499
0.0985
0.1696
0.1512
0.0887
0.1674
0.15
0.0989
0.1728
0.1525
0.096
0.1675
0.1493
0.0876
0.1718
0.1506
0.0864
0.1721
0.1532
0.0936
0.1724
0.152
0.0974
0.1696
0.149
0.0926
0.1808
0.1549
0.0985
0.1698
0.1504
0.0972
0.1681
0.1492
0.1129
0.1751
0.157
0.1506
0.2058
0.1676
0.1041
0.2401
0.2278
0.0716
0.1619
0.1473
0.0757
0.1608
0.1474
0.0958
0.1813
0.1478
0.0894
0.1684
0.1479
0.0766
0.1598
0.1512
0.0789
0.1589
0.1499
0.0725
0.1639
0.1495
0.0931
0.1822
0.1509
0.0971
0.1723
0.1501
0.0967
0.1727
0.1515
0.0906
0.169
0.1522
0.0981
0.1681
0.1484
0.0973
0.1691
0.1503
0.0759
0.1596
0.1468
0.0723
0.158
0.1468
0.0939
0.1724
0.1498
0.0696
0.1583
0.1452
0.0726
0.1579
0.1459
0.0705
0.1613
0.1481
0.0898
0.1702
0.1549
0.0758
0.1605
0.1471
0.0884
0.1696
0.1496
0.0858
0.1709
0.1498
0.0866
0.1688
0.1487
0.0806
0.1617
0.1504
0.0872
0.1714
0.1506
0.0938
0.1694
0.1484
0.0896
0.1712
0.1496
0.0956
0.1713
0.1526
0.0973
0.1697
0.1502
0.0872
0.1704
0.1495
0.093
0.1716
0.1491
0.0943
0.17
0.1492
0.0755
0.1636
0.1495
0.0887
0.1771
0.1481
0.0969
0.1709
0.1485
0.09
0.1702
0.1507
0.0974
0.1704
0.1513
0.0929
0.1692
0.1495
0.0872
0.1685
0.1509
0.0958
0.1711
0.1506
0.0813
0.1656
0.1483
0.0793
0.1791
0.1508
0.0955
0.1761
0.1482
0.0971
0.1691
0.149
0.0756
0.1626
0.1479
0.089
0.1754
0.1529
0.0965
0.1734
0.1498
0.0939
0.172
0.1514
0.09
0.1692
0.1496
0.0987
0.1715
0.1491
0.0906
0.172
0.1508
0.0776
0.1599
0.1739
0.0898
0.1753
0.1487
0.0762
0.165
0.1473
0.0712
0.1619
0.1476
0.0702
0.157
0.1457
0.0921
0.178
0.15
0.0907
0.17
0.1494
0.1005
0.1721
0.1501
0.0951
0.1722
0.1526
0.0895
0.167
0.1496
0.0939
0.1723
0.1509
0.0959
0.173
0.1511
0.0855
0.1705
0.1515
0.0862
0.1776
0.1536
0.0986
0.1686
0.1493
0.0886
0.1672
0.1506
0.0981
0.1702
0.1505
0.1006
0.1754
0.154
0.0742
0.1529
0.1372
0.0925
0.1762
0.1469
0.0958
0.1734
0.151
0.0903
0.1686
0.1473
0.0998
0.17
0.1497
0.0992
0.1744
0.153
0.0906
0.1709
0.1507
0.0734
0.1596
0.1483
0.0939
0.1837
0.1554
0.0965
0.1661
0.1485
0.0702
0.159
0.1466
0.0718
0.159
0.1468
0.0701
0.1569
0.1452
0.0743
0.1571
0.1484
0.0962
0.1676
0.1504
0.0739
0.1629
0.1489
0.0851
0.1669
0.1477
0.0875
0.1716
0.1489
0.0768
0.1633
0.1466
0.0675
0.1538
0.1427
0.0961
0.1678
0.1523
0.0964
0.1885
0.1505
0.0924
0.17
0.1494
0.097
0.1704
0.151
0.0919
0.1694
0.1483
0.0886
0.1709
0.1531
0.1042
0.1759
0.1545
0.0979
0.1714
0.1516
0.0902
0.1675
0.1485
0.0916
0.171
0.1494
0.0932
0.1721
0.1521
0.0899
0.1681
0.1496
0.0924
0.1732
0.1514
0.0864
0.1686
0.1485
0.0949
0.1709
0.1491
0.1005
0.1736
0.1508
0.093
0.172
0.1525
0.0972
0.1779
0.1541
0.0947
0.1784
0.1513
0.094
0.1722
0.1512
0.092
0.1715
0.1498
0.0752
0.1758
0.1495
0.0784
0.1728
0.1462
0.0732
0.1617
0.1463
0.0799
0.1749
0.1509
0.0863
0.185
0.1553
0.0747
0.1618
0.1468
0.0743
0.1616
0.1481
0.0727
0.173
0.1554
0.0829
0.1796
0.1511
0.0845
0.1767
0.1563
0.0793
0.1751
0.1475
0.0748
0.1612
0.1476
0.0776
0.168
0.1506
0.0887
0.1857
0.1566
0.0766
0.1679
0.1469
0.0696
0.1623
0.147
0.0717
0.1642
0.1477
0.1017
0.1879
0.152
0.0821
0.1707
0.1516
0.0819
0.1807
0.1496
0.0879
0.1792
0.1516
0.0849
0.174
0.155
0.079
0.1771
0.1514
0.0753
0.1711
0.147
0.0752
0.1645
0.1484
0.0868
0.1694
0.1506
0.0937
0.1703
0.1498
0.0974
0.176
0.2044
0.0734
0.1599
0.1475
0.0678
0.1566
0.1468
0.0885
0.1783
0.1511
0.0829
0.1706
0.1519
0.0846
0.1667
0.1491
0.0857
0.1698
0.1503
0.0894
0.1697
0.1494
0.086
0.1679
0.1499
0.0862
0.1722
0.1521
0.0872
0.1673
0.1476
0.0906
0.1695
0.1497
0.0683
0.1622
0.1477
0.0699
0.1597
0.1522
0.0658
0.1554
0.1442
0.0873
0.1712
0.1499
0.9416
0.1632
0.1471
0.0867
0.1676
0.1489
0.0707
0.1602
0.1481
0.0697
0.1559
0.147
0.0662
0.157
0.1458
0.0652
0.1567
0.1465
0.0858
0.1809
0.1527
0.0853
0.1694
0.1505
0.0847
0.166
0.149
0.0917
0.1677
0.1485
0.086
0.1667
0.1527
0.0889
0.1715
0.1512
0.0846
0.1694
0.149
0.0694
0.1593
0.1464
0.0832
0.1655
0.1488
0.0841
0.1691
0.1504
0.0851
0.1662
0.1515
0.0937
0.1652
0.15
0.0848
0.1643
0.1468
0.0926
0.1673
0.1495
0.0846
0.1713
0.1516
0.0834
0.1674
0.1497
0.084
0.167
0.1484
0.0854
0.1662
0.1494
0.0852
0.1679
0.1503
0.0853
0.166
0.1487
0.0864
0.1671
0.1515
0.0931
0.1681
0.15
0.0853
0.1687
0.1482
0.0865
0.1726
0.1516
0.0746
0.1639
0.1484
0.0764
0.1617
0.1667
0.1029
0.1729
0.1505
0.0846
0.1653
0.1503
0.0886
0.1748
0.1485
0.0769
0.1609
0.1484
0.0863
0.1579
0.1392
0.0717
0.156
0.1446
0.0913
0.1724
0.1516
0.1008
0.1689
0.1474
0.0902
0.1619
0.1462
0.0733
0.1605
0.1499
0.1012
0.1723
0.1511
0.0966
0.169
0.1499
0.088
0.1712
0.1495
0.0943
0.1717
0.1517
0.0946
0.1675
0.1486
0.0783
0.1642
0.1471
0.0943
0.178
0.1503
0.0927
0.1689
0.1489
0.0995
0.1726
0.1514
0.0858
0.1641
0.1473
0.0939
0.1767
0.1546
0.0957
0.1803
0.1504
0.0731
0.1621
0.1486
0.0901
0.1746
0.1498
0.0968
0.1687
0.1501
0.0901
0.1679
0.1535
0.0936
0.1686
0.1475
0.0901
0.17
0.1526
0.0893
0.1706
0.1483
0.0919
0.1687
0.1487
0.0929
0.1749
0.1506
0.0902
0.1714
0.1514
0.0986
0.1677
0.1484
0.0964
0.1703
0.149
0.0754
0.1605
0.1465
0.0946
0.1787
0.1498
0.0856
0.1731
0.1511
0.0932
0.1691
0.1487
0.0872
0.1702
0.1487
0.0971
0.1713
0.1506
0.0953
0.1698
0.1527
0.0763
0.1585
0.1455
0.0946
0.1788
0.1502
0.0958
0.169
0.1516
0.0716
0.1611
0.1457
0.0917
0.1812
0.1525
0.0951
0.1687
0.1495
0.0734
0.1589
0.1466
0.0905
0.1761
0.1517
0.0958
0.17
0.1514
0.0989
0.1682
0.1486
0.0756
0.1627
0.1473
0.0873
0.1781
0.1504
0.0936
0.1711
0.1484
0.0898
0.1763
0.1539
0.0819
0.1589
0.1466
0.0735
0.1683
0.1463
0.0995
0.1762
0.1513
0.091
0.1714
0.1519
0.0963
0.167
0.1483
0.0919
0.1711
0.1487
0.0728
0.1619
0.1469
0.0731
0.1588
0.1466
0.089
0.1727
0.1515
0.0743
0.1593
0.1457
0.0901
0.1777
0.1493
0.0962
0.1728
0.1512
0.0888
0.17
0.1521
0.0919
0.168
0.1479
0.0887
0.1632
0.1475
0.0692
0.1581
0.1462
0.0746
0.1598
0.1455
0.0708
0.1614
0.148
0.0731
0.1569
0.1456
0.0699
0.1555
0.1443
0.07
0.1565
0.1479
0.0833
0.1688
0.1514
0.0833
0.1659
0.1472
0.0836
0.1662
0.149
0.0904
0.1683
0.1497
0.086
0.1667
0.1497
0.0882
0.1741
0.1509
0.0897
0.1689
0.1488
0.0757
0.1616
0.1472
0.0857
0.1739
0.1498
0.0857
0.1724
0.1528
0.0845
0.1698
0.1486
0.0894
0.1686
0.15
0.0759
0.1596
0.1473
0.0685
0.19
0.1481
0.0898
0.1677
0.1487
0.0884
0.1706
0.1516
0.0925
0.1778
0.1484
0.0744
0.1642
0.1481
0.073
0.1597
0.1462
0.096
0.1772
0.1503
0.0926
0.1747
0.1522
0.0972
0.1687
0.1505
0.0918
0.1655
0.1496
0.087
0.1669
0.1503
0.0868
0.172
0.1516
0.0848
0.167
0.1471
0.0876
0.17
0.1513
0.0859
0.1652
0.1484
0.0863
0.1681
0.1487
0.1067
0.1739
0.1518
0.08
0.162
0.1486
0.0917
0.175
0.1488
0.0845
0.1682
0.1492
0.0865
0.1742
0.1515
0.0855
0.1675
0.1474
0.0886
0.1691
0.15
0.0904
0.1706
0.1494
0.0893
0.1615
0.147
0.0873
0.1691
0.1566
0.1064
0.1716
0.1515
0.0843
0.1679
0.1482
0.0898
0.1687
0.1502
0.0883
0.1671
0.1501
0.0901
0.1687
0.1486
0.0881
0.1693
0.1506
0.0891
0.1686
0.1474
0.0729
0.1591
0.1466
0.0884
0.1745
0.1496

-------------------------------------
CodechalDecodeHevcG12::SetFrameStates
-------------------------------------
5.2663
1.4955
1.0494
0.4225
0.5139
0.2985
0.0749
0.0728
0.0088
0.0102
0.01
0.0074
0.0074
0.011
0.0092
0.0075
0.0072
0.0118
0.0073
0.0106
0.0124
0.0076
0.0087
0.0079
0.0117
0.0083
0.0085
0.0073
0.0083
0.0075
0.0074
0.0106
0.0079
0.0072
0.0112
0.008
0.0071
0.0074
0.0077
0.0072
0.0086
0.0085
0.0095
0.0116
0.0127
0.0111
0.0146
0.0106
0.0128
0.01
0.0106
0.0142
0.0138
0.0101
0.0078
0.0139
0.0093
0.0085
0.0075
0.0077
0.0104
0.0103
0.0102
0.0107
0.0097
0.0106
0.0085
0.01
0.0105
0.0107
0.0086
0.0116
0.0092
0.0113
0.0082
0.011
0.0105
0.0104
0.0089
0.0116
0.0103
0.0106
0.0111
0.0101
0.0104
0.0092
0.0111
0.0106
0.0115
0.0104
0.0105
0.0106
0.0103
0.0104
0.0117
0.0106
0.0138
0.0105
0.2522
0.0103
0.0105
0.0093
0.0113
0.0107
0.0109
0.0105
0.0108
0.0104
0.0091
0.0077
0.0142
0.0104
0.0136
0.0109
0.0138
0.0136
0.0088
0.011
0.0134
0.0137
0.1619
0.0109
0.01
0.0156
0.014
0.0135
0.014
0.0116
0.0141
0.014
0.0095
0.0092
0.0115
0.0142
0.0145
0.0087
0.0117
0.0137
0.0138
0.0085
0.0093
0.0172
0.0135
0.0089
0.0112
0.014
0.0082
0.0103
0.008
0.0146
0.0139
0.0105
0.0104
0.011
0.0105
0.0086
0.0114
0.0105
0.0081
0.0105
0.008
0.0107
0.0107
0.0091
0.0088
0.0157
0.0106
0.0136
0.0105
0.0117
0.0075
0.0117
0.0103
0.0135
0.0137
0.0086
0.0154
0.0105
0.009
0.0117
0.0113
0.0113
0.0135
0.0127
0.0092
0.0086
0.0108
0.0104
0.0091
0.0108
0.0132
0.0104
0.0108
0.0101
0.0093
0.0115
0.0137
0.0105
0.0093
0.0114
0.0105
0.0109
0.0105
0.0109
0.0107
0.0115
0.0106
0.0092
0.0103
0.0121
0.011
0.01
0.0105
0.0142
0.0104
0.0107
0.0104
0.0124
0.009
0.0143
0.0133
0.01
0.0105
0.0138
0.0107
0.0147
0.0097
0.0081
0.0079
0.0105
0.0146
0.0137
0.0105
0.0135
0.011
0.0083
0.0211
0.0112
0.0106
0.0105
0.2161
0.0085
0.0103
0.0077
0.0104
0.0121
0.0107
0.0137
0.0141
0.0087
0.0104
0.0144
0.0139
0.0107
0.0137
0.0138
0.0098
0.0098
0.0095
0.0164
0.0143
0.0104
0.0101
0.0083
0.0089
0.0105
0.0105
0.0106
0.0106
0.0106
0.0087
0.0081
0.014
0.014
0.0106
0.0147
0.014
0.0103
0.0139
0.0135
0.0104
0.0106
0.0138
0.0141
0.0109
0.014
0.0137
0.0105
0.0106
0.0158
0.0098
0.0098
0.0154
0.0107
0.0076
0.0085
0.0086
0.0126
0.0145
0.0133
0.0105
0.014
0.014
0.009
0.0091
0.0097
0.0086
0.0084
0.0088
0.0105
0.0097
0.0107
0.0106
0.0105
0.0119
0.0104
0.0128
0.0105
0.0143
0.0137
0.0105
0.0141
0.0133
0.0091
0.0114
0.0142
0.0105
0.0147
0.0135
0.0102
0.0138
0.01
0.0108
0.0149
0.014
0.0093
0.0108
0.0144
0.0138
0.0103
0.0139
0.0105
0.0088
0.0106
0.0113
0.0099
0.0072
0.0115
0.0108
0.0142
0.014
0.0103
0.0137
0.0139
0.0105
0.0104
0.0142
0.0103
0.014
0.0144
0.0103
0.0146
0.0141
0.0103
0.0135
0.0139
0.0105
0.0097
0.0151
0.0111
0.009
0.0083
0.0075
0.0089
0.0094
0.0074
0.0105
0.0107
0.0205
0.0073
0.0111
0.0154
0.0133
0.0137
0.0137
0.0106
0.0138
0.0136
0.0105
0.0106
0.0109
0.0104
0.0145
0.0104
0.0143
0.0142
0.0109
0.0109
0.0118
0.0108
0.0135
0.0115
0.0093
0.0076
0.0101
0.0101
0.0077
0.0079
0.0076
0.0104
0.0089
0.0093
0.0072
0.0075
0.0102
0.0093
0.0072
0.0082
0.0157
0.0083
0.0092
0.009
0.0084
0.0094
0.008
0.0076
0.0103
0.0105
0.0114
0.0104
0.0078
0.0117
0.0104
0.0103
0.0104
0.0106
0.0116
0.0104
0.0103
0.0106
0.0084
0.0085
0.007
0.0118
0.0109
0.0105
0.0098
0.0089
0.0091
0.0095
0.0114
0.0106
0.0106
0.0106
0.0106
0.0104
0.0106
0.0101
0.0115
0.0113
0.0119
0.0128
0.0103
0.0104
0.0105
0.0127
0.0104
0.0103
0.0104
0.0104
0.0103
0.0106
0.0105
0.0105
0.0125
0.0102
0.0127
0.0136
0.0113
0.0099
0.0108
0.0081
0.0106
0.0131
0.0093
0.0077
0.0143
0.0137
0.0104
0.0139
0.014
0.0096
0.0153
0.0104
0.0141
0.013
0.0148
0.0136
0.0091
0.0121
0.0137
0.0106
0.0105
0.0103
0.0144
0.0138
0.0136
0.0105
0.0139
0.0137
0.0086
0.0154
0.0104
0.0137
0.0106
0.0137
0.0138
0.0084
0.0152
0.0139
0.0079
0.0155
0.0136
0.0077
0.0118
0.0137
0.0138
0.01
0.0118
0.0139
0.011
0.009
0.0093
0.011
0.0108
0.0142
0.0141
0.0081
0.0077
0.0106
0.0088
0.0113
0.0142
0.0105
0.0136
0.0104
0.0077
0.0086
0.0092
0.0091
0.0084
0.0078
0.0104
0.0104
0.0105
0.0107
0.0103
0.0104
0.0104
0.0103
0.0114
0.0104
0.0105
0.0133
0.0085
0.0071
0.0105
0.0107
0.0116
0.0088
0.0075
0.0148
0.0108
0.0141
0.0136
0.0104
0.0124
0.0103
0.0134
0.0105
0.0104
0.014
0.0134
0.0148
0.0103
0.0106
0.0104
0.0105
0.0105
0.0112
0.0105
0.0136
0.0104
0.0142
0.0136
0.0114
0.0105
0.0105
0.0096
0.0111

--------------------------
CreateVideoDecoder_D3D11_1
--------------------------
24.4951
24.1
20.4865
13.1977

---------------------------
DestroyVideoDecoder_D3D11_1
---------------------------
14.0874
15.6059
61.3265
0

---------------------
DxvaEncodeHEVC_Create
---------------------
24.3357
23.9452
20.3329

-----------------------
DxvaEncodeHEVC_EndFrame
-----------------------
0.0015
0.0013
0.0013
0.0012
0.0012
0.0009
0.0014
0.0008
0.0007
0.0013
0.0007
0.0008
0.0008
0.0016
0.0006
0.0007
0.0006
0.0007
0.0007
0.0031
0.0005
0.0008
0.0007
0.0005
0.0007
0.0009
0.0006
0.0006
0.0029
0.0007
0.0008
0.0007
0.0006
0.0006
0.0007
0.0007
0.0006
0.0006
0.0005
0.0006
0.0007
0.0006
0.0019
0.0008
0.0008
0.0009
0.0007
0.0009
0.0008
0.0009
0.0007
0.0011
0.0011
0.0007
0.0007
0.0008
0.0008
0.0008
0.0015
0.0008
0.0005
0.0007
0.0009
0.003
0.0008
0.0008
0.0007
0.0008
0.0007
0.0008
0.0006
0.0008
0.0006
0.0008
0.0006
0.0006
0.0006
0.0008
0.0007
0.0008
0.0008
0.0009
0.0008
0.0007
0.0007
0.0007
0.0007
0.0008
0.0007
0.0006
0.0006
0.0006
0.0005
0.0005
0.0037
0.0005
0.0005
0.0006
0.0006
0.0006
0.0007
0.0011
0.0006
0.0008
0.0005
0.0006
0.0007
0.0008
0.0005
0.0005
0.0005
0.0006
0.0005
0.0005
0.0009
0.0007
0.0006
0.0005
0.0007
0.0008
0.0005
0.0007
0.0005
0.0006
0.0006
0.0006
0.0005
0.0004
0.0006
0.0008
0.0007
0.0005
0.0005
0.0006
0.0006
0.0006
0.0007
0.0005
0.0009
0.0007
0.0006
0.0026
0.0006
0.0005
0.0007
0.0008
0.0006
0.0008
0.0007
0.0008
0.0006
0.0006
0.0006
0.0005
0.0008
0.0008
0.0006
0.0008
0.0006
0.0008
0.0006
0.0013
0.0008
0.0007
0.0007
0.0006
0.0005
0.0006
0.0007
0.0005
0.0005
0.0006
0.0006
0.0008
0.0005
0.0005
0.0007
0.0008
0.0011
0.0007
0.0013
0.0007
0.0007
0.0009
0.0008
0.0008
0.001
0.0011
0.0012
0.0008
0.0011
0.0008
0.0008
0.0008
0.0009
0.0009
0.0007
0.001
0.0008
0.0006
0.0007
0.0007
0.0006
0.0005
0.0008
0.0007
0.0008
0.0007
0.001
0.0014
0.0005
0.0039
0.0006
0.0008
0.0007
0.0008
0.0008
0.001
0.0007
0.0008
0.0008
0.0009
0.0008
0.0006
0.0007
0.0008
0.0007
0.0006
0.0007
0.0005
0.0008
0.0007
0.0007
0.0007
0.0007
0.0009
0.0014
0.0007
0.0007
0.0009
0.0007
0.0008
0.0008
0.0005
0.0008
0.0007
0.0006
0.0008
0.0012
0.0007
0.0006
0.0007
0.0007
0.0006
0.0006
0.0008
0.0007
0.0008
0.0006
0.0007
0.0006
0.0006
0.0008
0.0007
0.0007
0.0007
0.0006
0.0007
0.0007
0.0005
0.0006
0.0006
0.0006
0.0006
0.0005
0.0008
0.0007
0.0007
0.0007
0.0007
0.0006
0.0006
0.0007
0.0006
0.0005
0.0006
0.0005
0.0007
0.0006
0.0008
0.0008
0.0008
0.0006
0.0006
0.0007
0.0007
0.0006
0.0006
0.0007
0.0006
0.0006
0.0009
0.0007
0.0006
0.0008
0.0005
0.0006
0.0013
0.0006
0.0008
0.0007
0.0007
0.0006
0.0008
0.0007
0.0009
0.0034
0.0007
0.0006
0.0007
0.0005
0.0007
0.0007
0.0005
0.0008
0.0005
0.0006
0.0005
0.0006
0.0006
0.0008
0.0006
0.0005
0.0007
0.0006
0.0008
0.0006
0.0005
0.0007
0.0006
0.0005
0.0006
0.0009
0.0008
0.001
0.0009
0.0007
0.0007
0.0006
0.0008
0.0007
0.0006
0.0006
0.0005
0.0005
0.0006
0.0006
0.0005
0.0006
0.0005
0.0007
0.0006
0.0006
0.0005
0.0006
0.0007
0.0007
0.0007
0.0008
0.0006
0.0007
0.0005
0.0007
0.001
0.0008
0.0005
0.0007
0.0006
0.0006
0.0008
0.0005
0.0006
0.0005
0.0009
0.0006
0.0005
0.0007
0.0007
0.0006
0.0006
0.0006
0.0005
0.0005
0.0005
0.0007
0.0006
0.0005
0.0006
0.0005
0.0005
0.0007
0.0006
0.0007
0.0006
0.0006
0.0007
0.0007
0.0007
0.0007
0.0007
0.0006
0.0006
0.0006
0.0007
0.0007
0.0006
0.0006
0.001
0.0006
0.0007
0.0008
0.0006
0.0006
0.0006
0.0007
0.0007
0.0006
0.0014
0.0006
0.0008
0.0007
0.0008
0.0007
0.0006
0.0008
0.0007
0.0006
0.0006
0.001
0.0009
0.0008
0.0012
0.0007
0.0009
0.0009
0.0007
0.0008
0.0011
0.0008
0.0008
0.0009
0.0007
0.0008
0.0006
0.0005
0.0008
0.0007
0.0008
0.0008
0.0008
0.0008
0.0007
0.0008
0.0008
0.0008
0.0008
0.0008
0.0008
0.0011
0.0009
0.0008
0.0007
0.0005
0.0008
0.0048
0.0006
0.0009
0.0006
0.0008
0.0006
0.0009
0.0008
0.0006
0.0007
0.0006
0.0006
0.0005
0.0006
0.0006
0.0009
0.0006
0.0007
0.0006
0.0007
0.0007
0.0005
0.0006
0.0007
0.0006
0.0005
0.0007
0.0006
0.0006
0.0005
0.0006
0.0007
0.0006
0.0006
0.0005
0.0006
0.0006
0.0005
0.0006
0.0005
0.0005
0.0006
0.0006
0.0006
0.0005
0.0005
0.0007
0.0005
0.0005
0.0006
0.0005
0.0006
0.0006
0.0008
0.0007
0.0007
0.0009
0.0006
0.0007
0.0007
0.0005
0.0006
0.0005
0.0005
0.0007
0.0008
0.0005
0.0005
0.0005
0.0006
0.0008
0.0008
0.0007
0.0006
0.0008
0.0009
0.0008
0.0007
0.0008
0.0006
0.0008
0.0007
0.0006
0.0005
0.0006
0.0007
0.0005
0.0005
0.0008
0.0012
0.0007
0.0006
0.0006
0.0006
0.0005
0.0007
0.0008
0.0007
0.0006
0.0008
0.0005
0.0009
0.0005
0.0009
0.0009
0.0005
0.0006
0.0009
0.0009
0.0007
0.0006
0.0006
0.0007
0.0006
0.0009
0.0006
0.0009
0.0008
0.0008
0.0006
0.0005
0.0005
0.0006
0.0006
0.0007
0.0005

----------------------
DxvaEncodeHEVC_Execute
----------------------
0.0025
0.0013
30.6335
18.4231
4.6041
21.0089
5.4901
0.6168
5.8911
0.4885
1.1659
0.5383
1.1696
0.5624
1.4418
0.4618
0.0158
0.4686
0.0147
0.4599
0.0257
0.5135
0.015
0.46
0.0236
0.5593
0.0326
0.4511
0.019
0.4919
0.0142
0.4314
0.0133
0.5133
0.0191
0.4536
0.0182
0.538
0.0326
0.4452
0.017
0.4451
0.0176
0.5013
0.0209
0.4604
0.0234
0.4358
0.0158
0.551
0.0309
0.5167
0.0145
0.4489
0.0187
0.5017
0.0184
0.4588
0.0202
0.5239
0.0221
0.4813
0.023
0.4411
0.0157
0.481
0.0141
0.4745
0.0207
0.4667
0.0118
0.4739
0.021
0.5083
0.0266
0.4952
0.0244
0.9839
0.0165
0.851
0.0167
1.3524
0.0166
0.9806
0.0184
1.3367
0.0128
1.4074
0.015
0.9773
0.0134
1.4175
0.0139
0.9768
0.0155
0.9068
0.025
0.9807
0.0133
0.531
0.0149
0.443
0.0148
0.6492
0.0159
0.5073
0.0202
0.5443
0.0153
0.4556
0.0164
0.4945
0.0163
0.4928
0.0152
0.4983
0.0153
0.4337
0.0126
0.4983
0.0193
0.422
0.0121
0.505
0.0168
0.485
0.0319
0.4942
0.016
0.434
0.0144
0.4832
0.0161
0.4385
0.0129
0.417
0.0132
0.4142
0.0124
0.4843
0.0158
0.4849
0.0132
0.4852
0.0143
0.419
0.0121
0.4886
0.0158
0.4767
0.013
0.4789
0.0125
0.4623
0.0119
0.485
0.015
0.4361
0.0134
0.494
0.015
0.5319
0.0164
0.4994
0.0143
0.4893
0.0146
0.4383
0.0126
0.4869
0.0156
0.5023
0.0131
0.4822
0.0129
0.4999
0.0186
0.437
0.0132
0.4172
0.0123
0.4107
0.0118
0.4878
0.0156
0.4692
0.0128
0.4254
0.015
0.4899
0.0201
0.4085
0.0149
0.4087
0.0123
0.4362
0.0131
0.407
0.0125
0.4113
0.0119
0.4846
0.0163
0.644
0.0174
0.4441
0.0133
0.491
0.0164
0.4143
0.0121
0.4098
0.0121
0.5332
0.017
0.4571
0.0167
0.4706
0.0123
0.4239
0.0177
0.4196
0.0136
0.4295
0.0155
0.4189
0.0122
0.4063
0.0129
0.4837
0.0163
0.4407
0.0144
0.4221
0.0135
0.4185
0.0134
0.4679
0.018
0.4396
0.0128
0.385
0.0123
0.482
0.0178
0.4322
0.0181
0.4489
0.0182
0.4223
0.0176
0.4318
0.0172
0.4319
0.0173
0.4099
0.0134
0.4385
0.0177
0.5004
0.0169
0.4202
0.0135
0.4108
0.0131
0.4046
0.0143
0.4422
0.0147
0.4202
0.0135
0.4235
0.0136
0.4344
0.0174
0.4214
0.0152
0.4866
0.022
0.4319
0.0135
0.4075
0.0137
0.4395
0.0151
0.4177
0.0161
0.414
0.0132
0.4142
0.0125
0.4787
0.0151
0.4178
0.012
0.5591
0.0161
0.4837
0.0165
0.4763
0.02
0.414
0.0118
0.4238
0.0131
0.4086
0.0121
0.4046
0.012
0.4822
0.0165
0.4772
0.0125
0.4367
0.0159
0.4833
0.0178
0.4153
0.0123
0.4858
0.0158
0.4167
0.0121
0.4386
0.0124
0.5953
0.0188
0.4686
0.0121
0.441
0.0189
0.4145
0.0144
0.4045
0.0127
0.4374
0.0211
0.5034
0.4179
0.0127
0.4792
0.0171
0.4324
0.0179
0.4108
0.0136
0.4595
0.0173
0.4315
0.0144
0.4206
0.0131
0.4792
0.014
0.4655
0.0166
0.6463
0.0186
0.4411
0.0131
0.6646
0.0262
0.4369
0.0126
0.418
0.0123
0.4829
0.0135
0.4811
0.0135
0.4985
0.0137
0.5033
0.0179
0.5739
0.0172
0.4825
0.0159
0.4513
0.0151
0.6592
0.0181
0.4965
0.0157
0.5152
0.0157
0.5034
0.0168
0.5153
0.0162
0.4853
0.0151
0.4375
0.0131
0.4975
0.018
0.4247
0.0129
0.4141
0.012
0.5026
0.0177
0.4793
0.0124
0.4269
0.0159
0.3972
0.0118
0.4894
0.0408
0.4207
0.0125
0.4943
0.0154
0.4241
0.0124
0.4972
0.0261
0.4075
0.0121
0.7313
0.013
0.9778
0.0134
0.9736
0.0138
1.3925
0.0366
1.3615
0.0163
0.7461
0.0169
0.4939
0.0145
0.539
0.0159
0.4508
0.0138
0.494
0.0139
0.5559
0.0189
0.4808
0.0134
0.4592
0.0187
0.4327
0.0143
0.4243
0.0141
0.4608
0.0132
0.4337
0.013
0.4193
0.0132
0.4171
0.0142
0.4116
0.0132
0.4551
0.0187
0.4194
0.0142
0.4934
0.017
0.456
0.0198
0.5453
0.0227
0.46
0.0204
0.4347
0.0154
0.4637
0.016
0.4375
0.0177
0.5053
0.0179
0.3995
0.0133
0.4835
0.0186
0.4237
0.0136
0.4109
0.0126
0.4808
0.0155
0.439
0.0184
0.4186
0.0119
0.4838
0.0173
0.5048
0.0184
0.4334
0.0177
0.4083
0.0134
0.4418
0.017
0.4257
0.0171
0.4111
0.0133
0.4071
0.0117
0.4824
0.0138
0.4849
0.0147
0.4548
0.0168
0.4138
0.0136
0.4336
0.0154
0.4256
0.0124
0.4099
0.0148
0.4915
0.0164
0.426
0.0124
0.5018
0.0163
0.4229
0.0156
0.4112
0.012
0.4826
0.0156
0.5017
0.0123
0.4359
0.0127
0.4627
0.0123
0.4353
0.0173
0.4657
0.0177
0.4249
0.0173
0.4076
0.014
0.4834
0.017
0.4332
0.0129
0.4374
0.0178
0.4272
0.0154
0.4356
0.0175
0.479
0.0171
0.4251
0.0182
0.4445
0.0187
0.4373
0.0182
0.4055
0.0135
0.4234
0.0159
0.432
0.0159
0.5784
0.0153
0.4847
0.0291
0.505
0.0134
0.4792
0.013
0.4594
0.0193
0.427
0.0142
0.4203
0.013
0.4508
0.0167
0.4624
0.0183
0.5035
0.0187
0.4298
0.0173
0.4376
0.0183
0.4169
0.0147
0.4049
0.0136
0.4562
0.0192
0.4301
0.0152
0.4139
0.012
0.5014
0.0181
0.4152
0.0122
0.4106
0.0124
0.4059
0.0123
0.4062
0.012
0.4845
0.0153
0.433
0.0128
0.487
0.0153
0.4294
0.0158
0.4873
0.0152
0.4222
0.0124
0.4832
0.0137
0.4525
0.0166
0.4373
0.018
0.4373
0.021
0.4331
0.0174
0.4077
0.0136
0.4429
0.0166
0.4317
0.0141
0.4197
0.0132
0.4465
0.0187
0.4149
0.0148
0.4055
0.0133
0.4327
0.0152
0.4209
0.0153
0.4041
0.0142
0.5084
0.032
0.4187
0.0129
0.4051
0.0131
0.4319
0.0153
0.4216
0.012
0.4538
0.0182
0.4141
0.0135
0.4166
0.015
0.431
0.017
0.4041
0.0133
0.4112
0.0138
0.4221
0.0133
0.4864
0.0149
0.5055
0.0163
0.505
0.0165
0.4394
0.014
0.4904
0.0185
0.4491
0.0198
0.417
0.0141
0.4436
0.0164
0.4285
0.0176
0.4054
0.0137
0.4254
0.0151
0.4558
0.0137
0.4191
0.0136
0.4393
0.0197
0.4292
0.0182
0.4145
0.015
0.4414
0.017
0.4196
0.0135
0.399
0.0176
0.4066
0.0148
0.4271
0.0174
0.4043
0.0135
0.4174
0.0142
0.4372
0.0183
0.4899
0.0172
0.438
0.0162
0.4979
0.0173
0.4263
0.0122
0.4197
0.0126
0.4128
0.0122
0.4495
0.016
0.5106
0.0198
0.4929
0.0187
0.4157
0.0121
0.518
0.0325
0.4683
0.0159
0.4201
0.0165
0.429
0.0167
0.4144
0.0137
0.4125
0.0134
0.4013
0.013
0.4694
0.0172
0.4345
0.0186
0.4091
0.0132
0.438
0.0155
0.4334
0.0179
0.4948
0.0182
0.4386
0.0171
0.4068
0.013
0.4063
0.0148
0.408
0.0132
0.4075
0.0135
0.4402
0.0167
0.4559
0.0194
0.5207
0.0238
0.4381
0.0192
0.4143
0.0138
0.4025
0.0131
0.435
0.0252
0.4426
0.0185
0.516
0.0162
0.4703
0.0172
0.5548
0.0137
0.4572
0.0169
0.4565
0.0187
0.5178
0.0208
0.5093
0.0261
0.4511
0.022
0.4972
0.025
0.456
0.0206
0.533
0.0197
0.4849
0.0161
0.4975
0.0124
0.4446
0.0193
0.5003
0.0169
0.4783
0.0229
0.4662
0.0242
0.5317
0.021
0.5037
0.0245
0.4516
0.0223
1.3784
0.0177
0.9745
0.0173
0.982
0.0162
1.3651
0.0307
0.9763
0.0128
0.9666
0.0192
0.9817
0.0148
1.3515
0.0137
0.9826
0.012
1.3806
0.027
0.9741
0.0121
0.9788
0.0121
1.3665
0.0323
1.3128
0.0127
0.9771
0.012
0.9754
0.0121
0.9392
0.0187
0.9903
0.0156
0.9917
0.0136
0.9818
0.0155
0.6688
0.0127
0.6608
0.0186
0.9417
0.0134
0.8402
0.0142
0.9896
0.0135
0.9937
0.0142
1.3515
0.0136
1.3604
0.0142
1.3095
0.0131
0.9783
0.0125
1.3701
0.0318
0.979
0.0121
0.9804
0.0119
0.9381
0.0184
0.4824
0.0134
0.4766
0.0138
0.4722
0.0144
0.476
0.0138
0.593
0.0133
0.4551
0.0137
0.4891
0.0153
0.4824
0.0139
0.5337
0.0138
0.5438
0.0136
0.4776
0.0137
0.4815
0.0137
0.4772
0.0168
0.5241
0.0141
0.4635
0.0165
0.4255
0.0246
0.4112
0.0121
0.4783
0.0145
0.5356
0.0285
0.4758
0.0138
0.5052
0.0274
0.4207
0.0126
0.5017
0.0136
0.4165
0.0129
0.4545
0.0191
0.4369
0.0305
0.437
0.0125
0.5022
0.0176
0.4864
0.0132
0.4263
0.0172
0.4442
0.0176
0.4271
0.0161
0.4072
0.0132
0.4841
0.0177
0.4794
0.018
0.4388
0.0189
0.4211
0.0137
0.4382
0.0159
0.4344
0.0172
0.4118
0.0136
0.435
0.0241
0.4241
0.0134
0.4136
0.0133
0.426
0.013
0.4919
0.017
0.4357
0.0174
0.4776
0.0169
0.4234
0.0184
0.4377
0.0166
0.4173
0.0174
0.41
0.0122
0.4065
0.0131
0.4224
0.0147
0.4173
0.0138
0.4283
0.017
0.4152
0.0138
0.4048
0.014
0.4077
0.0133
0.4015
0.0129
0.4297
0.0152
0.4127
0.0123
0.4291
0.0181
0.417
0.015
0.4102
0.0133
0.4363
0.018
0.4181
0.0144
0.4167
0.0116
0.4395
0.0177
0.4112
0.0134
0.4249
0.0167
0.4175
0.0117
0.4977
0.0184
0.4626
0.0201
0.4409
0.0151
0.5027
0.0226
0.419
0.0127
0.4871
0.025
0.4361
0.0175
0.4036
0.0135
0.4333
0.0162
0.4163
0.0119
0.4142
0.0129
0.4522
0.0181
0.4252
0.0138
0.4143
0.0127
0.4053
0.0133
0.4116
0.014
0.4615
0.0121
0.5008
0.0181
0.4672
0.0141
0.4305
0.0133
0.4677
0.012
0.4931
0.017
0.4771
0.0165
0.4717
0.0137
0.4967
0.0137
0.4774
0.0134
0.4305
0.0132
0.4849
0.0177
0.433
0.0127
0.4186
0.0124
0.4113
0.0122
0.4607
0.0122
0.4338
0.0145
0.4134
0.0124
0.4532
0.0122
0.5219
0.017
0.5865
0.0215
0.4426
0.0133
0.4585
0.0157
0.4378
0.0159
0.4176
0.0122
0.4131
0.0126
0.4827
0.0179
0.4625
0.0209
0.4361
0.0143
0.4091
0.0136
0.4804
0.0162
0.4137
0.0122
0.4956
0.0188
0.41
0.0123
0.4905
0.0156
0.4831
0.0151
0.4135
0.0125
0.4053
0.0128
0.4864
0.0156
0.4717
0.016
0.4313
0.0128
0.4506
0.0153
0.4197
0.0261
0.4357
0.0156
0.3978
0.0125
0.4879
0.0269
0.4232
0.012
0.4887
0.02
0.4838
0.0158
0.4872
0.0164
0.4087
0.0119
0.4021
0.012
0.406
0.013
0.4061
0.0116
0.464
0.012
0.4438
0.0147
0.4284
0.0152
0.0401

----------------
First Frame Time
----------------
170.159

----------------------
HEVC_QueryStatusReport
----------------------
4.5971
5.488
5.8868
1.1646
1.168
1.4401
0.0147
0.0136
0.0242
0.0139
0.0222
0.0313
0.0166
0.013
0.0121
0.0179
0.017
0.0304
0.0158
0.015
0.0196
0.0221
0.0147
0.0296
0.0134
0.0176
0.0171
0.019
0.021
0.0218
0.0126
0.0128
0.0194
0.0109
0.0197
0.0256
0.0231
0.0156
0.0157
0.0155
0.0172
0.0116
0.0138
0.0122
0.0127
0.0125
0.0234
0.0122
0.0127
0.0134
0.0142
0.0186
0.0141
0.0154
0.0151
0.0137
0.0141
0.0116
0.0177
0.0111
0.0155
0.0306
0.0146
0.0134
0.0144
0.0119
0.0122
0.0114
0.0143
0.012
0.013
0.0111
0.0143
0.0119
0.0115
0.011
0.0137
0.0123
0.0135
0.0148
0.0129
0.0131
0.0116
0.0143
0.012
0.0117
0.0173
0.0121
0.0113
0.0109
0.0145
0.0118
0.0142
0.0187
0.0139
0.0114
0.012
0.0116
0.0109
0.0148
0.0156
0.0123
0.0152
0.0111
0.0111
0.0157
0.0154
0.0114
0.0165
0.0126
0.0142
0.0112
0.0118
0.0151
0.0133
0.0123
0.0123
0.0166
0.0117
0.0114
0.0165
0.0169
0.0168
0.0163
0.0159
0.016
0.0123
0.0165
0.0154
0.0123
0.012
0.0131
0.0136
0.0123
0.0124
0.0162
0.0143
0.0204
0.0122
0.0126
0.014
0.0148
0.0119
0.0114
0.0136
0.0111
0.0148
0.015
0.0185
0.0109
0.012
0.0111
0.0109
0.0152
0.0115
0.0148
0.0144
0.0114
0.0144
0.0112
0.0114
0.0172
0.011
0.0175
0.013
0.0115
0.0191
0.0116
0.0158
0.0166
0.0124
0.016
0.0132
0.0121
0.013
0.0155
0.0167
0.012
0.0242
0.0113
0.0113
0.0122
0.0123
0.0125
0.016
0.0152
0.0141
0.0137
0.0162
0.0144
0.0145
0.0156
0.015
0.0136
0.012
0.0166
0.0119
0.0112
0.0166
0.0115
0.0149
0.0108
0.0393
0.0114
0.0141
0.0113
0.0245
0.0109
0.012
0.0121
0.0126
0.0349
0.0148
0.0153
0.0132
0.0145
0.0127
0.0125
0.0175
0.012
0.0174
0.0132
0.0129
0.0121
0.012
0.012
0.0129
0.012
0.0174
0.013
0.0157
0.0186
0.0214
0.0187
0.0137
0.0147
0.0164
0.0166
0.0122
0.0172
0.0123
0.0117
0.0142
0.0171
0.011
0.0162
0.0171
0.0164
0.0124
0.0159
0.0159
0.0123
0.0108
0.0126
0.0134
0.0155
0.0124
0.0143
0.0113
0.0134
0.013
0.0113
0.0151
0.0147
0.0111
0.0145
0.0112
0.0116
0.0111
0.0161
0.0162
0.0161
0.0129
0.0157
0.0117
0.0166
0.0144
0.0164
0.0159
0.0169
0.0175
0.0169
0.0124
0.0149
0.0148
0.014
0.0265
0.0121
0.0118
0.0178
0.0129
0.012
0.0154
0.0172
0.0174
0.0162
0.017
0.0134
0.0125
0.0175
0.0142
0.011
0.0168
0.0113
0.0115
0.0113
0.011
0.0138
0.0118
0.0142
0.0148
0.0139
0.0114
0.0125
0.0155
0.0166
0.0199
0.0162
0.0125
0.0155
0.0129
0.0121
0.0174
0.0124
0.0121
0.0143
0.0142
0.013
0.0305
0.0118
0.012
0.0142
0.011
0.017
0.0123
0.014
0.0159
0.0122
0.0127
0.0122
0.0137
0.0151
0.0153
0.0127
0.0174
0.0186
0.0129
0.0152
0.0164
0.0126
0.0142
0.0125
0.0124
0.0147
0.0171
0.0139
0.0159
0.0123
0.0164
0.0139
0.0163
0.0125
0.0133
0.0172
0.016
0.015
0.0161
0.011
0.0116
0.0113
0.015
0.0185
0.0171
0.0111
0.0314
0.0149
0.0147
0.0156
0.0126
0.0123
0.0119
0.016
0.0175
0.0123
0.0143
0.0168
0.017
0.0161
0.0119
0.0136
0.0122
0.0123
0.0158
0.0182
0.0225
0.0178
0.0126
0.012
0.0239
0.0174
0.0151
0.0148
0.0122
0.0159
0.0177
0.0199
0.0247
0.0208
0.0239
0.0194
0.0186
0.014
0.0114
0.0182
0.0159
0.0217
0.023
0.0201
0.0232
0.0211
0.0168
0.0164
0.0151
0.0298
0.0118
0.0178
0.0137
0.0125
0.0111
0.0258
0.0111
0.0111
0.031
0.0117
0.0109
0.0111
0.0175
0.0142
0.0124
0.0139
0.0117
0.0171
0.0122
0.013
0.0123
0.0131
0.0125
0.0128
0.0119
0.0114
0.0306
0.0111
0.011
0.017
0.0122
0.0127
0.0132
0.0127
0.0122
0.0126
0.0141
0.0127
0.0127
0.0123
0.0125
0.0124
0.0152
0.0128
0.0153
0.0213
0.0111
0.0132
0.0272
0.0128
0.0258
0.0116
0.0125
0.0118
0.0177
0.0295
0.0114
0.0162
0.0121
0.016
0.0163
0.015
0.0121
0.0165
0.0167
0.0175
0.0125
0.0148
0.0161
0.0126
0.0231
0.0122
0.0121
0.012
0.0158
0.0162
0.0158
0.0172
0.0155
0.0163
0.0109
0.012
0.0138
0.0126
0.0159
0.0128
0.0129
0.0122
0.0118
0.0141
0.0111
0.0169
0.0142
0.0122
0.0168
0.0135
0.0107
0.0165
0.0123
0.0157
0.0108
0.017
0.0186
0.0139
0.0211
0.0115
0.0235
0.0162
0.0125
0.0151
0.011
0.0117
0.0167
0.0125
0.0115
0.0122
0.012
0.0111
0.0168
0.013
0.0121
0.0107
0.0159
0.015
0.0124
0.0124
0.0123
0.0115
0.0166
0.0117
0.0115
0.0113
0.0112
0.0136
0.0113
0.011
0.0159
0.0203
0.0122
0.0146
0.0149
0.0113
0.0117
0.0167
0.0195
0.0131
0.0125
0.0148
0.0113
0.0172
0.0114
0.0145
0.0138
0.0116
0.0118
0.0141
0.0146
0.0117
0.0143
0.0249
0.0146
0.0116
0.0254
0.011
0.0184
0.0144
0.0149
0.0109
0.0111
0.012
0.0107
0.011
0.0135
0.0141
0.0371

--------------------------------------
VideoDecoderBeginFrame_WDDM2_4_D3D11_1
--------------------------------------
0.0084
0.0039
0.0025
0.0042
0.0056
0.0031
0.0038
0.0026
0.0024
0.0034
0.0029
0.0019
0.002
0.0033
0.0028
0.0035
0.0023
0.0024
0.0021
0.0041
0.0031
0.0022
0.0024
0.0019
0.0026
0.0021
0.0021
0.0027
0.0028
0.0018
0.0019
0.0027
0.0023
0.0018
0.003
0.0021
0.0022
0.002
0.0019
0.0021
0.002
0.0019
0.0026
0.0029
0.0029
0.0039
0.0035
0.0032
0.004
0.0037
0.0032
0.0038
0.0031
0.003
0.0019
0.0043
0.0035
0.0028
0.0022
0.0023
0.0031
0.0035
0.003
0.0034
0.0028
0.0039
0.0028
0.0031
0.0032
0.003
0.0029
0.0036
0.0032
0.0043
0.0027
0.004
0.0032
0.0038
0.0029
0.0042
0.0031
0.0033
0.0037
0.0032
0.0039
0.0027
0.0037
0.003
0.0031
0.0033
0.0031
0.003
0.0032
0.0031
0.0043
0.0035
0.0037
0.0035
0.0025
0.0045
0.0031
0.0028
0.0038
0.003
0.0025
0.003
0.0033
0.003
0.0029
0.002
0.0043
0.0037
0.0045
0.0032
0.0044
0.0041
0.0025
0.003
0.0044
0.0039
0.0037
0.0037
0.003
0.0044
0.0042
0.0048
0.0044
0.0034
0.0037
0.0039
0.0032
0.0025
0.0034
0.0042
0.0043
0.0028
0.0034
0.0047
0.0037
0.003
0.003
0.0064
0.0043
0.0026
0.0031
0.0045
0.0022
0.0035
0.0025
0.0039
0.0042
0.0038
0.0031
0.0036
0.0034
0.0034
0.0037
0.003
0.0028
0.0035
0.0026
0.0035
0.0033
0.0027
0.0025
0.0041
0.0036
0.0038
0.0033
0.0034
0.003
0.0036
0.0037
0.0044
0.0049
0.0027
0.0037
0.0039
0.0035
0.0032
0.0025
0.0032
0.0034
0.0033
0.0028
0.003
0.0036
0.0038
0.0035
0.0036
0.0033
0.0039
0.0036
0.004
0.0033
0.0035
0.0036
0.0043
0.0036
0.0037
0.0031
0.0031
0.0029
0.0031
0.0031
0.0035
0.0032
0.0029
0.0032
0.0031
0.0037
0.0034
0.0034
0.0045
0.0036
0.0038
0.0032
0.0035
0.0027
0.0039
0.0038
0.0037
0.0036
0.0041
0.0038
0.0042
0.0026
0.0025
0.0025
0.0032
0.0045
0.0043
0.0036
0.0044
0.0037
0.0029
0.0036
0.0031
0.0033
0.0036
0.0045
0.0025
0.002
0.0023
0.0031
0.003
0.0036
0.0044
0.0045
0.003
0.0033
0.0043
0.0042
0.0033
0.0038
0.0043
0.0031
0.0022
0.002
0.0046
0.004
0.0037
0.0035
0.0029
0.003
0.0032
0.003
0.0032
0.0034
0.003
0.0028
0.0017
0.0041
0.004
0.004
0.004
0.0037
0.003
0.0046
0.0058
0.0033
0.0037
0.0041
0.004
0.0046
0.0046
0.004
0.0038
0.0037
0.0029
0.0027
0.0025
0.0044
0.0037
0.0021
0.002
0.0021
0.004
0.0045
0.0044
0.0037
0.0042
0.0042
0.002
0.0019
0.002
0.0021
0.0018
0.0019
0.0041
0.003
0.0036
0.0029
0.003
0.0033
0.0038
0.0055
0.0045
0.0043
0.0041
0.0038
0.0045
0.0041
0.0028
0.003
0.0045
0.0039
0.0044
0.0045
0.0088
0.0045
0.0033
0.0032
0.0043
0.0042
0.003
0.0037
0.005
0.0043
0.0038
0.0044
0.0034
0.0028
0.0044
0.0028
0.0022
0.0023
0.0036
0.004
0.0044
0.0045
0.0036
0.0045
0.0042
0.0038
0.0032
0.0042
0.0032
0.0045
0.0043
0.0035
0.0037
0.004
0.0038
0.0042
0.0046
0.0041
0.0034
0.0051
0.0025
0.0022
0.0019
0.0018
0.0017
0.0017
0.0024
0.0038
0.0034
0.0026
0.0018
0.0032
0.004
0.0044
0.0043
0.0043
0.0041
0.0039
0.0046
0.0038
0.0041
0.0042
0.004
0.0045
0.0034
0.0041
0.0041
0.0044
0.0039
0.0046
0.004
0.0041
0.0027
0.0026
0.0024
0.0031
0.0029
0.0025
0.0026
0.0019
0.0026
0.0025
0.0022
0.0022
0.0019
0.0021
0.0026
0.0023
0.0019
0.0036
0.0023
0.0022
0.0026
0.0023
0.0025
0.0022
0.0036
0.0045
0.0036
0.0042
0.0024
0.002
0.0036
0.0031
0.0037
0.0033
0.0034
0.0041
0.0032
0.0034
0.0043
0.0026
0.0022
0.002
0.0042
0.0022
0.0031
0.0023
0.0021
0.002
0.002
0.0029
0.0041
0.0032
0.0038
0.0034
0.0032
0.0034
0.003
0.0035
0.0037
0.0037
0.0139
0.003
0.0035
0.0031
0.0029
0.0032
0.0031
0.0033
0.003
0.006
0.0031
0.0033
0.0031
0.0052
0.0032
0.0045
0.004
0.0039
0.003
0.0032
0.0028
0.0034
0.0028
0.0026
0.0023
0.0042
0.0041
0.0037
0.0043
0.0044
0.0031
0.0038
0.0037
0.0041
0.0043
0.0042
0.004
0.0032
0.0032
0.0045
0.0032
0.0037
0.0037
0.0047
0.0042
0.0041
0.0034
0.0039
0.0045
0.0028
0.0042
0.0039
0.0042
0.0038
0.0044
0.0047
0.003
0.0045
0.0041
0.0028
0.0043
0.0044
0.0031
0.0032
0.0042
0.004
0.0035
0.0036
0.0043
0.0039
0.0033
0.003
0.0033
0.0038
0.0045
0.0049
0.0031
0.0027
0.0032
0.0026
0.0035
0.0041
0.0038
0.0039
0.0022
0.002
0.0019
0.002
0.002
0.0021
0.0019
0.0038
0.0037
0.0036
0.0029
0.0035
0.0029
0.003
0.0034
0.0041
0.003
0.0028
0.004
0.0025
0.0019
0.0035
0.0037
0.0032
0.003
0.002
0.0042
0.0034
0.0043
0.0039
0.0038
0.0031
0.0036
0.0029
0.0038
0.004
0.0032
0.0031
0.0039
0.0033
0.003
0.003
0.0029
0.0028
0.0031
0.0032
0.0031
0.0035
0.0041
0.0041
0.004
0.003
0.0033
0.0028
0.0036

----------------------------
VideoDecoderEndFrame_D3D11_1
----------------------------
0.0481
0.0544
0.0785
0.0047
0.0786
0.0035
0.0739
0.0034
0.0607
0.004
0.0556
0.0035
0.0576
0.0042
0.0589
0.0034
0.0027
0.064
0.0024
0.0593
0.003
0.0548
0.0022
0.0564
0.0026
0.0621
0.003
0.0595
0.0054
0.0607
0.0023
0.0611
0.0021
0.0609
0.0024
0.0585
0.002
0.0611
0.0024
0.062
0.0047
0.0613
0.0047
0.0591
0.0029
0.0595
0.0021
0.0602
0.0021
0.0577
0.0025
0.0628
0.0025
0.0554
0.0019
0.0563
0.0022
0.0559
0.005
0.0598
0.0021
0.0575
0.0025
0.0595
0.0024
0.0539
0.0021
0.0565
0.0022
0.0546
0.0021
0.055
0.0024
0.0562
0.0019
0.0572
0.0022
0.0547
0.0018
0.055
0.0019
0.0557
0.0022
0.0536
0.0019
0.0791
0.0033
0.0643
0.0029
0.0558
0.0027
0.0591
0.0029
0.0576
0.0046
0.0812
0.0027
0.0544
0.0024
0.0706
0.0028
0.067
0.0023
0.0618
0.0037
0.0033
0.0566
0.0551
0.0027
0.0582
0.0023
0.0568
0.0029
0.0649
0.0031
0.055
0.003
0.0591
0.003
0.0587
0.0027
0.0568
0.0018
0.0567
0.0023
0.0566
0.0031
0.0573
0.0049
0.0581
0.0022
0.0554
0.0026
0.0585
0.0022
0.0575
0.002
0.0579
0.002
0.0553
0.0028
0.0604
0.0021
0.0564
0.003
0.0574
0.0019
0.0561
0.0027
0.0582
0.0021
0.0572
0.0019
0.0564
0.0017
0.0563
0.0029
0.0574
0.0023
0.0566
0.0026
0.0575
0.0026
0.0601
0.0028
0.0571
0.0028
0.0565
0.0022
0.0559
0.0028
0.0586
0.0028
0.0577
0.0022
0.057
0.003
0.0572
0.0022
0.0581
0.0019
0.0592
0.0018
0.0581
0.0021
0.0563
0.002
0.0563
0.0017
0.0582
0.0056
0.0576
0.0016
0.0575
0.0017
0.0579
0.002
0.0571
0.002
0.0576
0.0018
0.0568
0.0026
0.0584
0.0036
0.0019
0.0559
0.056
0.0028
0.0576
0.0018
0.0602
0.0018
0.0589
0.0023
0.0028
0.0541
0.0548
0.0019
0.057
0.0017
0.0576
0.0016
0.0578
0.0018
0.0607
0.0017
0.0585
0.0017
0.0586
0.0028
0.0541
0.0023
0.0567
0.0019
0.0582
0.0017
0.0585
0.0023
0.053
0.0024
0.0576
0.0017
0.055
0.0023
0.0581
0.0018
0.0587
0.002
0.0587
0.0017
0.0665
0.002
0.058
0.0018
0.0576
0.0016
0.0599
0.0018
0.0575
0.0029
0.0548
0.0022
0.0583
0.0016
0.0597
0.0016
0.0599
0.002
0.0551
0.0019
0.0569
0.0019
0.0581
0.0019
0.0587
0.0017
0.0568
0.0027
0.0536
0.0026
0.0571
0.0018
0.0582
0.004
0.0528
0.0018
0.056
0.0017
0.0592
0.002
0.0537
0.0028
0.0593
0.0018
0.0529
0.0028
0.0568
0.0026
0.0565
0.0028
0.0576
0.0018
0.0599
0.0021
0.0576
0.0019
0.0571
0.0016
0.0558
0.0027
0.056
0.0023
0.0574
0.0019
0.054
0.0062
0.0576
0.0027
0.0551
0.0027
0.0592
0.0019
0.0566
0.0025
0.0025
0.0561
0.0561
0.0022
0.0567
0.0021
0.0568
0.0019
0.0584
0.0017
0.002
0.0581
0.0556
0.0029
0.0563
0.0019
0.0612
0.0019
0.0588
0.0018
0.0587
0.0017
0.0589
0.0023
0.0579
0.0019
0.0607
0.0017
0.0586
0.002
0.0566
0.0024
0.056
0.0037
0.0553
0.0023
0.0618
0.004
0.0813
0.0024
0.056
0.0018
0.0585
0.0027
0.0552
0.0028
0.057
0.0025
0.0571
0.0032
0.0876
0.0035
0.063
0.0038
0.0607
0.0023
0.0696
0.0038
0.0677
0.0026
0.0625
0.0026
0.0671
0.0026
0.0625
0.0027
0.0566
0.0029
0.0564
0.0023
0.0552
0.0029
0.0568
0.0022
0.0579
0.0019
0.0597
0.0022
0.0567
0.0022
0.0579
0.0018
0.0017
0.0578
0.0562
0.0035
0.0569
0.0022
0.0553
0.0028
0.0574
0.0021
0.0568
0.0029
0.0025
0.0566
0.0543
0.0018
0.0585
0.0051
0.0571
0.0017
0.0607
0.0028
0.0567
0.0022
0.0801
0.0028
0.0817
0.0024
0.0565
0.0034
0.0587
0.0024
0.0593
0.0028
0.0562
0.0025
0.0569
0.0023
0.0594
0.0023
0.0608
0.002
0.0591
0.002
0.0545
0.0027
0.0567
0.0024
0.0553
0.0021
0.0573
0.0021
0.0582
0.0018
0.058
0.0023
0.0574
0.0019
0.06
0.0023
0.058
0.0019
0.0565
0.0035
0.0571
0.0028
0.0576
0.0079
0.0563
0.0022
0.0566
0.002
0.052
0.0031
0.0553
0.0021
0.057
0.003
0.054
0.0024
0.0592
0.0018
0.0559
0.0024
0.0572
0.002
0.0564
0.0018
0.0595
0.0028
0.0574
0.0029
0.057
0.0019
0.0596
0.0018
0.059
0.0021
0.0569
0.0019
0.0584
0.0019
0.0577
0.0019
0.0588
0.003
0.0584
0.0024
0.055
0.0026
0.0603
0.0019
0.0585
0.0022
0.0563
0.0019
0.057
0.0019
0.0598
0.0026
0.0554
0.002
0.0585
0.0024
0.0575
0.0019
0.0574
0.0017
0.0571
0.0021
0.0583
0.0021
0.0018
0.0542
0.0532
0.0016
0.0581
0.0018
0.0585
0.002
0.057
0.0017
0.0588
0.0017
0.0585
0.0027
0.058
0.0021
0.0564
0.0021
0.0604
0.0021
0.0592
0.0022
0.0578
0.0018
0.0575
0.0018
0.0595
0.002
0.0591
0.0019
0.0585
0.0017
0.0588
0.0018
0.0594
0.0018
0.0604
0.0027
0.0697
0.0021
0.0551
0.0028
0.0564
0.0027
0.0562
0.0024
0.0568
0.002
0.0552
0.0021
0.0542
0.0025
0.0569
0.0023
0.0587
0.0023
0.0578
0.0017
0.0575
0.0021
0.0562
0.0017
0.058
0.0018
0.0566
0.0027
0.0559
0.0022
0.0543
0.0022
0.0574
0.003
0.0542
0.0021
0.056
0.002
0.0546
0.0024
0.0578
0.0017
0.0559
0.0026
0.0583
0.0021
0.0563
0.0021
0.0571
0.0018
0.056
0.0028
0.0578
0.0021
0.073
0.0029
0.0568
0.0048
0.0566
0.0021
0.0583
0.0019
0.0568
0.0019
0.0586
0.0017
0.0581
0.0021
0.0546
0.0021
0.0593
0.0018
0.0597
0.0021
0.0582
0.0018
0.0591
0.0018
0.0575
0.0017
0.0579
0.0018
0.0577
0.0017
0.0567
0.0028
0.0578
0.002
0.0605
0.0017
0.0585
0.002
0.0548
0.0018
0.0591
0.0023
0.0591
0.0018
0.0582
0.0017
0.0573
0.0018
0.0589
0.0017
0.057
0.0017
0.0545
0.0019
0.0638
0.003
0.0569
0.0026
0.0533
0.0031
0.0561
0.0028
0.0585
0.0019
0.0579
0.0023
0.0592
0.0019
0.0576
0.0022
0.0568
0.0018
0.0597
0.0017
0.0587
0.0027
0.0579
0.0019
0.0581
0.0017
0.0625
0.0019
0.0584
0.0018
0.0595
0.0018
0.0604
0.0019
0.0547
0.0019
0.0573
0.002
0.0594
0.0019
0.0561
0.0018
0.0581
0.0017
0.0587
0.0018
0.0572
0.0019
0.0569
0.0022
0.0615
0.0021
0.0571
0.0029
0.0546
0.0022
0.0565
0.0021
0.0554
0.0019
0.0555
0.0024
0.0542
0.0032
0.0555
0.0029
0.0566
0.0017
0.0581
0.0021
0.002
0.0583
0.0544
0.0019
0.0581
0.0026
0.0578
0.0017
0.059
0.0017
0.0576
0.0017
0.0576
0.0026
0.0566
0.0017
0.0609
0.0018
0.0585
0.002
0.0575
0.0019
0.0562
0.0021
0.0579
0.0018
0.0576
0.0017
0.0587
0.0016
0.0578
0.0017
0.0569
0.0016
0.0577
0.002
0.0594
0.0018
0.0605
0.002
0.0577
0.0018
0.0581
0.0017
0.0589
0.0017
0.0591
0.0022
0.0557
0.0023
0.0554
0.0024
0.0589
0.0024
0.0614
0.0024
0.0562
0.0024
0.0552
0.0031
0.0561
0.0024
0.058
0.0024
0.0629
0.0022
0.0558
0.0022
0.0556
0.0023
0.0564
0.0023
0.0584
0.0023
0.0564
0.002
0.055
0.0022
0.0566
0.0023
0.0595
0.0028
0.0578
0.0023
0.0578
0.0024
0.0617
0.0023
0.0579
0.0023
0.0562
0.0022
0.0571
0.0021
0.0585
0.002
0.0577
0.0019
0.0594
0.0019
0.0592
0.0029
0.0575
0.0023
0.0531
0.0028
0.0586
0.0019
0.0611
0.0027
0.0615
0.002
0.0585
0.0019
0.0584
0.0027
0.0578
0.0022
0.0608
0.0017
0.0611
0.0018
0.0581
0.0029
0.0568
0.0032
0.0564
0.003
0.0545
0.0036
0.0597
0.002
0.0596
0.0028
0.0591
0.0028
0.0542
0.003
0.0536
0.0032
0.0553
0.0032
0.0518
0.0029
0.0587
0.0027
0.0615
0.0024
0.0604
0.0021
0.0575
0.0028
0.0599
0.002
0.058
0.0017
0.0599
0.0027
0.0561
0.0026
0.0594
0.0027
0.0582
0.0026
0.0625
0.0026
0.0583
0.0027
0.0577
0.0026
0.0631
0.0028
0.0575
0.0027
0.0567
0.0036
0.056
0.0029
0.0568
0.0027
0.0566
0.0026
0.0581
0.0034
0.0579
0.0028
0.0584
0.0025
0.0586
0.002
0.0566
0.0018
0.0563
0.0027
0.0835
0.0065
0.065
0.0022
0.0574
0.0029
0.0565
0.002
0.063
0.0025
0.002
0.056
0.053
0.0028
0.0578
0.0022
0.0576
0.0018
0.0024
0.057
0.0536
0.002
0.0587
0.0018
0.0581
0.0021
0.0603
0.0019
0.0582
0.0018
0.0565
0.0027
0.0558
0.0021
0.0558
0.0022
0.0573
0.0018
0.0596
0.0022
0.0548
0.0021
0.0573
0.0017
0.0617
0.0019
0.0553
0.0021
0.0577
0.0018
0.0573
0.0017
0.0573
0.003
0.0578
0.0019
0.0587
0.0018
0.0578
0.0018
0.0596
0.0019
0.0569
0.0017
0.0581
0.0018
0.0581
0.0016
0.0587
0.0017
0.0554
0.002
0.0585
0.0019
0.0569
0.0017
0.0576
0.0017
0.0568
0.0016
0.0582
0.0018
0.0586
0.0018
0.0538
0.0018
0.056
0.0019
0.058
0.0017
0.0547
0.0019
0.0568
0.002
0.0565
0.0018
0.0548
0.0017
0.0576
0.002
0.058
0.0018
0.0583
0.0064
0.058
0.0023
0.0595
0.0024
0.0589
0.0023
0.0601
0.0022
0.0574
0.0027
0.056
0.0022
0.0594
0.0089
0.0586
0.002
0.0582
0.0016
0.0586
0.0021
0.054
0.0019
0.0546
0.0017
0.0582
0.0019
0.0581
0.0023
0.059
0.0018
0.0575
0.0017
0.0568
0.0017
0.058
0.002
0.0547
0.003
0.0541
0.0029
0.0546
0.0023
0.0557
0.0025
0.0532
0.0031
0.054
0.0029
0.0533
0.0027
0.0568
0.0026
0.0579
0.0027
0.056
0.0019
0.0572
0.0028
0.0599
0.0021
0.0585
0.0019
0.057
0.0017
0.0569
0.0018
0.0585
0.0019
0.0581
0.0017
0.0581
0.0019
0.0604
0.0028
0.0035
0.0572
0.058
0.0022
0.0566
0.0021
0.0568
0.0024
0.0576
0.0018
0.0586
0.002
0.055
0.0025
0.0574
0.0023
0.0571
0.0021
0.0572
0.0019
0.0582
0.0026
0.0578
0.0018
0.0602
0.0028
0.0557
0.0018
0.0595
0.0027
0.0593
0.0027
0.057
0.0017
0.0573
0.0017
0.0557
0.0028
0.057
0.0027
0.0563
0.0021
0.0563
0.002
0.0579
0.0018
0.0577
0.0022
0.0018
0.0582
0.057
0.0029
0.0574
0.0019
0.0634
0.0027
0.0571
0.0027
0.0579
0.0027
0.0577
0.0018
0.0563
0.0017
0.0594
0.0016
0.0592
0.0016
0.0567
0.0018
0.0571
0.0022
0.0018

---------------------------------
VideoDecoderSubmitBuffers_D3D11_1
---------------------------------
10.0954
2.5075
5.8392
3.1967
9.409
4.772
0.8558
0.8078
0.7191
0.6952
0.7249
0.7013
0.686
0.7732
0.7284
0.7459
0.6662
0.6855
0.7103
0.7546
0.7642
0.7058
0.7786
0.7145
0.5914
0.5401
0.5583
0.5131
0.5206
0.5236
0.5389
0.5774
0.5556
0.5024
0.548
0.526
0.5115
0.5222
0.5395
0.5199
0.6286
0.9985
0.6239
0.9726
0.6329
0.5604
0.9532
0.5786
0.9588
0.9434
0.9373
0.5891
0.5799
0.5363
0.4919
0.5909
0.5328
0.5154
0.5077
0.5176
0.5658
0.5521
0.565
0.5216
0.5303
0.5623
0.5132
0.6151
0.563
0.5691
0.515
0.5719
0.5025
0.5634
0.5106
0.5636
0.5563
0.5565
0.5099
0.5683
0.5596
0.7742
0.5391
0.5246
0.5567
0.5115
0.5669
0.5657
0.5394
0.5573
0.5582
0.5658
0.5738
0.562
0.5653
0.5675
0.5785
0.5548
1.8388
0.567
0.5599
0.5148
0.5717
0.5682
0.546
0.5602
0.5633
0.5642
0.5323
0.5109
0.5947
0.5706
0.5954
0.5801
0.5868
0.5919
0.5248
0.5803
0.5994
0.5972
1.6022
0.5664
0.5247
0.5952
0.6058
0.5948
0.5904
0.5663
0.5902
0.5995
0.52
0.5277
0.5758
0.595
0.6095
0.5163
0.5729
0.5854
0.5925
0.5167
0.5304
0.6111
0.5995
0.5207
0.5685
0.5872
0.5013
0.5605
0.5072
0.5933
0.5745
0.5544
0.5739
0.5641
0.5587
0.5096
0.5727
0.562
0.5157
0.5597
0.5032
0.5617
0.5641
0.5357
0.5125
0.5971
0.5591
0.5954
0.5577
0.5233
0.5061
0.5828
0.5744
0.5914
0.5868
0.5134
0.6136
0.5701
0.5346
0.5377
0.5832
0.5396
0.8137
0.5665
0.5107
0.5138
0.5572
0.5667
0.6404
0.6196
0.5409
0.5795
0.5651
0.5421
0.555
0.5438
0.569
0.5676
0.5285
0.5711
0.5659
0.5626
0.5572
0.5773
0.5727
0.5335
0.56
0.5254
0.5564
0.5327
0.5728
0.516
0.9679
0.9251
0.9607
0.5754
0.7164
0.9479
0.5399
0.6866
0.5629
0.5584
0.5734
0.5906
0.5726
0.607
0.5253
0.5192
0.5117
0.5788
0.6048
0.5944
0.5692
0.655
0.5665
0.5126
0.644
0.7047
0.5647
0.5655
1.6682
0.5089
0.5515
0.5064
0.5628
0.549
0.5754
0.5895
0.5932
0.5191
0.5644
0.5942
0.591
0.569
0.6029
0.5947
0.5206
0.5139
0.5098
0.6108
0.597
0.5621
0.5361
0.5124
0.5307
0.5574
0.5622
0.5646
0.5669
0.5651
0.5281
0.4968
0.5965
0.5898
0.5613
0.5924
0.5946
0.5657
0.5989
0.5883
0.5694
0.5687
0.5896
0.5948
0.5928
0.5924
0.5908
0.6046
0.6855
0.7754
0.5137
0.5191
0.6086
0.562
0.5193
0.5247
0.5181
0.5958
0.5982
0.5957
0.5677
0.5875
0.593
0.5198
0.5083
0.5606
0.5009
0.5046
0.5089
0.5725
0.5225
0.5638
0.5589
0.5573
0.5394
0.563
0.5707
0.567
0.5952
0.5904
0.5608
0.5865
0.5871
0.5224
0.5763
0.5913
0.5677
0.5973
0.5849
0.5608
0.5926
0.5676
0.5578
0.5987
0.589
0.5195
0.573
0.6004
0.5933
0.565
0.5915
0.5714
0.578
0.5706
0.5288
0.5116
0.4984
0.5817
0.5699
0.6035
0.5948
0.5649
0.5885
0.593
0.5628
0.5711
0.5935
0.5632
0.5964
0.6131
0.5009
0.5937
0.5952
0.5631
0.5915
0.6002
0.5682
0.519
0.6126
0.5583
0.5083
0.5061
0.5011
0.508
0.558
0.5151
0.5511
0.564
0.5387
0.485
0.6057
0.6195
0.5777
0.5932
0.5802
0.5673
0.6131
0.5938
0.5634
0.5697
0.5842
0.5621
0.59
0.56
0.5872
0.6027
0.5863
0.5981
0.588
0.579
0.5867
0.5447
0.5407
0.5219
0.5538
0.5804
0.5166
0.5237
0.5307
0.5627
0.5651
0.5427
0.5115
0.5296
0.582
0.5278
0.5049
0.5169
0.62
0.543
0.5613
0.568
0.5622
0.5515
0.5826
0.9482
0.9424
0.578
0.9476
0.9853
0.9794
0.5939
0.942
0.5938
0.9452
0.9398
0.5715
0.629
0.9538
0.9352
0.9672
0.9707
0.9678
1.4355
1.3844
0.9643
0.9937
0.9927
0.9799
0.9688
0.6649
0.5941
0.6047
0.933
0.5828
0.935
0.9382
0.9853
0.5461
0.5536
0.555
0.5675
0.544
0.5591
0.5555
0.5522
0.5493
0.5514
0.5541
0.5504
0.5669
0.5671
0.5549
0.5644
0.5357
0.5606
0.5877
0.5569
0.5712
0.5236
0.5427
0.4958
0.5729
0.5731
0.5362
0.5081
0.6062
0.5906
0.5653
0.5942
0.5821
0.5254
0.6009
0.5674
0.5984
0.5541
0.6013
0.6006
0.5142
0.5765
0.5891
0.5692
0.5659
0.5704
0.5765
0.5796
0.5888
0.5674
0.5886
0.5902
0.5123
0.605
0.5642
0.5856
0.5608
0.5921
0.5934
0.5115
0.6043
0.5912
0.508
0.6054
0.5873
0.5075
0.5817
0.5921
0.5917
0.5261
0.5736
0.5856
0.577
0.5232
0.5259
0.5882
0.5735
0.586
0.5841
0.51
0.5055
0.5696
0.5134
0.5793
0.5992
0.5689
0.5787
0.5444
0.5001
0.5097
0.5071
0.505
0.4965
0.5016
0.5505
0.5499
0.5497
0.5627
0.5559
0.5681
0.5708
0.5228
0.5656
0.5648
0.5553
0.5652
0.517
0.5305
0.5621
0.5651
0.5784
0.5206
0.5061
0.6029
0.5799
0.5906
0.5782
0.5594
0.5679
0.5493
0.5707
0.5548
0.5551
0.6048
0.543
0.594
0.5562
0.5671
0.5537
0.563
0.5717
0.5416
0.5669
0.6052
0.5524
0.5812
0.5754
0.5638
0.5658
0.562
0.5149
0.5717

