---------------------------------------------
CalcPrivateVideoDecoderOutputViewSize_D3D11_1
---------------------------------------------
0.0024
0.0014
0.0028
0.0014
0.002
0.001
0.0016
0.0009
0.0007
0.0019
0.0008
0.0007
0.0007
0.0013
0.0006
0.0008
0.0011
0.0006
0.0006
0.0017
0.0008
0.0016
0.0009
0.0009
0.0007
0.0007
0.0007
0.0008
0.0023
0.001
0.0008
0.0015
0.0009
0.0008
0.0016
0.0009
0.0008
0.0007
0.0006
0.0007
0.0008
0.0006
0.0021
0.0007
0.0007
0.0007
0.0008
0.0014
0.0008
0.0009
0.0015
0.0008
0.0007
0.0007
0.0006
0.0006
0.0009
0.0006
0.0006
0.0015
0.0008
0.0009
0.0008
0.0016
0.0015
0.0012
0.0015
0.0009
0.001
0.0008
0.0014
0.0009
0.0007
0.0015
0.0009
0.0009
0.0007
0.0009
0.0006
0.0008
0.0007
0.0007
0.0006
0.0009
0.0007
0.0007
0.0006
0.0008
0.0006
0.0008
0.0006
0.0015
0.0006
0.0008
0.0018
0.0009
0.001
0.0015
0.0009
0.0007
0.0015
0.0014
0.001
0.0006
0.0009
0.0009
0.0008
0.0005
0.0008
0.0007
0.0008
0.0005
0.0008
0.0005
0.0008
0.0007
0.0008
0.0008
0.0007
0.0006
0.0008
0.0008
0.0007
0.0006
0.0009
0.0006
0.001
0.0008
0.0007
0.0008
0.0009
0.0005
0.0007
0.0006
0.0007
0.0006
0.0008
0.0006
0.0008
0.0006
0.0007
0.0057
0.0008
0.0008
0.0006
0.0006
0.0007
0.0006
0.0006
0.0014
0.0009
0.0009
0.0009
0.0009
0.0007
0.0009
0.0007
0.0007
0.0007
0.0008
0.0006
0.0008
0.0006
0.0009
0.0006
0.0008
0.0006
0.0009
0.0006
0.0006
0.0007
0.0018
0.001
0.0008
0.0016
0.0015
0.0014
0.0008
0.0015
0.001
0.001
0.0006
0.0009
0.0007
0.0008
0.0008
0.0009
0.0006
0.0007
0.0009
0.001
0.0006
0.0008
0.0009
0.0007
0.0006
0.0007
0.0014
0.0009
0.001
0.0007
0.0009
0.0007
0.0009
0.0006
0.0009
0.0007
0.0008
0.0007
0.0008
0.0007
0.0023
0.0008
0.0008
0.0006
0.0007
0.0006
0.0008
0.0006
0.0008
0.0015
0.0014
0.001
0.0014
0.0011
0.0014
0.0009
0.0009
0.0014
0.0013
0.0015
0.0008
0.0007
0.0008
0.0014
0.0009
0.0008
0.0008
0.0008
0.0006
0.0008
0.0007
0.0007
0.0006
0.0006
0.0006
0.0007
0.0006
0.0006
0.0007
0.0007
0.001
0.0007
0.0008
0.0006
0.0007
0.0007
0.0006
0.0006
0.0007
0.0005
0.0007
0.0006
0.0005
0.0005
0.0006
0.0006
0.0014
0.0008
0.0006
0.0006
0.0006
0.0007
0.0007
0.0007
0.0006
0.0006
0.001
0.0007
0.0006
0.0005
0.0006
0.0006
0.0006
0.0006
0.0006
0.0006
0.0005
0.0006
0.0006
0.0006
0.0006
0.0006
0.0007
0.0006
0.0007
0.0006
0.0007
0.0007
0.0026
0.0009
0.0008
0.0007
0.001
0.0007
0.0007
0.0008
0.0007
0.0008
0.0006
0.0008
0.0006
0.0006
0.0006
0.0009
0.0007
0.0031
0.0006
0.0007
0.002
0.0008
0.0006
0.0007
0.0007
0.0006
0.0006
0.0007
0.0006
0.0006
0.0009
0.0007
0.0006
0.0006
0.0005
0.0006
0.0006
0.0007
0.0006
0.0006
0.0006
0.0006
0.0011
0.0026
0.0011
0.0017
0.001
0.0014
0.0005
0.0005
0.0005
0.0005
0.0006
0.0006
0.0006
0.0007
0.0006
0.0006
0.0007
0.0008
0.0006
0.0006
0.0016
0.0009
0.0007
0.0008
0.0007
0.0009
0.0007
0.0014
0.0007
0.0006
0.0005
0.0005
0.0006
0.0006
0.0007
0.0006
0.0006
0.0006
0.0007
0.0006
0.0006
0.0005
0.0005
0.0009
0.0009
0.0006
0.0006
0.0006
0.0006
0.0006
0.0014
0.0006
0.0006
0.0007
0.0007
0.0005
0.0006
0.0007
0.0007
0.0007
0.0005
0.0007
0.0006
0.0005
0.0021
0.0007
0.0006
0.0005
0.0006
0.0006
0.0006
0.0006
0.0006
0.0006
0.0007
0.0006
0.0007
0.0006
0.0006
0.0007
0.0006
0.0007
0.0008
0.0006
0.0008
0.0009
0.0005
0.0006
0.0006
0.0009
0.0007
0.0006
0.0006
0.0006
0.0006
0.0006
0.0006
0.0006
0.0008
0.0006
0.0005
0.0007
0.0006
0.0008
0.0007
0.0006
0.0006
0.0005
0.0006
0.0006
0.0006
0.0007
0.0006
0.0006
0.0006
0.0007
0.0006
0.0006
0.0006
0.0006
0.0007
0.0007
0.0006
0.0006
0.0006
0.0006
0.0006
0.0006
0.0005
0.0007
0.0006
0.0006
0.0006
0.0172
0.0008
0.0006
0.0011
0.0008
0.0007
0.0006
0.0006
0.0006
0.0007
0.0006
0.0005
0.0006
0.0006
0.0006
0.0007
0.0007
0.0007
0.0021
0.0006
0.0006
0.0006
0.0008
0.0005
0.0008
0.0007
0.0006
0.0007
0.0006
0.0007
0.0006
0.0006
0.0007
0.0006
0.0006
0.0007
0.0005
0.0006
0.0007
0.0006
0.0006
0.0006
0.0005
0.0006
0.0053
0.0006
0.0006
0.0006
0.0007
0.0006
0.0006
0.0006
0.0007
0.0006
0.0006
0.0006
0.0006
0.0006
0.0007
0.0006
0.0006
0.0009
0.0008
0.0006
0.0006
0.0005
0.0006
0.0006
0.0007
0.0006
0.0006
0.0006
0.0009
0.0005
0.0006
0.0008
0.0006
0.0007
0.0006
0.0008
0.0006
0.0006
0.0007
0.0006
0.0007
0.0007
0.0005
0.0007
0.0006
0.0006
0.0018
0.0009
0.0008
0.0007
0.0007
0.0007
0.0005
0.0006
0.0006
0.0006
0.0006
0.0006
0.0007
0.0006
0.0007
0.0008
0.0006
0.0016
0.0006
0.0008
0.0006
0.0006
0.0006
0.0006
0.0006
0.0006
0.0007
0.0006
0.0007
0.0006
0.0006
0.0007
0.0005
0.0006
0.0007
0.0007

-----------------------
CodechalDecode::Execute
-----------------------
16.5928
32.0282
14.968
69.0997
37.6762
0.7194
0.7209
0.6466
0.5439
0.5409
0.5371
0.5327
0.4945
0.5657
0.5333
0.5335
0.564
0.5191
0.993
0.7067
0.8124
0.5912
0.7431
0.742
0.3814
0.3853
0.3759
0.3742
0.4218
0.3825
0.3897
0.4326
0.4011
0.3802
0.4242
0.3947
0.4015
0.3926
0.369
0.3663
0.3696
0.3698
0.3715
0.3625
0.3603
0.3792
0.3601
0.4537
18.9235
0.4099
0.4552
0.3941
0.3927
0.3968
0.415
0.4084
0.4173
0.429
0.3835
0.4255
0.3774
0.3752
0.3725
0.3705
0.4205
0.3852
0.415
0.3809
0.3732
0.3777
0.4165
0.3709
0.3676
0.4142
0.3746
0.374
0.369
0.3717
0.3631
0.369
0.3609
0.3719
0.3663
0.3728
0.3627
0.3684
0.3642
0.3704
0.3652
0.3699
0.3663
0.3685
0.365
0.3701
0.3662
0.3688
0.3732
0.4141
0.3738
0.409
0.4106
0.4162
0.3855
0.3714
0.3793
0.3717
0.3699
0.3626
0.37
0.363
0.3701
0.367
0.3693
0.3651
0.3686
0.3634
0.3695
0.3683
0.3467
0.355
0.3651
0.3562
0.3635
0.3563
0.3673
0.3643
0.3739
0.3843
0.3798
0.3708
0.3706
0.3676
0.3693
0.365
0.3692
0.364
0.3685
0.3552
0.3666
0.3658
0.3719
0.3667
0.3749
0.369
0.3629
0.3588
0.3638
0.3573
0.3601
0.416
0.3785
0.3743
0.362
0.3726
0.3619
0.3684
0.3662
0.3747
0.3714
0.3679
0.3641
0.3686
0.3613
0.3681
0.362
0.3718
0.3669
0.3715
0.3635
0.3588
0.3806
0.4156
0.3782
0.3689
0.4119
0.5593
0.4538
0.4224
0.4291
0.387
0.3775
0.3725
0.3738
0.3656
0.3684
0.3667
0.3736
0.3668
0.371
0.3711
0.3757
0.3661
0.3697
0.3724
0.3636
0.362
0.3784
0.4186
0.3763
0.3788
0.3706
0.3724
0.3863
0.3709
0.3635
0.3694
0.3647
0.369
0.3842
0.3718
0.364
0.3727
0.3713
0.3672
0.3647
0.3684
0.3622
0.3668
0.3617
0.369
0.4296
0.4184
1.1877
0.4163
0.4149
0.5705
0.392
0.3848
0.5837
0.5624
0.3962
0.3724
0.3678
0.3657
0.4138
0.3735
0.3658
0.3813
0.3496
0.3788
0.3683
0.373
0.3622
0.363
0.3673
0.3629
0.368
0.3625
0.3589
0.3603
0.4058
0.3756
0.3788
0.3887
0.3583
0.3602
0.3633
0.3609
0.3657
0.3707
0.3644
0.3978
0.404
0.3734
0.368
0.3712
0.3686
0.3843
0.3929
0.3794
0.3832
0.3852
0.3822
0.3956
0.4168
0.4414
0.4135
0.3781
0.365
0.3658
0.3681
0.3628
0.3729
0.3816
0.378
0.3984
0.3786
0.3734
0.3757
0.3844
0.3769
0.3961
0.376
0.3782
0.3754
0.3811
0.3756
0.3969
0.3821
0.5001
0.3819
0.3721
0.3649
0.3737
0.367
0.3591
0.3633
0.3641
0.3656
0.3723
0.3828
0.3761
0.3819
0.3969
0.3682
0.3748
0.38
0.3683
0.4362
0.4262
0.3696
0.3713
0.3689
0.3628
0.3729
0.3764
0.3684
0.383
0.3919
0.369
0.3595
0.3659
0.3587
0.3704
0.3867
0.3761
0.4008
0.4031
0.3572
0.4103
0.3645
0.515
0.4835
0.3944
0.4281
0.3959
0.4182
0.3665
0.3623
0.3656
0.3611
0.3767
0.3759
0.3702
0.3678
0.3695
0.3671
0.3805
0.3663
0.3664
0.3643
0.4554
0.384
0.3787
0.3778
0.362
0.3639
0.3555
0.3514
0.3537
0.3538
0.3506
0.354
0.3735
0.3622
0.37
0.3769
0.3793
0.374
0.3664
0.3556
0.3655
0.3735
0.3615
0.3758
0.3753
0.3643
0.3714
0.3639
0.3611
0.3657
0.3734
0.3785
0.4066
0.3765
0.3746
0.3788
0.3818
0.3793
0.388
0.3652
0.3497
0.3554
0.3562
0.3751
0.4395
0.4023
0.3955
0.3831
0.3907
0.3689
0.3735
0.37
0.3701
0.3763
0.3849
0.3884
0.4066
0.3769
0.3838
0.3762
0.389
0.3846
0.4041
0.4024
0.3975
0.4025
0.3774
0.3827
0.3767
0.3739
0.3661
0.3596
0.3617
0.3593
0.3609
0.3614
0.3606
0.3718
0.377
0.3785
0.3958
0.4036
0.3909
0.3739
0.3789
0.3774
0.4117
0.3773
0.3838
0.3941
0.3923
0.3915
0.3927
0.4007
0.3885
0.3642
0.3607
0.3596
0.3745
0.3802
0.3506
0.3579
0.356
0.3592
0.3693
0.3762
0.4088
0.3983
0.3954
0.3801
0.3837
0.381
0.3826
0.3766
0.3738
0.3736
0.3686
0.3401
0.3532
0.3591
0.3576
0.3526
0.3567
0.3572
0.4009
0.3668
0.3678
0.3743
0.3765
0.3875
0.3812
0.393
0.3772
0.3764
0.3771
0.365
0.36
0.3615
0.3617
0.3611
0.3659
0.371
0.3738
0.3756
0.3881
0.3748
0.3734
0.3692
0.3704
0.3775
0.3842
0.3767
0.3778
0.3775
0.3774
0.3914
0.4103
0.4017
0.3782
0.3709
0.3685
0.3727
0.3773
0.3844
0.3808
0.3677
0.359
0.3658
0.3609
0.3675
0.3704
0.3714
0.4096
0.4078
0.3675
0.3762
0.3815
0.3701
0.3827
0.4019
0.3866
0.3745
0.3768
0.3726
0.375
0.3815
0.3811
0.385
0.4135
0.3788
0.3678
0.3636
0.3688
0.3703
0.368
0.3801
0.3802
0.3882
0.4094
0.3695
0.3806
0.3866
0.3836
0.5109
0.3914
0.3757
0.3706
0.3779
0.3623
0.3643
0.3611
0.3598
0.3651
0.3737
0.3714
0.3648
0.3565
0.361
0.366
0.3594
0.3787
0.3601
0.3641
0.3569
0.3651
0.3699
0.3626
0.365
0.3637
0.3603
0.37
0.3719
0.3605
0.3614
0.364
0.3664
0.359
0.3669
1.3555

---------------------------------------
CodechalDecodeHevcG12::DecodeStateLevel
---------------------------------------
0.4697
14.9752
9.8524
21.7158
0.5306
0.6997
18.4629
39.0596
0.3206
26.4662
0.2278
0.2149
0.2614
0.2368
0.218
0.2075
0.2254
0.1918
0.2233
0.194
0.2221
0.19
0.2156
0.1921
0.1968
0.1713
0.2179
0.1687
0.2005
0.1721
0.2019
0.172
0.2185
0.1927
0.2029
0.1695
0.633
0.2003
0.3715
0.1716
0.4862
0.1684
0.2347
0.1825
0.403
0.1819
0.408
0.1748
0.1479
0.1195
0.1483
0.1201
0.1431
0.1184
0.1441
0.1183
0.1591
0.1225
0.1432
0.1186
0.1441
0.132
0.1639
0.1261
0.1521
0.1215
0.146
0.1198
0.1605
0.1215
0.1512
0.1203
0.1508
0.1235
0.1466
0.1185
0.141
0.1179
0.142
0.1166
0.1415
0.1165
0.1403
0.1188
0.1428
0.1148
0.1376
0.1156
0.1371
0.1157
0.14
0.1151
0.1362
0.1135
0.1921
0.1245
0.1936
0.1358
0.158
0.1308
0.165
0.1416
0.1508
0.1204
0.1477
0.1202
0.1491
0.1213
0.1566
0.1221
0.1543
0.1219
0.1576
0.123
0.1695
0.1269
0.1465
0.1197
0.164
0.1226
0.1432
0.1196
0.1425
0.1176
0.1404
0.1183
0.1414
0.1178
0.1581
0.1231
0.1464
0.1196
0.1578
0.1214
0.1443
0.1183
0.1425
0.1178
0.1429
0.1185
0.1567
0.1235
0.1414
0.1177
0.1426
0.1186
0.1576
0.124
0.143
0.1195
0.1426
0.1198
0.1406
0.1179
0.1417
0.1181
0.1392
0.1169
0.1403
0.1166
0.1369
0.1167
0.1425
0.1172
0.141
0.1161
0.142
0.1182
0.1382
0.1172
0.1392
0.1173
0.139
0.1179
0.1417
0.1167
0.1399
0.1169
0.141
0.1186
0.1414
0.1167
0.1406
0.1157
0.1387
0.1175
0.142
0.1168
0.1386
0.1162
0.1409
0.1169
0.1432
0.1166
0.1558
0.1215
0.1433
0.1191
0.1767
0.123
0.1571
0.1211
0.1577
0.1235
0.1486
0.12
0.1403
0.1206
0.1502
0.1172
0.1417
0.1213
0.1412
0.116
0.1395
0.1178
0.1417
0.1175
0.138
0.1176
0.141
0.1182
0.1408
0.1172
0.1407
0.116
0.1399
0.1177
0.1409
0.1167
0.1377
0.1173
0.1407
0.1174
0.1411
0.1165
0.1338
0.1087
0.1351
0.1157
0.1396
0.1158
0.135
0.1149
0.1388
0.1152
0.1367
0.1152
0.1396
0.1165
0.1387
0.1178
0.1421
0.117
0.1412
0.12
0.1404
0.1186
0.1421
0.1171
0.1411
0.1167
0.1382
0.1179
0.1414
0.1175
0.1389
0.1171
0.1411
0.1172
0.1386
0.1174
0.14
0.1169
0.1351
0.1151
0.1408
0.1157
0.1387
0.1171
0.1416
0.1181
0.1406
0.1163
0.1408
0.1175
0.1405
0.1163
0.1391
0.1165
0.138
0.1146
0.1399
0.1161
0.1372
0.1159
0.1368
0.1167
0.1597
0.1226
0.1469
0.1171
0.1418
0.1188
0.1374
0.1182
0.1427
0.1193
0.1379
0.118
0.1418
0.1167
0.1404
0.1172
0.1427
0.1177
0.1456
0.1163
0.1403
0.1161
0.1378
0.1161
0.141
0.1166
0.1378
0.117
0.1402
0.116
0.1373
0.1165
0.1412
0.1173
0.1393
0.1174
0.1408
0.1191
0.139
0.1177
0.1364
0.1169
0.1408
0.1261
0.1572
0.1205
0.1446
0.1159
0.1392
0.1186
0.157
0.1212
0.2093
0.1829
0.1839
0.126
0.1612
0.1282
0.164
0.122
0.1467
0.1205
0.1437
0.1186
0.1419
0.1179
0.1426
0.1178
0.1398
0.1177
0.14
0.1158
0.14
0.1169
0.1432
0.1184
0.1393
0.1169
0.1405
0.1179
0.1402
0.1169
0.1418
0.1178
0.1398
0.1173
0.1416
0.1176
0.1417
0.1172
0.1384
0.1165
0.1367
0.1159
0.137
0.1155
0.1605
0.1216
0.1424
0.1188
0.1435
0.1182
0.1414
0.1194
0.1419
0.1182
0.1416
0.1182
0.1411
0.1189
0.1385
0.118
0.141
0.1165
0.1386
0.1171
0.1397
0.119
0.146
0.1208
0.1423
0.1171
0.1399
0.1163
0.1398
0.1184
0.1458
0.1164
0.1401
0.1159
0.1391
0.1161
0.1397
0.1164
0.1399
0.1165
0.1406
0.1161
0.1389
0.1162
0.1418
0.1171
0.1592
0.1216
0.1584
0.1242
0.1662
0.1365
0.1592
0.1226
0.1554
0.1374
0.2211
0.183
0.1447
0.131
0.1416
0.1263
0.2177
0.1901
0.2174
0.1825
0.1538
0.121
0.1418
0.1174
0.1406
0.1142
0.1393
0.1164
0.1569
0.1201
0.1405
0.1157
0.1387
0.1162
0.1451
0.1176
0.1332
0.1104
0.15
0.119
0.1409
0.1184
0.1416
0.1178
0.1379
0.1179
0.1384
0.118
0.1387
0.1177
0.138
0.1172
0.14
0.1143
0.1374
0.1145
0.1363
0.115
0.1382
0.1158
0.1393
0.1186
0.1376
0.1165
0.1481
0.1187
0.1393
0.1375
0.135
0.1144
0.1363
0.116
0.1371
0.1152
0.1367
0.1153
0.1392
0.1156
0.1431
0.1155
0.1379
0.1162
0.1585
0.1194
0.1533
0.1218
0.1405
0.1193
0.1415
0.118
0.1418
0.1182
0.1405
0.1193
0.1478
0.1197
0.1505
0.1223
0.1454
0.1198
0.147
0.1188
0.1456
0.119
0.1439
0.1219
0.1524
0.1222
0.1605
0.1255
0.1443
0.1719
0.1721
0.1289
0.1433
0.115
0.1374
0.1173
0.139
0.1155
0.1392
0.1165
0.1376
0.1148
0.1428
0.1166
0.1436
0.1201
0.1441
0.1197
0.1536
0.1216
0.1433
0.1195
0.1413
0.1182
0.1446
0.1186
0.1429
0.1197
0.1436
0.1203
0.1554
0.1227
0.1432
0.1164
0.1431
0.1191
0.1431
0.1189
0.1434
0.1173
0.1433
0.1188
0.1513
0.1213
0.1447
0.1192
0.2107
0.1223
0.1468
0.1173
0.1421
0.116
0.1399
0.1164
0.1426
0.1165
0.1396
0.1156
0.1378
0.1158
0.1394
0.1147
0.1396
0.1144
0.1391
0.1184
0.1419
0.1162
0.1462
0.1193
0.1443
0.1208
0.1486
0.1191
0.1544
0.1212
0.1411
0.1195
0.1452
0.12
0.1447
0.1183
0.1421
0.1175
0.173
0.1481
0.1693
0.1188
0.1426
0.1175
0.1416
0.118
0.1403
0.1163
0.1378
0.1175
0.142
0.1186
0.1452
0.1172
0.1401
0.1165
0.1474
0.1204
0.1476
0.1236
0.1403
0.1144
0.1361
0.1141
0.1401
0.1141
0.1355
0.1159
0.1416
0.1159
0.1457
0.1186
0.1427
0.1189
0.1543
0.1218
0.1517
0.1279
0.1376
0.1167
0.1582
0.139
0.1399
0.1171
0.1404
0.1189
0.185
0.1227
0.1499
0.1167
0.1624
0.1241
0.1533
0.1188
0.1645
0.1167
0.1396
0.115
0.1383
0.1147
0.1384
0.115
0.1377
0.1139
0.1429
0.1173
0.1414
0.1169
0.1403
0.1193
0.1387
0.1143
0.138
0.118
0.1385
0.1166
0.1442
0.1173
0.1412
0.1116
0.1397
0.1164
0.1406
0.1153
0.1796
0.124
0.1477
0.1192
0.1467
0.1191
0.1448
0.1181
0.1421
0.1161
0.1393
0.1151
0.136
0.1134
0.1361
0.1143
0.1365
0.1148
0.1369
0.1138
0.1335
0.1162
0.1369
0.1149
0.1489
0.1168
0.1393
0.1158
0.1405
0.1174
0.1442
0.1171
0.143
0.1222
0.1422
0.1183
0.1381
0.1146
0.135
0.1147
0.1384
0.1167
0.1414
0.1161
0.1373
0.1162
0.1434
0.118
0.1397
0.1169
0.1388
0.1178
0.142
0.1175
0.1367
0.1184
0.1366
0.1169
0.1385
0.1184
0.1423
0.1174
0.1444
0.1203
0.158
0.1308
0.1439
0.118
0.1425
0.1189
0.1483
0.1179
0.1433
0.1214
0.145
0.1185
0.1482
0.1188
0.1389
0.113
0.1343
0.1137
0.1355
0.1153
0.1358
0.1144
0.1468
0.1167
0.1757
0.1189
0.1591
0.1165
0.1584
0.1199
0.1491
0.1194
0.1494
0.1207
0.1415
0.118
0.1426
0.1182
0.1405
0.1182
0.1408
0.1188
0.1443
0.1187
0.1437
0.1205
0.1493
0.1216
0.1572
0.1251
0.1448
0.1182
0.1428
0.1201
0.1448
0.1185
0.1513
0.1186
0.1478
0.1201
0.1559
0.1227
0.1534
0.1229
0.1529
0.1227
0.1498
0.1212
0.1415
0.1165
0.1495
0.1192
0.1444
0.1185
0.1424
0.1157
0.139
0.1151
0.1379
0.1146
0.1362
0.1149
0.1385
0.1139
0.137
0.1142
0.1379
0.1133
0.1374
0.1143
0.141
0.1177
0.1432
0.1174
0.1443
0.1187
0.1516
0.1212
0.1571
0.1225
0.1499
0.1216
0.1442
0.1177
0.1433
0.1174
0.144
0.1184
0.1715
0.1223
0.1435
0.1177
0.1454
0.1206
0.1503
0.1229
0.1495
0.1203
0.1498
0.1226
0.1509
0.1218
0.1514
0.1221
0.1486
0.121
0.1391
0.1147
0.1386
0.114
0.1374
0.115
0.1445
0.1175
0.1445
0.117
0.134
0.115
0.1379
0.1139
0.1366
0.1133
0.139
0.1171
0.1428
0.1192
0.1444
0.1181
0.1737
0.1219
0.1582
0.1201
0.1573
0.1189
0.1453
0.118
0.1464
0.118
0.145
0.1176
0.1464
0.1197
0.1418
0.1169
0.142
0.1157
0.1421
0.1181
0.1397
0.1153
0.1312
0.1078
0.1354
0.1155
0.1394
0.1153
0.1366
0.1152
0.1352
0.1151
0.1381
0.1146
0.1376
0.1134
0.1362
0.1564
0.1387
0.1164
0.1403
0.1157
0.141
0.1182
0.1444
0.1192
0.1497
0.1189
0.1462
0.1189
0.1505
0.1219
0.144
0.1173
0.143
0.1185
0.1442
0.1173
0.1381
0.1135
0.1366
0.1145
0.1379
0.1142
0.1369
0.1142
0.1364
0.1167
0.1395
0.1152
0.1407
0.116
0.1402
0.1168
0.1437
0.119
0.1476
0.1203
0.145
0.1186
0.1425
0.1192
0.1413
0.1167
0.1424
0.1171
0.1439
0.1182
0.1436
0.1232
0.1437
0.1191
0.145
0.1194
0.1445
0.1196
0.1438
0.1201
0.1506
0.122
0.1602
0.1236
0.1531
0.1238
0.144
0.12
0.1415
0.1178
0.1413
0.118
0.1439
0.1177
0.1432
0.1195
0.1466
0.1202
0.1462
0.1202
0.1392
0.1154
0.1354
0.115
0.1406
0.1161
0.1389
0.114
0.1406
0.1168
0.139
0.1181
0.1425
0.1167
0.1669
0.1213
0.158
0.1219
0.139
0.1167
0.1433
0.12
0.1461
0.1191
0.1415
0.1177
0.1476
0.1198
0.1572
0.1225
0.148
0.1195
0.1427
0.1175
0.144
0.1183
0.1413
0.1177
0.1434
0.1171
0.1463
0.1195
0.1476
0.1196
0.147
0.12
0.1595
0.1243
0.1452
0.1181
0.1407
0.1167
0.1384
0.1176
0.1407
0.1153
0.1397
0.1175
0.1403
0.1165
0.1445
0.1175
0.1419
0.1193
0.1485
0.1195
0.1559
0.1228
0.1403
0.1179
0.1456
0.1202
0.147
0.1178
0.1471
0.1207
0.2139
0.1283
0.1444
0.119
0.1422
0.1161
0.1399
0.1175
0.1398
0.115
0.1387
0.1171
0.1397
0.1164
0.139
0.1162
0.1368
0.1185
0.1409
0.1154
0.1392
0.119
0.1416
0.1172
0.1419
0.1176
0.1361
0.1164
0.1388
0.1166
0.1398
0.1153
0.1383
0.1141
0.1399
0.1157
0.1383
0.1153
0.1392
0.1156
0.1367
0.1156
0.1406
0.1175
0.1403
0.1161
0.1393
0.1157
0.1408
0.1181
0.1394
0.1156
0.1379
0.1159
0.1394
0.1164
0.1399
0.1163
0.1392
0.1173
0.1388
0.116
0.1396
0.1169
0.14
0.1174
0.1373
0.1165
0.1409
0.1163
1.063
0.1266

-------------------------------------
CodechalDecodeHevcG12::SetFrameStates
-------------------------------------
0.8637
0.31
13.5804
11.412
10.7473
0.1615
0.1176
0.1189
0.0345
0.0321
0.0317
0.0348
0.0312
0.0316
0.0315
0.0309
0.0321
0.0312
0.0301
0.0324
0.0297
0.0383
0.0344
0.0335
0.0323
0.0327
0.0307
0.0312
0.0387
0.0327
0.0309
0.0387
0.0347
0.0317
0.0385
0.034
0.0362
0.0386
0.0306
0.0297
0.0309
0.0302
0.032
0.0301
0.0294
0.0439
0.0307
0.0379
18.4916
0.0359
0.0392
0.0341
0.0334
0.0371
0.0344
0.0385
0.0431
0.0406
0.0323
0.0386
0.0332
0.0326
0.0346
0.0318
0.0384
0.0333
0.0385
0.0337
0.0313
0.0317
0.0373
0.0321
0.0307
0.0371
0.0324
0.0315
0.0309
0.0311
0.0299
0.0307
0.0297
0.0309
0.0304
0.031
0.0302
0.0313
0.0303
0.0316
0.0303
0.0305
0.0298
0.0309
0.0302
0.0311
0.032
0.0307
0.0315
0.0377
0.0329
0.0307
0.0372
0.0376
0.0335
0.0318
0.032
0.0304
0.0314
0.0296
0.0303
0.0301
0.0305
0.0309
0.0306
0.03
0.0305
0.0305
0.0306
0.0309
0.0216
0.0291
0.0304
0.0314
0.0302
0.0297
0.0316
0.0302
0.0314
0.0319
0.04
0.0312
0.0312
0.0295
0.0308
0.0303
0.0307
0.0296
0.0313
0.0297
0.0305
0.0313
0.031
0.0308
0.0337
0.0307
0.0299
0.0302
0.0302
0.0291
0.0303
0.0374
0.0326
0.0316
0.0304
0.0311
0.0299
0.0306
0.0304
0.0319
0.0301
0.0305
0.0312
0.0305
0.03
0.0306
0.0303
0.031
0.0306
0.0304
0.0309
0.0299
0.0306
0.0379
0.0333
0.0309
0.0371
0.0449
0.0464
0.0432
0.0385
0.0338
0.0319
0.0322
0.0311
0.0302
0.0311
0.0307
0.0308
0.031
0.031
0.0308
0.0321
0.0303
0.0308
0.0314
0.0301
0.0331
0.0447
0.0375
0.0325
0.0326
0.0315
0.0308
0.041
0.0305
0.03
0.0309
0.0294
0.0304
0.0306
0.0316
0.0299
0.0322
0.031
0.0304
0.0307
0.0313
0.0296
0.0306
0.0297
0.0305
0.0494
0.0377
0.0339
0.038
0.0356
0.0462
0.0343
0.0334
0.0457
0.043
0.0351
0.033
0.0322
0.0312
0.0379
0.0331
0.0314
0.0349
0.0227
0.0302
0.0304
0.0325
0.0303
0.0305
0.0314
0.0296
0.0306
0.0303
0.0299
0.03
0.0339
0.0398
0.0304
0.0313
0.0308
0.0299
0.0305
0.0296
0.03
0.0303
0.0303
0.0333
0.035
0.0324
0.0304
0.031
0.0304
0.0319
0.0322
0.0315
0.0316
0.033
0.0321
0.0334
0.0358
0.0329
0.0314
0.0329
0.0309
0.0311
0.0301
0.0304
0.0307
0.0319
0.0311
0.0334
0.0316
0.0308
0.0308
0.0315
0.031
0.0321
0.0318
0.0313
0.0309
0.0321
0.0329
0.0355
0.0322
0.0457
0.0331
0.0322
0.0308
0.0323
0.0316
0.03
0.0305
0.0304
0.031
0.0334
0.032
0.0309
0.0328
0.0345
0.0317
0.0311
0.0335
0.0307
0.0322
0.0364
0.0313
0.0319
0.0306
0.0297
0.0305
0.0307
0.0309
0.0316
0.0323
0.0308
0.0297
0.0301
0.0295
0.031
0.0313
0.0317
0.0329
0.033
0.0298
0.031
0.0306
0.0313
0.0437
0.0346
0.0394
0.0347
0.0355
0.0319
0.0301
0.0306
0.0299
0.0318
0.0316
0.031
0.0306
0.0308
0.0329
0.034
0.0234
0.0307
0.0307
0.0438
0.0359
0.0328
0.0327
0.0296
0.0302
0.0297
0.0294
0.03
0.0295
0.0292
0.0292
0.0301
0.0298
0.0311
0.0305
0.0301
0.0304
0.0306
0.0291
0.0304
0.0309
0.0295
0.0312
0.0315
0.0296
0.0313
0.0299
0.0297
0.0294
0.0311
0.0316
0.0323
0.031
0.0309
0.0312
0.0311
0.0315
0.0328
0.0314
0.0291
0.0294
0.0304
0.0294
0.0381
0.0337
0.0319
0.0315
0.0326
0.0305
0.0317
0.0301
0.0311
0.0314
0.0318
0.0323
0.0341
0.0309
0.0306
0.0306
0.0317
0.0317
0.0347
0.0335
0.0327
0.0325
0.031
0.0306
0.0309
0.0315
0.0304
0.0295
0.0308
0.0297
0.0305
0.0302
0.0295
0.0301
0.0312
0.0317
0.0352
0.0328
0.0325
0.0306
0.0317
0.0309
0.0317
0.0313
0.0348
0.032
0.0331
0.0323
0.0326
0.0331
0.0319
0.03
0.0298
0.0297
0.0306
0.032
0.0287
0.0299
0.0301
0.0297
0.031
0.0317
0.0315
0.0325
0.0325
0.0315
0.0324
0.0314
0.032
0.0331
0.031
0.0306
0.0311
0.0209
0.0296
0.0295
0.0316
0.0293
0.0303
0.03
0.0302
0.031
0.0306
0.0312
0.0314
0.0321
0.0315
0.033
0.0317
0.0312
0.0314
0.0305
0.0297
0.0297
0.0305
0.0297
0.0303
0.0308
0.031
0.0314
0.0317
0.031
0.0306
0.0305
0.0301
0.0311
0.0311
0.0312
0.0312
0.0309
0.0318
0.032
0.0327
0.0341
0.0318
0.0304
0.03
0.0303
0.0314
0.032
0.0317
0.0302
0.0291
0.0297
0.0299
0.0303
0.0302
0.0308
0.0326
0.0333
0.0308
0.0317
0.0317
0.0304
0.0317
0.032
0.032
0.0315
0.0316
0.0316
0.0312
0.0315
0.0308
0.0315
0.035
0.031
0.0305
0.0295
0.0307
0.0306
0.0307
0.0317
0.0315
0.0321
0.0354
0.0303
0.0312
0.0319
0.0317
0.0472
0.0408
0.0334
0.0353
0.041
0.0298
0.0299
0.0298
0.0294
0.0299
0.0357
0.0315
0.0298
0.0301
0.0299
0.0311
0.03
0.0401
0.0296
0.0313
0.0296
0.0302
0.0357
0.0302
0.0299
0.0305
0.0299
0.0357
0.0317
0.0296
0.0297
0.0307
0.0344
0.0297
0.0305
0.0612

--------------------------
CreateVideoDecoder_D3D11_1
--------------------------
18.1725

---------------------------
DestroyVideoDecoder_D3D11_1
---------------------------
0

----------------
First Frame Time
----------------
79.0096

--------------------------------------
VideoDecoderBeginFrame_WDDM2_4_D3D11_1
--------------------------------------
0.0079
0.0033
0.0039
0.0031
0.0037
0.0029
0.0027
0.0021
0.002
0.0021
0.0018
0.0018
0.0018
0.0023
0.0018
0.0017
0.0019
0.0016
0.0016
0.0025
0.0015
0.0026
0.002
0.0019
0.0017
0.0017
0.0017
0.0016
0.0035
0.002
0.0018
0.0029
0.002
0.0018
0.003
0.002
0.0017
0.0018
0.0016
0.0015
0.0018
0.0016
0.0027
0.0015
0.0015
0.0014
0.0016
0.0027
0.0019
0.0025
0.0029
0.0021
0.002
0.0018
0.0018
0.0018
0.0021
0.0019
0.0018
0.0029
0.002
0.002
0.0017
0.0025
0.0027
0.002
0.0026
0.0021
0.0019
0.002
0.0027
0.0018
0.0018
0.0027
0.0017
0.002
0.0016
0.0017
0.0016
0.0017
0.0015
0.0018
0.0016
0.0018
0.0016
0.0018
0.0014
0.0016
0.0015
0.0018
0.0014
0.0018
0.0015
0.0017
0.0026
0.0018
0.002
0.0026
0.0018
0.0017
0.0028
0.0027
0.002
0.0018
0.0019
0.0016
0.0017
0.0016
0.0019
0.0015
0.0018
0.0015
0.0018
0.0016
0.0026
0.0016
0.0017
0.0018
0.0019
0.0015
0.0018
0.0015
0.0018
0.0015
0.0016
0.0016
0.0018
0.0017
0.0017
0.0017
0.0018
0.0016
0.0018
0.0016
0.0018
0.0016
0.0018
0.0015
0.0017
0.0017
0.0018
0.0034
0.0019
0.0019
0.0018
0.0016
0.0018
0.0016
0.0015
0.0028
0.0021
0.0022
0.0018
0.002
0.0015
0.0018
0.0016
0.0019
0.0016
0.0019
0.0017
0.0018
0.0015
0.0018
0.0016
0.0018
0.0016
0.0018
0.0017
0.0015
0.0018
0.0033
0.0021
0.0018
0.0028
0.0027
0.0026
0.002
0.0027
0.0021
0.0022
0.0017
0.0018
0.0017
0.0019
0.0016
0.0018
0.0017
0.0018
0.0024
0.0018
0.0015
0.0018
0.0019
0.0018
0.0017
0.0017
0.003
0.0019
0.0021
0.0016
0.0018
0.0018
0.0018
0.0017
0.0019
0.0017
0.0016
0.0016
0.0017
0.0017
0.0035
0.0016
0.0018
0.0016
0.0018
0.0016
0.0017
0.0016
0.0017
0.0029
0.0027
0.002
0.0027
0.0023
0.0024
0.0022
0.0019
0.0028
0.0025
0.0027
0.0019
0.0018
0.0018
0.0027
0.0019
0.0019
0.0018
0.0017
0.0016
0.0018
0.0017
0.0015
0.0016
0.0016
0.0015
0.0018
0.0016
0.0015
0.0015
0.0017
0.0025
0.0019
0.0018
0.0018
0.0017
0.0018
0.0015
0.0015
0.0016
0.0016
0.0017
0.0017
0.0016
0.0016
0.0015
0.0015
0.0016
0.0017
0.0015
0.0018
0.0017
0.0016
0.0016
0.0018
0.0016
0.0016
0.0019
0.0017
0.0016
0.0015
0.0015
0.0017
0.0016
0.0016
0.0016
0.0016
0.0016
0.0017
0.0016
0.0025
0.0016
0.0016
0.0015
0.0015
0.0016
0.0017
0.0017
0.0022
0.0039
0.0022
0.0019
0.0018
0.0022
0.0018
0.0017
0.0017
0.0016
0.0017
0.0016
0.0017
0.0018
0.0017
0.0019
0.0017
0.0015
0.0041
0.0016
0.0018
0.0023
0.0018
0.0019
0.0017
0.0016
0.0016
0.0015
0.0016
0.0016
0.0016
0.002
0.0015
0.0017
0.0015
0.0017
0.0017
0.0016
0.0017
0.0016
0.0015
0.0016
0.0017
0.002
0.0034
0.0025
0.0028
0.002
0.0023
0.0017
0.0015
0.0016
0.0014
0.0015
0.0017
0.0015
0.0019
0.0015
0.0015
0.0018
0.002
0.0017
0.0017
0.0033
0.0023
0.0019
0.0023
0.0016
0.0018
0.0016
0.0016
0.0015
0.0017
0.0016
0.0017
0.0016
0.0015
0.0015
0.0016
0.0016
0.0016
0.0019
0.0015
0.0016
0.0017
0.0016
0.0019
0.0021
0.0016
0.0017
0.0016
0.0016
0.0016
0.0016
0.0017
0.0016
0.0018
0.0016
0.0016
0.0015
0.0017
0.0019
0.0021
0.0016
0.0016
0.0016
0.0016
0.0027
0.002
0.0017
0.0017
0.0018
0.0016
0.0016
0.0016
0.0016
0.0025
0.0017
0.0017
0.0018
0.0018
0.0016
0.0015
0.0018
0.0017
0.0017
0.0018
0.0017
0.0017
0.0017
0.0015
0.0016
0.0019
0.0015
0.0016
0.0015
0.0015
0.0016
0.0015
0.0015
0.0015
0.0017
0.0016
0.0016
0.0017
0.0018
0.0017
0.0016
0.0016
0.0018
0.0017
0.0015
0.0018
0.0017
0.0018
0.0018
0.0017
0.0017
0.0021
0.0015
0.0016
0.0017
0.0019
0.0015
0.0017
0.0016
0.0015
0.0015
0.0018
0.0016
0.0018
0.0016
0.0016
0.0017
0.0016
0.0017
0.0054
0.0017
0.0016
0.0019
0.0018
0.0015
0.0017
0.0016
0.0015
0.0017
0.0015
0.0015
0.0018
0.0018
0.0015
0.0017
0.0016
0.0015
0.0017
0.0018
0.0016
0.0017
0.0019
0.0014
0.0016
0.0015
0.0015
0.0016
0.0015
0.0016
0.0016
0.0015
0.0019
0.0016
0.0016
0.0015
0.0016
0.0017
0.0016
0.0016
0.0015
0.0015
0.0016
0.0016
0.0016
0.0017
0.0017
0.0015
0.0016
0.0016
0.0016
0.0017
0.0018
0.0015
0.0015
0.0015
0.0015
0.0016
0.0016
0.0017
0.0016
0.0019
0.0015
0.0014
0.0015
0.0016
0.0018
0.0016
0.0016
0.0017
0.0016
0.0015
0.0016
0.0017
0.0017
0.0018
0.0018
0.0016
0.0015
0.002
0.0016
0.0017
0.0018
0.0015
0.0017
0.0018
0.0017
0.0016
0.0017
0.0015
0.0034
0.0022
0.0017
0.0016
0.0015
0.0016
0.0016
0.0016
0.0015
0.0017
0.0016
0.0016
0.0017
0.0015
0.0016
0.0018
0.0017
0.0018
0.0018
0.0016
0.0016
0.0017
0.0016
0.0015
0.0016
0.0015
0.0015
0.0017
0.0016
0.0017
0.0017
0.0016
0.0016
0.0015
0.0017
0.0015

----------------------------
VideoDecoderEndFrame_D3D11_1
----------------------------
0.0394
0.0653
0.0573
0.0971
0.0718
0.0639
0.0634
0.0623
0.0616
0.0631
0.0596
0.0663
0.0582
0.0606
0.0543
0.0543
0.0567
0.0572
0.0558
0.0566
0.0565
0.0593
0.0558
0.0539
0.0536
0.0499
0.0512
0.0548
0.0553
0.0514
0.0538
0.0551
0.0516
0.0516
0.0547
0.0526
0.0519
0.0517
0.0508
0.0517
0.0604
0.0505
0.0546
0.0502
0.0507
0.0503
0.0511
0.0542
0.0589
0.0778
0.1035
0.0537
0.0579
0.0548
0.0558
0.0652
0.0566
0.0516
0.0506
0.0562
0.0531
0.0557
0.0571
0.0604
0.0554
0.0661
0.0541
0.0519
0.0515
0.0564
0.0552
0.0519
0.0512
0.055
0.0516
0.0511
0.0509
0.0504
0.0503
0.0516
0.0673
0.0622
0.061
0.0577
0.0564
0.0506
0.0509
0.0508
0.051
0.0513
0.0515
0.0514
0.0506
0.0516
0.0525
0.0517
0.0583
0.056
0.0519
0.0516
0.0549
0.0548
0.0509
0.0509
0.0539
0.0509
0.0514
0.0504
0.0512
0.0505
0.0511
0.0506
0.051
0.0508
0.0503
0.0511
0.0511
0.0505
0.0531
0.0507
0.0529
0.0507
0.052
0.0507
0.0513
0.0508
0.0517
0.0625
0.0512
0.0511
0.0512
0.05
0.0516
0.051
0.0507
0.0516
0.0515
0.0499
0.0508
0.0504
0.0519
0.0528
0.053
0.055
0.0499
0.0517
0.0509
0.0502
0.0519
0.0538
0.0526
0.0526
0.0507
0.0518
0.0512
0.0512
0.0501
0.0508
0.0506
0.0518
0.051
0.0508
0.0504
0.0511
0.0508
0.0506
0.0508
0.0519
0.0511
0.051
0.056
0.0675
0.0515
0.05
0.0551
0.0758
0.0764
0.0654
0.0543
0.0516
0.0507
0.0509
0.0519
0.0502
0.0511
0.0513
0.051
0.0505
0.0517
0.0512
0.0512
0.0519
0.0508
0.0508
0.0506
0.0508
0.0504
0.0563
0.0513
0.0511
0.0517
0.05
0.0508
0.0514
0.0517
0.0516
0.0514
0.0523
0.0513
0.0516
0.0505
0.0528
0.0506
0.0509
0.0505
0.0514
0.0507
0.0514
0.0511
0.0509
0.0557
0.0557
0.074
0.0906
0.0775
0.0776
0.0761
0.0566
0.0772
0.075
0.0531
0.0509
0.0511
0.051
0.0545
0.0561
0.0521
0.0507
0.0511
0.0538
0.0507
0.0521
0.0536
0.0509
0.0529
0.0522
0.051
0.0512
0.0537
0.0532
0.0604
0.0495
0.0643
0.057
0.05
0.0533
0.0545
0.0538
0.0531
0.0523
0.0534
0.0541
0.0552
0.0532
0.0534
0.0529
0.0541
0.0538
0.0562
0.0548
0.053
0.0532
0.0577
0.0544
0.0577
0.071
0.0557
0.0548
0.0529
0.0521
0.0528
0.0534
0.0532
0.0529
0.0538
0.0546
0.053
0.0522
0.0525
0.0566
0.0583
0.0562
0.0525
0.0533
0.0526
0.0547
0.0552
0.0568
0.056
0.0584
0.0555
0.0528
0.0562
0.0519
0.0522
0.0516
0.0516
0.0519
0.052
0.0523
0.055
0.0534
0.054
0.0553
0.0536
0.0529
0.0572
0.0543
0.0568
0.0564
0.0536
0.0545
0.0524
0.0534
0.0533
0.0538
0.0521
0.0538
0.0567
0.0531
0.0529
0.0531
0.0536
0.0533
0.0553
0.0546
0.0553
0.056
0.0519
0.0559
0.056
0.067
0.0566
0.0562
0.0583
0.0555
0.0549
0.0538
0.0525
0.0542
0.0539
0.053
0.0545
0.0546
0.0535
0.0533
0.0523
0.0532
0.0537
0.0525
0.054
0.0582
0.0593
0.0881
0.0538
0.0542
0.0529
0.0527
0.0531
0.052
0.0526
0.0523
0.0518
0.0522
0.0523
0.0528
0.0523
0.054
0.0559
0.0529
0.0527
0.0525
0.0522
0.0532
0.0537
0.0559
0.0526
0.0523
0.0534
0.0529
0.0551
0.0534
0.056
0.0554
0.0533
0.0528
0.0584
0.0543
0.0541
0.0546
0.0523
0.0522
0.0517
0.0521
0.057
0.0561
0.0551
0.0552
0.0566
0.0558
0.0543
0.0541
0.0529
0.0539
0.0527
0.0553
0.0545
0.0574
0.0533
0.0533
0.0551
0.0545
0.0551
0.0574
0.0552
0.056
0.0624
0.0551
0.0528
0.0527
0.0556
0.052
0.0518
0.0531
0.0538
0.054
0.0541
0.0543
0.0527
0.0532
0.0544
0.0546
0.0583
0.0608
0.0534
0.0528
0.0538
0.0555
0.056
0.0545
0.0564
0.0545
0.0543
0.0556
0.0575
0.0555
0.052
0.0522
0.0534
0.0541
0.0531
0.0519
0.053
0.0531
0.0527
0.0532
0.0557
0.0591
0.0564
0.0532
0.0531
0.0542
0.0541
0.0533
0.059
0.0537
0.0536
0.0525
0.0536
0.0528
0.0507
0.0512
0.0546
0.052
0.0538
0.0547
0.0543
0.0528
0.0545
0.0529
0.0558
0.0538
0.0551
0.0561
0.0539
0.0533
0.0516
0.0552
0.0524
0.0519
0.0516
0.0526
0.0518
0.0552
0.0526
0.0543
0.0556
0.0541
0.0529
0.0542
0.0535
0.0549
0.0536
0.0548
0.053
0.0532
0.0571
0.0566
0.0553
0.0548
0.0538
0.0545
0.0543
0.0553
0.0566
0.0542
0.0523
0.0538
0.0528
0.0548
0.0529
0.0536
0.0536
0.0572
0.0567
0.0546
0.0525
0.0551
0.0549
0.0541
0.0559
0.0553
0.0537
0.0554
0.053
0.0567
0.0543
0.0553
0.0562
0.0563
0.0643
0.0533
0.0535
0.0547
0.0539
0.0545
0.0541
0.0554
0.0563
0.0554
0.0568
0.051
0.0503
0.0513
0.0548
0.0505
0.0512
0.0504
0.0526
0.0502
0.0508
0.0503
0.0512
0.0504
0.0511
0.0512
0.0499
0.0508
0.0511
0.0503
0.0513
0.0509
0.0508
0.0508
0.0516
0.0505
0.0517
0.0514
0.0507
0.0504
0.0509
0.0511
0.0498
0.0508
0.0501
0.0499
0.0515
0.0516
0.051
0.0596

---------------------------------
VideoDecoderSubmitBuffers_D3D11_1
---------------------------------
16.7067
32.0532
14.9928
69.1228
37.7011
0.7376
0.7371
0.6622
0.558
0.5551
0.5508
0.5454
0.5074
0.582
0.5472
0.5474
0.5801
0.5334
1.0065
0.7218
0.8253
0.6108
0.7589
0.7568
0.395
0.3984
0.5213
0.7617
0.6094
0.7458
0.8013
0.6664
0.7301
0.7348
0.4443
0.4095
0.6527
0.6179
0.7239
0.7774
0.7179
0.8082
0.3879
0.3758
0.373
0.6103
0.7386
0.4729
18.9391
0.4275
0.477
0.41
0.5681
0.8117
0.7424
0.7553
0.743
0.782
0.7138
0.7153
0.7252
0.723
0.8208
0.7662
0.7111
0.7573
0.6358
0.7059
0.7479
0.3919
0.4356
0.3835
0.614
0.4334
0.3941
0.7255
0.7468
0.7713
0.7948
0.7644
0.8233
0.717
0.7384
0.7551
0.787
0.759
0.7969
0.7181
0.769
0.7794
0.7675
0.715
0.7887
0.7447
0.7785
0.762
0.3885
0.4338
0.3874
0.497
0.4296
0.4352
0.4619
0.744
0.7595
0.7706
0.7246
0.8023
0.7343
0.7763
0.7653
0.7692
0.7087
0.8149
0.7688
0.7999
0.7767
0.3825
0.3632
0.3668
0.3789
0.5344
0.8297
0.7767
0.6417
0.7701
0.6444
0.7638
0.7131
0.7749
0.7658
0.8468
0.7204
0.7476
0.7589
0.7961
0.7655
0.8267
0.7417
0.7543
0.7763
0.7787
0.7028
0.3837
0.3766
0.3724
0.5703
0.7875
0.8039
0.4356
0.3925
0.6192
0.8237
0.7812
0.8283
0.7994
0.763
0.6851
0.7824
0.7537
0.7829
0.7601
0.7689
0.7263
0.7783
0.7241
0.7749
0.7704
0.7833
0.8147
0.395
0.4383
0.3934
0.4566
0.432
0.5777
0.4735
0.6389
0.601
0.7229
0.7088
0.7101
0.7435
0.7804
0.687
0.7833
0.7324
0.7021
0.7363
0.7766
0.7144
0.7756
0.724
0.3874
0.3777
0.3746
0.7988
0.4384
0.412
0.7139
0.7786
0.7081
0.7404
0.7421
0.7915
0.7493
0.8069
0.7485
0.8049
0.7441
0.7805
0.7564
0.8044
0.7082
0.7766
0.7827
0.7836
0.7388
0.8024
0.7512
0.802
0.6553
1.204
0.4359
0.4306
0.5897
0.4077
0.3994
0.6045
0.5827
0.4148
0.3865
0.3813
0.3779
0.4335
0.3876
0.3788
0.3951
0.3656
0.3904
0.3817
0.3863
0.374
0.3751
0.3807
0.3747
0.3822
0.3762
0.3713
0.3736
0.4186
0.3912
0.392
0.4022
0.3713
0.3726
0.3757
0.3727
0.3776
0.383
0.3767
0.4106
0.4243
0.3861
0.3802
0.3838
0.3804
0.3977
0.4069
0.3917
0.3969
0.3996
0.3949
0.409
0.4323
0.4562
0.4278
0.3951
0.377
0.3788
0.3803
0.3752
0.3856
0.3962
0.3908
0.4123
0.3918
0.3859
0.3879
0.3972
0.3893
0.4096
0.3903
0.3908
0.3877
0.3944
0.3897
0.4105
0.3961
0.5282
0.397
0.3863
0.3778
0.3889
0.3814
0.3716
0.3763
0.3774
0.3782
0.3883
0.3979
0.3889
0.3965
0.414
0.3812
0.3877
0.3962
0.3812
0.4551
0.4448
0.3817
0.384
0.3818
0.3742
0.3853
0.389
0.381
0.3962
0.4055
0.3834
0.372
0.379
0.371
0.3833
0.4009
0.3888
0.4145
0.4183
0.3695
0.4229
0.3778
0.53
0.5068
0.4106
0.4479
0.4108
0.4362
0.3797
0.3747
0.3785
0.3733
0.3894
0.3892
0.3825
0.3819
0.3827
0.3792
0.3948
0.383
0.3785
0.3774
0.4784
0.398
0.3919
0.393
0.3745
0.3774
0.3678
0.3657
0.3651
0.3662
0.3629
0.3657
0.3855
0.3739
0.3822
0.3911
0.3911
0.3867
0.3807
0.3682
0.3785
0.3875
0.3735
0.3905
0.3905
0.3761
0.3846
0.3758
0.3729
0.3776
0.3859
0.3909
0.4198
0.3897
0.3873
0.3913
0.395
0.3921
0.4038
0.3799
0.3663
0.3682
0.3682
0.3872
0.4597
0.419
0.4088
0.3968
0.4048
0.3812
0.3856
0.3822
0.3823
0.3884
0.3976
0.4008
0.4198
0.3895
0.3959
0.3888
0.4027
0.3976
0.421
0.4167
0.4107
0.4168
0.3907
0.3952
0.389
0.389
0.3789
0.3718
0.3743
0.3711
0.3732
0.3744
0.3737
0.3843
0.3901
0.391
0.4088
0.4183
0.4042
0.3867
0.3924
0.3905
0.4255
0.39
0.3964
0.4078
0.4065
0.4045
0.4057
0.4142
0.4012
0.3782
0.3737
0.3715
0.3883
0.3957
0.363
0.3707
0.3693
0.3714
0.3824
0.3909
0.4222
0.4118
0.4099
0.3933
0.3972
0.3939
0.3952
0.3935
0.3871
0.3861
0.3834
0.3552
0.3652
0.3717
0.3702
0.3659
0.3691
0.3704
0.4129
0.3789
0.3814
0.3865
0.389
0.4016
0.394
0.4064
0.3915
0.3893
0.3906
0.3795
0.3717
0.3743
0.3751
0.3736
0.3784
0.3837
0.386
0.388
0.4008
0.3935
0.386
0.3819
0.3824
0.3902
0.3971
0.3891
0.39
0.3896
0.3898
0.4046
0.4248
0.4157
0.3906
0.3831
0.3809
0.3848
0.3903
0.3966
0.3928
0.3824
0.3705
0.3778
0.3731
0.3799
0.3826
0.384
0.4235
0.4234
0.3809
0.3888
0.3952
0.3819
0.3948
0.4153
0.3999
0.3868
0.3896
0.3853
0.3877
0.3947
0.3938
0.3974
0.4283
0.3919
0.3811
0.3756
0.3836
0.3835
0.3804
0.3944
0.3929
0.4017
0.4252
0.3817
0.3933
0.436
0.8122
0.7803
0.6753
0.7096
0.7598
0.816
0.3745
0.4767
0.7923
0.8247
0.7266
0.7851
0.7492
0.3777
0.5047
0.7982
0.3806
0.3725
0.4166
0.6724
0.3784
0.4672
0.728
0.7156
0.7926
0.3776
0.4539
0.7748
0.7538
0.6922
0.3725
0.555
0.76
0.8616
0.7968
0.3801
1.5326

