--------------------------
CreateVideoDecoder_D3D11_1
--------------------------
21.9529
15.5572
12.8877

---------------------------
DestroyVideoDecoder_D3D11_1
---------------------------
12.9552
13.3182
0

----------------
First Frame Time
----------------
0

----------------------------
VideoDecoderEndFrame_D3D11_1
----------------------------
0.0033
0.0025
0.0027
0.0024
0.0022
0.0023
0.0022
0.0019
0.0023
0.0025
0.0023
0.0019
0.002
0.0042
0.0019
0.002
0.0033
0.0021
0.0021
0.004
0.002
0.0021
0.002
0.0021
0.002
0.0021
0.0023
0.0021
0.0042
0.0021
0.0019
0.002
0.0022
0.002
0.002
0.0022
0.0019
0.002
0.002
0.002
0.0023
0.0019
0.004
0.0023
0.002
0.0023
0.0021
0.002
0.0023
0.0021
0.0021
0.0023
0.0019
0.0027
0.0021
0.002
0.0025
0.002
0.0019
0.0021
0.0021
0.002
0.0022
0.0042
0.002
0.0019
0.0021
0.0024
0.0019
0.0023
0.0033
0.0025
0.0027
0.0023
0.0022
0.0028
0.0021
0.0028
0.0023
0.002
0.0022
0.0019
0.0033
0.0024
0.002
0.0026
0.0024
0.0019
0.0022
0.002
0.0021
0.0022
0.002
0.002
0.0048
0.0022
0.0021
0.0021
0.0019
0.0021
0.0023
0.002
0.0021
0.0021
0.002
0.0022
0.0021
0.0022
0.0021
0.0019
0.0023
0.0021
0.0021
0.0024
0.002
0.0021
0.002
0.0019
0.0024
0.002
0.002
0.0021
0.0019
0.0023
0.0023
0.002
0.002
0.0021
0.0021
0.0021
0.0019
0.0019
0.0024
0.0022
0.0025
0.0019
0.002
0.002
0.002
0.002
0.0022
0.0043
0.0021
0.002
0.002
0.0021
0.002
0.0019
0.0027
0.002
0.0021
0.0023
0.0019
0.0025
0.0021
0.002
0.0022
0.0021
0.0023
0.0022
0.0021
0.0022
0.0021
0.002
0.0021
0.0019
0.002
0.0025
0.002
0.0025
0.002
0.002
0.0024
0.0019
0.0021
0.0022
0.0021
0.0022
0.0019
0.0023
0.0025
0.0023
0.002
0.0022
0.0023
0.002
0.0021
0.0021
0.0022
0.002
0.002
0.0022
0.002
0.002
0.0023
0.0021
0.0024
0.0019
0.0023
0.0025
0.0019
0.002
0.0024
0.0021
0.0021
0.0021
0.0019
0.0023
0.0021
0.0021
0.0021
0.0047
0.0021
0.002
0.002
0.0024
0.002
0.0023
0.0022
0.002
0.0022
0.0024
0.0019
0.0021
0.0021
0.002
0.0021
0.0019
0.0019
0.0019
0.002
0.0024
0.0019
0.0019
0.0021
0.002
0.002
0.0022
0.002
0.0021
0.0023
0.0019
0.0021
0.0028
0.0023
0.0025
0.0023
0.002
0.0023
0.002
0.0022
0.0019
0.002
0.0023
0.0021
0.002
0.0024
0.002
0.0023
0.002
0.002
0.0022
0.002
0.0031
0.0019
0.0023
0.0023
0.0019
0.002
0.0022
0.002
0.002
0.002
0.0019
0.0021
0.0022
0.002
0.0023
0.002
0.002
0.0022
0.0018
0.0019
0.0022
0.0019
0.0021
0.0019
0.0021
0.0023
0.0019
0.002
0.0022
0.0019
0.0023
0.002
0.0023
0.0023
0.002
0.002
0.0025

