--------------------------
CreateVideoDecoder_D3D11_1
--------------------------
20.5155
19.0091
13.9548

---------------------------
DestroyVideoDecoder_D3D11_1
---------------------------
13.0225
13.15
0

----------------
First Frame Time
----------------
0

----------------------------
VideoDecoderEndFrame_D3D11_1
----------------------------
0.0027
0.0027
0.0029
0.0028
0.0023
0.0023
0.0027
0.002
0.0024
0.0028
0.0022
0.002
0.002
0.0046
0.002
0.002
0.002
0.002
0.0022
0.0039
0.002
0.0027
0.0019
0.0019
0.0026
0.002
0.0022
0.002
0.0039
0.0022
0.002
0.002
0.0026
0.002
0.0019
0.0022
0.002
0.0022
0.0021
0.0019
0.0024
0.002
0.0041
0.0026
0.0022
0.0022
0.0018
0.002
0.0024
0.0019
0.002
0.0022
0.0023
0.002
0.0018
0.0024
0.0022
0.0022
0.0028
0.0022
0.0025
0.0019
0.0019
0.0042
0.0023
0.0021
0.0021
0.002
0.0019
0.0021
0.0023
0.0022
0.0022
0.0032
0.0021
0.0033
0.0021
0.002
0.0022
0.0019
0.0023
0.002
0.002
0.0024
0.0025
0.0025
0.0022
0.002
0.0027
0.0019
0.0019
0.002
0.002
0.0019
0.0046
0.002
0.0019
0.0025
0.0021
0.0023
0.0019
0.002
0.0021
0.002
0.0019
0.0025
0.002
0.0024
0.0021
0.002
0.0026
0.0018
0.0019
0.0022
0.0019
0.0022
0.002
0.0019
0.0028
0.0019
0.0019
0.0022
0.002
0.0019
0.0023
0.002
0.0024
0.0021
0.0019
0.0021
0.0019
0.0018
0.0025
0.0021
0.0024
0.002
0.0019
0.0023
0.0019
0.002
0.0022
0.0043
0.0022
0.0019
0.0019
0.0024
0.002
0.0027
0.003
0.0019
0.002
0.0022
0.002
0.0021
0.002
0.0027
0.0024
0.002
0.0021
0.0023
0.0021
0.0024
0.0028
0.002
0.0021
0.002
0.002
0.0022
0.002
0.0024
0.002
0.002
0.0021
0.002
0.0023
0.0021
0.0019
0.002
0.0019
0.0019
0.0019
0.002
0.0019
0.002
0.0021
0.0019
0.002
0.002
0.0021
0.002
0.002
0.0019
0.0018
0.0019
0.0021
0.0019
0.0025
0.0023
0.0021
0.0025
0.0019
0.0019
0.0022
0.0021
0.0023
0.002
0.002
0.0024
0.002
0.0024
0.0022
0.0047
0.0019
0.002
0.0019
0.0022
0.0021
0.002
0.002
0.0019
0.002
0.0026
0.0022
0.0023
0.002
0.002
0.0023
0.0021
0.0023
0.0023
0.002
0.0021
0.0021
0.002
0.0024
0.002
0.0019
0.0022
0.0019
0.0019
0.0023
0.0018
0.0021
0.002
0.0019
0.0022
0.0023
0.002
0.0025
0.0021
0.0021
0.002
0.0019
0.0024
0.002
0.0018
0.0021
0.0019
0.0021
0.0019
0.0023
0.0024
0.0019
0.002
0.002
0.002
0.0021
0.002
0.0019
0.003
0.002
0.002
0.0022
0.0019
0.002
0.0022
0.0025
0.0024
0.002
0.002
0.0021
0.0022
0.0019
0.0024
0.002
0.0021
0.002
0.0019
0.0025
0.0021
0.0019
0.0021
0.002
0.0021
0.002
0.002
0.0024
0.002
0.002
0.0024

