---------------------------------------------
CalcPrivateVideoDecoderOutputViewSize_D3D11_1
---------------------------------------------
0.0021
0.0016
0.0012
0.0023
0.0025
0.0012
0.0014
0.0019
0.0017
0.0029
0.0016
0.0017
0.0017
0.0035
0.0018
0.0019
0.0017
0.0019
0.0018
0.0048
0.0017
0.0022
0.0019
0.0021
0.0017
0.0017
0.0017
0.0017
0.0041
0.0015
0.0021
0.0017
0.002
0.0018
0.002
0.0018
0.0018
0.0016
0.0017
0.0018
0.0021
0.0016
0.0035
0.002
0.0016
0.0016
0.0016
0.0014
0.0019
0.0016
0.0022
0.0022
0.0016
0.0018
0.001
0.0016
0.0018
0.0015
0.0017
0.002
0.0019
0.0016
0.0017
0.0036
0.002
0.0016
0.0016
0.0017
0.0017
0.002
0.0017
0.0019
0.0019
0.0019
0.0018
0.0016
0.0017
0.0017
0.0017
0.0019
0.0017
0.0018
0.0019
0.002
0.001
0.0016
0.002
0.002
0.0022
0.0019
0.0019
0.0016
0.0023
0.0017
0.0054
0.0021
0.0019
0.002
0.0016
0.001
0.0017
0.0022
0.002
0.0021
0.0019
0.002
0.0019
0.0019
0.0015
0.0009
0.001
0.0016
0.0023
0.0022
0.0019
0.0019
0.0017
0.0022
0.002
0.002
0.0019
0.0019
0.0016
0.0021
0.0023
0.002
0.002
0.0011
0.002
0.0021
0.0018
0.0021
0.0019
0.0021
0.0023
0.0019
0.0024
0.002
0.0022
0.0022
0.0013
0.0061
0.0018
0.0021
0.0023
0.0015
0.0014
0.0021
0.0021
0.0018
0.0022
0.0022
0.0012
0.002
0.0018
0.0019
0.0015
0.0026
0.0017
0.0016
0.0021
0.0015
0.0021
0.0013
0.0009
0.0019
0.001
0.0026
0.0022
0.0039
0.0018
0.0013
0.002
0.0018
0.0017
0.0017
0.0018
0.0018
0.0018
0.0018
0.0017
0.0021
0.0017
0.0018
0.0016
0.002
0.0021
0.005
0.0015
0.002
0.0018
0.002
0.0018
0.0019
0.0019
0.0019
0.0018
0.002
0.0016
0.002
0.0037
0.0017
0.0015
0.0018
0.0012
0.0016
0.0016
0.0015
0.0012
0.0013
0.0018
0.0047
0.0013
0.0025
0.0021
0.0021
0.0015
0.0021
0.0016
0.002
0.002
0.0018
0.0021
0.002
0.0022
0.0049
0.002
0.0019
0.0017
0.0046
0.002
0.0017
0.0018
0.002
0.0016
0.0021
0.0021
0.0021
0.0023
0.0018
0.0015
0.0025
0.0016
0.0018
0.002
0.0015
0.0019
0.002
0.0021
0.0069
0.002
0.0017
0.0017
0.0015
0.0017
0.0019
0.0018
0.0018
0.002
0.0018
0.0017
0.0022
0.0015
0.0021
0.002
0.0016
0.002
0.0017
0.0021
0.003
0.0019
0.0012
0.0009
0.001
0.0009
0.0007
0.0021
0.0021
0.0022
0.0017
0.0016
0.0014
0.0025
0.0016
0.0016
0.0017
0.0019
0.0022
0.0019
0.0021
0.0021
0.0017
0.0021
0.002
0.0017
0.0011
0.0017
0.0021
0.0023
0.0024
0.0021
0.0021
0.0021
0.002
0.002
0.0019
0.0016
0.0021
0.002
0.0011
0.001
0.0009
0.0009
0.0009
0.0021
0.0012
0.0064
0.0015
0.002
0.002
0.0009
0.0021
0.0021
0.0017
0.0017
0.0016
0.0016
0.0017
0.0026
0.0021
0.0021
0.0019
0.0015
0.0014
0.0017
0.0015
0.0016
0.0022
0.0018
0.0019
0.0011
0.0015
0.002
0.0015
0.0021
0.0018
0.0017
0.0019
0.0017
0.0018
0.0017
0.0017
0.0011
0.0021
0.0017
0.0022
0.0017
0.0017
0.0017
0.0019
0.0022
0.0021
0.0016
0.0017
0.0022
0.0016
0.0023
0.0014
0.0019
0.002
0.0016
0.0013
0.0016
0.001
0.0019
0.0021
0.002
0.0021
0.0017
0.0009
0.0014
0.0017
0.0011
0.0022
0.0017
0.0021
0.0016
0.0016
0.0015
0.002
0.002
0.0017
0.0014
0.0021
0.0016
0.0009
0.0025
0.002
0.0018
0.0021
0.0009
0.0026
0.0017
0.0019
0.002
0.002
0.0019
0.0009
0.0021
0.0016
0.0016
0.0015
0.0016
0.0016
0.0019
0.0021
0.002
0.0022
0.0016
0.002
0.0019
0.0016
0.0019
0.0017
0.0019
0.0011
0.0021
0.0019
0.0017
0.0022
0.0013
0.0016
0.0017
0.0015
0.0021
0.0016
0.0019
0.0016
0.0018
0.002
0.0016
0.0022
0.0019
0.0015
0.0015
0.0017
0.0021
0.0019
0.002
0.0021
0.002
0.0026
0.0016
0.0022
0.0017
0.0022
0.0021
0.0017
0.0011
0.0022
0.0016
0.0022
0.0019
0.001
0.0022
0.0017
0.0019
0.0017
0.0021
0.0046
0.0017
0.0018
0.0017
0.002
0.0058
0.0019
0.0013
0.0013
0.0008
0.0013
0.0021
0.0017
0.0017
0.0028
0.0019
0.001
0.0021
0.0018
0.002
0.0018
0.0019
0.0021
0.0019
0.0021
0.0018
0.002
0.0018
0.002
0.0019
0.0016
0.0011
0.0028
0.0014
0.0023
0.0016
0.0018
0.0018
0.0019
0.0011
0.0017
0.0016
0.0013
0.0018
0.0018
0.0016
0.002
0.0017
0.0021
0.0018
0.0019
0.002
0.0011
0.0029
0.0017
0.0019
0.0015
0.0019
0.0017
0.0018
0.0017
0.0019
0.0022
0.0018
0.0022
0.002
0.0016
0.0016
0.0016
0.0021
0.001
0.002
0.0021
0.0015
0.0018
0.0016
0.0022
0.002
0.0014
0.0023
0.0009
0.0025
0.0011
0.0016
0.0019
0.0012
0.0023
0.0011
0.0017
0.0016
0.0021
0.0019
0.0013
0.0017
0.0016
0.0016
0.0011
0.0022
0.002
0.0019
0.002
0.0022
0.002
0.002
0.0019
0.0031
0.0012
0.0017
0.0017
0.0023
0.0017
0.0012
0.0016
0.002
0.0021
0.0019
0.0018
0.002
0.002
0.002
0.0022
0.0009
0.0017
0.0019
0.0016
0.001
0.0013
0.0017
0.0016
0.0016
0.0016

-----------------------
CodechalDecode::Execute
-----------------------
10.8153
3.17
11.0024
3.0668
4.6555
1.4218
3.8789
0.7289
0.7138
0.8925
0.7998
0.9213
0.9474
0.9653
0.9181
0.9366
0.939
0.724
0.9192
0.9304
0.9443
0.9042
0.9665
0.6849
0.5654
0.9162
0.5864
0.9441
1.2439
1.3669
0.77
0.9246
0.5979
0.9155
0.585
0.6132
0.6198
0.5891
0.9402
0.6342
0.6283
0.6084
0.9388
0.625
0.5658
0.5813
0.9387
0.5451
0.6538
0.9241
0.7885
0.5727
0.9311
0.555
0.4902
0.5256
0.5415
0.5389
0.5523
0.5467
0.5387
0.5389
0.5372
0.7333
0.544
0.5594
0.7151
0.5345
0.5506
0.536
0.6133
0.6793
0.6047
0.5321
0.5133
0.5401
0.5361
0.5416
0.5205
0.5567
0.5329
0.5209
0.7011
0.5654
0.5012
0.6841
0.5447
0.5265
0.5271
0.5249
0.5221
0.5208
0.5515
0.6353
0.5472
0.5354
0.5321
0.5361
1.7271
0.5065
0.552
0.5458
0.5646
0.5468
0.543
0.5457
0.5456
0.548
0.5409
0.5349
0.4895
0.5422
0.5441
0.5453
0.5374
0.5338
0.5464
0.5405
0.5333
0.5606
1.842
0.5335
0.5438
0.5409
0.5441
0.5429
0.5418
0.4926
0.5427
0.5363
0.5468
0.5374
0.542
0.5434
0.5455
0.5465
0.5389
0.5422
0.5418
0.533
0.5019
0.5592
0.5443
0.5466
0.5328
0.5024
0.4841
0.5441
0.5456
0.5442
0.5343
0.4901
0.4799
0.551
0.5388
0.5405
0.5113
0.5378
0.4995
0.5131
0.5697
0.492
0.5326
0.5079
0.4816
0.5364
0.4821
0.5486
0.5878
0.4995
0.5491
0.5601
0.5273
0.5267
0.5374
0.5639
0.5147
0.5383
0.5183
0.5989
0.535
0.5319
0.5096
0.5087
0.5292
0.7882
0.5305
0.6152
0.6168
0.5654
0.755
0.675
0.6592
0.6792
0.7897
0.9125
0.5774
0.5364
0.5831
0.5769
0.5658
0.5186
0.5176
0.6076
0.7545
0.5228
0.781
0.5287
0.5641
0.4888
0.5883
0.8232
0.5729
0.7121
0.6779
0.6604
0.5157
0.6031
0.586
0.5573
0.5821
0.7098
0.659
0.8338
0.6011
0.6784
0.5447
0.5174
0.6836
0.5131
0.5317
0.5411
0.5553
0.6842
0.607
0.7675
0.8024
0.9344
0.652
0.7388
1.9886
0.5437
0.5853
0.6196
0.5634
0.5279
0.5498
0.5397
0.5453
0.7554
0.6141
0.5686
0.7838
0.7619
0.5103
0.5412
0.7546
0.5859
0.6238
0.5768
0.5643
0.5838
0.7049
0.5447
0.5288
0.5283
0.5431
0.5345
0.5403
0.6313
0.5414
0.5152
0.4752
0.4848
0.472
0.4822
0.5703
0.5638
0.5613
0.5208
0.5413
0.509
0.5623
0.5062
0.5165
0.5455
0.5391
0.5778
0.5334
0.5541
0.5558
0.5077
0.5534
0.542
0.5214
0.5916
0.5545
0.5375
0.5339
0.5342
0.5595
0.5562
0.5345
0.5411
0.5541
0.5601
0.5164
0.5429
0.5603
0.492
0.4955
0.5382
0.4854
0.5158
0.5376
0.5054
0.5492
0.4889
0.5348
0.55
0.5198
0.587
0.5294
0.5353
0.5338
0.5362
0.5378
0.5397
0.5285
0.5407
0.5357
0.5364
0.5247
0.5188
0.7078
0.5284
0.5052
0.5398
0.5095
0.7816
0.509
0.5232
0.5508
0.5096
0.5084
0.513
0.532
0.547
0.5446
0.5436
0.5513
0.5472
0.4934
0.5579
0.5486
0.5609
0.5438
0.5403
0.5448
0.5454
0.4758
0.5285
0.5432
0.5476
0.5488
0.5506
0.5415
0.5239
0.5358
0.541
0.5402
0.497
0.548
0.4988
0.5466
0.565
0.5374
0.536
0.5042
0.4852
0.506
0.5477
0.493
0.5582
0.5415
0.541
0.538
0.5402
0.491
0.5811
0.5614
0.5521
0.4926
0.5473
0.5458
0.4922
0.5478
0.5409
0.5414
0.5412
0.4884
0.5694
0.543
0.5369
0.5505
0.5815
0.541
0.4875
0.5711
0.5409
0.5404
0.4976
0.5521
0.5445
0.5461
0.5399
0.5413
0.5377
0.5839
0.5402
0.5386
0.5106
0.5596
0.57
0.5344
0.4883
0.5532
0.5476
0.5385
0.5423
0.4842
0.5155
0.5362
0.5404
0.5419
0.5685
0.5374
0.5479
0.5399
0.5436
0.543
0.539
0.5356
0.4905
0.7424
0.5412
0.5457
0.5414
0.5391
0.5348
0.5374
0.5467
0.5433
0.5394
0.5449
0.5415
0.5316
0.5347
0.5156
0.5354
0.5409
0.5409
0.5426
0.4981
0.5504
0.5387
0.5385
0.5144
0.5629
0.5446
0.6525
0.5663
0.5371
0.5609
0.5174
0.5562
0.518
0.525
0.5341
0.5349
0.5396
0.5702
0.5363
0.6386
0.5491
0.4908
0.5025
0.538
0.5422
0.542
0.5386
0.5509
0.5459
0.5477
0.5507
0.545
0.5345
0.5443
0.5446
0.5797
0.5059
0.5576
0.5045
0.5463
0.536
0.5371
0.5381
0.5561
0.5204
0.5407
0.543
0.5131
0.5703
0.5334
0.5126
0.5405
0.5407
0.545
0.5416
0.5408
0.5368
0.4931
0.5439
0.5129
0.5434
0.4981
0.5411
0.5436
0.507
0.5432
0.5407
0.5382
0.5448
0.5576
0.545
0.545
0.5392
0.5453
0.5334
0.4933
0.5479
0.5392
0.5237
0.5453
0.5386
0.5357
0.5417
0.5018
0.5824
0.4916
0.5453
0.4939
0.5451
0.5361
0.49
0.5535
0.5219
0.5502
0.5415
0.5536
0.5416
0.5194
0.5365
0.5643
0.5353
0.4906
0.5521
0.5407
0.5398
0.5408
0.5372
0.5461
0.5441
0.5481
0.5439
0.4927
0.5357
0.5335
0.5364
0.5394
0.4931
0.5848
0.5362
0.5392
0.54
0.5387
0.539
0.5462
0.5408
0.5525
0.5252
0.5344
0.5403
0.5399
0.5166
0.4977
0.5411
0.5429
0.545
0.5447

---------------------------------------
CodechalDecodeHevcG12::DecodeStateLevel
---------------------------------------
0.2911
0.3977
3.7088
0.4054
0.2333
0.3837
6.9873
0.2161
2.3598
0.4571
0.189
1.7346
3.7088
0.2327
0.2279
0.348
0.227
0.2136
0.1571
0.1787
0.1896
0.1328
0.1698
0.1832
0.1409
0.17
0.1855
0.1444
0.1708
0.1852
0.1358
0.1705
0.3399
0.1364
0.17
0.1875
0.1381
0.1698
0.1853
0.1452
0.1672
0.1858
0.1415
0.1685
0.1944
0.1376
0.1705
0.1897
0.1366
0.1693
0.1869
0.142
0.1714
0.2511
0.1499
0.1725
0.1867
0.1359
0.1685
0.1864
0.1413
0.1692
0.1842
0.1402
0.1696
0.1862
0.1555
0.2344
0.2981
0.1431
0.1676
0.2136
0.0833
0.1637
0.1451
0.0843
0.1636
0.1461
0.1069
0.1687
0.1551
0.0868
0.1633
0.1484
0.1059
0.2395
0.1966
0.9417
0.1622
0.1463
0.118
0.2443
0.2289
0.1085
0.2275
0.227
0.0889
0.1651
0.1488
0.0864
0.1638
0.148
0.088
0.1654
0.1463
0.0873
0.1638
0.1464
0.0891
0.1656
0.1497
0.1069
0.1658
0.1524
0.0885
0.1657
0.1467
0.0879
0.1659
0.1513
0.0862
0.1655
0.1475
0.0858
0.164
0.1476
0.0851
0.1665
0.1482
0.0878
0.1661
0.1509
0.0881
0.1647
0.149
0.0876
0.1654
0.1483
0.0866
0.1635
0.1465
0.0898
0.1627
0.1556
0.0865
0.1671
0.1568
0.0773
0.1586
0.1456
0.1125
0.2564
0.2368
0.0857
0.1654
0.1497
0.0875
0.1638
0.148
0.0969
0.1704
0.148
0.0741
0.1534
0.1438
0.0869
0.1616
0.1454
0.0861
0.1655
0.1464
0.0725
0.1596
0.1494
0.0879
0.1809
0.1471
0.0917
0.168
0.1469
0.0892
0.1674
0.1493
0.0897
0.169
0.1478
0.0877
0.1637
0.151
0.1111
0.2309
0.2142
0.0897
0.167
0.151
0.0848
0.1634
0.1463
0.1035
0.2363
0.2086
0.0879
0.1651
0.147
0.0791
0.1627
0.1644
0.089
0.1651
0.1508
0.1099
0.1779
0.162
0.1245
0.2301
0.1615
0.0989
0.1838
0.1726
0.088
0.1631
0.1502
0.0796
0.163
0.1495
0.0893
0.1698
0.1485
0.092
0.1608
0.1458
0.09
0.1696
0.1472
0.0866
0.1597
0.1472
0.086
0.1624
0.1467
0.0845
0.1684
0.1485
0.0863
0.1598
0.1452
0.1012
0.2275
0.2115
0.0983
0.1666
0.1549
0.0772
0.1594
0.1469
0.0959
0.2203
0.2083
0.0895
0.1649
0.1477
0.0846
0.1624
0.1482
0.0842
0.165
0.1472
0.0848
0.1626
0.1474
0.0824
0.1626
0.1537
0.0827
0.1654
0.1469
0.0905
0.174
0.1504
0.1103
0.2098
0.17
0.0932
0.1637
0.1449
0.0896
0.1637
0.1455
0.0858
0.1672
0.1474
0.0878
0.167
0.1466
0.0867
0.1792
1.1493
0.077
0.1615
0.149
0.0962
0.1682
0.1494
0.0899
0.1694
0.152
0.0985
0.1679
0.1494
0.0952
0.1661
0.1483
0.0883
0.1698
0.1499
0.0861
0.1737
0.15
0.0876
0.1727
0.148
0.0902
0.1704
0.1505
0.091
0.1644
0.1486
0.0887
0.166
0.1466
0.0734
0.1572
0.1468
0.0903
0.1652
0.1467
0.0849
0.1665
0.1472
0.0874
0.1708
0.1505
0.0872
0.167
0.1489
0.0865
0.1643
0.1492
0.0922
0.1667
0.1527
0.0896
0.1698
0.1483
0.0885
0.1644
0.1489
0.0914
0.1671
0.1494
0.0901
0.1813
1.1558
0.0865
0.166
0.1473
0.0871
0.1728
0.15
0.0885
0.1659
0.1481
0.0906
0.1686
0.1494
0.09
0.1679
0.15
0.0871
0.168
0.1514
0.0745
0.1598
0.1457
0.0873
0.172
0.1501
0.0847
0.1679
0.1515
0.0889
0.169
0.1525
0.0881
0.1671
0.1492
0.091
0.1662
0.1492
0.091
0.1659
0.1499
0.0903
0.1682
0.1498
0.0907
0.1684
0.1508
0.0864
0.1684
0.1482
0.0871
0.1695
0.1498
0.0878
0.1694
0.1494
0.0854
0.1653
0.1494
0.0745
0.1619
0.1483
0.0903
0.1768
0.1487
0.0904
0.1682
0.1479
0.0903
0.1693
0.1513
0.0824
0.1701
0.1497
0.0742
0.1618
0.1457
0.0718
0.1578
0.1458
0.087
0.1736
0.1493
0.0897
0.1693
0.1505
0.0907
0.1679
0.1501
0.0869
0.165
0.1482
0.0722
0.1566
0.1443
0.0705
0.1578
0.1458
0.0843
0.1787
0.1509
0.0872
0.1691
0.149
0.0902
0.1674
0.1484
0.0766
0.1627
0.1472
0.0878
0.1675
0.1487
0.0802
0.1613
0.1465
0.0778
0.1689
0.1453
0.0947
0.1748
0.149
0.0697
0.1594
0.147
0.0834
0.1678
0.1492
0.0818
0.1601
0.1437
0.071
0.156
0.1447
0.0898
0.1648
0.148
0.0716
0.1554
0.1432
0.0899
0.1737
0.1487
0.0838
0.1743
0.1872
0.0742
0.1618
0.1456
0.0843
0.1849
0.1506
0.0766
0.1784
0.1836
0.0866
0.1634
0.1461
0.0833
0.1679
0.1498
0.0903
0.1646
0.1497
0.0925
0.1659
0.1491
0.0797
0.1644
0.1503
0.087
0.1679
0.1539
0.0799
0.1677
0.1481
0.1137
0.1721
0.1507
0.0876
0.1667
0.1515
0.0871
0.165
0.1486
0.0793
0.1608
0.1483
0.0803
0.1604
0.1475
0.0852
0.1654
0.1472
0.1106
0.2577
0.2397
0.0881
0.1653
0.1481
0.0939
0.2099
0.1604
0.0904
0.2179
0.1746
0.0916
0.1738
0.155
0.1245
0.2365
0.2335
0.1083
0.2399
0.1841
0.1018
0.1867
0.2149
0.1074
0.1822
0.2321
0.1137
0.2575
0.2429
0.1193
0.356
0.2622
0.1039
0.1738
0.1541
0.0897
0.1667
0.1487
0.0803
0.1888
0.1773
0.0949
0.1733
0.1648
0.0837
0.1719
0.1671
0.0837
0.1668
0.1498
0.0783
0.1638
0.1505
0.1034
0.2057
0.1628
0.1108
0.2559
0.2297
0.0864
0.1612
0.1487
0.1134
0.2551
0.2259
0.0814
0.1648
0.1542
0.099
0.174
0.147
0.0721
0.1587
0.1447
0.1073
0.1716
0.1579
0.2922
0.2173
0.1522
0.0995
0.1773
0.1617
0.1174
0.2626
0.1759
0.0855
0.1947
0.2392
0.0985
0.2032
0.2102
0.0776
0.1685
0.1466
0.1037
0.1831
0.1574
0.1021
0.1731
0.1569
0.0898
0.1709
0.1531
0.1036
0.1824
0.1546
0.1052
0.2487
0.2091
0.0987
0.2117
0.162
0.1652
0.2384
0.2179
0.0996
0.2041
0.1534
0.1139
0.2499
0.1612
0.0902
0.1662
0.1499
0.0784
0.1631
0.1475
0.1002
0.2303
0.2043
0.0792
0.1579
0.156
0.0882
0.1644
0.149
0.0941
0.1605
0.1542
0.0963
0.1676
0.1493
0.103
0.2461
0.1878
0.0969
0.1979
0.1585
0.1205
0.2551
0.2236
0.1414
0.2627
0.1826
0.159
0.2844
0.2588
0.1185
0.2238
0.1561
0.1061
0.2235
0.2313
0.1143
0.2585
1.2122
0.0892
0.168
0.1468
0.101
0.1677
0.1638
0.1013
0.2156
0.1616
0.0996
0.1683
0.1544
0.0856
0.1682
0.1497
0.0952
0.1686
0.1537
0.0919
0.1658
0.1497
0.0897
0.1714
0.1516
0.1103
0.2659
0.2198
0.1144
0.1978
0.1529
0.1049
0.1702
0.1505
0.1166
0.2335
0.2218
0.1039
0.2486
0.2328
0.0796
0.1609
0.1499
0.0877
0.165
0.1576
0.1063
0.2439
0.2275
0.111
0.1719
0.1576
0.1173
0.1891
0.1497
0.0973
0.1805
0.1489
0.0959
0.1779
0.1495
0.1285
0.171
0.1486
0.1023
0.2367
0.2168
0.0964
0.166
0.1493
0.0853
0.1653
0.1483
0.0838
0.1642
0.1474
0.0927
0.1706
0.1497
0.0879
0.1655
0.15
0.0901
0.1674
0.1499
0.1536
0.1753
0.1504
0.0875
0.1648
0.1596
0.0906
0.1605
0.144
0.0684
0.1566
0.1452
0.0695
0.1593
0.1485
0.0677
0.1544
0.1448
0.0702
0.1577
0.1449
0.0909
0.1876
0.1514
0.0983
0.1676
0.1492
0.0952
0.1686
0.1512
0.0863
0.1626
0.1485
0.0877
0.1699
0.15
0.0736
0.1611
0.1516
0.0911
0.1768
0.1537
0.0744
0.1598
0.1519
0.081
0.1656
0.1461
0.0891
0.171
0.15
0.0896
0.1654
0.148
0.1038
0.1698
0.1504
0.087
0.1658
0.1494
0.0953
0.1666
0.149
0.0939
0.1694
0.1499
0.0822
0.1605
0.1478
0.0901
0.1749
0.1498
0.0893
0.1678
0.1504
0.0794
0.1626
0.1517
0.1378
0.1722
0.1541
0.0894
0.1811
0.1508
0.0879
0.1669
0.1474
0.0873
0.1642
0.1479
0.0858
0.1685
0.1483
0.0981
0.1644
0.1514
0.0963
0.1663
0.1485
0.0883
0.1654
0.1481
0.0895
0.1674
0.1498
0.0933
0.1672
0.149
0.0926
0.1684
0.1539
0.0797
0.1662
0.1473
0.0892
0.1714
0.1489
0.0925
0.1747
0.1516
0.0749
0.1586
0.1463
0.0716
0.16
0.1459
0.0937
0.162
0.1463
0.071
0.1598
0.1473
0.0909
0.1605
0.1451
0.0863
0.1687
0.1516
0.076
0.1602
0.1481
0.0935
0.1688
0.1487
0.0737
0.1581
0.1472
0.0886
0.1654
0.1493
0.0948
0.1693
0.1507
0.0877
0.1622
0.1488
0.0854
0.1663
0.1901
0.085
0.1653
0.1478
0.0856
0.167
0.1491
0.0857
0.1654
0.1488
0.0873
0.1653
0.1493
0.0863
0.1674
0.1499
0.0878
0.1683
0.1495
0.0835
0.1652
0.1484
0.0894
0.1711
0.1494
0.088
0.1685
0.1492
0.0881
0.1675
0.1472
0.0885
0.1622
0.1475
0.082
0.1622
0.1474
0.1004
0.227
0.2148
0.0879
0.1651
0.1468
0.0838
0.1599
0.1463
0.086
0.1669
0.1471
0.0783
0.1623
0.1472
0.1141
0.2492
0.2288
0.0777
0.1602
0.1482
0.0803
0.1656
0.1512
0.094
0.1681
0.1512
0.0807
0.1627
0.1465
0.0763
0.1624
0.1472
0.0797
0.1637
0.1485
0.085
0.1707
0.1488
0.09
0.1714
0.1506
0.0934
0.1674
0.1491
0.0889
0.168
0.15
0.0925
0.1695
0.1517
0.0914
0.1697
0.1505
0.073
0.1579
0.1465
0.0897
0.1788
0.1502
0.0899
0.1713
0.1508
0.0903
0.1819
0.1506
0.0894
0.1686
0.1504
0.0904
0.166
0.1495
0.0907
0.1681
0.1489
0.0887
0.1689
0.1509
0.0721
0.1491
0.1383
0.0839
0.1663
0.1468
0.0893
0.1701
0.1503
0.092
0.1675
0.1485
0.09
0.1681
0.1539
0.0891
0.1682
0.1546
0.0899
0.1663
0.1488
0.0822
0.1611
0.1488
0.0845
0.1696
0.1491
0.0859
0.1696
0.1504
0.0877
0.1684
0.1483
0.0726
0.1591
0.1481
0.0872
0.1744
0.1481
0.0777
0.1581
0.1467
0.0892
0.1721
0.1513
0.0973
0.1684
0.1528
0.0874
0.168
0.1476
0.0848
0.1668
0.1499
0.0777
0.161
0.1451
0.0724
0.154
0.1433
0.0794
0.1575
0.1429
0.0864
0.1753
0.1479
0.0725
0.1574
0.1444
0.0905
0.1783
0.1498
0.0873
0.1699
0.151
0.0875
0.169
0.1485
0.0858
0.1703
0.1496
0.0889
0.1691
0.149
0.0718
0.1573
0.1442
0.0861
0.2057
0.1554
0.0993
0.1692
0.1507
0.0934
0.17
0.1492
0.0725
0.1595
0.1464
0.0859
0.1745
0.1494
0.0881
0.1742
0.1477
0.0721
0.1598
0.1472
0.0876
0.1747
0.15
0.0903
0.167
0.1475
0.0889
0.1686
0.149
0.0884
0.1687
0.1492
0.0707
0.158
0.1465
0.0891
0.1819
0.1521
0.0877
0.172
0.1482
0.0881
0.1677
0.1478
0.0912
0.1708
0.1521
0.0935
0.1764
0.174
0.0898
0.1683
0.1483
0.0719
0.1577
0.1451
0.095
0.1778
0.1496
0.0865
0.17
0.1491
0.0859
0.1692
0.1519
0.0778
0.1583
0.1455
0.0883
0.1766
0.1484
0.0889
0.1705
0.1491
0.0903
0.1678
0.1506
0.0902
0.1664
0.1481
0.087
0.171
0.1494
0.0848
0.1695
0.1491
0.0856
0.2155
0.1499
0.0885
0.1683
0.1501
0.0903
0.1664
0.1483
0.0797
0.1629
0.1466
0.0921
0.1752
0.1518
0.0972
0.1767
0.1515
0.0867
0.1659
0.149
0.0709
0.1582
0.1462
0.0875
0.1773
0.1494
0.0912
0.1668
0.1528
0.0874
0.168
0.1496
0.0907
0.1663
0.1473
0.0713
0.1574
0.1441
0.0773
0.1688
0.1478
0.0842
0.172
0.1493
0.0871
0.1702
0.1482
0.0852
0.1709
0.1491
0.1005
0.1692
0.1483
0.0888
0.1665
0.1477
0.0912
0.1707
0.1494
0.0892
0.1665
0.1484
0.0897
0.1681
0.1481
0.0874
0.1713
0.1501
0.0844
0.1706
0.1487
0.0868
0.1666
0.1479
0.0708
0.1568
0.147
0.1004
0.2425
0.2331
0.0887
0.1662
0.1522
0.0901
0.1684
0.1493
0.0891
0.1656
0.1483
0.0873
0.1684
0.1495
0.0841
0.1667
0.1515
0.088
0.1688
0.148
0.0893
0.1684
0.1491
0.0903
0.1682
0.1483
0.0877
0.1677
0.1496
0.0936
0.167
0.1479
0.0875
0.1683
0.1499
0.0857
0.1667
0.1467
0.0856
0.1677
0.1495
0.0752
0.1662
0.1514
0.0867
0.1674
0.1492
0.0915
0.1678
0.1471
0.0877
0.1676
0.1488
0.0909
0.1667
0.1493
0.0756
0.1604
0.1463
0.0863
0.177
0.1498
0.0876
0.169
0.148
0.0881
0.1692
0.1467
0.0782
0.1646
0.1485
0.0902
0.1811
0.1495
0.0901
0.1676
0.1522
0.1056
0.2183
0.1814
0.0925
0.1753
0.1615
0.088
0.1669
0.1469
0.0965
0.1693
0.1482
0.0825
0.1596
0.145
0.0944
0.1661
0.1487
0.0811
0.169
0.148
0.0812
0.169
0.1479
0.0973
0.1609
0.1467
0.0816
0.1724
0.149
0.091
0.1615
0.1397
0.1006
0.1671
0.1481
0.0862
0.1679
0.1499
0.0895
0.1647
0.2278
0.0912
0.1715
0.1466
0.0752
0.1582
0.1452
0.0788
0.1585
0.1462
0.0887
0.1663
0.1492
0.0868
0.1696
0.1478
0.0897
0.169
0.1495
0.0887
0.1687
0.147
0.0914
0.1696
0.1501
0.0918
0.1681
0.1501
0.091
0.1673
0.1505
0.0949
0.168
0.1501
0.092
0.1672
0.1499
0.0854
0.1664
0.1489
0.0871
0.1704
0.1507
0.0883
0.1684
0.1512
0.0914
0.2008
0.1528
0.0772
0.1617
0.1485
0.0899
0.1784
0.1502
0.075
0.1605
0.1468
0.089
0.1716
0.15
0.0869
0.1688
0.1492
0.0879
0.1689
0.1483
0.0858
0.1704
0.1496
0.0932
0.1711
0.1524
0.0923
0.1596
0.1456
0.0905
0.1678
0.1486
0.091
0.1675
0.15
0.0804
0.1572
0.1459
0.1093
0.1746
0.1509
0.0858
0.1671
0.1475
0.0769
0.1606
0.1459
0.0853
0.1715
0.1489
0.0892
0.1673
0.149
0.0898
0.168
0.1488
0.0906
0.167
0.149
0.089
0.1674
0.149
0.0855
0.1686
0.1494
0.071
0.161
0.1465
0.0861
0.1745
0.148
0.0775
0.1582
0.1467
0.0879
0.1713
0.1482
0.0733
0.1598
0.1465
0.0878
0.1707
0.1481
0.0902
0.1685
0.1495
0.0773
0.1661
0.1484
0.0854
0.1747
0.1488
0.0868
0.1709
0.1494
0.0888
0.1671
0.148
0.0904
0.1677
0.1486
0.0983
0.1695
0.152
0.0901
0.1675
0.1486
0.0904
0.1706
0.1491
0.0872
0.169
0.1489
0.0868
0.1706
0.1487
0.0847
0.1673
0.1479
0.0713
0.1605
0.1468
0.0884
0.1728
0.148
0.0889
0.1666
0.1491
0.0834
0.1635
0.1483
0.0885
0.1737
0.1487
0.0857
0.1689
0.1475
0.0856
0.1687
0.1489
0.0865
0.1701
0.1498
0.0772
0.1624
0.1463
0.0952
0.1833
0.1527
0.0738
0.1594
0.1458
0.0911
0.1673
0.1486
0.0724
0.1593
0.1463
0.0843
0.1757
0.1506
0.0869
0.1678
0.1476
0.071
0.1599
0.146
0.0894
0.1766
0.1492
0.0902
0.1622
0.1449
0.0889
0.1762
0.1499
0.0897
0.1667
0.1496
0.0907
0.1683
0.1497
0.0865
0.1704
0.1492
0.0825
0.1621
0.1503
0.0861
0.1678
0.1486
0.092
0.1692
0.1492
0.0861
0.1671
0.1483
0.0728
0.1601
0.1455
0.0921
0.1682
0.1523
0.0878
0.1679
0.148
0.0866
0.1672
0.1482
0.0871
0.1705
0.1496
0.0856
0.1678
0.1483
0.09
0.1678
0.1493
0.0893
0.1692
0.1494
0.0906
0.1677
0.1528
0.0897
0.1663
0.1518
0.0719
0.1591
0.1453
0.0832
0.1692
0.1488
0.0855
0.1677
0.1493
0.0861
0.1688
0.1494
0.0904
0.1693
0.1477
0.0716
0.159
0.146
0.1024
0.1782
0.152
0.0881
0.166
0.1485
0.0905
0.1655
0.1471
0.0863
0.1699
0.1484
0.086
0.1693
0.1491
0.0869
0.1684
0.1481
0.0887
0.17
0.1502
0.0889
0.1658
0.1493
0.0926
0.1698
0.1502
0.0905
0.1614
0.1483
0.0876
0.1639
0.1484
0.0869
0.1683
0.1497
0.0854
0.1703
0.1518
0.0783
0.1612
0.1472
0.0776
0.1589
0.1453
0.0879
0.1704
0.1485
0.0901
0.1675
0.15
0.0896
0.17
0.1495
0.0898
0.1689
0.1482

-------------------------------------
CodechalDecodeHevcG12::SetFrameStates
-------------------------------------
6.1571
1.9881
1.2941
0.556
0.336
0.4743
3.2132
0.0783
0.0104
0.0111
0.0107
0.0105
0.0106
0.0143
0.0111
0.0109
0.0106
0.0106
0.0139
0.0113
0.0108
0.0109
0.0223
0.011
0.0125
0.0106
0.0147
0.0107
0.0148
0.0096
0.0137
0.0137
0.0105
0.0106
0.011
0.0104
0.0106
0.0138
0.0134
0.0108
0.0107
0.0102
0.0118
0.0111
0.0105
0.0104
0.0109
0.0103
0.0107
0.009
0.0145
0.0105
0.0105
0.0113
0.0101
0.0103
0.0106
0.0466
0.0115
0.0105
0.0109
0.0108
0.0126
0.015
0.0108
0.0452
0.0131
0.0105
0.0099
0.0108
0.0191
0.0144
0.0139
0.0111
0.0102
0.0108
0.0136
0.0116
0.0124
0.0437
0.0106
0.0121
0.0125
0.014
0.0101
0.013
0.0119
0.0125
0.0108
0.0105
0.0096
0.0117
0.011
0.0119
0.0149
0.0106
0.0108
0.0106
0.1757
0.0101
0.0105
0.0116
0.0136
0.0106
0.0106
0.0106
0.0108
0.0106
0.0107
0.0105
0.0082
0.0124
0.0106
0.0105
0.0107
0.0104
0.0106
0.0104
0.0105
0.0107
0.2745
0.0105
0.0106
0.0107
0.0106
0.0105
0.0105
0.0084
0.0108
0.0104
0.0114
0.0106
0.0106
0.0106
0.0109
0.0105
0.0105
0.0106
0.0103
0.0105
0.0097
0.0131
0.0107
0.0106
0.0106
0.0115
0.0082
0.0109
0.0105
0.0106
0.0105
0.0094
0.0076
0.0115
0.0108
0.0106
0.0105
0.0106
0.008
0.0105
0.0148
0.0089
0.0106
0.0092
0.0073
0.0107
0.0082
0.0112
0.0109
0.009
0.0108
0.009
0.0109
0.0103
0.0104
0.0103
0.0103
0.0105
0.0104
0.0104
0.0104
0.0107
0.0101
0.009
0.0108
0.0135
0.0108
0.014
0.0103
0.0147
0.0125
0.0101
0.0128
0.0113
0.0134
0.0133
0.0219
0.0129
0.0141
0.0107
0.0106
0.009
0.0114
0.01
0.0131
0.0099
0.012
0.0087
0.011
0.0108
0.0124
0.0189
0.0151
0.0142
0.0104
0.0124
0.01
0.0132
0.013
0.0155
0.0132
0.0121
0.0144
0.031
0.0163
0.0148
0.0143
0.0095
0.0135
0.0093
0.0108
0.0118
0.0138
0.0124
0.0133
0.0126
0.0201
0.0272
0.0173
0.0149
0.2195
0.0189
0.0106
0.0125
0.0138
0.0114
0.0107
0.011
0.011
0.0137
0.0142
0.0136
0.0513
0.0135
0.0094
0.0106
0.0132
0.0143
0.0158
0.0173
0.0142
0.0119
0.0121
0.0111
0.0108
0.0136
0.0107
0.0104
0.0105
0.0151
0.0115
0.0105
0.0074
0.0094
0.0071
0.0087
0.0129
0.0141
0.0138
0.0108
0.011
0.0079
0.0125
0.0097
0.0101
0.0114
0.0117
0.0159
0.0107
0.0137
0.0137
0.0095
0.0116
0.0105
0.0114
0.0128
0.0115
0.0109
0.0117
0.0105
0.0142
0.0137
0.0107
0.0105
0.0136
0.0137
0.01
0.0106
0.0107
0.0084
0.0113
0.0103
0.0085
0.0094
0.0108
0.0099
0.0121
0.0082
0.0106
0.0108
0.0113
0.0106
0.0109
0.0123
0.0124
0.0122
0.0117
0.0119
0.0104
0.0105
0.0106
0.0108
0.0114
0.0123
0.0125
0.0105
0.0096
0.0145
0.0096
0.0145
0.0116
0.0101
0.0107
0.0103
0.0102
0.0108
0.0107
0.0108
0.0107
0.0107
0.0108
0.0108
0.0097
0.0112
0.0106
0.0108
0.0106
0.0105
0.0105
0.0107
0.0095
0.0105
0.0104
0.0105
0.0107
0.0126
0.0106
0.0119
0.0107
0.0106
0.0104
0.0089
0.0117
0.0081
0.0111
0.0134
0.0106
0.0104
0.0089
0.0079
0.0106
0.0116
0.01
0.0113
0.0106
0.0112
0.0105
0.0106
0.009
0.0107
0.0108
0.0109
0.0092
0.0116
0.0107
0.0088
0.0113
0.0106
0.0107
0.0104
0.0089
0.0121
0.0107
0.0106
0.0107
0.0112
0.0105
0.0085
0.0152
0.0105
0.0103
0.0103
0.0109
0.0108
0.0108
0.0105
0.0104
0.0105
0.0106
0.0105
0.0107
0.0096
0.0112
0.0115
0.0107
0.0087
0.011
0.0107
0.0105
0.0106
0.0079
0.0092
0.0106
0.0107
0.0109
0.0138
0.0105
0.0106
0.0106
0.0108
0.0106
0.0108
0.0105
0.0085
0.0107
0.0106
0.0105
0.0104
0.0107
0.0106
0.0108
0.0124
0.0106
0.0104
0.0106
0.0107
0.0106
0.0104
0.0104
0.0105
0.0106
0.0105
0.0106
0.0095
0.0114
0.0105
0.0106
0.0104
0.0116
0.0106
0.0115
0.0119
0.0106
0.0141
0.011
0.0142
0.0096
0.0093
0.0099
0.0107
0.0144
0.0165
0.0107
0.0106
0.0132
0.0085
0.0101
0.0107
0.0113
0.0107
0.0106
0.0112
0.0106
0.0109
0.0107
0.0106
0.0105
0.0105
0.0109
0.0106
0.0097
0.0118
0.0097
0.0109
0.0105
0.0105
0.0108
0.0106
0.0112
0.0107
0.0104
0.0118
0.0117
0.0105
0.0112
0.0105
0.0105
0.0109
0.0105
0.0108
0.0105
0.0091
0.0109
0.0118
0.0106
0.0086
0.0107
0.0106
0.0091
0.0112
0.0108
0.0106
0.0115
0.0109
0.0109
0.0105
0.0106
0.0122
0.0107
0.0088
0.0117
0.0106
0.0112
0.0107
0.0107
0.0105
0.0104
0.0093
0.0117
0.0084
0.0109
0.0081
0.0111
0.0107
0.0083
0.0115
0.0107
0.011
0.0105
0.0155
0.0106
0.0109
0.0109
0.0108
0.0104
0.0084
0.011
0.0108
0.0107
0.0105
0.0105
0.011
0.0106
0.0106
0.0107
0.0091
0.0151
0.0103
0.0106
0.0105
0.0087
0.0151
0.0106
0.0106
0.0106
0.0106
0.0107
0.0106
0.0108
0.011
0.0109
0.0106
0.0106
0.0107
0.012
0.0082
0.0105
0.0106
0.0106
0.0105

--------------------------
CreateVideoDecoder_D3D11_1
--------------------------
28.3745
22.2263
21.9445
15.3364

---------------------------
DestroyVideoDecoder_D3D11_1
---------------------------
14.2344
13.9636
81.0345
0

---------------------
DxvaEncodeHEVC_Create
---------------------
28.2052
22.0715
21.7972

-----------------------
DxvaEncodeHEVC_EndFrame
-----------------------
0.0014
0.0009
0.0013
0.0039
0.0036
0.0008
0.0017
0.0007
0.0007
0.0033
0.0009
0.0009
0.0009
0.0019
0.0009
0.0007
0.0009
0.0009
0.0008
0.0033
0.0008
0.0008
0.0011
0.0008
0.0011
0.0009
0.0008
0.0009
0.0024
0.0009
0.0007
0.0008
0.0008
0.0006
0.0005
0.0009
0.0009
0.0006
0.0006
0.0009
0.0008
0.0005
0.0029
0.0006
0.0012
0.0005
0.0008
0.0005
0.0005
0.0012
0.0006
0.0007
0.0006
0.0009
0.0006
0.0006
0.0008
0.0007
0.0008
0.0008
0.0009
0.001
0.0012
0.0022
0.0008
0.0008
0.0008
0.0021
0.001
0.0012
0.001
0.0007
0.0008
0.0009
0.0007
0.0008
0.0008
0.0007
0.0008
0.0008
0.0013
0.0012
0.0006
0.0008
0.0011
0.0009
0.0007
0.0008
0.0008
0.0008
0.0009
0.0011
0.0007
0.0008
0.0023
0.0009
0.0006
0.0009
0.001
0.0007
0.0006
0.0007
0.0005
0.0006
0.0008
0.0005
0.0008
0.0007
0.0007
0.0007
0.0008
0.0007
0.0006
0.0006
0.0005
0.0006
0.0009
0.0007
0.0008
0.0009
0.0007
0.0007
0.0007
0.0007
0.0006
0.0006
0.0006
0.0008
0.0006
0.0009
0.0008
0.0007
0.0006
0.0006
0.0006
0.0005
0.0005
0.0005
0.0006
0.0009
0.0008
0.0027
0.0006
0.0007
0.0008
0.0008
0.0008
0.0007
0.0006
0.0007
0.0007
0.0008
0.0007
0.0007
0.0006
0.0009
0.0007
0.0008
0.0008
0.0007
0.0008
0.0009
0.0007
0.0006
0.0007
0.0008
0.0008
0.0011
0.0011
0.0013
0.0009
0.0008
0.0012
0.0013
0.0009
0.0011
0.0008
0.0009
0.0012
0.0008
0.0008
0.0008
0.0008
0.0008
0.0008
0.0007
0.0011
0.0011
0.0011
0.0009
0.0008
0.0011
0.0011
0.0012
0.0012
0.0007
0.0008
0.0008
0.0007
0.0007
0.0008
0.0009
0.0008
0.0009
0.001
0.0008
0.0007
0.0007
0.0018
0.0007
0.0011
0.005
0.0013
0.0011
0.0008
0.0008
0.0008
0.0009
0.0008
0.001
0.001
0.0008
0.0012
0.0008
0.0007
0.001
0.0009
0.0011
0.0008
0.0008
0.0011
0.001
0.001
0.0009
0.0011
0.0009
0.0022
0.0008
0.0011
0.0012
0.0009
0.0008
0.0011
0.0008
0.0011
0.0011
0.0009
0.0008
0.0008
0.0009
0.0011
0.004
0.0009
0.0008
0.0007
0.0009
0.0009
0.0009
0.0007
0.0007
0.0007
0.0007
0.0009
0.0009
0.0007
0.0007
0.0006
0.0006
0.0011
0.0006
0.0008
0.0006
0.001
0.0006
0.0009
0.0009
0.0008
0.0008
0.0007
0.0008
0.0008
0.0008
0.0008
0.0006
0.0008
0.0008
0.0008
0.0009
0.0008
0.0006
0.0005
0.0009
0.0008
0.0008
0.0008
0.0008
0.001
0.0008
0.0009
0.0009
0.0008
0.0009
0.0008
0.0008
0.0006
0.0006
0.0006
0.0006
0.0007
0.0008
0.0008
0.0008
0.0008
0.0009
0.0009
0.0007
0.0042
0.0008
0.0007
0.0009
0.0009
0.0008
0.0008
0.0008
0.0017
0.0008
0.0008
0.0007
0.0006
0.0006
0.0008
0.0009
0.001
0.0008
0.0008
0.0009
0.001
0.0007
0.0008
0.0008
0.0007
0.0008
0.0008
0.0009
0.0009
0.0008
0.0007
0.0008
0.0007
0.0008
0.0006
0.0008
0.0006
0.0006
0.0006
0.0005
0.0005
0.0006
0.0005
0.0009
0.0006
0.0006
0.0009
0.0006
0.0006
0.0005
0.0009
0.0006
0.0005
0.0006
0.0008
0.0006
0.0009
0.0008
0.0006
0.0008
0.0008
0.0006
0.0006
0.0008
0.0007
0.0009
0.0007
0.0007
0.0006
0.0005
0.0005
0.0009
0.0007
0.0007
0.0007
0.0009
0.0005
0.0007
0.0009
0.0006
0.0007
0.0006
0.0005
0.0008
0.0006
0.0007
0.0006
0.0005
0.0006
0.0005
0.0008
0.0005
0.0006
0.0006
0.0009
0.0007
0.0006
0.0005
0.0006
0.0006
0.0006
0.0005
0.0005
0.0005
0.0009
0.0006
0.0006
0.0005
0.0008
0.0006
0.0008
0.0006
0.0007
0.0009
0.0007
0.0006
0.0007
0.0005
0.0008
0.0005
0.0006
0.0006
0.0006
0.0006
0.0006
0.0005
0.0012
0.0009
0.0007
0.0006
0.0008
0.0006
0.0006
0.0006
0.0009
0.0008
0.0007
0.0006
0.0005
0.0007
0.0008
0.0008
0.0006
0.0006
0.0005
0.0005
0.0009
0.0006
0.0005
0.0007
0.0007
0.001
0.0006
0.0006
0.0009
0.0007
0.0008
0.0006
0.0096
0.0009
0.0006
0.0006
0.0007
0.0008
0.0008
0.0007
0.0009
0.0006
0.0007
0.0011
0.0007
0.0007
0.0006
0.0006
0.0006
0.0006
0.0006
0.0005
0.0009
0.0005
0.0005
0.0005
0.0007
0.0008
0.0006
0.0008
0.0006
0.0005
0.0006
0.0005
0.0005
0.0008
0.0006
0.0005
0.0008
0.0008
0.0005
0.0008
0.0007
0.0005
0.0006
0.0006
0.0005
0.0005
0.0008
0.0006
0.0008
0.0006
0.0009
0.0006
0.0014
0.0008
0.0006
0.0007
0.0006
0.0005
0.0006
0.0005
0.0005
0.0006
0.0005
0.0005
0.0006
0.0005
0.0005
0.0008
0.0006
0.0005
0.0006
0.0006
0.0005
0.0006
0.0005
0.0005
0.0008
0.0006
0.0006
0.0008
0.0005
0.0008
0.0007
0.0005
0.0005
0.0005
0.0008
0.0006
0.0005
0.0009
0.0006
0.0005
0.0006
0.0006
0.0006
0.0006
0.0005
0.0005
0.0005
0.0005
0.0008
0.0006
0.0008
0.0005
0.0005
0.0007
0.0008
0.0008
0.0006
0.0005
0.0005
0.0006
0.0005
0.0007
0.0006
0.001
0.0006
0.0005
0.0005
0.0007
0.0008
0.0006
0.0005
0.0006
0.0007
0.0005

----------------------
DxvaEncodeHEVC_Execute
----------------------
0.0028
0.0012
32.6252
12.904
3.8462
8.6197
3.3906
0.4916
3.7781
0.5095
0.7021
0.4717
0.6388
0.4968
0.7026
0.424
0.0141
1.4351
0.014
0.6688
0.0179
0.9381
0.0139
0.7734
0.0154
0.9347
0.0144
0.9801
0.0173
0.9784
0.0169
1.358
0.0141
0.6644
0.0186
0.9769
0.0132
0.8166
0.0134
0.9775
0.0135
0.9677
0.0201
1.3704
0.0126
1.4083
0.0174
0.9782
0.0136
1.477
0.0184
0.9641
0.0144
1.3962
0.0147
0.7245
0.0163
0.4746
0.0137
0.7182
0.0233
1.2819
0.0136
0.9365
0.0159
1.3236
0.0153
1.2838
0.012
1.2782
0.0115
1.4305
0.0144
0.9491
0.0181
1.2752
0.0121
1.2796
0.0125
1.4296
0.0159
0.8127
0.0175
1.2818
0.014
1.436
0.0155
1.3195
0.0126
0.9831
0.0194
1.2838
0.012
0.9273
0.0265
1.2903
0.0117
1.1739
0.0116
0.9857
0.0273
1.2874
0.0126
0.4303
0.0133
0.4187
0.0132
0.4719
0.0152
0.4601
0.0127
0.4894
0.0116
0.4838
0.014
0.4579
0.0123
0.4874
0.0141
0.4836
0.0138
0.4516
0.0138
0.4788
0.0167
0.6224
0.0164
0.4543
0.0165
0.4804
0.0182
0.4779
0.0137
0.4781
0.0155
0.682
0.0179
0.8409
0.0216
0.5742
0.0175
0.6514
0.0172
0.4983
0.0152
0.4844
0.0138
0.4913
0.0195
0.4783
0.0133
0.4881
0.0143
0.4744
0.0139
0.5
0.016
0.4757
0.015
0.4769
0.0137
0.5567
0.0228
0.6681
0.0174
0.4737
0.0125
0.4867
0.0138
0.6039
0.0158
0.4859
0.0137
0.48
0.0132
0.4754
0.0141
0.478
0.0141
0.4992
0.0137
0.5009
0.0159
0.5818
0.0172
0.4978
0.0131
0.5058
0.0165
0.444
0.0131
0.455
0.0184
0.3973
0.0121
0.4806
0.0326
0.4368
0.0131
0.484
0.0156
0.4516
0.0123
0.4396
0.0161
0.4022
0.0121
0.4062
0.0121
0.4227
0.0173
0.4172
0.0124
0.5015
0.0168
0.4077
0.0128
0.3955
0.0127
0.4444
0.0116
0.4895
0.0169
0.4268
0.0129
0.4103
0.012
0.4096
0.0119
0.437
0.0114
0.4371
0.0121
0.4926
0.0204
0.4708
0.0125
0.4845
0.0233
0.4581
0.0138
0.3968
0.013
0.4651
0.0208
0.4351
0.0159
0.4157
0.012
0.4171
0.0129
0.3909
0.012
0.4515
0.0124
0.49
0.0195
0.4727
0.0121
0.4923
0.0198
0.4683
0.0139
0.4312
0.0127
0.4121
0.0133
0.472
0.0151
0.4225
0.016
0.4055
0.0124
0.4039
0.0116
0.407
0.012
0.4414
0.0118
0.4854
0.0151
0.471
0.0136
0.471
0.0153
0.42
0.0155
0.4777
0.0132
0.4804
0.0143
0.4745
0.0149
0.4622
0.0135
0.4265
0.0126
0.4171
0.0122
0.4633
0.0128
0.4813
0.0134
0.4834
0.0159
0.465
0.0134
0.4271
0.013
0.4693
0.0128
0.4871
0.0145
0.4249
0.0125
0.4908
0.0206
0.4862
0.0156
0.4113
0.0119
0.4835
0.015
0.475
0.0159
0.4203
0.0129
0.4493
0.0124
0.4495
0.0125
0.4843
0.0143
0.4722
0.014
0.6152
0.0251
0.5994
0.0176
0.6912
0.0227
0.5072
0.0132
0.5187
0.0132
0.6374
0.0194
0.6411
0.0185
0.5333
0.0142
0.6401
0.0184
0.5352
0.0146
0.6342
0.0183
0.6487
0.0178
0.479
0.0132
0.4765
0.0141
0.5311
0.0139
0.4909
0.0138
0.479
0.0137
0.4689
0.0144
0.5044
0.014
0.6605
0.018
0.5794
0.016
0.6625
0.0168
0.5683
0.0171
0.5069
0.0157
0.6695
0.0184
0.584
0.0175
0.5871
0.017
0.6991
0.0192
0.5032
0.0139
0.5351
0.016
0.5522
0.0158
0.4692
0.0168
0.5993
0.0152
0.6036
0.0147
0.5374
0.0156
0.4904
0.0221
0.4885
0.0158
0.6561
0.0174
0.4837
0.0195
0.4852
0.0158
0.4609
0.0172
0.4626
0.0156
0.5473
0.0143
0.6497
0.0337
0.6207
0.6137
0.0207
0.6378
0.0224
0.5142
0.0157
0.5339
0.0192
0.4744
0.0167
0.5028
0.0174
0.5702
0.017
0.5338
0.0168
0.6013
0.0177
0.6351
0.0185
0.6196
0.02
0.5094
0.0144
0.4808
0.0134
0.489
0.0172
0.5004
0.0137
0.4982
0.0171
0.4905
0.0138
0.4988
0.0132
0.6413
0.0179
0.5819
0.0186
0.6559
0.0174
0.6462
0.0185
0.632
0.0238
0.7053
0.0239
0.6329
0.0209
0.5881
0.0183
0.583
0.0204
0.5311
0.0188
0.5746
0.0169
0.481
0.0156
0.5882
0.0183
0.5066
0.0165
0.5779
0.0177
0.6256
0.0189
0.6154
0.0171
0.5024
0.0166
0.5009
0.0138
0.532
0.0153
0.6288
0.0186
0.5166
0.0135
0.4812
0.0135
0.4717
0.0136
0.4765
0.0145
0.6262
0.0191
0.5766
0.0151
0.5602
0.0161
0.5209
0.0147
0.478
0.0142
0.4063
0.0131
0.4688
0.014
0.5398
0.0156
0.5272
0.013
0.4231
0.0129
0.5448
0.0156
0.4114
0.0128
0.499
0.0139
0.6683
0.021
0.4514
0.0142
0.482
0.0143
0.4153
0.0123
0.5469
0.0156
0.4063
0.0125
0.5476
0.0243
0.5304
0.0147
0.5223
0.0149
0.4431
0.0133
0.4175
0.0123
0.6372
0.0173
0.7133
0.0178
0.4977
0.0151
0.4885
0.0156
0.4319
0.0122
0.5455
0.0184
0.5422
0.0152
0.5284
0.0146
0.5291
0.015
0.5286
0.0149
0.4212
0.0123
0.4099
0.0117
0.5398
0.0171
0.5716
0.0137
0.6042
0.0142
0.5728
0.0139
0.444
0.0131
0.5521
0.0185
0.5268
0.015
0.4599
0.0145
0.5293
0.0182
0.4872
0.0145
0.5296
0.0148
0.5261
0.015
0.5254
0.0155
0.4239
0.0125
0.4159
0.0124
0.4087
0.0124
0.385
0.0118
0.4182
0.0126
0.4475
0.0133
0.4904
0.0172
0.5368
0.0162
0.4747
0.0141
0.5272
0.0135
0.4717
0.0135
0.413
0.0128
0.5308
0.0145
0.528
0.0134
0.4027
0.0156
0.4847
0.0277
0.4681
0.0136
0.5357
0.0138
0.5322
0.0135
0.5388
0.0135
0.5316
0.0137
0.5344
0.0136
0.5387
0.0137
0.4102
0.0126
0.4062
0.0118
0.4028
0.0125
0.5482
0.017
0.5331
0.0132
0.5175
0.0168
0.505
0.0133
0.4676
0.0156
0.5324
0.019
0.4857
0.0147
0.4594
0.0131
0.4451
0.014
0.4845
0.0159
0.4876
0.0138
0.4618
0.0165
0.4889
0.0157
0.4758
0.0134
0.4805
0.0136
0.4799
0.0154
0.447
0.0137
0.5105
0.0161
0.4439
0.0163
0.4376
0.0138
0.4895
0.0153
0.4843
0.0138
0.4246
0.0128
0.4914
0.0154
0.4203
0.0154
0.4145
0.0163
0.4066
0.012
0.4039
0.012
0.4043
0.0117
0.4755
0.0135
0.3841
0.0127
0.4032
0.0113
0.5145
0.0154
0.4229
0.0153
0.4087
0.0118
0.402
0.012
0.4829
0.0152
0.4181
0.0125
0.4055
0.0121
0.4066
0.0125
0.4937
0.0143
0.4795
0.0128
0.4931
0.0185
0.4845
0.0134
0.4131
0.0127
0.4821
0.0184
0.4832
0.0154
0.4078
0.0124
0.4092
0.012
0.4935
0.0136
0.4397
0.0122
0.5198
0.0144
0.4283
0.0131
0.4833
0.0286
0.4287
0.0163
0.417
0.0118
0.4051
0.0116
0.4821
0.0151
0.4173
0.0124
0.4007
0.0119
0.501
0.0172
0.4842
0.0144
0.4149
0.012
0.4852
0.0151
0.4922
0.0143
0.4161
0.0127
0.4769
0.0154
0.4587
0.0172
0.4556
0.0114
0.495
0.0151
0.4231
0.0129
0.4743
0.0148
0.4555
0.0121
0.4604
0.0121
0.4516
0.0117
0.4489
0.0116
0.4851
0.0139
0.4189
0.0119
0.4024
0.0115
0.4009
0.0118
0.4887
0.0155
0.475
0.0124
0.4624
0.0122
0.4274
0.0159
0.4071
0.0126
0.4734
0.015
0.4217
0.0156
0.472
0.0146
0.4525
0.0116
0.4511
0.017
0.5001
0.0231
0.4438
0.0135
0.4972
0.0178
0.4509
0.0119
0.4856
0.0139
0.4097
0.0116
0.486
0.02
0.4074
0.0237
0.4774
0.0154
0.5159
0.013
0.487
0.0137
0.4117
0.0124
0.4789
0.015
0.4203
0.0154
0.483
0.0198
0.4128
0.012
0.4707
0.015
0.4589
0.0122
0.4211
0.0154
0.4661
0.0149
0.4187
0.0151
0.4039
0.0116
0.5023
0.0174
0.4857
0.0166
0.4587
0.0159
0.4301
0.0128
0.4248
0.0128
0.4156
0.0123
0.4637
0.0123
0.4531
0.0115
0.4798
0.0169
0.4777
0.0171
0.4332
0.0126
0.47
0.0154
0.5363
0.0118
0.4314
0.0165
0.5018
0.0144
0.4829
0.0149
0.4215
0.0121
0.4718
0.0153
0.4237
0.0155
0.4657
0.0145
0.4864
0.0141
0.4137
0.012
0.4041
0.0121
0.4904
0.0158
0.5132
0.0125
0.49
0.0201
0.4602
0.012
0.4949
0.0162
0.4749
0.0158
0.4319
0.0142
0.4391
0.0149
0.4167
0.0118
0.4641
0.0175
0.5026
0.0212
0.4408
0.0187
0.4337
0.0135
0.4859
0.0167
0.4302
0.014
0.4545
0.0207
0.4115
0.013
0.4856
0.0167
0.5188
0.016
0.4836
0.0127
0.4988
0.0141
0.4289
0.0121
0.4983
0.0157
0.4665
0.0124
0.4611
0.0117
0.4337
0.0158
0.4114
0.0124
0.4695
0.0156
0.4193
0.024
0.4842
0.0286
0.4114
0.0122
0.4054
0.0118
0.4136
0.0119
0.4749
0.0145
0.4789
0.014
0.4145
0.012
0.4843
0.0161
0.4164
0.0122
0.4083
0.0121
0.4795
0.0153
0.419
0.0152
0.3912
0.012
0.4809
0.0245
0.4131
0.0118
0.4032
0.0115
0.4821
0.0138
0.4768
0.0152
0.4118
0.0119
0.4845
0.0152
0.4221
0.0124
0.4089
0.0122
0.4734
0.015
0.4555
0.0121
0.4494
0.0119
0.4499
0.0117
0.4786
0.0141
0.4122
0.0125
0.48
0.0151
0.4144
0.0124
0.4816
0.0145
0.4108
0.0119
0.4051
0.0125
0.4866
0.0168
0.414
0.0119
0.4978
0.0185
0.4669
0.0126
0.422
0.016
0.4647
0.0151
0.4229
0.0154
0.4002
0.0117
0.4711
0.0148
0.4324
0.0377
0.405
0.0115
0.4547
0.0124
0.4513
0.0128
0.4527
0.012
0.4898
0.0182
0.4163
0.0118
0.4715
0.023
0.459
0.012
0.4195
0.0154
0.4143
0.0123
0.4023
0.0127
0.4072
0.0118
0.4178
0.0119
0.4868
0.0138
0.4683
0.0124
0.4403
0.0157
0.4821
0.0156
0.4586
0.0118
0.4879
0.0187
0.4224
0.0128
0.47
0.0146
0.4209
0.015
0.4642
0.0147
0.4864
0.0188
0.4171
0.0118
0.481
0.0156
0.502
0.0338
0.4248
0.0127
0.4094
0.0179
0.4751
0.0156
0.427
0.0154
0.4696
0.0149
0.4218
0.0158
0.4582
0.0287
0.4216
0.0154
0.4049
0.0117
0.4013
0.0117
0.487
0.0179
0.413
0.0209
0.4847
0.017
0.4102
0.0118
0.4015
0.0117
0.4649
0.0126
0.489
0.0196
0.4318
0.0133
0.4077
0.0125
0.4673
0.015
0.4556
0.0118
0.4266
0.0154
0.4578
0.0143
0.4187
0.017
0.3994
0.0117
0.4797
0.0209
0.4088
0.0122
0.4061
0.0117
0.4046
0.0122
0.4637
0.0122
0.489
0.019
0.4126
0.012
0.4072
0.0119
0.3974
0.0114
0.4751
0.015
0.3919
0.0123
0.0345

----------------
First Frame Time
----------------
172.529

----------------------
HEVC_QueryStatusReport
----------------------
3.8399
3.3887
3.7767
0.6989
0.6376
0.7011
0.0129
0.0129
0.0146
0.0127
0.0137
0.0131
0.0146
0.0153
0.0129
0.0173
0.0121
0.0121
0.0123
0.0175
0.0115
0.0159
0.0125
0.0163
0.0131
0.0135
0.0149
0.0124
0.0217
0.0124
0.0146
0.0142
0.0111
0.0105
0.013
0.0165
0.0112
0.0109
0.0144
0.0162
0.0131
0.0136
0.0116
0.0173
0.011
0.0191
0.0108
0.0107
0.0253
0.0116
0.0122
0.0122
0.014
0.0117
0.0106
0.0128
0.0112
0.0129
0.0126
0.0126
0.0144
0.0147
0.0154
0.017
0.0125
0.0143
0.016
0.0196
0.0156
0.0153
0.0141
0.0126
0.018
0.012
0.0129
0.0128
0.0146
0.0136
0.0126
0.021
0.0156
0.0115
0.0126
0.0144
0.0126
0.012
0.0127
0.0129
0.0125
0.0144
0.0154
0.012
0.0152
0.0118
0.0172
0.011
0.0313
0.012
0.0146
0.0113
0.0151
0.0111
0.0111
0.0157
0.0115
0.0155
0.0114
0.0116
0.0106
0.0156
0.0118
0.0111
0.011
0.0105
0.0111
0.0191
0.0115
0.0221
0.0125
0.0118
0.0196
0.0148
0.0111
0.0119
0.011
0.0114
0.018
0.011
0.0184
0.0128
0.0116
0.0122
0.014
0.015
0.0113
0.0108
0.0111
0.0109
0.0137
0.0125
0.0139
0.0136
0.0122
0.0132
0.0135
0.0122
0.0116
0.0112
0.0117
0.0122
0.0145
0.0123
0.0119
0.0117
0.0131
0.0114
0.0175
0.0143
0.0109
0.0134
0.0145
0.0117
0.0112
0.0114
0.0129
0.0129
0.0233
0.0159
0.0206
0.0121
0.0119
0.0174
0.0166
0.013
0.0163
0.0134
0.0161
0.0159
0.0121
0.0128
0.0127
0.0126
0.0125
0.0131
0.0128
0.0161
0.0144
0.0152
0.0154
0.0145
0.0165
0.0158
0.0154
0.0171
0.0128
0.0147
0.0144
0.0156
0.0139
0.0133
0.0142
0.0204
0.0141
0.0158
0.0182
0.0144
0.0159
0.0139
0.0132
0.0306
0.0188
0.0207
0.0142
0.0173
0.0153
0.0156
0.0153
0.0152
0.0157
0.0169
0.0181
0.013
0.0122
0.0156
0.0124
0.0154
0.0124
0.012
0.0159
0.0167
0.0154
0.0167
0.0214
0.022
0.019
0.0168
0.0186
0.0171
0.0155
0.0142
0.0164
0.0151
0.0159
0.0171
0.0153
0.0152
0.0125
0.0142
0.0166
0.0122
0.0123
0.0124
0.0132
0.0179
0.0138
0.0147
0.0134
0.0131
0.012
0.0128
0.0144
0.0118
0.0117
0.0143
0.0117
0.0128
0.0191
0.0131
0.0131
0.0113
0.0143
0.0114
0.023
0.0132
0.0134
0.0121
0.0113
0.0161
0.0154
0.0136
0.0142
0.0113
0.0169
0.0138
0.0131
0.0136
0.0134
0.0114
0.0106
0.0157
0.0125
0.0128
0.0128
0.0118
0.0172
0.0136
0.013
0.0167
0.0132
0.0134
0.0136
0.0141
0.0113
0.0114
0.0114
0.0108
0.0115
0.0122
0.0161
0.0148
0.0128
0.0122
0.0123
0.0118
0.013
0.0122
0.0145
0.0264
0.0122
0.0124
0.0122
0.0123
0.0125
0.0123
0.0125
0.0115
0.0108
0.0115
0.0158
0.0121
0.015
0.0121
0.0142
0.0128
0.0133
0.0119
0.0129
0.0145
0.0126
0.0153
0.0142
0.0123
0.0124
0.0139
0.0125
0.0151
0.0153
0.0126
0.0142
0.0126
0.0117
0.0143
0.0145
0.0108
0.011
0.011
0.0108
0.0123
0.0116
0.0104
0.0142
0.0144
0.0109
0.011
0.0137
0.0114
0.0111
0.0115
0.013
0.0117
0.017
0.0122
0.0117
0.017
0.0139
0.0114
0.0111
0.0123
0.0111
0.0129
0.0122
0.0276
0.0154
0.0109
0.0106
0.0137
0.0114
0.0108
0.0161
0.013
0.0111
0.014
0.0129
0.0116
0.0143
0.0162
0.0105
0.0137
0.0119
0.0138
0.0111
0.0112
0.0108
0.0107
0.0126
0.0109
0.0106
0.0109
0.0143
0.0114
0.0111
0.015
0.0117
0.0141
0.0147
0.0136
0.0106
0.0161
0.0218
0.0124
0.0169
0.011
0.0126
0.0107
0.0186
0.0227
0.0144
0.0119
0.0125
0.0114
0.0139
0.0145
0.0181
0.011
0.014
0.0112
0.0145
0.0139
0.0142
0.0107
0.0157
0.015
0.0148
0.0118
0.0117
0.0113
0.0112
0.0106
0.0158
0.0157
0.0116
0.0145
0.0109
0.0155
0.0132
0.0135
0.011
0.0141
0.0146
0.0136
0.0127
0.0109
0.0111
0.0148
0.0114
0.0187
0.011
0.015
0.0144
0.013
0.0132
0.0109
0.0164
0.02
0.0177
0.0125
0.0154
0.012
0.0193
0.0119
0.015
0.0148
0.0117
0.0128
0.0112
0.0146
0.0115
0.0107
0.0149
0.0114
0.0145
0.0231
0.0271
0.0111
0.0109
0.011
0.0134
0.0127
0.0109
0.0146
0.0113
0.0111
0.0143
0.0143
0.011
0.0232
0.0108
0.0106
0.0125
0.0138
0.0109
0.0138
0.0114
0.0112
0.014
0.0112
0.0109
0.0107
0.0127
0.0114
0.0137
0.0113
0.0125
0.0109
0.0115
0.0156
0.011
0.0174
0.0115
0.0151
0.0141
0.0144
0.0108
0.0138
0.0363
0.0106
0.0113
0.0111
0.011
0.0168
0.0109
0.0221
0.0111
0.0144
0.0113
0.0118
0.0108
0.011
0.0127
0.0113
0.0148
0.0143
0.0108
0.0171
0.0118
0.0137
0.0141
0.0138
0.0173
0.0109
0.0147
0.0327
0.0118
0.0169
0.0145
0.0145
0.014
0.0149
0.0278
0.0145
0.0108
0.0107
0.0166
0.0197
0.0156
0.0108
0.0108
0.0115
0.0181
0.0121
0.0115
0.0139
0.0109
0.0143
0.0133
0.0158
0.0108
0.0196
0.0112
0.0107
0.0113
0.0111
0.0177
0.0111
0.0109
0.0105
0.014
0.0113
0.0328

--------------------------------------
VideoDecoderBeginFrame_WDDM2_4_D3D11_1
--------------------------------------
0.0087
0.0034
0.0026
0.0047
0.0045
0.003
0.0067
0.0059
0.0036
0.0096
0.0039
0.0031
0.0031
0.0043
0.0035
0.0033
0.0033
0.0035
0.0035
0.0048
0.0036
0.0035
0.0036
0.0036
0.003
0.0035
0.003
0.0032
0.0045
0.0035
0.0038
0.0033
0.0038
0.0035
0.0038
0.0033
0.0045
0.0033
0.0032
0.0038
0.0035
0.0029
0.004
0.0037
0.0029
0.0034
0.0031
0.0028
0.0032
0.0035
0.0034
0.0036
0.0029
0.0037
0.002
0.0031
0.0035
0.0032
0.0039
0.0033
0.0036
0.0039
0.0037
0.0038
0.0031
0.0034
0.0034
0.0038
0.0032
0.004
0.0038
0.004
0.0037
0.004
0.0032
0.0031
0.0036
0.0036
0.0034
0.0031
0.0029
0.0035
0.0034
0.0035
0.0028
0.0032
0.0037
0.0028
0.0035
0.0036
0.0034
0.0031
0.0042
0.0037
0.0078
0.0031
0.004
0.003
0.0032
0.0025
0.0035
0.0032
0.004
0.0035
0.0031
0.0031
0.0038
0.0033
0.0034
0.0022
0.0025
0.0036
0.0034
0.0033
0.0029
0.0031
0.0033
0.0034
0.0036
0.003
0.0039
0.0036
0.0031
0.0033
0.0031
0.0031
0.0029
0.0027
0.0031
0.0036
0.0031
0.0034
0.0031
0.003
0.0032
0.0041
0.0034
0.0033
0.0029
0.003
0.0027
0.0054
0.0033
0.0036
0.0029
0.003
0.003
0.0036
0.0031
0.0029
0.0028
0.0028
0.0024
0.0039
0.0032
0.0029
0.0033
0.0037
0.0031
0.0032
0.0036
0.0027
0.0038
0.0032
0.002
0.0037
0.0021
0.0034
0.0036
0.0048
0.003
0.0025
0.0032
0.0035
0.0029
0.0029
0.0032
0.0032
0.0034
0.0031
0.003
0.0035
0.0029
0.0029
0.0039
0.0038
0.0036
0.0037
0.0031
0.0036
0.0035
0.0115
0.0032
0.0035
0.0037
0.0042
0.0035
0.0038
0.0094
0.003
0.0032
0.0026
0.003
0.0031
0.003
0.0026
0.0026
0.0026
0.0021
0.0027
0.0032
0.0055
0.0029
0.0041
0.0036
0.0038
0.0032
0.0036
0.0028
0.0039
0.0028
0.0036
0.0038
0.0039
0.0041
0.004
0.0037
0.003
0.0088
0.0034
0.0039
0.0029
0.0038
0.0033
0.0031
0.0041
0.0045
0.0076
0.0435
0.0032
0.0034
0.0044
0.0037
0.0037
0.004
0.0031
0.0042
0.0071
0.0035
0.004
0.004
0.0041
0.0029
0.0032
0.0033
0.0038
0.004
0.0031
0.0039
0.0034
0.0038
0.003
0.0037
0.0031
0.004
0.0031
0.0036
0.0033
0.0031
0.0041
0.0036
0.0025
0.0019
0.0019
0.0021
0.0018
0.0039
0.0041
0.0041
0.0036
0.0041
0.0031
0.0038
0.003
0.0033
0.004
0.0037
0.0039
0.0032
0.004
0.004
0.0034
0.0033
0.0031
0.0034
0.0025
0.0038
0.0039
0.0033
0.003
0.0043
0.0041
0.0039
0.004
0.0039
0.0037
0.0036
0.003
0.0031
0.0027
0.0022
0.0023
0.0021
0.002
0.0034
0.0027
0.0065
0.0031
0.0035
0.0031
0.0033
0.0031
0.0029
0.0039
0.0031
0.0031
0.0032
0.0032
0.0031
0.0037
0.0039
0.0037
0.0031
0.003
0.003
0.0032
0.0027
0.0042
0.0034
0.0038
0.0026
0.0031
0.0037
0.0035
0.0031
0.0034
0.0035
0.0039
0.0039
0.0038
0.0038
0.003
0.003
0.0038
0.0046
0.0032
0.0039
0.0044
0.004
0.0042
0.0031
0.0033
0.0039
0.0042
0.0029
0.0031
0.0031
0.003
0.0037
0.0039
0.004
0.0026
0.0033
0.0027
0.0037
0.0038
0.004
0.0037
0.0034
0.0018
0.0028
0.0035
0.0032
0.0034
0.0038
0.0033
0.0036
0.003
0.003
0.0035
0.0038
0.0057
0.0027
0.0033
0.0041
0.0022
0.0039
0.004
0.003
0.003
0.0027
0.004
0.0039
0.0031
0.003
0.0032
0.0032
0.0027
0.0037
0.0038
0.0031
0.0032
0.0037
0.003
0.003
0.0031
0.0035
0.003
0.0044
0.0031
0.0029
0.0034
0.0034
0.0045
0.003
0.0028
0.0039
0.004
0.0033
0.0034
0.038
0.003
0.0036
0.0038
0.003
0.0036
0.0037
0.0042
0.0031
0.0029
0.0037
0.0031
0.0031
0.0026
0.0027
0.0031
0.0041
0.0031
0.0031
0.0028
0.0034
0.0035
0.0038
0.0034
0.004
0.0029
0.0036
0.0039
0.003
0.0037
0.0042
0.0031
0.0035
0.0028
0.0035
0.0039
0.0037
0.0036
0.003
0.0037
0.0048
0.0039
0.0037
0.0039
0.0063
0.0039
0.0027
0.0027
0.0022
0.003
0.0039
0.0034
0.0032
0.0036
0.0042
0.0026
0.0034
0.0032
0.0032
0.003
0.003
0.0031
0.0029
0.0033
0.003
0.0035
0.0035
0.0029
0.003
0.0044
0.0028
0.004
0.0031
0.0038
0.003
0.004
0.0031
0.003
0.0032
0.0031
0.0031
0.0031
0.0036
0.0039
0.0029
0.0037
0.0029
0.0036
0.0031
0.003
0.0031
0.003
0.0037
0.003
0.0035
0.0027
0.0035
0.003
0.0031
0.0036
0.0038
0.0032
0.0038
0.0034
0.0031
0.0038
0.0043
0.0032
0.003
0.0027
0.0035
0.003
0.0032
0.0038
0.0039
0.0032
0.0031
0.0031
0.0031
0.0028
0.0033
0.0026
0.0034
0.0031
0.0027
0.0036
0.003
0.0062
0.003
0.003
0.0032
0.0029
0.0037
0.004
0.0031
0.0024
0.0036
0.0034
0.003
0.0047
0.0031
0.0034
0.0029
0.0031
0.003
0.0023
0.0035
0.0037
0.0036
0.003
0.0028
0.0036
0.003
0.0031
0.0035
0.003
0.0031
0.0034
0.0032
0.0032
0.0032
0.0032
0.0037
0.003
0.003
0.0025
0.0037
0.0032
0.0046
0.005

----------------------------
VideoDecoderEndFrame_D3D11_1
----------------------------
0.035
0.0542
0.0787
0.0127
0.0778
0.0029
0.0586
0.0034
0.0571
0.0061
0.0554
0.0077
0.064
0.0038
0.0599
0.0039
0.0022
0.0578
0.0027
0.0659
0.0074
0.0607
0.0028
0.0605
0.0029
0.06
0.0027
0.0615
0.0053
0.0613
0.0035
0.0614
0.0027
0.0578
0.0028
0.0613
0.0027
0.061
0.0027
0.0596
0.0051
0.0585
0.0042
0.0815
0.0024
0.0574
0.0034
0.064
0.0026
0.0585
0.0035
0.0588
0.0028
0.0553
0.0024
0.0562
0.0029
0.0544
0.004
0.0819
0.0028
0.081
0.0022
0.058
0.0028
0.058
0.0022
0.0597
0.0018
0.058
0.0018
0.0603
0.0027
0.0605
0.0036
0.06
0.0019
0.0603
0.0018
0.0591
0.0029
0.0574
0.0025
0.0559
0.0019
0.0607
0.0051
0.0756
0.0019
0.0589
0.0035
0.0562
0.0648
0.0018
0.0685
0.003
0.0539
0.0018
0.0813
0.0018
0.0568
0.0041
0.0665
0.0019
0.0019
0.002
0.0587
0.0531
0.0027
0.0596
0.0019
0.059
0.0018
0.0558
0.0027
0.0589
0.0019
0.062
0.0026
0.0581
0.0027
0.0579
0.0026
0.057
0.003
0.0752
0.0035
0.0563
0.004
0.0593
0.0026
0.0746
0.0027
0.0567
0.0028
0.0833
0.0047
0.059
0.0044
0.0659
0.0038
0.0619
0.0035
0.0646
0.0021
0.0583
0.0026
0.0569
0.0031
0.0583
0.0025
0.0603
0.0027
0.0575
0.0026
0.0523
0.0026
0.0541
0.0029
0.0574
0.0028
0.0559
0.0039
0.0772
0.0037
0.0578
0.0022
0.0567
0.0027
0.0746
0.0033
0.0586
0.0027
0.0577
0.0027
0.0587
0.0026
0.0586
0.0027
0.0691
0.0027
0.057
0.0028
0.0559
0.0035
0.0586
0.0025
0.0585
0.0028
0.0605
0.0041
0.0569
0.0026
0.002
0.0572
0.0028
0.0583
0.0548
0.0025
0.0571
0.002
0.0564
0.002
0.057
0.0022
0.0581
0.0017
0.0595
0.0018
0.0606
0.0023
0.0605
0.0018
0.0581
0.0023
0.0021
0.0564
0.0022
0.0551
0.0532
0.002
0.0585
0.0028
0.0571
0.0021
0.059
0.0019
0.0589
0.0019
0.0612
0.0017
0.0588
0.0018
0.0567
0.0028
0.0587
0.0022
0.0562
0.0027
0.0578
0.0026
0.0569
0.0021
0.0563
0.0023
0.0571
0.002
0.0568
0.0019
0.0568
0.0018
0.0017
0.0566
0.057
0.0019
0.0597
0.0027
0.0871
0.002
0.0588
0.0027
0.0595
0.0026
0.0572
0.0022
0.0581
0.002
0.0579
0.002
0.0566
0.002
0.058
0.0017
0.057
0.0017
0.0567
0.0017
0.0592
0.0018
0.0557
0.0029
0.0572
0.0026
0.0565
0.0043
0.058
0.002
0.0587
0.0023
0.0543
0.0027
0.0515
0.0027
0.0581
0.0026
0.0564
0.0023
0.0581
0.0021
0.0581
0.0019
0.0541
0.003
0.0519
0.0029
0.0577
0.0026
0.0561
0.0021
0.0579
0.002
0.0574
0.0029
0.0588
0.0021
0.0548
0.0077
0.0545
0.0028
0.0565
0.0021
0.0545
0.0028
0.056
0.0028
0.0021
0.0547
0.0547
0.002
0.0569
0.0019
0.0553
0.003
0.0566
0.0027
0.0697
0.0036
0.0564
0.0034
0.0041
0.0586
0.0582
0.0028
0.0566
0.0028
0.0535
0.0037
0.0601
0.0039
0.058
0.0027
0.0569
0.0037
0.065
0.0026
0.0582
0.0035
0.0552
0.0039
0.0588
0.0025
0.0589
0.0026
0.0542
0.0025
0.0576
0.0028
0.0599
0.0026
0.0831
0.0027
0.0577
0.0026
0.0682
0.0039
0.0885
0.0032
0.1002
0.0039
0.0605
0.0025
0.0775
0.0022
0.0937
0.0039
0.1126
0.0037
0.0522
0.0038
0.0959
0.0039
0.0649
0.0028
0.0553
0.0028
0.08
0.004
0.0665
0.0025
0.0725
0.0024
0.0559
0.0026
0.0578
0.0026
0.0673
0.003
0.0638
0.0028
0.0608
0.0034
0.0779
0.0028
0.0555
0.002
0.0563
0.0023
0.0922
0.0038
0.0023
0.0791
0.0037
0.0687
0.0742
0.0074
0.0702
0.0043
0.0874
0.0037
0.0672
0.0029
0.0615
0.0027
0.0768
0.0028
0.0831
0.003
0.0596
0.0026
0.0568
0.0031
0.0743
0.0034
0.1001
0.0031
0.0838
0.0046
0.0702
0.0028
0.0584
0.0024
0.0856
0.0035
0.0643
0.0028
0.054
0.0036
0.0553
0.0027
0.0554
0.0027
0.0561
0.0038
0.0708
0.0036
0.0569
0.0033
0.0858
0.0032
0.0825
0.0037
0.0784
0.0039
0.0957
0.0105
0.0668
0.0026
0.0807
0.0037
0.0795
0.0041
0.0597
0.0028
0.078
0.0029
0.0543
0.0037
0.0557
0.0027
0.0575
0.0034
0.0593
0.0035
0.0569
0.0033
0.0554
0.0027
0.059
0.0027
0.054
0.0029
0.0597
0.004
0.0773
0.0094
0.0806
0.0027
0.0555
0.0027
0.0593
0.0025
0.0861
0.003
0.064
0.0031
0.0562
0.0027
0.0607
0.0027
0.0691
0.0025
0.0021
0.0552
0.064
0.0026
0.0565
0.0027
0.0559
0.0029
0.0569
0.0022
0.0585
0.0026
0.0586
0.002
0.0575
0.002
0.0758
0.0036
0.002
0.0562
0.0535
0.0028
0.0541
0.002
0.0554
0.0032
0.054
0.0023
0.0553
0.003
0.0561
0.0029
0.0557
0.0026
0.0564
0.0024
0.0588
0.0019
0.0586
0.0028
0.065
0.0031
0.0583
0.0026
0.0582
0.0028
0.0568
0.0021
0.057
0.0026
0.0574
0.0026
0.0573
0.0026
0.0549
0.0028
0.0564
0.0027
0.0563
0.002
0.0554
0.0018
0.0558
0.0029
0.056
0.0026
0.069
0.0028
0.071
0.0025
0.0586
0.0021
0.0589
0.003
0.0561
0.0029
0.0557
0.0028
0.0596
0.0028
0.0573
0.0026
0.0558
0.0028
0.0555
0.0026
0.0569
0.0027
0.0563
0.002
0.0579
0.002
0.0567
0.002
0.0018
0.0594
0.0538
0.0022
0.056
0.0026
0.0542
0.0029
0.0558
0.003
0.056
0.0027
0.0561
0.0027
0.0572
0.0028
0.0021
0.0564
0.0563
0.0061
0.0569
0.0026
0.0021
0.0574
0.0541
0.0027
0.061
0.0027
0.0559
0.0026
0.0549
0.0029
0.0573
0.0027
0.0564
0.0036
0.0565
0.0027
0.0555
0.0028
0.0567
0.0021
0.0594
0.002
0.0607
0.0027
0.0581
0.0031
0.0545
0.0027
0.0559
0.0034
0.0759
0.0028
0.0567
0.0024
0.0569
0.0027
0.059
0.0029
0.0563
0.0024
0.0774
0.0024
0.0566
0.0026
0.0567
0.0024
0.0593
0.0022
0.0572
0.0029
0.0565
0.0027
0.0628
0.0028
0.0575
0.0028
0.0566
0.0026
0.0575
0.0025
0.0569
0.0022
0.0574
0.0022
0.0594
0.0022
0.0566
0.003
0.0565
0.002
0.0567
0.0021
0.0564
0.0018
0.0633
0.0016
0.057
0.0018
0.0579
0.0018
0.0573
0.0018
0.0544
0.0028
0.0566
0.0019
0.0578
0.0019
0.0567
0.0026
0.0567
0.0019
0.0601
0.0018
0.0614
0.0017
0.055
0.0028
0.0574
0.0019
0.0612
0.0018
0.0578
0.0018
0.0566
0.0029
0.0572
0.0021
0.0562
0.0028
0.0564
0.0026
0.0574
0.0019
0.0604
0.0027
0.0576
0.0027
0.0018
0.058
0.0558
0.0018
0.0544
0.0027
0.0579
0.0023
0.0642
0.0031
0.057
0.0021
0.0574
0.0021
0.0566
0.0018
0.0578
0.0019
0.0569
0.0017
0.0553
0.0029
0.0592
0.0021
0.0588
0.0019
0.057
0.002
0.0567
0.0029
0.0573
0.0018
0.0584
0.0022
0.0567
0.0028
0.059
0.0019
0.056
0.002
0.0563
0.0017
0.0558
0.0018
0.0547
0.003
0.0598
0.0018
0.0566
0.0021
0.056
0.002
0.0554
0.0017
0.059
0.0018
0.056
0.0017
0.054
0.0028
0.0576
0.0017
0.0571
0.0018
0.0584
0.0017
0.0553
0.0028
0.0555
0.0021
0.0553
0.0019
0.0561
0.0017
0.0588
0.0016
0.0586
0.0018
0.0562
0.0017
0.0584
0.002
0.0582
0.0018
0.056
0.0018
0.0573
0.003
0.0574
0.0018
0.0599
0.0018
0.0565
0.0017
0.0552
0.003
0.0568
0.0018
0.0596
0.0028
0.0586
0.0017
0.0587
0.002
0.054
0.0028
0.0567
0.0027
0.0586
0.0019
0.0583
0.002
0.0571
0.0018
0.0588
0.0027
0.0579
0.0017
0.0571
0.0018
0.0571
0.0017
0.0573
0.0018
0.0571
0.0019
0.059
0.0018
0.0573
0.0017
0.0555
0.0036
0.0784
0.003
0.0566
0.0025
0.0567
0.0019
0.0594
0.0021
0.0585
0.002
0.058
0.0022
0.0584
0.0019
0.0597
0.0027
0.0583
0.0028
0.0584
0.0023
0.0579
0.0019
0.0566
0.0017
0.0566
0.002
0.0587
0.0027
0.0561
0.0027
0.0585
0.002
0.0571
0.0019
0.0562
0.0018
0.0566
0.0017
0.0589
0.0029
0.0587
0.0018
0.0593
0.0019
0.0564
0.0021
0.0584
0.0022
0.0571
0.003
0.0573
0.0019
0.06
0.0023
0.0579
0.0037
0.0569
0.0022
0.0567
0.0025
0.0565
0.002
0.0569
0.0114
0.0563
0.0028
0.0565
0.0023
0.0564
0.0021
0.0567
0.0027
0.0559
0.002
0.0587
0.0027
0.0559
0.0019
0.0675
0.0027
0.0025
0.0582
0.0553
0.0024
0.0566
0.0036
0.0589
0.0019
0.0579
0.0023
0.0569
0.002
0.0595
0.0018
0.0595
0.0027
0.0587
0.0018
0.0586
0.0022
0.0579
0.0017
0.0577
0.0028
0.0576
0.0018
0.0598
0.0017
0.0588
0.0017
0.0572
0.0022
0.0553
0.0028
0.0563
0.0018
0.0552
0.003
0.0568
0.0018
0.0578
0.0017
0.0563
0.0021
0.0572
0.0017
0.0017
0.0582
0.0568
0.0026
0.0583
0.0018
0.0591
0.0018
0.0556
0.0028
0.0565
0.0027
0.0568
0.0018
0.0549
0.0028
0.0566
0.002
0.0586
0.0018
0.0591
0.0027
0.0568
0.0018
0.0564
0.0017
0.056
0.0017
0.0566
0.0029
0.0566
0.0019
0.0636
0.0027
0.0562
0.0019
0.0566
0.0028
0.0577
0.0019
0.0584
0.0026
0.0565
0.0031
0.0582
0.0018
0.0577
0.0023
0.0565
0.0021
0.0566
0.0016
0.0585
0.0071
0.0567
0.0017
0.0584
0.0017
0.0565
0.0019
0.0574
0.0019
0.0575
0.0016
0.0553
0.002
0.0573
0.0016
0.0564
0.0019
0.0559
0.0027
0.0563
0.0019
0.0569
0.0017
0.0565
0.0019
0.0569
0.0018
0.057
0.0018
0.0017
0.063
0.0553
0.0016
0.0577
0.0017
0.0536
0.0028
0.0561
0.0019
0.0569
0.002
0.0547
0.0027
0.0568
0.0018
0.0568
0.0027
0.0578
0.002
0.058
0.0018
0.0567
0.0017
0.0579
0.0018
0.0561
0.003
0.0565
0.002
0.074
0.0018
0.0031
0.0574
0.0547
0.002
0.0591
0.0017
0.0568
0.002
0.0575
0.0018
0.0572
0.0019
0.0562
0.0018
0.0573
0.0018
0.0567
0.0017
0.0595
0.0017
0.0569
0.0018
0.055
0.0029
0.0559
0.0018
0.0584
0.0026
0.056
0.0017
0.058
0.0018
0.0543
0.002
0.0564
0.0027
0.0582
0.0023
0.0568
0.0019
0.0564
0.0018
0.0596
0.0018
0.058
0.0019
0.0586
0.0017
0.0572
0.002
0.0017
0.0566
0.0637
0.0029
0.0584
0.0018
0.057
0.0017
0.0573
0.0017
0.0558
0.0023
0.0556
0.0028
0.0589
0.0018
0.0574
0.0018
0.0574
0.0018
0.0564
0.0021
0.0018

---------------------------------
VideoDecoderSubmitBuffers_D3D11_1
---------------------------------
10.887
3.189
11.0197
3.0943
4.6802
1.439
3.9021
0.7521
0.7341
0.9155
0.8228
0.9448
0.9669
0.9863
0.9399
0.9568
0.9588
0.7448
0.9422
0.9509
0.9644
0.9241
0.9851
0.7066
0.5894
0.9364
0.6089
0.9672
1.2666
1.3835
0.7953
0.9486
0.6185
0.9358
0.6055
0.6344
0.64
0.6108
0.9615
0.6543
0.6488
0.6284
0.9604
0.6477
0.5872
0.6012
0.961
0.5658
0.6761
0.9453
0.8143
0.5927
0.9537
0.5782
0.5042
0.5462
0.5621
0.5582
0.5734
0.568
0.5575
0.5588
0.559
0.7583
0.5647
0.5795
0.7364
0.5548
0.5721
0.5557
0.6456
0.706
0.628
0.5533
0.531
0.56
0.5604
0.5631
0.5404
0.5748
0.5536
0.5401
0.7211
0.5897
0.5166
0.705
0.5768
0.5462
0.5471
0.5445
0.5405
0.542
0.5712
0.6586
0.569
0.5556
0.5538
0.5588
1.7475
0.5228
0.5739
0.5665
0.5885
0.5671
0.5627
0.5658
0.5684
0.568
0.5609
0.5562
0.5063
0.5642
0.5642
0.5655
0.5577
0.5536
0.5664
0.5613
0.5529
0.5806
1.8672
0.5537
0.565
0.5609
0.5641
0.5628
0.564
0.509
0.5634
0.5565
0.5691
0.5586
0.5621
0.5635
0.5662
0.5666
0.56
0.5626
0.563
0.5564
0.5177
0.583
0.5643
0.5663
0.5528
0.5567
0.499
0.5656
0.565
0.564
0.5541
0.5079
0.4935
0.5722
0.5583
0.5603
0.5293
0.5582
0.5152
0.5305
0.5946
0.5063
0.5526
0.5244
0.4943
0.556
0.496
0.5697
0.6081
0.5184
0.5696
0.5758
0.5475
0.5461
0.5572
0.5837
0.5333
0.5606
0.5362
0.6187
0.5555
0.5519
0.527
0.5258
0.5863
0.8122
0.5502
0.64
0.6354
0.5859
0.7755
0.6967
0.6835
0.7121
0.812
0.9352
0.597
0.5566
0.6017
0.5963
0.5856
0.5356
0.5364
0.6273
0.7748
0.5388
0.8031
0.5471
0.5827
0.5049
0.6095
0.8556
0.5929
0.7355
0.6978
0.6819
0.5421
0.6256
0.6077
0.5799
0.6026
0.7322
0.689
0.8864
0.6287
0.7023
0.5683
0.535
0.7037
0.5299
0.5545
0.5614
0.6217
0.705
0.6298
0.791
0.8427
0.9743
0.6817
0.7639
2.0157
0.5651
0.6057
0.6405
0.5857
0.5473
0.57
0.5593
0.5648
0.778
0.6397
0.5914
0.8071
0.7835
0.5267
0.561
0.7787
0.6116
0.6537
0.6017
0.5872
0.6077
0.7238
0.5647
0.5483
0.5484
0.5625
0.555
0.5603
0.7263
0.5625
0.5325
0.488
0.4988
0.4848
0.4954
0.5958
0.588
0.5851
0.5386
0.5611
0.5253
0.5853
0.527
0.5366
0.5666
0.5612
0.6016
0.5571
0.5801
0.5798
0.5234
0.5749
0.5642
0.5418
0.6122
0.576
0.5597
0.5561
0.5569
0.5843
0.5798
0.5543
0.5635
0.579
0.5857
0.5339
0.5638
0.5831
0.5061
0.5094
0.5526
0.5023
0.5311
0.5572
0.5215
0.5742
0.5027
0.5555
0.5725
0.5371
0.6069
0.5489
0.5552
0.5541
0.5567
0.558
0.5596
0.5481
0.5604
0.5566
0.5562
0.5425
0.539
0.7287
0.5505
0.5241
0.563
0.53
0.8056
0.5271
0.5439
0.5731
0.5275
0.5287
0.5611
0.5499
0.5682
0.5645
0.5637
0.5726
0.5696
0.5085
0.5786
0.5688
0.5814
0.5635
0.5599
0.5657
0.5653
0.4921
0.5498
0.5638
0.5672
0.5688
0.571
0.5612
0.5427
0.5556
0.5614
0.5601
0.5132
0.5691
0.5129
0.5663
0.5899
0.5588
0.5559
0.5203
0.5046
0.523
0.5689
0.5133
0.5781
0.5618
0.5614
0.5577
0.5613
0.5059
0.6009
0.5809
0.5755
0.5079
0.5699
0.5658
0.5062
0.5683
0.5612
0.5612
0.5609
0.5025
0.5915
0.5631
0.5565
0.5707
0.6025
0.5609
0.5012
0.597
0.5618
0.5623
0.5156
0.5729
0.567
0.5665
0.5597
0.5615
0.5576
0.6045
0.5599
0.5585
0.5268
0.5808
0.5918
0.5542
0.5025
0.5733
0.5673
0.5583
0.5622
0.4974
0.5323
0.5577
0.5604
0.5615
0.5924
0.5573
0.5677
0.5596
0.5637
0.5635
0.5601
0.5555
0.5057
0.7612
0.5611
0.5653
0.561
0.5589
0.5545
0.5583
0.5671
0.5639
0.5594
0.5651
0.5613
0.5514
0.5543
0.5351
0.5555
0.5607
0.5611
0.5627
0.5136
0.5704
0.5588
0.5583
0.5319
0.5844
0.5664
0.6742
0.5906
0.5572
0.5861
0.5375
0.5812
0.535
0.5436
0.5505
0.5525
0.5648
0.5935
0.5571
0.659
0.5718
0.505
0.5199
0.5583
0.5623
0.5616
0.559
0.5714
0.5656
0.5679
0.5706
0.565
0.5541
0.564
0.5643
0.5993
0.5215
0.5801
0.5203
0.5662
0.5569
0.5581
0.5583
0.5785
0.538
0.5611
0.5635
0.532
0.5905
0.5536
0.5306
0.5606
0.5614
0.5654
0.5615
0.5609
0.5567
0.5079
0.5641
0.5315
0.5635
0.513
0.5612
0.5648
0.5228
0.5637
0.5606
0.558
0.565
0.5779
0.566
0.5647
0.5591
0.5657
0.5539
0.5074
0.5684
0.5589
0.542
0.5651
0.5585
0.5556
0.5618
0.5483
0.6071
0.5078
0.5651
0.5083
0.5682
0.5563
0.5046
0.5741
0.5393
0.5703
0.5623
0.5737
0.5618
0.5369
0.5563
0.5845
0.5553
0.5047
0.5726
0.5605
0.5599
0.5606
0.5569
0.5667
0.5642
0.5677
0.5638
0.5071
0.5582
0.5535
0.5572
0.5617
0.5075
0.6097
0.5574
0.559
0.5599
0.5585
0.559
0.5664
0.5616
0.5743
0.5429
0.5561
0.56
0.5623
0.5346
0.5132
0.562
0.564
0.5652
0.5648

