---------------------------------------------
CalcPrivateVideoDecoderOutputViewSize_D3D11_1
---------------------------------------------
0.003
0.003
0.0013
0.0014
0.0016
0.0013
0.0014
0.0008
0.0009
0.0014
0.0008
0.0008
0.0007
0.0015
0.0008
0.0007
0.0007
0.0019
0.001
0.0022
0.0027
0.0014
0.0009
0.0007
0.001
0.0018
0.0015
0.0015
0.0025
0.0012
0.0014
0.0009
0.001
0.0008
0.0012
0.0016
0.0016
0.0008
0.0013
0.0008
0.0015
0.0017
0.0026
0.001
0.0008
0.0016
0.0012
0.0009
0.0013
0.0009
0.001
0.0007
0.0007
0.0007
0.0007
0.0006
0.0007
0.0006
0.0006
0.001
0.0006
0.0006
0.0011
0.0018
0.0022
0.0011
0.0013
0.0015
0.0008
0.0011
0.0016
0.0015
0.0008
0.0008
0.0008
0.0009
0.0011
0.0006
0.0008
0.0007
0.001
0.0014
0.0006
0.0006
0.0012
0.0024
0.0009
0.0015
0.0012
0.0017
0.0012
0.0007
0.0008
0.0018
0.0034
0.0016
0.0017
0.0021
0.001
0.0008
0.0009
0.0007
0.0011
0.0007
0.0017
0.0009
0.0011
0.0008
0.0012
0.0019
0.0015
0.001
0.0014
0.0025
0.0011
0.0011
0.0013
0.0008
0.0007
0.0007
0.0007
0.0007
0.0017
0.0012
0.0012
0.0009
0.0013
0.0014
0.0008
0.0023
0.001
0.0014
0.001
0.0008
0.0016
0.001
0.0009
0.0008
0.0006
0.0016
0.0011
0.0038
0.0008
0.0006
0.0007
0.0015
0.0016
0.001
0.0009
0.0007
0.0008
0.0006
0.001
0.0007
0.0006
0.0007
0.0008
0.0009
0.0007
0.0006
0.0009
0.001
0.0009
0.0007
0.0008
0.0007
0.0007
0.0008
0.001
0.0006
0.0009
0.0008
0.0007
0.0008
0.0006
0.0007
0.0006
0.0008
0.0007
0.0007
0.0007
0.0006
0.001
0.0008
0.0006
0.0007
0.0006
0.0006
0.0007
0.0007
0.0008
0.0008
0.0009
0.0006
0.0007
0.0006
0.0007
0.0007
0.0006
0.0006
0.0009
0.0007
0.0008
0.0007
0.0006
0.0006
0.0006
0.0006
0.0006
0.0024
0.001
0.0078
0.001
0.001
0.0007
0.0007
0.0006
0.0006
0.0007
0.0008
0.001
0.0008
0.0009
0.0007
0.0009
0.0006
0.0008
0.0006
0.0006
0.0015
0.0021
0.0008
0.0006
0.0007
0.0006
0.0007
0.0006
0.0007
0.0007
0.0008
0.0007
0.0006
0.0006
0.0008
0.0006
0.0006
0.0007
0.0006
0.0006
0.0006
0.0007
0.0006
0.0007
0.0006
0.0009
0.0007
0.0009
0.0007
0.0006
0.0006
0.001
0.0006
0.0014
0.0007
0.0006
0.0007
0.0006
0.0007
0.0006
0.0009
0.0006
0.0006
0.0008
0.0009
0.0006
0.0007
0.0007
0.0008
0.0006
0.0006
0.0007
0.0008
0.0007
0.0007
0.0008
0.0008
0.0007
0.0007
0.0006
0.0006
0.002
0.0008
0.0008
0.002
0.001
0.0014
0.0008
0.0007
0.0007
0.0007
0.0007
0.0007
0.0008
0.0008
0.0006
0.0007
0.0007
0.0006
0.0007
0.0006
0.001
0.001
0.0006
0.0006
0.0007
0.0007
0.0079
0.001
0.0006
0.0006
0.0009
0.0008
0.0007
0.0006
0.0006
0.0008
0.0007
0.0007
0.0007
0.0007
0.0008
0.0006
0.0007
0.0016
0.001
0.0007
0.0007
0.0006
0.0008
0.0007
0.0008
0.0007
0.0006
0.0006
0.0007
0.0007
0.0007
0.0007
0.0007
0.0008
0.0009
0.0007
0.0007
0.0006
0.0007
0.0007
0.0007
0.0006
0.0007
0.0006
0.0006
0.0007
0.0007
0.0007
0.0009
0.0006
0.0005
0.0006
0.0006
0.0008
0.0007
0.0007
0.0007
0.0007
0.001
0.0007
0.0007
0.0009
0.0006
0.0007
0.0008
0.0006
0.0007
0.0008
0.0006
0.0007
0.0006
0.0007
0.0006
0.0008
0.0007
0.0007
0.0008
0.0006
0.0007
0.001
0.0006
0.0008
0.0006
0.0006
0.0007
0.0006
0.0006
0.0006
0.0016
0.0007
0.0007
0.0007
0.0007
0.0006
0.0009
0.0006
0.0007
0.0008
0.0007
0.0007
0.0006
0.0007
0.0008
0.0007
0.0007
0.0007
0.0007
0.0007
0.0009
0.001
0.0006
0.0006
0.0006
0.0007
0.0007
0.0008
0.0007
0.0006
0.0008
0.0007
0.0016
0.0006
0.0006
0.0008
0.0008
0.0006
0.0009
0.0007
0.0007
0.0007
0.0007
0.0007
0.0007
0.0008
0.0006
0.0007
0.0007
0.0009
0.0008
0.0009
0.0008
0.0007
0.0007
0.0007
0.0007
0.0007
0.0008
0.0007
0.001
0.0007
0.0007
0.0007
0.0008
0.0007
0.0009
0.0007
0.0006
0.0007
0.0118
0.0006
0.0007
0.0006
0.0007
0.0008
0.0007
0.0007
0.0006
0.0006
0.0006
0.0009
0.0007
0.0007
0.0006
0.0006
0.0007
0.0006
0.0009
0.0006
0.0007
0.0007
0.0006
0.0007
0.0007
0.0006
0.0008
0.0006
0.0006
0.0007
0.0006
0.0007
0.0009
0.0007
0.0006
0.0007
0.0006
0.0019
0.0005
0.0006
0.0006
0.0007
0.0008
0.0006
0.0007
0.0006
0.0006
0.0008
0.001
0.0006
0.0006
0.0006
0.0007
0.0006
0.0007
0.0006
0.0007
0.0007
0.0005
0.0006
0.0006
0.0007
0.0007
0.0006
0.0007
0.0014
0.0006
0.0007
0.0007
0.0006
0.0007
0.0006
0.0009
0.0007
0.0006
0.0007
0.0005
0.0007
0.0007
0.0007
0.0006
0.0006
0.0006
0.0007
0.0005
0.0007
0.0006
0.0006
0.0006
0.0006
0.0006
0.0006
0.0007
0.0005
0.0006
0.0007
0.0006
0.0006
0.0006
0.0008
0.0006
0.0006
0.0008
0.0005
0.0006
0.0006
0.0009
0.0006
0.0006
0.0006
0.0006
0.0006
0.0007
0.0006
0.0006
0.0009
0.001
0.0006
0.0007
0.001
0.0008
0.0006
0.0005
0.0006
0.0008
0.0016

-----------------------
CodechalDecode::Execute
-----------------------
1.0267
0.7557
1.6272
1.2396
2.8677
2.538
1.0424
1.9652
0.1803
0.1723
0.1798
0.1811
0.1822
0.174
0.1904
0.1851
0.2372
0.224
0.1918
0.1815
0.3429
0.188
0.1724
0.1709
0.2613
0.2787
0.2285
0.2185
0.2236
0.2134
0.2076
0.1786
0.184
0.1794
0.2476
0.2221
0.2814
0.1904
0.2264
0.1697
0.2146
0.2787
0.2208
0.1856
0.1987
0.2538
0.2532
0.2053
0.2031
0.1786
0.1817
0.1868
0.178
0.172
0.171
0.17
0.1693
0.162
0.1664
0.1795
0.1736
0.1689
0.1962
0.1851
0.3168
0.1862
0.254
0.2197
0.2662
0.1926
0.2755
0.2129
0.1916
0.1801
0.1791
0.1809
0.1963
0.1828
0.1804
0.1719
0.1795
0.1781
0.1703
0.1685
0.2518
0.3477
0.1873
0.2135
0.2165
0.2151
0.1899
0.17
0.1829
0.2865
0.2489
0.2274
0.278
0.3303
0.1888
0.1741
0.1799
0.1789
0.2503
0.1712
0.2236
0.1881
0.2021
0.2061
0.2472
0.2936
0.2419
0.1912
0.1949
0.3457
0.1993
0.1927
0.1912
0.1703
0.168
0.1756
0.1747
0.2541
0.2561
0.2424
0.2509
0.2657
0.1998
0.2033
0.2813
0.2969
0.1902
0.2073
0.1858
0.1752
0.2897
0.1906
0.1827
0.1809
0.1756
0.2369
0.1876
0.1926
0.1712
0.1684
0.1681
0.217
0.2382
0.1766
0.17
0.1782
0.1799
0.173
0.1851
0.1798
0.1766
0.1851
0.1816
0.1862
0.1805
0.1728
0.1867
0.185
0.183
0.176
0.1883
0.182
0.189
0.2064
0.1885
0.1767
0.1932
0.1891
0.1703
0.1685
0.1678
0.167
0.1652
0.1658
0.179
0.1766
0.1777
0.1742
0.1839
0.1768
0.1758
0.1792
0.1811
0.1856
0.1806
0.1713
0.1856
0.1849
0.1768
0.1682
0.1789
0.1763
0.1808
0.1883
0.1789
0.1714
0.1944
0.2005
0.174
0.1745
0.1755
0.1739
0.1712
0.1699
0.174
0.262
0.2163
0.2047
0.2062
0.1838
0.1807
0.18
0.1796
0.1786
0.1783
0.1747
0.1886
0.1833
0.1871
0.1736
0.1823
0.1804
0.2009
0.1834
0.177
0.2161
0.2201
0.1806
0.1702
0.1697
0.1673
0.1666
0.1673
0.1685
0.1684
0.1808
0.1814
0.173
0.1808
0.1837
0.1768
0.1748
0.1759
0.1793
0.1775
0.1683
0.1813
0.2004
0.188
0.1916
0.1961
0.2061
0.1778
0.1785
0.173
0.17
0.1932
0.1819
0.1714
0.1722
0.1698
0.1705
0.1735
0.1732
0.1704
0.1971
0.1947
0.191
0.2133
0.1814
0.1759
0.1811
0.1754
0.1787
0.176
0.1696
0.1809
0.1937
0.1884
0.184
0.1969
0.2079
0.2043
0.2064
0.1765
0.1715
0.2419
0.1957
0.1798
0.2568
0.1865
0.2219
0.1815
0.1871
0.1857
0.2083
0.2101
0.1969
0.2395
0.1984
0.1764
0.1734
0.1767
0.1788
0.1772
0.1711
0.1805
0.194
0.1881
0.181
0.1946
0.2123
0.2091
0.2037
0.1815
0.1741
0.1927
0.1896
0.1793
0.187
0.1756
0.1744
0.1736
0.1733
0.1737
0.1913
0.1954
0.179
0.1905
0.2005
0.1868
0.1766
0.1784
0.1809
0.1768
0.1695
0.1813
0.1907
0.1877
0.1804
0.1985
0.2061
0.1985
0.1854
0.1753
0.1736
0.1842
0.1825
0.1769
0.1852
0.1747
0.1771
0.1766
0.1759
0.1745
0.2045
0.2054
0.1865
0.2033
0.199
0.1815
0.1783
0.1764
0.1773
0.1777
0.1681
0.1798
0.1889
0.1899
0.1765
0.1944
0.2015
0.2115
0.1888
0.1789
0.1727
0.1957
0.1853
0.1735
0.1725
0.1716
0.1772
0.1712
0.1703
0.1714
0.1909
0.1937
0.1738
0.1921
0.1871
0.1915
0.183
0.1785
0.1768
0.1754
0.1683
0.181
0.1923
0.187
0.1759
0.1948
0.1773
0.1809
0.1816
0.1738
0.1675
0.1826
0.1822
0.1711
0.1707
0.1738
0.1725
0.1717
0.1771
0.1774
0.2025
0.2022
0.189
0.1985
0.1987
0.1849
0.1811
0.1755
0.1761
0.1752
0.1683
0.1804
0.1887
0.1895
0.1799
0.194
0.1966
0.1991
0.1988
0.1737
0.1676
0.1797
0.1769
0.1688
0.1722
0.1688
0.1701
0.1684
0.1684
0.1734
0.1893
0.1854
0.1821
0.2006
0.1973
0.1768
0.181
0.1777
0.1821
0.1757
0.1732
0.18
0.1852
0.1811
0.172
0.1842
0.1804
0.1892
0.1894
0.1865
0.1791
0.2117
0.1793
0.1695
0.1667
0.195
0.1669
0.1669
0.1657
0.1673
0.1784
0.1819
0.1725
0.1874
0.1817
0.1817
0.201
0.1769
0.1779
0.1782
0.1684
0.1892
0.1926
0.1862
0.1718
0.1791
0.1805
0.1776
0.1777
0.17
0.163
0.1748
0.1739
0.165
0.1659
0.1635
0.1618
0.1664
0.1629
0.1618
0.1722
0.1718
0.1654
0.1725
0.1781
0.1759
0.1782
0.1813
0.1723
0.1718
0.1658
0.1711
0.1766
0.176
0.1691
0.1738
0.1738
0.1745
0.1764
0.1708
0.1642
0.1773
0.174
0.1665
0.1652
0.1617
0.1781
0.1636
0.1599
0.1663
0.1726
0.1703
0.1666
0.173
0.1749
0.1747
0.1751
0.1787
0.1753
0.1722
0.1622
0.1694
0.1777
0.1781
0.1683
0.1727
0.1768
0.1751
0.1774
0.1688
0.1678
0.1745
0.1752
0.1652
0.1628
0.1654
0.1697
0.1641
0.1621
0.1643
0.1729
0.1725
0.165
0.1749
0.1729
0.1767
0.1786
0.1782
0.1733
0.1736
0.1653
0.1957
0.1753
0.1749
0.1677
0.1746
0.1743
0.1765
0.1745
0.17
0.1762
0.1794
0.1748
0.1697
0.1756
0.1695
0.1647
0.163
0.165
0.2631
0.2276

---------------------------------------
CodechalDecodeHevcG12::DecodeStateLevel
---------------------------------------
0.3097
0.1883
0.1398
0.1435
0.1421
0.1323
0.1221
0.1005
0.0977
0.0937
0.0947
0.0961
0.095
0.0936
0.099
0.0941
0.1287
0.1138
0.1013
0.0967
0.1852
0.0995
0.0927
0.092
0.1409
0.1502
0.1195
0.1123
0.1143
0.1046
0.1058
0.0958
0.0975
0.0957
0.1383
0.117
0.155
0.1023
0.1251
0.0935
0.1132
0.1529
0.1138
0.0997
0.1012
0.1381
0.1344
0.1031
0.1056
0.0947
0.0985
0.0973
0.0936
0.0923
0.0914
0.0906
0.095
0.089
0.0912
0.0961
0.0941
0.0912
0.098
0.0992
0.1669
0.099
0.1371
0.1125
0.1438
0.1022
0.1489
0.1107
0.1028
0.0972
0.0969
0.0961
0.0975
0.0978
0.0967
0.0933
0.0957
0.0959
0.094
0.0928
0.1429
0.1892
0.1053
0.1108
0.1192
0.1122
0.1015
0.0927
0.0985
0.1548
0.136
0.1171
0.1534
0.1789
0.1032
0.0973
0.0969
0.0969
0.1386
0.095
0.1179
0.1005
0.1052
0.1008
0.1272
0.1577
0.1293
0.099
0.1039
0.1877
0.1069
0.0971
0.1018
0.0932
0.0915
0.0949
0.0951
0.133
0.1367
0.1316
0.1364
0.1452
0.1054
0.101
0.1535
0.1551
0.1011
0.1079
0.0996
0.0964
0.151
0.1018
0.0981
0.0961
0.0958
0.1275
0.0999
0.1007
0.0926
0.0916
0.0907
0.1105
0.1264
0.0949
0.0923
0.0949
0.0933
0.0931
0.0949
0.095
0.0934
0.1003
0.0955
0.0987
0.0951
0.0929
0.098
0.0963
0.0965
0.0956
0.0985
0.0967
0.0999
0.1073
0.1011
0.0953
0.1021
0.0999
0.0928
0.0916
0.09
0.0914
0.0907
0.0898
0.0973
0.0948
0.0957
0.0945
0.096
0.0931
0.0929
0.0947
0.0952
0.0975
0.0956
0.0922
0.0977
0.0926
0.0934
0.0901
0.0943
0.0939
0.0951
0.0969
0.0958
0.092
0.1017
0.1063
0.0943
0.0937
0.0959
0.0941
0.0917
0.0921
0.0942
0.1387
0.1138
0.1046
0.107
0.0968
0.0951
0.0948
0.0946
0.0947
0.0959
0.0941
0.0986
0.0957
0.0996
0.0928
0.0967
0.096
0.1036
0.0963
0.0953
0.1124
0.1164
0.0968
0.093
0.0927
0.0908
0.0908
0.0908
0.0912
0.0919
0.0975
0.0971
0.0941
0.0964
0.0967
0.0935
0.092
0.0934
0.0954
0.0947
0.0907
0.0962
0.0993
0.0987
0.1051
0.1035
0.1081
0.0955
0.0944
0.094
0.0927
0.1087
0.0963
0.0927
0.0944
0.0919
0.0919
0.0962
0.0937
0.0918
0.1039
0.1037
0.1021
0.1112
0.0946
0.0934
0.0937
0.0931
0.094
0.0936
0.0914
0.096
0.101
0.0989
0.1
0.1033
0.1098
0.1056
0.111
0.0945
0.0924
0.1265
0.1041
0.0948
0.1343
0.1009
0.1177
0.0986
0.1024
0.1007
0.1112
0.1103
0.1048
0.1235
0.0957
0.0932
0.0924
0.0931
0.0964
0.0944
0.0924
0.0958
0.1002
0.0995
0.0975
0.1026
0.1103
0.1047
0.1093
0.0971
0.0943
0.1013
0.0996
0.0973
0.1002
0.0925
0.095
0.0936
0.0938
0.0947
0.1023
0.1047
0.0965
0.0998
0.1084
0.0959
0.0935
0.0953
0.0979
0.0941
0.0917
0.0968
0.0995
0.0984
0.095
0.1038
0.1077
0.1043
0.0987
0.0945
0.0947
0.0976
0.0958
0.0957
0.099
0.0948
0.0955
0.096
0.0952
0.0944
0.1078
0.1103
0.1011
0.1105
0.1038
0.0954
0.094
0.0928
0.0939
0.0955
0.0911
0.0967
0.0976
0.0994
0.0949
0.1021
0.1067
0.1086
0.0995
0.0962
0.0937
0.1045
0.0986
0.0939
0.0935
0.0926
0.093
0.0926
0.0924
0.0918
0.1022
0.1039
0.0931
0.0999
0.0977
0.1024
0.0965
0.0945
0.0942
0.0936
0.0902
0.0963
0.0975
0.0987
0.0959
0.1029
0.0945
0.0957
0.0967
0.0943
0.0904
0.0969
0.0955
0.0931
0.093
0.0917
0.0928
0.093
0.098
0.0956
0.1081
0.1082
0.1019
0.1061
0.1036
0.0976
0.0943
0.0934
0.0928
0.0935
0.0914
0.096
0.0958
0.1003
0.0982
0.1026
0.1032
0.1042
0.1041
0.0944
0.0909
0.0947
0.0943
0.0916
0.0933
0.0914
0.0918
0.0911
0.0918
0.0936
0.0997
0.0996
0.0984
0.1061
0.1033
0.0934
0.0941
0.0948
0.0952
0.0937
0.0943
0.095
0.0968
0.0955
0.0925
0.0983
0.0953
0.1001
0.1005
0.1005
0.0963
0.1086
0.0959
0.0921
0.0903
0.1012
0.0906
0.0914
0.0898
0.0917
0.0949
0.0973
0.0931
0.0984
0.0959
0.0963
0.0976
0.0931
0.0935
0.095
0.0907
0.0988
0.1026
0.0972
0.0947
0.095
0.0951
0.0949
0.0947
0.0926
0.0892
0.0939
0.0943
0.0908
0.0915
0.0902
0.0887
0.0911
0.0896
0.0886
0.094
0.0931
0.0908
0.094
0.0945
0.0953
0.0969
0.0972
0.0928
0.0941
0.0903
0.093
0.0934
0.0943
0.0927
0.0936
0.0934
0.0935
0.0955
0.094
0.0902
0.0957
0.0935
0.0908
0.0907
0.0896
0.1014
0.0903
0.0876
0.0902
0.0938
0.0931
0.0918
0.0937
0.0944
0.0946
0.0937
0.0942
0.0941
0.0933
0.0892
0.0914
0.0956
0.0958
0.0915
0.0928
0.0968
0.094
0.0946
0.0921
0.0919
0.094
0.0947
0.0904
0.0887
0.0909
0.0927
0.0905
0.0903
0.0912
0.0947
0.0941
0.0908
0.0952
0.0932
0.0953
0.0968
0.0961
0.0936
0.0932
0.0912
0.102
0.0935
0.0937
0.0912
0.0938
0.0938
0.0952
0.0942
0.0928
0.0943
0.0952
0.0955
0.0929
0.0956
0.0909
0.091
0.0892
0.091
0.1477
0.1191

-------------------------------------
CodechalDecodeHevcG12::SetFrameStates
-------------------------------------
0.5068
0.4659
0.8422
1.0123
2.6402
1.8048
0.8466
1.2733
0.0209
0.019
0.02
0.02
0.0197
0.02
0.0212
0.0225
0.0256
0.0264
0.0222
0.0217
0.0399
0.0212
0.0191
0.0192
0.0291
0.0329
0.0264
0.0255
0.027
0.0381
0.0248
0.0216
0.0215
0.0208
0.0263
0.026
0.032
0.0232
0.0266
0.0198
0.0253
0.0316
0.025
0.0216
0.028
0.0266
0.032
0.0291
0.0224
0.0198
0.02
0.0235
0.0224
0.0189
0.0185
0.0183
0.0184
0.0184
0.0181
0.0196
0.0193
0.0189
0.0273
0.0208
0.0367
0.0208
0.0292
0.0266
0.0317
0.023
0.0313
0.0256
0.023
0.0219
0.0203
0.0205
0.028
0.0211
0.0204
0.0192
0.0205
0.0201
0.0187
0.0185
0.0273
0.0394
0.0224
0.0256
0.0271
0.0255
0.0223
0.0194
0.0204
0.0328
0.0285
0.026
0.0303
0.0375
0.0223
0.0198
0.0206
0.0205
0.028
0.0197
0.0268
0.0218
0.0251
0.0285
0.0353
0.0343
0.0281
0.0219
0.0231
0.0393
0.0233
0.0271
0.0223
0.0197
0.0193
0.0198
0.0198
0.032
0.0322
0.0292
0.0293
0.0299
0.0241
0.0274
0.0311
0.0364
0.0232
0.0244
0.022
0.0205
0.0327
0.023
0.0208
0.0215
0.0206
0.0262
0.0221
0.0226
0.0198
0.0186
0.0183
0.0276
0.0266
0.0205
0.0194
0.02
0.0196
0.0191
0.0199
0.0204
0.0191
0.0197
0.0199
0.0209
0.0204
0.0189
0.021
0.0208
0.02
0.0193
0.0208
0.0201
0.0208
0.0208
0.0208
0.0195
0.0215
0.0208
0.0186
0.0187
0.0187
0.0181
0.0187
0.0186
0.0202
0.0194
0.0193
0.0189
0.0201
0.0193
0.0199
0.0199
0.0198
0.0204
0.0201
0.0189
0.021
0.0201
0.0199
0.0186
0.0193
0.0194
0.02
0.0202
0.0199
0.0188
0.0214
0.0212
0.0189
0.0192
0.019
0.0188
0.0188
0.0182
0.02
0.0292
0.0258
0.0267
0.0243
0.0204
0.0198
0.0198
0.0207
0.0198
0.0194
0.0197
0.0212
0.0206
0.0202
0.0194
0.0206
0.02
0.0211
0.0204
0.0199
0.0258
0.0239
0.0204
0.0186
0.0188
0.0183
0.0181
0.0182
0.0185
0.0184
0.0193
0.0198
0.0188
0.0199
0.0201
0.0195
0.0194
0.0192
0.0192
0.0193
0.0184
0.0202
0.0237
0.0209
0.0197
0.0215
0.0226
0.0195
0.0192
0.0186
0.0185
0.0194
0.0198
0.0189
0.0185
0.0188
0.0187
0.0183
0.0184
0.019
0.0217
0.0214
0.0214
0.0237
0.0195
0.0193
0.0194
0.0193
0.0199
0.0194
0.0189
0.02
0.0211
0.0206
0.0202
0.0224
0.0233
0.0226
0.0219
0.0196
0.0191
0.0274
0.022
0.0204
0.0298
0.0221
0.0244
0.02
0.0193
0.0207
0.0225
0.0235
0.022
0.026
0.0215
0.0191
0.0188
0.0194
0.019
0.0191
0.0187
0.02
0.0214
0.0208
0.0195
0.0218
0.0234
0.0282
0.0211
0.0209
0.0194
0.021
0.021
0.0195
0.0223
0.0215
0.0191
0.0189
0.0186
0.0189
0.0207
0.0215
0.0195
0.0212
0.0213
0.0205
0.0195
0.0196
0.019
0.0194
0.0187
0.02
0.0215
0.0207
0.0199
0.0222
0.0228
0.0218
0.0202
0.0189
0.0193
0.0202
0.0201
0.0209
0.0194
0.0188
0.0199
0.019
0.0193
0.0189
0.0223
0.0221
0.0203
0.0216
0.0219
0.0198
0.0195
0.0193
0.019
0.0196
0.0182
0.0195
0.0203
0.0207
0.0194
0.0217
0.0215
0.0211
0.0209
0.02
0.0192
0.0208
0.0204
0.0193
0.0189
0.0188
0.0185
0.0184
0.0182
0.0197
0.021
0.0214
0.019
0.0242
0.0206
0.0204
0.0202
0.0197
0.0194
0.0192
0.0189
0.02
0.0203
0.0206
0.0191
0.0217
0.0195
0.0202
0.0201
0.0189
0.0183
0.0201
0.0197
0.0185
0.0185
0.0188
0.019
0.0186
0.0186
0.0203
0.0212
0.0219
0.0205
0.021
0.0216
0.0203
0.02
0.0193
0.0194
0.0199
0.0187
0.0198
0.0205
0.0209
0.0194
0.0217
0.0213
0.0221
0.0223
0.0189
0.0188
0.0201
0.0193
0.0182
0.0185
0.0185
0.0185
0.0183
0.018
0.0189
0.0211
0.0208
0.0204
0.0212
0.0218
0.0194
0.0194
0.0194
0.0205
0.0193
0.019
0.0199
0.0209
0.0198
0.0188
0.0205
0.0199
0.0208
0.0207
0.0205
0.0205
0.0238
0.0197
0.0189
0.0182
0.0276
0.0185
0.0179
0.018
0.0178
0.0191
0.0195
0.0188
0.0223
0.02
0.0197
0.0204
0.0193
0.0195
0.0191
0.0196
0.0208
0.0211
0.0198
0.0188
0.0197
0.0197
0.0197
0.0194
0.0189
0.0186
0.0195
0.0194
0.0192
0.0184
0.0183
0.0187
0.0189
0.0183
0.0182
0.0194
0.0194
0.0183
0.0196
0.0225
0.0195
0.02
0.0198
0.0196
0.019
0.0184
0.0197
0.0201
0.0198
0.0187
0.0194
0.0195
0.0195
0.0195
0.0185
0.0181
0.0196
0.0197
0.0185
0.0182
0.0179
0.0179
0.0183
0.018
0.0219
0.0195
0.0188
0.0187
0.0193
0.0201
0.0195
0.0198
0.02
0.0194
0.0192
0.0185
0.0192
0.0196
0.0199
0.0187
0.0195
0.0192
0.0195
0.0192
0.0194
0.0184
0.0204
0.0193
0.0187
0.0194
0.0186
0.0191
0.0185
0.0181
0.0185
0.0192
0.0193
0.0189
0.0193
0.0195
0.0196
0.0197
0.0201
0.0196
0.0212
0.0189
0.0256
0.02
0.0197
0.0193
0.0199
0.0193
0.0199
0.0196
0.0189
0.0195
0.0201
0.0194
0.0192
0.019
0.0186
0.0184
0.0184
0.0179
0.0286
0.026

--------------------------
CreateVideoDecoder_D3D11_1
--------------------------
14.2591

---------------------------
DestroyVideoDecoder_D3D11_1
---------------------------
0

----------------
First Frame Time
----------------
51.8537

--------------------------------------
VideoDecoderBeginFrame_WDDM2_4_D3D11_1
--------------------------------------
0.0082
0.0042
0.003
0.0027
0.0027
0.0027
0.0053
0.0017
0.0019
0.002
0.0016
0.0015
0.0015
0.0022
0.002
0.0016
0.0016
0.0029
0.0019
0.0027
0.0039
0.002
0.0017
0.0016
0.0019
0.0029
0.0028
0.0027
0.0034
0.0024
0.0023
0.0022
0.002
0.0017
0.0022
0.0027
0.0029
0.002
0.0022
0.5453
0.0026
0.0029
0.0031
0.0019
0.002
0.0028
0.0027
0.0021
0.002
0.0017
0.002
0.0016
0.0017
0.0015
0.0016
0.0016
0.0016
0.0015
0.0014
0.0018
0.0014
0.0015
0.0021
0.0027
0.0037
0.0019
0.0024
0.0029
0.0018
0.0021
0.0026
0.0025
0.0019
0.0018
0.0018
0.0017
0.0019
0.0016
0.0017
0.0014
0.0018
0.0016
0.0015
0.0015
0.0023
0.9447
0.002
0.0027
0.0025
0.0027
0.0023
0.0015
0.0021
0.0029
0.0045
0.0028
0.0028
0.0035
0.002
0.0018
0.0021
0.0018
0.0019
0.0017
0.0027
0.0018
0.002
0.0019
0.0023
0.0032
0.0027
0.002
0.0021
0.0046
0.0022
0.0021
0.002
0.0016
0.0015
0.0017
0.0017
0.0016
0.003
0.0025
0.0025
0.0023
0.0023
0.0027
0.0021
0.0039
0.0022
0.0024
0.0019
0.0018
0.0029
0.0021
0.0018
0.0016
0.0017
0.0029
0.0023
0.0063
0.0017
0.0015
0.0014
0.0026
0.0029
0.0018
0.0018
0.0018
0.0016
0.0016
0.0017
0.0016
0.0017
0.0016
0.0018
0.0016
0.0017
0.0017
0.0018
0.0018
0.0016
0.0016
0.0017
0.0018
0.0017
0.0018
0.0023
0.0018
0.0019
0.0017
0.0016
0.0016
0.0015
0.0016
0.0015
0.0017
0.0018
0.0017
0.0016
0.0016
0.0018
0.0016
0.0016
0.0017
0.0016
0.0017
0.0016
0.0015
0.0017
0.0019
0.0016
0.0015
0.0018
0.0015
0.0015
0.0016
0.0015
0.0015
0.002
0.0018
0.0016
0.0015
0.0015
0.0015
0.0015
0.0016
0.0014
0.0036
0.0021
0.0063
0.002
0.0021
0.0017
0.0017
0.0016
0.0015
0.0016
0.0014
0.0017
0.0018
0.0017
0.0016
0.0017
0.0015
0.0016
0.0016
0.0017
0.0025
0.003
0.0018
0.0017
0.0015
0.0016
0.0015
0.0014
0.0015
0.0014
0.0016
0.0017
0.0015
0.0016
0.0017
0.0015
0.0016
0.0016
0.0016
0.0015
0.0016
0.0016
0.0017
0.0015
0.0016
0.002
0.0018
0.0019
0.0016
0.0016
0.0014
0.0017
0.0016
0.0015
0.0015
0.0015
0.0015
0.0014
0.0016
0.0015
0.0018
0.0017
0.0017
0.0021
0.0018
0.0015
0.0015
0.0015
0.0014
0.0015
0.0015
0.0017
0.002
0.0016
0.0016
0.0018
0.0019
0.0019
0.0018
0.0017
0.0015
0.0036
0.0018
0.0017
0.0033
0.002
0.0023
0.0016
0.002
0.0016
0.0022
0.0019
0.0019
0.0023
0.0018
0.0016
0.0016
0.0016
0.0016
0.0015
0.0015
0.0016
0.0018
0.0017
0.0016
0.0018
0.002
0.0089
0.0017
0.0016
0.0017
0.0018
0.0017
0.0017
0.0017
0.0016
0.0016
0.0015
0.0016
0.0046
0.0018
0.0016
0.0017
0.0017
0.0017
0.0019
0.0016
0.0015
0.0016
0.0016
0.0016
0.0026
0.0018
0.0016
0.0017
0.0017
0.0018
0.0017
0.0017
0.0015
0.0015
0.0019
0.0016
0.0017
0.0016
0.0016
0.0015
0.0015
0.0017
0.0016
0.002
0.0017
0.0017
0.0018
0.0017
0.0019
0.0016
0.0016
0.0017
0.0015
0.0016
0.0017
0.0018
0.0017
0.0017
0.0018
0.0015
0.0022
0.0016
0.0016
0.0016
0.0018
0.0016
0.0015
0.0016
0.0015
0.0015
0.0015
0.0016
0.0016
0.0019
0.0017
0.0016
0.0017
0.0016
0.0017
0.0018
0.0016
0.0017
0.0016
0.0016
0.0018
0.0017
0.0017
0.0015
0.0019
0.0017
0.0016
0.0016
0.0014
0.0014
0.0016
0.0024
0.0015
0.0015
0.0016
0.0016
0.0015
0.0015
0.0014
0.0017
0.0017
0.0046
0.0018
0.0019
0.0018
0.0019
0.0016
0.0017
0.0016
0.0016
0.0017
0.0016
0.0017
0.0016
0.0018
0.0018
0.0019
0.0018
0.0016
0.0015
0.0018
0.0016
0.0015
0.0023
0.0015
0.0015
0.0015
0.0016
0.0015
0.0018
0.0016
0.0016
0.0017
0.0018
0.0018
0.0017
0.0016
0.0016
0.0015
0.0016
0.0017
0.0018
0.0016
0.0016
0.0018
0.0018
0.0017
0.0017
0.0017
0.0016
0.002
0.0017
0.0015
0.0016
0.0039
0.0016
0.0015
0.0015
0.0015
0.0015
0.0015
0.0017
0.0017
0.0018
0.0016
0.0019
0.0016
0.0016
0.0015
0.0016
0.0017
0.0018
0.0015
0.0015
0.0018
0.0015
0.0015
0.0017
0.0016
0.0015
0.0017
0.0016
0.0015
0.0015
0.0016
0.0016
0.0017
0.0016
0.0016
0.0017
0.0015
0.0017
0.0016
0.0016
0.0016
0.0015
0.0017
0.0016
0.0015
0.0015
0.0015
0.0017
0.0021
0.0017
0.0016
0.0016
0.0017
0.0017
0.0015
0.0016
0.0017
0.0016
0.0016
0.0015
0.0014
0.0015
0.0016
0.0015
0.0016
0.0016
0.0016
0.0015
0.0016
0.0016
0.0016
0.0016
0.0018
0.0017
0.0015
0.0016
0.0015
0.0017
0.002
0.0016
0.0016
0.0016
0.0017
0.0016
0.0015
0.0017
0.0017
0.0016
0.0014
0.0015
0.0014
0.0016
0.0015
0.0015
0.0015
0.0017
0.0016
0.0014
0.0017
0.002
0.0015
0.0018
0.0019
0.0015
0.0015
0.0016
0.0017
0.0017
0.0017
0.0015
0.0017
0.0016
0.0016
0.0017
0.0016
0.0018
0.0018
0.0015
0.0016
0.0026
0.0016
0.0016
0.0014
0.0015
0.0022
0.0028

----------------------------
VideoDecoderEndFrame_D3D11_1
----------------------------
0.0331
0.053
0.0811
0.0755
0.1051
0.0758
0.0526
0.0539
0.053
0.0519
0.0514
0.0508
0.0504
0.0511
0.0551
0.0508
0.0653
0.054
0.0511
0.0512
0.082
0.0506
0.0512
0.0496
0.0726
0.0783
0.0577
0.068
0.0557
0.0561
0.0533
0.0511
0.0512
0.0507
0.0718
0.0548
0.0786
0.0513
0.0709
0.0523
0.0548
0.0779
0.0555
0.0619
0.0562
0.072
0.0644
0.0613
0.0515
0.0527
0.0496
0.0603
0.0499
0.0509
0.0512
0.0501
0.0502
0.0505
0.0501
0.0509
0.0491
0.0499
0.0502
0.0516
0.0748
0.0512
0.0657
0.0545
0.0725
0.0512
0.0734
0.0541
0.0509
0.0504
0.0494
0.0504
0.0502
0.0501
0.051
0.0498
0.05
0.0498
0.0502
0.0501
0.075
0.0864
0.0515
0.0563
0.0747
0.0583
0.0513
0.0502
0.051
0.0745
0.0697
0.0643
0.0738
0.0813
0.0565
0.0499
0.0535
0.0497
0.0734
0.0521
0.0562
0.0619
0.0644
0.0525
0.0612
0.0806
0.0633
0.0506
0.0525
0.0781
0.0647
0.0638
0.0511
0.0506
0.0506
0.0511
0.0501
0.0751
0.0667
0.0652
0.0705
0.0749
0.0521
0.0695
0.0738
0.0697
0.0513
0.0526
0.0502
0.0497
0.0813
0.0543
0.0544
0.0625
0.0552
0.0574
0.0553
0.0575
0.0522
0.0526
0.0522
0.0566
0.0571
0.055
0.0516
0.0523
0.0537
0.052
0.0534
0.0513
0.0533
0.0526
0.0517
0.052
0.0527
0.0556
0.0562
0.0546
0.0525
0.0533
0.0539
0.0524
0.053
0.0534
0.0539
0.0535
0.0538
0.0528
0.0524
0.0517
0.0519
0.0522
0.0527
0.0536
0.0533
0.0537
0.0512
0.0537
0.066
0.0514
0.0508
0.0519
0.0528
0.0541
0.0514
0.0554
0.0549
0.0516
0.0511
0.0515
0.053
0.0513
0.0535
0.0719
0.0528
0.0523
0.0545
0.0561
0.0536
0.0519
0.0533
0.0546
0.0522
0.0541
0.0527
0.0583
0.0562
0.0566
0.0565
0.0534
0.0507
0.0524
0.0539
0.0529
0.0541
0.0529
0.0554
0.0521
0.0535
0.0516
0.0525
0.0533
0.0528
0.0537
0.0585
0.0578
0.0558
0.0523
0.0512
0.0518
0.0506
0.0532
0.0515
0.0532
0.052
0.053
0.0549
0.0512
0.0534
0.0512
0.0515
0.0519
0.0518
0.0524
0.0545
0.0523
0.0543
0.0531
0.0535
0.0539
0.0542
0.0565
0.053
0.0532
0.0524
0.0514
0.056
0.0539
0.0514
0.0523
0.0526
0.054
0.0524
0.0529
0.0529
0.0547
0.0561
0.0547
0.0571
0.0522
0.0514
0.0526
0.0527
0.051
0.0521
0.0544
0.0542
0.0531
0.0532
0.0557
0.0532
0.0591
0.0555
0.054
0.0527
0.0631
0.0573
0.0566
0.0543
0.0575
0.0558
0.0549
0.0554
0.0578
0.0568
0.0572
0.0567
0.0581
0.061
0.0519
0.0528
0.0519
0.0523
0.0529
0.0509
0.0528
0.0529
0.0533
0.0519
0.0541
0.0539
0.0585
0.0618
0.0548
0.0558
0.054
0.0532
0.0558
0.0528
0.0566
0.054
0.0548
0.0533
0.0539
0.0541
0.0557
0.0552
0.0531
0.0569
0.0545
0.0514
0.0526
0.0517
0.0515
0.054
0.0522
0.0526
0.0544
0.0533
0.0572
0.0539
0.0557
0.0579
0.0546
0.0531
0.0534
0.0534
0.0541
0.0516
0.0517
0.0524
0.0589
0.0536
0.0555
0.0543
0.0602
0.0586
0.056
0.054
0.0541
0.0528
0.0522
0.0533
0.0525
0.0532
0.053
0.0536
0.0548
0.0531
0.0515
0.0558
0.0581
0.0557
0.0558
0.0539
0.0527
0.0526
0.0529
0.0526
0.0516
0.0532
0.0527
0.0519
0.0516
0.0517
0.0553
0.0571
0.0532
0.0538
0.0534
0.0541
0.0532
0.0517
0.0564
0.0529
0.0522
0.0513
0.0581
0.0534
0.0625
0.0541
0.0514
0.0541
0.0518
0.0505
0.0515
0.0518
0.0517
0.0513
0.0524
0.053
0.0546
0.0529
0.0544
0.0543
0.0589
0.0575
0.0574
0.0552
0.0539
0.0537
0.052
0.0519
0.0528
0.0513
0.0518
0.052
0.0517
0.0525
0.0577
0.0588
0.0523
0.0602
0.0564
0.0517
0.052
0.0517
0.0516
0.051
0.0514
0.0518
0.0534
0.0531
0.0534
0.0523
0.0536
0.0561
0.0565
0.0567
0.0563
0.0526
0.0546
0.0515
0.0519
0.0519
0.0521
0.0537
0.053
0.0532
0.053
0.0552
0.0539
0.0545
0.0559
0.0545
0.0539
0.0556
0.0518
0.0511
0.0524
0.0532
0.0511
0.0534
0.0516
0.0537
0.0532
0.0515
0.0531
0.0553
0.053
0.0532
0.0528
0.0527
0.0513
0.0499
0.0492
0.0557
0.0504
0.0499
0.0505
0.051
0.0509
0.0498
0.0499
0.0497
0.0495
0.0502
0.049
0.0511
0.0509
0.049
0.0582
0.0489
0.0514
0.0504
0.0492
0.0496
0.0509
0.0495
0.05
0.0489
0.0506
0.0589
0.0554
0.0508
0.0512
0.05
0.053
0.0561
0.0491
0.0504
0.0495
0.0495
0.0507
0.05
0.0499
0.0495
0.0504
0.0498
0.0495
0.0503
0.0511
0.0512
0.0507
0.05
0.05
0.0504
0.0497
0.0505
0.0501
0.0497
0.0495
0.0489
0.0491
0.0504
0.049
0.0498
0.049
0.051
0.0506
0.05
0.0499
0.0514
0.0498
0.0511
0.0503
0.0503
0.0497
0.0497
0.0499
0.0508
0.0506
0.0507
0.0502
0.0498
0.0497
0.0499
0.05
0.05
0.0498
0.0496
0.0499
0.0505
0.049
0.0497
0.0494
0.0501
0.0496
0.0495
0.0487
0.05
0.0497
0.0494
0.0493
0.0502
0.0495
0.0494
0.0498
0.0496
0.0507
0.0495
0.0503
0.0498
0.05
0.0766
0.0587

---------------------------------
VideoDecoderSubmitBuffers_D3D11_1
---------------------------------
1.1378
0.777
1.645
1.2574
2.8855
2.5571
1.0583
2.0892
0.1941
0.1839
0.1917
0.3043
0.7921
0.8819
0.2041
0.1978
0.6376
0.2423
0.4421
0.9091
0.3701
0.2034
0.2965
0.9025
0.9982
0.3007
0.2467
0.238
0.2846
0.2299
0.225
0.4401
0.5518
0.7128
0.2652
0.2411
0.3017
0.2051
0.2412
0.1812
0.2328
0.3032
0.2394
0.1983
0.5113
0.275
0.2735
0.5972
0.8273
0.8476
0.356
0.837
0.7718
0.8651
0.8835
0.8794
0.8777
0.8762
0.8871
0.1939
0.1855
0.7755
0.5657
0.7095
0.3424
0.202
0.3709
0.5716
0.8866
0.7075
0.7451
0.231
0.2054
0.6705
0.6313
0.1945
0.3995
0.7522
0.823
0.9065
0.1925
0.1903
0.7752
0.9174
0.2674
0.3753
0.2006
0.2317
0.8047
0.2335
0.222
0.1823
0.1965
0.4982
0.4994
0.2476
0.2986
0.355
0.2035
0.7726
0.1932
0.1924
0.2675
0.1828
0.2426
0.2019
0.2167
0.3062
0.9205
0.316
0.2611
0.2058
0.738
0.9487
0.683
0.8583
0.8597
0.8622
0.8852
0.6816
0.7845
0.9302
0.2768
0.261
0.2692
0.4952
0.2163
0.3213
0.8954
0.3221
0.3481
0.224
0.1998
0.6603
0.4275
0.2058
0.1961
0.1948
0.1916
0.2566
0.2015
0.2085
0.1831
0.1795
0.1786
0.2346
0.2578
0.1885
0.1816
0.1901
0.1912
0.184
0.199
0.1925
0.1891
0.1979
0.1944
0.1996
0.1925
0.1843
0.2002
0.1991
0.1968
0.188
0.2016
0.1939
0.2026
0.221
0.2018
0.1945
0.2081
0.2023
0.1822
0.1799
0.1782
0.1773
0.1956
0.1773
0.1905
0.1891
0.1896
0.1853
0.1975
0.1897
0.1883
0.1919
0.1941
0.2012
0.1926
0.1833
0.1988
0.1985
0.1893
0.1794
0.1916
0.188
0.1936
0.202
0.1914
0.1843
0.2092
0.2148
0.1854
0.1864
0.1872
0.1847
0.1885
0.1808
0.1849
0.2838
0.2302
0.2217
0.2216
0.1983
0.1939
0.1925
0.1927
0.1913
0.1908
0.186
0.2027
0.1976
0.2003
0.1854
0.1952
0.1924
0.2144
0.1968
0.1885
0.2339
0.237
0.1931
0.1812
0.1812
0.1817
0.177
0.1793
0.179
0.1795
0.1934
0.1935
0.1842
0.1929
0.1986
0.1903
0.1874
0.1888
0.1919
0.1895
0.1799
0.1944
0.2148
0.2017
0.207
0.2099
0.2204
0.1906
0.1908
0.1847
0.1815
0.2061
0.1946
0.1852
0.1832
0.183
0.1813
0.1855
0.1845
0.1814
0.2108
0.2073
0.2027
0.2293
0.1968
0.1888
0.1936
0.1879
0.194
0.1879
0.181
0.1938
0.2089
0.2019
0.1961
0.2109
0.2229
0.2195
0.2207
0.1885
0.1866
0.2611
0.21
0.1917
0.2797
0.1992
0.2392
0.1942
0.1984
0.1981
0.2226
0.2246
0.2129
0.2563
0.2123
0.1891
0.1859
0.1894
0.1913
0.1893
0.1827
0.1933
0.2095
0.2013
0.1928
0.2082
0.2268
0.2293
0.2173
0.1935
0.1855
0.2064
0.2026
0.1921
0.1991
0.1911
0.1855
0.1854
0.1843
0.1846
0.2043
0.2081
0.1906
0.2035
0.2148
0.2013
0.1895
0.1911
0.1934
0.1889
0.1809
0.194
0.2054
0.2011
0.1922
0.2123
0.2204
0.2129
0.1999
0.1924
0.185
0.1978
0.1952
0.1885
0.1965
0.1858
0.1883
0.1878
0.194
0.1856
0.218
0.2184
0.1986
0.2166
0.2133
0.1958
0.1912
0.1887
0.1897
0.1895
0.1796
0.1924
0.2029
0.2039
0.189
0.2087
0.2149
0.2261
0.2031
0.1911
0.1851
0.2098
0.1983
0.1846
0.1834
0.1893
0.1876
0.186
0.1809
0.1819
0.2045
0.2063
0.1855
0.2045
0.2006
0.2049
0.1971
0.1918
0.1894
0.1872
0.1795
0.1934
0.2056
0.2006
0.1877
0.2091
0.1895
0.1937
0.1943
0.1857
0.1781
0.1955
0.1946
0.1824
0.1815
0.1893
0.1833
0.1833
0.1877
0.1893
0.216
0.2153
0.2005
0.2121
0.2138
0.198
0.195
0.1884
0.1885
0.1871
0.1799
0.1925
0.2024
0.2026
0.1922
0.2077
0.2108
0.2134
0.2135
0.1855
0.1778
0.1926
0.1891
0.1798
0.183
0.1793
0.181
0.1861
0.179
0.1841
0.2028
0.1986
0.1936
0.2139
0.2119
0.1899
0.1953
0.1903
0.1953
0.1877
0.1844
0.1924
0.1989
0.1938
0.1833
0.1977
0.1931
0.203
0.2031
0.1989
0.1901
0.2278
0.1912
0.1802
0.1777
0.2082
0.1777
0.1776
0.1813
0.1776
0.1901
0.1932
0.1839
0.2
0.195
0.1946
0.2154
0.19
0.1905
0.3279
0.905
0.5049
0.4576
0.747
0.8827
0.484
0.7536
0.5895
0.663
0.8505
0.924
0.188
0.1863
0.8742
0.1774
0.7153
0.8866
0.9136
0.1739
0.7416
0.6623
0.8567
0.1764
0.4391
0.1909
0.3269
0.6495
0.1971
0.1849
0.1841
0.7349
0.7246
0.1907
0.1889
0.7255
0.5339
0.7817
0.5394
0.7265
0.852
0.8714
0.4271
0.7825
0.906
0.1767
0.7695
0.1888
0.741
0.8867
0.8967
0.7045
0.1817
0.6224
0.5869
0.7275
0.1876
0.2469
0.2542
0.1885
0.4542
0.8596
0.7866
0.1914
0.1916
0.723
0.7446
0.1891
0.415
0.7351
0.8982
0.179
0.5527
0.1874
0.6419
0.9196
0.1767
0.6471
0.8722
0.928
0.1756
0.5116
0.7877
0.8811
0.1872
0.1861
0.6572
0.192
0.193
0.4827
0.1857
0.6262
0.5135
0.5176
0.188
0.6063
0.5257
0.7783
0.5358
0.7242
0.8555
0.8798
0.4049
0.8338
0.1812
0.6768
0.8787
0.8748
0.9295
0.8657
1.0149
0.247

