---------------------------------------------
CalcPrivateVideoDecoderOutputViewSize_D3D11_1
---------------------------------------------
0.0021
0.0015
0.0012
0.001
0.0017
0.0014
0.0028
0.0014
0.0024
0.0016
0.0025
0.0009
0.0016
0.0018
0.001
0.0008
0.0009
0.0009
0.0006
0.0016
0.0006
0.0006
0.001
0.0008
0.0006
0.0006
0.0006
0.0006
0.0016
0.0007
0.0014
0.0014
0.001
0.0013
0.0008
0.0009
0.0007
0.0007
0.0006
0.0007
0.0007
0.0012
0.0018
0.0008
0.0006
0.0006
0.0005
0.0008
0.0007
0.0009
0.0007
0.0007
0.0006
0.0006
0.0005
0.0006
0.0006
0.0006
0.0006
0.0006
0.0007
0.0006
0.0006
0.0025
0.0011
0.0011
0.0015
0.002
0.0011
0.0011
0.0009
0.0009
0.0008
0.0008
0.0006
0.0006
0.0007
0.0006
0.0007
0.0006
0.0006
0.0005
0.001
0.0006
0.0014
0.0015
0.0012
0.0009
0.0008
0.0008
0.0007
0.0009
0.0008
0.0007
0.0022
0.0007
0.0008
0.0007
0.001
0.001
0.0009
0.0008
0.0008
0.0008
0.0007
0.0009
0.0008
0.0007
0.0008
0.0008
0.0008
0.0007
0.0012
0.0008
0.0007
0.0008
0.0007
0.001
0.0007
0.0006
0.0006
0.0007
0.0007
0.0006
0.0006
0.0006
0.0007
0.0006
0.0007
0.0007
0.0012
0.0015
0.0009
0.0011
0.0008
0.0015
0.0007
0.0006
0.0009
0.0008
0.0007
0.0054
0.0007
0.0007
0.0007
0.0007
0.0006
0.0007
0.0008
0.0009
0.0008
0.001
0.0005
0.0015
0.001
0.0008
0.0008
0.0006
0.0006
0.0006
0.0008
0.0007
0.0008
0.0008
0.0009
0.0009
0.0009
0.0009
0.0008
0.0007
0.0007
0.0007
0.0007
0.0008
0.0009
0.0007
0.0007
0.0006
0.0007
0.0006
0.0007
0.0006
0.0006
0.0006
0.0008
0.0007
0.0006
0.0006
0.0007
0.0006
0.0007
0.0006
0.0008
0.0011
0.0015
0.0015
0.0011
0.0013
0.0009
0.0008
0.0007
0.0007
0.0006
0.0006
0.0005
0.0007
0.0006
0.0006
0.0006
0.0005
0.0006
0.0093
0.0009
0.0007
0.0006
0.0006
0.0006
0.0006
0.0006
0.0009
0.0008
0.0006
0.0006
0.0007
0.0007
0.0008
0.0007
0.0015
0.0008
0.0007
0.0008
0.0008
0.0007
0.001
0.0006
0.0006
0.0006
0.0007
0.0006
0.0006
0.0007
0.0006
0.0007
0.0006
0.0007
0.0007
0.0007
0.0007
0.0006
0.0006
0.0009
0.0006
0.0006
0.0006
0.0006
0.0015
0.0015
0.0007
0.0006
0.0007
0.0006
0.0007
0.0008
0.0006
0.0007
0.0006
0.0006
0.0006
0.0006
0.0006
0.0007
0.0006
0.0006
0.0006
0.0006
0.0006
0.0012
0.0013
0.0008
0.0006
0.0007
0.0006
0.0007
0.0006
0.0007
0.0006
0.0006
0.0007
0.0006
0.0006
0.0007
0.0005
0.0007
0.0007
0.0006
0.0011
0.0006
0.0015
0.0014
0.0007
0.0017
0.0011
0.0008
0.0009
0.0009
0.0006
0.0007
0.0006
0.0006
0.0007
0.0006
0.0006
0.0008
0.0007
0.0006
0.0006
0.0026
0.0006
0.0006
0.0006
0.0006
0.0006
0.0008
0.0008
0.0015
0.0008
0.0009
0.0009
0.0009
0.0006
0.0006
0.0007
0.0007
0.0006
0.0006
0.0006
0.0006
0.0005
0.0007
0.0006
0.0006
0.0005
0.0006
0.0005
0.0006
0.0006
0.0008
0.0007
0.0008
0.0009
0.0006
0.0006
0.0006
0.0006
0.0008
0.0006
0.0006
0.0007
0.0006
0.0007
0.0007
0.0008
0.0006
0.0008
0.0008
0.0006
0.0005
0.0006
0.0007
0.0006
0.0036
0.0009
0.0007
0.0007
0.0006
0.0006
0.0006
0.0008
0.0006
0.0005
0.0007
0.0006
0.0006
0.0006
0.0006
0.0017
0.0014
0.001
0.001
0.0009
0.0007
0.0006
0.0007
0.0008
0.001
0.0007
0.0008
0.0007
0.0006
0.0006
0.0007
0.0007
0.0013
0.0011
0.0008
0.0015
0.001
0.0013
0.001
0.0008
0.0009
0.0006
0.0007
0.0005
0.0006
0.0006
0.0007
0.0007
0.0008
0.0005
0.0008
0.0006
0.0007
0.0006
0.0006
0.0006
0.0007
0.0008
0.0006
0.0007
0.0006
0.0006
0.0007
0.0006
0.0007
0.0006
0.0007
0.0005
0.0007
0.0006
0.0009
0.0006
0.0006
0.0006
0.0006
0.0007
0.0007
0.0006
0.0006
0.0006
0.0006
0.0007
0.0008
0.0007
0.0006
0.0007
0.0006
0.0006
0.0009
0.0006
0.0007
0.0006
0.0007
0.0005
0.0007
0.0006
0.0007
0.0006
0.0007
0.0005
0.0017
0.001
0.0011
0.0009
0.0178
0.001
0.0008
0.0007
0.0007
0.0007
0.0006
0.0006
0.0008
0.0008
0.0007
0.0007
0.0006
0.0007
0.0007
0.0006
0.0008
0.0006
0.0015
0.0011
0.0007
0.0007
0.0007
0.0006
0.0007
0.0007
0.0007
0.0006
0.0006
0.0005
0.0006
0.0005
0.0006
0.0007
0.0007
0.0006
0.0006
0.0007
0.0006
0.0006
0.0006
0.0006
0.0006
0.0008
0.0006
0.0006
0.0007
0.0007
0.0006
0.0007
0.0006
0.0006
0.0008
0.0006
0.0007
0.0006
0.0006
0.0007
0.0007
0.0007
0.0006
0.0007
0.0007
0.0006
0.0007
0.0007
0.0041
0.0007
0.0006
0.0006
0.0006
0.0006
0.0006
0.0007
0.0006
0.0006
0.0006
0.0007
0.0006
0.0006
0.0006
0.0007
0.0008
0.0006
0.0017
0.0012
0.0008
0.0009
0.002
0.0009
0.0008
0.0007
0.0007
0.0007
0.0007
0.0007
0.0007
0.001
0.0007
0.0007
0.0006
0.0006
0.0007
0.0007
0.0007
0.0006
0.0009
0.0007
0.0006
0.0009
0.0006
0.0011
0.0006
0.0007
0.0006
0.0007
0.0006
0.0009
0.0008
0.0006
0.0007
0.0007
0.0006
0.0007
0.0005
0.0006

-----------------------
CodechalDecode::Execute
-----------------------
2.1386
0.6866
0.6331
0.6107
0.6219
0.7182
0.8995
0.6984
0.6746
0.5571
0.7088
0.5615
0.6396
0.5424
0.5663
0.5102
2.88
2.6851
2.4973
0.4619
0.4703
0.4593
2.2085
0.537
0.3722
0.3711
0.3748
0.3851
0.4024
0.4024
0.5841
1.4654
0.4189
0.3889
0.3736
0.3669
0.3718
0.3678
0.3829
0.3818
0.381
0.3998
0.3697
0.3683
0.3693
0.3748
0.3913
0.3994
0.4001
0.411
0.4113
0.3719
0.3746
0.3747
0.3786
0.4289
0.3911
0.3899
0.3881
0.4059
0.407
0.395
0.3913
0.7145
0.3685
0.3791
0.4097
0.4712
0.3777
0.3744
0.3656
0.368
0.3751
0.367
0.365
0.3658
0.3703
0.369
0.3744
0.3643
0.3673
0.3652
0.3863
0.3714
0.3751
0.4153
0.3873
0.3677
0.4112
0.3598
0.3569
0.3631
0.3616
0.355
0.358
0.3559
0.354
0.694
3.6953
0.4118
0.3787
0.3671
0.3649
0.3675
0.368
0.675
6.0198
0.3765
0.365
0.5975
2.7506
0.3983
0.3923
0.3728
0.3646
0.3632
0.3621
0.3633
0.3749
0.3626
0.3613
0.365
0.3615
0.3644
0.3715
0.3648
0.3716
0.3768
0.3731
0.3683
0.7991
3.6135
0.3891
0.3787
0.3647
0.3677
0.3689
0.3692
0.3789
0.3693
0.3714
0.3752
0.3609
0.3635
0.3566
0.3608
0.3623
0.3678
0.3724
0.3836
0.3885
0.3781
0.3579
0.4211
0.3917
0.4132
0.3627
0.3582
0.3594
0.3532
0.3594
0.3586
0.3642
0.722
3.2289
0.3974
0.3799
0.3594
0.3604
0.3669
0.3585
0.3927
0.3801
0.3711
0.3624
0.3538
0.3505
0.3501
0.3565
0.3619
0.3576
0.3592
0.3642
0.3645
0.3706
0.374
0.3795
0.3793
0.3895
0.3793
0.3768
0.3849
0.3705
0.3647
0.4363
0.4399
0.3626
0.3888
0.392
0.4092
0.3524
0.3555
0.3564
0.3513
0.364
0.3585
0.3579
0.3592
0.3609
0.3569
0.3642
0.3674
0.3721
0.3599
0.3616
0.3616
0.3655
0.3689
0.3727
0.3815
0.3694
0.3663
0.3695
0.3708
0.3743
0.3779
0.3531
0.3524
0.3586
0.3399
0.3634
0.3572
0.357
0.3597
0.3604
0.3587
0.3588
0.3586
0.3633
0.3643
0.3662
0.3697
0.3719
0.3796
0.3892
0.3989
0.4081
0.3959
0.3866
0.3866
0.4158
0.3524
0.3538
0.3535
0.3735
0.4494
0.4308
0.3907
0.363
0.3645
0.3664
0.3794
0.3518
0.3623
0.3678
0.367
0.3538
0.3543
0.3572
0.355
0.3605
0.3603
0.3616
0.3634
0.3698
0.3739
0.3765
0.441
0.3994
0.357
0.3569
0.3537
0.3546
0.3582
0.368
0.3691
0.3768
0.3811
0.3857
0.4076
0.3723
0.3728
0.3726
0.3702
0.3893
0.3699
0.3807
0.4475
0.4124
0.3633
0.4486
0.389
0.3534
0.3631
0.358
0.3533
0.3556
0.3549
0.3577
0.3589
0.37
0.3618
0.3624
0.3563
0.3582
0.3594
0.3637
0.3708
0.3774
0.3899
0.378
0.3903
0.3774
1.3731
0.4122
0.3715
0.3661
0.3754
0.3417
0.3567
0.3615
0.3618
0.3541
0.3725
0.3637
0.3606
0.3619
0.3628
0.3641
0.3607
0.3653
0.3675
0.3713
0.3761
0.3855
0.4086
0.3689
0.3614
0.3648
0.3629
0.3605
0.3636
0.3594
0.3594
0.3769
0.361
0.3523
0.3561
0.3544
0.3561
0.3631
0.3412
0.3647
0.3771
0.3784
0.3595
0.3658
0.3622
0.3991
0.4194
0.397
0.3768
0.3665
0.3687
0.371
0.3704
0.3701
0.3645
0.3586
0.3616
0.3591
0.3588
0.3682
0.3746
0.3795
0.4585
0.3977
0.3816
0.3885
0.3719
0.3695
0.3691
0.3642
0.3686
0.3459
0.3617
0.3708
0.3752
0.3713
0.3702
0.3656
0.3629
0.4192
0.3941
0.3666
0.4071
0.3976
0.3801
0.3609
0.3612
0.3663
0.3614
0.3636
0.3605
0.361
0.3618
0.3612
0.3603
0.3681
0.3563
0.3655
0.3608
0.358
0.3607
0.3603
0.371
0.3669
0.3397
0.3564
0.3733
0.3657
0.3644
0.3642
0.3633
0.3636
0.3638
0.367
0.3703
0.3642
0.3701
0.3652
0.3685
0.3644
0.3579
0.3656
0.3625
0.3617
0.3671
0.3602
0.3604
0.358
0.3584
0.365
0.3659
0.359
0.3648
0.3649
0.3611
0.375
0.3572
0.338
0.3546
0.3602
0.3657
0.3626
0.3651
0.365
0.3609
0.364
0.3713
0.4553
0.3819
0.4036
0.3718
0.3727
0.3617
0.3619
0.3617
0.3624
0.3632
0.3607
0.3621
0.3748
0.3567
0.3547
0.351
0.3549
0.3652
0.3658
0.3577
0.3599
0.3561
0.4317
0.3517
0.364
0.3625
0.3648
0.3644
0.3727
0.3679
0.3671
0.3608
0.3601
0.359
0.362
0.3817
0.3652
0.3595
0.3678
0.3525
0.408
0.362
0.3596
0.3571
0.3631
0.3668
0.3619
0.3632
0.3618
0.3606
0.3651
0.3748
0.38
0.3912
0.4117
0.3764
0.3427
0.3616
0.3631
0.372
0.3598
0.3708
0.3869
0.3662
0.3568
0.3732
0.3586
0.3666
0.3842
0.3748
0.3814
0.3622
0.3602
0.3632
0.3653
0.3681
0.3669
0.3605
0.3569
0.3657
0.3634
0.3616
0.3627
0.3661
0.3577
0.3728
0.3791
0.3533
0.4505
0.3512
0.3631
0.3714
0.4718
0.389
0.3679
0.3628
0.3624
0.3712
0.3635
0.3669
0.3625
0.3661
0.3651
0.3604
0.3599
0.3613
0.362
0.3609
0.3637
0.3565
0.3806
0.3611
0.3563
0.3705
0.3622
0.3669
0.3605
0.3627
0.3634
0.3629
0.3629
0.3879
0.3658
0.3594
0.359
0.3554
0.3522
0.3561
0.3567
0.3508

---------------------------------------
CodechalDecodeHevcG12::DecodeStateLevel
---------------------------------------
0.5039
0.1902
0.2727
0.1801
0.2377
0.1765
0.2414
0.1701
0.2486
0.17
0.2636
0.1795
0.3156
0.2787
0.2352
0.201
0.2622
0.2356
0.2249
0.202
0.3177
0.1976
0.2111
0.2068
0.2679
0.2089
0.2078
0.2013
0.2273
0.213
0.1993
0.1821
0.1888
2.3133
0.1887
2.1961
0.1846
2.025
0.1863
0.1497
0.1782
0.1714
0.1838
0.1506
0.1967
1.7758
0.2161
0.1845
0.1422
0.116
0.1431
0.1165
0.1433
0.1167
0.1506
0.119
0.1538
0.1223
0.1498
0.1207
0.216
0.1904
0.1737
0.9778
0.1628
0.1301
0.1432
0.1155
0.1429
0.1178
0.1427
0.116
0.1395
0.1136
0.1397
0.1152
0.1452
0.124
0.1447
0.1183
0.1467
0.1183
0.1582
0.1179
0.1415
0.1155
0.1409
0.1153
0.1423
0.116
0.143
0.1169
0.1488
0.118
0.1514
0.1242
0.1567
0.1211
0.157
0.1295
0.1588
0.1233
0.145
0.1185
0.144
0.1174
0.1444
0.1169
0.1479
0.1181
0.1588
0.15
0.1524
0.1198
0.1494
0.1212
0.1487
0.1198
0.1566
0.1224
0.1598
0.1222
0.1524
0.1211
0.1508
0.1219
0.1619
0.3817
0.1445
0.1131
0.1465
0.1153
0.1567
0.1197
0.194
0.1213
0.1448
0.1164
0.1425
0.1172
0.1382
0.1151
0.1408
0.1145
0.1424
0.1186
0.1399
0.1174
0.1401
0.1149
0.1413
0.1158
0.1406
0.1201
0.1419
0.1174
0.1443
0.1179
0.1384
0.1162
0.1411
0.1171
0.1397
0.117
0.1452
0.1176
0.1418
0.1171
0.1442
0.1177
0.158
0.1211
0.1524
0.1162
0.1415
0.114
0.1379
0.1658
0.1406
0.1141
0.1373
0.1143
0.1398
0.1136
0.1391
0.1143
0.1371
0.113
0.136
0.1128
0.1366
0.1133
0.1362
0.1123
0.164
0.1275
0.1655
0.1233
0.1711
0.1197
0.1443
0.1166
0.1408
0.1179
0.141
0.1152
0.1414
0.116
0.143
0.1169
0.1521
0.1662
0.1458
2.6734
0.1459
0.1183
0.1397
0.1148
0.1479
0.1579
0.166
0.1159
0.1478
0.1172
0.1508
0.116
0.1452
0.1157
0.1394
0.1143
0.1382
0.1142
0.1393
0.1141
0.1401
0.1147
0.1404
0.1235
0.1377
0.1171
0.1392
0.1158
0.1409
0.1157
0.14
0.1153
0.1402
0.1155
0.1409
0.1213
0.1403
0.1173
0.1437
0.1171
0.1433
0.1198
0.1469
0.1173
0.141
0.1171
0.1648
0.1607
0.1658
0.1218
0.1435
0.1178
0.1431
0.1166
0.141
0.1165
0.1419
0.1175
0.142
0.1163
0.1429
0.1168
0.1475
0.1185
0.1431
0.1149
0.1439
0.1173
0.1445
0.1166
0.1383
0.1151
0.1396
0.1179
0.1372
0.1156
0.1394
0.1159
0.1394
0.1172
0.1444
0.1164
0.1432
0.117
0.1478
0.1251
0.1536
0.12
0.1396
0.1151
0.1381
0.114
0.1559
0.132
0.1565
0.1224
0.141
0.1546
0.1385
0.1155
0.1373
0.114
0.1389
0.1141
0.1364
0.1134
0.1378
0.1146
0.1391
0.1138
0.1394
0.1156
0.1676
0.1385
0.166
0.1227
0.1488
0.1234
0.1464
0.1192
0.1366
0.1173
0.139
0.1162
0.1436
0.1161
0.1383
0.1162
0.1414
0.1411
0.1466
0.1173
0.1429
0.119
0.1381
0.1147
0.1365
0.1123
0.1345
0.114
0.1353
0.1126
0.1368
0.113
0.1411
0.1157
0.1383
0.1148
0.1377
0.1143
0.1423
0.1156
0.1396
0.1174
0.1437
0.1158
0.1445
0.1184
0.1456
0.1184
0.1456
0.1168
0.1494
0.1267
0.1461
0.1191
0.1447
0.1172
0.1488
0.1201
0.1428
0.1172
0.1393
0.1171
0.1719
0.1221
0.1751
0.1218
0.1421
0.1109
0.1506
0.1169
0.1535
0.1186
0.1591
0.1223
0.1365
0.1134
0.1368
0.1133
0.137
0.1134
0.135
0.1143
0.1359
0.1246
0.1374
0.116
0.1374
0.1155
0.1381
0.1165
0.1398
0.1148
0.1375
0.116
0.1405
0.1172
0.1397
0.1144
0.1394
0.1209
0.1392
0.1149
0.1389
0.1154
0.1402
0.1163
0.1418
0.1157
0.1425
0.117
0.1446
0.1177
0.1474
0.1203
0.141
0.1173
0.1396
0.1168
0.1422
0.1169
0.1413
0.1177
0.1438
0.1187
0.1432
0.115
0.1362
0.1121
0.1356
0.1143
0.1375
0.1134
0.1316
0.1073
0.1374
0.1197
0.1365
0.1137
0.135
0.1153
0.1385
0.1146
0.1388
0.1166
0.1383
0.1151
0.1389
0.1161
0.1404
0.1139
0.1411
0.1154
0.1389
0.1172
0.1395
0.1163
0.1415
0.1164
0.1432
0.117
0.1439
0.1225
0.1514
0.1183
0.1542
0.1229
0.1582
0.1241
0.153
0.1207
0.1503
0.1208
0.1496
0.1199
0.1608
0.1216
0.1355
0.1136
0.136
0.1151
0.1367
0.1131
0.1373
0.1153
0.1845
0.1198
0.1701
0.1175
0.1574
0.1156
0.1424
0.1163
0.1414
0.115
0.1401
0.1175
0.146
0.1178
0.1356
0.1103
0.1394
0.1167
0.1429
0.1165
0.1406
0.1156
0.1367
0.1145
0.1367
0.115
0.1373
0.1143
0.1364
0.1154
0.1383
0.115
0.1375
0.114
0.1382
0.1165
0.1375
0.1174
0.1422
0.1165
0.1424
0.119
0.1454
0.1157
0.1795
0.1177
0.1615
0.1148
0.1367
0.1142
0.1358
0.1133
0.1343
0.1136
0.1348
0.1141
0.1362
0.113
0.1414
0.1167
0.1408
0.1166
0.1443
0.1176
0.1452
0.1204
0.1488
0.1194
0.1592
0.1215
0.1434
0.1182
0.1445
0.1173
0.1432
0.1157
0.1414
0.1185
0.1512
0.1183
0.1427
0.1127
0.1466
0.1202
0.1817
0.1202
0.1646
0.1157
0.1395
0.1163
0.1788
0.1224
0.1501
0.1179
0.1371
0.1129
0.1394
0.1129
0.1364
0.113
0.1368
0.114
0.1362
0.1152
0.1365
0.1144
0.1371
0.1149
0.1384
0.1151
0.1388
0.121
0.1385
0.1165
0.1395
0.1164
0.1384
0.1142
0.1377
0.1141
0.1359
0.1157
0.1388
0.1145
0.1391
0.116
0.147
0.1177
0.1537
0.1174
0.1457
0.1177
0.1509
0.1192
0.1406
0.116
1.0872
0.1246
0.1574
0.1215
0.1423
0.1155
0.1408
0.1168
0.1462
0.1147
0.1314
0.1107
0.1366
0.1142
0.1388
0.1137
0.1369
0.1139
0.1337
0.1139
0.1417
0.1156
0.1381
0.1134
0.1371
0.1152
0.1388
0.1163
0.1379
0.114
0.139
0.1157
0.1391
0.1151
0.1404
0.1162
0.1394
0.1168
0.1431
0.1177
0.1455
0.1169
0.1499
0.1198
0.16
0.1238
0.1416
0.1154
0.1387
0.116
0.1394
0.1154
0.1385
0.1158
0.1387
0.1158
0.1377
0.1155
0.137
0.1164
0.1377
0.1167
0.1544
0.1134
0.1364
0.1181
0.1347
0.1133
0.1363
0.1145
0.1354
0.1128
0.1368
0.1145
0.1383
0.1162
0.1319
0.1085
0.1409
0.1151
0.1395
0.1284
0.1412
0.1157
0.1379
0.1155
0.139
0.1154
0.1387
0.1154
0.1743
0.1186
0.1644
0.1413
0.1574
0.1289
0.143
0.1167
0.1395
0.1161
0.1391
0.1156
0.1383
0.1145
0.1389
0.1161
0.1395
0.1151
0.1397
0.1144
0.1362
0.1144
0.1358
0.1136
0.1352
0.114
0.1354
0.1136
0.1377
0.1139
0.1412
0.1181
0.1426
0.118
0.1872
0.1218
0.1436
0.1183
0.1471
0.1169
0.1448
0.1171
0.1396
0.1169
0.1405
0.1158
0.1391
0.1153
0.139
0.1165
0.142
0.1159
0.1331
0.1099
0.1381
0.1155
0.1401
0.1166
0.141
0.1163
0.1411
0.1169
0.1404
0.1167
0.1414
0.1154
0.1386
0.1167
0.1661
0.1226
0.1621
0.1166
0.1385
0.114
0.1573
0.1196
0.1524
0.1276
0.1467
0.1168
0.1391
0.1149
0.1383
0.1155
0.1414
0.1161
0.1391
0.1152
0.14
0.1156
0.138
0.1157
0.1393
0.1146
0.1391
0.1151
0.1389
0.1173
0.1385
0.1165
0.1406
0.1143
0.1365
0.1146
0.1394
0.1159
0.1381
0.1151
0.1368
0.1146
0.1374
0.1157
0.1394
0.115
0.1429
0.1172
0.141
0.1167
0.1311
0.107
0.1366
0.1147
0.1371
0.1153
0.1383
0.115
0.1406
0.1159
0.1398
0.1137
0.1388
0.1173
0.1387
0.1165
0.1395
0.1159
0.1411
0.1168
0.1422
0.1183
0.1396
0.1159
0.1393
0.1155
0.1409
0.1176
0.1446
0.1164
0.1417
0.1151
0.1367
0.1154
0.1382
0.116
0.1418
0.1144
0.1398
0.1156
0.1385
0.1165
0.1396
0.1154
0.1398
0.1156
0.1378
0.1151
0.1376
0.1152
0.1398
0.1148
0.1426
0.1155
0.1366
0.1155
0.1401
0.1162
0.1375
0.1158
0.1386
0.1158
0.1437
0.116
0.1381
0.1125
0.1305
0.1086
0.1356
0.1148
0.1391
0.1152
0.1396
0.1154
0.1395
0.1174
0.1417
0.1146
0.1397
0.115
0.1391
0.1151
0.1396
0.1166
0.1432
0.1154
0.1851
0.1216
0.1442
0.1183
0.1576
0.1206
0.1443
0.1172
0.1416
0.1168
0.1389
0.1159
0.1387
0.1164
0.139
0.116
0.1399
0.1156
0.1406
0.1178
0.1392
0.1171
0.1397
0.1157
0.1396
0.1133
0.1378
0.114
0.1383
0.1125
0.1344
0.1137
0.1362
0.1132
0.1397
0.1149
0.1419
0.1167
0.1375
0.1153
0.1393
0.1147
0.1372
0.1154
0.1663
0.1212
0.1353
0.1096
0.1412
0.1155
0.1385
0.1166
0.1387
0.1147
0.1392
0.1175
0.1446
0.1168
0.1392
0.1161
0.1423
0.1168
0.1382
0.1163
0.1381
0.1146
0.1377
0.1156
0.1383
0.1166
0.1433
0.121
0.1419
0.1159
0.1389
0.1156
0.1409
0.1164
0.1337
0.1147
0.1353
0.163
0.1375
0.113
0.1364
0.1133
0.1367
0.1142
0.1395
0.1147
0.1398
0.1156
0.1391
0.1157
0.1398
0.1153
0.1363
0.1156
0.1388
0.1157
0.1398
0.1167
0.142
0.1177
0.1458
0.1189
0.1514
0.1206
0.1577
0.1248
0.1448
0.1172
0.1323
0.1088
0.1394
0.1171
0.1399
0.1155
0.1406
0.1157
0.1385
0.1166
0.1423
0.1178
0.1398
0.1159
0.1454
0.114
0.1369
0.1138
0.14
0.1137
0.1385
0.115
0.1404
0.1151
0.1548
0.1157
0.1432
0.1199
0.1528
0.1194
0.1385
0.1146
0.1377
0.1155
0.139
0.1155
0.1392
0.1154
0.1414
0.1171
0.1423
0.1154
0.1389
0.1147
0.1368
0.1147
0.1415
0.1158
0.1386
0.1156
0.139
0.1161
0.1392
0.1159
0.1424
0.1152
0.137
0.1164
0.1385
0.1244
0.1396
0.1285
0.1351
0.1142
0.1821
0.1193
0.1358
0.1076
0.1383
0.1154
0.1431
0.1152
0.1928
0.1228
0.1467
0.1178
0.1412
0.1162
0.1377
0.116
0.138
0.1155
0.1407
0.1157
0.1396
0.1142
0.1404
0.117
0.1379
0.1161
0.1389
0.1169
0.1402
0.1173
0.1386
0.1159
0.1369
0.1161
0.1389
0.1158
0.1408
0.1153
0.1384
0.1159
0.1384
0.1158
0.137
0.1154
0.1444
0.1169
0.1385
0.115
0.1365
0.115
0.1411
0.1148
0.1375
0.1182
0.1403
0.1159
0.1381
0.1128
0.1403
0.1159
0.1392
0.116
0.1383
0.1148
0.1369
0.1177
0.1576
0.1164
0.1403
0.1172
0.1372
0.115
0.1368
0.114
0.1346
0.1133
0.134
0.1134
0.1345
0.1155
0.1351
0.1144
0.1329
0.1136

-------------------------------------
CodechalDecodeHevcG12::SetFrameStates
-------------------------------------
1.1831
0.1139
0.1094
0.088
0.1016
0.1585
0.1561
0.1411
0.0487
0.0357
0.0483
0.0357
0.0415
0.037
0.0329
0.0317
0.2699
0.2032
0.1919
0.0335
0.0316
0.0308
0.1317
0.0335
0.0314
0.0304
0.0304
0.0317
0.0346
0.0332
0.048
0.187
0.0369
0.0331
0.0324
0.0306
0.0314
0.0308
0.0305
0.0313
0.0326
0.0351
0.0321
0.0305
0.0305
0.0307
0.0328
0.032
0.0336
0.0337
0.0344
0.0305
0.0307
0.0311
0.0318
0.0313
0.0324
0.0326
0.0326
0.0363
0.0334
0.0328
0.0323
0.0393
0.025
0.0328
0.0377
0.0442
0.0329
0.0328
0.032
0.0311
0.0313
0.0304
0.0315
0.03
0.0306
0.0305
0.0308
0.0293
0.029
0.0302
0.0338
0.0306
0.0306
0.0372
0.0344
0.0313
0.0302
0.0302
0.0295
0.031
0.0301
0.03
0.031
0.0299
0.0306
0.2972
3.3036
0.0352
0.0347
0.0305
0.03
0.0305
0.0307
0.2489
3.1144
0.0311
0.0308
0.1878
2.373
0.0444
0.0351
0.0316
0.0314
0.0313
0.0305
0.0307
0.0308
0.0305
0.0303
0.0304
0.0303
0.0308
0.0312
0.0308
0.0317
0.0313
0.0315
0.0305
0.3499
3.2264
0.0402
0.0365
0.0304
0.0298
0.0316
0.0314
0.0309
0.0315
0.0309
0.0324
0.0305
0.0293
0.0296
0.03
0.0299
0.0301
0.0321
0.0311
0.0314
0.0391
0.0302
0.0371
0.0326
0.0304
0.0319
0.0304
0.0299
0.0287
0.0302
0.0298
0.0307
0.3084
2.8385
0.0352
0.0337
0.0303
0.0301
0.0303
0.0298
0.0311
0.0309
0.0303
0.0304
0.0294
0.0292
0.0291
0.0296
0.0298
0.0292
0.0298
0.0297
0.0305
0.031
0.0306
0.0313
0.032
0.0304
0.031
0.031
0.0315
0.0305
0.0301
0.0394
0.0401
0.0241
0.0343
0.0345
0.0367
0.0296
0.0302
0.0298
0.0293
0.0296
0.0297
0.0307
0.03
0.03
0.0292
0.0299
0.0324
0.0299
0.0298
0.0302
0.0291
0.0297
0.0304
0.0303
0.0306
0.03
0.0302
0.0302
0.0306
0.0305
0.0347
0.0291
0.0288
0.0302
0.0209
0.0294
0.03
0.0309
0.0303
0.0293
0.0298
0.0291
0.0289
0.0304
0.0294
0.0293
0.0303
0.0303
0.03
0.032
0.0327
0.0338
0.033
0.0314
0.0319
0.0354
0.0293
0.0288
0.0292
0.0421
0.0401
0.0393
0.0315
0.0289
0.0301
0.0296
0.0315
0.021
0.0299
0.0307
0.0315
0.0289
0.0292
0.0293
0.0289
0.0292
0.0299
0.0292
0.0291
0.0301
0.0311
0.0311
0.0378
0.032
0.0288
0.029
0.0297
0.0285
0.0293
0.0304
0.03
0.0315
0.0311
0.0314
0.0345
0.03
0.0303
0.0305
0.0298
0.0323
0.0229
0.0309
0.0394
0.0361
0.0299
0.0398
0.0348
0.0299
0.0311
0.0303
0.0286
0.0291
0.0287
0.0288
0.0295
0.0306
0.029
0.0298
0.0293
0.0295
0.0293
0.0305
0.0296
0.0309
0.0318
0.0311
0.0326
0.0346
0.0605
0.0381
0.0321
0.03
0.0315
0.021
0.029
0.0294
0.0312
0.0291
0.0346
0.0307
0.029
0.0292
0.0298
0.0322
0.0292
0.0296
0.0294
0.0303
0.0312
0.0313
0.0339
0.0312
0.0296
0.0302
0.0304
0.0295
0.0347
0.0303
0.0297
0.0306
0.0293
0.0287
0.0291
0.0291
0.0291
0.0305
0.0211
0.03
0.0301
0.0407
0.03
0.0348
0.0305
0.0291
0.0308
0.0305
0.0311
0.0297
0.0301
0.0347
0.0323
0.0338
0.0304
0.0289
0.0292
0.0323
0.029
0.033
0.0296
0.0372
0.0413
0.0474
0.0323
0.0319
0.0333
0.0302
0.0344
0.0303
0.0307
0.0209
0.0307
0.0305
0.0323
0.0306
0.0344
0.0298
0.0301
0.038
0.033
0.0311
0.0363
0.0325
0.0319
0.0302
0.0304
0.0302
0.0299
0.03
0.0299
0.0298
0.0298
0.0293
0.029
0.0306
0.0295
0.0307
0.0301
0.0299
0.0305
0.0298
0.0315
0.0299
0.0206
0.0287
0.039
0.0322
0.0298
0.0302
0.03
0.0324
0.0305
0.0304
0.0307
0.0298
0.0351
0.0298
0.0302
0.03
0.0293
0.0336
0.0299
0.0294
0.0342
0.0296
0.0294
0.029
0.0295
0.03
0.03
0.0295
0.0306
0.0347
0.0295
0.0316
0.0295
0.0197
0.0285
0.0292
0.0317
0.0294
0.0305
0.0303
0.0298
0.0301
0.0307
0.0385
0.0323
0.0372
0.0324
0.0333
0.0305
0.0302
0.0302
0.0304
0.0304
0.0303
0.0303
0.0434
0.0293
0.0294
0.0293
0.0293
0.0297
0.0307
0.0294
0.0299
0.0296
0.0397
0.0221
0.0298
0.0296
0.0318
0.0297
0.0306
0.0311
0.0301
0.0294
0.0297
0.0291
0.03
0.0358
0.0306
0.0296
0.0303
0.0287
0.0296
0.0309
0.0338
0.0297
0.0299
0.0339
0.0298
0.0299
0.0338
0.0296
0.0303
0.0361
0.0305
0.0324
0.0369
0.0312
0.0207
0.0291
0.0307
0.0364
0.0295
0.0311
0.031
0.0299
0.0294
0.0379
0.03
0.0308
0.0309
0.0305
0.0308
0.03
0.0302
0.0303
0.0307
0.0305
0.0314
0.0296
0.0293
0.0305
0.0303
0.0297
0.03
0.0308
0.0293
0.0296
0.0309
0.029
0.0399
0.022
0.0305
0.0315
0.0423
0.0391
0.0307
0.03
0.0309
0.0346
0.0304
0.0308
0.0297
0.0308
0.0297
0.0292
0.0295
0.03
0.0297
0.0297
0.0335
0.0288
0.0311
0.0295
0.0291
0.0306
0.0293
0.0306
0.0302
0.0293
0.0301
0.0299
0.0298
0.0307
0.0226
0.0297
0.0294
0.0303
0.0286
0.0293
0.0293
0.0288

--------------------------
CreateVideoDecoder_D3D11_1
--------------------------
17.7197

---------------------------
DestroyVideoDecoder_D3D11_1
---------------------------
0

----------------
First Frame Time
----------------
55.672

--------------------------------------
VideoDecoderBeginFrame_WDDM2_4_D3D11_1
--------------------------------------
0.008
0.0026
0.0026
0.0025
0.003
0.003
0.0048
0.0035
0.0059
0.0025
0.0043
0.0024
0.0028
0.0028
0.0021
0.0019
0.0021
0.0017
0.0017
0.0027
0.0017
0.0016
0.0021
0.0018
0.0018
0.0017
0.0019
0.0016
0.0029
0.0019
0.0028
0.0029
0.0023
0.0022
0.0018
0.0018
0.0016
0.0017
0.0017
0.0016
0.0017
0.0026
0.0027
0.0017
0.0017
0.0017
0.0017
0.0017
0.0018
0.0021
0.0019
0.0016
0.0017
0.0016
0.0016
0.0016
0.0018
0.0017
0.0017
0.0017
0.0018
0.0016
0.0016
0.0039
0.0021
0.0022
0.0027
0.0039
0.0023
0.0021
0.0017
0.0017
0.0019
0.0018
0.0016
0.0015
0.0018
0.0016
0.0019
0.0016
0.0015
0.0015
0.0023
0.0019
0.0018
0.0026
0.0021
0.0018
0.0016
0.0016
0.0016
0.0019
0.0017
0.0017
0.0029
0.0016
0.0016
0.0016
0.0023
0.0026
0.0021
0.0019
0.0017
0.0017
0.0019
0.0017
0.0016
0.0017
0.0017
0.0017
0.0017
0.002
0.0026
0.0019
0.0019
0.0017
0.0016
0.0015
0.0016
0.0017
0.0016
0.0016
0.0016
0.0015
0.0017
0.0015
0.0016
0.0017
0.0017
0.0017
0.0018
0.0028
0.0025
0.0022
0.0018
0.0017
0.0017
0.0016
0.0017
0.0016
0.0017
0.0059
0.0015
0.0017
0.0016
0.0016
0.0015
0.0015
0.0016
0.0017
0.0017
0.002
0.0015
0.0029
0.002
0.0017
0.0017
0.0016
0.0018
0.0017
0.0016
0.0016
0.0018
0.0019
0.0024
0.0047
0.0022
0.0017
0.0017
0.0016
0.0015
0.0019
0.0019
0.0016
0.0018
0.0025
0.0016
0.0017
0.0017
0.0016
0.0016
0.0016
0.0017
0.0016
0.0016
0.0016
0.0017
0.0018
0.0016
0.0017
0.0018
0.0017
0.0017
0.0022
0.0029
0.0031
0.0025
0.0023
0.002
0.0022
0.0016
0.0018
0.0015
0.0019
0.0018
0.0016
0.0014
0.0016
0.0017
0.0016
0.0019
0.0059
0.0015
0.0016
0.0016
0.0016
0.0016
0.0016
0.0017
0.0017
0.0017
0.0016
0.0018
0.0017
0.0017
0.0019
0.0016
0.0016
0.0016
0.0019
0.0015
0.0016
0.0016
0.0021
0.0015
0.0016
0.0015
0.0015
0.0016
0.0016
0.0017
0.0017
0.0016
0.0017
0.0018
0.0019
0.0018
0.0018
0.0018
0.0017
0.0023
0.0017
0.0016
0.0016
0.0016
0.0032
0.0034
0.0018
0.0016
0.0018
0.0017
0.0018
0.0019
0.0016
0.0017
0.0018
0.0016
0.0016
0.0016
0.0016
0.0016
0.0016
0.0017
0.0016
0.0016
0.0017
0.0021
0.0031
0.0024
0.0016
0.0017
0.0015
0.0015
0.0016
0.0023
0.0017
0.0017
0.0017
0.0017
0.0017
0.0019
0.0016
0.0017
0.0016
0.0018
0.002
0.0016
0.0031
0.0023
0.0017
0.003
0.0024
0.0019
0.0018
0.0017
0.0016
0.0016
0.0015
0.0015
0.0017
0.0016
0.0016
0.0017
0.0016
0.0016
0.0016
0.0035
0.0015
0.0017
0.0017
0.0016
0.0016
0.0018
0.0016
0.0029
0.0021
0.0018
0.0019
0.002
0.0017
0.0017
0.0016
0.0015
0.0015
0.0015
0.0016
0.0014
0.0015
0.0015
0.0015
0.0014
0.0015
0.0015
0.0017
0.0017
0.0017
0.0023
0.0017
0.0018
0.0016
0.0015
0.0016
0.0016
0.0017
0.0019
0.0016
0.0016
0.0016
0.0015
0.0016
0.0018
0.0018
0.0016
0.0017
0.0018
0.0016
0.0015
0.0016
0.0016
0.0017
0.0016
0.0019
0.0015
0.0016
0.0015
0.0016
0.0015
0.0018
0.0016
0.0016
0.0016
0.0018
0.0015
0.0015
0.0015
0.0032
0.0031
0.0021
0.0019
0.0017
0.0017
0.0015
0.0016
0.0019
0.0018
0.0015
0.0016
0.0015
0.0015
0.0018
0.0014
0.0015
0.0028
0.0022
0.0017
0.0026
0.002
0.002
0.0019
0.0016
0.002
0.0016
0.0019
0.0016
0.0016
0.0016
0.0016
0.0016
0.0017
0.0014
0.0016
0.0017
0.0016
0.0016
0.0016
0.0016
0.0017
0.0019
0.0016
0.0018
0.0017
0.0015
0.0016
0.0016
0.0016
0.0016
0.0015
0.0016
0.0016
0.0015
0.002
0.0017
0.0016
0.0017
0.0015
0.0016
0.0015
0.0016
0.0016
0.0016
0.0015
0.0015
0.0016
0.0016
0.0016
0.0017
0.0016
0.0015
0.002
0.0016
0.0016
0.0015
0.0015
0.0015
0.0017
0.0016
0.0017
0.0014
0.0017
0.0016
0.0027
0.002
0.0025
0.0021
0.0045
0.0017
0.0017
0.0017
0.0018
0.0016
0.0016
0.0016
0.0018
0.0016
0.0017
0.0016
0.0016
0.0015
0.0017
0.0016
0.0017
0.0016
0.0029
0.0019
0.0016
0.0016
0.0017
0.0016
0.0018
0.0017
0.0016
0.0015
0.0015
0.0016
0.0015
0.0016
0.0016
0.0016
0.0019
0.0017
0.0015
0.0018
0.0015
0.0016
0.0016
0.0015
0.0016
0.0015
0.0016
0.0015
0.0015
0.0015
0.0016
0.0017
0.0017
0.0018
0.0018
0.0016
0.0016
0.0015
0.0015
0.0017
0.0018
0.0015
0.0015
0.0019
0.0017
0.0016
0.0016
0.0016
0.0016
0.0017
0.0015
0.0017
0.0016
0.0015
0.0016
0.0015
0.0016
0.0024
0.0017
0.0017
0.0015
0.0016
0.0015
0.0016
0.0018
0.0015
0.0029
0.002
0.0017
0.0019
0.0035
0.0021
0.0017
0.0017
0.0016
0.0015
0.0016
0.0017
0.0016
0.0055
0.0016
0.0016
0.0016
0.0016
0.0016
0.0016
0.0015
0.0015
0.002
0.0016
0.0017
0.0017
0.0015
0.0019
0.0015
0.0016
0.0014
0.0016
0.0015
0.002
0.002
0.0015
0.0018
0.0016
0.0016
0.0016
0.0016
0.0015

----------------------------
VideoDecoderEndFrame_D3D11_1
----------------------------
0.0354
0.0542
0.0758
0.0981
0.1219
0.1224
0.1204
0.1046
0.143
0.0628
0.0671
0.0615
0.0665
0.0652
0.0643
0.0625
0.0536
0.0518
0.0551
0.0517
0.0546
0.0583
0.0585
0.0569
0.053
0.0533
0.0543
0.0541
0.0575
0.0787
0.074
0.0952
0.0733
0.0564
0.0555
0.055
0.0537
0.0553
0.0572
0.0548
0.0558
0.055
0.056
0.0547
0.0537
0.0542
0.0553
0.0569
0.0571
0.0598
0.0567
0.0539
0.0534
0.0546
0.0552
0.0572
0.0565
0.0561
0.0548
0.0563
0.0573
0.0563
0.0561
0.0888
0.0572
0.0559
0.055
0.0571
0.0536
0.0529
0.0521
0.0501
0.0505
0.0571
0.0545
0.0529
0.0554
0.054
0.0542
0.0519
0.0521
0.0533
0.054
0.0532
0.0541
0.062
0.0534
0.0524
0.0645
0.0499
0.0511
0.0504
0.0503
0.0526
0.053
0.0516
0.0521
0.0659
0.054
0.0791
0.0546
0.053
0.052
0.0525
0.053
0.0659
0.0508
0.0505
0.0767
0.072
0.0506
0.0782
0.0548
0.0528
0.0523
0.0518
0.0521
0.0523
0.0534
0.0517
0.0516
0.053
0.0527
0.0531
0.0523
0.0521
0.0559
0.0538
0.0523
0.0516
0.0593
0.0528
0.0833
0.0768
0.0555
0.0546
0.0521
0.0531
0.0533
0.054
0.0536
0.0564
0.0516
0.0529
0.0533
0.0533
0.0527
0.0533
0.0566
0.0546
0.0547
0.0531
0.0543
0.0578
0.0544
0.0701
0.0538
0.0525
0.0526
0.0524
0.0559
0.0513
0.0528
0.0551
0.0533
0.0835
0.0774
0.0525
0.0516
0.0517
0.0647
0.0545
0.0544
0.0541
0.053
0.0521
0.0524
0.0516
0.0516
0.0523
0.0553
0.0525
0.0531
0.0571
0.053
0.0558
0.0537
0.0541
0.0543
0.0599
0.0538
0.0566
0.0525
0.0548
0.0563
0.0587
0.0576
0.0574
0.0577
0.057
0.0524
0.0515
0.0531
0.0536
0.0526
0.0521
0.0519
0.0532
0.0524
0.0552
0.053
0.0545
0.0531
0.0524
0.0525
0.0537
0.0528
0.0563
0.0538
0.0543
0.0544
0.0528
0.0522
0.0533
0.0523
0.0553
0.0516
0.053
0.0515
0.0523
0.0524
0.0516
0.055
0.0544
0.0536
0.0543
0.0525
0.0518
0.0533
0.0532
0.0536
0.053
0.054
0.0581
0.0553
0.0585
0.0581
0.0571
0.055
0.0549
0.0572
0.0518
0.0521
0.0538
0.0549
0.0589
0.057
0.0527
0.0524
0.0522
0.0549
0.0537
0.0525
0.0588
0.053
0.0526
0.0529
0.0521
0.0518
0.0536
0.0528
0.0522
0.0537
0.0526
0.0537
0.0539
0.0558
0.0571
0.0548
0.0522
0.0528
0.0537
0.0542
0.0536
0.053
0.0554
0.0556
0.0537
0.0566
0.0569
0.0536
0.0544
0.0533
0.0567
0.0546
0.0548
0.0546
0.0577
0.055
0.0531
0.0605
0.0558
0.0513
0.055
0.0534
0.0539
0.0526
0.0526
0.0543
0.0525
0.0523
0.0524
0.0519
0.0524
0.0534
0.053
0.0555
0.0715
0.0516
0.0532
0.0552
0.0519
0.0505
0.058
0.0599
0.0535
0.0516
0.0524
0.0527
0.0515
0.0505
0.0527
0.0512
0.0513
0.0505
0.0511
0.0507
0.0511
0.0506
0.0511
0.0548
0.0526
0.0496
0.0511
0.0516
0.0659
0.0508
0.0503
0.0512
0.0513
0.051
0.0511
0.0504
0.0521
0.0522
0.0503
0.0503
0.0511
0.0581
0.0506
0.0501
0.0508
0.0507
0.0526
0.051
0.0515
0.0509
0.0504
0.052
0.0625
0.0767
0.0983
0.0521
0.0504
0.0515
0.0505
0.0511
0.0522
0.0509
0.0507
0.0525
0.0511
0.0504
0.0507
0.0678
0.0548
0.0513
0.0514
0.0519
0.0518
0.0514
0.0559
0.0513
0.0505
0.0495
0.0512
0.0508
0.0523
0.0502
0.0504
0.0511
0.0725
0.0563
0.0511
0.0552
0.0572
0.0549
0.0531
0.0508
0.0512
0.0513
0.0507
0.0509
0.0503
0.0501
0.0513
0.0512
0.0531
0.0513
0.0503
0.0516
0.0508
0.051
0.0505
0.0515
0.0519
0.0508
0.0506
0.0501
0.0504
0.053
0.0533
0.0515
0.0504
0.052
0.0528
0.0503
0.0521
0.0505
0.051
0.0517
0.0502
0.0513
0.0512
0.0514
0.0501
0.0511
0.0505
0.0508
0.0521
0.0507
0.0515
0.0523
0.0514
0.0673
0.0517
0.0505
0.0515
0.0501
0.0498
0.0508
0.0514
0.0516
0.0573
0.0505
0.0501
0.0503
0.05
0.0515
0.0676
0.0554
0.0724
0.0559
0.0534
0.0542
0.0528
0.0525
0.0539
0.0528
0.0523
0.0515
0.0515
0.0514
0.0518
0.0514
0.0523
0.0625
0.0512
0.05
0.053
0.052
0.0534
0.0604
0.0509
0.0517
0.051
0.0518
0.0518
0.0523
0.0505
0.0508
0.0502
0.0506
0.054
0.054
0.0515
0.0502
0.0508
0.052
0.0503
0.0522
0.0499
0.0518
0.051
0.0506
0.0505
0.0501
0.0508
0.0509
0.0501
0.0508
0.0509
0.0514
0.0524
0.0545
0.0517
0.0501
0.0506
0.0496
0.0508
0.051
0.0505
0.0522
0.0528
0.0516
0.0511
0.0499
0.0507
0.051
0.0518
0.0551
0.0502
0.0512
0.0506
0.0498
0.0524
0.0506
0.0508
0.0504
0.0506
0.0511
0.0511
0.0559
0.0502
0.0512
0.0526
0.0496
0.0508
0.0541
0.0512
0.0532
0.0508
0.0548
0.0517
0.0507
0.0504
0.0505
0.051
0.0509
0.0508
0.0502
0.0513
0.0506
0.0522
0.0514
0.0513
0.0516
0.0508
0.0501
0.0507
0.0555
0.0499
0.05
0.0517
0.0503
0.0517
0.0513
0.0514
0.0499
0.0514
0.052
0.051
0.0515
0.0502
0.0521
0.0516
0.0512
0.0512
0.0519
0.0515

---------------------------------
VideoDecoderSubmitBuffers_D3D11_1
---------------------------------
2.2477
0.7026
0.6477
0.6239
0.6384
0.7379
0.9257
0.7175
0.7002
0.5784
0.7342
0.5787
0.6614
0.5578
0.5805
0.5242
2.8943
2.699
2.5118
0.4763
0.4829
0.4722
2.2238
0.553
0.3859
0.3839
0.3876
0.3981
0.4167
0.4159
0.606
1.4881
0.4357
0.405
0.387
0.3801
0.3847
0.3808
0.3954
0.3948
0.394
0.4174
0.3845
0.3806
0.3819
0.3868
0.4043
0.4129
0.414
0.4252
0.4258
0.3845
0.3871
0.3871
0.3911
0.4426
0.405
0.4033
0.4013
0.4191
0.4206
0.4085
0.4042
0.7376
0.3885
0.3944
0.4288
0.4947
0.3928
0.3892
0.3797
0.3816
0.3885
0.3803
0.3777
0.3786
0.3822
0.3815
0.387
0.3763
0.3792
0.3776
0.4036
0.384
0.3879
0.4335
0.4029
0.382
0.4243
0.3725
0.3695
0.3777
0.3751
0.3676
0.3717
0.3687
0.3675
0.7079
3.7169
0.4284
0.3941
0.3802
0.3777
0.3812
0.3813
0.6919
6.0345
0.3906
0.3781
0.6154
2.7658
0.4155
0.4102
0.3874
0.378
0.3781
0.3753
0.3771
0.3882
0.3752
0.374
0.379
0.374
0.3782
0.3851
0.377
0.3842
0.3902
0.3861
0.3821
0.8168
3.6321
0.406
0.3943
0.3773
0.3806
0.3823
0.3818
0.3926
0.3825
0.3839
0.3895
0.3735
0.3763
0.3688
0.3738
0.3753
0.3805
0.3862
0.3965
0.4024
0.3932
0.3728
0.4405
0.4064
0.429
0.377
0.3707
0.3719
0.3653
0.3725
0.3719
0.3781
0.7395
3.2471
0.4143
0.395
0.3716
0.3724
0.3798
0.3706
0.4059
0.3937
0.3835
0.3769
0.3671
0.3623
0.3622
0.3692
0.3745
0.3701
0.3721
0.3765
0.377
0.3842
0.3866
0.3923
0.3926
0.4019
0.3922
0.3894
0.398
0.3827
0.3783
0.4561
0.4609
0.3797
0.4058
0.4076
0.4259
0.365
0.3685
0.3694
0.364
0.3759
0.3709
0.3704
0.3708
0.3735
0.3689
0.3763
0.3813
0.3845
0.3723
0.3743
0.3734
0.3775
0.3814
0.3856
0.3942
0.3823
0.3783
0.3817
0.3834
0.3877
0.3934
0.3659
0.3645
0.3722
0.3552
0.3758
0.37
0.3699
0.3725
0.3735
0.3712
0.3736
0.3707
0.3758
0.3764
0.3781
0.3825
0.3849
0.3923
0.4043
0.4125
0.422
0.4103
0.3998
0.4002
0.4487
0.3651
0.3674
0.3663
0.3856
0.4703
0.4527
0.4065
0.3752
0.3776
0.3784
0.3933
0.3669
0.3752
0.3814
0.3797
0.3656
0.3665
0.3698
0.3665
0.3723
0.3725
0.3742
0.3752
0.382
0.3864
0.3921
0.4606
0.4147
0.3691
0.3695
0.3655
0.3666
0.3711
0.38
0.3814
0.3903
0.3942
0.3983
0.4232
0.3851
0.3851
0.3857
0.3828
0.4043
0.3875
0.3941
0.4686
0.4307
0.3755
0.4711
0.4045
0.3659
0.3777
0.3717
0.3661
0.3676
0.3676
0.37
0.3711
0.3826
0.3745
0.3745
0.3687
0.3698
0.3714
0.3778
0.3837
0.3916
0.466
0.7602
0.7816
0.6576
1.8123
0.4318
0.3854
0.4066
0.3906
0.3569
0.369
0.3752
0.561
0.7965
0.789
0.6943
0.795
0.7795
0.7803
0.8029
0.8011
0.7663
0.8309
0.7823
0.7977
0.8015
0.8067
0.6591
0.7711
0.7106
0.7528
0.7738
0.8093
0.7781
0.3718
0.3913
0.3737
0.3645
0.5656
0.7911
0.7533
0.5278
0.3559
0.7167
0.5114
0.6622
0.7351
0.7812
0.6911
0.4116
0.5295
0.4141
0.392
0.4187
0.7407
0.8073
0.7528
0.7679
0.3795
0.371
0.3871
0.8175
0.7671
0.8
0.7982
0.8124
0.7459
0.7018
0.749
0.7089
0.7807
0.7672
0.7807
0.7727
0.5663
0.3905
0.8301
0.5421
0.755
0.8022
0.7884
0.7517
0.825
0.4385
0.41
0.3797
0.4262
0.413
0.3954
0.3738
0.7256
0.3796
0.3745
0.6181
0.7943
0.7399
0.8056
0.7776
0.7876
0.7515
0.8026
0.7511
0.8018
0.7671
0.7927
0.7659
0.8382
0.5165
0.3555
0.4368
0.8035
0.6851
0.8101
0.7271
0.7813
0.782
0.7888
0.7669
0.83
0.6313
0.7094
0.7358
0.3815
0.4523
0.7812
0.8035
0.7894
0.3745
0.5489
0.7768
0.3733
0.5536
0.785
0.846
0.7954
0.8368
0.7085
0.7936
0.7845
0.3904
0.3708
0.3526
0.5571
0.7854
0.8162
0.7724
0.7319
0.615
0.766
0.7426
0.8077
0.7812
0.6995
0.4219
0.3856
0.3916
0.3747
0.375
0.3741
0.3748
0.3758
0.3735
0.3761
0.3901
0.3696
0.3675
0.3637
0.3677
0.3778
0.3789
0.3706
0.3731
0.3689
0.4518
0.3675
0.3767
0.6021
0.7276
0.8115
0.7363
0.7226
0.7475
0.7936
0.7582
0.82
0.7587
0.8117
0.7939
0.3714
0.3828
0.4821
0.8485
0.6393
0.809
0.7777
0.3764
0.4834
0.7636
0.3759
0.5154
0.772
0.3782
0.5237
0.7684
0.4062
0.5076
0.6132
0.3574
0.3738
0.6884
0.794
0.804
0.3843
0.4021
0.3797
0.3699
0.471
0.3711
0.5393
0.8001
0.3877
0.5217
0.6772
0.7967
0.7256
0.7681
0.7695
0.7718
0.7281
0.8118
0.7418
0.744
0.7521
0.7692
0.7247
0.8051
0.7593
0.3944
0.6629
0.4728
0.3668
0.5557
0.3859
0.4941
0.4866
0.3816
0.3762
0.7076
0.5454
0.4442
0.3797
0.3754
0.6483
0.8089
0.7649
0.7941
0.754
0.8049
0.7547
0.8364
0.7881
0.3966
0.3738
0.495
0.3854
0.3745
0.3805
0.5504
0.3756
0.3764
0.3754
0.3753
0.4023
0.3833
0.3828
0.3719
0.3676
0.3641
0.3686
0.3696
0.3635

