---------------------------------------------
CalcPrivateVideoDecoderOutputViewSize_D3D11_1
---------------------------------------------
0.0023
0.0018
0.0014
0.0018
0.0013
0.0011
0.0015
0.0009
0.0009
0.0014
0.0007
0.0008
0.0008
0.0014
0.0008
0.0007
0.0009
0.0006
0.0008
0.0019
0.0006
0.0007
0.0009
0.0015
0.0008
0.0009
0.0008
0.0009
0.0016
0.0008
0.0007
0.0015
0.001
0.0008
0.0007
0.0009
0.001
0.0014
0.0009
0.0009
0.0007
0.0016
0.0018
0.0009
0.0007
0.0006
0.0015
0.001
0.0011
0.0009
0.0012
0.001
0.0008
0.0007
0.0007
0.0007
0.0009
0.0006
0.0006
0.0006
0.0006
0.0007
0.0006
0.0019
0.0007
0.0007
0.0008
0.0008
0.0007
0.0008
0.0011
0.0007
0.0006
0.0008
0.0006
0.0007
0.0006
0.0008
0.0006
0.0006
0.0007
0.0008
0.0007
0.0006
0.001
0.0005
0.0007
0.0007
0.0007
0.0006
0.0007
0.0008
0.0007
0.0007
0.0021
0.0007
0.0006
0.0006
0.0006
0.0006
0.0008
0.0007
0.0006
0.0008
0.0007
0.0009
0.0007
0.0006
0.0007
0.0008
0.0007
0.0006
0.0007
0.0006
0.0007
0.0011
0.0006
0.0006
0.0006
0.0007
0.0006
0.0006
0.0006
0.0007
0.0006
0.0007
0.0008
0.0006
0.0007
0.0007
0.0006
0.0007
0.0007
0.0007
0.0006
0.0007
0.0015
0.001
0.0007
0.0006
0.0006
0.002
0.0007
0.0006
0.0008
0.0008
0.0007
0.0008
0.0011
0.0008
0.0007
0.0006
0.0007
0.0006
0.0006
0.0007
0.0007
0.0007
0.0007
0.0006
0.0007
0.0006
0.0017
0.0026
0.0011
0.001
0.001
0.0007
0.0008
0.0007
0.0009
0.0007
0.0008
0.0007
0.0008
0.0011
0.0008
0.0007
0.0007
0.0008
0.0006
0.0021
0.0021
0.0009
0.0009
0.0008
0.0007
0.0007
0.0007
0.0008
0.0007
0.0007
0.0007
0.0006
0.0006
0.0006
0.0006
0.0008
0.0006
0.0008
0.0006
0.0007
0.0007
0.0011
0.0007
0.0007
0.0006
0.0008
0.0007
0.0007
0.0006
0.0096
0.0006
0.0007
0.0007
0.0007
0.0007
0.0006
0.0006
0.0006
0.0007
0.0007
0.0007
0.0006
0.0008
0.0007
0.0006
0.0006
0.0006
0.0006
0.0006
0.0007
0.0006
0.001
0.0012
0.0026
0.001
0.0009
0.0007
0.0006
0.0006
0.0007
0.0007
0.0007
0.0007
0.0008
0.0007
0.0006
0.0009
0.0007
0.0005
0.0007
0.0007
0.0009
0.0007
0.0007
0.0006
0.0007
0.0007
0.0006
0.0007
0.0007
0.0007
0.0009
0.0007
0.0009
0.0007
0.0007
0.0007
0.0012
0.002
0.001
0.0023
0.0018
0.0009
0.0013
0.0013
0.0016
0.001
0.0008
0.0012
0.0009
0.0007
0.0009
0.0006
0.0006
0.0016
0.001
0.0012
0.0007
0.0008
0.0008
0.0014
0.0012
0.0015
0.001
0.0014
0.0009
0.001
0.0007
0.0009
0.0007
0.0007
0.0014
0.0007
0.0006
0.0018
0.0009
0.0014
0.0014
0.0014
0.0012
0.0015
0.0015
0.001
0.0008
0.0204
0.0015
0.0012
0.0015
0.0011
0.0017
0.0009
0.001
0.0008
0.0006
0.0007
0.0008
0.0006
0.0007
0.0024
0.0007
0.0008
0.0007
0.0007
0.0006
0.0006
0.0007
0.0006
0.0006
0.0006
0.0006
0.0007
0.0007
0.0006
0.0006
0.001
0.0007
0.0006
0.0007
0.0007
0.0007
0.0007
0.0006
0.0012
0.0009
0.0008
0.0013
0.0011
0.0007
0.0007
0.0006
0.0019
0.001
0.0007
0.0015
0.0009
0.0008
0.0007
0.0006
0.0006
0.0006
0.0007
0.0014
0.001
0.0017
0.0009
0.0008
0.0009
0.001
0.0008
0.0008
0.0008
0.0011
0.0007
0.0008
0.0008
0.0009
0.0008
0.0007
0.0008
0.0007
0.0006
0.0006
0.001
0.0008
0.0009
0.0007
0.0008
0.0007
0.0008
0.0008
0.0007
0.0008
0.0007
0.0008
0.0007
0.0008
0.0007
0.0006
0.0007
0.0007
0.0006
0.0017
0.0009
0.0008
0.0008
0.0007
0.0014
0.0009
0.0009
0.0009
0.0007
0.0008
0.0006
0.0011
0.0007
0.0007
0.0016
0.0018
0.0009
0.0011
0.0014
0.0009
0.0011
0.0011
0.0008
0.0007
0.0011
0.0015
0.0011
0.001
0.0015
0.0014
0.0009
0.0015
0.0015
0.0012
0.0014
0.0009
0.0008
0.0007
0.0006
0.0009
0.0007
0.0006
0.0015
0.0013
0.0008
0.0016
0.0009
0.0016
0.0009
0.0013
0.0014
0.0009
0.0021
0.0015
0.0011
0.0007
0.0011
0.0015
0.001
0.001
0.0073
0.0014
0.001
0.0015
0.0019
0.0019
0.0008
0.0007
0.0007
0.0007
0.0008
0.0007
0.0008
0.0008
0.0007
0.0007
0.0006
0.0007
0.0011
0.0012
0.0014
0.0015
0.0015
0.0014
0.0012
0.0013
0.0012
0.0013
0.0013
0.0011
0.001
0.0014
0.0009
0.0018
0.0009
0.0009
0.0013
0.0009
0.0015
0.0017
0.0009
0.0015
0.0012
0.0015
0.0017
0.0016
0.0016
0.001
0.0019
0.0016
0.0025
0.0011
0.0016
0.0017
0.0011
0.0011
0.0023
0.0015
0.0011
0.0007
0.0013
0.0011
0.0012
0.0015
0.0014
0.0016
0.0014
0.0018
0.0017
0.0016
0.0015
0.001
0.0015
0.0009
0.0013
0.0011
0.0015
0.001
0.0007
0.0014
0.0008
0.0007
0.0008
0.0007
0.0009
0.0008
0.0007
0.0014
0.0016
0.0014
0.0012
0.0017
0.0016
0.0013
0.0011
0.0026
0.0016
0.001
0.0008
0.0012
0.001
0.0009
0.001
0.0007
0.0006
0.0013
0.0019
0.0012
0.0019
0.0011
0.0008
0.0008
0.0008
0.0007
0.0018
0.0009
0.0007
0.001
0.0011
0.0007
0.0016
0.001
0.0009
0.0007
0.0011
0.0008

-----------------------
CodechalDecode::Execute
-----------------------
10.2117
31.5264
26.8049
0.5477
10.0382
0.5599
0.5497
0.5453
0.5087
0.4937
0.4888
0.5124
0.499
0.5026
0.5281
0.4956
0.4872
0.4593
0.4836
0.5073
0.4503
0.5183
0.4646
0.5252
0.3815
0.3749
0.3846
0.3731
0.3664
0.3735
0.3667
0.4219
0.3823
0.352
0.3648
0.3743
0.3712
0.4173
0.3761
0.374
0.3626
0.3737
0.3723
0.3838
0.3829
0.3867
0.4772
11.5434
26.9232
0.4198
0.4158
0.4536
0.3811
0.3708
0.3869
0.374
0.372
0.3785
0.3751
0.371
0.3793
0.3709
0.3696
0.3729
0.3672
0.3763
0.3587
0.371
0.3883
0.3848
0.3877
0.3713
0.3687
0.3674
0.3644
0.3704
0.3658
0.3686
0.3759
0.3805
0.3777
0.3907
0.3879
0.3829
0.3909
0.3781
0.3748
0.3862
0.3865
0.3796
0.3837
0.3926
0.3777
0.3929
0.4007
0.3935
0.3666
0.3644
0.3714
0.3565
0.3868
0.3792
0.3857
0.3931
0.3897
0.4241
0.3788
0.3775
0.3826
0.3798
0.3838
0.4005
0.3978
0.4127
0.4002
0.3893
0.3767
0.3794
0.3765
0.4048
0.4008
0.3725
0.375
0.3752
0.3729
0.3789
0.3869
0.3921
0.4061
0.4004
0.3768
0.3816
0.3738
0.3889
0.3858
0.4016
0.3981
0.3983
0.381
0.3926
0.3761
0.3839
0.4019
0.3905
0.3795
0.374
0.3731
0.3787
0.4135
0.4122
0.3719
0.3696
0.3673
0.3718
0.3716
0.3781
0.3821
0.3817
0.3945
0.3944
0.4171
0.4018
0.4385
0.5099
0.4014
0.3788
0.4044
0.3974
0.4034
0.3678
0.3638
0.3716
0.3658
0.3635
0.3705
0.3749
0.3715
0.3779
0.3762
0.3814
0.4046
0.409
0.4601
0.3862
0.3687
0.3666
0.3714
0.3764
0.3799
0.3838
0.3924
0.3742
0.3716
0.375
0.3791
0.3652
0.3622
0.3665
0.3469
0.363
0.361
0.3658
0.3608
0.3754
0.3727
0.3752
0.3711
0.3789
0.3681
0.3617
0.3615
0.3818
0.3769
0.4144
0.386
0.3657
0.3595
0.3628
0.367
0.3663
0.3638
0.3609
0.3668
0.3622
0.3626
0.3646
0.3625
0.3663
0.3642
0.3631
0.3689
0.3581
0.3645
0.3764
0.3914
0.4644
0.3804
0.389
0.3717
0.3781
0.3705
0.3717
0.3721
0.3684
0.3735
0.3802
0.388
0.3867
0.3815
0.3748
0.36
0.3695
0.514
0.3767
0.3691
0.3846
0.3724
0.3809
0.3879
0.3645
0.3697
0.3861
0.3714
0.3808
0.3595
0.3719
0.371
0.3768
0.3705
0.563
0.5838
0.3962
0.4509
0.6098
0.3877
0.4036
0.5773
0.4535
0.4155
0.3917
0.5653
0.3915
0.3914
0.3802
0.3801
0.3745
0.4222
0.4097
0.3869
0.3762
0.3748
0.3708
0.5691
0.538
0.4283
0.3852
0.5771
0.3593
0.5682
0.3725
0.383
0.5648
0.3866
0.5919
0.4079
0.3721
0.6011
0.39
0.5299
0.427
0.4088
0.453
0.4267
0.3913
0.3801
0.378
0.6202
0.541
0.5643
0.4403
0.3937
0.6096
0.3864
0.5671
0.3761
0.3741
0.3887
0.3962
0.3953
0.4207
0.3761
0.3871
0.3909
0.375
0.3743
0.3783
0.4008
0.369
0.3698
0.3704
0.3658
0.3703
0.3718
0.368
0.363
0.3664
0.3894
0.3723
0.3694
0.3718
0.3754
0.3813
0.4
0.4074
0.4698
0.4273
0.3951
0.465
0.3888
0.3734
0.374
0.3705
0.4576
0.3662
0.3751
0.4278
0.3845
0.3737
0.369
0.3744
0.3673
0.3664
0.3787
0.4234
0.3869
0.3874
0.3902
0.3913
0.3941
0.4119
0.4016
0.3967
0.3911
0.3778
0.3772
0.3769
0.3863
0.3753
0.3594
0.3657
0.376
0.3637
0.3658
0.3668
0.367
0.3811
0.3543
0.3615
0.3854
0.3852
0.3969
0.4077
0.4133
0.3904
0.3951
0.3976
0.3627
0.3695
0.365
0.3676
0.3695
0.3638
0.3592
0.4389
0.3881
0.3698
0.3738
0.3735
0.4209
0.3862
0.3748
0.3756
0.3683
0.3755
0.3708
0.5837
0.3863
0.3922
0.442
0.5661
0.4067
0.4178
0.5747
0.37
0.3859
0.4113
0.3989
0.3752
0.5757
0.4464
0.4065
0.407
0.4223
0.3825
0.3837
0.4346
0.3962
0.5758
0.4183
0.3829
0.3899
0.3762
0.3805
0.3953
0.386
0.3893
0.4337
0.4
0.3899
0.42
0.3795
0.5801
0.3558
0.5808
0.4235
0.402
0.6331
0.596
0.394
0.5631
0.3746
0.4219
0.3825
0.3752
0.5679
0.4122
0.3859
0.5848
0.5908
0.3859
0.3678
0.3672
0.3802
0.3833
0.3937
0.385
0.3807
0.3895
0.403
0.3943
0.3612
0.3636
0.5651
0.5716
0.5865
0.56
0.569
0.5662
0.568
0.5761
0.5803
0.5791
1.0518
0.3928
0.3823
0.5594
0.3706
0.6071
0.3837
0.3735
0.4054
0.3774
0.4729
0.5122
0.5118
0.5894
0.4285
0.5736
0.6529
0.607
0.6053
0.4512
0.6331
0.4762
0.746
0.4988
0.5536
0.5246
0.3682
0.4003
0.4765
0.4908
0.3839
0.3931
0.4083
0.397
0.4477
0.4496
0.4516
0.427
0.5354
0.5157
0.4967
0.5841
0.5765
0.3878
0.575
0.4264
0.566
0.4221
0.5982
0.4167
0.3852
0.4369
0.4158
0.3832
0.3863
0.3888
0.4214
0.3931
0.3883
0.5214
0.541
0.545
0.5386
0.5832
0.5417
0.4671
0.579
0.4238
0.5889
0.3851
0.3811
0.5365
0.3796
0.3909
0.3828
0.3668
0.3646
0.5621
0.4811
0.4137
0.453
0.499
0.4578
0.4156
0.4269
0.4086
0.6046
0.4044
0.4681
0.3832
0.528
0.3849
0.5577
0.3868
0.3758
0.3661
0.4047
0.3766

---------------------------------------
CodechalDecodeHevcG12::DecodeStateLevel
---------------------------------------
0.4439
8.8152
7.7286
13.9512
6.6152
9.44
0.1845
0.1531
0.2061
9.6328
0.1954
0.1574
0.1768
0.1541
0.2049
0.154
0.1958
0.1689
0.197
0.1594
0.1964
0.1585
0.207
0.1629
0.2004
0.1599
0.1985
0.16
0.224
0.1628
0.1987
0.1576
0.2098
0.1514
0.1789
0.1524
0.2041
0.1507
0.2013
0.1768
0.177
0.1483
0.2089
0.1567
0.181
0.1463
0.2159
0.1605
0.1467
0.1195
0.1421
0.1174
0.1401
0.1177
0.1422
0.1179
0.1388
0.1171
0.1406
0.1169
0.1389
0.118
0.1585
0.126
0.1452
0.1187
0.1356
0.1114
0.1376
0.1175
0.1411
0.118
0.1404
0.1168
0.1579
0.1225
0.1416
0.1179
0.1401
0.1183
0.1383
0.1163
0.141
0.118
0.14
0.1182
0.142
0.1164
0.1442
0.1184
0.1541
0.1162
0.1936
0.1331
0.207
0.1426
3.8158
22.9569
0.16
0.1244
0.1548
0.1267
0.1918
0.1271
0.1461
0.1203
0.1391
0.1176
0.1424
0.1314
0.1405
0.1196
0.1397
0.118
0.1424
0.1189
0.1418
0.1188
0.1401
0.1176
0.1453
0.1192
0.1398
0.1184
0.1403
0.1181
0.1416
0.1193
0.1391
0.1176
0.1419
0.1164
0.1395
0.1126
0.1394
0.1189
0.1511
0.1184
0.1475
0.1197
0.1433
0.1282
0.14
0.1175
0.1412
0.1172
0.1394
0.1175
0.1383
0.1161
0.1404
0.1188
0.1378
0.1171
0.1393
0.1176
0.142
0.1207
0.1441
0.1189
0.1438
0.1186
0.1493
0.1214
0.1472
0.122
0.1455
0.1194
0.1486
0.1193
0.1435
0.1194
0.142
0.1182
0.1464
0.1199
0.1455
0.1195
0.1437
0.1188
0.146
0.1204
0.1456
0.1186
0.1434
0.1184
0.1516
0.1219
0.1496
0.1248
0.1509
0.1208
0.1399
0.1181
0.1388
0.1169
0.1407
0.1166
0.1375
0.1121
0.1521
0.119
0.1432
0.1183
0.1481
0.1202
0.1502
0.1223
0.1484
0.1207
0.1591
0.1371
0.1443
0.1192
0.1429
0.1185
0.1465
0.1195
0.1437
0.1198
0.1455
0.1198
0.1543
0.1247
0.1524
0.1222
0.1553
0.1287
0.1543
0.1225
0.147
0.1185
0.1433
0.1177
0.1454
0.119
0.1432
0.1185
0.1462
0.1413
0.1604
0.1217
0.1406
0.1185
0.1441
0.1183
0.1429
0.1185
0.142
0.1188
0.1432
0.1201
0.1462
0.1223
0.1494
0.1232
0.1563
0.1231
0.154
0.1248
0.143
0.1187
0.1459
0.1169
0.1493
0.1144
0.1451
0.1245
0.1456
0.1211
0.1545
0.1236
0.1517
0.1231
0.1513
0.1231
0.1462
0.1197
0.149
0.1204
0.1425
0.1184
0.1449
0.1208
0.1603
0.1235
0.1462
0.1203
0.1452
0.1201
0.1428
0.1189
0.1407
0.1188
0.1454
0.1192
0.1562
0.1225
0.1578
0.127
0.1416
0.1179
0.14
0.1173
0.1389
0.1164
0.1421
0.1173
0.1412
0.1169
0.1449
0.1182
0.1457
0.1194
0.1446
0.1198
0.1503
0.1232
0.1514
0.1222
0.1596
0.1252
0.1544
0.1214
0.1674
0.1263
0.2134
0.1255
0.1538
0.1204
0.1496
0.1159
0.1592
0.1227
0.1538
0.1218
0.1582
0.1238
0.1409
0.1196
0.1384
0.1171
0.1428
0.1198
0.14
0.1184
0.139
0.1155
0.1441
0.1174
0.1429
0.1164
0.1417
0.1175
0.1451
0.1192
0.1434
0.1189
0.1465
0.1182
0.1571
0.1222
0.1553
0.1224
0.1865
0.1231
0.1498
0.1192
0.1401
0.1176
0.1404
0.1178
0.1426
0.1186
0.1429
0.1188
0.1439
0.1171
0.1494
0.1208
0.1495
0.1216
0.144
0.1174
0.1434
0.1192
0.1441
0.1178
0.1438
0.1188
0.1395
0.119
0.1385
0.1168
0.1418
0.1154
0.1361
0.1117
0.1382
0.1171
0.1381
0.1165
0.1415
0.1175
0.1379
0.1162
0.1415
0.1145
0.1425
0.1172
0.1427
0.1201
0.1402
0.1175
0.1465
0.1194
0.1395
0.1175
0.1378
0.1152
0.1374
0.1171
0.1364
0.1163
0.141
0.117
0.152
0.1496
0.1457
0.1203
0.1423
0.114
0.1385
0.1151
0.1385
0.1174
0.1404
0.1174
0.1405
0.1194
0.1392
0.1176
0.1386
0.1156
0.1407
0.1174
0.1385
0.1154
0.1392
0.1179
0.14
0.1185
0.1388
0.1157
0.1399
0.1172
0.1403
0.1175
0.138
0.1162
0.1413
0.1169
0.1393
0.113
0.14
0.1163
0.1413
0.1205
0.1488
0.1201
0.1855
0.1227
0.1448
0.1178
0.1506
0.1183
0.1404
0.1177
0.1439
0.1171
0.1423
0.1179
0.1408
0.1186
0.1419
0.1162
0.1413
0.1176
0.1425
0.1176
0.1438
0.1211
0.1496
0.1217
0.1473
0.1205
0.1449
0.1181
0.1421
0.1173
0.1336
0.1185
0.1398
0.1157
0.1905
0.1714
0.1456
0.1177
0.1379
0.1188
0.154
0.1197
0.1422
0.1169
0.1436
0.1183
0.1547
0.1179
0.1376
0.116
0.1406
0.116
0.1544
0.1189
0.1405
0.117
0.1436
0.1172
0.1468
0.1102
0.1399
0.1185
0.145
0.1174
0.1415
0.1206
0.1408
0.1174
0.2065
0.1907
0.2073
0.1988
0.1502
0.1208
0.1813
0.1243
0.237
0.1957
0.1461
0.1205
0.1502
0.1237
0.2112
0.1969
0.1726
0.1297
0.1604
0.126
0.1501
0.1199
0.2096
0.1853
0.1468
0.1227
0.1563
0.1189
0.1471
0.1169
0.1429
0.1183
0.1437
0.1182
0.161
0.1236
0.1491
0.1361
0.1523
0.1179
0.1414
0.1178
0.1421
0.1184
0.1414
0.1199
0.2127
0.1924
0.2155
0.1692
0.1637
0.1242
0.1446
0.1192
0.2191
0.1901
0.1422
0.1139
0.2175
0.1906
0.1409
0.1187
0.1444
0.1213
0.2162
0.1883
0.1445
0.1201
0.2347
0.1878
0.1536
0.1296
0.1381
0.1177
0.2284
0.1882
0.1485
0.1203
0.2082
0.1726
0.164
0.1254
0.1536
0.1248
0.1883
0.1231
0.163
0.1232
0.1472
0.1194
0.1439
0.1205
0.1439
0.1184
0.2288
0.1964
0.2
0.176
0.2233
0.1827
0.1716
0.1273
0.1497
0.1206
0.2332
0.1954
0.1463
0.1201
0.2108
0.1907
0.1421
0.1181
0.1401
0.1173
0.1448
0.119
0.1484
0.1243
0.1458
0.123
0.1589
0.1267
0.1471
0.1161
0.1475
0.1212
0.146
0.1188
0.1424
0.1193
0.1426
0.1182
0.1422
0.1189
0.148
0.1195
0.1405
0.1175
0.1401
0.1184
0.1405
0.1188
0.1386
0.1155
0.1386
0.1177
0.1421
0.1197
0.1396
0.1181
0.1374
0.1159
0.1402
0.1176
0.1425
0.1178
0.1398
0.1175
0.1406
0.1172
0.1399
0.1179
0.1406
0.1183
0.1449
0.1184
0.1571
0.1207
0.1523
0.1227
0.1974
0.1256
0.1522
0.1446
0.1487
0.1198
0.1882
0.1265
0.1501
0.12
0.1412
0.1159
0.141
0.1187
0.1409
0.1183
0.1836
0.1245
0.142
0.1119
0.1403
0.1185
0.1602
0.1235
0.1459
0.1195
0.1417
0.1187
0.1397
0.1177
0.1421
0.1186
0.1411
0.1162
0.1384
0.1174
0.1432
0.1198
0.1677
0.1227
0.1475
0.1204
0.1519
0.1204
0.1498
0.121
0.1512
0.1218
0.1547
0.1216
0.1622
0.1234
0.1554
0.1244
0.1538
0.1237
0.1507
0.1214
0.1453
0.1189
0.1464
0.119
0.1409
0.1243
0.1535
0.1162
0.1481
0.1163
0.1367
0.1134
0.1407
0.1155
0.1449
0.1187
0.1394
0.1166
0.1397
0.1183
0.1402
0.1175
0.1388
0.1149
0.1449
0.1167
0.1385
0.1105
0.1381
0.1151
0.1475
0.1209
0.151
0.1215
0.1545
0.1226
0.1594
0.1253
0.1606
0.1307
0.15
0.1213
0.1533
0.1225
0.1559
0.1246
0.1385
0.1173
0.1415
0.1177
0.1412
0.1171
0.1404
0.1169
0.1423
0.1183
0.1388
0.1188
0.1357
0.1166
0.1688
0.124
0.1482
0.1198
0.14
0.1165
0.1428
0.1177
0.1431
0.1181
0.1615
0.1229
0.1478
0.1211
0.1423
0.1178
0.1427
0.1166
0.1389
0.1175
0.1418
0.1196
0.1402
0.1172
0.2195
0.1934
0.1461
0.1191
0.1497
0.121
0.1685
0.1294
0.2151
0.185
0.1573
0.1195
0.1532
0.121
0.2194
0.1902
0.1396
0.1178
0.1484
0.1189
0.1569
0.1225
0.1461
0.1178
0.1405
0.1163
0.2167
0.1957
0.1737
0.1257
0.1548
0.1232
0.1515
0.1212
0.1593
0.1257
0.1434
0.1186
0.1424
0.1177
0.1669
0.1249
0.1529
0.1209
0.2166
0.1949
0.158
0.1232
0.1447
0.1195
0.1466
0.1184
0.1438
0.1179
0.1448
0.1198
0.1473
0.1189
0.144
0.1186
0.1447
0.1193
0.1667
0.1263
0.1552
0.1228
0.1434
0.1189
0.1612
0.1234
0.1435
0.1184
0.218
0.1905
0.1378
0.1119
0.2198
0.193
0.1627
0.1234
0.1481
0.121
0.2324
0.2053
0.236
0.191
0.1463
0.1267
0.2166
0.1869
0.1415
0.1185
0.1602
0.1237
0.1449
0.1201
0.1415
0.1176
0.2147
0.1898
0.1573
0.1235
0.1454
0.1231
0.2236
0.1936
0.2258
0.1929
0.1471
0.1197
0.1417
0.1167
0.1404
0.118
0.1425
0.127
0.1491
0.119
0.1505
0.1229
0.1495
0.1208
0.1437
0.1259
0.1469
0.1245
0.1571
0.1248
0.1544
0.1211
0.1382
0.1163
0.1393
0.1158
0.2133
0.191
0.2166
0.1923
0.2209
0.1927
0.2176
0.1833
0.2156
0.1898
0.216
0.1905
0.215
0.1934
0.2196
0.1935
0.2213
0.1938
0.2212
0.1931
0.2564
0.1668
0.1478
0.1191
0.1439
0.1253
0.2078
0.1909
0.1418
0.1181
0.2273
0.2039
0.1457
0.1183
0.1409
0.1182
0.1554
0.1228
0.1436
0.1204
0.1681
0.1577
0.2306
0.1355
0.2013
0.1734
0.2067
0.2096
0.1673
0.1309
0.2186
0.1938
0.2515
0.2127
0.2356
0.1945
0.233
0.1936
0.1587
0.1559
0.2422
0.2024
0.1766
0.1266
0.3741
0.173
0.2074
0.1304
0.2083
0.1836
0.227
0.1367
0.1415
0.1186
0.1495
0.1292
0.1888
0.137
0.1991
0.1324
0.1442
0.1168
0.1543
0.1222
0.1585
0.1206
0.1492
0.1246
0.1813
0.129
0.181
0.1283
0.1877
0.1227
0.1656
0.1217
0.2185
0.1501
0.1833
0.1616
0.1797
0.1234
0.2216
0.1898
0.2146
0.1906
0.1464
0.1177
0.2197
0.1763
0.1449
0.141
0.2074
0.1889
0.1475
0.1351
0.2325
0.1964
0.1635
0.1273
0.148
0.1223
0.1447
0.1516
0.169
0.1256
0.1427
0.1262
0.1416
0.1249
0.1444
0.1299
0.1517
0.1525
0.1565
0.1208
0.1478
0.1235
0.1842
0.1794
0.2168
0.1436
0.1985
0.1778
0.2155
0.1757
0.2118
0.2021
0.2079
0.1766
0.1581
0.1679
0.2088
0.2043
0.1649
0.1213
0.2225
0.1946
0.146
0.1181
0.1439
0.1199
0.2061
0.1802
0.1443
0.1182
0.1467
0.1286
0.1446
0.1196
0.1387
0.1172
0.1386
0.1177
0.2083
0.1912
0.1982
0.1331
0.1568
0.123
0.1772
0.1285
0.1665
0.1277
0.1648
0.143
0.1598
0.122
0.1619
0.1319
0.1555
0.1271
0.2383
0.1934
0.1584
0.1243
0.181
0.1532
0.1497
0.1187
0.2076
0.1755
0.1421
0.1162
0.2122
0.1817
0.1462
0.1181
0.1422
0.1159
0.1406
0.1159
0.1503
0.1211
0.1418
0.1186

-------------------------------------
CodechalDecodeHevcG12::SetFrameStates
-------------------------------------
0.6853
9.7067
10.6177
0.0914
0.08
0.0914
0.111
0.0788
0.0375
0.0366
0.0355
0.0374
0.0363
0.0367
0.0358
0.0368
0.034
0.0346
0.0331
0.0346
0.0335
0.0409
0.035
0.0394
0.0356
0.0342
0.0439
0.0337
0.0332
0.0345
0.0323
0.0403
0.0355
0.0223
0.0319
0.0336
0.0335
0.04
0.0356
0.0336
0.0322
0.0333
0.035
0.0333
0.0386
0.0378
0.0401
11.0611
0.0419
0.0395
0.043
0.0434
0.0344
0.0337
0.0329
0.0326
0.0332
0.034
0.0338
0.0328
0.0336
0.0325
0.0318
0.0324
0.032
0.0336
0.022
0.0322
0.0338
0.0341
0.0319
0.0324
0.032
0.0333
0.0322
0.0321
0.0323
0.0325
0.0323
0.0329
0.0332
0.0339
0.0338
0.0344
0.0352
0.0332
0.0328
0.0373
0.0339
0.0338
0.0342
0.0444
0.033
0.0343
0.0347
0.0341
0.0317
0.0316
0.0334
0.0222
0.0322
0.0333
0.0334
0.0341
0.0343
0.0361
0.0333
0.0332
0.0339
0.0331
0.0338
0.0339
0.0347
0.0362
0.0347
0.0352
0.0335
0.0331
0.0321
0.0329
0.0341
0.0335
0.0323
0.0329
0.0323
0.0333
0.0337
0.0342
0.0358
0.0352
0.033
0.034
0.0228
0.0334
0.034
0.0347
0.0348
0.0345
0.0329
0.0327
0.0328
0.0339
0.0332
0.034
0.0334
0.0328
0.0329
0.0328
0.0373
0.0366
0.0329
0.0325
0.0323
0.0324
0.0323
0.0329
0.0331
0.0337
0.0335
0.0341
0.0371
0.0353
0.0419
0.0475
0.038
0.0254
0.0355
0.0352
0.0362
0.0321
0.0329
0.0327
0.0318
0.0323
0.0326
0.0338
0.0338
0.0332
0.0331
0.0344
0.0345
0.0387
0.044
0.0355
0.0336
0.0323
0.033
0.0331
0.0333
0.0339
0.0337
0.033
0.0329
0.0332
0.0339
0.0317
0.0317
0.0326
0.0209
0.0322
0.0322
0.0322
0.0321
0.0341
0.0334
0.0328
0.0331
0.0334
0.0327
0.0325
0.0314
0.0455
0.0369
0.032
0.0349
0.0321
0.0322
0.0325
0.0327
0.0324
0.0323
0.032
0.0324
0.032
0.0318
0.032
0.0325
0.032
0.0321
0.0321
0.0328
0.0238
0.0325
0.0334
0.0359
0.043
0.035
0.0333
0.0321
0.0327
0.0326
0.033
0.0332
0.0317
0.033
0.0327
0.0333
0.0339
0.0347
0.0332
0.0315
0.0322
0.0481
0.0356
0.033
0.0317
0.033
0.0336
0.0327
0.0328
0.0328
0.0328
0.033
0.0341
0.0219
0.0331
0.0323
0.0324
0.0334
0.0459
0.0526
0.0372
0.0422
0.0492
0.0368
0.0418
0.0471
0.0432
0.0365
0.0351
0.0481
0.0359
0.0343
0.0336
0.0344
0.0332
0.0401
0.0353
0.0349
0.0377
0.0336
0.0327
0.0461
0.0477
0.0396
0.0357
0.0501
0.0221
0.0471
0.0336
0.0336
0.0437
0.0392
0.0485
0.0353
0.0345
0.0522
0.0367
0.0478
0.0398
0.0415
0.0478
0.0409
0.0401
0.0347
0.0343
0.0571
0.0508
0.0492
0.0406
0.04
0.0525
0.0349
0.0479
0.033
0.0323
0.04
0.0345
0.0396
0.0374
0.0235
0.0341
0.035
0.0328
0.0325
0.0392
0.0447
0.0337
0.0328
0.0331
0.0338
0.0346
0.0322
0.033
0.0321
0.0325
0.0341
0.0337
0.0326
0.0324
0.0329
0.0335
0.0343
0.041
0.0424
0.0368
0.0351
0.0414
0.0332
0.0357
0.0324
0.0327
0.0424
0.024
0.0337
0.0419
0.0355
0.0328
0.0335
0.0357
0.0327
0.0326
0.0329
0.04
0.0358
0.0339
0.0355
0.035
0.0356
0.037
0.0356
0.0353
0.0346
0.0331
0.0341
0.034
0.0352
0.0338
0.0329
0.0327
0.0336
0.0322
0.0325
0.0331
0.0333
0.0346
0.0229
0.0322
0.0342
0.0342
0.0356
0.0363
0.0369
0.0355
0.0356
0.0354
0.0317
0.0327
0.0326
0.0326
0.0332
0.0326
0.033
0.0411
0.0351
0.0331
0.0334
0.0332
0.0399
0.0357
0.0338
0.0342
0.0326
0.033
0.0329
0.0483
0.0348
0.0345
0.0409
0.0337
0.0369
0.0479
0.0474
0.033
0.0342
0.0416
0.0462
0.0395
0.0467
0.0406
0.042
0.0445
0.0397
0.0382
0.0418
0.0405
0.0368
0.0476
0.0399
0.0354
0.0425
0.0335
0.0327
0.0443
0.0372
0.0338
0.0406
0.0392
0.043
0.0397
0.0352
0.049
0.0223
0.0481
0.0396
0.0461
0.0642
0.0505
0.0357
0.0438
0.0342
0.0399
0.0349
0.0335
0.0467
0.0384
0.036
0.0495
0.0504
0.0354
0.0335
0.0333
0.0331
0.0342
0.0354
0.0336
0.0331
0.0346
0.0351
0.035
0.032
0.0333
0.0464
0.0472
0.0493
0.0339
0.0475
0.0468
0.0472
0.0482
0.0473
0.0474
0.0481
0.0389
0.0349
0.0462
0.0338
0.0495
0.0351
0.0337
0.0371
0.034
0.0443
0.0401
0.0361
0.0513
0.037
0.0468
0.0521
0.0509
0.0501
0.0415
0.054
0.0502
0.0566
0.0532
0.0493
0.0516
0.0254
0.0355
0.0436
0.0497
0.0362
0.0337
0.0384
0.0364
0.039
0.0394
0.0394
0.0413
0.0477
0.0518
0.0612
0.0492
0.0462
0.0366
0.0503
0.0367
0.0475
0.0476
0.049
0.0366
0.0351
0.0351
0.036
0.0341
0.0342
0.0344
0.0338
0.0363
0.0334
0.0249
0.0435
0.0519
0.036
0.0554
0.05
0.0483
0.049
0.0403
0.0502
0.0371
0.0351
0.0438
0.0346
0.0344
0.034
0.0336
0.0324
0.0486
0.0427
0.038
0.0422
0.044
0.0419
0.0405
0.0395
0.0381
0.0495
0.0349
0.0341
0.0348
0.0452
0.0444
0.0344
0.0373
0.0347
0.033
0.0454
0.0345

--------------------------
CreateVideoDecoder_D3D11_1
--------------------------
17.2307

---------------------------
DestroyVideoDecoder_D3D11_1
---------------------------
0

----------------
First Frame Time
----------------
68.2949

--------------------------------------
VideoDecoderBeginFrame_WDDM2_4_D3D11_1
--------------------------------------
0.0073
0.0037
0.0028
0.0032
0.0024
0.0027
0.0027
0.002
0.002
0.0023
0.002
0.0018
0.0019
0.0022
0.0019
0.0019
0.0017
0.0017
0.0018
0.0025
0.0018
0.0023
0.0024
0.0026
0.0019
0.002
0.0017
0.002
0.0025
0.0052
0.0015
0.0026
0.0022
0.002
0.0018
0.0021
0.0017
0.0026
0.0021
0.0019
0.0016
0.0018
0.0025
0.0018
0.0019
0.0018
0.0027
0.0023
0.0026
0.0024
0.0024
0.0024
0.0018
0.0016
0.0019
0.0017
0.0023
0.0017
0.0017
0.0017
0.0019
0.0015
0.0015
0.0024
0.0016
0.0018
0.0018
0.0016
0.0016
0.0054
0.0017
0.0016
0.0018
0.0016
0.0017
0.0016
0.0016
0.0015
0.0015
0.0015
0.0016
0.0017
0.0018
0.0017
0.002
0.0016
0.0016
0.0017
0.0015
0.0018
0.0017
0.0016
0.0015
0.0017
0.0028
0.0018
0.0015
0.0016
0.0018
0.0018
0.0017
0.0019
0.0018
0.0016
0.0017
0.002
0.0018
0.0016
0.0017
0.0016
0.0016
0.0016
0.0017
0.0021
0.0017
0.0022
0.0054
0.0015
0.0017
0.0016
0.0017
0.0017
0.0018
0.0016
0.0017
0.0016
0.0016
0.0016
0.0018
0.0017
0.0016
0.0016
0.0018
0.0016
0.0016
0.0017
0.0017
0.0017
0.0017
0.0016
0.0015
0.0067
0.0015
0.0016
0.0017
0.0016
0.0016
0.0016
0.0023
0.0019
0.0018
0.0016
0.0016
0.0016
0.0016
0.0016
0.0017
0.0015
0.0016
0.0016
0.0017
0.0043
0.0029
0.0039
0.0027
0.002
0.0019
0.002
0.0019
0.0016
0.0019
0.0018
0.0016
0.0017
0.0016
0.0021
0.0019
0.0016
0.0017
0.0017
0.0019
0.0023
0.0033
0.0021
0.0016
0.0017
0.0017
0.0017
0.0017
0.0019
0.0016
0.0017
0.0015
0.0016
0.0017
0.0016
0.0015
0.0017
0.0017
0.0016
0.0014
0.0017
0.0014
0.0019
0.0017
0.0016
0.0015
0.0017
0.0017
0.0017
0.0016
0.0044
0.0016
0.0016
0.0017
0.0017
0.0015
0.0015
0.0016
0.0016
0.0015
0.0017
0.0017
0.0015
0.0016
0.0015
0.0016
0.0016
0.0015
0.0014
0.0016
0.0015
0.0015
0.0019
0.0022
0.0028
0.0024
0.0019
0.0017
0.0018
0.0025
0.0019
0.0017
0.0016
0.0016
0.0018
0.0021
0.0017
0.0019
0.0018
0.0014
0.0016
0.0021
0.0024
0.0017
0.0016
0.0017
0.0019
0.0016
0.0015
0.0017
0.0017
0.0016
0.0019
0.0018
0.0017
0.0017
0.0022
0.0017
0.0022
0.0036
0.0022
0.0032
0.003
0.0021
0.0029
0.0025
0.0029
0.0021
0.0019
0.0024
0.002
0.0016
0.0019
0.0016
0.0019
0.0026
0.0019
0.0021
0.0016
0.0019
0.0016
0.0027
0.0026
0.0027
0.0021
0.0027
0.0019
0.0024
0.0017
0.0017
0.0016
0.0017
0.0025
0.0016
0.0016
0.0034
0.002
0.0024
0.0026
0.0026
0.0024
0.0027
0.0026
0.0021
0.0016
0.0087
0.0029
0.0025
0.0027
0.0025
0.003
0.0019
0.0023
0.0017
0.0017
0.0016
0.0017
0.0017
0.0021
0.0023
0.0017
0.0017
0.0015
0.0017
0.0017
0.0016
0.0016
0.0017
0.0016
0.0015
0.0016
0.0016
0.0015
0.0023
0.0015
0.0019
0.0015
0.0016
0.0015
0.0017
0.0017
0.0015
0.0016
0.0034
0.0019
0.0018
0.0021
0.0025
0.0016
0.0016
0.0015
0.0027
0.0021
0.0019
0.0028
0.0021
0.0015
0.0016
0.0017
0.0015
0.0015
0.0015
0.0025
0.0021
0.0022
0.0017
0.0023
0.0019
0.0019
0.0019
0.0019
0.0016
0.0018
0.0017
0.0018
0.0022
0.0018
0.0017
0.0018
0.0019
0.0016
0.0017
0.0017
0.0019
0.002
0.0021
0.0017
0.0018
0.0019
0.0018
0.0021
0.0018
0.0017
0.0018
0.0019
0.0015
0.0018
0.0016
0.0016
0.0018
0.0016
0.0017
0.0029
0.0022
0.0017
0.0016
0.0017
0.0028
0.002
0.0019
0.002
0.0016
0.0016
0.0015
0.0026
0.0019
0.0015
0.0028
0.003
0.0021
0.0026
0.0026
0.0019
0.003
0.0045
0.0019
0.0017
0.0024
0.0028
0.0029
0.002
0.0027
0.0027
0.0019
0.0029
0.0022
0.0026
0.0026
0.002
0.0019
0.0017
0.0017
0.0019
0.0017
0.0015
0.0029
0.0026
0.0019
0.0026
0.002
0.0027
0.002
0.0024
0.0031
0.0021
0.0035
0.003
0.0021
0.0016
0.0019
0.0027
0.0019
0.0019
0.0041
0.0024
0.0021
0.0028
0.0029
0.0023
0.0017
0.0016
0.0018
0.0021
0.0019
0.0017
0.0017
0.0019
0.0019
0.0018
0.0016
0.0015
0.0025
0.0025
0.0026
0.0028
0.0026
0.0026
0.0024
0.0024
0.0025
0.0025
0.0026
0.0026
0.0021
0.0027
0.0019
0.003
0.0021
0.0019
0.0024
0.0019
0.0027
0.0035
0.002
0.0032
0.0023
0.0029
0.0039
0.0035
0.0031
0.0022
0.0036
0.0033
0.0031
0.0025
0.0028
0.0031
0.0022
0.002
0.0038
0.006
0.0026
0.0019
0.0021
0.0021
0.0024
0.0022
0.0032
0.0028
0.0026
0.0032
0.0044
0.0034
0.0034
0.0024
0.0029
0.0021
0.0025
0.002
0.0029
0.0023
0.0019
0.0024
0.002
0.0021
0.0018
0.0016
0.0018
0.0017
0.0016
0.0023
0.0041
0.003
0.0024
0.0027
0.0031
0.0033
0.0028
0.0028
0.003
0.0023
0.0019
0.0025
0.0019
0.0019
0.002
0.0019
0.0019
0.0024
0.0028
0.0023
0.0031
0.0025
0.0027
0.0024
0.0019
0.0018
0.0028
0.0018
0.0019
0.0019
0.0026
0.0018
0.003
0.002
0.0018
0.002
0.0024
0.002

----------------------------
VideoDecoderEndFrame_D3D11_1
----------------------------
0.044
0.0597
0.0634
0.0582
0.0641
0.0598
0.0571
0.0549
0.0598
0.0597
0.0592
0.0588
0.0573
0.0563
0.0597
0.0561
0.054
0.0535
0.0531
0.0538
0.0575
0.0612
0.056
0.0548
0.0516
0.0517
0.0505
0.0515
0.0523
0.0519
0.0507
0.0554
0.0506
0.0515
0.0508
0.051
0.051
0.0548
0.0513
0.051
0.0542
0.0522
0.0526
0.06
0.0505
0.0503
0.0717
0.0772
0.0811
0.0509
0.0786
0.1129
0.0547
0.0541
0.0532
0.0538
0.0529
0.0557
0.0535
0.053
0.0547
0.0524
0.0527
0.0544
0.0522
0.0528
0.0537
0.0517
0.0521
0.0545
0.0527
0.0524
0.0523
0.0536
0.0538
0.0529
0.0544
0.0528
0.0519
0.055
0.0595
0.0569
0.0541
0.0531
0.0538
0.0521
0.0536
0.0545
0.0556
0.0541
0.0534
0.0557
0.0544
0.0544
0.062
0.0547
0.0521
0.0523
0.0537
0.0537
0.055
0.054
0.0529
0.0535
0.0547
0.0582
0.0534
0.0531
0.0548
0.0537
0.0535
0.0543
0.0565
0.057
0.0555
0.0539
0.0536
0.0526
0.0552
0.0585
0.0563
0.0533
0.0529
0.053
0.0542
0.0553
0.0552
0.0541
0.0589
0.0572
0.0534
0.0553
0.0556
0.0613
0.0537
0.056
0.0575
0.0576
0.0545
0.0521
0.0552
0.0611
0.0571
0.0572
0.0539
0.0538
0.0535
0.0543
0.0578
0.0563
0.0522
0.0536
0.0529
0.0539
0.0526
0.0528
0.0541
0.0528
0.0535
0.0555
0.0558
0.0785
0.0576
0.0599
0.0549
0.0545
0.0583
0.0589
0.0594
0.0532
0.053
0.0525
0.052
0.0523
0.054
0.0557
0.053
0.0538
0.0559
0.0533
0.0574
0.0532
0.0578
0.0547
0.0522
0.052
0.0524
0.0531
0.0552
0.0533
0.0541
0.0535
0.054
0.0534
0.0533
0.0536
0.0516
0.0518
0.0526
0.0527
0.0519
0.0521
0.0515
0.0598
0.0556
0.0527
0.0533
0.0526
0.0522
0.0516
0.0525
0.0606
0.052
0.0717
0.056
0.0527
0.053
0.0523
0.0532
0.0524
0.0525
0.053
0.0515
0.0524
0.052
0.0518
0.0531
0.052
0.0532
0.0518
0.0538
0.0519
0.0531
0.0556
0.0557
0.0585
0.0543
0.0544
0.0543
0.0536
0.0527
0.0549
0.0548
0.0533
0.053
0.0535
0.0529
0.0568
0.0527
0.052
0.0515
0.0537
0.0733
0.0551
0.0531
0.0561
0.0534
0.0548
0.053
0.0529
0.0521
0.0535
0.0523
0.0539
0.0549
0.0534
0.0569
0.053
0.053
0.0786
0.0771
0.0548
0.0657
0.0758
0.0534
0.0521
0.0573
0.055
0.0583
0.0515
0.0733
0.055
0.0507
0.0512
0.0502
0.0513
0.0554
0.0527
0.0515
0.051
0.0504
0.0507
0.0791
0.069
0.0599
0.055
0.0767
0.0536
0.0757
0.0506
0.0514
0.0684
0.0514
0.0675
0.0529
0.0604
0.0774
0.0527
0.0545
0.0542
0.0535
0.0542
0.0552
0.0534
0.0518
0.0507
0.0843
0.0725
0.0668
0.0648
0.0634
0.0796
0.0542
0.0727
0.0519
0.0508
0.0517
0.0516
0.0524
0.0537
0.0563
0.0526
0.0527
0.0499
0.0511
0.051
0.0508
0.0521
0.0515
0.0501
0.0505
0.0507
0.0519
0.0504
0.0508
0.0509
0.0706
0.0558
0.0513
0.0512
0.0512
0.0512
0.0516
0.0709
0.0531
0.0519
0.0518
0.0516
0.0507
0.0512
0.0513
0.051
0.0595
0.0531
0.0512
0.0544
0.0527
0.0511
0.0529
0.0509
0.052
0.0527
0.0752
0.058
0.055
0.0569
0.0557
0.0558
0.0559
0.0561
0.0562
0.0577
0.0557
0.0533
0.0534
0.0553
0.0537
0.0517
0.0518
0.0502
0.0515
0.0534
0.0523
0.0529
0.0546
0.055
0.0544
0.0534
0.055
0.054
0.0554
0.0584
0.0582
0.0556
0.055
0.0521
0.0519
0.053
0.0535
0.0528
0.057
0.0538
0.0513
0.0542
0.0509
0.0508
0.0509
0.0499
0.0553
0.0515
0.0512
0.0537
0.0565
0.0506
0.0513
0.0727
0.0511
0.0509
0.0557
0.0777
0.0519
0.0577
0.0747
0.0514
0.0516
0.0634
0.051
0.0524
0.0749
0.0658
0.0631
0.0618
0.0651
0.0611
0.0602
0.0542
0.0551
0.0784
0.0691
0.0619
0.0599
0.0524
0.0623
0.0577
0.0542
0.0512
0.0661
0.0624
0.0647
0.0549
0.0531
0.0766
0.0505
0.0746
0.0645
0.0629
0.0778
0.075
0.0529
0.0755
0.0513
0.0546
0.0513
0.0577
0.0775
0.067
0.0551
0.077
0.0792
0.0563
0.0533
0.0586
0.0543
0.0549
0.0593
0.0532
0.054
0.0657
0.0574
0.0551
0.0509
0.0528
0.076
0.0789
0.0806
0.0875
0.078
0.0762
0.0775
0.0793
0.0777
0.0797
0.0615
0.0557
0.0526
0.0782
0.0498
0.0798
0.0548
0.0661
0.0658
0.0589
0.0614
0.089
0.096
0.1019
0.0808
0.1017
0.1246
0.0983
0.1036
0.0846
0.0965
0.0966
0.1398
0.0917
0.0823
0.0575
0.0688
0.0817
0.0594
0.0563
0.0669
0.0679
0.0552
0.0602
0.0715
0.0594
0.0604
0.0541
0.0864
0.082
0.06
0.0665
0.0768
0.0653
0.0806
0.075
0.0787
0.0562
0.087
0.0578
0.0551
0.0746
0.054
0.059
0.0608
0.0559
0.0565
0.0562
0.0558
0.0911
0.0925
0.0908
0.0794
0.0803
0.0762
0.0722
0.0794
0.0625
0.0732
0.0554
0.0612
0.0719
0.056
0.0601
0.0586
0.0547
0.0735
0.0777
0.0597
0.0558
0.0601
0.0644
0.069
0.0588
0.0577
0.0571
0.0752
0.0694
0.0728
0.0537
0.0566
0.0689
0.0776
0.0558
0.0549
0.0519
0.0662
0.0621

---------------------------------
VideoDecoderSubmitBuffers_D3D11_1
---------------------------------
10.3185
31.5559
26.8249
0.5674
10.0548
0.577
0.5652
0.5603
0.5243
0.5085
0.5026
0.5273
0.5134
0.5179
0.5419
0.5105
0.501
0.4726
0.4966
0.5237
0.464
0.5384
0.4792
0.5448
0.396
0.6448
0.8077
0.7491
0.8051
0.7714
0.8098
0.7554
0.3977
0.3681
0.5651
0.5892
0.8334
0.7731
0.7862
0.7859
0.8397
0.8058
0.7873
0.7322
0.7655
0.7471
0.4975
11.5641
26.9428
0.4367
0.4316
0.4694
0.3948
0.3836
0.3991
0.386
0.3843
0.3903
0.388
0.3834
0.3915
0.3828
0.3817
0.3859
0.3796
0.3898
0.3758
0.3833
0.4014
0.3977
0.4
0.3834
0.3808
0.3796
0.3766
0.3824
0.3778
0.3803
0.3879
0.3926
0.3932
0.4044
0.4008
0.3955
0.4067
0.391
0.3876
0.399
0.401
0.3923
0.3966
0.4051
0.3898
0.4061
0.4186
0.4072
0.3787
0.3763
0.3849
0.3711
0.3996
0.3926
0.3988
0.4066
0.4029
0.4376
0.3916
0.3905
0.3953
0.3925
0.3972
0.4135
0.4111
0.4269
0.4138
0.405
0.3896
0.3918
0.3894
0.4172
0.4145
0.385
0.3872
0.3874
0.3851
0.3913
0.3993
0.4045
0.4199
0.4134
0.3894
0.3954
0.3893
0.4017
0.3984
0.4155
0.4118
0.4121
0.3997
0.4046
0.3882
0.4007
0.4149
0.4035
0.392
0.3862
0.3855
0.3908
0.4318
0.4271
0.385
0.3825
0.3795
0.3843
0.384
0.3915
0.3951
0.3945
0.4075
0.4078
0.4318
0.4159
0.459
0.5361
0.4183
0.3959
0.4188
0.4111
0.4179
0.3806
0.3768
0.3841
0.3788
0.3763
0.3834
0.3902
0.3851
0.3917
0.3893
0.3947
0.4193
0.4263
0.4816
0.401
0.3815
0.3787
0.3835
0.3915
0.3935
0.3963
0.4055
0.3867
0.3838
0.3885
0.393
0.377
0.3747
0.3796
0.3604
0.3754
0.3728
0.3775
0.3724
0.3902
0.3869
0.3876
0.3837
0.3915
0.3805
0.3739
0.3734
0.3989
0.3891
0.4294
0.3984
0.3774
0.3717
0.3751
0.3799
0.3781
0.3754
0.3729
0.3793
0.3741
0.374
0.3768
0.3748
0.3784
0.3758
0.3755
0.3818
0.3724
0.3772
0.3912
0.4077
0.4867
0.394
0.4016
0.3842
0.3908
0.3826
0.384
0.3849
0.3802
0.3857
0.3931
0.4009
0.3996
0.396
0.3892
0.3731
0.3824
0.5271
0.391
0.3818
0.3966
0.3855
0.3939
0.4003
0.3761
0.3821
0.3982
0.3837
0.396
0.3743
0.3856
0.3841
0.3893
0.3835
0.5825
0.6084
0.4129
0.4729
0.6531
0.5106
0.7543
0.8949
0.4752
0.4306
0.6626
0.9415
0.4877
0.8087
0.7533
0.7726
0.7754
0.4414
0.4247
0.5686
0.735
0.7397
0.8058
0.589
0.5554
0.4478
0.4004
0.5966
0.3741
0.5861
0.3855
0.397
0.7759
0.6104
0.6115
0.4216
0.5731
0.625
0.4051
0.6703
0.5754
0.7227
0.7874
0.4467
0.4102
0.6694
0.7641
0.9282
0.5619
0.6489
0.4605
0.4108
0.632
0.401
0.5858
0.3891
0.5559
0.7726
0.7424
0.8121
0.5159
0.3932
0.4007
0.4071
0.3873
0.3873
0.6299
0.7809
0.7604
0.7569
0.7984
0.7535
0.7994
0.7615
0.7913
0.7559
0.8026
0.4053
0.3861
0.3822
0.5369
0.7593
0.7926
0.7813
0.7854
0.7414
0.7173
0.7505
0.4838
0.4022
0.6861
0.7918
0.7975
0.4786
0.3836
0.6443
0.5419
0.7047
0.7258
0.7897
0.7655
0.809
0.7961
0.8262
0.4423
0.4013
0.4014
0.4039
0.4053
0.4081
0.4266
0.4155
0.4104
0.4045
0.3904
0.39
0.3911
0.4024
0.3889
0.3724
0.3814
0.4006
0.376
0.3782
0.3793
0.3821
0.3958
0.3715
0.3741
0.3997
0.3985
0.4108
0.4221
0.4273
0.4034
0.4082
0.4113
0.3748
0.3824
0.3774
0.3795
0.3826
0.3759
0.3714
0.4592
0.4034
0.3833
0.3871
0.5015
0.4396
0.4006
0.3893
0.3912
0.3806
0.3882
0.5163
0.8627
0.536
0.7509
0.4619
0.5876
0.4226
0.4799
0.5954
0.4818
0.4016
0.5595
0.6391
0.7782
0.9158
0.4673
0.4272
0.6576
0.4422
0.4005
0.7101
0.6843
0.4123
0.594
0.4383
0.3976
0.513
0.3896
0.5111
0.7314
0.7727
0.7997
0.4544
0.4178
0.6845
0.4392
0.3946
0.7433
0.4455
0.969
0.4434
0.4808
0.8872
0.6767
0.4681
0.9739
0.5951
0.4408
0.4818
0.7665
1.0012
0.4298
0.4007
0.6049
0.6119
0.4009
0.3807
0.38
0.393
0.3969
0.4077
0.3982
0.3934
0.4027
0.4166
0.4081
0.3735
0.3764
0.5836
0.5899
0.6073
0.5834
0.5882
0.5848
0.5865
0.5944
0.5998
0.5988
1.0715
0.4098
0.3967
0.5773
0.3845
0.6283
0.3985
0.3864
0.4219
0.3912
0.4938
0.5321
0.5273
0.6121
0.4444
0.5942
0.6764
0.6286
0.6269
0.4665
0.6571
0.4983
0.7689
0.5194
0.5749
0.5459
0.3841
0.4148
0.4972
0.5096
0.4
0.4064
0.4249
0.4126
0.4661
0.4682
0.4699
0.4478
0.5544
0.5383
0.5295
0.6055
0.5982
0.4042
0.5961
0.4424
0.5859
0.4405
0.6188
0.4317
0.3989
0.4544
0.43
0.3964
0.3997
0.4023
0.4356
0.4077
0.4026
0.5427
0.5685
0.5687
0.5574
0.6018
0.5622
0.486
0.5997
0.4441
0.6096
0.4005
0.3949
0.5571
0.3938
0.4064
0.3973
0.3794
0.3773
0.5856
0.5027
0.4319
0.4737
0.5215
0.4793
0.4344
0.4444
0.4274
0.6255
0.4201
0.4837
0.3979
0.5465
0.4036
0.5806
0.4023
0.389
0.3793
0.4221
0.3917

