--------------------------
CreateVideoDecoder_D3D11_1
--------------------------
19.5966
19.0719
13.679

---------------------------
DestroyVideoDecoder_D3D11_1
---------------------------
13.0917
13.0523
0

----------------
First Frame Time
----------------
0

----------------------------
VideoDecoderEndFrame_D3D11_1
----------------------------
0.0035
0.0033
0.0029
0.0033
0.0031
0.0023
0.0026
0.0016
0.0017
0.0024
0.0015
0.0014
0.0013
0.0037
0.0024
0.0023
0.002
0.0028
0.0022
0.0043
0.002
0.0016
0.0025
0.0015
0.0023
0.0015
0.0021
0.0024
0.005
0.0024
0.0023
0.0024
0.0025
0.0024
0.0024
0.0022
0.0027
0.0026
0.0022
0.003
0.0021
0.002
0.0052
0.0023
0.0024
0.0025
0.0023
0.0023
0.0025
0.0024
0.0024
0.0022
0.0024
0.0026
0.0021
0.0025
0.0024
0.0028
0.0024
0.0024
0.0024
0.0024
0.0025
0.0055
0.0028
0.0025
0.0026
0.0023
0.0022
0.0024
0.0027
0.0024
0.0025
0.0023
0.0023
0.0025
0.0022
0.0021
0.003
0.0022
0.0023
0.0023
0.0024
0.0027
0.0023
0.0023
0.0024
0.0024
0.0023
0.0025
0.0022
0.0027
0.0025
0.0024
0.0053
0.0024
0.0024
0.0029
0.0022
0.0022
0.0025
0.0024
0.0028
0.0024
0.0025
0.0023
0.0024
0.0023
0.0023
0.0025
0.0022
0.0021
0.0021
0.0022
0.0026
0.0023
0.0024
0.0024
0.0021
0.0027
0.0025
0.0026
0.0023
0.0026
0.0022
0.0024
0.0025
0.0025
0.0025
0.0022
0.0024
0.0024
0.0024
0.0021
0.0024
0.0027
0.0024
0.0025
0.0024
0.0022
0.0023
0.0056
0.0027
0.0025
0.002
0.0029
0.0023
0.0026
0.0023
0.0026
0.0023
0.0026
0.0022
0.0024
0.0027
0.0022
0.003
0.0021
0.0022
0.0026
0.0024
0.0023
0.0021
0.0016
0.0022
0.0014
0.0012
0.0018
0.0014
0.0016
0.0016
0.0015
0.0015
0.0023
0.0023
0.0029
0.0023
0.0023
0.0023
0.0023
0.0023
0.0023
0.0025
0.0024
0.0024
0.0023
0.0022
0.0023
0.0022
0.0024
0.0026
0.0023
0.0024
0.0022
0.0023
0.0023
0.0023
0.0024
0.0024
0.0024
0.0025
0.0028
0.0026
0.0019
0.0018
0.0016
0.0017
0.0014
0.003
0.0023
0.0021
0.0198
0.0017
0.0022
0.0015
0.0024
0.0025
0.0025
0.0026
0.0022
0.0034
0.0024
0.0022
0.0024
0.0018
0.0014
0.0025
0.0023
0.0024
0.0024
0.0024
0.0024
0.0026
0.0023
0.0024
0.0024
0.0027
0.0024
0.0026
0.0027
0.0026
0.0022
0.0025
0.0024
0.0023
0.0024
0.0027
0.0024
0.0023
0.0025
0.0024
0.0022
0.0022
0.0022
0.0025
0.0023
0.0024
0.0022
0.0025
0.0013
0.0015
0.0013
0.0016
0.0013
0.003
0.0024
0.0024
0.0023
0.0023
0.0017
0.0024
0.0027
0.0024
0.0027
0.0037
0.0021
0.0024
0.0027
0.0023
0.0023
0.0022
0.0029
0.0024
0.0023
0.002
0.0023
0.0022
0.0024
0.0021
0.0028
0.0026
0.0023
0.0024
0.0024
0.0024
0.0017
0.0023
0.0024
0.0024
0.0023
0.0029
0.0022
0.0024
0.0024
0.0024
0.0023
0.0027
0.0022
0.0025
0.0025
0.002
0.0022
0.0023
0.0025
0.0022
0.0023
0.0204
0.0023
0.002
0.0014
0.0024
0.0023
0.0023
0.0027
0.0027
0.0023
0.0023
0.0026
0.012
0.0026
0.0025
0.0021
0.0024
0.0023
0.0024
0.0025
0.0024
0.0026
0.0026
0.0022
0.0024
0.0024
0.0026
0.0023
0.0023
0.003
0.0022
0.0024
0.0023
0.0026
0.003
0.0015
0.0028
0.0017
0.0017
0.0017
0.0021
0.0016
0.0023
0.0014
0.0016
0.0016
0.0014
0.0014
0.0024
0.0027
0.0019
0.0017
0.0015
0.0015
0.0012
0.0015
0.0028
0.0025
0.0025
0.0025
0.0024
0.0025
0.0028
0.0026
0.0022
0.0021
0.0024
0.0018
0.0014
0.0016
0.0012
0.0023
0.0026
0.0025
0.0027
0.0029
0.0022
0.0021
0.0027
0.0023
0.0025
0.0025
0.0023
0.0018
0.0014
0.0024
0.0015
0.0015
0.0017
0.0014
0.0013
0.0022
0.002
0.0025
0.002
0.0023
0.0028
0.002
0.0015
0.0025
0.0015
0.0015
0.0025
0.0026
0.0028
0.0018
0.0024
0.0017
0.0023
0.0019
0.0015
0.0014
0.0015
0.0022
0.0029
0.0024
0.0025
0.0024
0.0024
0.0025
0.0028
0.0025
0.0025
0.0022
0.0024
0.0023
0.0023
0.0023
0.0026
0.0028
0.0025
0.0021
0.0021
0.0018
0.0025
0.0024
0.0025
0.0025
0.0028
0.0024
0.0027
0.0024
0.002
0.0016
0.0024
0.0024
0.0026
0.0024
0.0024
0.0024
0.0021
0.0021
0.0026
0.0025
0.0024
0.0023
0.0024
0.0022
0.0401
0.0025
0.0025
0.0024
0.0015
0.0014
0.0024
0.0023
0.0023
0.0026
0.0024
0.0034
0.0027
0.0024
0.0025
0.0025
0.0021
0.0029
0.0024
0.0025
0.0024
0.0025
0.0023
0.0025
0.0022
0.0025
0.0023
0.0025
0.0024
0.0022
0.0027
0.0023
0.0022
0.0125
0.0024
0.0015
0.0019
0.0018
0.0029
0.0022
0.0024
0.0025
0.0023
0.0023
0.0019
0.0027
0.0018
0.0016
0.0014
0.0016
0.0015
0.0013
0.0014
0.0017
0.0018
0.0015
0.0012
0.0022
0.0032
0.0025
0.0021
0.0014
0.0014
0.0015
0.0015
0.0025
0.0023
0.0028
0.0021
0.0022
0.0028
0.0023
0.0023
0.0026
0.0024
0.0022
0.0022
0.0029
0.0024
0.0027
0.0024
0.0025
0.0023
0.0023
0.0029
0.0022
0.0021
0.0016
0.0021
0.0014
0.0015
0.0013
0.0013
0.0023
0.0023
0.0023
0.0023
0.0023
0.0027
0.0025
0.0019
0.0015
0.0027
0.0024
0.0021
0.0024
0.0018
0.0023
0.0022
0.0015
0.0015
0.0021
0.0018
0.0024
0.0021
0.0023
0.0024
0.0025
0.0025
0.0026
0.0025
0.0023
0.0025
0.0025
0.0024
0.0026

