---------------------------------------------
CalcPrivateVideoDecoderOutputViewSize_D3D11_1
---------------------------------------------
0.002
0.0014
0.0012
0.0017
0.0013
0.0009
0.0011
0.001
0.0007
0.0012
0.0007
0.0009
0.0006
0.0016
0.0007
0.0008
0.0007
0.0012
0.001
0.0021
0.0008
0.0009
0.0011
0.0007
0.0006
0.0006
0.0006
0.0006
0.0016
0.0008
0.0006
0.0005
0.0008
0.0007
0.0006
0.0007
0.0006
0.0006
0.0006
0.0006
0.0006
0.0008
0.002
0.0006
0.0007
0.0007
0.0006
0.0007
0.0006
0.0005
0.0006
0.0006
0.0006
0.0005
0.0005
0.0006
0.0006
0.0006
0.0006
0.0006
0.0006
0.0006
0.0005
0.0016
0.0006
0.0006
0.0011
0.0007
0.0008
0.0006
0.0006
0.0006
0.0006
0.0005
0.0006
0.0006
0.0006
0.0006
0.0005
0.0005
0.0006
0.0006
0.0011
0.0006
0.0006
0.0005
0.0016
0.0018
0.0009
0.0008
0.0007
0.0009
0.0007
0.0009
0.0031
0.0012
0.0008
0.0008
0.0008
0.0007
0.0007
0.0008
0.0021
0.0037
0.0011
0.0012
0.0009
0.0006
0.0008
0.0011
0.0007
0.0007
0.001
0.0008
0.0014
0.0009
0.0007
0.0007
0.0007
0.0007
0.0006
0.0006
0.0006
0.0014
0.0013
0.001
0.0013
0.0012
0.0008
0.0006

-----------------------
CodechalDecode::Execute
-----------------------
7.2416
12.6573
26.9591
8.9262
0.6834
0.598
0.6321
0.6277
0.5204
0.4906
0.4935
0.5192
0.4953
0.5508
0.5446
0.6019
2.5694
5.351
0.5363
0.4829
0.4853
0.488
0.5086
0.4872
0.3909
0.402
0.3895
0.3911
0.4309
0.4151
0.4068
0.401
0.3975
0.3983
0.4146
0.4117
0.4066
0.4058
0.3974
0.3956
0.395
0.3724
0.3691
0.3662
0.3704
0.3704
0.3758
0.4029
0.3931
0.3946
0.4141
0.4184
0.4088
0.3949
0.3978
0.4157
0.4046
0.3972
0.3965
0.3984
0.4137
0.4126
0.4029
0.4083
0.4073
0.3909
0.3922
0.3678
0.3651
0.3683
0.3629
0.3585
0.3648
0.3703
0.3742
0.3795
0.3847
0.3945
0.393
0.3913
0.3902
0.393
0.3742
0.3773
0.3773
0.4224
0.4243
0.474
0.385
0.3737
0.3709
0.3772
0.4076
0.4018
0.4126
0.377
0.3614
0.3784
0.3637
0.3685
0.373
5.4499
4.7594
4.594
0.4198
4.7903
0.4317
0.3973
0.4456
0.4043
0.3894
0.443
2.1542
0.396
0.4552
0.3962
0.3887
0.3823
0.3815
0.3905
0.3948
0.3913
0.3788
0.4333
0.4214
0.4197
0.438
0.4168
0.4132
0.3861

---------------------------------------
CodechalDecodeHevcG12::DecodeStateLevel
---------------------------------------
0.4532
5.6322
0.4583
1.7591
13.4069
9.2642
0.2589
5.6496
0.2358
0.2117
0.2054
0.1678
0.1856
0.1827
0.191
0.1829
0.1989
0.1816
0.1877
0.1713
0.1861
0.1711
0.2102
0.1638
0.1902
0.162
0.2205
0.1793
0.2022
0.1895
0.2387
0.2188
0.2368
1.911
0.2611
4.6584
0.2119
0.1797
0.1911
0.1555
0.191
0.1592
0.1919
0.1596
0.2025
0.1613
0.1964
0.157
0.1514
0.1216
0.1556
0.1239
0.1502
0.1215
0.1512
0.1217
0.18
0.1282
0.1626
0.1253
0.1569
0.1251
0.1527
0.1265
0.1527
0.1233
0.1543
0.1244
0.1602
0.1269
0.1592
0.1251
0.1565
0.1256
0.1566
0.1264
0.1541
0.1226
0.153
0.1224
0.152
0.1235
0.1412
0.1166
0.139
0.1185
0.1402
0.1164
0.1397
0.1201
0.1423
0.118
0.1431
0.119
0.1599
0.1212
0.1506
0.1242
0.152
0.1236
0.1604
0.1265
0.1695
0.1253
0.1584
0.1315
0.1524
0.1229
0.1542
0.1237
0.1623
0.1285
0.1563
0.1256
0.1541
0.1233
0.1527
0.1239
0.1542
0.1235
0.1614
0.1264
0.1614
0.1264
0.1557
0.1242
0.1568
0.126
0.1561
0.1266
0.1505
0.1221
0.152
0.1184
0.141
0.1163
0.1383
0.1152
0.1421
0.1164
0.1372
0.1188
0.1378
0.1152
0.141
0.116
0.1406
0.1188
0.1426
0.1215
0.1448
0.1217
0.1488
0.1207
0.1538
0.1226
0.152
0.1226
0.1535
0.1226
0.1517
0.1233
0.153
0.1235
0.1436
0.1195
0.1444
0.1191
0.1443
0.1212
0.1506
0.1558
0.1619
0.1246
0.2006
0.1231
0.1492
0.1207
0.1444
0.1185
0.1433
0.1201
0.146
0.1175
0.1411
0.1545
0.1414
0.1341
0.1575
0.1212
0.1444
0.1162
0.1401
0.116
0.1401
0.1197
0.1406
0.1164
0.1424
0.1192
0.1454
0.1191
0.1764
4.8657
0.1652
3.9922
0.1672
3.9622
0.1619
0.1263
0.1564
4.2999
0.1683
0.1286
0.1511
0.1213
0.1833
0.1231
0.1525
0.1213
0.1503
0.1222
0.1847
0.1332
0.1568
0.1205
0.1498
0.1293
0.1764
0.126
0.15
0.123
0.1459
0.1206
0.1446
0.1194
0.1439
0.1201
0.1466
0.1222
0.1487
0.1249
0.1456
0.1207
0.1451
0.1193
0.1793
0.1204
0.1673
0.1216
0.1678
0.1192
0.1688
0.126
0.163
0.1195
0.1657
0.1202
0.1484
0.1213

-------------------------------------
CodechalDecodeHevcG12::SetFrameStates
-------------------------------------
0.8984
10.3189
4.1387
2.8271
0.1057
0.1108
0.1001
0.1014
0.0335
0.0344
0.0326
0.0337
0.0326
0.0355
0.0339
0.0339
0.289
0.3024
0.0393
0.035
0.0335
0.0336
0.0352
0.0337
0.0342
0.0344
0.0335
0.0331
0.0345
0.0362
0.0348
0.0334
0.0342
0.0339
0.0352
0.0352
0.0343
0.0343
0.0333
0.0332
0.0329
0.0317
0.031
0.0312
0.03
0.0308
0.0312
0.0346
0.0325
0.0334
0.036
0.0338
0.033
0.0337
0.0336
0.0339
0.0344
0.0334
0.0336
0.034
0.0353
0.0351
0.0339
0.0347
0.0336
0.0326
0.0336
0.0308
0.0312
0.0303
0.0302
0.03
0.0298
0.0308
0.0311
0.032
0.0323
0.0322
0.033
0.033
0.033
0.0333
0.0313
0.0316
0.0312
0.0324
0.0395
0.0432
0.034
0.0321
0.0313
0.0326
0.0324
0.0473
0.0382
0.0336
0.0309
0.0308
0.0314
0.032
0.0316
0.2934
0.4834
0.3621
0.0418
0.2432
0.0395
0.0333
0.0395
0.0351
0.0333
0.0332
1.7922
0.0334
0.0385
0.0347
0.0352
0.0318
0.032
0.0357
0.0322
0.0378
0.0329
0.0366
0.0355
0.0347
0.0466
0.0373
0.0344
0.032

--------------------------
CreateVideoDecoder_D3D11_1
--------------------------
19.182

---------------------------
DestroyVideoDecoder_D3D11_1
---------------------------
0

----------------
First Frame Time
----------------
65.6778

--------------------------------------
VideoDecoderBeginFrame_WDDM2_4_D3D11_1
--------------------------------------
0.0073
0.0028
0.0029
0.0034
0.0029
0.0023
0.0023
0.0019
0.0016
0.002
0.0017
0.0021
0.0015
0.0029
0.0016
0.0018
0.0016
0.0025
0.0026
0.0027
0.0019
0.0018
0.0021
0.0019
0.0019
0.0019
0.0017
0.0016
0.0025
0.0018
0.0015
0.0017
0.0016
0.0017
0.0017
0.0018
0.0017
0.0016
0.0016
0.0017
0.0018
0.0018
0.0023
0.0015
0.0016
0.0016
0.0016
0.0017
0.0017
0.0017
0.0019
0.0017
0.0017
0.0015
0.0015
0.0017
0.0017
0.0016
0.0016
0.0016
0.0017
0.0017
0.0017
0.0031
0.0018
0.0016
0.002
0.0019
0.0016
0.0016
0.0016
0.0016
0.0016
0.0016
0.0016
0.0016
0.0017
0.0015
0.0016
0.0017
0.0017
0.0017
0.0015
0.0016
0.0015
0.0038
0.003
0.0033
0.0019
0.0018
0.0016
0.0019
0.0017
0.0017
0.0037
0.0021
0.0017
0.0017
0.0016
0.0017
0.0016
0.0017
0.004
0.0029
0.0024
0.0018
0.0023
0.0017
0.002
0.002
0.002
0.0019
0.002
0.002
0.0024
0.0021
0.0018
0.0018
0.0016
0.0016
0.0018
0.0017
0.0015
0.0024
0.0021
0.0018
0.0022
0.0019
0.0019
0.0016

----------------------------
VideoDecoderEndFrame_D3D11_1
----------------------------
0.0355
0.0544
0.0801
0.0656
0.0576
0.0572
0.0814
0.056
0.0545
0.0559
0.0552
0.0572
0.0542
0.0574
0.0603
0.056
0.0762
0.061
0.0583
0.0555
0.0569
0.0568
0.0566
0.0545
0.0535
0.0546
0.054
0.0536
0.0627
0.0572
0.0596
0.0559
0.0539
0.0559
0.0564
0.0572
0.0542
0.0559
0.0556
0.0554
0.0571
0.0519
0.0534
0.0541
0.0547
0.0543
0.0536
0.0543
0.0546
0.0542
0.0576
0.0561
0.0545
0.0554
0.0549
0.0591
0.0563
0.0532
0.0539
0.0533
0.0562
0.0567
0.0578
0.0604
0.0553
0.0549
0.0545
0.053
0.0552
0.0547
0.0538
0.0524
0.0521
0.0523
0.0531
0.0527
0.0541
0.0567
0.0569
0.0551
0.0551
0.0567
0.0529
0.054
0.0524
0.0597
0.0575
0.058
0.0533
0.0531
0.0528
0.053
0.0546
0.0694
0.0611
0.0553
0.0547
0.0525
0.0514
0.0527
0.0519
0.0584
0.0591
0.0516
0.0547
0.0541
0.0512
0.0908
0.0518
0.0529
0.0506
0.0508
0.0501
0.0724
0.1033
0.0528
0.0519
0.0524
0.0539
0.0511
0.0538
0.0505
0.051
0.0511
0.0522
0.0509
0.0521
0.0518
0.0522
0.0539

---------------------------------
VideoDecoderSubmitBuffers_D3D11_1
---------------------------------
7.3388
12.6776
26.9848
8.9496
0.7009
0.6131
0.651
0.6436
0.533
0.5042
0.5066
0.5343
0.5082
0.5674
0.5592
0.6175
2.5848
5.37
0.5547
0.4987
0.4991
0.5021
0.5253
0.5018
0.4052
0.4158
0.4025
0.4037
0.4451
0.4298
0.4204
0.4144
0.4109
0.4118
0.4291
0.4261
0.4203
0.4195
0.4106
0.4086
0.4081
0.387
0.3823
0.3784
0.3826
0.3827
0.3888
0.4181
0.4065
0.4081
0.4286
0.4324
0.4222
0.4083
0.4114
0.429
0.4186
0.4105
0.4098
0.4114
0.4304
0.4263
0.4162
0.4236
0.421
0.4046
0.4087
0.3809
0.3775
0.3804
0.3753
0.3707
0.3776
0.3824
0.3864
0.3925
0.3974
0.4077
0.4067
0.4048
0.404
0.4069
0.3867
0.3898
0.3901
0.4355
0.4437
0.4966
0.3996
0.3874
0.3846
0.3925
0.4216
0.4157
0.4337
0.3928
0.3747
0.3919
0.3762
0.381
0.386
5.4647
4.7852
4.6171
0.439
4.8087
0.4515
0.4128
0.4664
0.4208
0.4074
0.6987
2.1706
0.4122
0.4737
0.4115
0.5907
0.3997
0.6957
0.7708
0.7273
0.7689
0.7466
0.4521
0.4389
0.6581
0.75
0.7037
0.4301
0.4235

