---------------------------------------------
CalcPrivateVideoDecoderOutputViewSize_D3D11_1
---------------------------------------------
0.0033
0.0018
0.0022
0.002
0.0025
0.0015
0.0023
0.0013
0.0012
0.002
0.0013
0.001
0.0011
0.0018
0.001
0.001
0.001
0.001
0.0008
0.003
0.0012
0.0012
0.0013
0.0012
0.0018
0.0018
0.0018
0.0021
0.0035
0.0014
0.0013
0.0016
0.0011
0.0016
0.0011
0.0012
0.0013
0.0011
0.0011
0.001
0.0011
0.0016
0.0032
0.0015
0.0016
0.0014
0.0012
0.0011
0.001
0.0009
0.0008
0.001
0.0008
0.0017
0.0011
0.001
0.0013
0.001
0.001
0.001
0.0016
0.0014
0.0017
0.0036
0.0013
0.0011
0.0011
0.0016
0.0011
0.001
0.0009
0.0009
0.0012
0.0009
0.0019
0.0013
0.0012
0.0013
0.0013
0.0009
0.0011
0.0009
0.001
0.0009
0.001
0.0008
0.001
0.0009
0.0008
0.0008
0.0011
0.0009
0.0009
0.0011
0.0041
0.0016
0.0014
0.0009
0.0012
0.001
0.0009
0.0009
0.0007
0.0009
0.0007
0.0007
0.0008
0.0009
0.0009
0.0007
0.001
0.0009
0.001
0.0008
0.0009
0.0008
0.0007
0.0009
0.0009
0.0015
0.0013
0.001
0.001
0.0008
0.0008
0.001
0.0009
0.0008
0.0009
0.001
0.0008
0.0009
0.0007
0.0008
0.0009
0.0007
0.0008
0.0008
0.0008
0.0008
0.0009
0.006
0.001
0.0008
0.0008
0.001
0.0009
0.0008
0.0008
0.0008
0.0009
0.0009
0.0007
0.001
0.0008
0.0009
0.001
0.0009
0.0008
0.0009
0.0008
0.0009
0.0009
0.0011
0.0009
0.0009
0.0009
0.0008
0.0007
0.0008
0.0008
0.0016
0.0009
0.0009
0.0008
0.0008
0.0007
0.0008
0.0009
0.0015
0.0012
0.0014
0.0009
0.0009
0.0009
0.0008
0.0016
0.001
0.0011
0.0008
0.001
0.0009
0.0009
0.0008
0.0007
0.0009
0.0009
0.0009
0.0009
0.0009
0.0008
0.0009
0.0008
0.0006
0.0008
0.0007
0.0015
0.0011
0.001
0.0009
0.0011
0.0054
0.0009
0.0016
0.0012
0.001
0.0009
0.0008
0.0007
0.0007
0.0009
0.0007
0.0008
0.001
0.0008
0.0008
0.0007
0.0007
0.0008
0.0007
0.0007
0.0007
0.0007
0.0008
0.0009
0.0008
0.0006
0.0006
0.0007
0.0006
0.0007
0.0012
0.0008
0.0008
0.0009
0.0008
0.0007
0.0009
0.0007
0.0007
0.0007
0.0013
0.0016
0.001
0.0011
0.0009
0.001
0.0007
0.0016
0.0015
0.0011
0.0009
0.001
0.0008
0.0008
0.0011
0.0009
0.0008
0.0008
0.0007
0.0015
0.0011
0.0009
0.0009
0.0008
0.001
0.0016
0.0011
0.0009
0.0008
0.0009
0.0008
0.0007
0.0008
0.0007
0.0011
0.0007
0.0007
0.0008
0.0008
0.0006
0.0009
0.0009
0.0008
0.0009
0.0011
0.001
0.0008
0.0018
0.0009
0.0009
0.0018
0.0009
0.0017
0.0012
0.0018
0.0011
0.0009
0.0018
0.0009
0.0008
0.0008
0.0008
0.0009
0.0008
0.0008
0.0109
0.0007
0.0009
0.0008
0.0007
0.001
0.0009
0.0008
0.0008
0.0009
0.0008
0.0007
0.0007
0.0008
0.0013
0.0012
0.0009
0.001
0.0009
0.0007
0.0008
0.0008
0.0009
0.0008
0.001
0.0009
0.0008
0.0009
0.001
0.0009
0.0009
0.0009
0.0022
0.001
0.0009
0.0007
0.0018
0.001
0.001
0.0011
0.0009
0.0011
0.0011
0.0009
0.0008
0.0009
0.0007
0.0007
0.0008
0.0008
0.001
0.0009
0.0021
0.001
0.0011
0.001
0.001
0.001
0.0008
0.0008
0.0008
0.0008
0.0009
0.0009
0.001
0.0011
0.0008
0.0019
0.0009
0.0009
0.001
0.0009
0.0009
0.0008
0.002
0.0011
0.001
0.0009
0.001
0.001
0.0019
0.0013
0.001
0.0016
0.0012
0.0012
0.0011
0.001
0.0008
0.001
0.0008
0.0008
0.0008
0.0007
0.0007
0.0008
0.0008
0.0007
0.0007
0.0008
0.0007
0.0006
0.0009
0.0008
0.0009
0.0008
0.0009
0.0008
0.0006
0.0009
0.0008
0.0008
0.0009
0.0007
0.0006
0.0008
0.0008
0.0006
0.0008
0.0016
0.0015
0.0013
0.0012
0.0009
0.001
0.001
0.0008
0.001
0.0008
0.0009
0.0009
0.0008
0.0006
0.0008
0.0006
0.0008
0.0008
0.0007
0.0006
0.0007
0.0008
0.0006
0.0007
0.0006
0.0008
0.0009
0.0008
0.0006
0.0014
0.0006
0.0007
0.0006
0.0006
0.0008
0.0009
0.0008
0.0008
0.0009
0.0064
0.0007
0.0006
0.0006
0.0008
0.0009
0.0009
0.0008
0.0015
0.0011
0.001
0.0009
0.001
0.0009
0.0007
0.0009
0.0019
0.0007
0.001
0.0008
0.0009
0.0009
0.0008
0.0008
0.0012
0.0006

-----------------------
CodechalDecode::Execute
-----------------------
0.9551
1.4712
2.4638
1.0342
1.3897
0.4216
0.41
0.4027
0.3147
0.3203
0.3236
0.3072
0.3065
0.3044
0.3081
0.304
0.3023
0.3028
0.3027
0.4372
0.3134
0.3097
0.308
0.3183
0.4417
0.7973
0.3406
0.3597
0.3567
0.3427
0.3145
0.3244
0.3043
0.3274
0.3238
0.3013
0.3029
0.2998
0.2996
0.3008
0.3037
0.4026
0.329
0.3452
0.3347
0.3131
0.3053
0.3017
0.3159
0.2113
0.3017
0.306
0.3169
0.3357
0.3103
0.3338
0.3035
0.3108
0.3128
0.3101
0.335
0.333
0.3447
0.3415
0.3199
0.3114
0.3171
0.3318
0.3258
0.3112
0.3078
0.2999
0.3066
0.2987
0.3918
0.3274
0.3107
0.3085
0.3104
0.3051
0.3036
0.2996
0.3056
0.3126
0.3215
0.2998
0.3002
0.2963
0.2977
0.3023
0.3065
0.2996
0.3162
0.3035
0.3016
0.3394
0.3199
0.3093
0.2016
0.3042
0.2969
0.3112
0.3072
0.3068
0.2987
0.2945
0.2953
0.2979
0.2977
0.3024
0.3075
0.3029
0.3039
0.2998
0.3001
0.2952
0.314
0.3101
0.305
0.3345
0.3072
0.2987
0.3037
0.3042
0.3016
0.3073
0.3045
0.2982
0.2963
0.317
0.2948
0.3038
0.3009
0.3041
0.2963
0.2939
0.2928
0.2936
0.3063
0.3016
0.3277
0.3071
0.3001
0.2984
0.2949
0.3086
0.3061
0.2009
0.3012
0.2969
0.2987
0.3025
0.3068
0.3048
0.3037
0.3
0.2979
0.2957
0.297
0.2965
0.3035
0.305
0.3067
0.3017
0.2971
0.2972
0.297
0.2977
0.3089
0.3041
0.3055
0.3023
0.2986
0.2993
0.2972
0.2972
0.2962
0.3015
0.3032
0.3377
0.309
0.3022
0.2995
0.3
0.2976
0.2994
0.3364
0.311
0.3101
0.3012
0.313
0.3553
0.2995
0.2967
0.2934
0.3048
0.2032
0.3032
0.3049
0.3053
0.2978
0.2973
0.3003
0.2973
0.2969
0.3142
0.3409
0.31
0.3119
0.3033
0.3054
0.3082
0.2994
0.3309
0.3057
0.2999
0.3071
0.3063
0.3038
0.323
0.3163
0.2995
0.3134
0.299
0.2973
0.2957
0.3003
0.2999
0.3027
0.3055
0.3021
0.3032
0.3051
0.2961
0.2957
0.2951
0.2939
0.2969
0.2954
0.296
0.3024
0.3074
0.2979
0.3058
0.3139
0.1941
0.2944
0.296
0.3028
0.305
0.3106
0.4333
0.3393
0.3129
0.3017
0.3014
0.3072
0.3002
0.3452
0.3316
0.3051
0.3029
0.303
0.3064
0.3128
0.3038
0.3003
0.3036
0.3181
0.2931
0.3317
0.3064
0.3058
0.3477
0.3636
0.3099
0.3365
0.3193
0.312
0.306
0.3122
0.2941
0.292
0.2913
0.2996
0.3318
0.2993
0.3009
0.2986
0.2984
0.3066
0.3105
0.317
0.3003
0.1965
0.3073
0.3082
0.3009
0.3922
0.323
0.3024
0.3716
0.3116
0.3525
0.3163
0.3734
0.3075
0.2982
0.365
0.299
0.3017
0.3001
0.302
0.2966
0.2952
0.3035
0.3244
0.3035
0.3005
0.2991
0.3037
0.3064
0.307
0.3143
0.3145
0.3089
0.3071
0.3025
0.3014
0.3072
0.3172
0.304
0.297
0.3087
0.3042
0.3076
0.3025
0.3018
0.3025
0.3315
0.3012
0.2978
0.2998
0.1995
0.3073
0.3007
0.2989
0.2962
0.3682
0.298
0.3032
0.3488
0.3621
0.3001
0.297
0.3004
0.3013
0.3424
0.3241
0.3084
0.3038
0.3134
0.2994
0.2964
0.2963
0.3118
0.3081
0.3201
0.3819
0.3006
0.3014
0.302
0.3033
0.3047
0.2967
0.2954
0.2945
0.2919
0.3022
0.3042
0.3063
0.3041
0.2971
0.3791
0.2994
0.302
0.3024
0.309
0.305
0.3011
0.3671
0.3146
0.2063
0.2987
0.3008
0.2982
0.3765
0.3297
0.3027
0.3381
0.3157
0.3108
0.3208
0.3127
0.3112
0.3014
0.3037
0.3066
0.2987
0.3023
0.3028
0.3058
0.3013
0.3142
0.3089
0.2975
0.3001
0.3062
0.3065
0.3083
0.302
0.304
0.3077
0.2971
0.3043
0.311
0.308
0.3005
0.2978
0.296
0.2947
0.2923
0.3004
0.3033
0.3115
0.3431
0.338
0.3099
0.3029
0.3025
0.3075
0.2043
0.3042
0.3027
0.2973
0.2988
0.3009
0.2997
0.3156
0.3047
0.3011
0.3019
0.3008
0.2951
0.2956
0.2946
0.3042
0.2974
0.2995
0.3022
0.2969
0.2977
0.2991
0.2949
0.2933
0.3008
0.3036
0.3051
0.302
0.2984
0.2976
0.298
0.2973
0.2977
0.3157
0.3005
0.2989
0.3003
0.2994
0.2985
0.2992
0.2972
0.339
0.3132
0.3028
0.3142
0.2996
0.2955
0.2934
0.293
0.1976
0.3048
0.3067
0.3012
0.2962
0.2947
0.2929
0.2951
0.3027
0.3041

---------------------------------------
CodechalDecodeHevcG12::DecodeStateLevel
---------------------------------------
0.269
0.2004
0.238
0.2266
0.1277
0.1101
0.1049
0.1038
0.1016
0.1024
0.1023
0.0953
0.0958
0.0958
0.0964
0.0957
0.095
0.0935
0.0949
0.1463
0.1041
0.0968
0.0967
0.099
0.1493
0.1119
0.1116
0.1199
0.1242
0.1071
0.1003
0.1012
0.0951
0.1064
0.1051
0.0949
0.0946
0.0938
0.094
0.0939
0.0947
0.129
0.1085
0.1136
0.1085
0.0999
0.0964
0.0935
0.0984
0.091
0.0939
0.094
0.1019
0.1078
0.0989
0.0988
0.0953
0.0986
0.0953
0.0952
0.1086
0.1118
0.1119
0.1098
0.1049
0.0977
0.098
0.1084
0.1017
0.0978
0.0966
0.0938
0.0965
0.0941
0.1331
0.1075
0.0992
0.0971
0.0976
0.0973
0.0951
0.0943
0.0951
0.095
0.0956
0.0926
0.0937
0.0933
0.0939
0.0943
0.0951
0.0934
0.096
0.0963
0.0952
0.1141
0.1013
0.0971
0.089
0.0956
0.093
0.0979
0.0944
0.0943
0.094
0.0914
0.0919
0.0921
0.0928
0.0931
0.0941
0.0938
0.0939
0.0927
0.0925
0.0918
0.0939
0.0964
0.0941
0.1087
0.0974
0.0941
0.0972
0.0951
0.0938
0.0959
0.0947
0.0935
0.0941
0.1038
0.0911
0.094
0.0927
0.095
0.0923
0.0915
0.0909
0.0919
0.0936
0.0929
0.0957
0.0999
0.0931
0.0932
0.0923
0.0932
0.0938
0.09
0.0939
0.0929
0.093
0.093
0.0947
0.0953
0.0935
0.0936
0.0925
0.0918
0.0926
0.0924
0.093
0.0933
0.0938
0.0973
0.0922
0.0925
0.0928
0.0933
0.0982
0.0932
0.0941
0.0933
0.093
0.0931
0.0931
0.0923
0.0922
0.0934
0.093
0.1096
0.0984
0.095
0.0938
0.0941
0.0926
0.0931
0.1108
0.0981
0.0974
0.0948
0.0941
0.0949
0.0951
0.0929
0.0929
0.0948
0.09
0.094
0.0947
0.0951
0.0932
0.0921
0.092
0.0927
0.0921
0.0945
0.1094
0.097
0.0974
0.0958
0.0944
0.0987
0.0933
0.1072
0.0986
0.0953
0.0948
0.0972
0.0966
0.0951
0.0933
0.0926
0.093
0.0944
0.0916
0.0932
0.0988
0.0926
0.0924
0.0939
0.0935
0.094
0.094
0.0933
0.0926
0.0931
0.0912
0.0916
0.0923
0.0925
0.0915
0.0999
0.093
0.0969
0.0937
0.0877
0.0919
0.0925
0.0985
0.0942
0.098
0.1367
0.1121
0.0986
0.0954
0.0959
0.0956
0.0943
0.1204
0.1073
0.0972
0.0945
0.0944
0.0947
0.0945
0.094
0.0929
0.0938
0.1115
0.0915
0.1086
0.0981
0.0926
0.1236
0.0956
0.097
0.1099
0.1033
0.099
0.0987
0.0925
0.0923
0.0924
0.0924
0.0947
0.0957
0.0937
0.0938
0.0935
0.0923
0.0944
0.0979
0.0933
0.0947
0.0876
0.0952
0.0955
0.0943
0.1343
0.096
0.096
0.1288
0.1038
0.1131
0.0979
0.1251
0.0984
0.0939
0.1255
0.094
0.0945
0.093
0.0933
0.093
0.0928
0.1014
0.1085
0.098
0.093
0.0925
0.094
0.0955
0.0961
0.0987
0.097
0.0969
0.0945
0.0936
0.0931
0.1015
0.102
0.0957
0.0932
0.0941
0.0936
0.0956
0.0965
0.0935
0.0979
0.1164
0.0949
0.094
0.0944
0.0879
0.0962
0.0945
0.0936
0.0931
0.1255
0.0943
0.0957
0.1097
0.1218
0.094
0.0927
0.0945
0.0942
0.1085
0.1058
0.0981
0.0961
0.1051
0.0947
0.0926
0.0922
0.1042
0.0962
0.0937
0.1331
0.0939
0.0948
0.0945
0.0941
0.0988
0.0926
0.0918
0.0925
0.0912
0.0959
0.0949
0.0968
0.0954
0.0934
0.1306
0.0929
0.0943
0.0951
0.0955
0.0946
0.0938
0.1168
0.0996
0.0914
0.0938
0.0937
0.0935
0.1268
0.1044
0.0945
0.1092
0.0997
0.0995
0.0989
0.0967
0.0965
0.093
0.0944
0.095
0.0916
0.0949
0.0935
0.0936
0.0928
0.0959
0.0957
0.0915
0.0925
0.0935
0.0949
0.0966
0.094
0.094
0.0975
0.0914
0.0942
0.0964
0.0973
0.0936
0.0933
0.0915
0.0916
0.0913
0.0932
0.0948
0.1032
0.11
0.1104
0.0985
0.095
0.095
0.0971
0.0891
0.0952
0.0947
0.0946
0.0931
0.0941
0.0942
0.0932
0.0942
0.0943
0.0959
0.0929
0.0925
0.0932
0.0916
0.0945
0.0934
0.0923
0.0942
0.0921
0.092
0.0942
0.0922
0.0916
0.0956
0.0976
0.0988
0.0939
0.0929
0.0923
0.0931
0.0924
0.0922
0.0966
0.0936
0.0919
0.0935
0.0924
0.0933
0.0933
0.0925
0.1143
0.0997
0.0951
0.0965
0.0937
0.0931
0.0921
0.0917
0.0868
0.0935
0.0943
0.0926
0.0931
0.0928
0.0917
0.0918
0.0957
0.0947

-------------------------------------
CodechalDecodeHevcG12::SetFrameStates
-------------------------------------
0.4885
0.8027
1.9519
0.6929
0.608
0.2189
0.2091
0.2079
0.1448
0.1441
0.1498
0.147
0.1454
0.1449
0.1484
0.1419
0.1418
0.1423
0.1436
0.1979
0.1427
0.1443
0.1447
0.1487
0.1969
0.1477
0.1486
0.149
0.1485
0.1585
0.1434
0.1462
0.1429
0.1458
0.1474
0.1416
0.1421
0.1407
0.1405
0.1408
0.1433
0.1758
0.1459
0.1472
0.1473
0.1432
0.1421
0.1415
0.149
0.0525
0.1428
0.1453
0.1459
0.1468
0.1434
0.1656
0.1411
0.1422
0.1478
0.1427
0.1473
0.1485
0.1528
0.1497
0.1441
0.1461
0.1509
0.1464
0.1532
0.1485
0.1486
0.1416
0.1433
0.1408
0.1611
0.1451
0.1428
0.1426
0.1435
0.1417
0.1425
0.1416
0.1466
0.1519
0.1585
0.1406
0.1411
0.1404
0.1399
0.1446
0.1446
0.141
0.1411
0.1413
0.142
0.1464
0.1493
0.1474
0.0454
0.143
0.1416
0.1452
0.1481
0.1462
0.1408
0.1407
0.1411
0.1411
0.1406
0.1457
0.1471
0.1426
0.143
0.1417
0.1414
0.1415
0.142
0.1454
0.1461
0.1465
0.1421
0.1406
0.1398
0.1444
0.1447
0.1447
0.1434
0.1399
0.1406
0.1408
0.1404
0.1459
0.1453
0.1452
0.1409
0.1426
0.1401
0.1395
0.1461
0.146
0.1674
0.1416
0.142
0.1411
0.1402
0.15
0.1473
0.0448
0.1413
0.1407
0.1408
0.1447
0.1482
0.1436
0.1454
0.1408
0.1405
0.1392
0.1405
0.1398
0.1465
0.1465
0.1478
0.1397
0.1401
0.14
0.1397
0.1406
0.1465
0.1459
0.1467
0.1449
0.1403
0.1417
0.1404
0.1412
0.1403
0.144
0.1452
0.1496
0.1427
0.1406
0.1404
0.1406
0.1411
0.1416
0.1488
0.1473
0.1457
0.1451
0.1535
0.141
0.1406
0.1402
0.1396
0.145
0.0477
0.1449
0.1447
0.1451
0.141
0.1409
0.1444
0.1404
0.1405
0.156
0.1534
0.1471
0.1483
0.1427
0.1463
0.1416
0.1412
0.146
0.1421
0.1405
0.1482
0.1464
0.1437
0.1633
0.1458
0.1444
0.1571
0.1398
0.1402
0.1393
0.1399
0.1456
0.1455
0.1476
0.1442
0.1438
0.1466
0.1401
0.1394
0.14
0.1396
0.1396
0.1393
0.1402
0.1475
0.1431
0.1416
0.1446
0.1399
0.0433
0.1409
0.1403
0.1409
0.1477
0.1472
0.2098
0.1472
0.1484
0.1415
0.1412
0.1445
0.1441
0.146
0.1469
0.1422
0.1432
0.1444
0.148
0.1452
0.144
0.1432
0.1468
0.1424
0.1388
0.1467
0.142
0.1456
0.1414
0.1443
0.1463
0.1494
0.1482
0.1476
0.1456
0.1557
0.1415
0.139
0.1386
0.1436
0.1643
0.1429
0.1452
0.1438
0.145
0.149
0.1468
0.1592
0.1403
0.0442
0.1448
0.1468
0.1446
0.1588
0.1613
0.142
0.1506
0.1436
0.1536
0.1484
0.1564
0.1412
0.1403
0.1489
0.1411
0.1441
0.1437
0.1458
0.1399
0.1409
0.1405
0.142
0.1432
0.1452
0.1443
0.1468
0.1452
0.1419
0.1468
0.1515
0.1455
0.1479
0.1465
0.146
0.1437
0.1419
0.1417
0.1409
0.1517
0.1483
0.1487
0.1442
0.1445
0.1406
0.1409
0.1406
0.1393
0.1408
0.0475
0.1466
0.14
0.1405
0.1404
0.1502
0.1393
0.1453
0.1697
0.1525
0.1403
0.1402
0.1401
0.1419
0.1541
0.1443
0.1416
0.1419
0.1401
0.1409
0.1402
0.1403
0.1415
0.1447
0.1598
0.1518
0.1415
0.1393
0.1425
0.1419
0.1399
0.1411
0.1405
0.1399
0.1391
0.1442
0.1454
0.1412
0.1418
0.1405
0.1512
0.1409
0.1454
0.144
0.1481
0.1455
0.1434
0.1516
0.1429
0.045
0.1406
0.1407
0.1408
0.1564
0.1514
0.1418
0.1479
0.1431
0.142
0.1491
0.147
0.1436
0.1408
0.1417
0.1419
0.1408
0.1423
0.1433
0.1409
0.1424
0.1459
0.1452
0.1405
0.141
0.1465
0.1462
0.1433
0.1396
0.1409
0.1415
0.1397
0.1441
0.1476
0.1455
0.1427
0.1407
0.1411
0.141
0.1397
0.1445
0.1473
0.1429
0.1564
0.1476
0.1433
0.142
0.1414
0.1444
0.0491
0.1457
0.141
0.14
0.1404
0.1414
0.1408
0.1598
0.1456
0.145
0.1417
0.1414
0.1402
0.141
0.141
0.1449
0.1425
0.1454
0.1462
0.1401
0.1414
0.1407
0.141
0.1408
0.144
0.1437
0.1434
0.1458
0.1407
0.1403
0.141
0.1411
0.1413
0.1514
0.145
0.1461
0.1429
0.142
0.1401
0.1408
0.1407
0.1464
0.1491
0.1435
0.1544
0.1403
0.1406
0.1402
0.1392
0.0441
0.149
0.1475
0.1454
0.1399
0.1395
0.1398
0.1403
0.1414
0.1466

--------------------------
CreateVideoDecoder_D3D11_1
--------------------------
15.4264

---------------------------
DestroyVideoDecoder_D3D11_1
---------------------------
0

----------------
First Frame Time
----------------
56.8015

--------------------------------------
VideoDecoderBeginFrame_WDDM2_4_D3D11_1
--------------------------------------
0.0092
0.003
0.0038
0.0041
0.0042
0.0028
0.0029
0.0024
0.0022
0.0029
0.0023
0.002
0.0019
0.0024
0.0018
0.002
0.002
0.0019
0.0017
0.0043
0.0024
0.0022
0.002
0.0021
0.0026
0.0028
0.0029
0.0032
0.0041
0.0027
0.0026
0.0029
0.0022
0.0028
0.0024
0.0022
0.002
0.0018
0.0019
0.002
0.002
0.0038
0.0035
0.0031
0.0027
0.0023
0.0021
0.0019
0.002
0.0021
0.0018
0.0019
0.0019
0.0027
0.0025
0.0022
0.0021
0.002
0.0021
0.0019
0.0028
0.0024
0.0028
0.0049
0.0168
0.0021
0.0021
0.0027
0.0023
0.0022
0.0022
0.0022
0.002
0.0019
0.0041
0.0027
0.0022
0.0022
0.002
0.002
0.0019
0.0017
0.0019
0.0019
0.0019
0.0018
0.002
0.0018
0.0018
0.0018
0.002
0.0019
0.0019
0.002
0.0048
0.0027
0.0022
0.002
0.0019
0.002
0.0018
0.002
0.002
0.0019
0.002
0.0019
0.0019
0.0021
0.0018
0.0017
0.0019
0.0019
0.0019
0.0018
0.0018
0.0017
0.0018
0.002
0.0019
0.0027
0.0022
0.0021
0.0021
0.002
0.0019
0.0019
0.0029
0.0019
0.0018
0.0018
0.0018
0.0018
0.0018
0.0019
0.0018
0.0019
0.0018
0.0018
0.0017
0.0018
0.0018
0.0034
0.0019
0.0018
0.002
0.0019
0.0018
0.0019
0.0018
0.002
0.0019
0.0019
0.0018
0.0018
0.0019
0.0019
0.002
0.0018
0.0019
0.0018
0.0019
0.0019
0.0018
0.0019
0.002
0.002
0.0019
0.0019
0.0018
0.0017
0.0018
0.0018
0.002
0.0019
0.0019
0.0018
0.0018
0.0018
0.0018
0.0027
0.0022
0.0022
0.0019
0.002
0.0019
0.0018
0.0028
0.0025
0.0022
0.002
0.0022
0.0019
0.002
0.0018
0.0019
0.0019
0.002
0.0018
0.0018
0.0019
0.0019
0.0019
0.0018
0.0017
0.0017
0.0017
0.0026
0.0022
0.002
0.002
0.0019
0.0079
0.0021
0.0029
0.0021
0.0021
0.0021
0.0018
0.0021
0.0019
0.002
0.0017
0.0019
0.0017
0.0018
0.0018
0.0018
0.0017
0.0018
0.0017
0.0018
0.0018
0.0017
0.0018
0.0019
0.0018
0.0015
0.0018
0.0019
0.0018
0.0017
0.0024
0.0019
0.0019
0.0027
0.002
0.0018
0.0019
0.0019
0.0019
0.0019
0.0025
0.0027
0.0021
0.002
0.0018
0.0021
0.0019
0.0028
0.0026
0.0022
0.0021
0.002
0.0019
0.0018
0.0018
0.0019
0.002
0.0019
0.0019
0.0028
0.0023
0.002
0.002
0.0019
0.0019
0.0027
0.0021
0.002
0.0019
0.0019
0.0018
0.0018
0.0017
0.0017
0.0023
0.0018
0.0016
0.0017
0.0025
0.0016
0.002
0.0019
0.002
0.0019
0.002
0.0019
0.0019
0.0032
0.0019
0.0019
0.0034
0.002
0.0033
0.0021
0.0038
0.002
0.002
0.0032
0.0021
0.0019
0.0018
0.0017
0.0019
0.0019
0.0026
0.0108
0.0019
0.0018
0.0019
0.0018
0.0019
0.0021
0.0019
0.002
0.0019
0.002
0.0018
0.0019
0.0018
0.0021
0.0021
0.0018
0.0018
0.0018
0.0018
0.0018
0.0017
0.0018
0.0018
0.002
0.002
0.0019
0.002
0.0022
0.002
0.0018
0.0018
0.0035
0.0018
0.0018
0.0018
0.0032
0.0019
0.0018
0.0019
0.0019
0.0023
0.0023
0.002
0.0019
0.0019
0.0021
0.0018
0.0018
0.0019
0.0019
0.0018
0.0035
0.002
0.0019
0.0018
0.0021
0.0019
0.002
0.002
0.0019
0.0018
0.0019
0.002
0.002
0.002
0.0019
0.0034
0.0019
0.0018
0.0018
0.0019
0.0019
0.002
0.0037
0.0024
0.0019
0.002
0.0019
0.0018
0.0033
0.0025
0.002
0.0029
0.0024
0.0022
0.0021
0.0022
0.0021
0.0019
0.0019
0.0021
0.0019
0.0019
0.0019
0.002
0.0017
0.002
0.0019
0.0016
0.0017
0.0017
0.0017
0.0026
0.002
0.0018
0.0019
0.0018
0.0018
0.0018
0.0019
0.0019
0.0019
0.002
0.0018
0.0018
0.0019
0.0017
0.0018
0.0027
0.0028
0.0023
0.0021
0.0022
0.002
0.002
0.0042
0.0019
0.002
0.0027
0.0019
0.0019
0.0018
0.0018
0.0018
0.0019
0.0018
0.0018
0.0017
0.0017
0.0018
0.0018
0.0017
0.0016
0.0019
0.0019
0.0018
0.0019
0.0017
0.0018
0.0017
0.0019
0.0018
0.002
0.0019
0.0018
0.0018
0.0018
0.0041
0.0018
0.0017
0.0017
0.0019
0.0019
0.0019
0.0019
0.003
0.0021
0.0019
0.0019
0.0019
0.0019
0.0017
0.0019
0.0019
0.0018
0.002
0.0019
0.0018
0.0019
0.0017
0.0019
0.0021
0.0017

----------------------------
VideoDecoderEndFrame_D3D11_1
----------------------------
0.0386
0.0704
0.0954
0.0793
0.0633
0.084
0.0587
0.0576
0.054
0.0561
0.0559
0.0533
0.0525
0.0534
0.0526
0.0521
0.0532
0.0564
0.0525
0.0747
0.0546
0.0558
0.0551
0.0579
0.0849
0.0746
0.0553
0.0569
0.0551
0.056
0.0541
0.0524
0.0517
0.0596
0.0705
0.0524
0.0526
0.0515
0.0521
0.0526
0.0522
0.0571
0.0635
0.0542
0.0549
0.0523
0.0531
0.0514
0.0648
0.0522
0.051
0.0503
0.0514
0.056
0.0566
0.0507
0.0547
0.0556
0.0531
0.0533
0.0597
0.0519
0.0663
0.0592
0.0554
0.0521
0.056
0.0528
0.0553
0.0507
0.0571
0.059
0.0524
0.0509
0.0599
0.0538
0.0519
0.0532
0.0533
0.0531
0.0506
0.0516
0.0521
0.0506
0.0517
0.0674
0.0522
0.0528
0.0525
0.051
0.0515
0.0532
0.0559
0.0502
0.054
0.0568
0.0575
0.0727
0.0499
0.0518
0.0626
0.0504
0.0529
0.05
0.0495
0.0526
0.05
0.0515
0.0544
0.0517
0.0501
0.0513
0.0505
0.052
0.052
0.0519
0.0506
0.0513
0.0501
0.0617
0.0537
0.052
0.0527
0.0516
0.0496
0.051
0.0549
0.0515
0.0549
0.0507
0.0535
0.0522
0.0527
0.052
0.0513
0.0518
0.0485
0.0523
0.0497
0.0526
0.0505
0.0578
0.0524
0.052
0.0514
0.0509
0.0526
0.0532
0.053
0.0498
0.0502
0.0498
0.0506
0.0518
0.0517
0.0561
0.0507
0.0602
0.0503
0.0602
0.0524
0.0505
0.0517
0.0512
0.0509
0.051
0.0515
0.0498
0.0503
0.0499
0.0509
0.0515
0.0505
0.05
0.0498
0.051
0.0518
0.0506
0.0495
0.0585
0.0517
0.0518
0.0518
0.0509
0.0533
0.0563
0.0579
0.0536
0.0499
0.0533
0.052
0.05
0.0506
0.0558
0.0517
0.051
0.0506
0.0584
0.0509
0.0521
0.0504
0.0518
0.0504
0.0519
0.0515
0.0507
0.0552
0.0526
0.0533
0.0501
0.0515
0.0539
0.0514
0.0551
0.0521
0.0544
0.0527
0.0553
0.0524
0.0556
0.0549
0.0519
0.0496
0.0543
0.0523
0.051
0.0507
0.05
0.0538
0.0502
0.0499
0.0502
0.0514
0.0515
0.0517
0.0541
0.051
0.0495
0.0511
0.0531
0.0561
0.0521
0.05
0.0503
0.0517
0.0513
0.0513
0.0528
0.0528
0.0527
0.0555
0.0751
0.0587
0.058
0.0529
0.055
0.0522
0.0513
0.0664
0.0611
0.0547
0.0514
0.0523
0.0544
0.0536
0.0503
0.0504
0.0528
0.0535
0.0551
0.0567
0.0537
0.0562
0.0739
0.0694
0.0534
0.0562
0.0527
0.0524
0.0512
0.0521
0.0509
0.0513
0.0497
0.0501
0.0589
0.051
0.0512
0.051
0.0535
0.0511
0.0528
0.0516
0.0517
0.0503
0.0509
0.0513
0.0534
0.0582
0.0499
0.0537
0.0572
0.0517
0.0564
0.0536
0.0567
0.0549
0.0517
0.0564
0.0537
0.0505
0.0499
0.0515
0.0495
0.0523
0.0508
0.0634
0.0536
0.0514
0.0527
0.0496
0.0505
0.053
0.0521
0.0505
0.0502
0.05
0.052
0.0521
0.0502
0.0529
0.0515
0.0498
0.0523
0.0499
0.052
0.0524
0.0514
0.0519
0.0651
0.051
0.0511
0.0526
0.0517
0.0534
0.051
0.0583
0.0506
0.0563
0.0514
0.0525
0.0497
0.0575
0.0532
0.0512
0.0496
0.0517
0.0594
0.052
0.0527
0.0511
0.051
0.0509
0.0509
0.0535
0.0514
0.0521
0.0526
0.0575
0.0523
0.0494
0.0521
0.0516
0.0506
0.053
0.0512
0.0513
0.0507
0.0506
0.0502
0.053
0.0502
0.0589
0.0576
0.0513
0.0524
0.0524
0.0512
0.0502
0.0586
0.0572
0.0514
0.0509
0.0515
0.0551
0.0523
0.0589
0.0543
0.051
0.0606
0.0548
0.0532
0.055
0.0522
0.0526
0.0525
0.0518
0.0539
0.0645
0.0528
0.0523
0.0541
0.0548
0.0539
0.0541
0.0528
0.0538
0.0533
0.0523
0.0533
0.0517
0.0544
0.0518
0.0515
0.0534
0.0561
0.0496
0.0516
0.0511
0.0517
0.054
0.0515
0.0521
0.0514
0.0541
0.0571
0.0572
0.0543
0.0505
0.0513
0.058
0.0516
0.0521
0.05
0.0609
0.0508
0.0497
0.0527
0.0516
0.0511
0.0494
0.0524
0.0518
0.0525
0.052
0.0511
0.0527
0.0498
0.0498
0.0654
0.0517
0.0599
0.0516
0.0496
0.0519
0.0525
0.0519
0.0501
0.0513
0.052
0.0509
0.0498
0.0508
0.0512
0.0568
0.0512
0.052
0.0514
0.0501
0.0498
0.0525
0.0518
0.0599
0.0507
0.0517
0.0509
0.0499
0.0529
0.0541
0.0551
0.0504
0.0527
0.053
0.0522
0.0513
0.0531
0.0524
0.0539
0.0534
0.0534

---------------------------------
VideoDecoderSubmitBuffers_D3D11_1
---------------------------------
1.0367
1.4973
2.4893
1.0603
1.4186
0.4438
0.4299
0.4221
0.3327
0.3388
0.3431
0.3239
0.3231
0.3213
0.3242
0.3215
0.3188
0.32
0.3193
0.4628
0.3311
0.3282
0.3258
0.3367
0.4661
0.82
0.3635
0.3851
0.3819
0.3639
0.3336
0.3489
0.3214
0.3482
0.3428
0.3185
0.321
0.3173
0.3169
0.3183
0.3216
0.4367
0.3512
0.3682
0.3561
0.3314
0.3228
0.3194
0.3345
0.2298
0.3199
0.3236
0.3334
0.358
0.3277
0.3558
0.3219
0.3295
0.3308
0.3281
0.3564
0.3518
0.366
0.3668
0.3384
0.3283
0.336
0.3532
0.3444
0.33
0.3238
0.3171
0.3249
0.3161
0.4186
0.3482
0.3287
0.3267
0.3293
0.3223
0.321
0.3164
0.3222
0.3296
0.3397
0.3164
0.3175
0.3124
0.3143
0.3189
0.3245
0.3168
0.3464
0.3207
0.3226
0.3607
0.3382
0.3258
0.2248
0.3223
0.3135
0.3288
0.3239
0.3242
0.3157
0.311
0.3111
0.3156
0.3151
0.3176
0.3246
0.32
0.322
0.317
0.3174
0.3137
0.3308
0.3276
0.3217
0.3557
0.3253
0.3152
0.3214
0.3214
0.3171
0.3246
0.322
0.3158
0.3121
0.3347
0.3118
0.3206
0.3168
0.3202
0.3128
0.3092
0.3091
0.3103
0.3231
0.3182
0.3513
0.3254
0.3176
0.3156
0.3114
0.3259
0.3236
0.2193
0.319
0.3137
0.3156
0.3193
0.3236
0.3221
0.3206
0.317
0.3148
0.3125
0.314
0.3142
0.3203
0.3216
0.3236
0.3185
0.3146
0.3142
0.3139
0.3148
0.3259
0.3212
0.3223
0.3191
0.316
0.3158
0.3164
0.314
0.3128
0.3183
0.3202
0.3591
0.3267
0.3198
0.3167
0.3172
0.3142
0.3159
0.3576
0.328
0.3277
0.3171
0.3299
0.3721
0.3164
0.3135
0.309
0.3218
0.2212
0.3196
0.3215
0.3221
0.3145
0.3141
0.3166
0.3134
0.3135
0.331
0.3621
0.3269
0.3291
0.3204
0.3223
0.3324
0.3162
0.3524
0.3234
0.3176
0.3237
0.3221
0.321
0.3466
0.3332
0.3154
0.33
0.316
0.3141
0.3121
0.317
0.3154
0.3204
0.3223
0.3192
0.3191
0.3214
0.3127
0.3122
0.3134
0.3089
0.3128
0.3112
0.3125
0.3181
0.324
0.3146
0.322
0.3308
0.2112
0.3098
0.3123
0.3193
0.3217
0.3269
0.4567
0.3608
0.3298
0.3187
0.3182
0.3249
0.3163
0.3663
0.3529
0.323
0.3201
0.3198
0.3231
0.3295
0.3203
0.3165
0.3202
0.335
0.3094
0.354
0.3237
0.3214
0.3652
0.3813
0.3271
0.3571
0.3364
0.3292
0.3217
0.3294
0.3095
0.3078
0.3069
0.3154
0.3558
0.3153
0.3162
0.3138
0.3137
0.3225
0.3281
0.3342
0.3172
0.214
0.325
0.3262
0.3173
0.4212
0.3404
0.3193
0.3985
0.3288
0.3755
0.3347
0.3998
0.3256
0.3153
0.39
0.3162
0.3183
0.3169
0.3186
0.3135
0.3111
0.3197
0.3421
0.3195
0.3166
0.3155
0.3199
0.3234
0.3248
0.333
0.3316
0.3265
0.324
0.3185
0.3175
0.3235
0.3367
0.3219
0.3131
0.3243
0.3204
0.3242
0.3186
0.3176
0.3194
0.3477
0.3189
0.3148
0.3165
0.2168
0.3238
0.3184
0.3157
0.3124
0.3954
0.3147
0.3188
0.3651
0.3862
0.3175
0.3138
0.318
0.3182
0.3642
0.343
0.3259
0.321
0.331
0.3168
0.3127
0.3132
0.3288
0.326
0.3379
0.4105
0.3184
0.3192
0.3198
0.3217
0.3226
0.3132
0.3118
0.3111
0.3083
0.3192
0.3209
0.3247
0.3219
0.3133
0.4063
0.3168
0.3189
0.3192
0.3265
0.3224
0.3183
0.3922
0.3329
0.2251
0.3161
0.3188
0.3156
0.403
0.349
0.3207
0.3607
0.3345
0.3282
0.3403
0.3306
0.3291
0.3183
0.3207
0.3238
0.3149
0.3183
0.3182
0.3227
0.3175
0.3312
0.3254
0.3128
0.3161
0.3241
0.322
0.3247
0.3191
0.3207
0.3242
0.3129
0.3201
0.3269
0.3247
0.3172
0.3149
0.3133
0.3108
0.3084
0.3169
0.3188
0.3283
0.3647
0.3596
0.3283
0.3207
0.3203
0.3247
0.2222
0.3207
0.3205
0.314
0.3157
0.3183
0.3172
0.3315
0.3215
0.3169
0.3191
0.3178
0.3107
0.3114
0.3107
0.3211
0.3129
0.315
0.3173
0.3135
0.315
0.3185
0.3107
0.3093
0.3167
0.3198
0.3215
0.3175
0.3154
0.3146
0.3145
0.3143
0.3149
0.3389
0.3163
0.3145
0.316
0.3157
0.3154
0.3164
0.316
0.3611
0.3302
0.3197
0.3315
0.3164
0.3111
0.3089
0.3096
0.2152
0.3204
0.3239
0.3177
0.3124
0.311
0.31
0.3119
0.3201
0.325

