---------------------------------------------
CalcPrivateVideoDecoderOutputViewSize_D3D11_1
---------------------------------------------
0.0024
0.0018
0.0015
0.0013
0.0013
0.0009
0.0133
0.001
0.0009
0.0017
0.001
0.0009
0.0008
0.0023
0.0009
0.0009
0.0006
0.0006
0.0005
0.0025
0.0006
0.0005
0.0006
0.0007
0.0005
0.0005
0.0007
0.0005
0.0025
0.0005
0.0006
0.0005
0.0005
0.0005
0.0006
0.0006
0.0005
0.0007
0.0006
0.0005
0.0006
0.0005
0.0025
0.0006
0.0006
0.0006
0.0006
0.0006
0.0007
0.0006
0.0006
0.0006
0.0005
0.0005
0.0005
0.0005
0.0005
0.001
0.0005
0.0005
0.0005
0.0005
0.0007
0.0023
0.0005
0.0005
0.0005
0.0005
0.0005
0.0005
0.0006
0.0005
0.0007
0.0006
0.0005
0.0006
0.0005
0.0005
0.0005
0.0005
0.0005
0.0014
0.0024
0.0017
0.0012
0.0009
0.0009
0.0007
0.001
0.0007
0.0006
0.0011
0.0006
0.0005
0.004
0.0006
0.0005
0.0005
0.0014
0.0006
0.0005
0.0006
0.0006
0.0006
0.0005
0.0005
0.0006
0.0005
0.0006
0.0005
0.0006
0.0005
0.0007
0.0006
0.0005
0.0006
0.0006
0.0007
0.0006
0.0006
0.0005
0.0005
0.0005
0.0006
0.0005
0.0005
0.0006
0.0005
0.0006
0.0009
0.0008
0.0005
0.0005
0.0006
0.0005
0.0006
0.0005
0.0006
0.0006
0.0005
0.0006
0.0033
0.0006
0.0006
0.0006
0.0006
0.0005
0.0007
0.0005
0.0005
0.0007
0.0008
0.0006
0.0008
0.0008
0.0005
0.0005
0.0006
0.0005
0.0005
0.0006
0.0005
0.0006
0.001
0.0007
0.0006
0.0006
0.0008
0.0006
0.0005
0.0005
0.0006
0.0006
0.0006
0.0006
0.0007
0.002
0.0015
0.0008
0.0009
0.0006
0.0008
0.0006
0.0008
0.0005
0.001
0.0006
0.0006
0.0006
0.0005
0.0006
0.0006
0.0006
0.0006
0.0005
0.0006
0.0015
0.0013
0.0007
0.0007
0.0007
0.0007
0.0006
0.0006
0.0006
0.0006
0.0007
0.0005
0.0007
0.0005
0.0005
0.0061
0.0006
0.0005
0.0006
0.0006
0.0006
0.0005
0.0008
0.0005
0.0007
0.0006
0.0008
0.0006
0.0007
0.001
0.0014
0.0006
0.0006
0.0005
0.0006
0.0006
0.0005
0.0018
0.0006
0.0006
0.0006
0.0005
0.0006
0.0006
0.0006
0.0006
0.0005
0.0005
0.0006
0.0005
0.0007
0.0006
0.0005
0.0006
0.0006
0.0007
0.0005
0.0008
0.0005
0.0012
0.0014
0.001
0.0009
0.001
0.0023
0.0011
0.001
0.001
0.0007
0.0019
0.0011
0.0016
0.0008
0.0008
0.0009
0.0006
0.0006
0.0009
0.0008
0.0006
0.0005
0.0008
0.0007
0.0009
0.0006
0.0006
0.0006
0.0005
0.0005
0.0005
0.0006
0.0006
0.0014
0.0005
0.0005
0.0006
0.0005
0.0005
0.0006
0.0005
0.0005
0.0005
0.0005
0.0006
0.0006
0.0009
0.0013
0.0014
0.001
0.0009
0.0018
0.0014
0.0013
0.0008
0.0007
0.0005
0.0006
0.0006
0.0005
0.0005
0.0081
0.0007
0.0006
0.0006
0.0006
0.0005
0.0006
0.0006
0.0005
0.0005
0.0005
0.0006
0.0006
0.0006
0.0005
0.0007
0.0007
0.0006
0.0007
0.0006
0.0006
0.0006
0.0007
0.0006
0.0006
0.0005
0.0015
0.0009
0.0009
0.0008
0.0007
0.0006
0.0008
0.001
0.0008
0.0006
0.0005
0.0008
0.0006
0.0005
0.0006
0.0006
0.0006
0.0005
0.0006
0.0007
0.0006
0.0006
0.0009
0.0005
0.0008
0.001
0.0013
0.0007
0.0008
0.0006
0.0006
0.0006
0.0006
0.0007
0.001
0.0008
0.0008
0.0006
0.0006
0.0007
0.0008
0.0005
0.0015
0.0009
0.001
0.0008
0.0006
0.0005
0.0006
0.0009
0.0007
0.0006
0.0007
0.0006
0.0006
0.0006
0.0005
0.0005
0.0006
0.0006
0.0006
0.0006
0.0006
0.0005
0.0008
0.0006
0.0006
0.0005
0.0007
0.0006
0.0006
0.0007
0.0006
0.0007
0.0006
0.0007
0.0005
0.0006
0.0005
0.0007
0.0006
0.0006
0.0005
0.0006
0.0006
0.001
0.0006
0.0005
0.0005
0.0005
0.0014
0.0005
0.0006
0.0005
0.0006
0.0006
0.0006
0.0006
0.0006
0.0006
0.0006
0.0007
0.0006
0.0006
0.0005
0.0005
0.0006
0.0006
0.0005
0.0007
0.0007
0.0006
0.0006
0.0008
0.0006
0.0005
0.0006
0.0006
0.0005
0.0005
0.0005
0.0005
0.0006
0.0006
0.0006
0.0005
0.0005
0.0006
0.0006
0.0005
0.0006
0.0005
0.008
0.0007
0.0006
0.0008
0.0007
0.0005
0.0006
0.0006
0.0013
0.0006
0.0006
0.0006
0.0006
0.0008
0.0009
0.0008
0.0007
0.0006
0.0006
0.0006
0.0005
0.0006
0.0009
0.0006
0.0005
0.0005
0.0005
0.0005
0.0015
0.0017
0.0011
0.0008
0.001
0.001
0.0008
0.0009
0.001
0.0009
0.0009
0.0008
0.0006
0.0006
0.0005
0.0007
0.0006
0.0005
0.0006
0.0008
0.0005
0.0006
0.0006
0.0007
0.0006
0.0005
0.0005
0.0005
0.0005
0.0005
0.0005
0.0006
0.0005
0.0006
0.0006
0.0006
0.0006
0.0005
0.0005
0.0006
0.0006
0.0006
0.0019
0.001
0.001
0.0007
0.0011
0.0008
0.0006
0.0006
0.0006
0.0008
0.0007
0.0007
0.0006
0.0007
0.0005
0.0005
0.0005
0.0006
0.0005
0.001
0.0006
0.0005
0.0006
0.0006
0.0009
0.0007
0.0008
0.0005
0.0006
0.0006
0.0005
0.0005
0.0006
0.0005
0.0008
0.0016
0.0011
0.0025
0.0009
0.0006
0.0013
0.0006
0.0006
0.0005
0.0018
0.0014
0.0005
0.0014
0.0006
0.0008
0.0006
0.0006
0.0007
0.0007
0.0006
0.0005

-----------------------
CodechalDecode::Execute
-----------------------
8.4687
19.5848
12.8579
12.1636
11.1102
11.5313
10.8158
9.7818
10.6061
9.7801
0.8087
0.685
0.719
0.7178
0.6904
0.6961
0.4849
0.4689
0.4678
0.4713
0.4736
0.4741
0.4585
0.4557
0.4533
0.4528
0.46
0.4756
0.4813
0.4686
0.462
0.4793
0.4768
0.4572
0.4581
0.4692
0.4607
0.4551
0.4542
0.4622
0.4585
0.4641
0.4774
0.4609
0.4638
0.4639
0.4731
0.4769
0.4585
0.4601
0.4654
0.4525
0.4473
0.4496
0.4542
0.4567
0.4643
0.4644
0.5133
0.4538
0.4555
0.439
0.4547
0.4632
0.4662
0.4601
0.4594
0.4642
0.4678
0.4496
0.4747
0.447
0.4502
0.4548
0.4631
0.4626
0.4768
0.452
0.4551
0.4528
0.4958
0.5011
0.5899
0.5352
0.4701
0.4599
0.4553
0.4567
0.453
0.4505
0.4516
0.4515
0.4657
0.4591
0.4602
0.4568
0.4518
0.4539
0.448
0.4522
0.4568
0.4574
0.4635
0.4565
0.4588
0.4821
0.4587
0.4627
0.4584
0.4581
0.4547
0.4571
0.4563
0.455
0.4583
0.4616
0.4544
0.4566
0.4595
0.4564
0.4515
0.4549
0.4477
0.4553
0.4893
0.459
0.4542
0.4804
0.458
0.4562
0.4648
0.4549
0.4625
0.4486
0.4552
0.4548
0.4565
0.4533
0.4572
0.4564
0.4542
0.468
0.4574
0.4554
0.4523
0.454
0.4567
0.4525
0.4661
0.4502
0.4544
0.4529
0.466
0.4551
0.4626
0.4543
0.4629
0.4543
0.4976
0.4708
0.4616
0.4518
0.4555
0.4532
0.4543
0.4595
0.4548
0.4495
0.4531
0.4523
0.4555
0.453
0.4568
0.4558
0.5345
0.4756
0.7286
0.4998
0.459
0.4642
0.4664
0.4607
0.5074
0.4716
0.4523
0.4533
0.4479
0.447
0.4458
0.4525
0.4552
0.4537
0.4654
0.4573
0.4539
0.4561
0.5444
0.4748
0.4562
0.4667
0.4525
0.4609
0.456
0.4515
0.4519
0.4521
0.4603
0.4558
0.4602
0.4563
0.4537
0.4666
0.4562
0.4517
0.4535
0.4502
0.456
0.4925
0.4616
0.4488
0.4534
0.4514
0.4614
0.4558
1.56
0.4649
0.457
0.4576
0.4552
0.4587
0.4545
0.4658
0.9736
0.5197
0.4583
0.9717
0.9664
1.014
0.9713
0.9688
0.9611
0.9674
0.9657
0.9665
0.958
0.9641
0.9705
0.9615
0.9641
0.9651
0.9665
0.9696
0.9651
0.9682
0.9709
14.4699
4.0772
0.4697
0.4577
1.6107
0.7118
0.6702
0.4659
1.4001
0.9971
0.5093
0.4739
0.5235
0.4727
1.5149
0.4709
0.462
0.4581
0.4608
0.4675
0.4642
0.4839
0.5202
0.5061
0.4644
0.4599
0.456
0.4565
0.4569
0.4609
0.4552
0.459
0.485
0.4593
0.4526
0.4601
0.454
0.4575
0.459
0.4583
0.4706
0.4711
0.4608
0.4627
0.4639
0.4638
14.65
3.3239
0.4821
0.4712
14.792
3.776
0.5042
0.4793
0.4713
0.4706
0.4648
0.4689
0.4701
0.4676
0.4743
0.4789
0.4468
0.4574
0.4605
0.4581
0.4539
0.4657
0.4564
0.4537
0.4586
0.463
0.4682
0.4672
0.4655
0.4625
0.4602
0.4568
0.4605
0.4674
0.4615
0.4599
0.4598
0.4713
0.4642
0.4628
0.5126
0.5499
0.4707
0.4687
0.4671
0.4562
0.4513
0.4607
0.4585
0.4575
0.4556
0.4504
0.4486
0.4564
0.5017
0.4705
0.4671
0.4687
0.4716
0.4637
0.4523
0.4482
0.4572
0.4671
0.4594
15.0431
3.5744
0.4869
0.4558
0.4679
0.456
0.4538
0.4584
0.4572
0.4617
0.4716
0.4583
0.4542
0.447
0.4465
0.4545
0.4569
0.4706
0.5097
0.4671
0.4717
0.4662
0.473
0.4631
0.4662
0.4563
0.4583
0.454
0.449
0.4601
0.4598
0.4574
0.4571
0.4741
0.4684
0.4646
0.4688
0.4638
0.4693
0.4669
0.4623
0.446
0.4534
0.455
0.4565
0.4591
0.4532
0.446
0.4567
0.4526
0.4721
0.4585
0.4633
0.464
0.461
0.4604
0.4659
0.4687
0.4694
0.4636
0.4597
0.4447
0.4637
0.4591
0.4889
0.4609
0.4526
0.4577
0.4551
0.4587
0.4761
0.4672
0.4648
0.4655
0.4583
0.4628
0.4563
0.4652
0.4584
0.4599
0.4567
0.4542
0.4564
0.4518
0.4565
0.4524
0.4683
0.4653
0.4687
0.4738
0.4615
0.4646
0.4622
0.4621
0.4585
0.4579
0.4582
0.4643
0.466
0.4574
0.47
0.46
0.4634
0.4627
0.4613
0.4651
0.9646
0.9618
0.9917
0.9643
0.9873
1.0045
0.9734
0.9726
1.0312
0.4546
0.9673
0.9683
0.9652
0.966
0.9732
1.0042
0.4511
0.9715
0.9918
0.983
0.9797
0.9835
0.9922
0.9932
0.4662
0.9713
0.9769
0.9648
0.9661
0.9633
0.9904
0.5177
0.4735
1.5743
0.4633
0.4669
1.5698
0.4671
0.4677
1.5645
0.4695
1.325
0.9695
0.9638
0.9842
1.004
0.9915
0.9915
0.9923
0.9746
0.9683
0.9689
0.9642
0.9702
0.4599
0.9757
0.9685
0.9657
0.9751
0.9694
0.9656
1.0392
0.9691
0.9626
0.9689
0.9619
0.9685
0.9674
0.9691
0.9737
0.9685
0.9733
0.5266
0.4707
0.4696
0.4585
0.4652
0.4473
0.4566
0.4519
0.4737
0.4932
0.4869
0.4633
0.4518
0.4526
0.4611
0.4595
0.4553
0.451
0.4506
0.452
0.471
0.4614
0.4577
0.4618
0.4532
0.4478
0.4619
0.4595
0.4659
0.4643
0.4655
0.4664
0.4626
0.4991
0.6748
0.5169
0.5149
0.5428
0.4696
0.4629
0.4578
0.4706
0.4664
0.4677
0.5442
0.4856
0.5007
0.5005
0.4989
0.4725
0.464
0.4696
0.4724
0.4696
0.4628
0.4665

---------------------------------
CodechalDecodeVp9::SetFrameStates
---------------------------------
0.7932
0.0083
0.0081
0.0082
0.018
0.0064
0.0071
0.0069
0.0067
0.0087
0.0074
0.0066
0.0053
0.0055
0.005
0.0052
0.0053
0.0049
0.0049
0.006
0.0051
0.005
0.0047
0.0048
0.0047
0.0047
0.005
0.005
0.0058
0.0049
0.0048
0.0049
0.0048
0.0047
0.0049
0.0049
0.0047
0.0047
0.0047
0.0046
0.0049
0.0051
0.006
0.0052
0.005
0.0051
0.0051
0.0048
0.005
0.0048
0.0048
0.0045
0.0046
0.0044
0.0045
0.0046
0.0072
0.0049
0.0046
0.0048
0.0048
0.0049
0.0049
0.006
0.005
0.0049
0.0047
0.0048
0.0048
0.0046
0.0045
0.0046
0.0046
0.0048
0.005
0.0048
0.0053
0.0047
0.0047
0.0048
0.0046
0.0071
0.0106
0.0077
0.006
0.0051
0.005
0.0048
0.005
0.0049
0.0049
0.0048
0.0057
0.0063
0.0075
0.0063
0.0049
0.0062
0.0056
0.0062
0.0066
0.0062
0.0061
0.0062
0.006
0.0061
0.0057
0.0064
0.0056
0.0063
0.0056
0.0063
0.0058
0.0063
0.006
0.0047
0.0065
0.0063
0.0063
0.0048
0.0047
0.0062
0.0051
0.0065
0.0061
0.0062
0.0056
0.0061
0.0057
0.005
0.0061
0.0055
0.0054
0.0048
0.0062
0.0062
0.006
0.0062
0.0058
0.0063
0.0059
0.0105
0.0065
0.0053
0.0064
0.006
0.0063
0.0049
0.0059
0.0061
0.0048
0.0049
0.0064
0.0049
0.0062
0.005
0.0059
0.0061
0.0088
0.0057
0.0056
0.0063
0.0076
0.0047
0.0049
0.0049
0.0049
0.0047
0.006
0.006
0.0061
0.0048
0.0064
0.0059
0.0057
0.0062
0.011
0.0072
0.0056
0.005
0.005
0.0051
0.005
0.0074
0.005
0.0068
0.0063
0.0063
0.0055
0.0058
0.0057
0.006
0.0062
0.0062
0.007
0.0063
0.0085
0.0056
0.0048
0.0051
0.0047
0.005
0.0046
0.0049
0.0047
0.0048
0.0048
0.0047
0.0048
0.0046
0.0047
0.0064
0.0047
0.0045
0.0047
0.0047
0.0047
0.0047
0.0048
0.0047
0.0048
0.0047
0.0048
0.0047
0.0048
0.0068
0.0049
0.0059
0.0058
0.0057
0.0057
0.006
0.5139
0.0076
0.006
0.0047
0.0047
0.0047
0.0046
0.0045
0.0046
0.0045
0.0046
0.0045
0.005
0.0046
0.0045
0.0044
0.0046
0.0044
0.0044
0.0044
0.0045
0.0046
0.0046
0.5118
0.007
0.0066
0.0053
0.0053
0.0094
0.0077
0.0055
0.007
0.5483
0.0072
0.0066
0.0072
0.0057
0.0065
0.0067
0.0049
0.0048
0.0051
0.006
0.0061
0.006
0.005
0.0047
0.0048
0.0046
0.0048
0.0049
0.0049
0.0047
0.0048
0.0049
0.0057
0.0061
0.0061
0.0058
0.0047
0.0047
0.0048
0.0048
0.0046
0.0047
0.0047
0.0055
0.0047
0.0047
0.54
0.0069
0.0068
0.0055
0.3887
0.0073
0.0081
0.0055
0.0062
0.0049
0.0048
0.0047
0.0047
0.0048
0.0059
0.0068
0.0057
0.0059
0.0048
0.006
0.0048
0.0048
0.0046
0.0048
0.0055
0.006
0.0054
0.0049
0.0048
0.0046
0.0049
0.0055
0.0062
0.006
0.0059
0.0049
0.0062
0.0055
0.0048
0.0047
0.0055
0.0076
0.0055
0.0052
0.0049
0.0047
0.0048
0.0049
0.0066
0.0048
0.0058
0.0048
0.0055
0.0048
0.0048
0.0049
0.0048
0.0047
0.0048
0.0046
0.0047
0.0062
0.0059
0.006
0.0059
0.4686
0.007
0.007
0.005
0.0052
0.0049
0.0047
0.0048
0.0047
0.0046
0.005
0.005
0.005
0.0048
0.0048
0.005
0.0048
0.0048
0.0071
0.0055
0.0052
0.0049
0.0047
0.0048
0.0054
0.0049
0.006
0.006
0.0063
0.0058
0.0059
0.0048
0.0047
0.0047
0.0047
0.0048
0.0054
0.0047
0.0048
0.0047
0.0048
0.0048
0.006
0.0057
0.006
0.0046
0.0046
0.0049
0.0047
0.0047
0.0048
0.0046
0.0046
0.0047
0.0046
0.0057
0.006
0.0048
0.0046
0.0047
0.0045
0.005
0.0046
0.0044
0.0044
0.0044
0.0045
0.0044
0.0046
0.0045
0.0071
0.0048
0.0047
0.0046
0.0047
0.0045
0.0044
0.0046
0.0044
0.0046
0.0044
0.0044
0.0044
0.0043
0.0044
0.0047
0.0047
0.0048
0.0047
0.0049
0.0046
0.0046
0.0045
0.0046
0.0045
0.0044
0.0044
0.0044
0.0046
0.0044
0.0062
0.0046
0.0046
0.0045
0.0045
0.0045
0.0045
0.0045
0.0244
0.0047
0.006
0.0049
0.0046
0.0047
0.0045
0.0052
0.0046
0.0047
0.0047
0.0046
0.0045
0.0047
0.0051
0.0049
0.0046
0.0044
0.0044
0.0043
0.0043
0.0044
0.0058
0.0046
0.0087
0.0047
0.0047
0.0046
0.0047
0.0075
0.0056
0.0049
0.0066
0.0052
0.0053
0.0068
0.0053
0.0051
0.0068
0.0049
0.0046
0.0047
0.0044
0.0048
0.0046
0.0045
0.0045
0.0045
0.0045
0.0045
0.0047
0.0047
0.0062
0.0046
0.0046
0.0045
0.0045
0.0045
0.0046
0.0046
0.0044
0.0043
0.0044
0.0045
0.0045
0.0046
0.0046
0.0048
0.0047
0.0056
0.0076
0.0057
0.0052
0.0047
0.0051
0.0052
0.0047
0.0046
0.0045
0.0049
0.0046
0.0046
0.0047
0.0044
0.0045
0.0045
0.0044
0.0044
0.0045
0.0048
0.0053
0.0057
0.0059
0.0059
0.0049
0.0048
0.006
0.0058
0.0059
0.0061
0.0057
0.0049
0.0058
0.0062
0.0057
0.0097
0.0052
0.0091
0.0057
0.005
0.005
0.0183
0.0058
0.0061
0.0086
0.0063
0.0517
0.0056
0.005
0.0062
0.0057
0.0048
0.0059
0.0057
0.0046
0.0047

------------------------------------------
CodechalDecodeVp9G12::DecodePrimitiveLevel
------------------------------------------
1.0639
0.0487
0.1284
0.0333
0.0383
0.0683
0.0225
0.0268
0.0914
0.0236
0.0261
0.1112
0.0201
0.0247
0.0747
0.0228
0.0274
0.0746
0.02
0.0304
0.0754
0.0197
0.0276
0.0784
0.0207
0.0406
0.0923
0.0189
0.0349
0.1121
0.0196
0.0221
0.0805
0.0175
0.0213
0.0715
0.0176
0.0208
0.1048
0.0175
0.0217
0.1062
0.0193
0.0214
0.0756
0.018
0.0217
0.0791
0.018
0.0207
0.0417
0.0171
0.0203
0.0379
0.0173
0.02
0.0373
0.0169
0.0204
0.038
0.0184
0.0213
0.0385
0.0194
0.0202
0.0379
0.0169
0.0203
0.0373
0.0169
0.0197
0.0369
0.0175
0.0201
0.0338
0.0167
0.0207
0.036
0.0174
0.0204
0.0365
0.0178
0.0205
0.0382
0.0185
0.0209
0.0397
0.0171
0.0199
0.0387
0.0173
0.0203
0.0383
0.0171
0.0273
0.0396
0.0176
0.02
0.0377
0.0167
0.0199
0.0376
0.0167
0.0204
0.0369
0.0176
0.0202
0.0377
0.0169
0.0199
0.0371
0.0164
0.0199
0.0368
0.0163
0.0197
0.0366
0.0169
0.0204
0.0375
0.0172
0.0203
0.037
0.0168
0.0205
0.0382
0.0188
0.0211
0.0389
0.0176
0.0201
0.0387
0.0174
0.0204
0.039
0.0177
0.0202
0.0376
0.0188
0.0211
0.0391
0.0281
0.0207
0.0401
0.017
0.0202
0.0368
0.0171
0.0205
0.038
0.0175
0.0238
0.0372
0.0165
0.0202
0.0361
0.0169
0.0202
0.0365
0.0169
0.0203
0.0361
0.0165
0.0204
0.0369
0.0176
0.0202
0.0377
0.0176
0.0206
0.038
0.0167
0.0207
0.0392
0.0171
0.0198
0.0358
0.0168
0.0198
0.0379
0.0171
0.0195
0.0377
0.0164
0.0194
0.0373
0.0175
0.0198
0.0389
0.0177
0.0207
0.0398
0.0171
0.0208
0.0382
0.017
0.0209
0.0367
0.017
0.0202
0.0368
0.017
0.0202
0.0372
0.0173
0.0211
0.0371
0.0165
0.0199
0.0377
0.0165
0.0283
0.0368
0.0166
0.0199
0.0368
0.0167
0.0199
0.036
0.0168
0.0201
0.037
0.0167
0.0207
0.038
0.0175
0.0205
0.0381
0.0183
0.0207
0.0388
0.0166
0.0193
0.0368
0.0167
0.0197
0.0373
0.0171
0.0193
0.037
0.0163
0.0201
0.0385
0.0191
0.0214
0.04
0.0226
0.0235
0.046
0.0205
0.0232
0.0405
0.0177
0.0209
0.0343
0.0172
0.0204
0.034
0.0166
0.0204
0.0327
0.0173
0.0196
0.0338
0.017
0.0201
0.0334
0.0168
0.0197
0.0335
0.0173
0.0198
0.0334
0.0169
0.0195
0.0334
0.0172
0.0201
0.0328
0.0169
0.0201
0.0327
0.0172
0.0197
0.0323
0.0171
0.0196
0.0332
0.0162
0.0198
0.0317
0.0168
0.0201
0.0314
0.0166
0.02
0.0315
0.0167
0.0196
0.0318
0.0167
0.0197
0.0323
0.0172
0.0202
0.0322
0.0173
0.02
0.0323
0.0167
0.0196
0.0324
0.017
0.0197
0.0322
0.0167
0.0221
0.0321
0.0168
0.0203
0.0314
0.0172
0.0198
0.0323
0.0164
0.0194
0.0324
0.0166
0.0196
0.0329
0.0168
0.0201
0.0325
0.0171
0.0197
0.0336
0.0163
0.0196
0.0317
0.0165
0.0195
0.0309
0.0169
0.0198
0.031
0.0171
0.02
0.0316
0.0169
0.0197
0.0316
0.0168
0.0204
0.0317
0.0168
0.0197
0.0319
0.0173
0.0202
0.0327
0.0169
0.02
0.0315
0.0163
0.02
0.0322
0.0174
0.0205
0.0322
0.0168
0.0198
0.0321
0.018
0.0198
0.0463
0.0175
0.0194
0.0333
0.0179
0.0195
0.0324
0.0381
0.0202
0.0326
0.0164
0.0198
0.0317
0.0164
0.0199
0.0326
0.0171
0.0201
0.0317
0.017
0.0198
0.0317
0.0169
0.0197
0.0316
0.0172
0.0201
0.0316
0.0163
0.0197
0.0319
0.0167
0.0194
0.0327
0.0165
0.0201
0.0323
0.0167
0.0196
0.0322
0.017
0.02
0.0329
0.0171
0.0196
0.0327
0.0171
0.0196
0.0331
0.0172
0.0194
0.0329
0.017
0.02
0.033
0.017
0.0197
0.0333
0.0169
0.0197
0.0314
0.0166
0.0201
0.0318
0.0169
0.0201
0.0311
0.0169
0.0202
0.0315
0.017
0.0198
0.032
0.017
0.0198
0.0317
0.0169
0.0203
0.032
0.0172
0.0202
0.0327
0.0172
0.0194
0.0322
0.017
0.0204
0.0327
0.0175
0.0202
0.0326
0.0171
0.0194
0.0328
0.017
0.02
0.0326
0.0166
0.0196
0.0326
0.0336
0.0197
0.0327
0.0167
0.0195
0.0332
0.0163
0.0203
0.0309
0.0162
0.0195
0.0313
0.0167
0.0204
0.0309
0.0171
0.0205
0.0318
0.0163
0.0204
0.032
0.0172
0.0199
0.0319
0.0166
0.0198
0.0313
0.0173
0.0195
0.0326
0.0172
0.0198
0.0313
0.0162
0.0195
0.032
0.017
0.0203
0.0322
0.0174
0.0198
0.0319
0.0172
0.0195
0.0329
0.0171
0.0198
0.0322
0.0226
0.0199
0.0326
0.0171
0.0197
0.0332
0.0267
0.0317
0.0546
0.0189
0.0215
0.0394
0.0167
0.0197
0.0379
0.0168
0.0201
0.0377
0.0165
0.0215
0.0373
0.0163
0.02
0.041
0.021
0.0196
0.0378
0.0167
0.0199
0.0371
0.0165
0.0197
0.0334
0.0161
0.0192
0.0333
0.0161
0.0191
0.0326
0.0167
0.0194
0.0333
0.0163
0.0193
0.033
0.0161
0.0196
0.0326
0.0158
0.0193
0.0322
0.0156
0.0193
0.0329
0.0164
0.0199
0.0312
0.0168
0.0202
0.0312
0.0163
0.02
0.0315
0.0166
0.0202
0.0314
0.0212
0.023
0.0439
0.0183
0.0204
0.0372
0.0168
0.02
0.0355
0.017
0.0196
0.0376
0.0169
0.0198
0.036
0.0168
0.0203
0.0369
0.0166
0.0199
0.0361
0.0171
0.0194
0.0373
0.0167
0.02
0.0374
0.0167
0.0203
0.0368
0.017
0.0201
0.0383
0.0168
0.0196
0.0378
0.0163
0.02
0.0355
0.0165
0.0196
0.0357
0.0165
0.0198
0.0356
0.0168
0.0198
0.0366
0.0165
0.0195
0.0366
0.0165
0.0197
0.0359
0.0169
0.0203
0.0359
0.0167
0.0192
0.0352
0.0166
0.0196
0.0356
0.017
0.02
0.0728
0.0168
0.0196
0.0379
0.017
0.0192
0.0357
0.0164
0.0195
0.0364
0.017
0.0196
0.0371
0.0168
0.0195
0.0378
0.0168
0.0201
0.0409
0.0225
0.0226
0.0417
0.0177
0.0201
0.0341
0.0171
0.0203
0.0318
0.017
0.0199
0.0316
0.017
0.0203
0.0323
0.0168
0.0205
0.032
0.0166
0.0196
0.0315
0.0173
0.0205
0.0323
0.0175
0.02
0.033
0.0206
0.0217
0.0455
0.0174
0.0198
0.0322
0.0171
0.0194
0.0323
0.0167
0.0194
0.0326
0.0339
0.0197
0.0342
0.0168
0.0199
0.033
0.0169
0.0197
0.0323
0.0165
0.0198
0.031
0.0166
0.0197
0.0308
0.017
0.0197
0.0318
0.0173
0.0199
0.0313
0.0166
0.0194
0.0352
0.0168
0.02
0.0313
0.0167
0.0198
0.032
0.0175
0.0194
0.0324
0.0173
0.0195
0.032
0.0164
0.0203
0.0316
0.0174
0.0203
0.0318
0.0167
0.0195
0.0324
0.0178
0.0197
0.0325
0.0173
0.0195
0.0328
0.0169
0.0201
0.0323
0.0164
0.0192
0.0589
0.0229
0.0225
0.04
0.0176
0.0209
0.0348
0.0168
0.02
0.0334
0.0222
0.0301
0.0474
0.0255
0.0356
0.0566
0.0229
0.0301
0.051
0.017
0.0198
0.0349
0.0178
0.0196
0.0326
0.0168
0.0194
0.0331
0.0188
0.0219
0.0397
0.0176
0.0196
0.0338
0.0204
0.0216
0.0459
0.0184
0.0203
0.0385
0.018
0.0212
0.0341
0.0175
0.0197
0.034
0.0169
0.0199
0.0337
0.0163
0.0201
0.0316
0.0168
0.0201
0.0324
0.0171
0.0202
0.0323
0.0165
0.0202
0.0322
0.0168
0.0204
0.0361
0.0173
0.02
0.0336
0.0153
0.0195
0.0325
0.0165
0.0197
0.0328
0.0161
0.0194
0.033
0.0156
0.0194
0.0325
0.0162
0.0196
0.0327
0.0162
0.0197
0.0328
0.0163
0.0195
0.0331
0.016
0.0195
0.0328
0.017
0.0198
0.0342
0.0172
0.0426
0.033
0.0156
0.0194
0.0313
0.0154
0.0191
0.0316
0.0156
0.019
0.0314
0.016
0.0194
0.0315
0.0165
0.0199
0.0316
0.0161
0.0201
0.0325
0.0161
0.0194
0.0328
0.0166
0.02
0.0327
0.0171
0.0201
0.0325
0.0164
0.0193
0.0333
0.0175
0.0198
0.0325
0.017
0.0199
0.0329
0.0174
0.0201
0.0326
0.02
0.0281
0.0461
0.0231
0.0223
0.0428
0.0176
0.0205
0.0388
0.0168
0.0202
0.0363
0.0196
0.028
0.0436
0.0236
0.0219
0.0428
0.0199
0.0214
0.0409
0.0184
0.0211
0.0359
0.0176
0.0205
0.0328
0.0172
0.0194
0.0327
0.017
0.0201
0.0325
0.017
0.0198
0.0324
0.0167
0.0199
0.0323
0.0169
0.0202
0.0323
0.0176
0.02
0.033
0.0172
0.02
0.0498
0.0162
0.0193
0.0331
0.0165
0.0195
0.0328
0.016
0.0194
0.0333
0.0155
0.0204
0.0319
0.0154
0.0199
0.0312
0.0159
0.0194
0.0389
0.0161
0.0191
0.0309
0.0161
0.0191
0.0319
0.0158
0.0195
0.0309
0.017
0.0196
0.0318
0.0171
0.0201
0.0323
0.017
0.0197
0.0325
0.0166
0.0203
0.0324
0.0168
0.0197
0.0322
0.0167
0.0197
0.0335
0.017
0.0193
0.0324
0.0166
0.0199
0.0323
0.0165
0.02
0.0326
0.017
0.0199
0.033
0.0165
0.02
0.0314
0.017
0.0196
0.032
0.0164
0.0197
0.0324
0.0169
0.0195
0.0315
0.0165
0.0199
0.0317
0.0176
0.0202
0.0317
0.0211
0.0231
0.0475
0.018
0.0204
0.0373
0.0177
0.0198
0.0373
0.0167
0.0201
0.0369
0.0164
0.0196
0.0367
0.0162
0.0194
0.037
0.0169
0.0194
0.0377
0.016
0.0198
0.0332
0.0162
0.019
0.0327
0.0163
0.0194
0.0332
0.0157
0.019
0.031
0.016
0.0197
0.0316
0.0154
0.0195
0.0312
0.0154
0.0246
0.0324
0.017
0.02
0.0314
0.0173
0.0195
0.0349
0.0167
0.0197
0.0319
0.0172
0.0197
0.0321
0.0168
0.0201
0.0319
0.0164
0.0202
0.0334
0.0163
0.0191
0.0326
0.016
0.0198
0.0327
0.0161
0.0196
0.0319
0.0159
0.0192
0.0323
0.0272
0.0287
0.0462
0.0235
0.0227
0.0474
0.0186
0.0206
0.0384
0.0167
0.0201
0.0362
0.0173
0.0201
0.0369
0.0168
0.0197
0.0363
0.0165
0.0201
0.0361
0.017
0.0205
0.0364
0.0169
0.02
0.0357
0.0174
0.0203
0.0362
0.0169
0.0193
0.037
0.0165
0.0196
0.0372
0.0168
0.0194
0.0374
0.0158
0.0195
0.0351
0.016
0.0192
0.0366
0.0164
0.0195
0.0374
0.0167
0.0198
0.0377
0.0161
0.0194
0.0365
0.0196
0.0217
0.0405
0.0178
0.0204
0.0376
0.0169
0.0208
0.0352
0.0163
0.0197
0.0323
0.0172
0.0199
0.032
0.017
0.0196
0.0322
0.0167
0.0196
0.0318
0.017
0.0199
0.0324
0.0169
0.0194
0.0327
0.0152
0.0194
0.0317
0.0157
0.0191
0.033
0.0161
0.0189
0.0323
0.0169
0.0192
0.0323
0.016
0.0191
0.0326
0.0168
0.0194
0.0322
0.0166
0.0197
0.0321
0.0164
0.0194
0.0319
0.0162
0.0195
0.0311
0.0168
0.02
0.0319
0.0166
0.0195
0.0319
0.017
0.0201
0.0325
0.0171
0.0195
0.0318
0.0168
0.0201
0.0331
0.0162
0.0192
0.0325
0.0163
0.019
0.0321
0.0155
0.019
0.032
0.0161
0.0193
0.0322
0.0165
0.0193
0.0322
0.0159
0.019
0.0316
0.0159
0.0193
0.0325
0.0164
0.0195
0.0335
0.016
0.0195
0.0314
0.0163
0.0193
0.0315
0.0173
0.0193
0.0312
0.0168
0.0194
0.0317
0.0173
0.0196
0.0322
0.017
0.0199
0.0319
0.0172
0.0198
0.032
0.0163
0.02
0.0324
0.0172
0.0198
0.0324
0.0173
0.0235
0.0321
0.0169
0.0199
0.032
0.0166
0.0195
0.0322
0.0168
0.0194
0.0325
0.0168
0.0195
0.0325
0.0172
0.0206
0.032
0.0168
0.0197
0.0322
0.0169
0.0197
0.0324
0.0167
0.0198
0.031
0.0173
0.02
0.0303
0.0166
0.0201
0.0309
0.017
0.0198
0.0319
0.0169
0.0195
0.0322
0.0172
0.0199
0.0323
0.0168
0.0194
0.0323
0.018
0.0198
0.0324
0.0171
0.0196
0.0318
0.017
0.0193
0.0319
0.0174
0.0198
0.0318
0.0168
0.0197
0.0324
0.017
0.0199
0.0318
0.017
0.0195
0.0321
0.0172
0.0199
0.0319
0.017
0.0198
0.0326
0.0166
0.0197
0.0313
0.0168
0.0196
0.0321
0.0167
0.02
0.0319
0.0169
0.0202
0.032
0.0172
0.0196
0.0317
0.0168
0.0197
0.0324
0.0166
0.0197
0.0338
0.0175
0.0197
0.0325
0.0169
0.0198
0.032
0.017
0.0198
0.0315
0.0175
0.0199
0.0317
0.0171
0.0194
0.0323
0.0171
0.0194
0.0322
0.0168
0.0195
0.0324
0.0172
0.0198
0.0319
0.0171
0.0199
0.0324
0.017
0.0196
0.0349
0.0167
0.0196
0.0312
0.0161
0.0197
0.0317
0.0168
0.0197
0.032
0.0169
0.0198
0.0317
0.0173
0.0201
0.0311
0.0165
0.0201
0.0319
0.0171
0.0201
0.0327
0.0169
0.0195
0.0319
0.0169
0.0194
0.0321
0.0169
0.0195
0.0323
0.0176
0.0196
0.0323
0.0177
0.0199
0.0328
0.0174
0.0199
0.0323
0.0171
0.02
0.0322
0.017
0.0197
0.0325
0.0178
0.0195
0.0311
0.0168
0.02
0.032
0.0167
0.0197
0.0317
0.017
0.0204
0.0315
0.0169
0.0202
0.0323
0.0167
0.0198
0.0313
0.0168
0.0197
0.0325
0.0174
0.0198
0.0321
0.017
0.0203
0.033
0.0156
0.0191
0.0321
0.0163
0.0197
0.0327
0.0162
0.0196
0.0323
0.016
0.0195
0.0319
0.0164
0.0198
0.0317
0.0168
0.0201
0.0319
0.0167
0.0195
0.0321
0.0169
0.0199
0.0315
0.0165
0.0198
0.0315
0.0162
0.0204
0.0312
0.0171
0.02
0.0316
0.0165
0.0195
0.0314
0.017
0.0196
0.0319
0.0166
0.0196
0.0321
0.0205
0.0224
0.0396
0.0177
0.0206
0.0354
0.0227
0.0229
0.041
0.0178
0.0209
0.0349
0.0176
0.02
0.0329
0.023
0.0219
0.0405
0.0181
0.0205
0.0352
0.018
0.0211
0.0355
0.0229
0.022
0.0423
0.0178
0.0209
0.0343
0.017
0.0196
0.0313
0.0175
0.0199
0.0314
0.0172
0.0199
0.0316
0.0181
0.0201
0.0317
0.0173
0.02
0.0322
0.0166
0.0199
0.0318
0.0168
0.0199
0.0324
0.0171
0.02
0.0319
0.0169
0.0205
0.0326
0.0167
0.0201
0.0321
0.0169
0.0199
0.0319
0.0171
0.0192
0.0321
0.0171
0.0194
0.0319
0.0169
0.0197
0.0324
0.0171
0.0199
0.0322
0.0167
0.0199
0.0312
0.0159
0.0193
0.0314
0.0171
0.0206
0.031
0.0169
0.0197
0.032
0.0169
0.0202
0.0315
0.0507
0.0196
0.0314
0.0165
0.02
0.0321
0.017
0.0192
0.0319
0.0169
0.0195
0.0316
0.0164
0.0194
0.0319
0.0175
0.0199
0.0321
0.0169
0.0196
0.0323
0.0166
0.0197
0.0317
0.017
0.0194
0.0322
0.0169
0.0199
0.0324
0.0172
0.0197
0.0328
0.0195
0.0227
0.0399
0.0181
0.0201
0.0366
0.0177
0.0202
0.0376
0.0169
0.0201
0.0357
0.0174
0.0204
0.033
0.0168
0.0197
0.032
0.0162
0.0191
0.032
0.0169
0.0194
0.0314
0.0165
0.0201
0.0323
0.0159
0.0196
0.0326
0.016
0.0192
0.0314
0.0205
0.0196
0.0327
0.016
0.0193
0.0316
0.0164
0.0195
0.0319
0.0176
0.02
0.0321
0.0168
0.0195
0.0325
0.0168
0.0197
0.0308
0.0165
0.0196
0.0312
0.0165
0.0197
0.0307
0.0168
0.0197
0.0328
0.0159
0.0198
0.0316
0.0162
0.0192
0.0323
0.0156
0.0194
0.0322
0.0168
0.0193
0.0319
0.016
0.0195
0.0331
0.0165
0.0193
0.0319
0.0164
0.0191
0.0324
0.0166
0.0195
0.0328
0.0168
0.0195
0.0325
0.0169
0.0199
0.032
0.0167
0.0202
0.033
0.0169
0.0204
0.0328
0.0167
0.0195
0.032
0.0166
0.0197
0.033
0.0199
0.0197
0.0439
0.0167
0.0239
0.0339
0.0171
0.0205
0.0328
0.0202
0.0215
0.0416
0.0176
0.0206
0.0394
0.0159
0.0198
0.0382
0.0165
0.0199
0.0334
0.0155
0.0199
0.033
0.0167
0.0192
0.033
0.0159
0.0195
0.0325
0.0201
0.0222
0.0447
0.0178
0.0203
0.0388
0.0161
0.0193
0.0332
0.0187
0.0215
0.0435
0.0153
0.0194
0.0319
0.0173
0.0231
0.0333
0.0164
0.02
0.0318
0.0167
0.0203
0.0316
0.0166
0.0198
0.0321
0.0171
0.0199
0.0367
0.0165
0.0194
0.0327
0.0175
0.0198
0.0321

--------------------------------------
CodechalDecodeVp9G12::DecodeStateLevel
--------------------------------------
0.6217
5.4765
0.2752
8.5053
7.3256
3.5648
2.3309
10.146
0.1958
0.574
11.177
0.2055
0.5432
10.1846
0.2144
0.4783
10.6875
0.1992
0.5278
9.9192
0.2027
0.2343
9.1791
0.2025
0.2365
9.9403
0.231
0.2711
9.0885
0.2103
0.2142
0.226
0.2057
0.1978
0.1659
0.1719
0.2177
0.1646
0.1594
0.1969
0.1675
0.1739
0.2063
0.171
0.1634
0.2041
0.1722
0.1642
0.1381
0.114
0.1167
0.1346
0.1144
0.1118
0.1346
0.1139
0.1115
0.1343
0.1143
0.1108
0.1348
0.1149
0.1117
0.137
0.114
0.111
0.1304
0.1119
0.1086
0.1301
0.111
0.1101
0.1307
0.1107
0.1091
0.1269
0.1137
0.1071
0.1314
0.1116
0.1106
0.1429
0.1126
0.1106
0.1409
0.1141
0.1118
0.1316
0.1123
0.1162
0.1316
0.1121
0.1096
0.1305
0.1227
0.1098
0.1376
0.1148
0.1162
0.1305
0.1117
0.1088
0.1301
0.1122
0.1101
0.1327
0.1164
0.1124
0.1313
0.1125
0.1101
0.1295
0.1116
0.1095
0.1306
0.1099
0.1094
0.13
0.1157
0.1101
0.1311
0.111
0.1098
0.1333
0.1111
0.1111
0.1371
0.1148
0.1113
0.1309
0.1116
0.1087
0.1318
0.113
0.1089
0.1337
0.1121
0.1099
0.1362
0.1134
0.1116
0.1326
0.1147
0.1097
0.1303
0.1127
0.1104
0.1312
0.1118
0.1109
0.1304
0.1134
0.1121
0.1294
0.111
0.1096
0.1251
0.1104
0.1085
0.128
0.1107
0.108
0.1281
0.1114
0.1115
0.1298
0.1117
0.1093
0.1312
0.1121
0.1107
0.1309
0.1115
0.1145
0.1899
0.1119
0.1081
0.1293
0.1102
0.1084
0.1295
0.112
0.109
0.1318
0.1051
0.0977
0.1286
0.1098
0.1089
0.1306
0.111
0.1092
0.1298
0.1156
0.1125
0.1301
0.1128
0.1098
0.1322
0.113
0.1088
0.1326
0.1134
0.1108
0.1321
0.117
0.1114
0.1265
0.1111
0.1093
0.1285
0.1246
0.1097
0.1261
0.1099
0.1079
0.1269
0.1097
0.1112
0.1293
0.1107
0.1087
0.1297
0.1171
0.1095
0.1322
0.1123
0.1103
0.1385
0.1146
0.1119
0.1289
0.1119
0.1076
0.1284
0.1125
0.1096
0.1285
0.1109
0.1087
0.1289
0.1113
0.1489
0.1494
0.1151
0.1116
0.2032
0.12
0.112
0.1682
0.1192
0.1125
0.1365
0.1134
0.1103
0.1329
0.1125
0.1096
0.133
0.1102
0.1093
0.1318
0.1121
0.1092
0.1305
0.1117
0.1082
0.1299
0.1101
0.1085
0.1296
0.1112
0.108
0.1301
0.1107
0.1087
0.1363
0.1111
0.108
0.1331
0.1108
0.1079
0.1325
0.1111
0.1079
0.131
0.1113
0.108
0.1301
0.1105
0.1096
0.1318
0.11
0.1079
0.1278
0.1097
0.1072
0.1297
0.1099
0.1077
0.1304
0.1117
0.1085
0.1313
0.1118
0.1087
0.1326
0.1116
0.1093
0.1319
0.1107
0.1092
0.1329
0.1108
0.1092
0.1353
0.1284
0.1095
0.1323
0.1106
0.1077
0.1343
0.1103
0.1078
0.1328
0.1098
0.1081
0.1308
0.1141
0.1088
0.1314
0.1112
0.1073
0.1305
0.112
0.1091
0.1307
0.1112
0.1096
0.1301
0.1122
0.1089
0.1343
0.1098
0.1082
0.14
0.1114
0.1075
0.131
0.1108
0.1088
0.132
0.111
0.1089
0.1318
0.1112
0.111
0.1313
0.1122
0.1085
0.1312
0.1113
0.1081
0.1306
0.1121
0.1084
0.139
0.1041
0.1012
0.1315
0.1099
0.1088
0.1464
0.1131
0.1079
0.1333
0.1105
0.1085
0.1309
0.1109
0.1084
0.1306
0.1135
0.1086
0.1312
0.1111
0.1096
0.1306
0.1112
0.1085
0.1361
0.1117
0.1096
0.1315
0.1108
0.1096
0.1354
0.1114
0.1092
0.129
0.1091
0.1088
0.1307
0.1106
0.1087
0.1307
0.1101
0.1081
0.1312
0.1102
0.1084
0.1323
0.1109
0.1062
0.1311
0.11
0.1083
0.13
0.1107
0.1076
0.1302
0.1103
0.1078
0.1309
0.1107
0.109
0.131
0.1114
0.1084
0.1309
0.1112
0.1085
0.1288
0.1108
0.1088
0.1302
0.1113
0.1081
0.1305
0.1116
0.1081
0.1302
0.1115
0.1088
0.1375
0.1109
0.1101
0.1291
0.1097
0.1076
0.132
0.1118
0.1081
0.1307
0.1114
0.1071
0.1392
0.1112
0.1099
0.1305
0.1107
0.1071
0.1315
0.1111
0.1091
0.1319
0.1109
0.109
0.1346
0.1113
0.1088
0.1298
0.1099
0.1081
0.1521
0.1124
0.1071
0.1387
0.1113
0.1138
0.1367
0.112
0.107
0.13
0.1106
0.1081
0.1301
0.1099
0.1076
0.1307
0.1106
0.1084
0.1296
0.1131
0.1081
0.1335
0.1118
0.1093
0.1319
0.1115
0.1088
0.1287
0.1102
0.1081
0.1312
0.1104
0.1075
0.1316
0.1102
0.1077
0.1296
0.1126
0.1082
0.1319
0.1111
0.1079
0.1326
0.1105
0.1086
0.1321
0.1105
0.1089
0.166
0.147
0.1092
0.1313
0.1117
0.1266
0.2322
0.1622
0.1531
0.1511
0.1146
0.1082
0.133
0.1101
0.1074
0.1319
0.1137
0.1069
0.1284
0.1112
0.1193
0.1312
0.1097
0.1069
0.1601
0.1228
0.1131
0.1413
0.1039
0.114
0.1305
0.1124
0.108
0.131
0.1078
0.106
0.1289
0.1078
0.1065
0.1288
0.1072
0.106
0.1279
0.1079
0.106
0.1282
0.1094
0.1066
0.1344
0.1094
0.106
0.1319
0.1085
0.1067
0.1425
0.1102
0.1084
0.1307
0.1112
0.1089
0.1295
0.1102
0.1081
0.13
0.1139
0.1089
0.173
0.1192
0.1101
0.1349
0.1141
0.1102
0.1297
0.1117
0.11
0.134
0.1114
0.1115
0.1295
0.1095
0.109
0.1314
0.112
0.1084
0.1303
0.1121
0.11
0.1285
0.11
0.1074
0.1281
0.1105
0.108
0.1279
0.1114
0.1077
0.1301
0.1112
0.1086
0.1279
0.1129
0.1091
0.1323
0.1122
0.1088
0.13
0.1126
0.1099
0.1285
0.1115
0.1107
0.1321
0.1125
0.1105
0.1301
0.1129
0.1085
0.1277
0.1114
0.1094
0.1283
0.1114
0.1085
0.1298
0.1095
0.1086
0.1298
0.114
0.1096
0.1279
0.1113
0.1126
0.1321
0.1116
0.1085
0.1268
0.1113
0.1076
0.1286
0.1112
0.11
0.1279
0.1109
0.1078
0.1313
0.1122
0.1091
0.1275
0.1113
0.1083
1.1953
0.1282
0.1122
0.1337
0.1125
0.1099
0.1309
0.1119
0.1093
0.131
0.1109
0.1088
0.13
0.1092
0.1079
0.1315
0.1106
0.1093
0.1314
0.1103
0.1065
0.1358
0.1101
0.1089
0.1331
0.1102
0.1131
0.1583
0.1158
0.1098
0.1313
0.1101
0.1093
0.6498
0.1123
0.108
0.648
0.1109
0.1082
0.6768
0.1109
0.1075
0.6501
0.1111
0.1095
0.6499
0.1123
0.1075
0.6453
0.1102
0.1075
0.6482
0.1119
0.1091
0.6482
0.1108
0.1079
0.6472
0.112
0.1091
0.6516
0.1026
0.1008
0.6447
0.1126
0.1089
0.6531
0.1111
0.1078
0.6455
0.1106
0.1067
0.6482
0.1098
0.1075
0.6462
0.1113
0.1095
0.6465
0.1122
0.1088
0.651
0.1118
0.1079
0.6462
0.1112
0.1069
0.6484
0.1114
0.1087
0.6497
0.1116
0.1099
0.1438
0.1077
13.5769
3.7075
0.1284
0.1127
0.1356
0.1132
0.11
0.1307
0.1135
0.1097
1.1388
0.1709
0.1608
0.2221
0.1584
0.1528
0.1853
0.1698
0.1641
0.1366
0.1114
0.1084
1.0601
0.1149
0.1088
0.1318
0.1108
0.1077
0.1568
0.1155
0.1086
0.1362
0.1129
0.1099
0.1588
0.1191
0.1111
0.1357
0.1153
0.1101
1.1105
0.1384
0.1492
0.1373
0.1132
0.11
0.1339
0.1134
0.1103
0.1345
0.1115
0.1101
0.1329
0.1116
0.1097
0.1327
0.1125
0.1098
0.1367
0.1113
0.1082
0.1387
0.1104
0.1234
0.1912
0.112
0.1091
0.1399
0.1078
0.1105
0.1425
0.1097
0.1065
0.14
0.1103
0.1076
0.1378
0.1096
0.1073
0.1364
0.1099
0.1065
0.1367
0.1091
0.1066
0.1388
0.1093
0.1075
0.1376
0.1085
0.1064
0.1328
0.1124
0.109
0.1331
0.1128
0.1073
0.1369
0.1091
0.1079
0.1349
0.1077
0.1053
0.1394
0.1093
0.1066
0.1391
0.1091
0.1076
0.1372
0.1085
0.106
0.137
0.1092
0.108
0.1386
0.1087
0.1065
0.1481
0.1124
0.1092
0.1404
0.115
0.1098
0.1391
0.1119
0.1086
0.1381
0.1094
0.1078
0.1411
0.1123
0.1092
0.1412
0.1116
0.1084
0.1753
13.6681
0.1293
2.9501
0.1281
0.1141
0.1389
0.1133
0.1107
0.1364
0.1128
0.1105
0.1756
13.9809
0.114
3.3936
0.13
0.1134
0.1499
0.1146
0.1099
0.1399
0.1146
0.1111
0.1373
0.1129
0.11
0.142
0.1126
0.1094
0.1411
0.1112
0.1094
0.1429
0.1114
0.1093
0.1419
0.1126
0.1101
0.1427
0.1118
0.1091
0.1409
0.1132
0.1112
0.1322
0.1131
0.1089
0.1279
0.1091
0.106
0.1303
0.1087
0.1088
0.1369
0.1096
0.1086
0.1348
0.1086
0.109
0.1389
0.1087
0.1059
0.1375
0.1091
0.1068
0.1398
0.1094
0.1061
0.1373
0.1086
0.1057
0.1377
0.1097
0.1076
0.1372
0.1105
0.109
0.1402
0.1129
0.109
0.1428
0.1112
0.1086
0.1395
0.1113
0.1093
0.1396
0.1117
0.1084
0.1343
0.112
0.1103
0.1318
0.1127
0.108
0.1308
0.112
0.1081
0.139
0.1107
0.1094
0.1341
0.1104
0.1073
0.1394
0.1096
0.1094
0.1349
0.1102
0.1075
0.1441
0.1117
0.1095
0.1402
0.1122
0.1107
0.1396
0.1117
0.1094
0.1735
0.113
0.1183
0.1777
0.1192
0.1115
0.1362
0.1137
0.1107
0.1354
0.1114
0.1091
0.1348
0.1119
0.1102
0.1294
0.1133
0.1082
0.1297
0.1091
0.1073
0.132
0.1104
0.1075
0.1331
0.1091
0.1071
0.1363
0.1096
0.1071
0.1328
0.1093
0.1059
0.135
0.1076
0.106
0.1313
0.1078
0.1042
0.1374
0.1087
0.1073
0.1377
0.1457
0.1078
0.1424
0.1134
0.1092
0.1399
0.1116
0.1091
0.1424
0.112
0.1115
0.1421
0.1131
0.1111
0.141
0.1115
0.1088
0.1296
0.1099
0.1095
0.1327
0.1066
0.1054
0.1343
0.108
0.1067
0.144
0.1083
0.1051
0.1358
0.1099
0.1067
0.183
14.1329
0.1135
3.1961
0.132
0.1141
0.1412
0.1136
0.1112
0.1294
0.1116
0.1091
0.1343
0.112
0.1098
0.13
0.1118
0.1094
0.1305
0.1116
0.1077
0.1315
0.1121
0.1099
0.131
0.1126
0.1098
0.1346
0.112
0.1097
0.1427
0.1112
0.1076
0.1306
0.1104
0.1072
0.1304
0.108
0.1063
0.1285
0.109
0.1071
0.1285
0.1085
0.106
0.1297
0.109
0.1065
0.1304
0.1116
0.1059
0.1292
0.1098
0.1282
0.1498
0.1173
0.1131
0.1337
0.1129
0.1105
0.1373
0.1129
0.1105
0.1409
0.1119
0.109
0.1482
0.1109
0.1095
0.1411
0.1124
0.1088
0.1419
0.1123
0.1097
0.1341
0.1117
0.1069
0.1313
0.1091
0.1097
0.1321
0.1093
0.1066
0.1297
0.1079
0.1072
0.1361
0.1105
0.108
0.1355
0.1084
0.106
0.139
0.108
0.1063
0.1378
0.1095
0.106
0.15
0.1116
0.1083
0.1395
0.1106
0.113
0.1416
0.1117
0.1122
0.141
0.112
0.1104
0.1411
0.1104
0.1093
0.1452
0.1134
0.1094
0.1408
0.1114
0.1087
0.1354
0.1111
0.1121
0.1293
0.1083
0.1072
0.1308
0.1082
0.107
0.1349
0.1089
0.1059
0.1337
0.1097
0.1068
0.1392
0.1106
0.1065
0.1382
0.1087
0.1052
0.1302
0.1087
0.1062
0.1374
0.1089
0.1066
0.1374
0.1076
0.1053
0.1503
0.1113
0.1083
0.141
0.1107
0.1073
0.1425
0.1123
0.11
0.142
0.1124
0.1104
0.1409
0.1124
0.1093
0.1335
0.1108
0.1076
0.1366
0.1127
0.1088
0.1406
0.1113
0.1109
0.1442
0.111
0.1092
0.144
0.1131
0.1074
0.1418
0.1117
0.1082
0.1379
0.1022
0.1015
0.1423
0.1105
0.1088
0.1417
0.1096
0.1083
0.1717
0.1116
0.1083
0.1414
0.1129
0.109
0.137
0.1106
0.1092
0.1403
0.1126
0.109
0.1368
0.1126
0.1091
0.1388
0.1136
0.1091
0.133
0.112
0.1212
0.1426
0.112
0.1094
0.1401
0.1124
0.1103
0.1427
0.1122
0.1089
0.1397
0.1112
0.1084
0.1407
0.1124
0.1124
0.1384
0.1113
0.1085
0.1392
0.1181
0.11
0.1383
0.1133
0.1093
0.1397
0.1131
0.1098
0.1377
0.1125
0.1092
0.1367
0.1123
0.1078
0.1387
0.1118
0.1089
0.1373
0.1109
0.1073
0.1386
0.1121
0.1094
0.1297
0.1109
0.109
0.1404
0.112
0.1101
0.138
0.1115
0.1099
0.1396
0.1128
0.1097
0.1417
0.1126
0.1154
0.1424
0.1115
0.1083
0.1434
0.1126
0.1102
0.1433
0.1117
0.1088
0.1415
0.1122
0.1101
0.1391
0.1126
0.1093
0.1403
0.1117
0.109
0.1398
0.1119
0.1085
0.1407
0.1132
0.1127
0.1433
0.1122
0.1091
0.1412
0.1107
0.1082
0.1409
0.1109
0.1089
0.1408
0.1114
0.108
0.1404
0.1111
0.1099
0.142
0.1126
0.109
0.1421
0.1118
0.1096
0.1425
0.1125
0.1103
0.6458
0.1118
0.1097
0.6446
0.1114
0.1081
0.1387
0.1105
0.1064
0.1365
0.1103
0.1084
0.149
0.1117
0.1082
0.6789
0.1117
0.1095
0.6499
0.1122
0.1103
0.6493
0.1138
0.1094
0.7104
0.1122
0.1101
0.1311
0.1111
0.1085
0.647
0.1119
0.108
0.6495
0.1108
0.108
0.6454
0.1103
0.109
0.6475
0.1107
0.1092
0.6542
0.1114
0.1093
0.6791
0.1124
0.1087
0.1419
0.1029
0.1013
0.1391
0.1111
0.1067
0.6735
0.1084
0.1068
0.6725
0.1086
0.105
0.6701
0.1072
0.1065
0.6684
0.111
0.1084
0.6743
0.111
0.1084
0.675
0.1124
0.1077
0.1335
0.1118
0.1096
0.6512
0.112
0.1085
0.6516
0.1126
0.1094
0.6457
0.1111
0.1093
0.6468
0.1118
0.1099
0.6457
0.1116
0.1081
0.6493
0.1116
0.1317
0.1588
0.1165
0.1113
0.1373
0.1142
0.1106
1.2108
0.1299
0.1141
0.1326
0.1133
0.1094
0.1388
0.1127
0.1097
1.2037
0.1296
0.1148
0.1348
0.1133
0.1092
0.1341
0.113
0.1099
1.1968
0.1285
0.1133
0.1347
0.1137
0.111
1.0032
0.1123
0.108
0.6486
0.1122
0.1096
0.6459
0.1103
0.109
0.6588
0.1158
0.1096
0.6788
0.1128
0.1089
0.6723
0.1118
0.1099
0.6731
0.1106
0.1101
0.6727
0.1125
0.1088
0.6506
0.112
0.1094
0.6484
0.1125
0.11
0.649
0.1119
0.1104
0.6475
0.1096
0.1078
0.6525
0.112
0.1073
0.132
0.1113
0.1074
0.1386
0.1121
0.1126
0.6491
0.1109
0.1087
0.6479
0.1114
0.1087
0.6555
0.1119
0.1089
0.6485
0.113
0.1099
0.6463
0.1118
0.1101
0.6876
0.1125
0.1078
0.6502
0.1118
0.1089
0.6451
0.1124
0.1082
0.6498
0.1121
0.1099
0.6453
0.111
0.1089
0.6487
0.1118
0.1085
0.6482
0.1119
0.1082
0.1405
0.1107
0.1084
0.6504
0.112
0.1086
0.138
0.1102
0.108
0.1362
0.1104
0.1109
0.1589
0.1236
0.1127
0.1359
0.1139
0.1099
0.1347
0.112
0.1099
0.1311
0.1133
0.1098
0.1352
0.113
0.1096
0.1381
0.1038
0.1024
0.1414
0.1108
0.1065
0.1395
0.1087
0.1056
0.1383
0.1239
0.1126
0.1304
0.1088
0.1063
0.1745
0.1092
0.1063
0.1413
0.1101
0.1061
0.1382
0.1109
0.1066
0.1403
0.1088
0.1069
0.1407
0.1132
0.1087
0.1399
0.1121
0.109
0.1382
0.1129
0.1088
0.1355
0.1112
0.1085
0.1368
0.1107
0.1078
0.1295
0.1107
0.109
0.1361
0.1088
0.1062
0.1345
0.1093
0.1071
0.1356
0.11
0.1063
0.1363
0.1103
0.1074
0.1316
0.1092
0.1062
0.1289
0.1097
0.1073
0.1374
0.1082
0.1058
0.1372
0.1093
0.1056
0.14
0.1102
0.1077
0.1387
0.1104
0.1083
0.1357
0.111
0.1091
0.1418
0.1111
0.1088
0.136
0.1109
0.1089
0.1372
0.1102
0.1444
0.1363
0.115
0.2513
0.1596
0.1114
0.1122
0.1365
0.1119
0.1085
0.1706
0.116
0.1093
0.136
0.111
0.1097
0.1335
0.1122
0.1102
0.1335
0.1109
0.1065
0.1337
0.1096
0.1073
0.1367
0.1112
0.108
0.1423
0.1087
0.1085
0.1789
0.1167
0.1074
0.1474
0.1115
0.1048
0.1312
0.1099
0.11
0.1562
0.1129
0.1091
0.1313
0.1091
0.1068
0.1354
0.1119
0.1087
0.1368
0.1124
0.1079
0.1416
0.1128
0.1101
0.1403
0.1111
0.1132
0.136
0.1124
0.1087
0.1379
0.1108
0.1089
0.1417
0.1111
0.1094

--------------------------
CreateVideoDecoder_D3D11_1
--------------------------
19.2528

---------------------------
DestroyVideoDecoder_D3D11_1
---------------------------
0

----------------
First Frame Time
----------------
80.3303

--------------------------------------
VideoDecoderBeginFrame_WDDM2_4_D3D11_1
--------------------------------------
0.0075
0.0028
0.0031
0.0028
0.0025
0.0022
0.003
0.0027
0.0028
0.0033
0.0031
0.0021
0.0019
0.0029
0.0019
0.0022
0.002
0.0018
0.0017
0.0025
0.0018
0.0019
0.0019
0.0018
0.0016
0.0015
0.0015
0.0016
0.0023
0.0016
0.0016
0.0017
0.0017
0.0017
0.0016
0.0017
0.0015
0.0016
0.0016
0.0017
0.0016
0.0016
0.0027
0.0016
0.0016
0.0016
0.0016
0.0016
0.0015
0.0015
0.0016
0.0016
0.0015
0.0015
0.0015
0.0016
0.0016
0.0016
0.0015
0.0016
0.0016
0.0016
0.0016
0.0025
0.0017
0.0017
0.0015
0.0017
0.0016
0.0015
0.0015
0.0016
0.0017
0.0016
0.0017
0.0016
0.0017
0.0015
0.0015
0.0016
0.0016
0.0026
0.0044
0.0029
0.0025
0.0024
0.002
0.002
0.0019
0.0016
0.0019
0.0019
0.0015
0.0016
0.0032
0.0018
0.0017
0.0016
0.0016
0.0016
0.0016
0.0018
0.0016
0.0015
0.0018
0.0016
0.0017
0.0015
0.0017
0.0016
0.0016
0.0016
0.0017
0.0015
0.0016
0.0015
0.0017
0.0016
0.0016
0.0017
0.0015
0.0016
0.0016
0.0017
0.0016
0.0017
0.0017
0.0016
0.0016
0.0016
0.0017
0.0017
0.0017
0.002
0.0015
0.0017
0.0015
0.0016
0.0017
0.0016
0.0017
0.0033
0.0016
0.0017
0.0017
0.0015
0.0016
0.0021
0.0017
0.0016
0.0017
0.0023
0.0016
0.0016
0.0016
0.0017
0.0016
0.0016
0.0016
0.0016
0.0016
0.0016
0.0016
0.0021
0.0017
0.0017
0.0017
0.0021
0.0017
0.0018
0.0024
0.0016
0.0017
0.0017
0.0021
0.0016
0.0038
0.0029
0.0021
0.0018
0.0016
0.0017
0.0016
0.0018
0.0016
0.0019
0.0016
0.0018
0.0016
0.0017
0.0018
0.0016
0.0016
0.0017
0.0016
0.0016
0.0029
0.0021
0.0018
0.0017
0.0016
0.0018
0.0016
0.0016
0.0016
0.0016
0.0017
0.0015
0.0016
0.0017
0.0017
0.0035
0.0016
0.0015
0.0015
0.0016
0.0016
0.0016
0.0015
0.0016
0.0016
0.0016
0.0017
0.0015
0.0016
0.0024
0.0022
0.0017
0.0016
0.0017
0.0017
0.0017
0.0017
0.0028
0.0016
0.0015
0.0016
0.0015
0.0015
0.0015
0.0015
0.0016
0.0015
0.0016
0.0016
0.0015
0.0015
0.0015
0.0015
0.0015
0.0015
0.0016
0.0015
0.0015
0.0016
0.0024
0.0026
0.0026
0.0018
0.0018
0.0036
0.0027
0.002
0.0023
0.0018
0.0036
0.0019
0.0029
0.002
0.002
0.0019
0.0018
0.0016
0.0017
0.0017
0.0017
0.0017
0.0016
0.0017
0.0018
0.0016
0.0015
0.0015
0.0016
0.0015
0.0016
0.0018
0.0016
0.0016
0.0016
0.0016
0.0017
0.0016
0.0016
0.0016
0.0016
0.0016
0.0016
0.0016
0.0015
0.0016
0.0024
0.0027
0.0028
0.0021
0.0017
0.0026
0.0027
0.0024
0.0019
0.0016
0.0016
0.0016
0.0016
0.0017
0.0016
0.005
0.0017
0.0016
0.0016
0.0016
0.0016
0.0016
0.0016
0.0016
0.0016
0.0017
0.0017
0.0017
0.0016
0.0015
0.0016
0.0017
0.0017
0.0016
0.0016
0.0016
0.0015
0.0016
0.0016
0.0016
0.0016
0.0045
0.0019
0.0017
0.0018
0.0017
0.0016
0.0018
0.0018
0.0017
0.0016
0.0016
0.0016
0.0016
0.0016
0.0016
0.0016
0.0016
0.0016
0.0017
0.0019
0.0017
0.0017
0.003
0.0017
0.0018
0.0024
0.0025
0.0019
0.0018
0.0017
0.0016
0.0015
0.0017
0.0015
0.0018
0.0017
0.0018
0.0018
0.0016
0.0016
0.0016
0.0017
0.0026
0.0019
0.0031
0.0017
0.0017
0.0016
0.0017
0.0018
0.0017
0.0017
0.0016
0.0016
0.0017
0.0016
0.0016
0.0016
0.0016
0.0017
0.0016
0.0016
0.0016
0.0015
0.0018
0.0016
0.0017
0.0015
0.0016
0.0016
0.0016
0.0018
0.0017
0.0015
0.0015
0.0015
0.0015
0.0015
0.0016
0.0017
0.0016
0.0017
0.0016
0.0015
0.0016
0.0023
0.0016
0.0016
0.0016
0.0016
0.0015
0.0015
0.0015
0.0015
0.0016
0.0016
0.0016
0.0016
0.0015
0.0015
0.0015
0.0014
0.0015
0.0015
0.0015
0.0015
0.0016
0.0015
0.0016
0.0017
0.0017
0.0016
0.0015
0.0024
0.0016
0.0016
0.0016
0.0016
0.0015
0.0015
0.0015
0.0015
0.0016
0.0015
0.0016
0.0017
0.0016
0.0015
0.0014
0.0014
0.0016
0.0015
0.0045
0.0016
0.0016
0.0017
0.0016
0.0016
0.0016
0.0018
0.0017
0.0017
0.0016
0.0016
0.0016
0.0017
0.0017
0.0016
0.0016
0.0015
0.0015
0.0015
0.0017
0.0015
0.0017
0.0016
0.0015
0.0016
0.0015
0.0015
0.0015
0.0038
0.002
0.0016
0.0025
0.0018
0.0017
0.0026
0.0018
0.0019
0.0024
0.0017
0.0016
0.0016
0.0015
0.0017
0.0015
0.0016
0.0016
0.0015
0.0015
0.0014
0.0016
0.0015
0.0016
0.0016
0.0018
0.0016
0.0016
0.0016
0.0016
0.0015
0.0016
0.0016
0.0016
0.0016
0.0015
0.0017
0.0016
0.0017
0.0016
0.0017
0.0035
0.0019
0.0019
0.0017
0.0021
0.0019
0.0017
0.0017
0.0016
0.0017
0.0018
0.0016
0.0015
0.0015
0.0015
0.0015
0.0015
0.0016
0.0015
0.0021
0.0016
0.0016
0.0017
0.0016
0.0017
0.0015
0.0017
0.0016
0.0017
0.0016
0.0024
0.0017
0.0016
0.0016
0.0018
0.0024
0.0019
0.0049
0.0023
0.0019
0.0023
0.0016
0.0018
0.0016
0.0036
0.0024
0.0016
0.0024
0.0016
0.0017
0.0015
0.0016
0.0017
0.0017
0.0017
0.0017

----------------------------
VideoDecoderEndFrame_D3D11_1
----------------------------
0.0365
0.0631
0.0602
0.0654
0.065
0.0626
0.0626
0.0607
0.0656
0.0622
0.0611
0.0594
0.0558
0.0577
0.0572
0.058
0.0578
0.0551
0.055
0.0543
0.0532
0.0544
0.0528
0.0535
0.053
0.053
0.0536
0.0544
0.0542
0.052
0.0525
0.0555
0.0525
0.0518
0.0525
0.0526
0.0525
0.054
0.0517
0.0535
0.0532
0.0541
0.0548
0.0545
0.0546
0.0526
0.054
0.0531
0.053
0.0535
0.0547
0.0525
0.0527
0.0521
0.0526
0.0522
0.0531
0.0563
0.0548
0.0534
0.0532
0.0527
0.0551
0.0544
0.055
0.0528
0.0527
0.0533
0.0535
0.0536
0.0523
0.0522
0.0518
0.0529
0.0529
0.0528
0.0546
0.0532
0.0519
0.0519
0.0553
0.0564
0.0571
0.0577
0.0537
0.0535
0.0523
0.0511
0.0512
0.0532
0.0518
0.0503
0.0512
0.0519
0.0595
0.0505
0.0522
0.0513
0.0516
0.0519
0.0511
0.0522
0.0521
0.0521
0.0499
0.0502
0.0518
0.0495
0.0546
0.052
0.0521
0.0516
0.0528
0.0513
0.0507
0.0501
0.0519
0.051
0.052
0.0529
0.0517
0.0522
0.0526
0.0496
0.054
0.0516
0.0514
0.0511
0.051
0.0501
0.052
0.0496
0.0612
0.051
0.0521
0.0538
0.0519
0.0511
0.0523
0.0519
0.0515
0.0575
0.0522
0.0514
0.0523
0.0504
0.0509
0.0504
0.0521
0.05
0.0506
0.0521
0.0496
0.0516
0.0537
0.0492
0.0517
0.0514
0.0509
0.0517
0.0522
0.053
0.0504
0.0504
0.0514
0.0515
0.0508
0.0535
0.0511
0.0521
0.0513
0.0512
0.0507
0.0522
0.051
0.0497
0.0738
0.0576
0.0538
0.0516
0.0524
0.0543
0.0549
0.0548
0.0525
0.0527
0.0513
0.0515
0.0519
0.05
0.0509
0.0522
0.0503
0.0522
0.0517
0.0502
0.0544
0.0541
0.0508
0.0529
0.0533
0.0497
0.0505
0.0524
0.052
0.0519
0.0519
0.0519
0.0512
0.0503
0.0536
0.0564
0.0512
0.0541
0.0514
0.0515
0.051
0.053
0.0506
0.0507
0.0501
0.0516
0.0498
0.0505
0.0562
0.0561
0.0526
0.0521
0.0531
0.0518
0.0537
0.0495
0.0501
0.0592
0.0518
0.05
0.0535
0.0528
0.0514
0.053
0.0517
0.0519
0.0533
0.0503
0.0497
0.052
0.0521
0.0523
0.0506
0.0519
0.05
0.0507
0.0524
0.0511
0.0515
0.0583
0.057
0.053
0.0509
0.0839
0.0784
0.0753
0.0518
0.0569
0.0535
0.0599
0.0536
0.0574
0.0509
0.056
0.0501
0.0535
0.0506
0.052
0.0523
0.052
0.0513
0.0534
0.05
0.0533
0.0516
0.0517
0.052
0.052
0.0515
0.0498
0.052
0.0491
0.0513
0.0503
0.0514
0.0516
0.0508
0.0515
0.0495
0.0518
0.0516
0.0518
0.0505
0.0513
0.052
0.0688
0.0544
0.056
0.0531
0.0548
0.0565
0.0555
0.0534
0.0532
0.05
0.0523
0.0515
0.0515
0.0514
0.0523
0.0531
0.0541
0.0497
0.0517
0.0502
0.0521
0.0522
0.0499
0.0517
0.0515
0.0519
0.0515
0.0513
0.0534
0.0504
0.0509
0.0512
0.0509
0.0508
0.0518
0.0511
0.0516
0.0499
0.0498
0.052
0.0535
0.0527
0.0541
0.0522
0.0506
0.0662
0.0522
0.0535
0.0508
0.051
0.0512
0.051
0.052
0.0519
0.0521
0.0508
0.0511
0.052
0.0529
0.0526
0.0529
0.0503
0.0518
0.0521
0.0523
0.0556
0.057
0.0544
0.0541
0.0504
0.0536
0.0513
0.0497
0.0522
0.0508
0.0584
0.0504
0.0518
0.0501
0.0508
0.0534
0.0515
0.0511
0.0548
0.0523
0.053
0.0524
0.0497
0.0507
0.0518
0.0497
0.0511
0.0542
0.0531
0.0535
0.0524
0.0524
0.0529
0.0518
0.0505
0.0535
0.0519
0.0501
0.0629
0.0514
0.0579
0.052
0.0587
0.0528
0.0509
0.0518
0.052
0.0496
0.0517
0.0517
0.0513
0.0507
0.0516
0.0524
0.0499
0.053
0.0618
0.0517
0.0524
0.0513
0.0525
0.0529
0.0526
0.0509
0.0506
0.0524
0.0516
0.0515
0.0529
0.0509
0.0507
0.0519
0.0501
0.0502
0.0515
0.0515
0.0517
0.0502
0.0518
0.0523
0.051
0.0504
0.052
0.0526
0.053
0.0501
0.0522
0.0613
0.0546
0.051
0.0511
0.0512
0.0517
0.0515
0.0524
0.0535
0.0497
0.0498
0.0507
0.051
0.05
0.0627
0.0518
0.0499
0.0511
0.0513
0.0504
0.0516
0.0823
0.0516
0.0538
0.0515
0.0511
0.0522
0.0518
0.0513
0.0501
0.0515
0.0497
0.0519
0.0508
0.0628
0.0528
0.0518
0.0524
0.0503
0.0526
0.051
0.0508
0.0523
0.0506
0.05
0.0515
0.0529
0.0498
0.0522
0.051
0.0591
0.0509
0.0596
0.0514
0.0514
0.0571
0.0512
0.0518
0.0614
0.0528
0.0501
0.0518
0.0503
0.0499
0.0519
0.0502
0.0516
0.052
0.0529
0.0501
0.0522
0.0521
0.053
0.0623
0.0513
0.0524
0.0507
0.0521
0.0518
0.0627
0.0618
0.0518
0.053
0.0496
0.0516
0.0517
0.0516
0.0507
0.0521
0.0525
0.0517
0.0574
0.0553
0.0529
0.0524
0.0525
0.0516
0.0521
0.0512
0.0647
0.0569
0.0515
0.0513
0.0516
0.0623
0.0518
0.0498
0.0534
0.0509
0.0527
0.0536
0.0527
0.0504
0.0515
0.0515
0.051
0.0517
0.052
0.0524
0.0508
0.0509
0.0503
0.0519
0.0523
0.0515
0.072
0.0501
0.0503
0.0582
0.0532
0.0545
0.0524
0.0523
0.0505
0.0511
0.0585
0.0514
0.0507
0.0535
0.0518
0.0517
0.0523
0.0516
0.0521
0.0525
0.0509
0.0518

---------------------------------
VideoDecoderSubmitBuffers_D3D11_1
---------------------------------
8.5837
19.6053
12.8784
12.1839
11.1266
11.5503
10.8344
9.7991
10.6246
9.8015
0.8285
0.7019
0.7337
0.7327
0.7058
0.7121
0.5005
0.4825
0.4812
0.4855
0.4875
0.4876
0.4723
0.4681
0.4657
0.4654
0.4725
0.4888
0.4957
0.4816
0.4753
0.4921
0.4895
0.4696
0.4706
0.4821
0.4743
0.4675
0.4665
0.4746
0.4714
0.4772
0.4913
0.474
0.4767
0.4765
0.4862
0.4887
0.4715
0.4719
0.4775
0.4638
0.4604
0.461
0.4666
0.4684
0.4763
0.4765
0.5253
0.4658
0.4678
0.4515
0.4668
0.4767
0.4788
0.4731
0.4717
0.4766
0.48
0.4607
0.486
0.4584
0.4619
0.4671
0.4753
0.4751
0.4901
0.4646
0.467
0.4648
0.5079
0.5193
0.6149
0.5545
0.4855
0.4735
0.4681
0.4697
0.466
0.4634
0.4643
0.4644
0.4794
0.4753
0.4771
0.473
0.471
0.4696
0.4632
0.4677
0.472
0.4727
0.4796
0.4714
0.4736
0.4958
0.4733
0.4778
0.4748
0.4743
0.471
0.4716
0.4716
0.4709
0.4732
0.4741
0.4697
0.4719
0.4748
0.4721
0.469
0.4703
0.4625
0.4732
0.5048
0.4762
0.4701
0.4959
0.4734
0.4702
0.4825
0.4707
0.4762
0.4631
0.4708
0.4711
0.4724
0.4691
0.4725
0.4715
0.469
0.4952
0.4728
0.4708
0.4677
0.4691
0.4721
0.4656
0.4803
0.4654
0.4716
0.4664
0.4818
0.4693
0.4782
0.4718
0.4788
0.469
0.5117
0.4842
0.4746
0.4674
0.471
0.4667
0.4713
0.4777
0.4717
0.4641
0.4691
0.4675
0.4706
0.471
0.4722
0.4724
0.5514
0.4912
0.7539
0.5185
0.473
0.4791
0.4793
0.4752
0.523
0.4863
0.4652
0.4703
0.4634
0.4623
0.461
0.4674
0.4691
0.4686
0.4803
0.4725
0.4693
0.472
0.5651
0.4906
0.47
0.4807
0.465
0.4749
0.468
0.4639
0.4639
0.4645
0.4754
0.4676
0.474
0.4686
0.4658
0.4823
0.4683
0.4636
0.4651
0.4626
0.4676
0.5045
0.475
0.4611
0.4653
0.4633
0.4746
0.4675
1.8189
0.4803
0.4712
0.4735
0.9792
0.4734
0.4691
0.4816
0.9863
0.5387
0.4734
0.9843
0.9787
1.0261
0.9836
0.9811
0.9729
0.9792
0.9773
0.9784
0.9705
0.9758
0.9824
0.9735
0.9753
0.9768
0.9782
0.9813
0.9773
0.9801
0.9829
14.4859
4.0954
0.4863
0.4713
1.7888
0.7348
0.6885
0.4809
1.417
1.0105
0.5285
0.4914
0.5423
0.4871
1.6511
0.4876
0.4787
0.4753
0.524
0.4832
0.4774
0.4971
0.5784
0.519
0.4784
0.473
0.4688
0.4692
0.4702
0.4739
0.468
0.4733
0.501
0.4727
0.4659
0.4735
0.4669
0.4702
0.4719
0.4713
0.4835
0.484
0.4731
0.4754
0.4764
0.4761
14.6658
3.3421
0.5001
0.4877
14.8078
3.7951
0.5229
0.4948
0.4866
0.4837
0.4784
0.4823
0.4829
0.4802
0.4871
0.4961
0.4635
0.4733
0.4733
0.4713
0.4671
0.4794
0.4699
0.4669
0.4717
0.476
0.481
0.4804
0.4791
0.4751
0.4742
0.4728
0.4762
0.4817
0.4758
0.4727
0.4735
0.4845
0.4775
0.4757
0.5252
0.5732
0.4848
0.4836
0.4817
0.4702
0.465
0.4759
0.4754
0.4705
0.4692
0.4634
0.4612
0.4696
0.5144
0.4837
0.48
0.4818
0.4846
0.4764
0.4667
0.4653
0.4721
0.4836
0.4742
15.0597
3.5912
0.5053
0.4686
0.4817
0.4688
0.4667
0.4708
0.4697
0.4741
0.4872
0.4737
0.4688
0.46
0.4596
0.4691
0.4711
0.4832
0.5286
0.4808
0.4875
0.4792
0.4857
0.4764
0.4792
0.4711
0.4743
0.4699
0.4642
0.4734
0.4729
0.4701
0.4703
0.4871
0.4813
0.4776
0.4821
0.4768
0.4822
0.4795
0.4766
0.4634
0.4709
0.4685
0.4701
0.4718
0.466
0.4604
0.4696
0.4651
0.4848
0.4707
0.4753
0.4761
0.4728
0.4758
0.4791
0.4819
0.4816
0.4756
0.4715
0.4594
0.4762
0.471
0.5003
0.4726
0.4635
0.4686
0.4662
0.4697
0.492
0.4802
0.4772
0.4778
0.4702
0.4744
0.4678
0.4766
0.4697
0.4713
0.4675
0.4651
0.4673
0.4631
0.4675
0.4666
0.4818
0.4785
0.4815
0.4865
0.4738
0.4768
0.4735
0.4739
0.4699
0.4692
0.4692
0.4755
0.4781
0.4695
0.4871
0.4731
0.476
0.4749
0.4728
0.4769
0.9762
0.9729
1.0053
0.9765
1.0199
1.0176
0.9856
0.9848
1.0431
0.4694
0.9801
0.9808
0.9775
0.9779
0.985
1.0175
0.466
0.9849
1.0053
0.9945
0.9908
0.9944
1.0039
1.005
0.9919
0.9835
0.9892
0.9769
0.9776
0.9746
1.0019
0.5387
0.4882
1.8309
0.4777
0.4808
1.9363
0.4829
0.4822
1.8412
0.4856
1.3383
0.9819
0.9753
0.9953
1.0173
1.0029
1.0038
1.0037
0.9871
0.9795
0.98
0.9761
0.9821
0.9818
0.9884
0.9809
0.9781
0.9864
0.9811
0.9774
1.0505
0.9811
0.9744
0.9802
0.9732
0.9799
0.9794
0.9815
0.987
0.9815
0.9865
0.5467
0.4849
0.4845
0.4711
0.4824
0.4625
0.4685
0.4636
0.4853
0.5071
0.4985
0.4759
0.4634
0.4641
0.4727
0.4707
0.4665
0.4621
0.4617
0.4669
0.4837
0.475
0.4707
0.4764
0.514
0.5063
0.4764
0.4729
0.479
0.4776
0.4792
0.4796
0.4765
0.5123
0.6901
0.5388
0.53
0.5704
0.484
0.4761
0.4725
0.4903
0.4828
0.4814
0.5641
0.5018
0.5136
0.5164
0.5127
0.4892
0.4788
0.4825
0.4862
0.4829
0.4755
0.4796

