---------------------------------------------
CalcPrivateVideoDecoderOutputViewSize_D3D11_1
---------------------------------------------
0.0023
0.0024
0.002
0.0011
0.0013
0.0008
0.0012
0.0007
0.0008
0.0012
0.0007
0.0015
0.001
0.0015
0.0007
0.0007
0.0008
0.0007
0.0005
0.0015
0.0006
0.0006
0.0006
0.0005
0.0005
0.0007
0.0007
0.0006
0.0017
0.0006
0.0007
0.0007
0.0008
0.0008
0.0006
0.0006
0.0007
0.0006
0.0006
0.0006
0.0006
0.0009
0.0014
0.0006
0.0006
0.0007
0.0007
0.0006
0.0007
0.0006
0.0006
0.0006
0.0008
0.0013
0.0007
0.0007
0.0005
0.0006
0.0006
0.0007
0.0006
0.0005
0.0015
0.003
0.001
0.0008
0.001
0.0009
0.0006
0.0014
0.0009
0.0008
0.0008
0.0007
0.0007
0.0007
0.0007
0.001
0.0007
0.0005
0.0007
0.0006
0.0007
0.0006
0.0007
0.0006
0.0006
0.0006
0.0006
0.0006
0.0008
0.0006
0.0008
0.0006
0.0016
0.0006
0.0006
0.0006
0.0007
0.0007
0.0006
0.0006
0.0006
0.0011
0.0015
0.0016
0.0013
0.001
0.001
0.0014
0.0008
0.0016
0.0008
0.0011
0.0008
0.001
0.0006
0.0009
0.0006
0.0009
0.0008
0.0008
0.0007
0.0009
0.0006
0.0009
0.0008
0.0016
0.0008
0.0015
0.0011
0.0009
0.0008
0.0008
0.0008
0.0008
0.0006
0.0008
0.0006
0.0008
0.0006
0.0063
0.0006
0.0007
0.0005
0.0007
0.0006
0.0008
0.0005
0.0009
0.0006
0.0007
0.0009
0.0007
0.0006
0.0011
0.0016
0.0012
0.0009
0.0015
0.0011
0.0015
0.0009
0.0007
0.0015
0.001
0.0009
0.0008
0.0007
0.0007
0.0008
0.0007
0.0006
0.0009
0.0006
0.0007
0.0006
0.0006
0.0005
0.0006
0.0007
0.0005
0.0006
0.0006
0.0006
0.0006
0.0013
0.0006
0.0006
0.0007
0.0009
0.0008
0.0006
0.0007
0.0005
0.0005
0.0006
0.0006
0.001
0.0006
0.0007
0.0008
0.0007
0.0007
0.0007
0.0005
0.0006
0.0007
0.0006
0.0006
0.0006
0.0076
0.0017
0.001
0.001
0.0015
0.0011
0.0009
0.0006
0.0006
0.0006
0.0008
0.0006
0.0014
0.0009
0.0007
0.0006
0.0009
0.0006
0.0006
0.0008
0.0007
0.0006
0.0006
0.0006
0.0006
0.0007
0.0007
0.0006
0.0007
0.0006
0.0006
0.0006
0.0006
0.0006
0.0008
0.0007
0.0015
0.0008
0.0009
0.0007
0.0008
0.0006
0.0006
0.001
0.0006
0.001
0.0006
0.0006
0.0005
0.0006
0.0005
0.0007
0.0006
0.0005
0.0005
0.0005
0.0007
0.0006
0.0006
0.0005
0.0006
0.0006
0.0007
0.0005
0.0007
0.0034
0.0014
0.0007
0.0006
0.0007
0.0007
0.0008
0.0006
0.0006
0.0007
0.0007
0.0008
0.001
0.0006
0.0006
0.0006
0.0007
0.0009
0.0005
0.0006
0.0007
0.0009
0.0006
0.0007
0.0008
0.0005
0.0006
0.0012
0.0008
0.0006
0.0007
0.0025
0.0009
0.0007
0.0007
0.0011
0.0011
0.001
0.0016
0.0008
0.0123
0.0015
0.001
0.0008
0.0008
0.0008
0.0008
0.0007
0.0005
0.0007
0.0007
0.0008
0.0007
0.0008
0.0013
0.0008
0.0008
0.0018
0.0013
0.0025
0.0008
0.0008
0.0008
0.0007
0.0009
0.0007
0.0007
0.0006
0.0007
0.0006
0.0008
0.0005
0.0006
0.0006
0.0006
0.0006
0.0006
0.0006
0.0006
0.0013
0.0015
0.0013
0.001
0.0006
0.0005
0.0005
0.0005
0.0007
0.0006
0.0006
0.0006
0.0007
0.0013
0.0006
0.0006
0.0006
0.0006
0.0005
0.0005
0.0005
0.001
0.0009
0.0013
0.0014
0.0011
0.0007
0.0013
0.0015
0.0009
0.0021
0.0009
0.001
0.0008
0.0008
0.0008
0.0008
0.0008
0.0007
0.0008
0.0007
0.0006
0.0007
0.0007
0.0016
0.0007
0.0009
0.0008
0.0007
0.0007
0.0008
0.0006
0.0008
0.0008
0.0009
0.0006
0.0006
0.0006
0.0017
0.0016
0.0009
0.0011
0.0007
0.0014
0.001
0.0009
0.0008
0.0007
0.0006
0.0007
0.0006
0.0007
0.0006
0.0008
0.0009
0.0006
0.0008
0.0007
0.0008
0.0009
0.0008
0.0015
0.0009
0.0008
0.0007
0.0009
0.0008
0.0007
0.0007
0.0007
0.0007
0.0006
0.0008
0.0008
0.0006
0.0006
0.0006
0.0007
0.0006
0.0006
0.0006
0.0005
0.0016
0.0009
0.0007
0.0007
0.0009
0.0007
0.0008
0.0009
0.0006
0.001
0.0007
0.0006
0.0006
0.0006
0.0007
0.0006
0.0008
0.016
0.0008
0.0006
0.0006
0.001
0.0019
0.0021
0.0012
0.0008
0.001
0.0014
0.0018
0.0013
0.0012
0.0012
0.0009
0.0018
0.0012
0.0007
0.0007
0.0018
0.0021
0.0009
0.0008
0.0009
0.0007
0.0006
0.0007
0.0007
0.0006
0.0007
0.0006
0.0006
0.0007
0.0006
0.0009
0.0006
0.0007
0.0006
0.0006
0.0006
0.0006
0.0006
0.0013
0.0009
0.0006
0.001
0.0021
0.001
0.0008
0.0007
0.0007
0.0007
0.001
0.0007
0.0007
0.0007
0.0006
0.0008
0.0007
0.0006
0.0007
0.0006
0.0006
0.0007
0.0006
0.0006
0.0006
0.0006
0.0006
0.0015
0.0009
0.0008
0.0008
0.0006
0.0008
0.0006
0.0008
0.0008
0.0006
0.0007
0.0006
0.0006
0.0008
0.0006
0.0007
0.002
0.0008
0.0007
0.0006
0.0007
0.0007
0.0007
0.0007
0.0009
0.0007
0.0007
0.0011
0.0018
0.0014
0.001
0.0008
0.0008
0.0007
0.0007
0.0006
0.001
0.0007
0.0008
0.0007
0.0007
0.0007
0.0008
0.0006
0.0007
0.0009
0.0007
0.0007
0.0007
0.0008
0.0008
0.0008
0.0007
0.001
0.0008
0.0008

-----------------------
CodechalDecode::Execute
-----------------------
6.9445
13.7287
11.9295
0.7396
5.3654
0.5906
0.6025
0.6503
0.5483
0.5462
0.5377
0.6661
0.5555
0.5326
0.5286
0.5091
0.586
0.5512
0.5521
0.5699
0.5736
0.5749
0.5471
0.5276
0.3735
0.3703
0.3825
0.3803
0.3897
0.3791
0.3729
0.3768
0.3837
0.3532
0.3715
0.36
0.3671
0.3664
0.371
0.3771
0.3761
0.3737
0.3771
0.372
0.3708
0.3802
0.3894
0.4023
0.3847
0.3792
0.3721
0.3733
0.4
0.3835
0.3791
0.367
0.3679
0.3708
0.3675
0.3743
0.3805
0.3688
0.4163
0.5066
0.3793
0.3721
0.3549
0.3764
0.3628
0.414
0.3759
0.363
0.3613
0.358
0.3607
0.3711
0.3667
0.3922
0.3539
0.355
0.3526
0.3558
0.3513
0.3548
0.3564
0.3623
0.3556
0.3708
0.3581
0.359
0.369
0.377
0.3723
0.3579
0.3624
0.3595
0.3583
0.3604
0.3737
0.3604
0.3833
0.3803
0.3697
0.3681
0.4064
0.4415
0.4069
0.3683
0.3655
0.4445
0.3838
0.4173
0.3771
0.4163
0.3788
0.374
0.3637
0.3659
0.3646
0.3748
0.3604
0.3638
0.36
0.3663
0.3586
0.3712
0.369
0.4153
0.3739
0.4139
0.3789
0.3783
0.3424
0.368
0.369
0.368
0.3637
0.3675
0.3642
0.3687
0.3585
0.3731
0.3615
0.3665
0.358
0.3625
0.3594
0.3669
0.3615
0.3695
0.3672
0.3685
0.369
0.3662
0.361
0.3803
2.8018
0.4518
1.875
3.7756
0.6862
0.4193
0.3883
0.3685
0.4171
0.3592
0.373
0.3684
0.361
0.3665
0.37
0.3728
0.3659
0.3666
0.3574
0.356
0.3613
0.3599
0.3639
0.3603
0.3624
0.3639
0.361
0.3704
0.3595
0.367
0.3596
0.3624
0.3655
0.3595
0.371
0.3671
0.3577
0.3582
0.3672
0.3628
0.3639
0.3877
0.3495
0.3674
0.3672
0.3838
0.3583
0.3642
0.3615
0.3656
0.3531
0.3652
0.3711
0.3614
0.3661
0.3695
0.455
0.3811
0.3653
0.414
0.375
0.3691
0.3656
0.3602
0.3599
0.3638
1.3434
0.4181
0.3865
0.3712
0.3703
0.3711
0.3747
0.3581
0.3699
0.3412
0.3666
0.3589
0.3676
0.3649
0.3639
0.3967
0.368
0.3614
0.3634
0.3653
0.3653
0.3661
0.3604
0.3719
0.3666
0.4539
0.3832
0.3776
0.3816
0.3943
0.3873
0.3753
0.3871
0.39
0.3899
0.3584
0.3605
0.3591
0.3561
0.356
0.3584
0.3639
0.3428
0.3667
0.3575
0.362
0.3629
0.3648
0.3656
0.3701
0.3639
0.3616
0.3597
0.3644
0.4057
0.3695
0.3736
0.3784
0.3821
0.3916
0.3817
0.3724
0.375
0.432
0.3822
0.4186
0.374
0.3611
0.3647
0.3618
0.3657
0.3722
0.3706
0.377
0.3993
0.4058
0.4093
0.3813
0.3753
0.3738
0.3947
0.4156
0.3787
0.3629
0.3955
0.476
0.3912
0.3789
0.3592
0.4077
0.3954
0.3884
0.4642
0.3778
0.3763
0.4291
0.3927
0.3889
0.3876
0.394
0.4151
0.41
0.3994
0.4029
0.3951
0.4116
0.3911
0.3822
0.3526
0.3678
0.3959
0.4305
0.4266
0.3745
0.3729
0.3697
0.375
0.3659
0.367
0.3671
0.3674
0.36
0.3648
0.3572
0.3578
0.3606
0.3587
0.3606
0.3593
0.3594
0.3567
0.3639
0.3702
0.4376
0.4431
0.3758
0.4007
0.3641
0.3528
0.3534
0.3607
0.3363
0.3558
0.3695
0.358
0.3581
0.3611
0.3589
0.3602
0.3624
0.3578
0.3656
0.3772
0.3812
0.56
0.4129
0.5424
0.4294
0.4013
0.3659
0.4889
0.3965
0.3749
0.4498
0.3766
0.3689
0.3625
0.3654
0.3691
0.417
0.3693
0.3693
0.3669
0.3708
0.3502
0.3731
0.3798
0.4186
0.3716
0.4309
0.3668
0.3619
0.3684
0.3649
0.3584
0.3624
0.3634
0.3656
0.3607
0.3565
0.3525
0.4456
0.43
0.3763
0.3801
0.3676
0.4084
0.3804
0.3759
0.3625
0.3614
0.3719
0.3622
0.3675
0.366
0.3679
0.3782
0.3622
0.3645
0.3638
0.3613
0.4072
0.3685
0.372
0.4171
0.3843
0.3601
0.3606
0.3688
0.3572
0.3567
0.3572
0.3565
0.3617
0.3672
0.3726
0.3732
0.362
0.3589
0.3613
0.3717
0.3842
0.3785
0.3712
0.3648
0.44
0.3817
0.3631
0.3677
0.3768
0.3542
0.3754
0.3727
0.3706
0.3697
0.3605
0.3555
0.3569
0.3586
0.3603
0.3557
0.3579
0.3672
0.3647
0.3697
0.3738
0.8632
0.4578
0.6035
0.3914
0.3819
0.3798
0.3969
0.4441
0.3941
0.4049
0.5629
0.3767
0.4595
0.4215
0.3634
0.3645
0.4421
0.5829
0.3889
0.3816
0.3636
0.361
0.3715
0.3657
0.3766
0.3964
0.3949
0.3915
0.4165
0.4008
0.3774
0.3785
0.3712
0.3722
0.381
0.3815
0.3892
0.3861
0.3877
0.38
0.3744
0.3561
0.382
0.4613
0.3695
0.3654
0.3989
0.3608
0.3582
0.367
0.3512
0.3695
0.3856
0.3785
0.3884
0.4192
0.397
0.4041
0.3737
0.3615
0.3613
0.3634
0.3607
0.3655
0.3676
0.3658
0.4253
0.3793
0.3772
0.3791
0.3794
0.3935
0.4026
0.3996
0.3891
0.3898
0.3703
0.3544
0.3579
0.3649
0.3605
0.3646
0.3789
0.349
0.3741
0.3683
0.3783
0.3743
0.3849
0.422
0.3916
0.3823
0.3783
0.3828
0.4511
0.4394
0.3838
0.3789
0.3688
0.3755
0.3648
0.3596
0.3639
0.3635
0.3736
0.3538
0.3589
0.3577
0.3595
0.3872
0.3694
0.3782
0.3752
0.373
0.3762
0.3972
0.3504
0.3745
0.367
0.3795
0.3651
0.3669

---------------------------------------
CodechalDecodeHevcG12::DecodeStateLevel
---------------------------------------
0.4516
5.6319
6.9812
5.4691
0.2885
5.684
0.242
0.2088
0.2363
4.9243
0.1769
0.1726
0.2134
0.174
0.2058
0.2063
0.2351
0.1899
0.2225
0.1924
0.2203
0.1873
0.2462
0.2213
0.2123
0.1748
0.2069
0.1712
0.1901
0.1695
0.1979
0.1565
0.2118
0.2021
0.2003
0.1756
0.2218
0.1685
0.2347
0.1756
0.2307
0.1751
0.2473
0.1766
0.1973
0.1875
0.1988
0.1681
0.1447
0.1175
0.1419
0.1173
0.1467
0.1163
0.1468
0.1183
0.145
0.122
0.1396
0.1266
0.1424
0.1164
0.1426
0.1181
0.1478
0.1168
0.1305
0.1206
0.1404
0.1169
0.1359
0.1145
0.1391
0.1174
0.1379
0.1176
0.1408
0.1164
0.1421
0.1181
0.142
0.1183
0.142
0.1176
0.1408
0.1173
0.141
0.1173
0.1409
0.1158
0.1449
0.118
0.1483
0.1192
0.158
0.1225
0.1474
0.1198
0.1453
0.1185
0.1424
0.1164
0.1427
0.118
0.1615
0.1154
0.1483
0.1172
0.1496
0.1147
0.1388
0.1152
0.14
0.1138
0.141
0.1155
0.1403
0.1145
0.1416
0.1144
0.1452
0.1187
0.1397
0.1159
0.1579
0.1222
0.2141
0.1225
0.1459
0.1164
0.1427
0.1159
0.1383
0.1098
0.1436
0.1169
0.1388
0.116
0.1583
0.1207
0.1406
0.1227
0.1393
0.1152
0.1403
0.1154
0.138
0.1155
0.1384
0.1172
0.1449
0.1182
0.1408
0.117
0.1454
0.132
0.135
0.1143
0.1359
0.1134
0.1356
0.1123
0.1375
0.1135
0.1344
0.1123
0.1363
0.1134
0.1375
0.1138
0.14
0.1155
0.1358
0.1143
0.1412
0.1165
0.1371
0.1148
0.137
0.116
0.1421
0.1166
0.144
0.1178
0.142
0.1155
0.1368
0.1151
0.1384
0.1151
0.1377
0.1144
0.1382
0.1148
0.1385
0.1162
0.1434
0.1178
0.1356
0.1101
0.1459
0.1177
0.1454
0.1198
0.141
0.1167
0.1409
0.1141
0.155
0.1185
0.1739
0.126
0.1625
0.1145
0.1405
0.1147
0.1392
0.1152
0.1788
0.1202
0.1436
0.1173
0.158
0.1208
0.1426
0.1179
0.1597
0.1262
0.144
0.1177
0.1413
0.1192
0.1385
0.1164
0.1391
0.1148
0.139
0.1169
0.1409
0.115
0.139
0.1148
0.1387
0.1144
0.1379
0.1153
0.1388
0.117
0.1367
0.116
0.1408
0.116
0.1394
0.1175
0.1601
0.1208
0.1432
0.1174
0.1575
0.1218
0.1449
0.1162
0.1422
0.1163
0.1316
0.1093
0.1389
0.1166
0.1405
0.1157
0.139
0.1169
0.1378
0.1167
0.139
0.1161
0.1389
0.1156
0.1401
0.1168
0.1365
0.1153
0.14
0.1142
0.1378
0.1158
0.1395
0.1153
0.1366
0.1148
0.138
0.1154
0.1379
0.1155
0.1408
0.1152
0.1374
0.1156
0.1393
0.1158
0.1394
0.1159
0.1406
0.1156
0.1411
0.1173
0.1385
0.116
0.137
0.1162
0.1402
0.1153
0.196
2.4573
0.1853
0.1269
1.5694
0.1601
0.1781
0.1332
0.2792
0.1394
0.1602
0.122
0.1459
0.1189
0.1386
0.1151
0.1592
0.1219
0.1384
0.1117
0.1413
0.1172
0.1405
0.1169
0.1376
0.116
0.1406
0.1169
0.1412
0.1175
0.1383
0.1156
0.1384
0.1156
0.1409
0.1156
0.1359
0.1162
0.1366
0.1132
0.1382
0.1152
0.137
0.115
0.1364
0.115
0.1378
0.1153
0.1397
0.1162
0.1387
0.118
0.1385
0.1164
0.1387
0.1158
0.1373
0.115
0.1396
0.1164
0.1373
0.1158
0.1393
0.1165
0.1404
0.1186
0.1368
0.1149
0.1403
0.1169
0.141
0.1164
0.1377
0.1156
0.1374
0.1149
0.1379
0.1174
0.138
0.1159
0.1402
0.116
0.1589
0.1199
0.1341
0.1113
0.1401
0.115
0.1403
0.1173
0.1406
0.1326
0.1368
0.1143
0.1412
0.1141
0.1377
0.1136
0.1366
0.1142
0.1348
0.1146
0.1401
0.1171
0.1454
0.1178
0.1385
0.116
0.1366
0.116
0.1364
0.1176
0.1866
0.1216
0.147
0.1191
0.1407
0.1152
0.1586
0.1206
0.1424
0.1178
0.1411
0.1162
0.1412
0.1168
0.1365
0.1148
0.1367
0.1161
0.1398
0.1162
1.0567
0.1254
0.1591
0.1216
0.1478
0.1191
0.1422
0.1153
0.1416
0.1171
0.1412
0.1167
0.1401
0.1163
0.1355
0.1155
0.1403
0.1152
0.1301
0.1082
0.1395
0.1134
0.1365
0.1152
0.1412
0.1149
0.1377
0.1146
0.1391
0.1149
0.1629
0.117
0.1402
0.1171
0.1385
0.1153
0.1378
0.1151
0.1418
0.1157
0.1415
0.1173
0.1404
0.1184
0.1371
0.1153
0.1444
0.1179
0.1393
0.1161
0.184
0.1209
0.1473
0.1194
0.1427
0.1188
0.1442
0.1174
0.1501
0.1244
0.1483
0.117
0.1427
0.1162
0.143
0.1172
0.1413
0.1371
0.1399
0.1155
0.1358
0.1139
0.136
0.1138
0.1357
0.1148
0.1359
0.1137
0.1337
0.1129
0.1349
0.1151
0.138
0.1143
0.133
0.1086
0.1393
0.1163
0.1359
0.1161
0.1373
0.1154
0.139
0.1149
0.1391
0.1162
0.1379
0.116
0.1407
0.1169
0.1386
0.1161
0.1389
0.1145
0.1372
0.114
0.1395
0.1153
0.1532
0.1197
0.1399
0.1157
0.1436
0.1186
0.1436
0.1188
0.1462
0.1175
0.1513
0.1205
0.1442
0.1162
0.1419
0.1151
0.1433
0.1177
0.1368
0.1168
0.1452
0.115
0.1419
0.1486
0.1438
0.1143
0.1374
0.1138
0.1396
0.1152
0.1374
0.1143
0.1374
0.1169
0.1418
0.1203
0.1405
0.1173
0.1418
0.1178
0.1547
0.121
0.1545
0.1177
0.1566
0.1215
0.1458
0.1189
0.1425
0.1185
0.143
0.1165
0.1511
0.1204
0.1532
0.1323
0.1439
0.1165
0.1386
0.1147
0.1343
0.1161
0.1927
0.1224
0.1494
0.1197
0.1448
0.1172
0.1373
0.1142
0.1626
0.1159
0.1544
0.1208
0.1524
0.1202
0.1874
0.127
0.144
0.118
0.1408
0.1154
0.1679
0.1228
0.1513
0.1194
0.1513
0.1198
0.1504
0.1214
0.1516
0.1214
0.1614
0.1242
0.16
0.1244
0.1542
0.1214
0.1567
0.1217
0.154
0.121
0.1522
0.1337
0.15
0.1199
0.1471
0.1186
0.1364
0.1089
0.1394
0.1153
0.1682
0.1171
0.1725
0.1172
0.1669
0.1207
0.1411
0.1169
0.1408
0.1179
0.1412
0.1155
0.1418
0.1209
0.1403
0.1188
0.1414
0.1181
0.141
0.1167
0.1414
0.1148
0.1394
0.1152
0.1418
0.1167
0.1364
0.1152
0.1373
0.1146
0.1403
0.115
0.1379
0.1146
0.1382
0.1169
0.1384
0.1177
0.1376
0.1163
0.1375
0.1141
0.1404
0.117
0.1402
0.1169
0.1681
0.1348
0.1766
0.123
0.1434
0.1145
0.1606
0.1149
0.1409
0.1149
0.1354
0.1134
0.1358
0.1138
0.1398
0.1146
0.1302
0.1076
0.1361
0.1126
0.1363
0.1282
0.1374
0.1158
0.1373
0.1157
0.1394
0.1156
0.1374
0.1154
0.139
0.1148
0.1395
0.1167
0.1365
0.1139
0.1389
0.1158
0.1455
0.1179
0.1453
0.1176
0.2072
0.1885
0.1595
0.1236
0.2041
0.1703
0.1659
0.1269
0.156
0.124
0.1389
0.1163
0.2107
0.1305
0.1549
0.1163
0.1421
0.1158
0.1869
0.1184
0.1459
0.1163
0.144
0.1143
0.138
0.1152
0.1406
0.1154
0.1398
0.118
0.1435
0.1579
0.1426
0.1176
0.1412
0.1179
0.1412
0.1156
0.1437
0.1177
0.1336
0.11
0.1428
0.1169
0.1467
0.1186
0.1609
0.1227
0.1423
0.116
0.1958
0.1235
0.1395
0.1162
0.1384
0.1153
0.1413
0.1166
0.1383
0.1135
0.1376
0.1128
0.1396
0.1155
0.14
0.1143
0.14
0.1155
0.1395
0.1159
0.1373
0.1136
0.1349
0.1135
0.1437
0.1429
0.1667
0.1202
0.143
0.1168
0.1463
0.1171
0.1411
0.1149
0.1561
0.1184
0.1454
0.117
0.1442
0.1176
0.1384
0.1144
0.1397
0.1151
0.1395
0.1169
0.1387
0.115
0.1423
0.1178
0.1395
0.1178
0.1413
0.1165
0.1457
0.1179
0.1506
0.1073
0.1389
0.1144
0.1389
0.1158
0.1393
0.115
0.1823
0.1155
0.1431
0.1153
0.1418
0.1167
0.1593
0.1214
0.145
0.1258
0.1364
0.115
0.1365
0.1158
0.1401
0.1184
0.1377
0.1141
0.1371
0.1129
0.1377
0.1132
0.1364
0.1132
0.1387
0.1147
0.1401
0.1164
0.1431
0.1178
0.1434
0.1157
0.1404
0.1148
0.137
0.114
0.1371
0.1145
0.1432
0.1163
0.149
0.1169
0.1453
0.1169
0.1383
0.1233
0.1392
0.1158
0.158
0.12
0.1472
0.1194
0.1386
0.1159
0.1411
0.1157
0.1439
0.1166
0.1371
0.1108
0.1447
0.1168
0.1431
0.1174
0.1414
0.1152
0.1402
0.1146
0.1393
0.1139
0.136
0.1128
0.1358
0.1147
0.1389
0.1145
0.1375
0.1144
0.1371
0.1125
0.1383
0.1146
0.1372
0.1174
0.1388
0.1152
0.1407
0.1171
0.1452
0.1172
0.5076
0.1904
0.1784
0.1309
0.224
0.1964
0.149
0.1188
0.1458
0.1176
0.1448
0.116
0.1513
0.1176
0.1761
0.1215
0.1493
0.1176
0.1547
0.1184
0.2164
0.1767
0.1434
0.1181
0.1827
0.1265
0.168
0.1194
0.138
0.1148
0.1378
0.1141
0.1783
0.1205
0.2298
0.1809
0.1477
0.1185
0.1463
0.1178
0.1367
0.1145
0.1375
0.1127
0.1431
0.1166
0.1385
0.1137
0.1433
0.1161
0.148
0.1183
0.1495
0.1206
0.1519
0.1201
0.1619
0.1242
0.1543
0.1223
0.1434
0.1176
0.1454
0.1193
0.1413
0.1185
0.1412
0.1188
0.1452
0.1195
0.1427
0.1223
0.1475
0.1219
0.1481
0.1216
0.1494
0.1195
0.1445
0.1206
0.1422
0.1165
0.133
0.1148
0.1438
0.1155
0.1885
0.1222
0.1394
0.1155
0.1359
0.118
0.1695
0.1183
0.1376
0.1135
0.1344
0.1141
0.1382
0.1153
0.1337
0.1101
0.1409
0.1171
0.1499
0.1198
0.1431
0.1195
0.1485
0.1201
0.1664
0.1251
0.152
0.1226
0.1544
0.1215
0.1418
0.1167
0.1367
0.1174
0.137
0.1155
0.138
0.1156
0.1363
0.1156
0.1365
0.1162
0.1392
0.1173
0.1377
0.117
0.1617
0.1225
0.1444
0.1194
0.1425
0.1193
0.1412
0.1215
0.1465
0.1189
0.1489
0.1214
0.1521
0.124
0.1541
0.1227
0.1492
0.1215
0.1491
0.1225
0.1416
0.1154
0.1338
0.1134
0.1352
0.1143
0.1364
0.1165
0.1356
0.1159
0.1377
0.1152
0.1461
0.1171
0.1341
0.1076
0.1426
0.1158
0.1401
0.1169
0.1405
0.1161
0.1433
0.1175
0.1469
0.1204
0.1704
0.1298
0.1491
0.1179
0.1463
0.117
0.1439
0.1166
0.1442
0.1169
0.1849
0.122
0.1753
0.1222
0.1464
0.1171
0.1454
0.1215
0.1424
0.1168
0.1458
0.1184
0.142
0.1174
0.1375
0.1156
0.1388
0.1133
0.1398
0.1156
0.1404
0.1237
0.136
0.1134
0.1386
0.1148
0.1371
0.1129
0.1386
0.1148
0.1391
0.1137
0.1423
0.113
0.1458
0.1173
0.145
0.1178
0.1433
0.1176
0.1463
0.1165
0.1612
0.1189
0.1346
0.1109
0.1434
0.116
0.141
0.117
0.1449
0.1179
0.1392
0.1162
0.142
0.117

-------------------------------------
CodechalDecodeHevcG12::SetFrameStates
-------------------------------------
0.6067
1.1447
5.835
0.1679
0.0987
0.1382
0.1151
0.1381
0.0325
0.0392
0.0391
0.0386
0.0344
0.033
0.0354
0.0325
0.0329
0.0333
0.0342
0.0332
0.0324
0.0321
0.032
0.0313
0.0324
0.0313
0.0332
0.0328
0.0334
0.0315
0.0313
0.0321
0.0322
0.0208
0.032
0.0307
0.0309
0.0307
0.0314
0.0322
0.0323
0.0317
0.0321
0.0313
0.0316
0.0321
0.0333
0.0329
0.0331
0.0323
0.0316
0.0318
0.0335
0.0318
0.0315
0.0307
0.0316
0.0314
0.0312
0.0311
0.0318
0.0318
0.0379
0.0446
0.0343
0.033
0.0227
0.034
0.0312
0.0386
0.0335
0.032
0.0311
0.0306
0.0303
0.031
0.0311
0.0328
0.0303
0.0304
0.0301
0.0303
0.0308
0.0304
0.03
0.0307
0.0306
0.0316
0.0309
0.0305
0.0318
0.0332
0.0316
0.0303
0.0318
0.0306
0.0309
0.0303
0.0314
0.0298
0.0333
0.0328
0.0317
0.0322
0.0375
0.0379
0.0363
0.0327
0.0319
0.04
0.033
0.0383
0.0329
0.0381
0.0343
0.0321
0.0315
0.0318
0.0312
0.0319
0.0309
0.0314
0.0311
0.0314
0.0303
0.0318
0.0314
0.0377
0.0332
0.038
0.0338
0.0365
0.0212
0.0322
0.0319
0.0317
0.0312
0.0316
0.0311
0.0321
0.0302
0.0353
0.0304
0.0312
0.0308
0.0311
0.0305
0.0311
0.0305
0.032
0.0317
0.0314
0.0319
0.0313
0.0308
0.042
0.0383
0.0377
0.0352
3.3659
0.1634
0.0379
0.0388
0.0349
0.0379
0.0232
0.0335
0.0318
0.0312
0.0321
0.0317
0.038
0.0317
0.0314
0.0299
0.0307
0.0307
0.0302
0.0358
0.0311
0.0307
0.0306
0.0305
0.0366
0.0307
0.0353
0.0302
0.0309
0.0304
0.0304
0.0316
0.0311
0.0304
0.0305
0.0363
0.0316
0.0309
0.0314
0.0222
0.0317
0.0321
0.0322
0.0308
0.0309
0.0312
0.0368
0.0299
0.0311
0.031
0.0306
0.036
0.0324
0.0406
0.0347
0.032
0.0384
0.0337
0.0316
0.0305
0.0334
0.0307
0.0306
0.0599
0.0394
0.0345
0.0311
0.0316
0.0325
0.0372
0.0303
0.032
0.021
0.0334
0.0302
0.0316
0.0347
0.0317
0.0325
0.0336
0.0306
0.0358
0.0314
0.0305
0.0303
0.0311
0.0309
0.0319
0.0387
0.0336
0.0322
0.0325
0.0328
0.0344
0.0321
0.0425
0.0317
0.0328
0.0307
0.0311
0.0305
0.0301
0.0306
0.0299
0.031
0.0211
0.0321
0.0298
0.0311
0.0307
0.0308
0.0317
0.0319
0.0304
0.0307
0.0301
0.0307
0.0421
0.032
0.0313
0.0314
0.0329
0.0328
0.033
0.032
0.0316
0.0303
0.0352
0.0321
0.0343
0.0306
0.0303
0.0305
0.0316
0.0313
0.031
0.0318
0.0337
0.0277
0.0356
0.0322
0.0315
0.0313
0.0334
0.0353
0.032
0.0305
0.0299
0.0445
0.0348
0.0334
0.0313
0.0343
0.0353
0.0329
0.0408
0.0334
0.0345
0.0399
0.0358
0.0342
0.0329
0.0346
0.0361
0.0352
0.0356
0.0348
0.0338
0.0341
0.0344
0.0332
0.0227
0.0323
0.0309
0.037
0.0376
0.033
0.0323
0.0318
0.0315
0.0312
0.0313
0.0317
0.0319
0.0305
0.0309
0.0309
0.0312
0.0305
0.0307
0.0304
0.0298
0.0305
0.0304
0.0311
0.031
0.037
0.0398
0.0331
0.0334
0.0309
0.0309
0.0299
0.0306
0.0207
0.0306
0.0298
0.0304
0.03
0.0308
0.0305
0.0302
0.0309
0.0301
0.0306
0.0307
0.0331
0.0421
0.0388
0.0467
0.0387
0.0333
0.0317
0.0475
0.037
0.0336
0.0411
0.0339
0.0323
0.0319
0.0316
0.0324
0.0329
0.032
0.0318
0.0318
0.0314
0.0222
0.0324
0.0335
0.038
0.0338
0.0316
0.0323
0.0317
0.0314
0.0316
0.0308
0.0307
0.0318
0.0316
0.031
0.0307
0.0298
0.04
0.0412
0.0345
0.0336
0.0323
0.0384
0.0349
0.0331
0.0316
0.0309
0.0372
0.0311
0.0305
0.0312
0.0317
0.0329
0.0215
0.0317
0.0312
0.0313
0.0312
0.0316
0.0324
0.0392
0.0331
0.0316
0.0314
0.0312
0.0305
0.0307
0.0305
0.0302
0.0309
0.0312
0.032
0.0323
0.0304
0.0309
0.0319
0.0324
0.032
0.0329
0.0312
0.0334
0.0669
0.0341
0.0318
0.0312
0.0326
0.0225
0.0329
0.0322
0.0316
0.0314
0.0306
0.0304
0.031
0.0305
0.0306
0.0304
0.03
0.032
0.0309
0.0314
0.0311
0.0427
0.0429
0.0532
0.0363
0.0375
0.0344
0.0375
0.0419
0.0357
0.037
0.0495
0.0342
0.0412
0.0381
0.0313
0.0316
0.0383
0.0366
0.0382
0.0333
0.0316
0.031
0.0308
0.0311
0.0326
0.0354
0.0321
0.0328
0.0354
0.0343
0.0317
0.0312
0.0311
0.0308
0.0321
0.0317
0.0334
0.0334
0.0346
0.0317
0.0313
0.0304
0.0342
0.0399
0.0326
0.031
0.0307
0.0305
0.0302
0.0314
0.0218
0.0313
0.0318
0.0326
0.0327
0.0348
0.0337
0.0346
0.0321
0.0301
0.0304
0.0307
0.03
0.0302
0.0307
0.0305
0.0388
0.0333
0.0321
0.0321
0.032
0.0332
0.0334
0.0334
0.033
0.0333
0.0312
0.0301
0.03
0.0303
0.0305
0.0311
0.0313
0.0216
0.0319
0.0314
0.033
0.0314
0.0326
0.0324
0.0343
0.0331
0.0323
0.034
0.0384
0.04
0.0376
0.0323
0.0321
0.0325
0.0306
0.0312
0.0314
0.0313
0.0312
0.0301
0.0307
0.0305
0.0304
0.0312
0.0325
0.0316
0.0326
0.0321
0.0327
0.0337
0.0221
0.0336
0.0315
0.0326
0.0319
0.0313

--------------------------
CreateVideoDecoder_D3D11_1
--------------------------
18.0092

---------------------------
DestroyVideoDecoder_D3D11_1
---------------------------
0

----------------
First Frame Time
----------------
64.0374

--------------------------------------
VideoDecoderBeginFrame_WDDM2_4_D3D11_1
--------------------------------------
0.0115
0.0038
0.0032
0.0023
0.0022
0.0018
0.0022
0.0017
0.0018
0.0022
0.0017
0.0027
0.0019
0.0023
0.0018
0.0018
0.002
0.0016
0.0018
0.0029
0.0018
0.0017
0.0017
0.0017
0.0016
0.0017
0.002
0.0018
0.0027
0.0017
0.0016
0.0017
0.0018
0.0018
0.0015
0.0016
0.0016
0.0016
0.0016
0.0016
0.0017
0.0017
0.0026
0.0016
0.0015
0.0016
0.0015
0.0018
0.0017
0.0016
0.0016
0.0015
0.002
0.0018
0.0017
0.0017
0.0017
0.0015
0.0017
0.0016
0.0015
0.0018
0.0024
0.0049
0.0022
0.002
0.0021
0.0019
0.0017
0.0026
0.0028
0.0018
0.0017
0.0018
0.0016
0.0017
0.0017
0.002
0.0017
0.0015
0.0015
0.0015
0.0015
0.0015
0.0015
0.0016
0.0015
0.0026
0.0016
0.0016
0.0016
0.0016
0.0016
0.0015
0.0054
0.0016
0.0015
0.0016
0.0016
0.0018
0.0017
0.0017
0.0016
0.0018
0.0027
0.0026
0.0023
0.0018
0.0019
0.0031
0.0021
0.0026
0.002
0.0027
0.0019
0.0021
0.0016
0.0018
0.0016
0.0018
0.0016
0.0018
0.0016
0.0018
0.0016
0.0018
0.0016
0.0027
0.0019
0.0026
0.0022
0.0019
0.0018
0.0017
0.0018
0.0019
0.0015
0.0018
0.0017
0.0018
0.0015
0.0045
0.0016
0.0018
0.0016
0.0018
0.0015
0.0018
0.0016
0.0017
0.0017
0.0018
0.0018
0.0019
0.0016
0.002
0.0026
0.0025
0.0019
0.0025
0.0024
0.0026
0.0018
0.0017
0.0027
0.0022
0.0019
0.0017
0.0017
0.0017
0.0019
0.0017
0.0014
0.002
0.0014
0.0017
0.0016
0.0015
0.0015
0.0015
0.0016
0.0015
0.0016
0.0015
0.0015
0.0015
0.0015
0.0015
0.0016
0.0015
0.0017
0.0016
0.0015
0.0015
0.0014
0.0017
0.0017
0.0017
0.0019
0.0017
0.0018
0.002
0.0017
0.0018
0.0018
0.0015
0.0015
0.0017
0.0016
0.0015
0.0016
0.0126
0.0028
0.0019
0.0021
0.0026
0.0018
0.0017
0.0015
0.0016
0.0016
0.0016
0.0016
0.0028
0.0041
0.0018
0.0015
0.0019
0.0017
0.0017
0.002
0.0017
0.0017
0.0017
0.0017
0.0016
0.0015
0.0018
0.0015
0.0016
0.0015
0.0017
0.0015
0.0015
0.0015
0.0015
0.0016
0.0027
0.0018
0.0019
0.0017
0.0017
0.0017
0.0017
0.002
0.0017
0.0019
0.0022
0.0016
0.0014
0.0015
0.0015
0.0017
0.0018
0.0016
0.0015
0.0016
0.0015
0.0015
0.0017
0.0016
0.0015
0.0017
0.0014
0.0015
0.0016
0.0019
0.0018
0.0016
0.0016
0.0018
0.0017
0.0019
0.0017
0.0017
0.0016
0.0026
0.0016
0.0018
0.0015
0.0016
0.0014
0.0017
0.0016
0.0016
0.0016
0.0019
0.0022
0.0019
0.0019
0.0017
0.0016
0.0019
0.0026
0.0016
0.0017
0.0016
0.0032
0.0024
0.0018
0.0018
0.0019
0.0022
0.002
0.0032
0.002
0.0089
0.0028
0.0023
0.0019
0.0017
0.0019
0.0019
0.0018
0.0019
0.0057
0.0018
0.0018
0.002
0.0019
0.0022
0.0019
0.0019
0.0026
0.0029
0.002
0.0018
0.0018
0.0017
0.0017
0.002
0.0018
0.0018
0.0017
0.0016
0.0016
0.0016
0.0015
0.0015
0.0015
0.0015
0.0016
0.0016
0.0014
0.0016
0.0025
0.0027
0.0022
0.0022
0.0015
0.0016
0.0015
0.0017
0.0017
0.0016
0.0016
0.0016
0.0016
0.0016
0.0014
0.0015
0.0016
0.0015
0.0016
0.0016
0.0017
0.0025
0.0024
0.0024
0.0026
0.0022
0.0018
0.0029
0.0026
0.002
0.0031
0.0021
0.0018
0.0018
0.0018
0.0018
0.0016
0.0019
0.0017
0.0017
0.0017
0.0018
0.0016
0.0018
0.0028
0.002
0.0018
0.0018
0.0017
0.0015
0.0021
0.0016
0.0018
0.0016
0.0016
0.0016
0.0015
0.0016
0.0025
0.0027
0.002
0.002
0.0018
0.0028
0.0021
0.0021
0.0019
0.0017
0.0016
0.0017
0.0017
0.0017
0.0017
0.0019
0.0019
0.0018
0.0017
0.0017
0.0018
0.0018
0.0019
0.0026
0.0021
0.0018
0.0016
0.0019
0.0016
0.0016
0.0016
0.0017
0.0016
0.0016
0.0016
0.002
0.0015
0.0015
0.0017
0.0016
0.0016
0.0017
0.0016
0.0015
0.0027
0.0019
0.0017
0.0017
0.0018
0.0019
0.0016
0.0016
0.0018
0.0018
0.0017
0.0016
0.0016
0.0016
0.0015
0.0015
0.0015
0.0108
0.0024
0.0015
0.0017
0.0021
0.0036
0.0053
0.0024
0.0021
0.0021
0.0025
0.0028
0.0023
0.0073
0.003
0.002
0.0028
0.0023
0.0017
0.0019
0.0026
0.0033
0.002
0.002
0.0017
0.0019
0.0018
0.0017
0.0018
0.0024
0.0018
0.0017
0.0019
0.0018
0.0018
0.0017
0.0016
0.0017
0.0016
0.0015
0.0019
0.0017
0.0017
0.0018
0.0019
0.0017
0.0022
0.0035
0.0019
0.0018
0.0018
0.0016
0.0016
0.0017
0.0018
0.0017
0.0016
0.0016
0.0017
0.0018
0.0019
0.0019
0.002
0.0017
0.0014
0.0016
0.0016
0.0015
0.0017
0.0016
0.0027
0.0021
0.0018
0.0017
0.0018
0.0017
0.0019
0.0019
0.0018
0.0018
0.0021
0.0016
0.0015
0.0016
0.0016
0.0015
0.0017
0.0018
0.0016
0.0016
0.0016
0.0016
0.0016
0.0018
0.0019
0.0019
0.0017
0.0024
0.0028
0.003
0.002
0.0017
0.0016
0.0016
0.0018
0.0017
0.0019
0.0018
0.0017
0.0017
0.0017
0.0016
0.0016
0.0016
0.0017
0.0017
0.0017
0.0017
0.0016
0.0017
0.0022
0.0019
0.0018
0.0017
0.0017
0.0021

----------------------------
VideoDecoderEndFrame_D3D11_1
----------------------------
0.0425
0.0619
0.0684
0.0596
0.0643
0.0614
0.0632
0.0619
0.0631
0.0628
0.0646
0.0595
0.0555
0.0569
0.0578
0.0594
0.0573
0.0581
0.061
0.057
0.0561
0.0552
0.056
0.0544
0.0528
0.057
0.0541
0.0547
0.0592
0.0537
0.0571
0.0539
0.0551
0.0532
0.053
0.0534
0.0531
0.0536
0.0551
0.0545
0.0544
0.0574
0.0542
0.052
0.0573
0.0557
0.0531
0.0594
0.0551
0.0556
0.0534
0.0531
0.055
0.0554
0.0524
0.054
0.0532
0.0535
0.0533
0.0544
0.0557
0.0531
0.058
0.0606
0.0534
0.0527
0.053
0.0531
0.0538
0.0567
0.0546
0.0521
0.0516
0.0524
0.0534
0.0542
0.0526
0.0543
0.0524
0.0516
0.0514
0.0517
0.0527
0.0515
0.0515
0.0537
0.0517
0.0524
0.0527
0.0522
0.0524
0.0535
0.0558
0.0525
0.057
0.0521
0.0517
0.053
0.0533
0.0552
0.0564
0.0556
0.0531
0.0551
0.0566
0.054
0.0539
0.0526
0.0531
0.057
0.0518
0.0541
0.0738
0.0544
0.0532
0.0516
0.0506
0.0523
0.0589
0.051
0.0506
0.0503
0.0523
0.0507
0.0503
0.0511
0.0509
0.0544
0.0526
0.0564
0.0511
0.0569
0.0521
0.0511
0.0509
0.0502
0.0508
0.0504
0.0502
0.0502
0.0503
0.0532
0.0509
0.0512
0.0509
0.0516
0.0507
0.0522
0.0513
0.0507
0.0509
0.0516
0.053
0.0508
0.0506
0.052
0.0657
0.0519
0.0823
0.0616
0.0837
0.1036
0.0518
0.0513
0.0545
0.0511
0.0517
0.0512
0.0512
0.0513
0.0504
0.052
0.0504
0.0523
0.0508
0.0513
0.0506
0.0508
0.0504
0.0519
0.0508
0.0505
0.051
0.0508
0.0501
0.0503
0.0511
0.0508
0.0518
0.0509
0.0513
0.0519
0.0506
0.0509
0.0509
0.0513
0.0513
0.0506
0.0508
0.0515
0.051
0.055
0.0508
0.0505
0.0522
0.0515
0.0504
0.0519
0.0521
0.0526
0.0513
0.0526
0.059
0.0536
0.0542
0.0587
0.0519
0.0514
0.052
0.0522
0.0512
0.0507
0.0599
0.0608
0.0527
0.0521
0.0515
0.0508
0.052
0.0503
0.0504
0.0516
0.0499
0.0517
0.054
0.0499
0.0508
0.0526
0.0502
0.051
0.0507
0.051
0.0508
0.0507
0.0502
0.053
0.0502
0.0546
0.0553
0.0544
0.0526
0.0524
0.0549
0.0517
0.0511
0.0503
0.0495
0.0513
0.0517
0.052
0.0516
0.0514
0.0503
0.052
0.0514
0.0501
0.0508
0.0529
0.0518
0.0513
0.0496
0.0514
0.0498
0.0538
0.0527
0.0532
0.0568
0.0568
0.0539
0.0557
0.0548
0.0549
0.0538
0.0556
0.0539
0.0579
0.0552
0.0549
0.0538
0.053
0.0535
0.0529
0.0551
0.0548
0.0535
0.0555
0.0575
0.0552
0.0561
0.0547
0.0543
0.0532
0.0543
0.0574
0.0536
0.0527
0.0547
0.0598
0.0637
0.0557
0.0601
0.0592
0.054
0.0672
0.0615
0.0556
0.0576
0.0563
0.0535
0.0548
0.0595
0.0555
0.0578
0.057
0.0584
0.0569
0.0556
0.0554
0.0553
0.0521
0.0541
0.0538
0.0557
0.0567
0.0559
0.0547
0.0536
0.0544
0.0531
0.0539
0.0533
0.0512
0.0532
0.0518
0.0515
0.0519
0.0521
0.0512
0.0532
0.0536
0.0522
0.0532
0.0514
0.0538
0.0653
0.0549
0.0593
0.0525
0.0541
0.0525
0.0536
0.0527
0.0515
0.0521
0.0536
0.0528
0.0519
0.0525
0.0513
0.0522
0.0529
0.0523
0.0518
0.0538
0.0533
0.0542
0.0734
0.0544
0.0779
0.0959
0.0593
0.0528
0.0618
0.0541
0.0536
0.0589
0.0532
0.0533
0.0519
0.0535
0.0535
0.0531
0.0525
0.0515
0.0532
0.0513
0.0525
0.0564
0.0532
0.0551
0.0538
0.0556
0.0535
0.0528
0.0532
0.0535
0.0533
0.0557
0.0523
0.0533
0.0519
0.0533
0.0507
0.062
0.0569
0.0564
0.0633
0.0531
0.0578
0.0559
0.0537
0.0528
0.0523
0.0558
0.0544
0.0533
0.0537
0.0535
0.0547
0.0536
0.0528
0.0529
0.0527
0.0523
0.052
0.0541
0.0574
0.0591
0.0547
0.0526
0.053
0.0521
0.0521
0.0515
0.0536
0.0528
0.0519
0.0518
0.0657
0.0528
0.051
0.0536
0.0539
0.0531
0.0527
0.0521
0.0529
0.0565
0.0536
0.0555
0.0537
0.0539
0.0528
0.0602
0.0528
0.0539
0.0537
0.0524
0.0515
0.0521
0.053
0.0531
0.0526
0.0515
0.0716
0.0575
0.0525
0.0679
0.0813
0.058
0.0792
0.0568
0.06
0.0551
0.0562
0.0592
0.0554
0.0552
0.077
0.0548
0.057
0.0612
0.0541
0.0547
0.0564
0.0598
0.0575
0.0549
0.0541
0.0527
0.0559
0.0549
0.054
0.0546
0.0571
0.0544
0.0578
0.0582
0.0542
0.0541
0.0541
0.0542
0.0574
0.0577
0.0618
0.0555
0.0557
0.0563
0.0527
0.0539
0.0542
0.057
0.0532
0.0535
0.055
0.0542
0.0541
0.0568
0.0541
0.0537
0.0541
0.0552
0.0558
0.0569
0.0583
0.0561
0.0528
0.053
0.0551
0.053
0.055
0.053
0.0542
0.054
0.0563
0.0553
0.0541
0.0547
0.0537
0.0583
0.0567
0.0582
0.056
0.0547
0.0528
0.0555
0.0521
0.0542
0.0528
0.0541
0.0536
0.0527
0.0542
0.0522
0.0546
0.0532
0.0548
0.0714
0.0555
0.0529
0.054
0.053
0.0574
0.0588
0.0547
0.0542
0.0535
0.0536
0.0529
0.0536
0.0537
0.0523
0.0527
0.0537
0.0515
0.0517
0.0536
0.0586
0.0539
0.0538
0.0527
0.052
0.0532
0.0534
0.0526
0.0511
0.0519
0.0515
0.0518
0.0546

---------------------------------
VideoDecoderSubmitBuffers_D3D11_1
---------------------------------
7.059
13.752
11.9521
0.7565
5.3809
0.6047
0.6167
0.6643
0.5624
0.561
0.5515
0.6862
0.5704
0.5469
0.5425
0.5234
0.601
0.5668
0.5676
0.5847
0.5874
0.5884
0.5602
0.5406
0.3866
0.3832
0.3983
0.3934
0.4035
0.3917
0.3863
0.3902
0.3982
0.3668
0.3844
0.3717
0.3793
0.3787
0.3837
0.3896
0.3886
0.3861
0.3903
0.3843
0.3832
0.3936
0.4028
0.415
0.3981
0.3922
0.3857
0.3857
0.416
0.3973
0.3927
0.3793
0.3807
0.3842
0.3812
0.3876
0.3936
0.3816
0.4341
0.531
0.3941
0.3868
0.3705
0.391
0.3751
0.4329
0.3889
0.3758
0.3732
0.37
0.3725
0.3836
0.3796
0.4079
0.366
0.3671
0.3648
0.3679
0.3634
0.3666
0.3691
0.3751
0.3678
0.3849
0.3705
0.3709
0.3818
0.3941
0.3852
0.3697
0.3759
0.3716
0.3705
0.3727
0.3869
0.3751
0.3986
0.3934
0.3825
0.3831
0.4255
0.4615
0.4257
0.3828
0.3793
0.4684
0.3973
0.4363
0.4887
0.7307
0.749
0.7496
0.8013
0.7663
0.8121
0.7717
0.7966
0.7585
0.788
0.7369
0.7786
0.7688
0.8071
0.7274
0.7351
0.7026
0.3945
0.3931
0.357
0.3816
0.3825
0.6912
0.757
0.6595
0.7364
0.7668
0.8151
0.7791
0.8023
0.7697
0.7888
0.7736
0.7962
0.7499
0.7858
0.4948
0.5652
0.7285
0.3839
0.38
0.3732
0.6465
2.8213
0.4694
1.8897
3.7949
0.7036
0.4387
0.4129
0.7539
0.436
0.3749
0.3868
0.3813
0.6413
0.7667
0.5588
0.4236
0.7035
0.381
0.3695
0.3689
0.6543
0.7313
0.7734
0.7879
0.3747
0.5404
0.7678
0.8173
0.7649
0.8299
0.8091
0.3749
0.5593
0.7683
0.8253
0.7751
0.8038
0.7793
0.8185
0.7398
0.3769
0.4017
0.3647
0.3815
0.6341
0.3981
0.3707
0.3774
0.376
0.5162
0.8259
0.3777
0.4055
0.7742
0.7852
0.7774
0.4767
0.3955
0.3784
0.4336
0.3882
0.4312
0.8193
0.7842
0.8136
0.7434
1.8079
0.4392
0.4011
0.3829
0.685
0.516
0.7208
0.8111
0.3845
0.3554
0.3803
0.371
0.4684
0.7877
0.6405
0.4106
0.3805
0.7183
0.8426
0.8107
0.3779
0.5314
0.8008
0.3846
0.5058
0.7416
0.7147
0.7258
0.7803
0.78
0.7472
0.757
0.6898
0.7647
0.4052
0.3714
0.3739
0.371
0.3684
0.3676
0.3706
0.3793
0.3569
0.3804
0.3692
0.3745
0.375
0.3778
0.379
0.3821
0.3761
0.3735
0.3724
0.3762
0.421
0.3828
0.3863
0.391
0.3955
0.4051
0.3982
0.3858
0.388
0.4453
0.3986
0.4322
0.3885
0.3737
0.3771
0.374
0.3782
0.3854
0.3836
0.3898
0.4146
0.4253
0.4263
0.3942
0.3873
0.3859
0.4093
0.4343
0.3926
0.3752
0.4077
0.4997
0.4063
0.3924
0.372
0.4249
0.4128
0.4036
0.4849
0.3918
0.3962
0.4494
0.4091
0.4037
0.4013
0.4086
0.4322
0.4259
0.4137
0.4181
0.4097
0.4259
0.4055
0.3971
0.3688
0.3822
0.409
0.4494
0.445
0.3882
0.3863
0.3828
0.3931
0.3778
0.3799
0.3807
0.382
0.3723
0.3778
0.3693
0.3695
0.3727
0.3711
0.3727
0.3706
0.3715
0.3687
0.3756
0.383
0.4561
0.4646
0.3917
0.4184
0.3768
0.3652
0.3655
0.3734
0.3503
0.3685
0.3817
0.3704
0.3701
0.3735
0.3709
0.3727
0.3745
0.3695
0.3773
0.39
0.3952
0.5798
0.4307
0.5633
0.4479
0.4169
0.3789
0.5089
0.4146
0.3889
0.4733
0.3909
0.3824
0.3759
0.3785
0.3824
0.4311
0.3831
0.3829
0.3795
0.3842
0.3645
0.3881
0.3937
0.4379
0.3855
0.4447
0.3812
0.3745
0.3808
0.3796
0.3716
0.3754
0.3776
0.3791
0.3735
0.369
0.3647
0.4643
0.4511
0.3908
0.3953
0.3815
0.4269
0.395
0.3899
0.3757
0.3742
0.384
0.3747
0.38
0.3782
0.3808
0.3921
0.3782
0.3787
0.3763
0.3747
0.4211
0.3832
0.386
0.4361
0.3985
0.3735
0.3731
0.3839
0.3701
0.3694
0.3695
0.3686
0.3741
0.3802
0.3866
0.3883
0.3749
0.3714
0.3747
0.3855
0.3983
0.3927
0.3838
0.3775
0.4594
0.3965
0.3786
0.3807
0.3913
0.3697
0.3884
0.3861
0.3838
0.3843
0.3735
0.3684
0.369
0.3709
0.3726
0.3677
0.37
0.3918
0.3781
0.382
0.3862
0.8823
0.4802
0.6282
0.4087
0.3969
0.3952
0.4151
0.4664
0.4106
0.4233
0.5838
0.3909
0.4808
0.4402
0.3759
0.3774
0.462
0.6098
0.4038
0.3956
0.3763
0.3734
0.3839
0.3782
0.3906
0.4098
0.4081
0.4059
0.4314
0.4154
0.3903
0.3911
0.3835
0.384
0.394
0.3942
0.4024
0.3993
0.401
0.3921
0.3894
0.3682
0.3968
0.4829
0.3833
0.3775
0.4107
0.3737
0.3703
0.3802
0.3665
0.3819
0.3987
0.3934
0.4017
0.4348
0.4109
0.4269
0.3884
0.373
0.3731
0.376
0.3723
0.3772
0.3797
0.3774
0.4454
0.3927
0.3897
0.392
0.392
0.4069
0.4161
0.4129
0.4023
0.4023
0.3852
0.3663
0.3698
0.3771
0.3727
0.3765
0.3925
0.3635
0.3884
0.3803
0.3917
0.3872
0.3984
0.4349
0.4074
0.3976
0.3923
0.3978
0.4709
0.4599
0.3981
0.3925
0.3814
0.388
0.3777
0.372
0.3792
0.3769
0.3864
0.366
0.3713
0.371
0.3721
0.4005
0.3834
0.3914
0.3887
0.3864
0.3904
0.4122
0.3662
0.3905
0.3803
0.3947
0.3784
0.3798

