---------------------------------------------
CalcPrivateVideoDecoderOutputViewSize_D3D11_1
---------------------------------------------
0.0019
0.0013
0.0013
0.0013
0.0015
0.0015
0.002
0.001
0.0012
0.0013
0.0021
0.001
0.0014
0.0016
0.0013
0.0009
0.0009
0.001
0.0009
0.0018
0.0008
0.0007
0.0013
0.0006
0.0007
0.0008
0.0007
0.0007
0.0024
0.0007
0.0008
0.0007
0.0006
0.0006
0.0007
0.0006
0.0007
0.0014
0.0009
0.0009
0.0007
0.001
0.0023
0.0009
0.0007
0.0009
0.0007
0.0008
0.0007
0.0008
0.0006
0.0009
0.0006
0.0008
0.0007
0.0009
0.0006
0.0007
0.0014
0.0009
0.001
0.0007
0.001
0.002
0.001
0.0006
0.0009
0.0007
0.0008
0.0007
0.0013
0.0013
0.0016
0.0012
0.0013
0.0009
0.0013
0.0007
0.0014
0.0012
0.0009
0.0014
0.0008
0.0016
0.0009
0.0007
0.0016
0.0008
0.001
0.0013
0.0016
0.0019
0.0009
0.0015
0.0036
0.0017
0.001
0.0015
0.001
0.0014
0.001
0.0008
0.0015
0.001
0.0009
0.0018
0.0017
0.0009
0.0009
0.0011
0.001
0.0008
0.0022
0.0014
0.0016
0.0009
0.0017
0.0009
0.0016
0.0009
0.0008
0.0007
0.0009
0.001
0.001
0.0012
0.0011
0.0015
0.0009
0.0012
0.0013
0.001
0.001
0.0022
0.0011
0.0009
0.0008
0.0008
0.0015
0.0011
0.0007
0.0095
0.0007
0.0015
0.0008
0.0007
0.0006
0.0015
0.001
0.0007
0.0008
0.0011
0.0007
0.0015
0.0008
0.0007
0.0007
0.0008
0.0006
0.0009
0.0006
0.001
0.0018
0.001
0.001
0.0017
0.0015
0.0013
0.0013
0.0011
0.0013
0.0012
0.001
0.0008
0.0014
0.0014
0.0009
0.0019
0.0009
0.0022
0.0013
0.0011
0.0007
0.0006
0.0009
0.0015
0.0013
0.0009
0.0014
0.0012
0.0011
0.0009
0.0009
0.0009
0.0019
0.0019
0.0015
0.0014
0.0011
0.0008
0.0013
0.0013
0.0009
0.0007
0.0008
0.0007
0.0006
0.0011
0.001
0.0013
0.0007
0.0028
0.0006
0.0011
0.001
0.0011
0.0013
0.0009
0.0007
0.0008
0.0007
0.0008
0.0008
0.0008
0.0006
0.0009
0.0007
0.0008
0.0013
0.0015
0.0012
0.001
0.0012
0.0007
0.0009
0.0007
0.0007
0.0006
0.0008
0.0006
0.0008
0.0007
0.0011
0.0009
0.0011
0.0007
0.0007
0.0006
0.0007
0.0006
0.002
0.0007
0.0006
0.0008
0.0006
0.0007
0.0006
0.0007
0.0006
0.0008
0.0005
0.0008
0.0008
0.0007
0.0008
0.0007
0.0006
0.0007
0.0007
0.0007
0.0008
0.0006
0.0007
0.0006
0.0013
0.001
0.0008
0.0007
0.0006
0.0007
0.0008
0.0007
0.0008
0.0007
0.001
0.0014
0.0006
0.0009
0.0007
0.0006
0.0009
0.0009
0.0005
0.0006
0.0007
0.0008
0.0005
0.0007
0.0012
0.001
0.0009
0.0013
0.0013
0.001
0.0011
0.0011
0.0009
0.0011
0.0011
0.001
0.0011
0.0012
0.0008
0.0012
0.0011
0.001
0.0182
0.0009
0.0011
0.0012
0.0015
0.0009
0.0015
0.0009
0.0016
0.0006
0.0008
0.0012
0.0007
0.0006
0.0008
0.0006
0.0008
0.0005
0.0008
0.0006
0.0018
0.0013
0.0013
0.0011
0.0007
0.0007
0.0007
0.0008
0.0008
0.0006
0.0007
0.0011
0.0011
0.001
0.0011
0.0011
0.0009
0.0011
0.001
0.0006
0.0006
0.0006
0.0009
0.0012
0.0012
0.0012
0.001
0.0008
0.0008
0.0011
0.0009
0.0006
0.0006
0.0006
0.0006
0.0007
0.0006
0.0006
0.0005
0.0007
0.0006
0.0012
0.0015
0.0007
0.0007
0.0006
0.0006
0.0006
0.0006
0.0006
0.0006
0.0007
0.0006
0.0011
0.001
0.001
0.0011
0.0012
0.0014
0.0019
0.0011
0.0009
0.0008
0.0009
0.0006
0.0012
0.0011
0.0009
0.0012
0.0014
0.0008
0.0011
0.0007
0.0005
0.0006
0.0006
0.0007
0.0006
0.0007
0.0006
0.0007
0.0006
0.0007
0.0006
0.0007
0.0006
0.0007
0.0006
0.0026
0.0014
0.0009
0.0007
0.0008
0.0009
0.0009
0.0006
0.0008
0.0008
0.0007
0.0005
0.0006
0.0006
0.0008
0.0008
0.0016
0.001
0.0021
0.0009
0.0007
0.0015
0.0009
0.0011
0.0006
0.0008
0.0006
0.0009
0.0006
0.0009
0.0006
0.0008
0.0006
0.0009
0.0006
0.0009
0.0006
0.0008
0.0006
0.0008
0.0005
0.0008
0.0007
0.0009
0.0006
0.0007
0.0006
0.0023
0.0013
0.0011
0.0186
0.0011
0.0008
0.0008
0.0012
0.0007
0.0011
0.0015
0.0012
0.0007
0.0011
0.0011
0.0007
0.0007
0.0007
0.0006
0.0007
0.0006
0.0007
0.0007
0.0006
0.0007
0.0012
0.0018
0.0014
0.001
0.0021
0.0033
0.0012
0.0009
0.0011
0.0009
0.0007
0.0014
0.0012
0.0008
0.0009
0.0012
0.0007
0.0009
0.0007
0.0012
0.0008
0.0044
0.0008
0.0008
0.0012
0.0006
0.0007
0.0013
0.0007
0.0008
0.0009
0.0008
0.0011
0.0007
0.0013
0.0011
0.0015
0.0011
0.001
0.0007
0.0009
0.0009
0.0006
0.0007
0.0008
0.0007
0.0008
0.0006
0.0005
0.0007
0.0006
0.0014
0.0006
0.0007
0.0006
0.0007
0.0006
0.0007
0.0006
0.0008
0.0006
0.0007
0.0006
0.0007
0.0007
0.0006
0.0006
0.0006
0.0006
0.0006
0.0006
0.0009
0.0007
0.0009
0.0006
0.0006
0.0006
0.0006
0.0007
0.0005
0.0006
0.0025
0.001
0.001
0.0007
0.0007
0.0014
0.0009
0.0009
0.0017
0.0009
0.0007
0.0016
0.0009
0.0008
0.0016
0.001
0.0007
0.0013
0.0008
0.0007
0.0006
0.0007
0.0006

-----------------------
CodechalDecode::Execute
-----------------------
19.2903
0.7454
0.6598
0.6294
2.7102
3.3095
0.8401
0.7999
1.3671
0.7156
1.0882
1.0755
0.698
0.6894
0.881
0.8154
3.1834
2.2595
0.5053
0.5283
0.9131
0.688
0.5192
0.5082
0.4138
0.4117
0.4142
0.4235
0.411
0.4077
0.4086
0.4049
0.4085
0.4043
0.408
0.4122
0.4011
0.4513
0.4127
0.4416
0.4043
0.4075
0.3984
0.4004
0.3944
0.4041
0.3946
0.4133
0.4009
0.4059
0.4036
0.4065
0.4008
0.4079
0.6084
0.412
0.4023
0.401
0.4565
0.419
0.4237
0.4079
0.413
0.4068
0.3923
0.4038
0.4088
0.4001
0.4108
0.4205
0.608
0.4598
0.6441
0.6352
0.4687
0.4286
0.4407
0.6202
0.4349
0.627
0.4231
0.4636
0.4269
0.4927
0.434
0.5991
0.6451
0.425
0.4271
0.6364
0.6574
0.6725
0.4211
0.6303
0.6294
0.5643
0.4144
0.6234
0.9249
0.4376
0.4471
0.4131
0.4628
0.4428
0.4373
1.446
3.3574
0.4324
0.4414
0.7849
0.8519
0.4216
0.4862
0.6328
0.5019
0.4233
0.6465
0.4346
0.6404
0.4253
0.4227
0.4493
0.4265
0.436
0.6619
0.6105
0.5764
0.4647
0.4368
0.4391
0.6983
1.9082
0.9936
1.1771
0.4347
0.4199
0.4122
0.4088
0.4575
0.4136
0.4684
0.415
0.4067
0.4585
0.4131
0.4056
0.4062
0.4592
0.4157
0.4088
0.4054
0.4202
0.396
0.454
0.41
0.406
0.3978
0.3969
0.4043
0.4102
0.4066
0.6033
0.4361
4.0787
0.4428
0.4774
0.6216
0.5789
0.6299
0.6204
0.6141
0.6686
0.6336
0.4267
0.4741
0.435
0.4129
0.5193
0.4206
0.4865
0.4456
0.4163
0.4153
0.4103
0.4137
0.4666
0.4448
0.4202
0.4077
0.4564
0.4372
0.4165
0.4071
0.4123
0.7573
0.6199
0.4125
0.4429
0.414
0.4058
0.5748
0.617
0.4126
0.408
0.4032
0.4046
0.4061
0.6147
0.6037
0.5508
0.4084
0.4164
0.4052
0.6179
0.5937
0.5711
0.6167
0.4079
0.4074
0.4056
0.3923
0.397
0.3931
0.4148
0.4075
0.4035
0.3958
0.4003
0.5917
0.5392
0.6154
0.6166
0.5454
0.4089
0.4008
0.4016
0.4002
0.4086
0.4179
0.4005
0.4004
0.3993
0.6229
0.6076
0.5728
0.404
0.3991
0.404
0.4014
0.4124
0.6646
0.4049
0.3994
0.401
0.3967
0.3982
0.3963
0.3948
0.4016
0.405
0.3995
0.4077
0.3939
0.4131
0.407
0.4009
0.3985
0.4097
0.4054
0.4091
0.4002
0.4021
0.4007
0.401
0.6107
0.5674
0.4123
0.3991
0.3994
0.3949
0.3927
0.3923
0.3965
0.406
0.5702
0.4084
0.4122
0.5867
0.4016
0.4019
0.4079
0.4073
0.4001
0.3995
0.4154
0.392
0.4007
0.4301
0.6401
0.4602
0.5957
0.5646
0.6065
0.5924
0.5627
0.6045
0.6066
0.5698
0.6169
0.6315
0.5829
0.62
0.6057
0.5701
0.6107
0.58
0.5985
0.615
0.5754
0.5897
0.4529
0.4166
0.4551
0.4232
0.4126
0.4025
0.4097
0.4224
0.3901
0.4087
0.4
0.3965
0.4007
0.3999
0.4057
0.4014
0.6477
0.6176
0.5743
0.6066
0.3991
0.4008
0.4015
0.4082
0.3978
0.396
0.3972
0.5716
0.6153
0.6011
0.5662
0.6151
0.602
0.5645
0.4119
0.4057
0.3987
0.4003
0.5914
0.5774
0.5925
0.5487
0.5799
0.4027
0.4086
0.6055
0.576
0.4027
0.3995
0.3984
0.3988
0.3993
0.3955
0.4007
0.3982
0.3979
0.3973
0.5662
0.6254
0.4008
0.4081
0.3994
0.408
0.3977
0.3954
0.4069
0.3964
0.3993
0.396
0.5632
0.5947
0.6092
0.5718
0.5641
0.5912
0.5704
0.4176
0.414
0.4109
0.4029
0.3988
0.5661
0.6084
0.5967
0.5667
0.6171
0.6046
0.5544
0.395
0.393
0.3908
0.4018
0.4012
0.4006
0.4029
0.3995
0.3979
0.4077
0.3981
0.3966
0.4113
0.4032
0.3993
0.4011
0.4817
0.5933
0.417
0.3912
0.4099
0.4011
0.4044
0.3984
0.3981
0.3957
0.393
0.3968
0.4007
0.4062
0.4114
0.4087
0.4379
0.4208
0.7007
0.422
0.406
0.4576
0.4345
0.4173
0.4034
0.4091
0.4027
0.4079
0.3994
0.4073
0.4043
0.4091
0.3991
0.4033
0.3998
0.4026
0.3868
0.4063
0.3947
0.4015
0.3995
0.4065
0.4038
0.4088
0.4044
0.407
0.4038
0.4525
0.6343
0.6139
0.4765
0.4224
0.423
0.4316
0.4206
0.5906
0.6217
0.4754
0.4353
0.4059
0.4021
0.4179
0.4205
0.4
0.4013
0.406
0.4004
0.4042
0.4037
0.3911
0.404
0.404
0.585
0.4816
0.6162
0.619
0.7225
0.4187
0.6046
0.4068
0.5638
0.4017
0.3984
0.5988
0.4004
0.3934
0.3982
0.5958
0.4035
0.4003
0.4002
0.5537
0.4111
0.4019
0.4009
0.4026
0.5532
0.4176
0.3999
0.5949
0.3995
0.4021
0.3939
0.402
0.6038
0.4044
0.6162
0.4092
0.4319
0.4588
0.4097
0.3984
0.3981
0.4055
0.4204
0.4094
0.4155
0.4092
0.4034
0.4117
0.4019
0.4034
0.4061
0.428
0.4033
0.4038
0.4023
0.4019
0.3998
0.4057
0.4073
0.4202
0.3985
0.4169
0.4003
0.3849
0.3943
0.4155
0.416
0.3972
0.4017
0.4055
0.4044
0.415
0.4066
0.41
0.4036
0.4072
0.4072
0.402
0.41
0.4201
0.4173
0.5309
0.4277
0.4267
0.4128
0.406
0.4702
0.4359
0.4501
0.5282
0.4241
0.4093
0.4611
0.4191
0.413
0.4889
0.4028
0.4048
0.429
0.4143
0.415
0.4146
0.399
0.4054

---------------------------------------
CodechalDecodeHevcG12::DecodeStateLevel
---------------------------------------
10.1797
0.5577
2.9798
0.149
0.1927
0.2044
0.15
0.1615
0.1609
0.1346
0.1627
0.1705
0.143
0.1632
0.165
0.1652
0.1891
0.283
0.1414
0.1961
0.2439
0.1998
0.1475
0.2121
0.9131
0.1378
0.1966
0.1056
0.1326
0.3685
0.5848
0.1484
0.2008
0.6235
0.1367
0.2021
0.1593
0.1607
0.1988
0.1248
0.1377
0.1733
0.4295
0.1363
0.1863
0.1054
0.1302
0.4695
0.1025
0.1532
2.5611
0.1053
0.141
1.8039
0.1116
0.1306
0.1455
0.1035
0.1279
0.1759
0.1027
0.1322
0.1509
0.1066
0.133
0.149
0.1159
0.1322
0.1535
0.1031
0.1371
0.1569
0.0662
0.1292
0.1197
0.0658
0.1294
0.1177
0.0641
0.13
0.1192
0.0688
0.1308
0.1182
0.0671
0.1268
0.1184
0.0652
0.1275
0.1172
0.065
0.1255
0.1174
0.0655
0.122
0.1114
0.0634
0.1281
0.1181
0.0639
0.1276
0.1162
0.0633
0.1274
0.1171
0.0662
0.1284
0.117
0.0642
0.1268
0.1161
0.0787
0.1339
0.1197
0.0671
0.1286
0.1172
0.0674
0.1555
0.1187
0.0643
0.1275
0.1162
0.065
0.1288
0.116
0.0621
0.1259
0.1152
0.0651
0.1243
0.1151
0.0614
0.1247
0.1148
0.0664
0.1256
0.1145
0.0621
0.1231
0.1146
0.0682
0.1287
0.1178
0.0631
0.1275
0.1176
0.0653
0.1271
0.1153
0.0629
0.1294
0.1176
0.0639
0.1287
0.1173
0.0631
0.1255
0.1175
0.0657
0.1277
0.117
0.0835
0.1983
0.189
0.0673
0.1271
0.1175
0.0636
0.1275
0.1161
0.0632
0.1273
0.1172
0.079
0.1357
0.1195
0.0671
0.1316
0.1191
0.0659
0.138
0.1197
0.0655
0.1282
0.1178
0.0676
0.1293
0.1179
0.0641
0.1277
0.1176
0.065
0.1197
0.1103
0.0637
0.1265
0.1164
0.0655
0.1287
0.1162
0.0633
0.1264
0.1162
0.0658
0.1292
0.1178
0.0652
0.1361
0.1192
0.0912
0.1953
0.1806
0.0795
0.1425
0.1205
0.0948
0.2075
0.191
0.0919
0.2009
0.1938
0.0946
0.1357
0.1207
0.073
0.1311
0.1192
0.0768
0.1312
0.1191
0.0911
0.1968
0.1915
0.0711
0.1297
0.1192
0.0926
0.2007
0.1896
0.0683
0.137
0.1199
0.0812
0.1371
0.1246
0.0685
0.1299
0.1227
0.0857
0.1571
0.1273
0.0686
0.1382
0.1209
0.0903
0.1855
0.1831
0.0985
0.1999
0.1942
0.0731
0.1314
0.1178
0.0674
0.1363
0.1182
0.0913
0.1989
0.1979
0.1005
0.2009
0.1967
0.1011
0.2057
0.2084
0.0688
0.1287
0.1217
0.0931
0.1996
0.1922
0.0931
0.1986
0.1878
0.0971
0.1898
0.1345
0.0664
0.1295
0.1181
0.084
0.1425
0.1414
0.4853
0.1842
0.1386
0.0724
0.1304
0.1183
0.0795
0.1362
0.1194
0.0677
0.1281
0.1176
0.0789
0.1422
0.1197
0.0783
0.1298
0.1198
0.0749
0.1317
0.1187
0.094
0.1813
0.1591
0.0935
0.1622
2.7478
0.0731
0.1322
0.1178
0.0807
0.1303
0.1217
0.0948
0.2231
0.2046
0.4528
0.1403
0.1385
0.07
0.1308
0.1182
0.0859
0.1557
0.1188
0.0945
0.1976
0.1924
0.0995
0.1538
0.1225
0.0701
0.1326
0.1187
0.0985
0.2024
0.1923
0.0709
0.1403
0.1195
0.0985
0.2008
0.1925
0.0696
0.1284
0.1267
0.068
0.1297
0.1235
0.0787
0.135
0.1242
0.0736
0.1321
0.1184
0.0713
0.1396
0.1246
0.101
0.2022
0.2141
0.0897
0.19
0.1905
0.0866
0.1806
0.1742
0.0834
0.1376
0.1184
0.0781
0.1325
0.1201
0.0705
0.1283
0.1183
0.0782
0.133
0.135
1.5055
0.1619
0.1236
0.0713
0.142
0.1201
0.1232
0.2341
0.1922
0.0759
0.1319
0.1206
0.0701
0.1305
0.12
0.0677
0.1292
0.1177
0.0655
0.1288
0.1187
0.0802
0.1372
0.121
0.0679
0.1278
0.1181
0.0667
0.1288
0.1193
0.0682
0.1294
0.1166
0.066
0.1264
0.1163
0.081
0.1366
0.121
0.0685
0.1292
0.1185
0.0656
0.1276
0.1175
0.0644
0.1274
0.1196
0.0801
0.1377
0.1217
0.0682
0.1286
0.1175
0.0663
0.1287
0.1185
0.0647
0.1276
0.1169
0.0688
0.1286
0.1199
0.0611
0.1266
0.1172
0.0791
0.1368
0.1186
0.0662
0.1261
0.1166
0.0628
0.1263
0.1196
0.0629
0.1254
0.1157
0.0646
0.1251
0.1155
0.0665
0.1266
0.1162
0.0653
0.1275
0.1192
0.0649
0.1276
0.1167
0.0905
0.1913
0.1846
0.0653
0.126
0.1261
0.0975
0.1568
3.436
0.0774
0.1358
0.1183
0.0882
0.1412
0.1211
0.0907
0.1972
0.1859
0.0928
0.1789
0.1674
0.0921
0.2037
0.1905
0.0901
0.1988
0.1907
0.0976
0.2031
0.1742
0.105
0.2118
0.1953
0.0996
0.1907
0.1894
0.0709
0.1349
0.1219
0.0856
0.1465
0.1186
0.0749
0.1318
0.1179
0.0669
0.1285
0.1174
0.0989
0.1605
0.1196
0.0688
0.1305
0.1176
0.0862
0.1538
0.1202
0.0739
0.1421
0.1167
0.069
0.1266
0.1165
0.0647
0.1251
0.1281
0.0673
0.127
0.1179
0.0669
0.1282
0.1164
0.0792
0.1505
0.1192
0.0731
0.1416
0.1182
0.0691
0.1308
0.1189
0.0656
0.1282
0.1184
0.0779
0.1475
0.1186
0.072
0.1401
0.1174
0.0682
0.1301
0.1171
0.0654
0.1278
0.1171
0.0665
0.1294
0.1169
0.1599
0.2511
0.1638
0.0936
0.1946
0.1842
0.073
0.1214
0.1098
0.0794
0.133
0.1185
0.0692
0.1278
0.1167
0.067
0.1274
0.1151
0.0801
0.1825
0.1824
0.089
0.2017
0.1935
0.0676
0.1285
0.1188
0.0652
0.1274
0.12
0.0635
0.1286
0.1182
0.0659
0.1266
0.1181
0.0665
0.1283
0.1178
0.0904
0.1966
0.1925
0.087
0.1972
0.1868
0.0871
0.1789
0.1603
0.0645
0.1296
0.1178
0.0654
0.1274
0.1183
0.0641
0.1301
0.1183
0.0893
0.2018
0.1912
0.0827
0.1907
0.1881
0.089
0.1992
0.1573
0.1038
0.1913
0.1818
0.0675
0.1264
0.116
0.0629
0.1256
0.1262
0.0641
0.1254
0.1226
0.0627
0.1242
0.1138
0.063
0.1253
0.1166
0.0639
0.1243
0.1143
0.0644
0.1288
0.1177
0.0628
0.1279
0.1249
0.0649
0.1267
0.1157
0.0629
0.1247
0.1155
0.0659
0.1266
0.1155
0.0894
0.1988
0.1707
0.0909
0.162
0.1527
0.0894
0.1996
0.1907
0.0899
0.2008
0.1886
0.0812
0.1679
0.1723
0.0706
0.1283
0.1175
0.0639
0.1279
0.118
0.0637
0.1275
0.1165
0.0631
0.1277
0.1173
0.0721
0.1278
0.1167
0.066
0.1282
0.128
0.0641
0.1271
0.1178
0.0638
0.1293
0.1162
0.0636
0.126
0.1172
0.0893
0.2043
0.1927
0.0868
0.1978
0.19
0.0868
0.1806
0.1736
0.0646
0.128
0.1182
0.0651
0.1262
0.116
0.0664
0.1272
0.1175
0.0635
0.1274
0.1176
0.0637
0.1316
0.1203
0.1055
0.2062
0.1854
0.0658
0.1285
0.1159
0.0635
0.1278
0.1159
0.0661
0.1247
0.1169
0.064
0.1265
0.1158
0.065
0.1254
0.1169
0.0637
0.1253
0.1159
0.0625
0.1263
0.1157
0.0636
0.1291
0.1172
0.0655
0.128
0.1184
0.0637
0.1281
0.1163
0.0663
0.1291
0.1174
0.067
0.1191
0.1097
0.0654
0.1311
0.1235
0.066
0.1279
0.1171
0.0647
0.1265
0.1166
0.0632
0.1273
0.1177
0.0641
0.1272
0.1263
0.0668
0.128
0.1167
0.0651
0.1273
0.1236
0.0649
0.1263
0.1165
0.0658
0.1264
0.1169
0.0628
0.1273
0.1187
0.0633
0.1287
0.1175
0.0866
0.2003
0.187
0.084
0.1794
0.1757
0.0674
0.1291
0.117
0.0635
0.1246
0.116
0.0634
0.1274
0.1157
0.0641
0.1251
0.1146
0.0623
0.1239
0.114
0.0619
0.1243
0.1152
0.0625
0.1268
0.1152
0.0627
0.1245
0.1181
0.079
0.1761
0.1869
0.0663
0.1283
0.1189
0.0651
0.1266
0.1269
0.0795
0.1936
0.1876
0.065
0.1282
0.1172
0.0642
0.127
0.1178
0.0659
0.1273
0.117
0.0647
0.1286
0.1193
0.0649
0.1263
0.1165
0.063
0.1279
0.1181
0.0652
0.1375
0.1178
0.0666
0.1204
0.1091
0.0625
0.1292
0.1173
0.0646
0.1458
0.119
0.0911
0.2193
0.1885
0.0724
0.1605
0.1185
0.0827
0.1938
0.1859
0.0875
0.1819
0.1626
0.0869
0.1992
0.1885
0.0813
0.1937
0.1868
0.086
0.181
0.1622
0.0851
0.1992
0.1868
0.082
0.2024
0.1939
0.0884
0.182
0.1671
0.088
0.2032
0.1918
0.0865
0.2224
0.1934
0.0908
0.1847
0.1739
0.0881
0.2033
0.1927
0.0848
0.2027
0.1906
0.0886
0.1877
0.1669
0.0878
0.1995
0.1896
0.0791
0.1877
0.1864
0.0912
0.1985
0.1738
0.088
0.2018
0.1905
0.0807
0.1785
0.1874
0.0897
0.2359
0.137
0.0794
0.137
0.1203
0.0667
0.1301
0.1222
0.0806
0.1363
0.1212
0.0662
0.1332
0.1224
0.0673
0.1296
0.1186
0.0654
0.1269
0.1171
0.0671
0.1284
0.1177
0.0679
0.1279
0.1159
0.0641
0.1195
0.1095
0.0654
0.1284
0.1172
0.0648
0.1245
0.1149
0.0624
0.1242
0.1172
0.0646
0.125
0.1155
0.0619
0.1248
0.1182
0.0663
0.1268
0.1165
0.063
0.1271
0.1177
0.1
0.2072
0.1948
0.0871
0.2043
0.1889
0.079
0.1823
0.1843
0.0875
0.2026
0.1885
0.0637
0.1264
0.117
0.0635
0.1285
0.1177
0.0638
0.1272
0.1175
0.0653
0.1269
0.1226
0.061
0.1278
0.1184
0.0612
0.1275
0.116
0.0621
0.1271
0.116
0.0849
0.1945
0.1685
0.0877
0.2031
0.1899
0.083
0.1988
0.1898
0.0868
0.1861
0.1642
0.0874
0.203
0.1909
0.0854
0.1967
0.1885
0.0841
0.1889
0.1642
0.0658
0.1292
0.1175
0.0633
0.1325
0.1176
0.0622
0.1279
0.1178
0.0631
0.1274
0.1172
0.0803
0.1934
0.1875
0.0841
0.1967
0.171
0.0872
0.2
0.1744
0.0813
0.1658
0.1705
0.0866
0.1998
0.1676
0.0644
0.1274
0.1175
0.0638
0.1332
0.1174
0.0863
0.1991
0.1882
0.0797
0.184
0.1851
0.0644
0.1281
0.1169
0.0619
0.1282
0.1174
0.0624
0.1283
0.1161
0.0632
0.1256
0.1168
0.0619
0.1298
0.117
0.0616
0.1261
0.1168
0.0645
0.1264
0.1172
0.0623
0.1272
0.1178
0.0626
0.1265
0.1167
0.0622
0.1269
0.1162
0.086
0.1836
0.1653
0.0914
0.2018
0.1886
0.0651
0.1262
0.1157
0.0623
0.1276
0.1253
0.063
0.1272
0.1178
0.0638
0.1278
0.1238
0.0625
0.1274
0.1174
0.0615
0.1271
0.1169
0.0729
0.1263
0.1174
0.0626
0.1272
0.1173
0.0617
0.1278
0.1181
0.062
0.1257
0.1169
0.0782
0.175
0.185
0.0857
0.2006
0.1817
0.0874
0.2003
0.1875
0.0772
0.1858
0.1828
0.0836
0.179
0.1693
0.0889
0.1862
0.1762
0.088
0.1849
0.1662
0.0683
0.1295
0.1184
0.0679
0.1292
0.1185
0.0667
0.1289
0.1181
0.0636
0.1274
0.1166
0.063
0.1263
0.1159
0.0839
0.1902
0.1692
0.0872
0.201
0.1869
0.0784
0.198
0.1905
0.0859
0.1894
0.1661
0.0895
0.2029
0.1856
0.0862
0.1962
0.1853
0.082
0.1762
0.1699
0.0613
0.1256
0.1159
0.0623
0.1244
0.1141
0.0608
0.1253
0.1154
0.0636
0.1266
0.1191
0.0646
0.1268
0.117
0.0634
0.1275
0.1175
0.0649
0.1276
0.1176
0.0632
0.1275
0.1158
0.0621
0.1275
0.1181
0.0629
0.128
0.1247
0.0627
0.126
0.1169
0.0618
0.1276
0.1168
0.0631
0.1278
0.1277
0.0678
0.1265
0.1158
0.0627
0.1269
0.118
0.0628
0.1269
0.1166
0.0834
0.153
0.1199
0.0859
0.1848
0.1871
0.0672
0.1318
0.1186
0.0657
0.119
0.109
0.067
0.1278
0.1165
0.0642
0.1257
0.1151
0.0661
0.1247
0.1177
0.063
0.1259
0.1149
0.0625
0.1268
0.1149
0.0616
0.1254
0.1155
0.0605
0.1269
0.1161
0.0625
0.126
0.1159
0.0634
0.1281
0.1175
0.0625
0.1275
0.1217
0.0659
0.1304
0.1175
0.0654
0.128
0.1176
0.073
0.1349
0.1195
0.0682
0.1309
0.1184
0.1194
0.2348
0.1741
0.0678
0.1312
0.1189
0.065
0.1274
0.1166
0.08
0.1362
0.1211
0.0675
0.1302
0.1193
0.0666
0.1294
0.1201
0.0631
0.1278
0.1177
0.0647
0.1286
0.1182
0.0621
0.1279
0.1182
0.0652
0.1277
0.1176
0.0614
0.1263
0.1177
0.0649
0.1282
0.1164
0.0638
0.1268
0.1171
0.0667
0.1283
0.1164
0.0615
0.1278
0.1167
0.0646
0.1262
0.1158
0.0623
0.1264
0.1185
0.0643
0.126
0.1151
0.0652
0.1167
0.108
0.0657
0.1259
0.117
0.0622
0.1254
0.1149
0.0647
0.1251
0.1141
0.0611
0.1273
0.1175
0.0649
0.127
0.1171
0.0636
0.128
0.1165
0.0649
0.1287
0.1171
0.0633
0.1286
0.1171
0.0657
0.1272
0.1164
0.0609
0.1274
0.1173
0.0792
0.1383
0.1204
0.0897
0.203
0.1981
0.0816
0.2078
0.1909
0.0812
0.1458
0.1217
0.0677
0.1327
0.1177
0.0701
0.1287
0.1183
0.0723
0.1301
0.1172
0.0677
0.1277
0.1171
0.0872
0.2014
0.1709
0.0879
0.2056
0.1902
0.0833
0.1443
0.1221
0.071
0.1324
0.1264
0.0635
0.1288
0.1162
0.0637
0.1261
0.1163
0.0671
0.1325
0.1175
0.0691
0.1291
0.116
0.065
0.1247
0.1149
0.0631
0.1278
0.1174
0.0642
0.1277
0.1188
0.0627
0.1267
0.1167
0.0637
0.1279
0.1184
0.0642
0.1276
0.1166
0.066
0.1184
0.1096
0.064
0.1283
0.1173
0.0639
0.1271
0.1177
0.0897
0.191
0.1693
0.0847
0.1427
0.1207
0.0916
0.2045
0.1802
0.091
0.2008
0.1867
0.1161
0.2387
0.1928
0.069
0.1313
0.1172
0.0872
0.195
0.185
0.065
0.1294
0.1172
0.079
0.1738
0.1818
0.0643
0.1276
0.1167
0.0623
0.1279
0.1162
0.0843
0.1983
0.1851
0.0655
0.1244
0.1134
0.0624
0.1253
0.1146
0.0646
0.1244
0.114
0.086
0.1944
0.1813
0.0633
0.1293
0.1178
0.0628
0.1284
0.1175
0.0632
0.1272
0.1165
0.0849
0.183
0.1595
0.0655
0.1324
0.1172
0.065
0.1267
0.116
0.0636
0.1273
0.1175
0.0643
0.1282
0.1172
0.0793
0.1758
0.1669
0.0626
0.1281
0.1174
0.0629
0.1279
0.1166
0.0853
0.1934
0.1829
0.0633
0.1269
0.1173
0.0636
0.1269
0.1174
0.0665
0.1205
0.1096
0.0636
0.1272
0.1162
0.0857
0.198
0.1871
0.0653
0.1287
0.1154
0.0881
0.1992
0.1885
0.0679
0.126
0.1148
0.0739
0.1335
0.117
0.1026
0.1308
0.1169
0.0662
0.1279
0.1151
0.0623
0.1249
0.116
0.0613
0.1262
0.1155
0.0632
0.1282
0.1188
0.072
0.1274
0.1177
0.0638
0.1325
0.119
0.0642
0.1297
0.1178
0.0696
0.1266
0.116
0.0629
0.1287
0.1177
0.0647
0.1279
0.1169
0.0634
0.1274
0.116
0.0616
0.1289
0.1181
0.0636
0.1284
0.1182
0.0635
0.1281
0.1336
0.0636
0.1277
0.1166
0.0631
0.1276
0.118
0.0644
0.1265
0.1155
0.0627
0.1278
0.1172
0.0615
0.128
0.1159
0.0675
0.1262
0.1161
0.0633
0.1299
0.1175
0.0657
0.1256
0.1154
0.0622
0.1253
0.1146
0.07
0.128
0.1171
0.0633
0.1274
0.1148
0.0642
0.1163
0.1071
0.0599
0.1258
0.1146
0.0642
0.1278
0.1166
0.0776
0.1281
0.1151
0.0612
0.1263
0.1176
0.0626
0.1268
0.1167
0.0648
0.1288
0.1158
0.0637
0.1279
0.117
0.0673
0.128
0.1186
0.064
0.1273
0.117
0.0649
0.1291
0.1172
0.0626
0.1268
0.1175
0.0672
0.1276
0.1158
0.063
0.1275
0.1169
0.0631
0.1273
0.117
0.0652
0.13
0.1178
0.0685
0.1303
0.1184
0.0682
0.1327
0.1185
0.0964
0.1638
0.125
0.0685
0.1358
0.1195
0.0672
0.129
0.1171
0.0652
0.1262
0.1163
0.0643
0.128
0.116
0.0826
0.1386
0.1202
0.0719
0.1341
0.1191
0.0801
0.1376
0.1217
0.0937
0.1542
0.1286
0.0717
0.1283
0.1161
0.0651
0.129
0.1174
0.0803
0.1373
0.1207
0.0667
0.1289
0.118
0.0656
0.1291
0.1193
0.0841
0.1399
0.1362
0.0664
0.1219
0.1106
0.063
0.1277
0.119
0.0717
0.1321
0.1193
0.0648
0.1274
0.1205
0.0651
0.1309
0.1188
0.0667
0.128
0.1169
0.0629
0.1259
0.1159
0.0621
0.1307
0.1181

-------------------------------------
CodechalDecodeHevcG12::SetFrameStates
-------------------------------------
5.2353
0.0734
0.0551
0.0523
2.1232
2.5316
0.0987
0.0779
0.0085
0.0074
0.0131
0.0089
0.0148
0.0122
0.0094
0.008
0.2464
0.0942
0.0085
0.0086
0.0074
0.0072
0.0077
0.0074
0.0073
0.0074
0.0072
0.0074
0.0079
0.0069
0.0068
0.0072
0.0069
0.0068
0.0067
0.0071
0.0069
0.0103
0.0086
0.0083
0.0073
0.0076
0.008
0.007
0.0069
0.007
0.0067
0.0069
0.0068
0.007
0.0069
0.0067
0.007
0.0069
0.0092
0.0073
0.0071
0.0068
0.0103
0.0086
0.0079
0.0072
0.0072
0.0078
0.0071
0.0069
0.0073
0.0069
0.007
0.0071
0.0099
0.0119
0.0115
0.011
0.0107
0.0098
0.0084
0.0086
0.0107
0.0104
0.0077
0.0105
0.0091
0.0106
0.009
0.0121
0.0128
0.0079
0.0076
0.0098
0.0121
0.0121
0.0082
0.0112
0.0121
0.0124
0.0085
0.1251
0.0089
0.0136
0.01
0.0086
0.0099
0.0115
0.0107
0.023
0.2168
0.0102
0.0082
0.1192
0.0078
0.0077
0.0115
0.0114
0.0106
0.0087
0.0121
0.0088
0.011
0.0081
0.0074
0.0098
0.0097
0.0075
0.0094
0.0103
0.0096
0.0108
0.0086
0.0131
0.2428
0.0098
0.0098
0.017
0.0094
0.0082
0.0076
0.0074
0.0104
0.0087
0.0073
0.0085
0.0073
0.0104
0.0085
0.0076
0.0067
0.0102
0.0085
0.0075
0.0072
0.0074
0.0067
0.0104
0.0087
0.0075
0.0071
0.0072
0.0069
0.0071
0.007
0.0094
0.0094
0.2427
0.0114
0.0111
0.012
0.0111
0.0105
0.0101
0.0112
0.0113
0.0112
0.0074
0.0115
0.0095
0.0085
0.0127
0.0091
0.0109
0.0093
0.008
0.0071
0.007
0.0072
0.0108
0.0082
0.0073
0.0069
0.0097
0.0081
0.0072
0.0072
0.0071
0.0161
0.012
0.0091
0.0094
0.0083
0.0079
0.0093
0.0103
0.0077
0.0069
0.0069
0.0069
0.0066
0.0097
0.009
0.01
0.007
0.0084
0.0069
0.0099
0.0102
0.0097
0.0105
0.0082
0.0071
0.0072
0.0073
0.0069
0.0068
0.0068
0.0068
0.0072
0.0069
0.007
0.0102
0.0107
0.0098
0.0099
0.0096
0.0069
0.0068
0.0068
0.0067
0.0067
0.0071
0.0069
0.0068
0.0071
0.0101
0.0096
0.0099
0.0071
0.0067
0.0068
0.0069
0.0069
0.0155
0.0076
0.0072
0.0072
0.0066
0.0068
0.0069
0.0068
0.0067
0.007
0.0068
0.0073
0.0074
0.0069
0.0073
0.007
0.0068
0.0069
0.0079
0.0072
0.0069
0.0069
0.0069
0.0068
0.0097
0.0096
0.0075
0.0073
0.0071
0.0069
0.0071
0.0068
0.0069
0.007
0.0085
0.007
0.007
0.0089
0.0069
0.0068
0.0079
0.0071
0.0069
0.0069
0.0071
0.0071
0.007
0.0089
0.0103
0.0077
0.0096
0.0098
0.0097
0.0089
0.0102
0.0097
0.0085
0.0097
0.0095
0.0083
0.0104
0.0102
0.0088
0.0101
0.0099
0.0086
0.0125
0.0098
0.0092
0.0097
0.0108
0.0083
0.0104
0.0085
0.0077
0.0071
0.0072
0.0074
0.0078
0.0074
0.0072
0.0071
0.0071
0.007
0.0072
0.0073
0.0118
0.0108
0.0102
0.0101
0.007
0.0068
0.007
0.0071
0.0069
0.0069
0.007
0.0098
0.0099
0.009
0.0098
0.0096
0.0097
0.0096
0.0073
0.007
0.0066
0.0068
0.0089
0.0095
0.01
0.0103
0.0098
0.0071
0.007
0.0095
0.0086
0.007
0.0068
0.0069
0.0071
0.0068
0.0069
0.0068
0.0069
0.0067
0.0067
0.0097
0.0105
0.0072
0.0069
0.0067
0.0067
0.0068
0.0067
0.0066
0.0065
0.0068
0.0071
0.0096
0.0097
0.0095
0.0088
0.0099
0.012
0.0103
0.0079
0.0074
0.007
0.0069
0.0068
0.0097
0.0099
0.0087
0.0096
0.01
0.0099
0.0096
0.0071
0.0068
0.0068
0.0069
0.0069
0.0067
0.0068
0.007
0.0066
0.0069
0.0068
0.0067
0.007
0.007
0.007
0.0071
0.0117
0.0107
0.0082
0.0075
0.0075
0.0074
0.0072
0.0068
0.007
0.0071
0.007
0.0069
0.007
0.0069
0.0073
0.007
0.0092
0.0082
0.0146
0.0091
0.0076
0.0103
0.0083
0.0089
0.0072
0.0072
0.0068
0.0071
0.0068
0.0071
0.007
0.0069
0.007
0.0072
0.0069
0.0073
0.0072
0.007
0.0068
0.0072
0.0069
0.0069
0.0072
0.0069
0.0068
0.0071
0.0066
0.0091
0.0115
0.0092
0.0125
0.0087
0.0097
0.0097
0.0079
0.0097
0.0093
0.0112
0.0087
0.0076
0.0073
0.0073
0.0089
0.0074
0.007
0.0069
0.007
0.0068
0.0069
0.0071
0.0067
0.0069
0.0102
0.0152
0.0107
0.0106
0.0148
0.0089
0.0107
0.0078
0.0094
0.0076
0.0072
0.0095
0.0076
0.0069
0.0073
0.0093
0.0071
0.0071
0.0068
0.0099
0.0072
0.0073
0.0072
0.007
0.0102
0.007
0.0069
0.0097
0.0069
0.0074
0.0073
0.007
0.0099
0.0073
0.0102
0.0083
0.0091
0.0088
0.0077
0.0072
0.0069
0.0072
0.0096
0.007
0.0085
0.0074
0.007
0.0089
0.0072
0.0069
0.0067
0.0068
0.0069
0.0068
0.0069
0.0069
0.0068
0.007
0.0069
0.0071
0.0068
0.0096
0.0071
0.0073
0.0068
0.0084
0.0072
0.0066
0.007
0.0071
0.0069
0.0071
0.0072
0.0072
0.0069
0.0072
0.0088
0.0078
0.0072
0.0092
0.0071
0.0129
0.0086
0.0075
0.0092
0.0071
0.011
0.0093
0.0103
0.0142
0.0092
0.0077
0.0105
0.0086
0.0072
0.0108
0.0088
0.0073
0.0081
0.0076
0.0074
0.0089
0.007
0.0068

--------------------------
CreateVideoDecoder_D3D11_1
--------------------------
15.1638

---------------------------
DestroyVideoDecoder_D3D11_1
---------------------------
0

----------------
First Frame Time
----------------
68.2444

--------------------------------------
VideoDecoderBeginFrame_WDDM2_4_D3D11_1
--------------------------------------
0.0078
0.0025
0.0028
0.0025
0.0025
0.0027
0.0039
0.0022
0.0024
0.0021
0.0032
0.0022
0.0027
0.0027
0.0024
0.0018
0.0021
0.0024
0.0023
0.0029
0.0019
0.0017
0.002
0.0017
0.0018
0.0018
0.0016
0.0016
0.0023
0.0017
0.0015
0.0016
0.0016
0.0015
0.0016
0.0016
0.0015
0.0027
0.0019
0.0022
0.0017
0.002
0.0027
0.0018
0.0015
0.0018
0.0016
0.0019
0.0017
0.0018
0.0016
0.0018
0.0016
0.0016
0.0016
0.0017
0.0016
0.0015
0.0027
0.0019
0.0021
0.0019
0.0018
0.0023
0.0019
0.0016
0.002
0.0016
0.0018
0.0017
0.0024
0.0027
0.0027
0.0027
0.0027
0.0018
0.0023
0.0017
0.0028
0.0025
0.002
0.0028
0.0021
0.0026
0.0021
0.0018
0.0031
0.0021
0.0019
0.0025
0.0029
0.0029
0.0023
0.0029
0.0045
0.0031
0.0021
0.0027
0.0021
0.0029
0.0024
0.0019
0.0027
0.0023
0.0021
0.0037
0.0037
0.0023
0.002
0.0025
0.0027
0.0018
0.0029
0.0028
0.0028
0.0019
0.0031
0.0021
0.003
0.002
0.0019
0.002
0.002
0.002
0.0024
0.0025
0.0025
0.0028
0.0019
0.0023
0.0022
0.0021
0.0024
0.004
0.0024
0.002
0.002
0.0019
0.0026
0.0019
0.0017
0.0031
0.0015
0.0028
0.0017
0.002
0.0017
0.0027
0.0019
0.0019
0.0016
0.002
0.0016
0.0026
0.0018
0.0017
0.0016
0.0018
0.0016
0.0021
0.0016
0.0023
0.002
0.002
0.0026
0.0028
0.003
0.0028
0.0028
0.0023
0.0027
0.0028
0.0023
0.0017
0.003
0.0025
0.0018
0.0037
0.0021
0.0038
0.0025
0.002
0.0017
0.0016
0.0016
0.003
0.0024
0.0019
0.0017
0.0024
0.0019
0.0019
0.0017
0.0019
0.0029
0.0031
0.0024
0.0023
0.002
0.0018
0.0022
0.0025
0.0019
0.0016
0.0017
0.0016
0.0017
0.0024
0.0021
0.0023
0.0014
0.0038
0.0016
0.0024
0.0021
0.0024
0.0023
0.0024
0.0017
0.0017
0.0016
0.0017
0.0025
0.0017
0.0017
0.0018
0.0015
0.0017
0.0026
0.0025
0.0023
0.0022
0.0023
0.0017
0.0016
0.0016
0.0019
0.0015
0.0017
0.0016
0.0016
0.0016
0.0024
0.002
0.0024
0.0016
0.0017
0.0017
0.0016
0.0015
0.0029
0.0017
0.0017
0.0017
0.0016
0.0016
0.0015
0.0016
0.0016
0.0014
0.0016
0.0018
0.0017
0.0016
0.0017
0.0016
0.0016
0.0016
0.002
0.0015
0.0016
0.0015
0.0016
0.0016
0.0022
0.0023
0.0019
0.0017
0.0082
0.0016
0.0018
0.0015
0.0017
0.0015
0.0022
0.0022
0.0016
0.0021
0.0017
0.0015
0.0017
0.0017
0.0015
0.0016
0.0017
0.0017
0.0016
0.0018
0.0024
0.002
0.002
0.0025
0.0024
0.0021
0.0024
0.0024
0.0021
0.0026
0.0023
0.0021
0.0023
0.0024
0.002
0.0023
0.0024
0.0022
0.0054
0.0022
0.0024
0.0024
0.0029
0.002
0.0029
0.0018
0.0021
0.0016
0.002
0.002
0.0019
0.0016
0.0019
0.0017
0.002
0.0014
0.0018
0.0015
0.0031
0.0026
0.0025
0.0024
0.0016
0.0017
0.0017
0.0016
0.0017
0.0016
0.0016
0.0023
0.0025
0.0019
0.0023
0.0024
0.0019
0.0031
0.002
0.0015
0.0017
0.0015
0.0022
0.0024
0.0025
0.0025
0.0023
0.0016
0.0017
0.0022
0.0022
0.0016
0.0015
0.0015
0.0015
0.0016
0.0015
0.0016
0.0015
0.0017
0.0016
0.0023
0.0027
0.0016
0.0015
0.0016
0.0016
0.0016
0.0015
0.0015
0.0015
0.0016
0.0014
0.0024
0.0023
0.0022
0.0022
0.0025
0.0025
0.0025
0.0017
0.0017
0.0016
0.0018
0.0016
0.0022
0.0024
0.0022
0.0024
0.0026
0.002
0.0024
0.0023
0.0015
0.0017
0.0017
0.0017
0.0016
0.0016
0.0015
0.0016
0.0015
0.0016
0.0015
0.0017
0.0016
0.0017
0.0015
0.0035
0.0027
0.002
0.0019
0.002
0.0019
0.0019
0.0017
0.0019
0.0017
0.0016
0.0015
0.0017
0.0016
0.0016
0.0017
0.0023
0.002
0.0037
0.0024
0.0018
0.0027
0.0019
0.002
0.0016
0.002
0.0016
0.0018
0.0015
0.0019
0.0015
0.0019
0.0015
0.0018
0.0015
0.0019
0.0017
0.0018
0.0015
0.0018
0.0016
0.0018
0.0017
0.0017
0.0015
0.0017
0.0015
0.0023
0.0025
0.0022
0.0052
0.0021
0.0021
0.0018
0.0022
0.0018
0.0024
0.0051
0.0023
0.0019
0.0017
0.0022
0.0018
0.0017
0.0017
0.0016
0.0017
0.0015
0.0016
0.0016
0.0016
0.0015
0.0024
0.003
0.0028
0.0024
0.0037
0.0023
0.0026
0.0018
0.0022
0.0025
0.0017
0.0022
0.0019
0.0016
0.0018
0.0023
0.0016
0.0017
0.0018
0.0024
0.0017
0.0016
0.0017
0.0016
0.0024
0.0017
0.0016
0.0022
0.0017
0.0016
0.0017
0.0017
0.0023
0.0017
0.0024
0.002
0.0024
0.0019
0.0019
0.0019
0.0016
0.0017
0.0018
0.0018
0.0016
0.0015
0.0017
0.0016
0.0016
0.0016
0.0016
0.0017
0.0016
0.0016
0.0016
0.0016
0.0017
0.0015
0.0017
0.0021
0.0016
0.0018
0.0016
0.0017
0.0016
0.0016
0.0017
0.0017
0.0017
0.0016
0.0014
0.0018
0.0017
0.0017
0.0015
0.0017
0.0015
0.0015
0.0016
0.0016
0.0016
0.0041
0.0021
0.0023
0.0017
0.0017
0.0029
0.002
0.002
0.0032
0.0021
0.0018
0.0026
0.0019
0.0019
0.0028
0.0022
0.0018
0.0022
0.0017
0.0021
0.0016
0.0017
0.0016

----------------------------
VideoDecoderEndFrame_D3D11_1
----------------------------
0.0372
0.0571
0.0764
0.0987
0.1216
0.139
0.1163
0.145
0.1386
0.0572
0.0661
0.0634
0.0602
0.0595
0.0635
0.0635
0.0592
0.0528
0.0528
0.0549
0.0522
0.054
0.0534
0.0532
0.0523
0.0521
0.0538
0.057
0.0549
0.0526
0.0505
0.0534
0.0517
0.0518
0.0501
0.0503
0.0524
0.0615
0.0528
0.052
0.052
0.0533
0.0561
0.0572
0.0522
0.0516
0.0522
0.0519
0.052
0.0527
0.0518
0.0543
0.0518
0.0529
0.0732
0.0518
0.0507
0.0505
0.0654
0.0511
0.0535
0.0519
0.0511
0.0531
0.051
0.0505
0.0512
0.0502
0.0517
0.0517
0.0702
0.0526
0.0735
0.075
0.0625
0.0553
0.0555
0.0712
0.0528
0.0755
0.0513
0.0555
0.0602
0.0632
0.0509
0.0737
0.0796
0.0515
0.0539
0.0756
0.0774
0.0796
0.0683
0.0792
0.0799
0.0575
0.0656
0.0606
0.0601
0.0988
0.0524
0.0518
0.0651
0.0639
0.0527
0.073
0.0574
0.0515
0.0523
0.0867
0.0513
0.0749
0.0573
0.08
0.0564
0.0546
0.078
0.0558
0.0776
0.0548
0.0654
0.0765
0.0502
0.0653
0.0752
0.0706
0.0766
0.0549
0.0525
0.0516
0.0523
0.0537
0.0784
0.0861
0.0531
0.0531
0.051
0.0529
0.0622
0.0561
0.0595
0.0608
0.0514
0.0542
0.0513
0.0527
0.0521
0.0538
0.0566
0.0507
0.0566
0.0532
0.0524
0.0532
0.0534
0.0522
0.0535
0.0505
0.0519
0.0514
0.0528
0.0802
0.0739
0.0623
0.0644
0.059
0.0786
0.0746
0.0721
0.0775
0.077
0.0781
0.0777
0.0581
0.0558
0.0566
0.0532
0.0568
0.0542
0.0575
0.0571
0.054
0.0541
0.0528
0.0538
0.0552
0.0536
0.0533
0.0535
0.054
0.0526
0.0539
0.0528
0.056
0.0736
0.0761
0.054
0.0545
0.0515
0.0536
0.0758
0.0695
0.0501
0.0527
0.0531
0.0499
0.052
0.0772
0.0769
0.0696
0.0502
0.058
0.056
0.075
0.0754
0.064
0.0771
0.0528
0.0563
0.0542
0.0538
0.0497
0.0535
0.0515
0.0541
0.0502
0.0512
0.0512
0.0732
0.0763
0.0768
0.0752
0.0695
0.052
0.0523
0.0512
0.0524
0.0518
0.0506
0.0523
0.0522
0.0514
0.073
0.0771
0.0755
0.0514
0.0531
0.0524
0.0519
0.0511
0.0805
0.051
0.0529
0.0526
0.0522
0.0503
0.0501
0.0505
0.0533
0.0506
0.0541
0.0501
0.0524
0.0531
0.0536
0.0519
0.0541
0.0518
0.0524
0.051
0.0518
0.0502
0.05
0.0512
0.0748
0.0759
0.0509
0.0516
0.0513
0.055
0.0517
0.052
0.052
0.0524
0.0757
0.0515
0.0524
0.0744
0.0527
0.0522
0.0533
0.0518
0.0564
0.0528
0.05
0.0516
0.0536
0.0519
0.0728
0.0533
0.0762
0.0742
0.0758
0.0759
0.0748
0.0753
0.0735
0.0743
0.0778
0.0764
0.0744
0.0738
0.0745
0.0754
0.0754
0.076
0.0736
0.0771
0.076
0.0622
0.0587
0.0532
0.0535
0.0538
0.0571
0.0525
0.0519
0.0555
0.0562
0.0532
0.0503
0.0523
0.0513
0.0526
0.0554
0.0536
0.0725
0.077
0.0778
0.0695
0.0532
0.0543
0.0509
0.0537
0.0524
0.0517
0.052
0.0688
0.0754
0.0783
0.0747
0.0759
0.0768
0.0746
0.0501
0.0548
0.0544
0.0501
0.0754
0.068
0.0703
0.0758
0.0657
0.0517
0.0533
0.0754
0.0757
0.0521
0.0529
0.052
0.0508
0.0509
0.052
0.0517
0.05
0.0522
0.0522
0.0744
0.0765
0.0521
0.0507
0.053
0.052
0.0509
0.0512
0.0528
0.0542
0.0515
0.0528
0.0789
0.0682
0.0743
0.075
0.0756
0.0759
0.0752
0.0523
0.0561
0.0534
0.0517
0.053
0.0745
0.0772
0.0748
0.0756
0.0757
0.0759
0.0759
0.0531
0.052
0.0526
0.0515
0.0514
0.0515
0.0515
0.0531
0.0507
0.0524
0.0515
0.0534
0.0545
0.0516
0.0627
0.0503
0.0561
0.0775
0.0557
0.0533
0.065
0.0534
0.0515
0.0549
0.0512
0.0539
0.0504
0.0524
0.0515
0.0613
0.0621
0.0615
0.0534
0.0518
0.0737
0.052
0.0526
0.0548
0.0516
0.0512
0.0509
0.0509
0.051
0.0506
0.0526
0.051
0.0508
0.0507
0.0506
0.0502
0.0505
0.0502
0.0498
0.0503
0.0506
0.0508
0.0512
0.052
0.0516
0.0503
0.0511
0.0508
0.0519
0.053
0.0733
0.073
0.0697
0.0638
0.0663
0.0623
0.0509
0.0654
0.0732
0.0655
0.0573
0.0619
0.0635
0.0508
0.0517
0.0514
0.0523
0.0511
0.0504
0.0503
0.0512
0.0506
0.0511
0.0501
0.0732
0.0653
0.0664
0.0739
0.0817
0.0539
0.0763
0.052
0.0753
0.0515
0.0533
0.0739
0.0517
0.0515
0.0517
0.0704
0.0538
0.0505
0.0514
0.0778
0.0526
0.0517
0.0519
0.0523
0.074
0.0578
0.0515
0.0755
0.0504
0.0495
0.0518
0.0499
0.0745
0.0522
0.0784
0.0515
0.0535
0.0545
0.0571
0.0508
0.0514
0.0519
0.0519
0.0512
0.0516
0.0515
0.0551
0.0506
0.0505
0.051
0.0506
0.053
0.0538
0.0518
0.0502
0.0522
0.0514
0.0515
0.0517
0.0512
0.0507
0.0555
0.0508
0.0509
0.0504
0.0516
0.0571
0.0508
0.0508
0.0505
0.0514
0.0516
0.0508
0.0507
0.0523
0.0502
0.0501
0.0547
0.0511
0.0594
0.0518
0.0552
0.0527
0.0524
0.0527
0.051
0.055
0.0637
0.0556
0.056
0.0532
0.0507
0.0547
0.0531
0.053
0.0546
0.0511
0.0521
0.0516
0.0512
0.0529
0.0507
0.0505
0.0502

---------------------------------
VideoDecoderSubmitBuffers_D3D11_1
---------------------------------
19.3643
0.7626
0.6742
0.6424
2.7261
3.329
0.8663
0.8185
1.3823
0.7289
1.1105
1.0898
0.7216
0.7074
0.8975
0.8283
3.1983
2.2746
0.5213
0.5423
0.927
0.7014
0.5344
0.522
0.4314
0.425
0.4268
0.5984
0.6143
0.7074
0.6794
0.7161
0.6852
0.7106
0.6885
0.6239
0.7023
0.4711
0.4266
0.4556
0.6719
0.4226
0.412
0.4148
0.407
0.4332
0.7076
0.6859
0.702
0.6762
0.7141
0.6716
0.7107
0.6759
0.9182
0.4268
0.6846
0.7105
0.4766
0.4336
0.4501
0.6943
0.6689
0.6947
0.6508
0.7218
0.4242
0.4134
0.4251
0.4348
0.7585
0.4794
0.7502
0.6544
0.4884
0.4448
0.6435
0.8836
0.4544
0.7712
0.4787
0.4833
0.442
0.5131
0.5199
0.8788
0.6667
0.4404
0.4419
0.6545
0.6784
0.6947
0.4361
0.6503
0.6492
0.5869
0.4294
0.6439
0.9408
0.4608
0.4658
0.4268
0.5726
0.6842
0.6781
1.5193
3.3804
0.4495
0.4559
0.8041
0.8714
0.4365
0.5063
0.6533
0.5216
0.439
0.6676
0.4499
0.6601
0.4398
0.438
0.4881
0.719
0.4514
0.6802
0.6295
0.5949
0.4851
0.4518
0.4746
0.7154
1.9243
1.0106
1.2067
0.4515
0.4342
0.4263
0.4216
0.4775
0.4285
0.4816
0.4297
0.4198
0.4779
0.4278
0.4196
0.4187
0.4785
0.4307
0.4217
0.4182
0.4347
0.4092
0.4734
0.4252
0.4195
0.4106
0.4094
0.4167
0.4242
0.4196
0.6211
0.4515
4.0983
0.4614
0.4976
0.6405
0.596
0.648
0.6383
0.6318
0.6892
0.6533
0.4406
0.4954
0.4532
0.4268
0.5418
0.4354
0.5073
0.463
0.4316
0.4278
0.4229
0.4276
0.4853
0.4615
0.4339
0.4197
0.4727
0.4528
0.4306
0.4195
0.4264
0.8749
0.6416
0.43
0.46
0.4283
0.4193
0.592
0.6352
0.4268
0.4231
0.4158
0.4172
0.4193
0.6316
0.6189
0.5669
0.4205
0.431
0.4185
0.6345
0.61
0.5875
0.6351
0.4223
0.4256
0.4189
0.405
0.4089
0.4087
0.4274
0.4206
0.4181
0.4088
0.4131
0.6105
0.5588
0.6322
0.6341
0.5628
0.4214
0.4134
0.4141
0.4124
0.4208
0.4314
0.4129
0.4133
0.412
0.6401
0.6231
0.5907
0.4166
0.4116
0.4167
0.4134
0.4249
0.6906
0.4188
0.4124
0.4141
0.4088
0.4106
0.4106
0.4072
0.4148
0.4178
0.4114
0.4213
0.4089
0.4302
0.4209
0.4139
0.4106
0.4221
0.4195
0.4215
0.4125
0.415
0.4131
0.413
0.6275
0.5837
0.444
0.4125
0.4125
0.4086
0.4057
0.4043
0.4091
0.4188
0.5863
0.4217
0.4256
0.6023
0.4145
0.4149
0.424
0.4204
0.4125
0.4118
0.4291
0.4071
0.413
0.4449
0.6592
0.4764
0.6123
0.5816
0.6232
0.6081
0.5802
0.6213
0.6222
0.5875
0.6338
0.647
0.601
0.6371
0.6204
0.5876
0.6273
0.5956
0.6183
0.6322
0.592
0.6081
0.4728
0.431
0.4745
0.437
0.4273
0.4158
0.4239
0.4374
0.4053
0.421
0.4144
0.4093
0.4152
0.412
0.4198
0.413
0.6681
0.636
0.5907
0.6237
0.4117
0.4128
0.4143
0.4217
0.4102
0.4081
0.41
0.5879
0.6321
0.6169
0.5825
0.6317
0.6172
0.5811
0.4266
0.4194
0.411
0.4127
0.6071
0.5936
0.6105
0.568
0.5968
0.4167
0.4217
0.6211
0.5924
0.4162
0.4116
0.4108
0.4113
0.4113
0.408
0.4133
0.4152
0.4105
0.4096
0.5826
0.6564
0.4142
0.4203
0.4116
0.4205
0.4102
0.4075
0.4193
0.4083
0.4116
0.4083
0.5794
0.6111
0.6257
0.5873
0.5824
0.6099
0.5877
0.4324
0.4282
0.4242
0.416
0.4113
0.5822
0.6257
0.6124
0.5827
0.6364
0.6229
0.5706
0.4082
0.406
0.4034
0.4142
0.4143
0.4142
0.4158
0.4119
0.4105
0.4201
0.4107
0.4083
0.4242
0.417
0.4116
0.4134
0.5034
0.6113
0.4317
0.4058
0.4242
0.415
0.4183
0.4108
0.4122
0.4089
0.405
0.4098
0.4131
0.4188
0.4255
0.4227
0.6418
0.6994
0.9374
0.4831
0.7785
0.477
0.4668
0.7467
0.7797
0.7726
0.8119
0.7937
0.8322
0.775
0.775
0.7604
0.793
0.7693
0.8281
0.4173
0.401
0.6961
0.7944
0.7583
0.8088
0.6744
0.6334
0.7379
0.7823
0.7627
0.8231
0.7813
0.9024
0.6609
0.4994
0.4385
0.5907
0.7451
0.681
0.9917
0.6672
0.4966
0.4517
0.4201
0.4157
0.6147
0.789
0.756
0.4143
0.5185
0.7465
0.8049
0.7029
0.6769
0.7829
0.7869
0.7829
0.6126
0.6907
0.6373
0.7493
0.4331
0.6226
0.42
0.5799
0.4149
0.4112
0.6162
0.4152
0.4056
0.4122
0.6135
0.4167
0.4135
0.4138
0.5708
0.4246
0.415
0.4141
0.416
0.5712
0.4307
0.4127
0.6123
0.4125
0.4157
0.4084
0.4152
0.6214
0.4179
0.635
0.4244
0.4486
0.4745
0.4238
0.4113
0.7089
0.6809
0.7311
0.4227
0.4995
0.7536
0.416
0.427
0.7463
0.4162
0.4974
0.7401
0.7959
0.7304
0.7521
0.7572
0.7676
0.7236
0.8117
0.4348
0.5466
0.7912
0.414
0.3995
0.4633
0.7682
0.7365
0.4098
0.5502
0.7013
0.7929
0.6342
0.5833
0.7181
0.7938
0.5753
0.7944
0.7613
0.4225
0.5123
0.789
0.5556
0.4422
0.4428
0.5535
0.802
0.7304
0.7422
0.7915
0.7019
0.624
0.7714
0.7113
0.6841
0.7783
0.5095
0.419
0.509
0.444
0.4276
0.6403
0.7678
0.7974
0.4176

