---------------------------------------------
CalcPrivateVideoDecoderOutputViewSize_D3D11_1
---------------------------------------------
0.002
0.0014
0.0014
0.0013
0.0035
0.0026
0.0072
0.0012
0.0017
0.0017
0.0009
0.0009
0.0008
0.0018
0.001
0.0009
0.001
0.0008
0.0008
0.0018
0.0008
0.0006
0.001
0.0009
0.0006
0.0006
0.0006
0.0006
0.002
0.0008
0.0008
0.0007
0.001
0.0009
0.0006
0.0008
0.0007
0.0005
0.0007
0.0007
0.0006
0.0009
0.0019
0.0007
0.0007
0.0006
0.0008
0.0006
0.0005
0.0006
0.0006
0.0008
0.0008
0.0006
0.0008
0.0006
0.0006
0.0007
0.0005
0.0006
0.0007
0.0006
0.0006
0.0018
0.0007
0.0014
0.0011
0.0016
0.0011
0.0011
0.0016
0.001
0.0009
0.0007
0.0007
0.0008
0.0007
0.0009
0.0007
0.0006
0.0007
0.0006
0.0007
0.0007
0.0006
0.0007
0.0006
0.0007
0.0006
0.0009
0.0007
0.0009
0.0008
0.0007
0.0021
0.0008
0.0006
0.0007
0.001
0.0011
0.0008
0.0008
0.0008
0.0007
0.0006
0.0007
0.0007
0.0011
0.001
0.0011
0.0008
0.0007
0.0014
0.0009
0.001
0.0017
0.0009
0.0015
0.0008
0.0008
0.0008
0.0013
0.0007
0.0011
0.0015
0.0016
0.0014
0.0014
0.0008
0.0016
0.0012
0.0013
0.0009
0.0016
0.0008
0.0016
0.0011
0.0008
0.0008
0.0011
0.0012
0.0141
0.0009
0.0007
0.0007
0.0007
0.001
0.0008
0.0007
0.001
0.0011
0.0019
0.0008
0.0008
0.0007
0.0007
0.0006
0.0009
0.0008
0.0008
0.0007
0.0007
0.0007
0.0008
0.0011
0.001
0.001
0.0008
0.0009
0.0017
0.0013
0.0015
0.001
0.0009
0.0014
0.0008
0.0008
0.0008
0.0006
0.0014
0.0009
0.001
0.0014
0.0009
0.0008
0.0014
0.0009
0.0015
0.0008
0.001
0.0006
0.0006
0.0015
0.0008
0.0008
0.0016
0.0011
0.0008
0.0007
0.0009
0.001
0.0007
0.0015
0.0009
0.0007
0.0015
0.001
0.0007
0.0015
0.0008
0.0009
0.0025
0.0008
0.0015
0.0009
0.0007
0.0015
0.0009
0.0008
0.0015
0.0009
0.001
0.0007
0.0007
0.0016
0.0009
0.0008
0.0007
0.0008
0.0016
0.0009
0.0016
0.0011
0.0011
0.0006
0.0015
0.0008
0.0009
0.0007
0.0009
0.0006
0.0008
0.0008
0.0008
0.0005
0.0009
0.0005
0.0008
0.0006
0.0008
0.0006
0.0009
0.0006
0.0008
0.0015
0.0008
0.0007
0.0009
0.0007
0.0009
0.0006
0.0015
0.001
0.0012
0.0008
0.0007
0.0006
0.0007
0.0006
0.0008
0.0006
0.0008
0.0006
0.0007
0.0008
0.0015
0.0009
0.0008
0.0016
0.0009
0.0015
0.0009
0.0016
0.0009
0.0009
0.0007
0.0009
0.0007
0.0009
0.0006
0.0008
0.0011
0.0007
0.0015
0.001
0.001
0.0008
0.0009
0.0008
0.0006
0.0021
0.0011
0.0007
0.0024
0.0009
0.0007
0.0008
0.0006
0.0007
0.0006
0.0009
0.0006
0.0007
0.0007
0.0008
0.0008
0.0043
0.0007
0.0007
0.0007
0.0006
0.0008
0.0007
0.0007
0.0008
0.0007
0.0007
0.0012
0.0009
0.0007
0.0013
0.0009
0.0007
0.0021
0.001
0.0008
0.0011
0.0007
0.0007
0.0012
0.0007
0.0007
0.0012
0.0007
0.0007
0.0006
0.0008
0.0006
0.0015
0.0008
0.0007
0.0009
0.0007
0.0007
0.002
0.0009
0.0008
0.0008
0.0007
0.0006
0.0009
0.0009
0.0013
0.0017
0.0014
0.0009
0.0008
0.0013
0.0007
0.0015
0.0009
0.0009
0.0014
0.0008
0.0006
0.0009
0.001
0.0007
0.0007
0.0015
0.0007
0.0009
0.0005
0.0008
0.0007
0.0008
0.0007
0.0014
0.0008
0.0011
0.0007
0.0007
0.0015
0.0018
0.001
0.0008
0.0008
0.0007
0.0007
0.0008
0.0006
0.0007
0.0014
0.0013
0.0008
0.0009
0.0006
0.0006
0.0008
0.0006
0.0006
0.0013
0.0007
0.0005
0.0007
0.0006
0.0006
0.0006
0.0011
0.0006
0.0005
0.0006
0.0006
0.0012
0.0011
0.0007
0.0008
0.0007
0.0006
0.0008
0.0008
0.0012
0.0016
0.0013
0.0009
0.0012
0.0013
0.0008
0.0008
0.0009
0.0013
0.0011
0.0008
0.0007
0.0012
0.0011
0.001
0.0008
0.0017
0.0008
0.0013
0.0008
0.0009
0.0013
0.0015
0.0012
0.0015
0.0009
0.0008
0.0011
0.0015
0.0008
0.0009
0.001
0.0012
0.0017
0.0018
0.0017
0.0016
0.0013
0.0015
0.0016
0.0014
0.0009
0.0033
0.0009
0.0007
0.0009
0.0015
0.0014
0.0023
0.0008
0.0017
0.0008
0.0007
0.0014
0.0019
0.0016
0.0015
0.0009
0.0015
0.001
0.0013
0.0015
0.001
0.0014
0.0029
0.0013
0.0022
0.0015
0.002
0.0025
0.0011
0.0019
0.0009
0.0008
0.0007
0.0016
0.0012
0.0009
0.0013
0.0009
0.0008
0.0007
0.0007
0.001
0.0006
0.0007
0.0006
0.0013
0.0012
0.0009
0.0015
0.0014
0.0019
0.0019
0.0018
0.0009
0.001
0.0016
0.001
0.0015
0.0017
0.0012
0.0012
0.0009
0.0017
0.0015
0.0009
0.0008
0.0008
0.0008
0.0007
0.0029
0.0009
0.0008
0.0007
0.0007
0.0008
0.0007
0.0007
0.0006
0.0007
0.0006
0.0006
0.0016
0.0012
0.0026
0.0009
0.0012
0.0019
0.001
0.0008
0.0007
0.0007
0.0018
0.0009
0.0014
0.0021
0.0011
0.0011
0.0006
0.0007
0.0012
0.0015
0.0011
0.0019
0.0009
0.0014
0.002
0.0008
0.0007
0.0007
0.0006
0.0008
0.0007
0.0017
0.0012
0.001
0.0007
0.0007
0.0008
0.0007
0.0006
0.0014
0.0009
0.0008
0.0015
0.0008
0.0014

-----------------------
CodechalDecode::Execute
-----------------------
1.5221
0.6997
0.6276
0.5941
0.7486
0.7853
1.2831
0.808
0.6463
0.5438
0.5255
0.5465
0.5797
0.5841
0.7953
0.5738
3.404
2.68
3.2435
0.5188
0.5102
0.4971
2.4934
0.5656
0.406
0.4037
0.4009
0.4343
0.4047
0.3973
0.3908
1.4248
0.4121
0.3992
0.3965
0.4028
0.411
0.3999
0.4128
0.3892
0.3886
0.3994
0.3948
0.3576
0.3588
0.3613
0.3596
0.383
0.3708
0.3761
0.3881
0.3923
0.388
0.3879
0.3902
0.4045
0.3947
0.3864
0.3871
0.3903
0.4053
0.4065
0.3678
0.3713
0.3829
0.4204
0.3925
0.4581
0.3919
0.3722
0.4392
0.3723
0.3657
0.3723
0.3796
0.3803
0.359
0.37
0.3635
0.3596
0.362
0.3622
0.358
0.3642
0.3605
0.3611
0.3664
0.3649
0.3723
0.3802
0.3613
0.364
0.3573
0.3569
0.3573
0.3527
0.3548
0.6671
1.4557
0.4076
0.3861
0.3654
0.364
0.3663
0.3732
0.3688
0.7941
2.0405
0.3894
0.6368
0.8812
0.375
0.446
0.3825
0.3846
0.3677
0.4046
0.4536
0.3834
0.3662
0.3594
0.373
0.3648
0.5476
0.4322
0.5164
0.5587
0.3959
0.3906
0.4197
0.7224
2.255
0.38
0.5404
0.3765
0.4793
0.4043
0.3695
0.369
0.5116
0.5617
0.5642
0.5338
0.3817
0.3602
0.3616
0.3663
0.369
0.3702
0.3674
0.3667
0.3804
0.3559
0.3561
0.3581
0.3569
0.3583
0.3676
0.3693
0.3675
0.3646
0.3635
0.371
3.6012
0.3875
0.3846
0.3801
0.3684
0.3714
0.5617
0.5794
0.4347
0.3839
0.383
0.4194
0.3752
0.3689
0.3716
0.3664
0.4169
0.3779
0.3909
0.4167
0.386
0.3704
0.4175
0.3819
0.4146
0.4563
0.3742
0.3676
0.3655
0.417
0.3808
0.3698
0.4179
0.3746
0.3645
0.3622
0.3722
0.3703
0.3578
0.4583
0.3789
0.3673
0.4126
0.3783
0.371
0.4149
0.3792
0.3732
0.3763
0.3665
0.4182
0.3752
0.3647
0.4151
0.3791
0.3648
0.4167
0.3756
0.3704
0.3663
0.3629
0.4141
0.3691
0.3691
0.3687
0.372
0.3849
0.3762
0.4274
0.3877
0.3703
0.368
0.4113
0.3719
0.3781
0.3673
0.3711
0.3631
0.3673
0.3628
0.3655
0.3614
0.366
0.3639
0.367
0.3596
0.373
0.3667
0.3701
0.3622
0.3658
0.3606
0.3677
0.3582
0.3652
0.3601
0.3655
0.3579
0.4157
0.3551
0.3799
0.3657
0.3701
0.3573
0.3666
0.3609
0.3673
0.3613
0.3665
0.3555
0.3649
0.3724
0.4417
0.3734
0.3676
0.4145
0.3727
0.4175
0.3774
0.4239
0.3767
0.37
0.3621
0.3663
0.3623
0.3658
0.3605
0.3664
0.3705
0.3675
0.4075
0.3785
0.3454
0.3605
0.4075
0.3654
0.3589
0.4643
0.3788
0.3597
0.406
0.3707
0.3656
0.3644
0.3612
0.3633
0.3709
0.3856
0.3601
0.3763
0.3661
0.3651
0.3738
0.5782
0.3772
0.386
0.3838
0.494
0.3923
0.4242
0.3758
0.3631
0.377
0.3631
0.377
0.3537
0.3722
0.5792
0.3701
0.3599
0.6323
0.3856
0.4376
0.3743
0.3638
0.362
0.5734
0.3702
0.3606
0.5651
0.3765
0.3564
0.3594
0.3645
0.3624
0.4151
0.3753
0.3637
0.3701
0.3642
0.3599
0.6181
0.3826
0.3587
0.3672
0.3603
0.3568
0.3654
0.344
0.5629
0.578
0.5669
0.367
0.3724
0.5607
0.3695
0.5616
0.3675
0.3595
0.563
0.3695
0.3593
0.367
0.5551
0.3641
0.3643
0.5598
0.3642
0.3708
0.3583
0.3611
0.357
0.3649
0.3603
0.5614
0.3627
0.5573
0.37
0.3676
0.4182
0.5836
0.3587
0.37
0.3678
0.3718
0.3606
0.3691
0.3624
0.3599
0.5667
0.5599
0.3652
0.3808
0.3577
0.3533
0.3559
0.3575
0.3511
0.5545
0.3691
0.3597
0.3616
0.3645
0.3585
0.3576
0.5579
0.3624
0.3624
0.3618
0.3603
0.5611
0.5581
0.3644
0.3771
0.3372
0.3921
0.3747
0.451
0.5133
0.5714
0.5703
0.488
0.5786
0.6098
0.4055
0.4768
0.4056
0.581
0.6004
0.3852
0.3877
0.5592
0.5568
0.4175
0.381
0.4308
0.3986
0.5613
0.3964
0.3794
0.5692
0.4263
0.3943
0.4268
0.374
0.3987
0.6028
0.4631
0.4801
0.3874
0.3749
0.5538
0.4523
0.5605
0.5865
0.4571
0.5644
0.5811
0.5527
0.5263
0.4364
0.4187
0.3852
0.391
0.4918
0.7725
0.5719
0.4722
0.4063
0.5451
0.3835
0.3837
0.4154
0.4243
0.4269
0.5885
0.3879
0.5681
0.3908
0.5323
0.5441
0.3773
0.5697
0.9053
0.4684
0.4971
0.4609
0.6034
0.4529
0.399
0.536
0.3725
0.3835
0.3657
0.4127
0.4065
0.3822
0.5704
0.3702
0.3637
0.3619
0.3746
0.3763
0.4108
0.3935
0.3846
0.5349
0.6541
0.4559
0.4245
0.3905
0.5916
0.5282
0.5648
0.4239
0.3897
0.425
0.3808
0.4115
0.5843
0.4092
0.4651
0.4067
0.435
0.574
0.3724
0.373
0.3762
0.3655
0.3689
0.5102
0.3789
0.3669
0.3692
0.3623
0.3771
0.3715
0.37
0.369
0.3725
0.3673
0.3692
0.4506
0.4633
0.5335
0.5126
0.3645
0.4635
0.3837
0.3891
0.371
0.3696
0.6584
0.3847
0.4169
0.6414
0.3981
0.3846
0.3694
0.3666
0.3795
0.4834
0.4496
0.558
0.381
0.3787
0.4627
0.3759
0.3739
0.3703
0.3711
0.375
0.3856
0.4583
0.3969
0.3781
0.3722
0.3668
0.3761
0.3499
0.3657
0.4638
0.3865
0.3591
0.4137
0.4209
0.4133

---------------------------------------
CodechalDecodeHevcG12::DecodeStateLevel
---------------------------------------
0.4385
0.211
0.2971
0.1952
0.2171
0.1723
0.2282
0.1953
0.2747
0.1874
0.3012
0.1654
0.3333
0.3676
0.2325
0.2581
0.2426
0.2094
0.2194
0.1822
0.2081
0.1647
0.1981
0.1744
0.2433
0.17
0.2002
0.1775
0.3479
0.2525
0.2227
0.1847
0.2622
2.7313
0.229
2.1322
0.2053
2.7707
0.2112
0.1596
0.2055
0.1622
0.2003
0.1588
0.2032
2.0717
0.2481
0.1642
0.1583
0.1216
0.1521
0.1188
0.1562
0.1214
0.1768
0.1282
0.163
0.1194
0.1524
0.1221
0.1505
0.1197
0.1945
0.8553
0.1572
0.1228
0.1549
0.1229
0.1458
0.1285
0.1574
0.1212
0.161
0.1239
0.1538
0.1218
0.1666
0.1224
0.1492
0.1202
0.1515
0.1186
0.1537
0.1184
0.1503
0.1206
0.1351
0.1136
0.1376
0.1121
0.1355
0.115
0.1363
0.1133
0.1527
0.1179
0.1425
0.1174
0.1435
0.1175
0.152
0.1195
0.1498
0.1199
0.1486
0.119
0.15
0.119
0.1496
0.1199
0.1565
0.123
0.1522
0.1218
0.1485
0.1197
0.1492
0.1186
0.1503
0.1208
0.1576
0.1221
0.157
0.1229
0.1423
0.117
0.1427
0.1165
0.1364
0.1431
0.1626
0.1213
0.1533
0.1167
0.1895
0.119
0.1498
0.117
0.1424
0.1142
0.1755
0.1212
0.1432
0.1145
0.1417
0.1158
0.1434
0.1163
0.1452
0.1216
0.1478
0.1191
0.1382
0.115
0.1427
0.1157
0.1409
0.1159
0.138
0.1142
0.1394
0.1163
0.1394
0.1155
0.1372
0.1148
0.1413
0.1153
0.1379
0.1161
0.139
0.1151
0.1402
0.1191
0.1416
0.1155
0.1446
0.1162
0.15
0.1189
0.1405
0.1145
0.1391
0.1125
0.1366
0.1134
0.1383
0.1132
0.1359
0.1136
0.1356
0.1123
0.1362
0.1136
0.167
0.1312
0.165
0.1244
0.1654
0.1195
0.1531
0.1201
0.1397
0.1154
0.14
0.1157
0.1408
0.1157
0.1459
0.1172
0.1382
0.1221
0.1707
0.182
0.1761
0.1237
0.1513
0.1179
0.1532
0.1603
0.1432
0.1162
0.1425
0.117
0.1876
0.1195
0.1468
0.1176
0.152
0.1189
0.1409
0.1158
0.1558
0.1182
0.187
0.1221
0.1476
0.1174
0.1406
0.1143
0.1391
0.1134
0.143
0.1154
0.1402
0.1169
0.2006
0.187
0.1637
0.1209
0.2155
0.1508
0.2601
0.1432
0.1485
0.1185
0.1467
0.1184
0.1634
0.1218
0.1655
0.1337
0.1655
0.1228
0.1447
0.1147
0.197
0.1819
0.1429
0.1163
0.2002
0.1263
0.1568
0.1205
0.1413
0.1171
0.1436
0.1158
0.196
0.161
0.2161
0.1882
0.217
0.1886
0.1989
0.1817
0.1488
0.1187
0.1392
0.1151
0.1392
0.1152
0.1425
0.1167
0.1418
0.119
0.1402
0.1158
0.1428
0.1165
0.1413
0.1173
0.1481
0.1131
0.1365
0.1139
0.1363
0.1141
0.137
0.1142
0.1369
0.1141
0.138
0.1149
0.1419
0.1161
0.1456
0.1172
0.1419
0.1151
0.1406
0.117
0.1404
0.1157
0.1409
0.1197
0.1677
3.0051
0.1461
0.1191
0.146
0.117
0.1437
0.1175
0.1393
0.1173
0.1436
0.1164
0.2014
0.1811
0.2204
0.1925
0.1622
0.1224
0.1455
0.1193
0.1421
0.1171
0.1627
0.1214
0.1433
0.1162
0.14
0.1178
0.1426
0.1152
0.1401
0.1166
0.1588
0.121
0.1438
0.1175
0.1441
0.1182
0.1582
0.1212
0.1443
0.1185
0.1424
0.1167
0.1599
0.1211
0.1491
0.1173
0.1589
0.1205
0.1922
0.1223
0.1432
0.1165
0.1398
0.1165
0.1401
0.1173
0.1586
0.1221
0.1433
0.1179
0.1403
0.1161
0.1576
0.1216
0.1563
0.1095
0.1397
0.1147
0.1385
0.1151
0.1384
0.1151
0.1403
0.1153
0.1374
0.1142
0.1921
0.1267
0.1459
0.1177
0.1407
0.1163
0.1563
0.1197
0.1421
0.1175
0.1425
0.1174
0.1585
0.1198
0.144
0.1185
0.1431
0.1172
0.1416
0.1158
0.1403
0.1178
0.1596
0.1212
0.142
0.1161
0.1397
0.1153
0.1567
0.1203
0.1434
0.1174
0.1388
0.1154
0.1587
0.1204
0.1435
0.1172
0.1408
0.1164
0.1398
0.118
0.1397
0.1148
0.1586
0.1194
0.1413
0.1154
0.1397
0.1176
0.1396
0.1149
0.141
0.1181
0.1488
0.1109
0.1435
0.1159
0.1621
0.1215
0.1481
0.1171
0.1414
0.1167
0.1399
0.1166
0.1565
0.1191
0.1412
0.117
0.1491
0.1162
0.1405
0.1158
0.1413
0.1172
0.1394
0.1159
0.1397
0.1155
0.1371
0.1162
0.1397
0.1159
0.1381
0.1135
0.1401
0.1164
0.1396
0.1163
0.1394
0.1148
0.1357
0.117
0.1408
0.1173
0.1399
0.1164
0.1413
0.1183
0.1386
0.1155
0.1386
0.1154
0.1366
0.1161
0.1406
0.116
0.1355
0.1145
0.139
0.1154
0.1384
0.1143
0.1394
0.1145
0.1356
0.1149
0.1616
0.12
0.1368
0.1102
0.1436
0.1177
0.14
0.1159
0.1396
0.1172
0.1365
0.1149
0.1398
0.1151
0.1381
0.1138
0.1409
0.1152
0.1381
0.1157
0.1392
0.1154
0.1352
0.115
0.1384
0.1158
0.1403
0.1164
0.1594
0.1243
0.1438
0.1157
0.1396
0.1172
0.1581
0.1207
0.142
0.1165
0.1597
0.1192
0.1441
0.1175
0.1623
0.1231
0.1439
0.1157
0.1406
0.1161
0.1381
0.1152
0.1384
0.114
0.1381
0.1159
0.1396
0.1163
0.137
0.1153
0.1393
0.1167
0.1404
0.1166
0.1402
0.1143
0.1573
0.1205
0.147
0.1171
0.1344
0.1078
0.1384
0.1152
0.1418
0.1537
0.1391
0.114
0.137
0.1157
0.193
0.1195
0.1443
0.1137
0.1358
0.1155
0.1546
0.118
0.1432
0.1142
0.1368
0.1145
0.1381
0.1133
0.1356
0.114
0.1383
0.1124
0.1352
0.1155
0.1428
0.1225
0.1381
0.1153
0.1454
0.1187
0.1414
0.1163
0.1386
0.1173
0.138
0.1295
0.216
0.1937
0.1456
0.1168
0.1483
0.1191
0.155
0.118
0.1575
0.1881
0.1489
0.1268
0.1478
0.1381
0.1444
0.1178
0.1384
0.1146
0.1382
0.1158
0.1399
0.1154
0.1423
0.1136
0.1346
0.1087
0.1452
0.1153
0.222
0.19
0.1382
0.1175
0.1351
0.1161
0.2415
0.1986
0.1475
0.1163
0.1845
0.1243
0.1436
0.1169
0.1381
0.1174
0.1395
0.1162
0.2186
0.1926
0.1406
0.1174
0.1371
0.1157
0.2128
0.1902
0.1451
0.1185
0.1373
0.1143
0.1368
0.1167
0.1396
0.1143
0.1391
0.1162
0.1588
0.1216
0.1425
0.1177
0.1388
0.1173
0.1412
0.1174
0.1401
0.1165
0.1386
0.116
0.2346
0.1951
0.1429
0.1195
0.1366
0.114
0.1379
0.1179
0.1364
0.1138
0.1366
0.114
0.1381
0.118
0.1342
0.1102
0.2166
0.1886
0.22
0.1922
0.2098
0.1929
0.1405
0.1153
0.1406
0.1229
0.2153
0.1884
0.1402
0.1214
0.2153
0.1882
0.1425
0.1143
0.1374
0.1152
0.2157
0.1897
0.1416
0.1152
0.1373
0.1157
0.1417
0.1161
0.2128
0.1874
0.1391
0.118
0.1398
0.1155
0.2111
0.1877
0.1409
0.1157
0.1432
0.116
0.1384
0.1138
0.1389
0.1149
0.1377
0.1156
0.1414
0.116
0.1377
0.1174
0.2133
0.1908
0.1397
0.115
0.2127
0.1904
0.1406
0.12
0.1392
0.1156
0.1609
0.1243
0.2181
0.1947
0.1368
0.1154
0.1409
0.1201
0.1412
0.1164
0.1418
0.1214
0.1381
0.1158
0.1418
0.1169
0.1401
0.1159
0.1385
0.1153
0.2172
0.1907
0.213
0.1891
0.141
0.1152
0.1419
0.1264
0.1362
0.1137
0.1348
0.1131
0.1372
0.1133
0.1364
0.1167
0.1351
0.1133
0.2107
0.1867
0.1413
0.1159
0.1371
0.1159
0.139
0.1158
0.1385
0.1183
0.1371
0.1154
0.1377
0.1149
0.2114
0.1904
0.1401
0.1157
0.1396
0.1163
0.1393
0.1148
0.1375
0.1169
0.2137
0.1906
0.2132
0.1881
0.1401
0.1149
0.1462
0.119
0.1308
0.1076
0.1491
0.1151
0.1413
0.1232
0.1776
0.1408
0.1936
0.1613
0.2158
0.1901
0.2189
0.1904
0.1916
0.1582
0.2234
0.1932
0.2354
0.1964
0.1561
0.1237
0.1785
0.1593
0.1524
0.1347
0.2169
0.2028
0.2284
0.2021
0.1476
0.1212
0.1438
0.1327
0.2177
0.1914
0.2098
0.1919
0.1505
0.1322
0.1427
0.1231
0.1706
0.1209
0.1446
0.1353
0.2141
0.1837
0.1532
0.1207
0.1434
0.1191
0.2151
0.1888
0.1692
0.1285
0.1509
0.1236
0.1632
0.1266
0.1421
0.121
0.1476
0.1321
0.2249
0.1931
0.1564
0.1733
0.1612
0.1739
0.1448
0.1225
0.1383
0.1209
0.2064
0.1866
0.1599
0.1414
0.2248
0.1607
0.2166
0.1939
0.1881
0.1202
0.2086
0.1864
0.2171
0.1933
0.2007
0.2001
0.2128
0.1555
0.1476
0.1511
0.1558
0.1311
0.144
0.1252
0.1453
0.1277
0.1639
0.185
0.2195
0.3284
0.2329
0.1526
0.1667
0.1767
0.1522
0.1184
0.204
0.179
0.1455
0.1211
0.1482
0.1151
0.1566
0.1209
0.1644
0.1206
0.168
0.12
0.2177
0.1944
0.1458
0.1191
0.2107
0.1875
0.1494
0.1252
0.2024
0.1714
0.2066
0.1802
0.1451
0.1155
0.2152
0.1884
0.3074
0.3141
0.2022
0.1296
0.1899
0.1542
0.1905
0.1208
0.2249
0.1953
0.1805
0.12
0.1477
0.1165
0.2247
0.1435
0.1423
0.1156
0.1452
0.1267
0.1406
0.117
0.1567
0.1227
0.1494
0.1347
0.1434
0.1251
0.2131
0.1925
0.1414
0.1155
0.138
0.1174
0.1383
0.1163
0.1399
0.1205
0.1424
0.1182
0.1625
0.1218
0.1486
0.1225
0.1408
0.1234
0.1767
0.1233
0.2506
0.2082
0.1783
0.1243
0.1677
0.1185
0.1494
0.1199
0.2374
0.182
0.2173
0.1487
0.2146
0.183
0.1548
0.1359
0.1479
0.1228
0.1599
0.1238
0.1445
0.1159
0.158
0.1198
0.2201
0.1893
0.159
0.1222
0.158
0.1702
0.1659
0.1163
0.1698
0.121
0.2376
0.1608
0.1432
0.1165
0.1418
0.1179
0.1399
0.1158
0.139
0.1152
0.142
0.1154
0.2176
0.1217
0.1449
0.1146
0.139
0.1152
0.1403
0.1141
0.1361
0.1131
0.1374
0.1278
0.1405
0.1172
0.1399
0.1157
0.1393
0.1162
0.1422
0.1166
0.1394
0.1158
0.1391
0.1199
0.1758
0.133
0.1552
0.1584
0.2082
0.1532
0.2088
0.1608
0.139
0.1111
0.1884
0.1238
0.1443
0.1177
0.1451
0.1177
0.1409
0.1174
0.1418
0.1166
0.2629
0.1912
0.1477
0.117
0.1696
0.1178
0.2358
0.1965
0.1516
0.1185
0.1462
0.1176
0.1414
0.116
0.1386
0.1172
0.1453
0.1187
0.1872
0.1497
0.1495
0.1605
0.2134
0.181
0.1454
0.1171
0.1435
0.1146
0.1905
0.1201
0.1427
0.1147
0.1442
0.1158
0.1396
0.1143
0.1405
0.1167
0.1449
0.1178
0.1461
0.1188
0.1818
0.1269
0.1509
0.1189
0.1429
0.1171
0.1418
0.1163
0.139
0.1173
0.1414
0.1191
0.1349
0.1101
0.138
0.1165
0.1585
0.1215
0.1403
0.1144
0.1361
0.1135
0.1575
0.1184
0.1398
0.163
0.1566
0.1185

-------------------------------------
CodechalDecodeHevcG12::SetFrameStates
-------------------------------------
0.6307
0.0933
0.1282
0.0648
0.1528
0.1838
0.3605
0.1533
0.0462
0.0376
0.035
0.0344
0.0383
0.0366
0.0497
0.0372
0.2747
0.2036
0.1522
0.0369
0.0349
0.0344
0.1065
0.0364
0.0354
0.0337
0.0341
0.033
0.0344
0.0343
0.0327
0.2486
0.0387
0.034
0.0356
0.0341
0.0344
0.0342
0.0342
0.0334
0.0327
0.0345
0.034
0.0301
0.0302
0.0303
0.0303
0.0305
0.0317
0.0318
0.0314
0.0323
0.0325
0.0322
0.0331
0.0329
0.0328
0.0325
0.0325
0.0325
0.0322
0.0342
0.0312
0.0321
0.0211
0.0382
0.0347
0.0421
0.0345
0.032
0.0397
0.0332
0.0311
0.0323
0.0322
0.0318
0.0305
0.0322
0.0305
0.0308
0.0309
0.0306
0.0309
0.0305
0.0304
0.0304
0.0306
0.031
0.0312
0.0312
0.0301
0.0313
0.0306
0.0303
0.0319
0.0302
0.0311
0.27
1.068
0.0357
0.0344
0.0319
0.031
0.0313
0.0313
0.0308
0.3114
1.6406
0.0357
0.229
0.5399
0.0319
0.0416
0.0364
0.0321
0.0323
0.0408
0.0409
0.0346
0.0319
0.0308
0.0328
0.0313
0.0425
0.041
0.047
0.0473
0.0372
0.0417
0.0393
0.3091
1.8654
0.0358
0.0472
0.0336
0.0421
0.0373
0.032
0.032
0.0461
0.0457
0.0464
0.0414
0.0331
0.0311
0.0315
0.0318
0.031
0.0342
0.0316
0.0317
0.0344
0.0307
0.0305
0.0305
0.0311
0.0314
0.0314
0.031
0.0319
0.0312
0.0312
0.0316
0.3165
0.0379
0.0338
0.0352
0.0317
0.0324
0.046
0.0443
0.0381
0.0344
0.0411
0.0388
0.0341
0.0321
0.0361
0.0314
0.0386
0.0339
0.0429
0.0385
0.0385
0.0319
0.0382
0.0332
0.0377
0.0475
0.0326
0.0318
0.031
0.0387
0.0376
0.0316
0.0405
0.0245
0.0317
0.0308
0.0376
0.0316
0.0303
0.0387
0.0341
0.0317
0.0383
0.0368
0.0312
0.0382
0.0332
0.0315
0.0374
0.0305
0.0384
0.0337
0.0311
0.0384
0.0341
0.0322
0.038
0.0333
0.0319
0.0308
0.0308
0.0383
0.0323
0.031
0.0351
0.0321
0.0272
0.0342
0.0465
0.0362
0.0318
0.0306
0.0377
0.0326
0.0314
0.0312
0.0319
0.0308
0.0315
0.0307
0.031
0.0309
0.0307
0.0309
0.0312
0.0307
0.0315
0.0306
0.0307
0.0304
0.0309
0.0308
0.031
0.0303
0.0311
0.0305
0.0312
0.0305
0.0379
0.0232
0.0333
0.0311
0.0334
0.0308
0.0309
0.0306
0.0315
0.0305
0.0315
0.0304
0.0312
0.0316
0.038
0.0328
0.032
0.0387
0.0328
0.0396
0.0335
0.039
0.0335
0.0318
0.0307
0.0318
0.0303
0.0309
0.0316
0.0313
0.0329
0.0316
0.0381
0.0337
0.0231
0.032
0.033
0.0339
0.0308
0.0414
0.0346
0.0306
0.0374
0.0327
0.0311
0.0309
0.0312
0.0307
0.0307
0.038
0.0306
0.0308
0.0311
0.0309
0.0306
0.0473
0.032
0.0314
0.0316
0.0386
0.0333
0.0405
0.0322
0.0302
0.0312
0.031
0.0335
0.0247
0.0315
0.0464
0.0332
0.0302
0.0531
0.0354
0.0402
0.0338
0.0313
0.0308
0.0448
0.0324
0.0307
0.0446
0.0316
0.0304
0.0303
0.0315
0.0311
0.038
0.0333
0.0309
0.0311
0.0307
0.0301
0.0522
0.0348
0.0316
0.0316
0.031
0.0304
0.0311
0.0222
0.045
0.0489
0.0486
0.0325
0.0315
0.0448
0.0313
0.0445
0.0329
0.0318
0.0444
0.031
0.0306
0.0311
0.0442
0.0308
0.0313
0.045
0.0314
0.0311
0.0308
0.0306
0.0303
0.0311
0.0311
0.0435
0.0313
0.0435
0.0316
0.0316
0.0378
0.049
0.024
0.0319
0.0314
0.0325
0.0309
0.0314
0.0309
0.0309
0.044
0.0442
0.0313
0.0316
0.0309
0.0311
0.0303
0.0304
0.0294
0.0436
0.0325
0.0309
0.0305
0.0312
0.0309
0.0305
0.0436
0.0308
0.0305
0.0308
0.0305
0.0429
0.044
0.032
0.0315
0.0207
0.0434
0.0311
0.0401
0.0441
0.049
0.048
0.0337
0.0438
0.0484
0.0351
0.0403
0.0329
0.0438
0.0437
0.0334
0.032
0.0443
0.043
0.0435
0.0319
0.0393
0.0344
0.0462
0.0323
0.0315
0.0454
0.0374
0.034
0.0383
0.0328
0.0324
0.0482
0.0291
0.0373
0.0333
0.0343
0.0431
0.0384
0.0539
0.0495
0.048
0.0467
0.0487
0.0361
0.0483
0.0349
0.0441
0.034
0.0326
0.0343
0.0471
0.0583
0.0357
0.0355
0.0495
0.0345
0.0398
0.0389
0.0408
0.0396
0.047
0.0353
0.0474
0.0346
0.0457
0.0342
0.0345
0.0463
0.0744
0.0428
0.0488
0.0545
0.0547
0.0443
0.0465
0.0527
0.0351
0.0327
0.032
0.0385
0.0362
0.0332
0.046
0.0322
0.0321
0.0309
0.0314
0.0361
0.0345
0.0342
0.0333
0.0454
0.0541
0.0452
0.0392
0.0336
0.0519
0.05
0.036
0.0368
0.0349
0.0434
0.0376
0.0385
0.05
0.0365
0.0379
0.0379
0.0416
0.056
0.033
0.0344
0.0319
0.032
0.0312
0.0467
0.0345
0.0319
0.0316
0.0319
0.0306
0.0308
0.0317
0.0321
0.0319
0.0315
0.0314
0.0395
0.0371
0.0486
0.0389
0.0239
0.0419
0.0347
0.0347
0.0324
0.0319
0.055
0.0348
0.0343
0.0578
0.0377
0.0335
0.0311
0.0309
0.0316
0.0393
0.0363
0.0477
0.0357
0.034
0.0415
0.0346
0.0317
0.0308
0.0318
0.0312
0.0321
0.0415
0.0359
0.0332
0.0321
0.031
0.0323
0.022
0.0302
0.0383
0.048
0.0311
0.0377
0.0325
0.0385

--------------------------
CreateVideoDecoder_D3D11_1
--------------------------
17.3091

---------------------------
DestroyVideoDecoder_D3D11_1
---------------------------
0

----------------
First Frame Time
----------------
55.9139

--------------------------------------
VideoDecoderBeginFrame_WDDM2_4_D3D11_1
--------------------------------------
0.0075
0.0026
0.0026
0.0024
0.005
0.005
0.0106
0.003
0.0031
0.0026
0.0019
0.002
0.0017
0.0023
0.0035
0.0023
0.002
0.0031
0.0018
0.0027
0.0018
0.0019
0.0023
0.0018
0.0018
0.0017
0.0018
0.0017
0.0025
0.0022
0.0016
0.0017
0.0025
0.0021
0.0019
0.0018
0.0018
0.0017
0.0017
0.0016
0.0016
0.002
0.003
0.0015
0.0016
0.0016
0.0015
0.0016
0.0016
0.0018
0.0016
0.0017
0.0016
0.0015
0.0016
0.0017
0.0018
0.0026
0.0016
0.0016
0.0015
0.0018
0.0016
0.0025
0.0015
0.0027
0.0022
0.0035
0.0023
0.0022
0.0029
0.0021
0.0019
0.0017
0.0018
0.0019
0.0018
0.0018
0.0016
0.0016
0.0016
0.0017
0.0016
0.0017
0.0017
0.0015
0.0017
0.0016
0.0015
0.0018
0.0016
0.0019
0.0017
0.0016
0.0026
0.0016
0.0017
0.0016
0.0022
0.0025
0.002
0.0017
0.0018
0.0016
0.0016
0.0016
0.0015
0.0023
0.0024
0.0021
0.002
0.0017
0.0028
0.002
0.0019
0.0017
0.0017
0.0026
0.0019
0.0017
0.0017
0.0025
0.0016
0.0025
0.0028
0.0026
0.0029
0.0024
0.002
0.0029
0.0022
0.003
0.0025
0.003
0.0019
0.003
0.0022
0.0019
0.0018
0.0024
0.0025
0.0039
0.0024
0.0016
0.0017
0.0017
0.0016
0.0017
0.0019
0.0017
0.0017
0.0019
0.0017
0.0017
0.0017
0.0016
0.0016
0.0017
0.0018
0.0017
0.0017
0.0016
0.0017
0.0018
0.0024
0.0021
0.0019
0.0018
0.0018
0.0029
0.0026
0.0027
0.002
0.0021
0.0028
0.0019
0.0017
0.0016
0.0016
0.0029
0.002
0.002
0.0026
0.002
0.0018
0.0025
0.0017
0.0026
0.0019
0.002
0.0016
0.0017
0.0026
0.0019
0.0017
0.0028
0.002
0.0017
0.0017
0.0017
0.0019
0.0015
0.0025
0.002
0.0017
0.0026
0.0018
0.0019
0.0026
0.0018
0.0018
0.0032
0.0017
0.0026
0.002
0.0017
0.0027
0.002
0.0018
0.0026
0.0019
0.0018
0.0015
0.0016
0.0025
0.0019
0.0018
0.0017
0.0018
0.0027
0.0019
0.0029
0.0021
0.002
0.0016
0.0025
0.0019
0.0019
0.0015
0.0019
0.0016
0.0019
0.0015
0.0018
0.0015
0.0017
0.0015
0.0018
0.0015
0.0018
0.0015
0.0017
0.0015
0.0017
0.0016
0.0018
0.0016
0.0017
0.0016
0.0019
0.0016
0.0026
0.0021
0.002
0.0017
0.0019
0.0016
0.0017
0.0015
0.0018
0.0015
0.0018
0.0015
0.0018
0.0017
0.0026
0.002
0.0017
0.0028
0.0018
0.0027
0.0019
0.0027
0.0021
0.0021
0.0017
0.0018
0.0015
0.0018
0.0015
0.0018
0.0019
0.0018
0.0026
0.0022
0.002
0.002
0.0018
0.0019
0.0018
0.0034
0.0022
0.0016
0.0027
0.002
0.0017
0.0021
0.0041
0.002
0.0015
0.002
0.0016
0.0015
0.0016
0.0014
0.0015
0.0044
0.0019
0.0017
0.0018
0.0018
0.0022
0.0017
0.0018
0.0015
0.0016
0.0016
0.0019
0.0019
0.0016
0.0026
0.0017
0.0016
0.0035
0.0023
0.0021
0.0021
0.002
0.0015
0.0024
0.0019
0.0016
0.0024
0.0018
0.0015
0.0015
0.0017
0.0016
0.0026
0.0019
0.0018
0.0019
0.0025
0.0016
0.0036
0.0022
0.0019
0.0018
0.0018
0.0015
0.0018
0.0017
0.0025
0.003
0.0027
0.0022
0.0018
0.0024
0.0017
0.0027
0.0018
0.0015
0.0025
0.0017
0.0017
0.0018
0.0024
0.0017
0.0018
0.0027
0.0016
0.0018
0.0017
0.0017
0.0016
0.0018
0.0016
0.0023
0.0017
0.0024
0.0016
0.0015
0.0026
0.0028
0.0022
0.0018
0.002
0.0018
0.0016
0.0017
0.0016
0.0016
0.0028
0.0025
0.0018
0.0019
0.0017
0.0016
0.0019
0.0017
0.0015
0.0025
0.0017
0.0016
0.0016
0.0016
0.0016
0.0015
0.0023
0.0017
0.0016
0.0016
0.0015
0.0024
0.0023
0.0016
0.002
0.0016
0.0016
0.0018
0.0017
0.0025
0.0028
0.0028
0.0021
0.0025
0.0029
0.002
0.0018
0.0018
0.0027
0.0028
0.002
0.0017
0.0024
0.0026
0.0023
0.0019
0.0027
0.0019
0.0027
0.0017
0.0018
0.0025
0.0025
0.002
0.0027
0.002
0.0018
0.0026
0.0026
0.0016
0.0019
0.0018
0.0024
0.0026
0.0032
0.0053
0.0029
0.0028
0.0031
0.0025
0.0031
0.0021
0.0044
0.0018
0.0019
0.0017
0.0024
0.0031
0.0028
0.0022
0.0026
0.002
0.0018
0.0028
0.0029
0.003
0.003
0.0022
0.0027
0.002
0.0028
0.003
0.0021
0.0026
0.0048
0.0032
0.0033
0.0031
0.0033
0.0037
0.0022
0.0032
0.0021
0.0018
0.0017
0.0026
0.0023
0.0019
0.0025
0.0021
0.0017
0.0016
0.0016
0.0016
0.0017
0.0018
0.0017
0.0027
0.0029
0.0026
0.0028
0.0021
0.0032
0.0036
0.0031
0.0022
0.0021
0.0028
0.0019
0.0027
0.003
0.0022
0.0023
0.0019
0.0024
0.0035
0.0018
0.0019
0.0017
0.0016
0.0016
0.0039
0.0023
0.0018
0.0016
0.0017
0.0015
0.0016
0.0015
0.0017
0.0016
0.0017
0.0016
0.0025
0.0027
0.0027
0.0021
0.0025
0.0033
0.0021
0.0019
0.0017
0.0016
0.0034
0.0022
0.0019
0.0039
0.0022
0.002
0.0016
0.0015
0.0018
0.0023
0.0023
0.0034
0.002
0.002
0.0032
0.0022
0.0041
0.0017
0.0017
0.0016
0.0016
0.003
0.0023
0.0017
0.0015
0.0016
0.0019
0.0017
0.0015
0.0026
0.0019
0.0018
0.0025
0.0019
0.0026

----------------------------
VideoDecoderEndFrame_D3D11_1
----------------------------
0.0412
0.0543
0.0761
0.1035
0.1257
0.1408
0.1592
0.1282
0.1379
0.0578
0.056
0.0578
0.0555
0.089
0.0597
0.0625
0.0617
0.0592
0.062
0.0599
0.0597
0.0573
0.0609
0.0564
0.0617
0.0569
0.0558
0.0626
0.058
0.0566
0.0548
0.0591
0.0528
0.0568
0.0558
0.0572
0.0602
0.0547
0.0595
0.0548
0.056
0.0554
0.0567
0.0529
0.0548
0.0539
0.054
0.0539
0.0542
0.0535
0.0545
0.0564
0.0557
0.0538
0.0572
0.0579
0.0565
0.0568
0.0557
0.0582
0.0587
0.0601
0.0538
0.0559
0.0571
0.0577
0.0538
0.0573
0.0569
0.0554
0.0558
0.0531
0.0551
0.0534
0.0535
0.0535
0.0528
0.0523
0.0513
0.0545
0.0538
0.0502
0.0633
0.0542
0.0539
0.0526
0.0539
0.053
0.0531
0.0533
0.0531
0.0514
0.0517
0.051
0.0536
0.051
0.052
0.0549
0.0528
0.0846
0.0543
0.0538
0.0525
0.0522
0.0542
0.0547
0.0815
0.0536
0.0782
0.0523
0.0494
0.0992
0.0551
0.0543
0.055
0.0519
0.0588
0.0655
0.0573
0.0659
0.0529
0.0525
0.051
0.0767
0.0583
0.0528
0.0562
0.0629
0.0624
0.0546
0.0673
0.0541
0.0764
0.0744
0.0523
0.061
0.0552
0.0522
0.0525
0.0749
0.0725
0.0838
0.077
0.0505
0.0519
0.0577
0.0566
0.0521
0.054
0.0592
0.0514
0.0556
0.0521
0.0511
0.0527
0.0497
0.0555
0.0574
0.0522
0.0516
0.0538
0.0517
0.0517
0.0581
0.0578
0.0763
0.0503
0.0539
0.0578
0.0741
0.0826
0.074
0.0623
0.0569
0.0555
0.0566
0.0583
0.0561
0.0572
0.0553
0.051
0.0569
0.0643
0.0578
0.0503
0.0546
0.0553
0.0541
0.0527
0.057
0.0554
0.0574
0.0594
0.0581
0.0567
0.059
0.0525
0.0549
0.0587
0.0579
0.0548
0.0567
0.0559
0.0547
0.0556
0.0602
0.0586
0.0568
0.0548
0.054
0.0532
0.0595
0.057
0.0586
0.0564
0.056
0.0586
0.0577
0.058
0.0547
0.0529
0.0561
0.0554
0.0566
0.059
0.0529
0.061
0.0565
0.0512
0.0537
0.0562
0.0552
0.052
0.0514
0.0532
0.0535
0.0519
0.0525
0.0507
0.0516
0.051
0.0516
0.0521
0.0509
0.0516
0.0512
0.0633
0.0507
0.0504
0.0525
0.0513
0.0514
0.0514
0.0512
0.0507
0.0513
0.0578
0.0516
0.0508
0.0516
0.0596
0.0545
0.0509
0.0515
0.0505
0.052
0.0525
0.0536
0.0507
0.0507
0.051
0.0515
0.051
0.0515
0.054
0.0555
0.052
0.0509
0.0545
0.0511
0.0598
0.0556
0.0558
0.0526
0.052
0.0509
0.0513
0.051
0.0512
0.0505
0.052
0.0553
0.0506
0.0572
0.0535
0.0536
0.0515
0.0549
0.0542
0.0531
0.0571
0.0511
0.0533
0.0529
0.0526
0.0517
0.052
0.0543
0.0655
0.0522
0.0592
0.0525
0.0546
0.0538
0.0534
0.0568
0.0817
0.0531
0.0549
0.0544
0.0729
0.0536
0.0646
0.053
0.0499
0.0631
0.0544
0.0535
0.0543
0.059
0.0791
0.0533
0.0525
0.0816
0.0527
0.0549
0.0531
0.0565
0.053
0.0761
0.0538
0.0549
0.0784
0.0561
0.0533
0.051
0.0525
0.0543
0.06
0.051
0.0527
0.0514
0.0501
0.0525
0.0812
0.0602
0.0517
0.0536
0.0511
0.0518
0.0527
0.0528
0.0793
0.0802
0.0783
0.0519
0.0518
0.0756
0.0544
0.0772
0.0542
0.0604
0.0754
0.0532
0.0506
0.0516
0.0758
0.0495
0.0517
0.0783
0.0525
0.0557
0.0525
0.0542
0.059
0.0523
0.0548
0.0773
0.0519
0.0757
0.0614
0.0552
0.0602
0.08
0.0533
0.0532
0.0506
0.0522
0.0523
0.0523
0.0522
0.0538
0.0773
0.0764
0.0533
0.0518
0.0505
0.0558
0.0532
0.0517
0.0517
0.0773
0.0541
0.0544
0.0524
0.0524
0.0508
0.0516
0.0752
0.0532
0.052
0.0522
0.0516
0.0754
0.0775
0.0513
0.0579
0.0534
0.0668
0.0651
0.0796
0.0828
0.0916
0.0894
0.1155
0.1191
0.1042
0.0708
0.0792
0.0779
0.1051
0.1094
0.0562
0.0621
0.1055
0.105
0.0715
0.0541
0.0628
0.0681
0.0866
0.0568
0.0636
0.0805
0.0683
0.0667
0.0618
0.0552
0.0692
0.0986
0.0575
0.0751
0.0728
0.0692
0.0891
0.0824
0.0854
0.0896
0.0573
0.0728
0.0644
0.0774
0.0729
0.0828
0.0584
0.0588
0.0615
0.0609
0.0936
0.0742
0.0716
0.0711
0.0755
0.058
0.0648
0.0621
0.0654
0.0627
0.0801
0.0668
0.0618
0.0617
0.0741
0.0819
0.0562
0.082
0.0915
0.0793
0.0697
0.0538
0.0768
0.0557
0.0689
0.0578
0.0565
0.0542
0.0541
0.0705
0.0538
0.058
0.0815
0.0538
0.0525
0.0539
0.0547
0.0554
0.0532
0.0562
0.0712
0.061
0.09
0.08
0.0582
0.0551
0.0746
0.0743
0.0792
0.0536
0.054
0.0648
0.0575
0.0577
0.0768
0.0576
0.0599
0.0541
0.0584
0.0583
0.0569
0.054
0.0515
0.0518
0.0515
0.0578
0.053
0.0535
0.0512
0.0515
0.0537
0.0513
0.0511
0.0553
0.0501
0.0516
0.054
0.0541
0.0706
0.0787
0.0586
0.0539
0.0622
0.054
0.0559
0.0541
0.0554
0.0806
0.0534
0.0553
0.0845
0.056
0.057
0.054
0.0533
0.0561
0.0623
0.0725
0.0585
0.0554
0.0568
0.0571
0.0532
0.0531
0.0535
0.0533
0.0549
0.0531
0.0568
0.0556
0.0543
0.0527
0.0524
0.05
0.0526
0.052
0.0583
0.051
0.0545
0.0549
0.0515
0.0565

---------------------------------
VideoDecoderSubmitBuffers_D3D11_1
---------------------------------
1.6273
0.7158
0.6419
0.6069
0.7767
0.8169
1.3523
0.8305
0.668
0.5597
0.5389
0.5608
0.5928
0.609
0.8179
0.5889
3.4211
2.6967
3.2583
0.5356
0.5258
0.5117
2.5115
0.5824
0.4222
0.418
0.4147
0.4479
0.4203
0.411
0.4052
1.4402
0.4288
0.4135
0.4104
0.4169
0.4244
0.4137
0.4263
0.4021
0.4023
0.4161
0.41
0.3699
0.3718
0.3734
0.3717
0.3952
0.3831
0.3883
0.4011
0.4049
0.4007
0.4004
0.4028
0.4183
0.4078
0.3993
0.4
0.4034
0.4178
0.4204
0.3801
0.3848
0.3958
0.4392
0.4084
0.4797
0.4072
0.3867
0.4594
0.3867
0.3788
0.3854
0.3926
0.3938
0.3713
0.384
0.3763
0.3726
0.3748
0.3749
0.3708
0.3775
0.3733
0.3734
0.3789
0.3782
0.3854
0.3934
0.3741
0.3792
0.3702
0.3695
0.3711
0.3657
0.3683
0.6822
1.4719
0.4267
0.4008
0.379
0.3768
0.3796
0.3871
0.3853
0.8093
2.0579
0.4082
0.6527
0.8955
0.391
0.4671
0.3971
0.399
0.3812
0.4216
0.4881
0.3988
0.3792
0.3723
0.3886
0.3782
0.5677
0.4531
0.5354
0.5808
0.414
0.5742
0.4392
0.7406
2.2767
0.3982
0.5634
0.3911
0.5016
0.4211
0.3827
0.3829
0.5311
0.5792
0.584
0.5511
0.3954
0.3731
0.3749
0.3793
0.3828
0.3845
0.3816
0.3794
0.3968
0.3685
0.3689
0.3712
0.3693
0.3707
0.3819
0.3822
0.3814
0.3772
0.3763
0.3851
3.6171
0.403
0.4015
0.3956
0.3829
0.6211
0.5829
0.6018
0.4544
0.3993
0.5378
0.4387
0.3897
0.3841
0.568
0.7528
0.7123
0.712
0.7255
0.6526
0.6884
0.7377
0.7276
0.7249
0.6721
0.8548
0.6126
0.7657
0.8062
0.6713
0.7305
0.7825
0.5569
0.3915
0.3778
0.3769
0.4229
0.741
0.7737
0.7135
0.7101
0.7539
0.674
0.7659
0.771
0.6749
0.7656
0.7462
0.7739
0.7431
0.7055
0.712
0.7987
0.6963
0.7711
0.7293
0.7087
0.7209
0.7643
0.8015
0.7785
0.4326
0.3825
0.3848
0.6486
0.5828
0.4046
0.648
0.4492
0.5951
0.7277
0.7996
0.6777
0.7647
0.7516
0.7679
0.7752
0.7935
0.6664
0.8
0.7472
0.7348
0.7693
0.7908
0.6986
0.8139
0.3872
0.3798
0.3839
0.7011
0.7189
0.799
0.6818
0.7658
0.7678
0.7968
0.7323
0.8161
0.575
0.3717
0.7198
0.5892
0.6827
0.8286
0.7626
0.7547
0.7416
0.8021
0.74
0.8175
0.7725
0.3869
0.4614
0.3871
0.5901
0.4335
0.478
0.6961
0.7651
0.6944
0.7091
0.7653
0.7899
0.7375
0.8243
0.7641
0.7781
0.7811
0.8087
0.3816
0.426
0.3938
0.3609
0.3733
0.4213
0.3797
0.3713
0.4864
0.3942
0.3717
0.4248
0.3855
0.3781
0.3786
0.3741
0.3767
0.3827
0.4001
0.3735
0.389
0.3783
0.378
0.386
0.5995
0.3911
0.3997
0.3974
0.5084
0.4079
0.4417
0.3892
0.376
0.3916
0.3763
0.3931
0.3687
0.3846
0.5991
0.3833
0.3718
0.6568
0.4013
0.451
0.3896
0.3768
0.374
0.5912
0.3843
0.3731
0.5832
0.3927
0.3691
0.3714
0.3789
0.3748
0.4343
0.3895
0.3774
0.3845
0.3768
0.3755
0.6421
0.398
0.3715
0.3808
0.3733
0.3689
0.38
0.359
0.5811
0.5984
0.5865
0.3813
0.3855
0.5795
0.3823
0.5808
0.3812
0.3715
0.5829
0.3826
0.3715
0.3816
0.5727
0.3765
0.378
0.5796
0.3807
0.385
0.3705
0.375
0.3738
0.3788
0.3724
0.5802
0.3767
0.575
0.3831
0.3805
0.4372
0.6055
0.375
0.3825
0.3813
0.3845
0.3748
0.3835
0.3749
0.3733
0.5861
0.5786
0.3788
0.396
0.372
0.3651
0.369
0.37
0.3674
0.5733
0.3833
0.3725
0.3745
0.3779
0.3709
0.3702
0.5761
0.3765
0.3749
0.3747
0.3757
0.58
0.5767
0.3779
0.3913
0.3515
0.4061
0.389
0.4681
0.5319
0.5909
0.59
0.504
0.5975
0.6313
0.4205
0.4917
0.4203
0.6005
0.6209
0.4
0.401
0.5825
0.5749
0.4345
0.3947
0.4517
0.413
0.5807
0.4102
0.3925
0.5891
0.4437
0.4085
0.4463
0.3877
0.4124
0.6245
0.4824
0.497
0.4025
0.3889
0.5728
0.4721
0.5846
0.6077
0.477
0.585
0.603
0.5721
0.5467
0.4526
0.4371
0.4
0.4089
0.5069
0.7941
0.6006
0.4914
0.4233
0.5668
0.3987
0.3971
0.4343
0.4443
0.4481
0.6087
0.4036
0.5875
0.4052
0.568
0.5663
0.3947
0.5899
0.9439
0.4921
0.5208
0.4825
0.6278
0.4765
0.4189
0.5582
0.3885
0.3968
0.3778
0.4308
0.4234
0.3963
0.5899
0.3846
0.3765
0.3748
0.3882
0.3916
0.4247
0.4084
0.4023
0.5602
0.6793
0.4787
0.4453
0.4067
0.6162
0.5518
0.59
0.4401
0.4071
0.4446
0.3968
0.4301
0.6069
0.4253
0.4843
0.4247
0.4567
0.5974
0.3864
0.3908
0.3895
0.3792
0.3819
0.5383
0.3934
0.3795
0.383
0.3753
0.39
0.3854
0.3831
0.3817
0.3864
0.3807
0.3845
0.4707
0.4828
0.5542
0.528
0.3821
0.4862
0.3984
0.403
0.3838
0.3828
0.6852
0.3998
0.4345
0.6706
0.4151
0.3991
0.3822
0.3787
0.3944
0.5014
0.4694
0.5791
0.3953
0.3944
0.4854
0.3902
0.3864
0.3827
0.3838
0.3871
0.3982
0.4804
0.4133
0.3931
0.3856
0.3791
0.3914
0.3651
0.3776
0.4885
0.4003
0.371
0.4329
0.4346
0.4327

