---------------------------------------------
CalcPrivateVideoDecoderOutputViewSize_D3D11_1
---------------------------------------------
0.0018
0.0014
0.0013
0.0019
0.0014
0.001
0.0012
0.0008
0.0008
0.0013
0.0008
0.0007
0.0007
0.0014
0.0007
0.0014
0.001
0.0011
0.0011
0.0019
0.0009
0.0008
0.0011
0.0007
0.0007
0.0008
0.0007
0.0007
0.0013
0.0006
0.0008
0.0006
0.0009
0.0007
0.0007
0.0008
0.0007
0.0006
0.0006
0.0015
0.0007
0.0009
0.0013
0.0006
0.0007
0.0007
0.0007
0.0021
0.0016
0.001
0.0006
0.0008
0.0006
0.0006
0.0007
0.0007
0.0007
0.0006
0.0007
0.0007
0.0007
0.0007
0.0007
0.0015
0.0006
0.0008
0.0009
0.0007
0.0006
0.0006
0.0006
0.0006
0.0006
0.0006
0.0006
0.0005
0.0007
0.0007
0.0006
0.0006
0.0006
0.0006
0.0006
0.0006
0.0007
0.0006
0.0006
0.0009
0.001
0.0012
0.0017
0.0012
0.0008
0.0008
0.0016
0.0008
0.0008
0.0007
0.0008
0.0009
0.0007
0.0007
0.0013
0.0008
0.0009
0.0008
0.0009
0.0009
0.0022
0.0007
0.0008
0.0007
0.0012
0.0007
0.0007
0.0007
0.0007
0.0008
0.0006
0.0006
0.0008
0.0006
0.0008
0.0006
0.0006
0.0006
0.0007
0.0007
0.0006
0.0007

-----------------------
CodechalDecode::Execute
-----------------------
10.9403
9.2746
10.9742
9.2102
4.0034
0.7467
0.6429
0.5787
0.5215
0.5494
0.5073
0.5453
0.5131
0.5508
0.7698
0.5842
2.4854
2.628
0.5303
0.5184
0.5038
0.4941
0.5078
0.4971
0.3843
0.3938
0.3642
0.3677
0.3877
0.3777
0.3831
0.3831
0.387
0.4072
0.4207
0.4154
0.4238
0.4185
0.4152
0.4147
0.4002
0.4049
0.367
0.3664
0.3638
0.3711
0.3733
0.5292
0.4525
0.4456
0.4191
0.4185
0.4034
0.404
0.4063
0.405
0.3965
0.3959
0.4251
0.4142
0.4159
0.3973
0.3948
0.4055
0.3733
0.3737
0.3783
0.366
0.3671
0.3694
0.3696
0.3735
0.3974
0.3796
0.3751
0.3775
0.381
0.4008
0.3946
0.4035
0.4124
0.4197
0.4051
0.3991
0.4002
0.3811
0.3813
0.4507
0.3877
0.5496
0.4435
0.3969
0.3717
0.3694
0.3771
0.3731
0.3761
0.383
0.4035
0.4084
0.4034
0.7044
7.1381
4.9548
4.7149
0.8313
3.5493
0.3904
2.3084
5.9517
0.4469
0.4103
0.4101
0.3723
0.3795
0.3704
0.3686
0.3795
0.367
0.3784
0.3882
0.3828
0.3774
0.3896
0.3749
0.371
0.3714
0.3698
0.3745
0.3712

---------------------------------------
CodechalDecodeHevcG12::DecodeStateLevel
---------------------------------------
0.4549
4.3114
3.3989
0.236
3.7612
6.1701
5.8983
2.3572
0.2683
0.2172
0.2811
0.2102
0.2147
0.2092
0.2116
0.1764
0.2008
0.1963
0.2334
0.1922
0.1934
0.1926
0.2254
0.2001
0.1937
0.1973
0.2049
0.1701
0.2326
0.239
0.2387
0.1767
0.2378
1.836
0.2104
2.0943
0.2175
0.1641
0.1949
0.1866
0.1923
0.1751
0.1963
0.1613
0.2131
0.1568
0.2048
0.1586
0.1477
0.1214
0.1521
0.1233
0.1389
0.1173
0.1407
0.1177
0.149
0.1179
0.1451
0.1212
0.1479
0.1215
0.1459
0.1231
0.15
0.1219
0.1597
0.1258
0.159
0.1376
0.162
0.1264
0.1679
0.1281
0.1621
0.1271
0.1604
0.128
0.1581
0.1285
0.1552
0.1262
0.1666
0.1186
0.1409
0.1173
0.1408
0.1171
0.1388
0.1168
0.1408
0.118
0.1419
0.1185
0.2318
0.1244
0.1757
0.1308
0.1823
0.1257
0.1648
0.1276
0.1634
0.1278
0.1574
0.1255
0.1561
0.1255
0.158
0.1258
0.1622
0.1252
0.1538
0.1243
0.1536
0.1239
0.1706
0.128
0.1608
0.1313
0.1566
0.1311
0.1538
0.1242
0.1537
0.1237
0.155
0.1233
0.1452
0.1199
0.1451
0.1192
0.1433
0.1188
0.1397
0.1171
0.1403
0.1172
0.1423
0.1178
0.1403
0.1193
0.1436
0.1173
0.1492
0.1238
0.1445
0.1214
0.1443
0.1196
0.1449
0.1215
0.146
0.1212
0.1483
0.1272
0.1525
0.1244
0.1566
0.1256
0.1614
0.1269
0.1658
0.1269
0.1572
0.126
0.155
0.1244
0.1564
0.1247
0.1465
0.12
0.1457
0.1225
0.1507
0.133
0.1495
0.12
0.207
0.1834
0.1751
0.1243
0.1533
0.1199
0.1426
0.1178
0.1422
0.1177
0.1453
0.1186
0.1428
0.1172
0.1463
0.1201
0.1494
0.1205
0.1599
0.1262
0.158
0.1247
0.1582
0.1247
0.185
0.1302
0.1638
3.8236
0.1625
4.0976
0.163
3.83
0.1605
0.1478
0.1591
0.1226
0.1487
0.1215
0.2276
1.9269
0.1677
4.3033
0.176
0.1346
0.1632
0.1243
0.1557
0.12
0.1437
0.1188
0.1485
0.1215
0.1422
0.1194
0.1424
0.1188
0.1414
0.128
0.1414
0.1173
0.1467
0.1219
0.1457
0.1291
0.1491
0.1217
0.1466
0.1206
0.1537
0.1215
0.1442
0.1216
0.1422
0.1196
0.1437
0.1189
0.1426
0.1189
0.1446
0.12
0.1434
0.1193

-------------------------------------
CodechalDecodeHevcG12::SetFrameStates
-------------------------------------
5.9202
5.5158
0.914
0.7884
3.4013
0.1504
0.117
0.0927
0.0341
0.0332
0.0324
0.0321
0.0317
0.038
0.0599
0.0419
0.2877
0.1982
0.0401
0.0369
0.036
0.0354
0.0352
0.0338
0.0327
0.0335
0.0308
0.0311
0.034
0.0319
0.0322
0.0321
0.0328
0.0354
0.034
0.0359
0.0355
0.0358
0.0356
0.0344
0.0332
0.0333
0.0313
0.0306
0.0304
0.0305
0.0315
0.0476
0.0431
0.038
0.0355
0.0363
0.0338
0.0342
0.0348
0.0334
0.0339
0.0339
0.0373
0.0347
0.0344
0.0337
0.0332
0.0386
0.0318
0.0318
0.0338
0.0316
0.0309
0.0305
0.0312
0.0315
0.0323
0.0316
0.0316
0.0314
0.0327
0.0322
0.033
0.034
0.0347
0.0351
0.0342
0.0339
0.0337
0.0325
0.0322
0.0341
0.033
0.0444
0.041
0.0361
0.0328
0.0316
0.0332
0.0316
0.0324
0.0329
0.034
0.0361
0.0348
0.2826
3.0473
0.5997
0.6299
0.4131
3.1806
0.0339
0.0425
1.377
0.0386
0.0345
0.0458
0.0321
0.0316
0.0315
0.0313
0.0312
0.0314
0.032
0.0312
0.0328
0.0332
0.0324
0.0317
0.0317
0.0315
0.0312
0.0317
0.0315

--------------------------
CreateVideoDecoder_D3D11_1
--------------------------
13.9996

---------------------------
DestroyVideoDecoder_D3D11_1
---------------------------
0

----------------
First Frame Time
----------------
62.8241

--------------------------------------
VideoDecoderBeginFrame_WDDM2_4_D3D11_1
--------------------------------------
0.0078
0.0026
0.0025
0.0034
0.003
0.002
0.0019
0.0018
0.0018
0.002
0.0017
0.0019
0.0016
0.0024
0.0016
0.0035
0.0021
0.0027
0.0025
0.0032
0.0022
0.0019
0.0021
0.002
0.0019
0.002
0.0019
0.0018
0.0022
0.0018
0.0017
0.0017
0.002
0.0021
0.002
0.0019
0.0022
0.002
0.0022
0.0019
0.0018
0.0021
0.0025
0.0017
0.0018
0.0018
0.0017
0.0044
0.0031
0.0027
0.002
0.002
0.0019
0.0021
0.002
0.0019
0.0019
0.0019
0.002
0.0018
0.0018
0.002
0.002
0.0108
0.0017
0.0018
0.0021
0.0018
0.0017
0.0017
0.0018
0.0018
0.0019
0.0018
0.0017
0.0018
0.0018
0.0018
0.0018
0.0019
0.0021
0.0019
0.002
0.0019
0.0017
0.0018
0.0017
0.0019
0.0021
0.0026
0.0034
0.0023
0.002
0.0018
0.0029
0.0016
0.0018
0.0019
0.0019
0.002
0.0019
0.0021
0.0022
0.0025
0.0021
0.0017
0.0041
0.0018
0.0062
0.0018
0.002
0.0019
0.0024
0.0018
0.0018
0.0017
0.0018
0.0017
0.0017
0.0017
0.0017
0.0016
0.0018
0.0017
0.0017
0.0025
0.0017
0.0016
0.0017
0.0017

----------------------------
VideoDecoderEndFrame_D3D11_1
----------------------------
0.0355
0.0598
0.0854
0.0859
0.0643
0.0622
0.0639
0.1036
0.0612
0.0636
0.062
0.0625
0.0615
0.059
0.0637
0.0604
0.0602
0.0605
0.0563
0.0572
0.0558
0.058
0.0553
0.0564
0.0613
0.0568
0.0544
0.053
0.0557
0.0534
0.0545
0.0555
0.0528
0.0536
0.0556
0.0597
0.0597
0.0574
0.0562
0.0565
0.0563
0.053
0.0537
0.0515
0.0516
0.0547
0.0686
0.0597
0.0582
0.056
0.058
0.0579
0.0558
0.0559
0.0563
0.0545
0.0543
0.0572
0.0576
0.0564
0.058
0.0553
0.0556
0.0567
0.0546
0.0535
0.0532
0.0525
0.0542
0.0539
0.0548
0.0536
0.0542
0.0541
0.0527
0.053
0.0528
0.0567
0.0649
0.0546
0.0583
0.0648
0.0555
0.0564
0.0624
0.0549
0.0563
0.0722
0.06
0.0734
0.0585
0.0573
0.0546
0.0525
0.0557
0.054
0.0537
0.0538
0.0574
0.0604
0.0545
0.0544
0.0542
0.0517
0.0514
0.0745
0.0528
0.0723
0.1054
0.0546
0.0507
0.0777
0.0561
0.0525
0.0525
0.0523
0.0518
0.0526
0.0521
0.0521
0.0522
0.0533
0.0527
0.0547
0.0529
0.0527
0.0522
0.0536
0.0528
0.053

---------------------------------
VideoDecoderSubmitBuffers_D3D11_1
---------------------------------
11.0529
9.2911
10.9913
9.2339
4.0229
0.7619
0.6568
0.5924
0.5352
0.5629
0.5195
0.5588
0.5258
0.5651
0.7835
0.6051
2.5035
2.6463
0.548
0.5346
0.5186
0.5084
0.5236
0.5114
0.3983
0.4077
0.377
0.38
0.4008
0.3906
0.3955
0.3957
0.4004
0.4206
0.4342
0.4296
0.4383
0.4331
0.4298
0.4284
0.4135
0.4202
0.3811
0.3788
0.376
0.3837
0.3859
0.5567
0.4736
0.4651
0.4338
0.4331
0.4175
0.418
0.4201
0.419
0.4103
0.4096
0.4382
0.4276
0.4297
0.4112
0.4079
0.4239
0.3858
0.3865
0.3938
0.3788
0.3799
0.3817
0.3826
0.3859
0.4106
0.3926
0.3881
0.3895
0.3937
0.4136
0.4079
0.4173
0.4267
0.4339
0.4189
0.413
0.4135
0.3942
0.3938
0.4689
0.4039
0.5686
0.4661
0.4139
0.3854
0.3826
0.3922
0.3866
0.3895
0.397
0.4183
0.4233
0.4187
0.7204
7.1614
4.9726
4.7327
0.8472
3.5679
0.4053
2.3331
5.9689
0.4651
0.4264
0.4286
0.3871
0.3928
0.3837
0.382
0.3926
0.38
0.3915
0.4012
0.3966
0.3908
0.4031
0.3881
0.3839
0.3836
0.3821
0.3871
0.384

