---------------------------------------------
CalcPrivateVideoDecoderOutputViewSize_D3D11_1
---------------------------------------------
0.0022
0.0014
0.0013
0.0012
0.0019
0.001
0.0014
0.001
0.0009
0.0012
0.0008
0.0015
0.0009
0.0015
0.0008
0.0009
0.0007
0.0007
0.0007
0.0015
0.0007
0.0006
0.0006
0.0005
0.0005
0.0007
0.0008
0.0005
0.0014
0.0006
0.0008
0.0008
0.0007
0.0007
0.001
0.0008
0.0008
0.0007
0.0006
0.0007
0.0005
0.0006
0.002
0.0008
0.0006
0.0009
0.0006
0.0006
0.0006
0.0005
0.0006
0.0014
0.0011
0.0021
0.0009
0.0008
0.0007
0.0008
0.0006
0.0006
0.0008
0.0006
0.0007
0.0017
0.0007
0.0008
0.0007
0.0012
0.0008
0.0015
0.0009
0.0014
0.0015
0.0008
0.001
0.0015
0.0009
0.0007
0.0007
0.0015
0.0009
0.0007
0.0014
0.0008
0.0008
0.0006
0.0008
0.0009
0.0014
0.0009
0.0009
0.0006
0.0008
0.0005
0.0029
0.0008
0.0009
0.0007
0.0008
0.0007
0.0014
0.0008
0.0015
0.0009
0.0009
0.0007
0.001
0.001
0.0015
0.001
0.0011
0.0006
0.0006
0.0014
0.0008
0.0008
0.0006
0.0007
0.0014
0.0009
0.0011
0.0006
0.0009
0.0007
0.0009
0.0006
0.0008
0.0008
0.0007
0.0007
0.0009
0.0007
0.0009
0.0007
0.0007
0.0007
0.0008
0.0006
0.0008
0.0009
0.0007
0.0033
0.0008
0.0006
0.0008
0.0006
0.0007
0.0006
0.0008
0.0006
0.0015
0.001
0.001
0.0015
0.0009
0.0015
0.0009
0.0008
0.0008
0.0007
0.0007
0.0007
0.0006
0.0008
0.0006
0.0008
0.0006
0.0008
0.0007
0.0007
0.0006
0.0007
0.0006
0.0008
0.0007
0.0007
0.0006
0.001
0.0006
0.0015
0.0009
0.0015
0.001
0.0007
0.0007
0.0009
0.0005
0.0007
0.0006
0.0009
0.0006
0.0009
0.0006
0.0007
0.0007
0.0008
0.0007
0.0008
0.0006
0.0007
0.0006
0.0008
0.0009
0.0007
0.0007
0.0008
0.0006
0.0007
0.0007
0.0008
0.0008
0.0092
0.001
0.0009
0.0006
0.0008
0.0007
0.0008
0.0005
0.0009
0.0006
0.0007
0.0007
0.0007
0.0006
0.0008
0.0006
0.0007
0.0006
0.0005
0.0008
0.0008
0.0007
0.0007
0.0007
0.0009
0.0006
0.0007
0.0007
0.0008
0.0009
0.0008
0.0007
0.0006
0.0005
0.0006
0.0007
0.0006
0.0007
0.0006
0.0006
0.0006
0.0007
0.0006
0.0007
0.0006
0.0009
0.0006
0.0014
0.0006
0.0006
0.0006
0.0005
0.0007
0.0007
0.0006
0.0008
0.0006
0.0007
0.0006
0.0006
0.0006
0.0006
0.0006
0.0006
0.0006
0.0005
0.0007
0.0006
0.0006
0.0006
0.0008
0.0006
0.0007
0.0006
0.0006
0.0006
0.0006
0.0006
0.0006
0.0006
0.0006
0.0006
0.0006
0.0006
0.0006
0.0007
0.0007
0.0006
0.0006
0.0006
0.0006
0.0008
0.0005
0.0007
0.0006
0.0016
0.001
0.001
0.0007
0.0006
0.0007
0.0005
0.0006
0.0006
0.0006
0.0095
0.0006
0.0007
0.0006
0.0006
0.0006
0.0007
0.0005
0.0007
0.0006
0.0006
0.0007
0.0006
0.0006
0.0009
0.0007
0.0007
0.0007
0.0007
0.0007
0.0006
0.0006
0.0006
0.0007
0.0006
0.0007
0.0016
0.0027
0.0006
0.0008
0.0006
0.0007
0.0006
0.0006
0.0006
0.0006
0.0006
0.0007
0.0006
0.0007
0.0006
0.0007
0.0008
0.0007
0.0006
0.0005
0.0007
0.0008
0.0006
0.0006
0.0006
0.0006
0.0007
0.0006
0.0006
0.0006
0.0006
0.0006
0.0006
0.0006
0.0015
0.0009
0.0008
0.0006
0.0006
0.0006
0.0006
0.0006
0.0008
0.0006
0.0007
0.0006
0.0007
0.0006
0.0007
0.0007
0.0007
0.0007
0.0006
0.0007
0.0007
0.0006
0.0007
0.0006
0.0006
0.0006
0.0006
0.0008
0.0006
0.0008
0.0005
0.0006
0.0006
0.0006
0.0015
0.0009
0.0007
0.0006
0.0006
0.0006
0.0005
0.0006
0.0006
0.0006
0.0006
0.0005
0.0006
0.0006
0.0006
0.0007
0.0008
0.0006
0.0018
0.001
0.0007
0.0006
0.0006
0.0008
0.0006
0.0006
0.0006
0.0006
0.0006
0.0006
0.0007
0.0006
0.0006
0.0008
0.0017
0.0008
0.0006
0.0007
0.0006
0.0007
0.0005
0.0006
0.0006
0.0006
0.0006
0.0007
0.0005
0.0006
0.0007
0.0006
0.0007
0.0007
0.0007
0.0006
0.0008
0.002
0.0009
0.0011
0.0008
0.0006
0.0008
0.0006
0.0007
0.0006
0.0129
0.0007
0.0007
0.0012
0.0015
0.0008
0.0007
0.0007
0.0006
0.0008
0.0007
0.0007
0.0008
0.0008
0.0007
0.0006
0.0007
0.0009
0.0013
0.0008
0.004
0.0009
0.0009
0.001
0.0018
0.001
0.0012
0.0008
0.0012
0.0007
0.0008
0.0008
0.0007
0.0006
0.0006
0.0006
0.0019
0.001
0.0012
0.0017
0.0009
0.0015
0.0009
0.0014
0.0011
0.0007
0.0008
0.0011
0.0006
0.0015
0.0008
0.0007
0.0015
0.001
0.0007
0.0007
0.0015
0.0009
0.0014
0.001
0.0014
0.0009
0.0009
0.0007
0.0014
0.0009
0.0008
0.0008
0.0015
0.0009
0.0014
0.0012
0.0009
0.0015
0.001
0.0008
0.0007
0.0007
0.0006
0.0015
0.0009
0.0015
0.001
0.0009
0.0013
0.0008
0.0011
0.0009
0.001
0.002
0.001
0.0009
0.0006
0.0012
0.0008
0.0019
0.0009
0.0011
0.001
0.0015
0.001
0.0023
0.0011
0.0015
0.0017
0.0009
0.001
0.0013
0.0008
0.0007
0.0013
0.0008
0.0007
0.0007
0.0015
0.0009
0.0008
0.0006
0.0006
0.0007
0.0007
0.0011
0.001
0.0013
0.002
0.0013

-----------------------
CodechalDecode::Execute
-----------------------
6.999
10.9933
5.7665
17.3495
3.0484
0.7287
0.6892
0.7082
0.541
0.5397
0.5399
0.6005
0.5729
0.5329
0.5521
0.5392
0.5364
0.543
0.5586
0.5977
0.5413
0.5468
0.5489
0.5878
0.3981
0.3751
0.3679
0.3585
0.3623
0.3666
0.3754
0.3738
0.3657
1.8267
0.4081
0.3644
0.3669
0.3668
0.3676
0.3793
0.3827
0.3824
0.3994
0.3769
0.3765
0.3795
0.3776
0.3908
0.399
0.3717
0.3721
0.4115
0.3812
0.484
0.3885
0.3806
0.3582
0.3635
0.369
0.367
0.367
0.3724
0.3664
0.3726
0.3666
0.3763
1.6608
0.383
0.3804
0.4214
0.3923
0.3709
0.457
2.6392
0.4669
0.414
0.3772
0.365
0.371
0.4183
0.3797
0.3701
0.4195
0.3842
0.3757
0.3693
0.3735
0.3767
0.4164
0.3758
0.3756
0.3693
0.3686
0.37
0.4306
0.3767
0.3709
0.364
0.3714
0.4646
0.4145
0.3748
0.4122
0.3731
0.3716
0.4889
1.2626
0.3886
0.422
0.3864
0.3828
0.3739
0.3667
0.4226
0.3805
0.3757
0.3737
0.3656
0.4226
0.3838
0.3753
0.3668
0.3724
0.4281
0.3744
0.3698
0.3733
0.3666
0.3712
0.3642
0.3677
0.3671
0.3431
0.3667
0.3675
0.361
0.3674
0.3702
0.3703
0.3698
0.372
0.3687
0.3706
0.3631
0.37
0.3639
0.3701
0.3677
0.3728
0.3699
0.5421
1.3953
0.4045
0.4137
0.3756
0.4121
0.3741
0.3699
0.3685
0.3715
0.3643
0.3718
0.366
0.3706
0.3711
0.351
0.3698
0.3697
0.3662
0.3688
0.3683
0.3696
0.3641
0.3701
0.3651
0.3693
0.3652
0.3731
0.3676
0.4337
0.3772
0.41
0.3716
0.3684
0.3629
0.3708
0.3696
0.37
0.3671
0.3741
0.368
0.3723
0.3666
0.3712
0.3685
0.3693
0.3875
0.3719
0.3474
0.372
0.3642
0.3728
0.3762
0.3664
0.3718
0.3733
0.3622
0.3716
0.3629
0.3714
0.3729
0.4328
0.3774
0.3768
0.3672
0.3717
0.3672
0.371
0.3649
0.369
0.3689
0.3731
0.3656
0.3693
0.3688
0.3734
0.3764
0.3699
0.3677
0.3722
0.3924
0.3453
0.3615
0.3642
0.3566
0.3662
0.369
0.3763
0.3713
0.3708
0.3715
0.3738
0.3674
0.3649
0.3686
0.3629
0.3684
0.3668
0.3616
0.3646
0.3692
0.3794
0.3806
0.3644
0.367
0.3895
0.3857
0.3645
0.3667
0.3636
0.366
0.3721
0.3664
0.3771
0.3457
0.3683
0.3655
0.3593
0.3702
0.3708
0.3827
0.3674
0.3668
0.3683
0.3632
0.3678
0.3614
0.3631
0.3651
0.3632
0.3688
0.3758
0.3701
0.364
0.3659
0.3788
0.3679
0.3679
0.3764
0.373
0.391
0.3867
0.3634
0.3678
0.3732
0.3647
0.3724
0.3477
0.3718
0.3668
0.3723
0.3763
0.3723
0.3739
0.3757
0.3647
0.4505
0.3821
0.3874
0.3704
0.3682
0.3689
0.3684
0.3653
0.3875
0.3712
0.3759
0.3766
0.3792
0.3851
0.401
0.3706
0.3666
0.3673
0.3655
0.3785
0.3707
0.3694
0.3747
0.3678
0.3534
0.3666
0.3577
0.363
0.359
0.3631
0.3711
0.3643
0.3647
0.3657
0.3721
0.3682
1.6638
0.4043
0.3829
0.3753
0.3669
0.3673
0.3726
0.369
0.3766
0.3887
0.3705
0.3674
0.3667
0.3848
0.3851
0.3717
0.415
0.3681
0.3667
0.3797
0.3684
0.3645
0.3738
0.3615
0.3677
0.3667
0.365
0.3734
0.3677
0.3747
0.3883
0.3957
0.3882
0.3691
0.4408
0.3886
0.3707
0.3651
0.3668
0.4319
0.3689
0.374
0.3773
0.3605
0.3592
0.3691
0.3784
0.3622
0.3684
0.3738
0.3701
0.3797
0.386
0.369
0.3533
0.3744
0.3774
0.3763
0.3646
0.3763
0.3701
0.3713
0.3655
0.3657
0.3722
0.3638
0.3666
1.3238
0.4322
0.3879
0.3718
0.3698
0.3655
0.3718
0.3643
0.3989
0.3767
0.3667
0.3723
0.3842
0.3821
0.3974
0.3771
0.3722
0.3816
0.3556
0.4526
0.3585
0.369
0.3677
0.3732
0.372
0.3765
0.3699
0.3802
0.3675
0.3706
0.3725
0.3677
0.3738
0.3655
0.3832
0.3522
0.3754
0.3676
0.367
0.364
0.3592
0.3663
0.3696
0.375
0.3834
0.3668
0.369
0.3699
0.3623
0.366
0.3694
0.3671
0.3695
0.3532
0.3714
0.3633
0.4638
0.3997
0.3778
0.3717
0.3664
0.3815
0.38
0.3678
0.3713
0.3818
0.3715
0.3864
0.5743
0.3843
0.3718
0.3758
0.3703
0.3761
0.3695
0.3682
0.3714
0.3802
0.3694
0.3676
0.3642
0.3707
0.3736
0.3818
0.3809
0.368
0.3539
0.568
0.5597
0.4528
0.3866
0.3828
0.4002
0.3837
0.3723
0.367
0.367
0.3727
0.3656
0.3664
0.558
0.6456
0.3825
0.395
0.4317
0.3796
0.4188
0.3748
0.4198
0.3883
0.3613
0.3744
0.3612
0.3585
0.4123
0.3717
0.363
0.418
0.3851
0.3576
0.3764
0.4182
0.3718
0.4294
0.3824
0.4395
0.3782
0.3751
0.3712
0.4231
0.373
0.3731
0.3635
0.4185
0.3748
0.4687
0.39
0.401
0.4208
0.3777
0.3691
0.3624
0.3824
0.3632
0.4095
0.3769
0.5655
0.3822
0.3683
0.5578
0.3663
0.3881
0.3552
0.3962
0.4811
0.3968
0.3932
0.3644
0.5651
0.3711
0.5949
0.3803
0.5671
0.374
0.4091
0.3815
0.5793
0.3766
0.5647
0.6382
0.3816
0.3772
0.5585
0.3644
0.3612
0.5599
0.3688
0.376
0.3612
0.4554
0.3852
0.3797
0.3834
0.3885
0.3746
0.3545
0.4809
0.5569
0.4161
0.5287
0.5808

---------------------------------------
CodechalDecodeHevcG12::DecodeStateLevel
---------------------------------------
0.4596
5.4174
7.8988
2.3884
0.324
3.8115
5.4627
8.2484
0.2432
0.1865
0.2937
0.2074
0.2655
0.2124
0.2403
0.2391
0.2165
0.1963
0.2224
0.1912
0.2238
0.1928
0.2553
0.1867
0.2118
0.1754
0.2088
0.1755
0.2048
0.1754
0.2101
0.1749
0.2077
0.174
0.2072
0.1793
0.2245
0.1788
0.2279
0.1862
0.1959
0.1774
0.2063
0.1726
0.2121
0.1794
0.2099
0.2051
0.1532
0.123
0.1426
0.1177
0.1405
0.1134
0.1363
0.1144
0.136
0.1151
0.1383
0.1168
0.141
0.1244
0.1431
0.1196
0.1401
0.1151
0.2187
1.0914
0.1548
0.1252
0.1385
0.1158
0.1412
0.1158
0.138
0.1176
0.1394
0.115
0.1447
0.12
0.1446
0.1203
0.1457
0.1184
0.1525
0.1223
0.1428
0.1188
0.1428
0.118
0.1441
0.1198
0.1436
0.1176
0.152
0.1194
0.1538
0.1224
0.1415
0.1187
0.1433
0.1179
0.1556
0.122
0.144
0.1167
0.2035
0.1219
0.151
0.1176
0.1447
0.122
0.1375
0.1138
0.1386
0.1163
0.1423
0.1176
0.1412
0.116
0.1413
0.1175
0.144
0.1179
0.1401
0.117
0.142
0.1181
0.1418
0.1168
0.1434
0.1176
0.1669
1.1218
0.1456
0.119
0.1416
0.1176
0.161
0.1224
0.1461
0.13
0.1415
0.1178
0.1926
0.1254
0.1827
0.1375
0.1491
0.1872
0.1583
0.1214
0.1434
0.1179
0.1396
0.1161
0.1397
0.1166
0.1578
0.1218
0.1436
0.1166
0.1405
0.1177
0.1596
0.1245
0.147
0.1211
0.1435
0.1179
0.1419
0.1178
0.1424
0.1184
0.1426
0.1183
0.1591
0.1214
0.1428
0.1185
0.1438
0.1182
0.1403
0.1176
0.1394
0.1162
0.141
0.1176
0.161
0.1242
0.1437
0.1179
0.142
0.1174
0.1394
0.1175
0.1422
0.1164
0.1413
0.1109
0.1578
0.12
0.1429
0.1168
0.1571
0.1206
0.1411
0.117
0.141
0.1152
0.1476
0.1271
0.1421
0.9919
0.1489
0.1202
0.1604
0.1239
0.1495
0.1209
0.145
0.1193
0.1409
0.1181
0.14
0.1172
0.1614
0.124
0.1458
0.1191
0.1421
0.1183
0.1417
0.1181
0.139
0.1174
0.1594
0.1238
0.1464
0.1199
0.1426
0.1182
0.1403
0.1174
0.1427
0.1183
0.172
0.121
0.1418
0.1186
0.1392
0.1176
0.1425
0.1178
0.1402
0.1179
0.1408
0.1185
0.1382
0.1175
0.1406
0.1162
0.1408
0.1159
0.1335
0.1085
0.1391
0.1164
0.139
0.1159
0.1376
0.1148
0.1398
0.1163
0.1415
0.1179
0.1417
0.1158
0.1411
0.1185
0.1419
0.1175
0.1384
0.118
0.1408
0.1173
0.1386
0.1169
0.1406
0.1181
0.1397
0.1167
0.1405
0.1173
0.139
0.1182
0.1426
0.118
0.1406
0.1184
0.1662
0.1237
0.1455
1.1216
0.1467
0.1198
0.1576
0.1228
0.1444
0.118
0.1564
0.1203
0.1418
0.1171
0.1405
0.117
0.1431
0.1162
0.141
0.1176
0.1389
0.1173
0.1413
0.1174
0.1412
0.1164
0.1421
0.1166
0.1407
0.1176
0.1361
0.1115
0.1416
0.1166
0.1406
0.1156
0.1396
0.1172
0.1408
0.117
0.1393
0.1183
0.14
0.1165
0.1378
0.1178
0.1407
0.118
0.1396
0.1179
0.1403
0.1175
0.138
0.1181
0.1425
0.118
0.1407
0.1179
0.1758
0.1197
0.1448
0.1177
0.1564
0.1197
0.1408
0.1166
0.1394
0.1148
0.1378
0.1145
0.1401
0.1173
0.1403
0.1181
0.14
0.1176
0.14
0.1173
0.1423
0.1182
0.1396
0.1186
0.1418
0.117
0.1392
0.1174
0.1422
0.1172
0.1413
0.1176
0.1411
0.1162
0.1435
0.1187
0.141
0.1177
0.1346
0.1102
0.1412
0.1165
0.1369
0.119
0.1422
0.1177
0.1412
0.1184
0.1393
0.1159
0.1411
0.1184
0.1436
0.1167
0.137
0.1187
0.1415
0.1165
0.1388
0.1162
0.1406
0.118
0.1409
0.1175
0.1588
0.1329
0.1427
0.1186
0.143
0.118
0.1384
0.118
0.1414
0.1174
0.1405
0.1186
0.1419
0.1174
0.1394
0.1173
0.1406
0.116
0.1397
0.1189
0.1408
0.1188
0.1385
0.1178
0.14
0.1168
0.14
0.117
0.1429
0.1178
0.1418
0.1177
0.1407
0.1164
0.1386
0.1173
0.1412
0.1182
0.1585
0.1156
0.1327
0.1085
0.1376
0.1145
0.1383
0.1156
0.1354
0.1137
0.1391
0.1158
0.1401
0.1181
0.1449
0.1169
0.1411
0.1183
0.1404
0.1181
0.1418
0.1166
0.1423
0.1173
0.1412
0.117
0.1396
0.117
0.1387
0.1166
0.1377
0.1173
0.1428
0.1165
0.1397
0.1197
0.1374
0.1167
0.1391
0.1179
0.1408
0.1183
0.1479
0.1187
0.1495
0.1159
0.14
0.1163
0.1406
0.118
0.1419
0.1179
0.1418
0.1167
0.138
0.1173
0.141
0.1166
0.1393
0.1173
0.1385
0.117
0.1401
0.1165
0.1395
0.1181
0.1452
0.1183
0.1335
0.1114
0.1406
0.1172
0.1376
0.1166
0.1371
0.1176
0.141
0.1186
0.1417
0.1187
0.1516
0.1186
0.1401
0.1173
0.1381
0.1178
0.1414
0.1177
0.1391
0.1173
0.1417
0.1191
0.1381
0.116
0.1385
0.1167
0.139
0.1178
0.1383
0.116
0.1411
0.1176
0.1423
0.1189
0.1431
0.1168
0.1391
0.1166
0.1401
0.1164
0.1432
0.1204
0.139
0.1178
0.141
0.117
0.1433
0.1171
0.1432
0.119
0.1511
0.1227
0.147
0.119
0.1394
0.1159
0.1409
0.1184
0.1408
0.1182
0.1394
0.1176
0.142
0.1174
0.1359
0.1105
0.1433
0.1172
0.1369
0.118
0.1386
0.1242
0.1476
0.1187
0.1428
0.118
0.1406
0.1169
0.142
0.1186
0.1399
0.117
0.182
0.123
0.1484
0.1179
0.1505
0.1191
0.1413
0.1184
0.1396
0.1182
0.1422
0.1156
0.1387
0.1175
0.1398
0.1165
0.1401
0.1328
0.1423
0.1187
0.1409
0.1163
0.1417
0.1175
0.1451
0.1188
0.1483
0.1205
0.1531
0.1248
0.1437
0.1162
0.1395
0.1178
0.1402
0.1179
0.1403
0.1163
0.1404
0.1186
0.1414
0.1175
0.1425
0.1184
0.142
0.1196
0.1402
0.1152
0.1371
0.1101
0.1394
0.115
0.1357
0.1141
0.1387
0.1155
0.1376
0.1149
0.1378
0.1161
0.1429
0.1178
0.139
0.1162
0.1384
0.118
0.1392
0.1188
0.1415
0.1174
0.1404
0.1171
0.2058
1.0801
0.159
0.123
0.1407
0.133
0.1433
0.1181
0.1397
0.1183
0.141
0.1165
0.1411
0.1171
0.141
0.1179
0.1434
0.1208
0.1485
0.1208
0.1426
0.1172
0.1402
0.1179
0.141
0.1176
0.1414
0.1334
0.1413
0.1176
0.1437
0.1169
0.1683
0.116
0.1422
0.1176
0.1411
0.1163
0.1438
0.1183
0.1411
0.115
0.1372
0.1133
0.143
0.1203
0.1371
0.1156
0.141
0.1158
0.1401
0.1169
0.139
0.1168
0.1402
0.1186
0.1407
0.1176
0.1446
0.1191
0.15
0.1209
0.1557
0.1215
0.1443
0.1201
0.141
0.1167
0.1817
0.1219
0.1502
0.1195
0.1408
0.1175
0.1394
0.1171
0.1394
0.1176
0.182
0.1226
0.1401
0.118
0.1406
0.1181
0.1473
0.1158
0.1382
0.1145
0.1371
0.115
0.1386
0.1173
0.1526
0.116
0.1387
0.1149
0.1405
0.1173
0.1405
0.1188
0.1414
0.1181
0.1457
0.119
0.1501
0.1212
0.1401
0.1186
0.1346
0.1112
0.1425
0.1183
0.1434
0.1209
0.1419
0.1231
0.1392
0.1151
0.1403
0.1176
0.1418
0.1177
0.1402
0.1164
0.14
0.1164
0.1393
0.1142
0.14
0.1153
0.1384
0.1151
0.1396
0.1173
1.0658
0.1228
0.1663
0.1225
0.1483
0.1191
0.1423
0.1176
0.1414
0.1173
0.1387
0.1168
0.139
0.1174
0.1396
0.1173
0.1469
0.1283
0.1422
0.1196
0.1395
0.1168
0.1425
0.1178
0.1448
0.1182
0.1459
0.1192
0.1529
0.1219
0.1451
0.1207
0.1438
0.1169
0.143
0.1253
0.1353
0.1145
0.1816
0.1214
0.1379
0.1124
0.1393
0.1144
0.1368
0.115
0.1487
0.1179
0.1408
0.1181
0.1436
0.1207
0.1428
0.1163
0.1454
0.1189
0.1403
0.1175
0.1413
0.1174
0.1432
0.1188
0.1401
0.1171
0.1414
0.1174
0.1404
0.1175
0.1478
0.1193
0.1332
0.1173
0.1419
0.1177
0.1399
0.1173
0.1402
0.1159
0.1385
0.1155
0.1372
0.1144
0.1381
0.1157
0.142
0.1184
0.1423
0.1186
0.1411
0.1233
0.139
0.1163
0.1417
0.1172
0.1383
0.1195
0.1388
0.1166
0.1401
0.1173
0.143
0.119
0.1407
0.1171
0.1409
0.117
0.1362
0.1148
0.1401
0.1193
0.1395
0.1162
0.1895
0.1226
0.1512
0.1217
0.143
0.1155
0.1415
0.1164
0.1391
0.115
0.1475
0.1186
0.1442
0.1183
0.1403
0.1154
0.1402
0.1165
0.1416
0.1175
0.1418
0.1188
0.1416
0.1323
0.2149
0.1916
0.1395
0.1193
0.141
0.1183
0.1413
0.1178
0.1426
0.1168
0.1416
0.117
0.1401
0.119
0.1416
0.1177
0.1412
0.1178
0.1407
0.1166
0.1423
0.117
0.1398
0.1171
0.1398
0.1166
0.1423
0.1178
0.1422
0.1164
0.1426
0.1239
0.1405
0.1162
0.1394
0.1158
0.1353
0.1126
0.213
0.1968
0.2125
0.188
0.1815
0.1219
0.1467
0.1199
0.1442
0.12
0.1465
0.1192
0.1435
0.1183
0.14
0.1193
0.1397
0.1167
0.1407
0.1171
0.142
0.1178
0.1391
0.1168
0.1393
0.1176
0.2143
0.1891
0.2552
0.199
0.1472
0.1194
0.1535
0.1193
0.1665
0.126
0.1455
0.1205
0.1603
0.1226
0.1429
0.1192
0.1593
0.1259
0.1521
0.1173
0.1365
0.1171
0.1409
0.1162
0.1373
0.1157
0.1357
0.1151
0.1559
0.1212
0.1423
0.117
0.1363
0.116
0.1592
0.1225
0.1499
0.1188
0.1392
0.1151
0.1455
0.1189
0.1609
0.1227
0.1422
0.1176
0.1641
0.1264
0.1506
0.1193
0.1603
0.1438
0.1441
0.1183
0.1422
0.1175
0.1419
0.1177
0.1597
0.1307
0.1431
0.1182
0.1417
0.1169
0.1386
0.1174
0.1585
0.1229
0.1435
0.1198
0.1647
0.1492
0.1497
0.1165
0.1451
0.1353
0.1606
0.1212
0.1435
0.1191
0.1397
0.1156
0.1368
0.1154
0.1412
0.1201
0.1381
0.1166
0.155
0.1199
0.1446
0.1188
0.2115
0.1876
0.1456
0.1183
0.1404
0.1159
0.2139
0.1876
0.1393
0.1171
0.1419
0.1277
0.1383
0.1116
0.1573
0.1191
0.1988
0.1243
0.1539
0.121
0.151
0.1207
0.1394
0.1166
0.2124
0.1904
0.1425
0.1173
0.2255
0.193
0.1451
0.1185
0.2135
0.1933
0.1427
0.1161
0.1592
0.1216
0.1462
0.1188
0.2208
0.1911
0.1454
0.1188
0.2139
0.1927
0.2536
0.1969
0.1465
0.1201
0.1436
0.1193
0.2067
0.1899
0.1399
0.1151
0.1383
0.1161
0.2105
0.1917
0.1414
0.1165
0.1376
0.1281
0.1384
0.1148
0.1841
0.1251
0.1483
0.1181
0.1451
0.1189
0.1465
0.1233
0.1488
0.1236
0.1417
0.1176
0.1383
0.1125
0.1629
0.158
0.2107
0.1888
0.1613
0.1267
0.221
0.1391
0.2207
0.1898

-------------------------------------
CodechalDecodeHevcG12::SetFrameStates
-------------------------------------
0.8425
0.5853
1.5152
3.4959
2.4948
0.1217
0.1094
0.123
0.035
0.0334
0.0326
0.0389
0.0356
0.0338
0.033
0.0327
0.0334
0.0342
0.0339
0.0353
0.0332
0.0327
0.0329
0.0341
0.0351
0.0327
0.0324
0.0304
0.0318
0.0329
0.032
0.0317
0.0321
0.3939
0.0391
0.0327
0.0321
0.034
0.0313
0.0326
0.0327
0.0333
0.0355
0.0325
0.0331
0.0331
0.0327
0.0339
0.0379
0.0325
0.0317
0.0396
0.0342
0.044
0.0358
0.0335
0.0317
0.0327
0.0318
0.0322
0.0317
0.0326
0.0326
0.0347
0.0318
0.0357
0.2624
0.035
0.0415
0.0396
0.0342
0.0327
0.0391
2.22
0.0416
0.0397
0.0345
0.0319
0.0367
0.0394
0.039
0.0325
0.039
0.034
0.0329
0.0321
0.0321
0.0329
0.0396
0.0337
0.0329
0.0326
0.0327
0.0322
0.0463
0.0342
0.0326
0.0317
0.0323
0.1289
0.0395
0.0334
0.0382
0.0342
0.0329
0.1285
0.0333
0.0378
0.0398
0.0343
0.034
0.0372
0.032
0.0393
0.034
0.0341
0.0366
0.0323
0.0392
0.0367
0.0332
0.0323
0.0318
0.0433
0.0337
0.0371
0.0319
0.0315
0.0322
0.0318
0.0325
0.0318
0.0212
0.0321
0.032
0.0314
0.0323
0.0323
0.0325
0.0319
0.0318
0.0337
0.0319
0.0316
0.0322
0.0316
0.0343
0.0341
0.0327
0.0324
0.1517
0.0346
0.0379
0.039
0.0336
0.0384
0.0337
0.0324
0.0316
0.0329
0.032
0.0324
0.0314
0.0317
0.0326
0.0214
0.0321
0.0329
0.0322
0.032
0.0324
0.0328
0.032
0.0321
0.0317
0.0323
0.0322
0.0328
0.0317
0.0394
0.034
0.0399
0.0338
0.0325
0.0321
0.0323
0.0317
0.0321
0.0315
0.0326
0.0318
0.0327
0.0327
0.032
0.0321
0.0329
0.0382
0.0329
0.0216
0.0332
0.0319
0.0324
0.0326
0.0325
0.0328
0.0325
0.0308
0.0322
0.0314
0.0322
0.0323
0.0404
0.0344
0.0329
0.0323
0.0323
0.0319
0.0327
0.0317
0.0326
0.0319
0.0321
0.0316
0.0321
0.0324
0.032
0.0372
0.0324
0.0327
0.032
0.0335
0.0213
0.032
0.0319
0.0307
0.0312
0.0321
0.0324
0.0318
0.0323
0.0327
0.0327
0.0318
0.0314
0.0362
0.0318
0.0325
0.0313
0.0313
0.0317
0.0317
0.0327
0.0345
0.0313
0.0314
0.049
0.0332
0.0322
0.0311
0.0314
0.032
0.0361
0.0317
0.0327
0.0218
0.0318
0.0352
0.0307
0.0319
0.0319
0.0325
0.0323
0.0351
0.0317
0.0311
0.0308
0.0314
0.0314
0.0315
0.0311
0.0322
0.0331
0.0325
0.0316
0.0313
0.0339
0.0321
0.032
0.0371
0.0322
0.0335
0.0402
0.0316
0.0315
0.0362
0.0322
0.0329
0.0217
0.0322
0.0359
0.0317
0.0319
0.0328
0.0346
0.0328
0.0314
0.0407
0.0353
0.0336
0.0323
0.0318
0.0323
0.0369
0.0322
0.0319
0.0327
0.0334
0.037
0.0346
0.0339
0.0339
0.0325
0.0314
0.0316
0.0313
0.0374
0.0322
0.0315
0.0364
0.0333
0.0218
0.032
0.0305
0.031
0.0308
0.0316
0.032
0.0319
0.031
0.0311
0.0365
0.0322
0.2705
0.0356
0.0317
0.0333
0.0317
0.0318
0.0368
0.032
0.0329
0.0374
0.0323
0.0323
0.031
0.0317
0.0445
0.0328
0.0427
0.0314
0.0321
0.0367
0.0328
0.0219
0.0317
0.0326
0.0323
0.0323
0.0314
0.0369
0.0316
0.0317
0.032
0.033
0.0388
0.0323
0.0387
0.0329
0.0319
0.0311
0.032
0.04
0.0324
0.0366
0.0332
0.0315
0.0315
0.0314
0.0321
0.0317
0.0319
0.0364
0.0321
0.0333
0.0329
0.0317
0.0258
0.0333
0.0323
0.0319
0.0322
0.0369
0.032
0.032
0.0312
0.0328
0.0363
0.0317
0.0322
0.0528
0.0394
0.0372
0.0324
0.0325
0.0316
0.037
0.0314
0.0321
0.0371
0.0321
0.0323
0.0369
0.0354
0.0349
0.032
0.0328
0.0324
0.0306
0.0407
0.023
0.0327
0.0311
0.0314
0.0323
0.0327
0.0323
0.0363
0.0323
0.0327
0.0321
0.0324
0.0372
0.0313
0.0324
0.0309
0.0327
0.0318
0.0321
0.0314
0.0312
0.0351
0.0319
0.0321
0.037
0.0345
0.032
0.0352
0.0312
0.032
0.0313
0.0319
0.0323
0.0225
0.0352
0.0318
0.042
0.0348
0.0329
0.0328
0.032
0.0323
0.0322
0.0333
0.0359
0.0421
0.0321
0.0317
0.0476
0.0355
0.0324
0.0362
0.0319
0.0362
0.0317
0.0321
0.0325
0.0415
0.0317
0.0322
0.0314
0.0321
0.0328
0.0328
0.0411
0.032
0.0222
0.0445
0.0453
0.0416
0.035
0.0342
0.042
0.0347
0.0327
0.0319
0.0321
0.0322
0.0314
0.0316
0.0413
0.0538
0.035
0.0344
0.04
0.0339
0.0391
0.0345
0.039
0.0344
0.0319
0.0324
0.0318
0.0314
0.0381
0.0334
0.0323
0.0387
0.0344
0.0224
0.0329
0.0389
0.0337
0.0391
0.0338
0.0387
0.0343
0.0337
0.0311
0.0385
0.0333
0.0324
0.0314
0.0386
0.0333
0.0405
0.0381
0.0329
0.0402
0.0341
0.0334
0.032
0.0335
0.0324
0.0395
0.0346
0.0458
0.0355
0.0327
0.0455
0.0324
0.0337
0.0219
0.0333
0.0449
0.034
0.0339
0.0318
0.0452
0.0326
0.0505
0.0348
0.0443
0.0342
0.0377
0.0343
0.0477
0.034
0.0449
0.0515
0.0342
0.0335
0.0456
0.032
0.0312
0.0435
0.0321
0.0321
0.0318
0.0405
0.035
0.0333
0.033
0.0337
0.0331
0.0219
0.0395
0.044
0.0362
0.0545
0.0482

--------------------------
CreateVideoDecoder_D3D11_1
--------------------------
17.4931

---------------------------
DestroyVideoDecoder_D3D11_1
---------------------------
0

----------------
First Frame Time
----------------
61.9789

--------------------------------------
VideoDecoderBeginFrame_WDDM2_4_D3D11_1
--------------------------------------
0.0081
0.0029
0.0032
0.0023
0.0031
0.0026
0.0023
0.0019
0.0019
0.0022
0.0017
0.0028
0.0022
0.0028
0.002
0.002
0.002
0.0018
0.0019
0.0028
0.0019
0.0018
0.0018
0.0019
0.0018
0.0018
0.0019
0.0018
0.0028
0.0016
0.0018
0.002
0.0018
0.0018
0.0027
0.002
0.0018
0.0016
0.002
0.0019
0.0017
0.0018
0.004
0.0027
0.0017
0.0019
0.0018
0.0019
0.0017
0.0018
0.0018
0.0026
0.0023
0.0035
0.0022
0.0019
0.0018
0.0016
0.0017
0.0017
0.0017
0.0016
0.0017
0.0076
0.0019
0.0019
0.0018
0.0021
0.002
0.0027
0.002
0.0019
0.003
0.0023
0.0025
0.0027
0.002
0.0019
0.0017
0.0029
0.002
0.0017
0.0026
0.0018
0.0021
0.0016
0.0019
0.0017
0.0029
0.0018
0.002
0.0016
0.0018
0.0015
0.0038
0.002
0.0019
0.0016
0.0018
0.0016
0.0027
0.0019
0.0027
0.0019
0.0027
0.0019
0.0019
0.0025
0.0028
0.002
0.002
0.0016
0.0017
0.0027
0.0019
0.002
0.0016
0.0016
0.0027
0.0022
0.002
0.0017
0.0019
0.0016
0.0023
0.0017
0.0019
0.0016
0.002
0.0016
0.0019
0.0018
0.0017
0.0016
0.0018
0.0016
0.0019
0.0015
0.0018
0.0021
0.0019
0.0067
0.0018
0.0022
0.0017
0.0015
0.0018
0.0015
0.0018
0.0017
0.0027
0.0019
0.0023
0.0027
0.002
0.0027
0.0021
0.0019
0.0016
0.0019
0.0017
0.0017
0.0016
0.0017
0.0016
0.002
0.0015
0.0018
0.0016
0.0018
0.0017
0.0017
0.0017
0.0017
0.0016
0.0018
0.0015
0.0018
0.0016
0.0026
0.0021
0.0026
0.0027
0.0021
0.0017
0.0018
0.0016
0.0017
0.0015
0.0018
0.0016
0.0017
0.0015
0.0018
0.0015
0.0018
0.0015
0.0017
0.0017
0.0018
0.0015
0.0019
0.0019
0.0016
0.0018
0.0019
0.0015
0.0017
0.0015
0.0018
0.0016
0.0072
0.0019
0.0018
0.0017
0.0017
0.0015
0.0019
0.0015
0.0018
0.0018
0.0018
0.0015
0.0018
0.0016
0.0018
0.0016
0.0026
0.0017
0.0016
0.0021
0.002
0.0016
0.0018
0.0016
0.0018
0.0017
0.0018
0.0016
0.0018
0.0017
0.0019
0.0016
0.0016
0.0016
0.0016
0.0017
0.0017
0.0016
0.0016
0.0018
0.0016
0.0018
0.0016
0.0016
0.0015
0.0018
0.0016
0.0016
0.0015
0.0016
0.0017
0.0015
0.0019
0.0017
0.0018
0.0016
0.0016
0.0018
0.0018
0.0015
0.0016
0.0017
0.0016
0.0017
0.0016
0.0015
0.0016
0.0015
0.0016
0.0015
0.002
0.0016
0.0017
0.0016
0.0016
0.0016
0.0016
0.0015
0.0016
0.0017
0.0015
0.0015
0.0016
0.0017
0.0015
0.0018
0.0018
0.0017
0.0016
0.0015
0.0016
0.0017
0.0017
0.0019
0.0016
0.0029
0.0021
0.0021
0.0017
0.0016
0.0017
0.0015
0.0017
0.0017
0.0015
0.0079
0.0016
0.0016
0.002
0.0016
0.0016
0.0015
0.0016
0.0016
0.0015
0.0015
0.0017
0.0016
0.0016
0.0019
0.0016
0.0016
0.0016
0.0016
0.0016
0.0017
0.0017
0.0017
0.0016
0.0016
0.0018
0.0024
0.0021
0.0017
0.0018
0.0016
0.0018
0.0016
0.0016
0.0017
0.0017
0.0016
0.0015
0.0015
0.0017
0.0015
0.0016
0.0019
0.0015
0.0016
0.0016
0.0018
0.0017
0.0015
0.0016
0.0016
0.0017
0.0016
0.0015
0.0016
0.0018
0.0017
0.0018
0.0016
0.0016
0.0027
0.002
0.0016
0.0016
0.0016
0.0015
0.0017
0.0016
0.002
0.0017
0.0017
0.0016
0.0017
0.0016
0.0016
0.0016
0.0016
0.0019
0.0017
0.0016
0.0019
0.0017
0.0017
0.0016
0.0019
0.0015
0.0017
0.0019
0.0016
0.0018
0.0016
0.0017
0.0019
0.0016
0.0029
0.0019
0.0016
0.0016
0.0015
0.0016
0.0016
0.0017
0.0017
0.0017
0.0016
0.0015
0.0016
0.002
0.0016
0.0017
0.002
0.0017
0.003
0.0025
0.0018
0.0016
0.0016
0.0019
0.0017
0.0018
0.0015
0.0017
0.0018
0.0017
0.0016
0.0015
0.0016
0.0017
0.0035
0.002
0.0016
0.0017
0.0016
0.0017
0.0016
0.0024
0.0016
0.0018
0.0016
0.0016
0.0015
0.0015
0.0016
0.0016
0.0017
0.0017
0.0017
0.0015
0.0016
0.0032
0.002
0.0022
0.0018
0.0016
0.002
0.0016
0.0018
0.0016
0.0072
0.0016
0.0017
0.0024
0.003
0.002
0.0017
0.0016
0.0016
0.0017
0.0016
0.0016
0.0016
0.0016
0.0017
0.0015
0.0016
0.0021
0.0019
0.0018
0.0018
0.0019
0.0023
0.0025
0.0029
0.0019
0.0025
0.002
0.0021
0.0017
0.0016
0.0016
0.0017
0.0016
0.0017
0.0023
0.0034
0.002
0.0022
0.003
0.0019
0.0028
0.0019
0.0028
0.0023
0.0018
0.0028
0.002
0.0015
0.0026
0.0019
0.0018
0.0027
0.002
0.0019
0.0017
0.0027
0.0019
0.0028
0.002
0.0028
0.0021
0.0019
0.0017
0.0028
0.0019
0.0023
0.0018
0.0027
0.0019
0.0026
0.0036
0.0017
0.0029
0.0022
0.0019
0.0016
0.0018
0.0015
0.0026
0.0022
0.0026
0.0021
0.002
0.0025
0.0018
0.0021
0.0019
0.002
0.0037
0.0019
0.0018
0.0017
0.0025
0.0019
0.0029
0.002
0.0024
0.0019
0.0023
0.0022
0.0029
0.002
0.0028
0.0028
0.0021
0.0022
0.0025
0.0018
0.0017
0.0025
0.0019
0.0016
0.0017
0.0033
0.0022
0.0019
0.0017
0.0019
0.0019
0.0019
0.0025
0.0025
0.0021
0.0036
0.0031

----------------------------
VideoDecoderEndFrame_D3D11_1
----------------------------
0.0363
0.0551
0.0537
0.0817
0.0657
0.0588
0.0633
0.0643
0.0639
0.0603
0.0628
0.0561
0.0591
0.0578
0.0562
0.0564
0.0554
0.054
0.0566
0.0596
0.0557
0.0559
0.0569
0.0578
0.0564
0.0536
0.0527
0.0558
0.0534
0.0558
0.0542
0.0523
0.0526
0.057
0.0538
0.0535
0.052
0.0534
0.0533
0.0556
0.0533
0.0542
0.0568
0.0527
0.0526
0.0544
0.0538
0.0544
0.0559
0.0547
0.0644
0.0566
0.0549
0.0606
0.0555
0.0546
0.0514
0.0541
0.0538
0.0516
0.0519
0.0527
0.052
0.0544
0.0532
0.0526
0.0575
0.0512
0.0514
0.0587
0.0531
0.0573
0.0658
0.0596
0.0744
0.1068
0.0528
0.0549
0.0629
0.0532
0.0522
0.0517
0.055
0.0523
0.0514
0.0524
0.0506
0.0508
0.0548
0.0509
0.0512
0.0507
0.051
0.0719
0.0575
0.0524
0.0512
0.0507
0.0518
0.052
0.06
0.0799
0.054
0.0512
0.0505
0.0513
0.0563
0.0813
0.1078
0.0571
0.0561
0.0562
0.0561
0.0537
0.0529
0.0554
0.0558
0.0571
0.0546
0.0519
0.0539
0.0508
0.0508
0.0737
0.0511
0.0511
0.0511
0.0515
0.0528
0.0522
0.0529
0.0517
0.0513
0.0499
0.0505
0.0506
0.0566
0.0518
0.0514
0.0505
0.0505
0.0552
0.0503
0.0508
0.0543
0.0515
0.0513
0.0513
0.0523
0.0507
0.0557
0.0565
0.0726
0.104
0.0548
0.059
0.0522
0.0518
0.0511
0.0509
0.0504
0.0506
0.0503
0.0516
0.0511
0.051
0.0507
0.0519
0.0508
0.0511
0.0511
0.0501
0.0506
0.0519
0.0513
0.051
0.0502
0.0501
0.0515
0.0574
0.0553
0.0541
0.0526
0.0525
0.0516
0.0501
0.051
0.0503
0.05
0.0507
0.0502
0.0508
0.0523
0.0509
0.0507
0.0514
0.0505
0.0504
0.05
0.0511
0.0508
0.0536
0.0506
0.0496
0.0505
0.0505
0.0519
0.0517
0.0509
0.0511
0.0506
0.0597
0.0519
0.0521
0.051
0.052
0.0511
0.0509
0.0506
0.0502
0.0513
0.0505
0.0507
0.0512
0.0509
0.0505
0.05
0.0511
0.0504
0.0511
0.0531
0.0505
0.0504
0.052
0.0505
0.0504
0.0513
0.0586
0.0502
0.051
0.0518
0.0525
0.0502
0.0494
0.0514
0.0507
0.0527
0.059
0.0519
0.0512
0.0518
0.0556
0.0511
0.0503
0.0509
0.0569
0.0544
0.0588
0.05
0.0508
0.0514
0.0502
0.0499
0.0508
0.0505
0.05
0.051
0.0513
0.0501
0.05
0.0515
0.0507
0.0528
0.0514
0.0526
0.0501
0.0529
0.0509
0.0502
0.0522
0.0558
0.0498
0.0498
0.0534
0.0499
0.0505
0.0507
0.0504
0.0508
0.0505
0.0592
0.0521
0.0513
0.051
0.05
0.0504
0.0509
0.0505
0.0505
0.0516
0.0539
0.0516
0.0506
0.0508
0.0513
0.0515
0.0604
0.0529
0.0557
0.0525
0.0519
0.0507
0.0516
0.052
0.0522
0.0506
0.0525
0.05
0.0507
0.0513
0.0513
0.0508
0.0507
0.0503
0.0502
0.0502
0.0504
0.0504
0.0503
0.0516
0.0497
0.0543
0.0505
0.0507
0.05
0.0508
0.0511
0.0514
0.0546
0.0519
0.0504
0.0502
0.0524
0.0509
0.0746
0.0668
0.0505
0.0517
0.0516
0.0505
0.051
0.0503
0.0533
0.0512
0.0514
0.0513
0.0511
0.0504
0.0497
0.0554
0.0513
0.0518
0.0507
0.0508
0.0505
0.0526
0.0509
0.0514
0.0503
0.0503
0.053
0.0511
0.0609
0.0515
0.0514
0.0506
0.0541
0.056
0.0512
0.0511
0.052
0.0516
0.0502
0.0518
0.0525
0.0501
0.0556
0.0507
0.051
0.0515
0.0509
0.0514
0.051
0.0577
0.0503
0.0504
0.0506
0.0494
0.0501
0.0506
0.0516
0.0514
0.0508
0.0515
0.0502
0.0503
0.0521
0.0499
0.0502
0.0562
0.0561
0.0526
0.0511
0.0504
0.0501
0.051
0.0501
0.0543
0.0515
0.051
0.0497
0.0508
0.0508
0.0533
0.0508
0.0497
0.0504
0.0494
0.0535
0.0541
0.0547
0.0503
0.0499
0.0532
0.0502
0.0508
0.0514
0.0499
0.0575
0.05
0.0503
0.0514
0.0513
0.0515
0.0505
0.0509
0.0508
0.0516
0.0517
0.0505
0.0502
0.0504
0.0504
0.0513
0.0498
0.0507
0.0511
0.0507
0.051
0.0503
0.0513
0.0503
0.0509
0.0506
0.0503
0.0562
0.0529
0.0617
0.0507
0.0503
0.0514
0.0513
0.0509
0.0501
0.0672
0.05
0.0518
0.0743
0.0513
0.0508
0.0495
0.0501
0.0506
0.0519
0.0515
0.0513
0.0507
0.0508
0.0509
0.0508
0.0501
0.0535
0.054
0.0505
0.0512
0.051
0.073
0.074
0.0586
0.063
0.064
0.0628
0.05
0.0501
0.0502
0.0507
0.0501
0.0509
0.0506
0.0738
0.0832
0.0575
0.0523
0.0543
0.0573
0.0551
0.0543
0.0537
0.0522
0.0516
0.0547
0.0519
0.0536
0.0572
0.0541
0.0525
0.0536
0.0524
0.0524
0.053
0.0548
0.0554
0.0547
0.0558
0.0535
0.0531
0.0528
0.052
0.0583
0.0518
0.0555
0.056
0.0636
0.052
0.0805
0.0601
0.0564
0.0583
0.0537
0.0505
0.0563
0.0628
0.0607
0.0616
0.0557
0.0789
0.0577
0.0516
0.0758
0.0517
0.0566
0.0528
0.0572
0.059
0.06
0.0567
0.0508
0.0764
0.05
0.0803
0.051
0.0794
0.0543
0.0569
0.0527
0.0795
0.0524
0.0783
0.0837
0.0522
0.0535
0.0755
0.0518
0.0515
0.0767
0.0511
0.0517
0.0516
0.0568
0.0539
0.0526
0.0696
0.0649
0.0541
0.0563
0.09
0.0926
0.0876
0.103
0.1017

---------------------------------
VideoDecoderSubmitBuffers_D3D11_1
---------------------------------
7.1169
11.0109
5.7834
17.3693
3.0704
0.7449
0.7041
0.7227
0.5557
0.5545
0.5538
0.6201
0.5908
0.5476
0.5657
0.5535
0.5512
0.5577
0.5735
0.6137
0.5553
0.5608
0.5629
0.6023
0.4158
0.3887
0.3825
0.3709
0.3753
0.382
0.3885
0.3883
0.3795
1.844
0.4268
0.3853
0.3807
0.3793
0.3812
0.3926
0.3955
0.3955
0.4135
0.3894
0.3891
0.3927
0.3941
0.4043
0.4126
0.3842
0.3846
0.4307
0.3967
0.5092
0.404
0.3943
0.3714
0.3773
0.382
0.38
0.3796
0.3855
0.3798
0.3872
0.3797
0.3906
1.6763
0.3991
0.7262
0.529
0.7298
0.6956
0.6812
2.9009
0.483
0.4332
0.3913
0.3782
0.5005
0.7068
0.7477
0.7805
0.4387
0.3978
0.7363
0.7983
0.7542
0.8019
0.7289
0.7531
0.7122
0.7388
0.742
0.8147
0.6951
0.7375
0.7555
0.8086
0.6779
0.7034
0.4338
0.3887
0.4309
0.4819
0.4968
0.5877
1.4299
0.4041
0.4417
0.4008
0.5125
0.7421
0.7698
0.6991
0.7512
0.7375
0.814
0.8042
0.765
0.753
0.7454
0.7909
0.7575
0.9266
0.605
0.8122
0.7737
0.8059
0.7714
0.7972
0.3822
0.381
0.358
0.3803
0.6441
0.6487
0.735
0.6739
0.6994
0.7826
0.7503
0.7936
0.7646
0.8001
0.7659
0.786
0.7625
0.7929
0.7506
0.5371
0.5623
1.5505
0.4205
0.4324
0.3894
0.4318
0.3886
0.5622
0.7901
0.7686
0.8001
0.7681
0.7986
0.7582
0.5929
0.366
0.7603
0.7677
0.662
0.7599
0.6026
0.4587
0.7735
0.8032
0.6909
0.7628
0.7947
0.7161
0.7306
0.4525
0.3913
0.4338
0.3851
0.6509
0.7715
0.725
0.7678
0.7346
0.791
0.7581
0.7774
0.7419
0.7903
0.7531
0.7802
0.7442
0.8113
0.4842
0.362
0.6173
0.8348
0.5856
0.391
0.3797
0.3856
0.3875
0.7394
0.6462
0.7908
0.7608
0.7915
0.7111
0.7287
0.6849
0.7696
0.7682
0.8084
0.7744
0.8094
0.7609
0.7341
0.7457
0.8055
0.7407
0.7385
0.7209
0.7886
0.691
0.7579
0.7685
0.4075
0.3605
0.3749
0.378
0.5296
0.7594
0.6771
0.6066
0.7769
0.7757
0.8235
0.7689
0.7453
0.7565
0.8043
0.7851
0.3808
0.5507
0.7569
0.8024
0.7361
0.7892
0.7291
0.7741
0.761
0.7958
0.4005
0.377
0.3798
0.7026
0.7474
0.7805
0.7854
0.391
0.3598
0.3819
0.6565
0.8442
0.3835
0.3835
0.5283
0.3801
0.523
0.7629
0.376
0.5336
0.8073
0.3758
0.5673
0.734
0.7879
0.3906
0.3828
0.3764
0.7036
0.7753
0.7767
0.7297
0.7798
0.8062
0.4045
0.4749
0.7609
0.3805
0.514
0.7878
0.3862
0.3621
0.3856
0.6553
0.6724
0.389
0.3856
0.3904
0.3908
0.3768
0.4698
0.3967
0.4026
0.3832
0.4201
0.7683
0.8069
0.7175
0.4001
0.4948
0.7353
0.7911
0.7729
0.399
0.5336
0.7346
0.3792
0.5226
0.7461
0.7083
0.7839
0.3818
0.5177
0.5915
0.3693
0.3807
0.3697
0.3758
0.4277
0.3759
0.3841
0.6482
0.8351
0.7913
0.8221
0.5336
1.6846
0.4207
0.395
0.3888
0.5775
0.7681
0.7476
0.8029
0.3893
0.4861
0.7926
0.3797
0.5494
0.7748
0.7994
0.7157
0.4303
0.3811
0.3798
0.63
0.6734
0.3792
0.3865
0.561
0.3803
0.3792
0.6688
0.7805
0.7703
0.388
0.5524
0.7511
0.7481
0.6437
0.4601
0.4031
0.3852
0.4879
0.7838
0.8809
0.6952
0.7878
0.3923
0.3734
0.3721
0.7782
0.7468
0.7505
0.7173
0.7899
0.6805
0.3934
0.4551
0.6215
0.3909
0.4827
0.391
0.389
0.3805
0.6224
0.7327
0.3862
0.3785
0.3795
0.6014
0.6511
0.3804
1.3639
0.4527
0.4017
0.3837
0.6494
0.7367
0.7769
0.7606
0.4128
0.4426
0.7502
0.3854
0.4548
0.7926
0.4134
0.3902
0.5371
0.3961
0.6832
0.4747
0.3741
0.3841
0.38
0.5303
0.3858
0.3907
0.383
0.4521
0.7363
0.3844
0.386
0.4931
0.7496
0.7494
0.3977
0.3781
0.3903
0.5553
0.7099
0.7522
0.73
0.7882
0.7762
0.3882
0.444
0.7637
0.3819
0.5021
0.7752
0.3786
0.4687
0.7693
0.6011
0.4425
0.8085
0.7966
0.4869
0.414
0.3944
0.3852
0.5122
0.3956
0.4818
0.7062
0.785
0.729
0.3846
0.5068
0.8492
0.4714
0.7123
0.7889
0.7308
0.7775
0.7312
0.7751
0.7362
0.7997
0.7356
0.7804
0.79
0.3831
0.3885
0.3966
0.6407
0.6553
0.3691
0.5852
0.5877
0.4749
0.4011
0.398
0.6205
0.6653
0.7563
0.7406
0.7792
0.7386
0.7774
0.7416
0.9934
0.6696
0.3974
0.4104
0.4528
0.4715
0.4381
0.3884
0.4387
0.4092
0.374
0.3886
0.3741
0.3704
0.4312
0.3858
0.3754
0.437
0.399
0.3726
0.3889
0.4376
0.3853
0.4485
0.3963
0.4589
0.3927
0.3903
0.3831
0.4416
0.3861
0.3874
0.3752
0.4374
0.3877
0.49
0.4071
0.4144
0.4405
0.3918
0.3826
0.3756
0.397
0.3758
0.4287
0.3915
0.5857
0.4001
0.3807
0.5754
0.3798
0.4033
0.3707
0.4113
0.5051
0.4116
0.4077
0.3774
0.5831
0.3851
0.6168
0.3959
0.5853
0.3887
0.4264
0.3961
0.599
0.3909
0.5836
0.6637
0.3959
0.3923
0.5781
0.3786
0.3738
0.5783
0.3828
0.3892
0.374
0.4774
0.3994
0.3932
0.3964
0.402
0.3884
0.3693
0.501
0.5755
0.4322
0.5517
0.6009

