--------------------------
CreateVideoDecoder_D3D11_1
--------------------------
17.9023
17.6226
13.0042

---------------------------
DestroyVideoDecoder_D3D11_1
---------------------------
13.5073
13.151
0

----------------
First Frame Time
----------------
0

----------------------------
VideoDecoderEndFrame_D3D11_1
----------------------------
0.0027
0.003
0.0019
0.002
0.0022
0.0024
0.0024
0.0023
0.0016
0.0026
0.0021
0.0019
0.0019
0.0037
0.002
0.0019
0.002
0.0019
0.002
0.0037
0.002
0.0021
0.0019
0.0023
0.002
0.0019
0.0021
0.0024
0.004
0.002
0.002
0.0019
0.0021
0.0051
0.0019
0.002
0.0019
0.0023
0.0019
0.0019
0.0019
0.002
0.004
0.0021
0.002
0.002
0.0019
0.002
0.002
0.002
0.0019
0.0018
0.0018
0.002
0.002
0.0019
0.002
0.0019
0.0019
0.002
0.0019
0.0019
0.002
0.0039
0.0024
0.002
0.002
0.002
0.002
0.002
0.0018
0.0019
0.0018
0.0019
0.0018
0.002
0.0019
0.002
0.0019
0.0019
0.0021
0.0019
0.0019
0.0019
0.002
0.0019
0.0021
0.0025
0.002
0.0021
0.0019
0.0027
0.0026
0.002
0.0042
0.0024
0.0019
0.0023
0.0025
0.0018
0.0021
0.0019
0.0021
0.0019
0.0021
0.0021
0.0019
0.0022
0.0019
0.0019
0.0018
0.0018
0.0019
0.0023
0.0019
0.0019
0.002
0.0019
0.002
0.002
0.0019
0.0019
0.0018
0.0019
0.0022
0.0019
0.0019
0.0019
0.0021
0.0019
0.0021
0.002
0.0019
0.0021
0.002
0.0015
0.0013
0.0011
0.0011
0.001
0.0011
0.0032
0.0011
0.001
0.001
0.0013
0.0011
0.001
0.0011
0.0011
0.0011
0.0015
0.0013
0.0013
0.0011
0.0011
0.0018
0.0013
0.0017
0.0017
0.0015
0.0022
0.0024
0.0016
0.0021
0.0016
0.0012
0.0016
0.0013
0.0022
0.0012
0.002
0.0016
0.0021
0.0019
0.002
0.0019
0.0023
0.002
0.002
0.0018
0.0019
0.0019
0.0023
0.002
0.002
0.0026
0.0027
0.0021
0.002
0.0019
0.002
0.0021
0.002
0.0023
0.0019
0.0019
0.002
0.0019
0.0021
0.002
0.0016
0.002
0.002
0.0029
0.0022
0.0021
0.0018
0.0019
0.0023
0.0023
0.0113
0.002
0.0025
0.002
0.0023
0.0022
0.0019
0.002
0.0023
0.0019
0.0028
0.002
0.0022
0.002
0.0022
0.0021
0.0018
0.002
0.002
0.0019
0.0022
0.0021
0.0019
0.0018
0.002
0.0021
0.0025
0.002
0.0019
0.0019
0.0023
0.0028
0.002
0.0019
0.002
0.0019
0.0018
0.0022
0.002
0.0018
0.002
0.0019
0.0022
0.0018
0.0019
0.0018
0.0023
0.0023
0.0019
0.0019
0.0019
0.002
0.0019
0.0024
0.002
0.0019
0.002
0.0019
0.0023
0.0023
0.002
0.0019
0.002
0.002
0.0026
0.0022
0.0019
0.0019
0.002
0.0024
0.0018
0.0018
0.0019
0.0019
0.0022
0.0019
0.0018
0.0021
0.0018
0.0019
0.0026
0.0018
0.0019
0.0019
0.0019
0.0019
0.0021
0.0021
0.0019
0.0019
0.0018
0.002
0.002
0.002
0.0021
0.0019
0.0022
0.0018
0.002
0.002
0.002
0.0022
0.002
0.0019
0.0022
0.0228
0.0019
0.002
0.0019
0.002
0.0018
0.002
0.0021
0.0018
0.0018
0.0019
0.0021
0.002
0.0019
0.002
0.0019
0.0018
0.0019
0.002
0.0019
0.002
0.0019
0.002
0.0021
0.0019
0.0018
0.002
0.0019
0.0026
0.0021
0.0019
0.0019
0.0019
0.0019
0.0023
0.0019
0.002
0.0019
0.0019
0.0023
0.0018
0.0019
0.0023
0.0019
0.002
0.0024
0.0018
0.0019
0.0019
0.0019
0.0024
0.0018
0.0021
0.0024
0.0021
0.0019
0.0023
0.002
0.002
0.0019
0.0019
0.0021
0.002
0.0021
0.002
0.0026
0.0025
0.0022
0.002
0.0019
0.0019
0.0019
0.0025
0.002
0.0018
0.0019
0.0019
0.0022
0.002
0.002
0.0019
0.0019
0.0018
0.0021
0.0019
0.0019
0.002
0.0018
0.0022
0.0019
0.0018
0.0023
0.0019
0.0027
0.0021
0.0019
0.0019
0.0018
0.0019
0.0022
0.0019
0.0018
0.0019
0.0021
0.0023
0.0021
0.0019
0.002
0.002
0.0019
0.0021
0.0019
0.002
0.0021
0.0019
0.0022
0.0019
0.0019
0.002
0.0018
0.0021
0.0019
0.0019
0.0018
0.002
0.0018
0.0025
0.0019
0.0018
0.0021
0.0019
0.0019
0.0018
0.002
0.0018
0.0019
0.0019
0.0021
0.002
0.0019
0.0019
0.002
0.0025
0.002
0.002
0.0019
0.0023
0.002
0.0018
0.0019
0.0019
0.0019
0.0019
0.0022
0.002
0.0018
0.002
0.0018
0.0232
0.0019
0.0018
0.0021
0.0018
0.002
0.0023
0.0019
0.0022
0.0019
0.0019
0.002
0.002
0.002
0.002
0.0018
0.0025
0.0019
0.0018
0.002
0.002
0.0019
0.0021
0.002
0.0018
0.002
0.002
0.002
0.0019
0.0022
0.0019
0.0021
0.002
0.0019
0.0021
0.002
0.002
0.0018
0.0023
0.0019
0.0022
0.002
0.0019
0.0025
0.0019
0.002
0.0019
0.0019
0.0093
0.0021
0.0022
0.0018
0.002
0.0019
0.0025
0.002
0.002
0.0019
0.002
0.0023
0.0019
0.0024
0.0016
0.002
0.0021
0.0023
0.0019
0.002
0.002
0.002
0.0021
0.0019
0.002
0.0021
0.0021
0.0019
0.0023
0.0019
0.0019
0.0019
0.0019
0.0021
0.002
0.002
0.0018
0.0019
0.0022
0.002
0.0019
0.0019
0.0018
0.0019
0.0028
0.002
0.0019
0.0018
0.0019
0.0022
0.002
0.002
0.002
0.0019
0.0019
0.0023
0.002
0.0023
0.002
0.002
0.0021
0.002
0.002
0.002
0.0021
0.0019
0.002
0.002
0.0019
0.0021
0.0021
0.0024
0.002
0.0021
0.0019
0.002
0.0022
0.002

