---------------------------------------------
CalcPrivateVideoDecoderOutputViewSize_D3D11_1
---------------------------------------------
0.002
0.0013
0.0009
0.0019
0.0014
0.0018
0.0064
0.0008
0.001
0.0048
0.0014
0.0011
0.0013
0.0022
0.0011
0.0018
0.0012
0.0044
0.0012
0.0026
0.0009
0.0014
0.0008
0.0008
0.0014
0.0012
0.0017
0.001
0.0043
0.0012
0.0015
0.0014
0.0009
0.001
0.0008
0.0009
0.002
0.0024
0.001
0.0018
0.002
0.0017
0.0042
0.0018
0.0018
0.0019
0.0019
0.0014
0.0018
0.0021
0.0017
0.0021
0.0021
0.0021
0.0021
0.0013
0.0016
0.0016
0.0011
0.0015
0.0019
0.0022
0.0009
0.0047
0.0015
0.0016
0.0015
0.0015
0.0018
0.0025
0.001
0.0009
0.0014
0.0016
0.0016
0.0024
0.0017
0.0018
0.0016
0.002
0.0016
0.0015
0.0014
0.0015
0.0015
0.0015
0.0015
0.0016
0.0016
0.0017
0.0016
0.0016
0.0017
0.0021
0.0054
0.0015
0.0016
0.0016
0.0016
0.002
0.002
0.0015
0.002
0.0017
0.0016
0.0018
0.002
0.0015
0.0022
0.0016
0.0021
0.0024
0.0018
0.0016
0.0019
0.0016
0.0023
0.0016
0.0017
0.0009
0.0021
0.0019
0.0019
0.0021
0.0013
0.0012
0.0018
0.0039
0.0017
0.002
0.0036
0.0016
0.0018
0.0092
0.0018
0.0021
0.0015
0.0017
0.002
0.002
0.0009
0.0037
0.001
0.0016
0.0021
0.0015
0.002
0.0015
0.0016
0.0015
0.0019
0.0016
0.0018
0.0022
0.0015
0.0014
0.0018
0.0019
0.001
0.0021
0.0018
0.0018
0.0015
0.0012
0.002
0.0016
0.0019
0.0015
0.0015
0.002
0.0016
0.0015
0.0016
0.002
0.0016
0.0015
0.0021
0.0021
0.0016
0.0016
0.0015
0.0018
0.0016
0.0017
0.0016
0.0016
0.0019
0.0017
0.0017
0.002
0.0018
0.0018
0.0014
0.0016
0.0015
0.002
0.0016
0.0017
0.0012
0.0015
0.0016
0.0022
0.0013
0.0015
0.0016
0.0021
0.0017
0.0018
0.0014
0.0019
0.0019
0.006
0.0016
0.0015
0.0021
0.0021
0.0017
0.0017
0.0019
0.0016
0.0018
0.0018
0.0011
0.002
0.0019
0.002
0.0019
0.0012
0.0017
0.0011
0.002
0.0011
0.001
0.0024
0.0016
0.0017
0.0016
0.002
0.0018
0.001
0.0017
0.0015
0.0016
0.0017
0.002
0.0009
0.0015
0.0017
0.0019
0.0018
0.0018
0.002
0.0024
0.0017
0.0016
0.002
0.0015
0.0014
0.0021
0.0021
0.0021
0.0024
0.0015
0.0022
0.0018
0.0021
0.0013
0.002
0.0021
0.0017
0.0016
0.0009
0.002
0.0016
0.0012
0.0016
0.0019
0.0009
0.0019
0.0021
0.0018
0.001
0.0021
0.0022
0.0019
0.0013
0.0021
0.002
0.001
0.0016
0.0022
0.002
0.0013
0.0023
0.0019
0.0021
0.0019
0.0021
0.0029
0.0015

-----------------------
CodechalDecode::Execute
-----------------------
1.0597
0.7196
0.6937
0.3251
0.7559
0.9773
0.3111
0.2635
0.3206
0.274
0.2389
0.2589
0.2516
0.2379
0.237
0.2694
0.243
0.3248
0.265
0.2981
0.2436
0.279
0.2407
0.2788
0.272
0.2445
0.2674
0.2517
0.264
0.2517
0.265
0.2535
0.2497
0.2838
0.2392
0.2309
0.2915
0.2906
0.2454
0.291
0.2959
0.2449
0.3063
0.2793
0.2835
0.3013
0.3023
0.2485
0.2765
0.3001
0.2828
0.2872
0.3308
0.3223
0.2908
0.2429
0.2935
0.2694
0.2267
0.2681
0.2658
0.2774
0.2277
0.2711
0.2673
0.264
0.2467
0.2706
0.2977
0.2629
0.2462
0.2479
0.2613
0.2606
0.2623
0.2657
0.2639
0.2642
0.2657
0.2638
0.2667
0.265
0.2629
0.2661
0.2662
0.2641
0.2669
0.2666
0.2453
0.2626
0.2632
0.2577
0.2606
0.2651
0.2772
0.2647
0.2694
0.269
0.2604
0.2652
0.2616
0.2622
0.275
0.2656
0.2634
0.2668
0.2643
0.2447
0.3194
0.2738
0.2674
0.2654
0.2622
0.266
0.2705
0.2792
0.2677
0.2677
0.2675
0.2297
0.2673
0.2554
0.2613
0.3724
0.3711
0.281
0.2875
0.2836
0.2718
0.2646
0.2475
0.3825
0.2453
0.2609
0.2811
0.2662
0.2662
0.2751
0.2707
0.2904
0.2324
0.2796
0.2332
0.2681
0.2768
0.2703
0.2709
0.2385
0.2475
0.2796
0.2633
0.2755
0.2669
0.2736
0.2731
0.2385
0.2695
0.2866
0.2685
0.2698
0.2744
0.2767
0.2512
0.2357
0.2535
0.3142
0.2729
0.3375
0.2449
0.2691
0.2704
0.2661
0.2688
0.2663
0.2409
0.264
0.3601
0.2635
0.3044
0.3718
0.2708
0.235
0.3489
0.3328
0.2626
0.2674
0.2956
0.264
0.2695
0.2658
0.2513
0.2518
0.2382
0.2661
0.2675
0.2652
0.2664
0.269
0.2356
0.2671
0.265
0.2611
0.2373
0.2628
0.239
0.296
0.2725
0.244
0.3177
0.2612
0.3526
0.2648
0.3615
0.2345
0.2641
0.2651
0.2744
0.279
0.2694
0.2584
0.3708
0.2794
0.2528
0.3115
0.2872
0.2672
0.2665
0.2399
0.2762
0.2396
0.2753
0.2331
0.227
0.2479
0.2742
0.2671
0.2389
0.2752
0.2593
0.233
0.2789
0.2257
0.2673
0.2656
0.2874
0.2301
0.2487
0.2904
0.3401
0.267
0.2747
0.2964
0.2718
0.2777
0.2774
0.276
0.2744
0.2462
0.2958
0.2868
0.2733
0.2807
0.2559
0.2859
0.2697
0.3862
0.2515
0.2743
0.2636
0.2862
0.2783
0.2289
0.2764
0.2655
0.2326
0.2737
0.2737
0.2513
0.2875
0.2665
0.2811
0.2259
0.262
0.2599
0.266
0.2651
0.2652
0.2849
0.2271
0.2675
0.266
0.2661
0.2615
0.2627
0.2651
0.263
0.2651
0.2625
0.2628
0.265

---------------------------------------
CodechalDecodeHevcG12::DecodeStateLevel
---------------------------------------
0.1534
0.2558
0.4095
0.201
0.4402
0.1471
0.0631
0.1458
0.4644
0.1749
0.7332
0.1425
0.0686
0.143
0.0643
0.1059
0.0488
0.1608
0.0399
0.1281
0.034
0.1099
0.0335
0.1333
0.036
0.1172
0.0356
0.1085
0.0378
0.1069
0.0372
0.1223
0.0369
0.1132
0.0465
0.1589
0.0418
0.1224
0.0364
0.1546
0.0337
0.1147
0.0428
0.1275
0.0351
0.1141
0.0411
0.1272
0.0378
0.1262
0.0331
0.1173
0.0356
0.1264
0.0333
0.125
0.0391
0.1097
0.0348
0.1218
0.0414
0.1241
0.0379
0.1182
0.0362
0.1186
0.0397
0.1323
0.0331
0.1149
0.0303
0.1109
0.0405
0.1334
0.0426
0.1285
0.037
0.1128
0.0423
0.1313
0.0452
0.1251
0.0329
0.1133
0.0477
0.1253
0.0388
0.1265
0.0391
0.1269
0.0483
0.1251
0.0497
0.1245
0.0384
0.1133
0.0381
0.1254
0.0489
0.1248
0.04
0.1276
0.041
0.1287
0.0495
0.1423
0.0514
0.1389
0.0455
0.1259
0.0378
0.1087
0.0406
0.1327
0.0376
0.1223
0.0325
0.0975
0.0382
0.1213
0.0377
0.118
0.0445
0.1182
0.0346
0.1054
0.0429
0.1162
0.0376
0.1184
0.038
0.117
0.0382
0.107
0.0381
0.1231
0.059
0.1276
0.0382
0.1179
0.0349
0.1123
0.0314
0.1018
0.0366
0.1182
0.0378
0.1164
0.0386
0.1174
0.0383
0.1179
0.0377
0.1183
0.0394
0.1176
0.041
0.1167
0.04
0.1179
0.0397
0.1181
0.0388
0.1166
0.0374
0.1168
0.0388
0.1179
0.0383
0.1174
0.0398
0.1154
0.0408
0.1169
0.0406
0.1177
0.0369
0.1024
0.0376
0.1187
0.037
0.1205
0.038
0.1112
0.0382
0.1145
0.0388
0.1186
0.0422
0.1172
0.0398
0.1171
0.0381
0.1236
0.0382
0.1205
0.0371
0.1147
0.0383
0.1188
0.0372
0.1157
0.0383
0.1159
0.0444
0.1187
0.0409
0.1153
0.0374
0.1182
0.0377
0.1221
0.037
0.1173
0.0325
0.1073
0.0494
0.1372
0.0411
0.1197
0.0406
0.1161
0.0409
0.1157
0.0381
0.1159
0.0394
0.1184
0.041
0.1195
0.0398
0.1199
0.0387
0.1197
0.0397
0.1178
0.0482
0.1063
0.0338
0.1073
0.038
0.1204
0.0373
0.1101
0.0378
0.1136
0.0567
0.1663
0.0524
0.1768
0.0455
0.1266
0.0489
0.1184
0.0422
0.1207
0.0448
0.1186
0.0404
0.1206
0.0363
0.1128
0.0532
0.17
0.0373
0.1084
0.0437
0.1144
0.0474
0.1199
0.0412
0.1208
0.0391
0.1201
0.0396
0.1223
0.0391
0.1222
0.044
0.1298
0.0331
0.1083
0.042
0.1221
0.0356
0.1075
0.0407
0.1182
0.0398
0.1235
0.0387
0.1217
0.0381
0.1212
0.0322
0.1092
0.039
0.1
0.0409
0.1254
0.0402
0.1184
0.0424
0.1164
0.0384
0.118
0.0395
0.1224
0.0391
0.1218
0.0317
0.1115
0.0386
0.1208
0.0434
0.127
0.0466
0.1168
0.0408
0.1182
0.0403
0.1214
0.0393
0.1241
0.0346
0.1165
0.0332
0.1103
0.0373
0.1163
0.0518
0.1299
0.0421
0.1214
0.046
0.1593
0.0349
0.1121
0.04
0.1211
0.0402
0.121
0.0402
0.1189
0.0409
0.1217
0.0415
0.1182
0.0373
0.1082
0.0413
0.1147
0.048
0.1682
0.0391
0.1174
0.0498
0.1131
0.0501
0.1777
0.0389
0.1249
0.0352
0.1062
0.0516
0.1567
0.0439
0.1614
0.0377
0.1176
0.0389
0.1205
0.0465
0.1264
0.0395
0.1188
0.0409
0.1203
0.0412
0.1167
0.0397
0.1105
0.0385
0.1125
0.0344
0.1088
0.0396
0.118
0.039
0.1197
0.0388
0.119
0.0389
0.1187
0.0434
0.1172
0.0352
0.1073
0.0418
0.1163
0.0384
0.1173
0.0373
0.1166
0.0332
0.1092
0.0372
0.1196
0.033
0.1107
0.0483
0.1219
0.0408
0.117
0.0354
0.109
0.0422
0.147
0.0379
0.118
0.0453
0.1725
0.0391
0.1155
0.0495
0.1689
0.0341
0.1053
0.0405
0.1168
0.0406
0.1175
0.0396
0.124
0.0421
0.1214
0.0383
0.1229
0.0361
0.121
0.0496
0.1782
0.0455
0.1224
0.0362
0.1151
0.0504
0.13
0.0439
0.1209
0.0375
0.1222
0.0373
0.1198
0.0327
0.112
0.0391
0.1253
0.0338
0.1112
0.041
0.1222
0.0334
0.1053
0.0305
0.1062
0.0352
0.1134
0.0392
0.1227
0.0383
0.1204
0.0338
0.1117
0.0435
0.1197
0.041
0.106
0.0336
0.1098
0.0413
0.1264
0.0323
0.1059
0.038
0.1172
0.0379
0.1203
0.0426
0.1318
0.0333
0.1097
0.036
0.1126
0.0493
0.1215
0.0444
0.1691
0.0392
0.1193
0.0421
0.1213
0.0493
0.1203
0.0398
0.1198
0.0427
0.1211
0.0428
0.1229
0.0414
0.1213
0.0384
0.1251
0.0341
0.1156
0.0418
0.1296
0.0432
0.122
0.0396
0.1226
0.0422
0.1218
0.0381
0.1157
0.0408
0.1283
0.0377
0.123
0.0541
0.1741
0.0352
0.1151
0.0387
0.1262
0.0418
0.1054
0.0422
0.1285
0.0423
0.1224
0.0358
0.1012
0.0413
0.1192
0.0399
0.115
0.0324
0.109
0.0402
0.1231
0.0394
0.1231
0.0399
0.1071
0.0474
0.1198
0.0405
0.1164
0.0413
0.1257
0.0315
0.1084
0.0381
0.1157
0.0376
0.1135
0.0384
0.1188
0.043
0.1116
0.0402
0.1161
0.0468
0.1238
0.0316
0.1099
0.0376
0.1199
0.0376
0.1188
0.0383
0.1193
0.0411
0.1118
0.0395
0.1153
0.0403
0.1174
0.0391
0.1169
0.0373
0.1184
0.0378
0.1183
0.0384
0.1175
0.0383
0.1176

-------------------------------------
CodechalDecodeHevcG12::SetFrameStates
-------------------------------------
0.4191
0.0093
0.0078
0.0109
0.0094
0.009
0.0088
0.0071
0.01
0.0104
0.0075
0.0067
0.0073
0.0088
0.0084
0.0092
0.007
0.0113
0.0099
0.0099
0.0083
0.01
0.0063
0.0108
0.0087
0.0068
0.0082
0.0079
0.0107
0.0066
0.008
0.0072
0.0069
0.0097
0.0067
0.008
0.0105
0.0098
0.0085
0.0103
0.0128
0.0091
0.0148
0.0098
0.0097
0.0126
0.0128
0.0086
0.0097
0.0127
0.0096
0.0098
0.0133
0.0113
0.0098
0.0088
0.0113
0.0096
0.0094
0.0097
0.0094
0.0096
0.0072
0.0104
0.0113
0.0092
0.011
0.0096
0.0097
0.0095
0.0096
0.0286
0.0095
0.0094
0.0096
0.0102
0.0107
0.0094
0.0095
0.0093
0.011
0.0105
0.0107
0.0106
0.0111
0.0106
0.0103
0.0094
0.0095
0.0094
0.0095
0.0091
0.0093
0.0094
0.0136
0.0094
0.0094
0.0111
0.0099
0.0094
0.0094
0.0093
0.01
0.0096
0.0093
0.0094
0.0095
0.0086
0.0152
0.0121
0.0096
0.0098
0.0096
0.0097
0.0096
0.0129
0.0092
0.0095
0.0101
0.0075
0.0094
0.0092
0.0092
0.0135
0.0117
0.0108
0.0131
0.0128
0.0113
0.0098
0.0094
0.0118
0.0093
0.0094
0.0099
0.0089
0.0087
0.01
0.0096
0.0096
0.0099
0.0113
0.0078
0.0095
0.0098
0.0096
0.0095
0.0092
0.0096
0.0094
0.0097
0.0107
0.0093
0.0094
0.0096
0.0084
0.0096
0.0099
0.0097
0.0095
0.0097
0.0096
0.009
0.0079
0.0089
0.0132
0.0096
0.0119
0.0092
0.0101
0.0102
0.0094
0.0095
0.0096
0.009
0.0096
0.0118
0.0095
0.0126
0.0128
0.0097
0.0078
0.0129
0.0103
0.0093
0.0098
0.0127
0.0094
0.0099
0.0098
0.0095
0.0091
0.0088
0.0105
0.0107
0.0095
0.0103
0.0103
0.0087
0.0105
0.0105
0.0093
0.0089
0.0094
0.0091
0.0126
0.0121
0.0093
0.0133
0.0096
0.0113
0.011
0.0122
0.0089
0.0096
0.0097
0.0113
0.0094
0.0097
0.0094
0.0127
0.011
0.0092
0.0151
0.0126
0.0096
0.0096
0.0102
0.0098
0.0087
0.0097
0.0085
0.0083
0.0092
0.0105
0.0095
0.0084
0.0095
0.0095
0.0077
0.01
0.0073
0.0099
0.0095
0.0103
0.0073
0.0091
0.0127
0.01
0.01
0.0098
0.0125
0.0096
0.0097
0.01
0.0095
0.0098
0.0092
0.0119
0.0126
0.0095
0.0098
0.0094
0.0109
0.0097
0.0152
0.0115
0.0099
0.0098
0.0097
0.0096
0.0073
0.0096
0.0093
0.0077
0.0097
0.0095
0.0108
0.0128
0.0095
0.0098
0.0075
0.0094
0.0094
0.0093
0.0116
0.0094
0.0101
0.0075
0.011
0.0094
0.0094
0.0117
0.0096
0.0096
0.0094
0.0107
0.0094
0.0096
0.0106

--------------------------
CreateVideoDecoder_D3D11_1
--------------------------
20.1414
18.6663
15.2383
12.4745

---------------------------
DestroyVideoDecoder_D3D11_1
---------------------------
13.9102
13.5145
39.5343
0

---------------------
DxvaEncodeHEVC_Create
---------------------
19.9728
18.5033
15.0844

-----------------------
DxvaEncodeHEVC_EndFrame
-----------------------
0.0016
0.0012
0.0012
0.0013
0.001
0.001
0.0016
0.0007
0.0008
0.0015
0.0007
0.0007
0.0006
0.0022
0.0009
0.0007
0.0008
0.0006
0.0008
0.0023
0.0009
0.0006
0.0005
0.0008
0.0007
0.0007
0.0006
0.0007
0.0034
0.0006
0.0006
0.0005
0.0005
0.0008
0.0006
0.0005
0.0006
0.0009
0.0007
0.0008
0.0006
0.0006
0.0016
0.0006
0.0008
0.0006
0.0008
0.0007
0.0006
0.0007
0.0006
0.0006
0.0009
0.0008
0.0009
0.0008
0.0009
0.0008
0.0008
0.0009
0.0008
0.0008
0.0007
0.003
0.0008
0.0007
0.0008
0.0008
0.0007
0.0008
0.0008
0.0008
0.0008
0.0008
0.0008
0.0008
0.0008
0.0008
0.0008
0.0008
0.0007
0.0008
0.0008
0.0009
0.0009
0.0008
0.0008
0.0009
0.0009
0.0009
0.0009
0.0008
0.0009
0.0009
0.0037
0.0006
0.0009
0.0008
0.0007
0.0009
0.0009
0.0008
0.0008
0.0008
0.0007
0.0009
0.0008
0.0008
0.0008
0.0008
0.0009
0.0008
0.0008
0.0009
0.0008
0.0008
0.0008
0.0008
0.0009
0.0009
0.001
0.0006
0.0009
0.0011
0.0007
0.0008
0.0009
0.0012
0.0008
0.0009
0.0008
0.001
0.0008
0.0007
0.0009
0.0008
0.0006
0.0008
0.0008
0.0007
0.0009
0.0034
0.0008
0.0007
0.0008
0.0009
0.0007
0.0008
0.0008
0.0016
0.0007
0.0006
0.0008
0.0006
0.0005
0.0009
0.0007
0.0006
0.0006
0.0008
0.0008
0.0008
0.0008
0.0008
0.0008
0.0009
0.0008
0.0011
0.0013
0.0007
0.0009
0.0008
0.0009
0.0008
0.0013
0.0012
0.0008
0.0008
0.0008
0.0008
0.0008
0.0008
0.0008
0.0009
0.0009
0.0009
0.0008
0.0009
0.0007
0.0008
0.0009
0.0008
0.0009
0.0007
0.0009
0.0008
0.0008
0.0008
0.0009
0.0008
0.0008
0.0008
0.0009
0.0008
0.0007
0.0009
0.0016
0.0009
0.0009
0.0008
0.0008
0.0052
0.0008
0.001
0.0008
0.0008
0.0008
0.0008
0.0013
0.0009
0.0008
0.0009
0.0008
0.0008
0.0008
0.0008
0.0009
0.0008
0.0008
0.0008
0.0008
0.0008
0.0008
0.0008
0.0008
0.0007
0.0008
0.0008
0.0009
0.0009
0.0009
0.0006
0.0009
0.0013
0.0008
0.0012
0.0008
0.0008
0.0008
0.0009
0.0007
0.0007
0.0006
0.0008
0.001
0.0009
0.0007
0.0007
0.0006
0.0008
0.0006
0.0008
0.0008
0.0009
0.0009
0.0007
0.0008
0.0007
0.0006
0.0006
0.0008
0.0007
0.0007
0.0006
0.0009
0.0008
0.0008
0.0007
0.0009
0.0009
0.0009
0.0009
0.0007
0.0008
0.0007
0.0008
0.0008
0.0008
0.0007
0.0008
0.0008
0.0009
0.0009
0.0009
0.0008
0.0008
0.0008
0.0007
0.0007
0.0006

----------------------
DxvaEncodeHEVC_Execute
----------------------
0.0028
0.0012
22.4154
6.4163
0.4972
6.1167
0.5412
1.6168
0.9848
1.2312
0.3399
1.2821
0.3429
1.1119
0.2566
1.8398
0.0272
0.7901
0.0157
0.7783
0.0165
0.8222
0.0139
0.7482
0.0132
0.7453
0.0132
0.7505
0.0167
0.9962
0.0338
0.8262
0.0198
0.946
0.0176
0.7745
0.0162
0.9015
0.0199
0.8018
0.0211
0.7744
0.0322
0.869
0.0158
0.7871
0.0169
0.8733
0.0155
0.8003
0.0262
0.8137
0.0197
0.7836
0.024
0.8505
0.0173
0.8054
0.0206
0.8273
0.0307
0.8591
0.0239
0.7548
0.0154
0.7527
0.0141
0.8333
0.0166
0.7361
0.0122
0.7638
0.0167
0.7332
0.0169
0.8524
0.0307
0.7534
0.0126
0.7845
0.0186
0.7704
0.016
0.7676
0.0182
0.722
0.0136
0.7683
0.0165
0.785
0.0146
0.7369
0.0136
0.7906
0.0202
0.7826
0.0192
0.7989
0.0188
0.7935
0.0235
0.7788
0.013
0.7617
0.0131
0.8251
0.0149
0.8129
0.0132
0.8916
0.0142
0.815
0.0141
0.8929
0.0134
0.8015
0.0138
0.7399
0.0132
0.886
0.0159
0.8528
0.0135
0.8824
0.0138
0.7302
0.0138
0.8242
0.0132
0.8831
0.0159
0.7317
0.0133
0.812
0.0139
1.7306
0.0139
0.7895
0.0132
1.4662
0.0139
0.8115
0.0137
1.3817
0.0136
1.3734
0.0135
1.3675
0.014
0.8067
0.0136
0.8408
0.0142
0.819
0.0137
0.813
0.0133
0.8027
0.0146
0.8106
0.0134
0.8121
0.0138
0.8169
0.0138
0.8155
0.0149
0.8134
0.0137
0.8067
0.0136
0.815
0.0135
0.812
0.0133
1.3768
0.0132
0.8833
0.0135
0.8211
0.0132
0.7853
0.0136
0.9529
0.0156
0.7937
0.0139
0.8957
0.0153
0.8875
0.0134
0.7529
0.0151
0.8824
0.0147
0.8409
0.0134
0.76
0.0126
0.833
0.0163
0.8235
0.0134
0.8688
0.0133
0.8121
0.0136
0.8163
0.0137
1.1018
0.0155
0.858
0.0135
0.8334
0.0134
0.8076
0.0139
0.81
0.0136
0.8088
0.0133
0.8736
0.0134
0.8468
0.0141
0.8098
0.014
0.8123
0.0135
0.865
0.0137
0.7794
0.0134
0.8655
0.0136
0.8472
0.0169
0.8013
0.013
0.8539
0.0136
0.78
0.024
0.8007
0.8966
0.0146
0.8257
0.0172
0.7961
0.0131
0.8542
0.0145
0.8193
0.0167
1.2684
0.0185
0.8481
0.0145
0.8661
0.0159
0.8387
0.0171
1.183
0.0166
0.8543
0.0172
0.7656
0.0132
0.8419
0.0209
0.7519
0.013
0.7327
0.0123
0.8263
0.0139
0.8315
0.0168
0.8926
0.0127
0.8175
0.0147
0.7788
0.0149
0.7797
0.0154
0.7524
0.0148
0.8242
0.0139
0.8183
0.0138
0.7915
0.0123
0.8376
0.0181
0.8257
0.0145
0.7924
0.014
0.7439
0.0133
0.7372
0.012
0.8405
0.017
0.7953
0.0121
0.7563
0.0122
0.8417
0.0189
0.742
0.0127
0.7293
0.0131
0.7884
0.0149
0.8315
0.0148
0.8422
0.0138
0.8365
0.0139
0.789
0.0139
0.885
0.0138
0.9437
0.017
0.9093
0.014
0.8394
0.0144
1.1793
0.0179
1.1091
0.0183
0.7882
0.0132
0.825
0.014
0.8859
0.0139
0.8838
0.0134
0.8509
0.0135
1.1268
0.0185
1.1881
0.0185
0.8012
0.0136
0.8173
0.0137
0.827
0.0136
0.8589
0.0138
0.8252
0.0135
0.8429
0.0136
0.8855
0.0141
1.0505
0.0137
0.9106
0.0142
0.9921
0.0137
0.825
0.014
0.9141
0.0138
0.816
0.0137
0.8799
0.0145
0.8221
0.0139
0.8189
0.0137
0.8183
0.0142
0.811
0.0138
0.8134
0.0141
0.8882
0.0133
0.8131
0.0139
0.8184
0.0141
0.8155
0.0138
0.8728
0.0141
0.7945
0.0133
0.8168
0.0139
0.8219
0.0154
0.8397
0.0136
0.843
0.0141
0.8304
0.0132
0.8143
0.0131
0.8469
0.014
0.8476
0.0147
0.8122
0.0149
0.8103
0.0142
1.1558
0.018
0.9056
0.0142
0.895
0.0203
0.826
0.0149
0.8405
0.0143
0.868
0.014
0.8619
0.0173
1.1655
0.0179
1.2426
0.0152
0.8308
0.0142
0.8513
0.0158
0.8804
0.0153
0.8113
0.0136
0.9032
0.0139
0.8074
0.0138
0.9009
0.0146
0.8104
0.0136
0.8968
0.014
0.8809
0.0136
0.8184
0.0135
0.8687
0.0138
0.8532
0.0137
0.8144
0.0134
0.8169
0.0134
0.7974
0.0132
0.8577
0.0133
0.7603
0.0131
0.868
0.0144
0.835
0.0137
0.7505
0.0158
0.7777
0.0132
0.8189
0.017
1.196
0.0175
0.8633
0.0145
1.1745
0.0177
0.9815
0.0155
0.8205
0.0138
0.8169
0.0158
0.8117
0.0282
0.8254
0.0145
0.7849
0.0161
0.7381
0.0188
0.7778
0.0226
0.9015
0.0175
0.8336
0.0147
0.7741
0.0128
0.756
0.0138
0.7468
0.016
0.8277
0.0158
0.7327
0.0124
1.2639
0.0174
0.9188
0.0189
0.8355
0.0141
0.7794
0.0128
0.7328
0.0127
0.7617
0.0145
0.7309
0.0128
0.771
0.0153
0.7315
0.012
0.7992
0.0152
0.7763
0.0126
0.8246
0.0126
0.7323
0.0123
0.8409
0.0142
0.8045
0.0133
0.8402
0.0132
0.7257
0.0124
0.8703
0.0144
0.8437
0.0142
0.8148
0.0135
0.8186
0.0138
0.875
0.0139
0.8183
0.0133
0.7255
0.0129
0.8542
0.0135
0.9046
0.0136
0.8182
0.0133
0.8319
0.0134
0.8156
0.0142
0.8118
0.0136
0.8185
0.0142
0.8898
0.0137
0.8789
0.0136
0.8103
0.0135
0.8199
0.0135
0.8793
0.0136
0.7955
0.0139
0.7782
0.0129
0.716
0.0119
0.0173

----------------
First Frame Time
----------------
141.3

----------------------
HEVC_QueryStatusReport
----------------------
0.495
0.5389
0.9827
0.3383
0.3414
0.2552
0.025
0.0144
0.0153
0.0127
0.0119
0.0123
0.0133
0.0324
0.0186
0.0164
0.0151
0.0187
0.0195
0.0291
0.0146
0.0158
0.0139
0.0248
0.0184
0.0227
0.0161
0.0192
0.0294
0.0227
0.0144
0.0129
0.0153
0.0112
0.0155
0.0156
0.0295
0.0114
0.0174
0.0149
0.0168
0.0124
0.0153
0.0132
0.0124
0.0168
0.0179
0.0175
0.0221
0.0119
0.0118
0.0136
0.0121
0.0129
0.0129
0.0121
0.0126
0.0121
0.0147
0.0123
0.0126
0.0126
0.012
0.0146
0.0114
0.0126
0.0126
0.012
0.0127
0.0125
0.0124
0.0123
0.0128
0.0124
0.013
0.0126
0.0121
0.0132
0.0123
0.0126
0.0127
0.0128
0.0124
0.0124
0.0124
0.0121
0.012
0.0121
0.012
0.0124
0.0143
0.0127
0.014
0.012
0.014
0.0134
0.0121
0.0116
0.015
0.012
0.0121
0.0124
0.0124
0.014
0.0121
0.0122
0.0118
0.0125
0.0122
0.0122
0.0129
0.0127
0.0123
0.0126
0.0122
0.0124
0.0156
0.0119
0.0124
0.0222
0.0134
0.0154
0.012
0.013
0.0153
0.0165
0.0131
0.0145
0.0153
0.0148
0.0159
0.0122
0.0194
0.0119
0.0113
0.0127
0.0155
0.0116
0.0135
0.0137
0.0144
0.0138
0.0126
0.0126
0.0112
0.0169
0.0132
0.0127
0.0122
0.0109
0.0156
0.011
0.0111
0.0176
0.0117
0.0119
0.0135
0.0136
0.0126
0.0126
0.0128
0.0126
0.0156
0.0128
0.0129
0.0161
0.0161
0.012
0.0128
0.0127
0.0122
0.0124
0.0166
0.0163
0.0124
0.0126
0.0124
0.0126
0.0124
0.0124
0.0128
0.0124
0.0129
0.0124
0.0127
0.0125
0.0124
0.0132
0.0127
0.0126
0.0128
0.0126
0.0129
0.012
0.0127
0.0129
0.0126
0.0128
0.0122
0.0127
0.0141
0.0124
0.0128
0.012
0.0119
0.0127
0.0134
0.0135
0.0131
0.016
0.0128
0.0186
0.0135
0.013
0.0126
0.0159
0.016
0.0136
0.0129
0.0145
0.0139
0.0124
0.0125
0.0126
0.0133
0.0123
0.0126
0.0123
0.0122
0.0125
0.0126
0.0121
0.0121
0.0121
0.0121
0.0119
0.0131
0.0125
0.0147
0.0121
0.0156
0.0155
0.0131
0.0157
0.014
0.0124
0.0141
0.0268
0.0131
0.015
0.0177
0.0215
0.0161
0.0134
0.0116
0.0127
0.0145
0.0143
0.0113
0.016
0.0175
0.0128
0.0115
0.0117
0.0133
0.0117
0.0142
0.011
0.014
0.0116
0.0116
0.0112
0.0129
0.012
0.012
0.0113
0.0131
0.0121
0.0122
0.0126
0.0127
0.0121
0.0118
0.0123
0.0123
0.012
0.0122
0.0129
0.0124
0.013
0.0125
0.0123
0.0123
0.0124
0.0124
0.0127
0.0117
0.0109
0.0151

--------------------------------------
VideoDecoderBeginFrame_WDDM2_4_D3D11_1
--------------------------------------
0.0085
0.0024
0.0021
0.0039
0.0052
0.0032
0.0038
0.002
0.0024
0.0033
0.0023
0.002
0.0028
0.0029
0.0019
0.0026
0.0022
0.0024
0.0025
0.0039
0.0021
0.0025
0.002
0.0043
0.0027
0.0022
0.0027
0.0024
0.0039
0.0022
0.0021
0.0024
0.0023
0.0025
0.0023
0.002
0.0033
0.0039
0.0021
0.0041
0.004
0.0031
0.0057
0.0036
0.0038
0.004
0.0037
0.0029
0.0032
0.0038
0.0035
0.004
0.0045
0.0045
0.0033
0.0031
0.0037
0.003
0.0023
0.0035
0.0029
0.0029
0.0024
0.0042
0.0032
0.003
0.0032
0.003
0.0029
0.0031
0.0021
0.002
0.0031
0.0034
0.0031
0.003
0.0031
0.0032
0.0039
0.0029
0.0038
0.0033
0.0037
0.0034
0.0034
0.0035
0.0034
0.0031
0.0036
0.0035
0.0032
0.0032
0.0036
0.003
0.0052
0.003
0.0033
0.003
0.0039
0.0028
0.0032
0.0031
0.0034
0.0032
0.0035
0.0029
0.003
0.0029
0.0036
0.0031
0.0029
0.0028
0.0029
0.0032
0.0033
0.003
0.0029
0.0031
0.003
0.0025
0.0028
0.0032
0.0031
0.0029
0.0033
0.0025
0.0068
0.0039
0.0029
0.0042
0.003
0.003
0.0035
0.0035
0.0036
0.003
0.003
0.0038
0.0035
0.0029
0.0024
0.0054
0.0024
0.0039
0.0032
0.0039
0.003
0.0028
0.0036
0.0039
0.0036
0.0032
0.0034
0.0029
0.0038
0.0028
0.0039
0.0031
0.0029
0.0031
0.003
0.0035
0.0028
0.0023
0.0031
0.003
0.0037
0.003
0.003
0.0031
0.0036
0.0031
0.0031
0.0036
0.0034
0.0039
0.0036
0.0033
0.003
0.003
0.0036
0.0034
0.0038
0.0081
0.0037
0.0039
0.0035
0.0038
0.0037
0.0036
0.0035
0.0033
0.0029
0.0031
0.0039
0.0029
0.0037
0.0037
0.0033
0.0036
0.0035
0.003
0.0031
0.003
0.0029
0.0038
0.0038
0.0028
0.0029
0.0037
0.005
0.0063
0.0038
0.0031
0.0036
0.0028
0.0037
0.0036
0.0067
0.0032
0.0037
0.0025
0.0024
0.0038
0.0042
0.0036
0.0034
0.0024
0.0036
0.0023
0.0036
0.0023
0.002
0.0037
0.0034
0.003
0.0037
0.003
0.0029
0.0031
0.0029
0.0029
0.003
0.0029
0.0028
0.0025
0.0031
0.0032
0.0041
0.003
0.0033
0.0039
0.0038
0.0029
0.0035
0.0032
0.0037
0.0027
0.0036
0.0045
0.003
0.003
0.0033
0.0034
0.0037
0.0035
0.0031
0.0035
0.0029
0.003
0.0029
0.0021
0.003
0.0037
0.0031
0.0028
0.0031
0.0031
0.004
0.003
0.003
0.0031
0.0028
0.003
0.003
0.0032
0.0028
0.0029
0.0026
0.0029
0.0029
0.0029
0.0031
0.0031
0.0028
0.003
0.004
0.003
0.0029
0.0037

----------------------------
VideoDecoderEndFrame_D3D11_1
----------------------------
0.0328
0.0535
0.0797
0.1009
0.1123
0.0114
0.1027
0.0033
0.0525
0.0507
0.0037
0.0036
0.0827
0.0036
0.0568
0.0033
0.0565
0.0036
0.0512
0.0054
0.1085
0.0028
0.0541
0.0035
0.0022
0.0545
0.0023
0.0561
0.0042
0.0547
0.0038
0.052
0.0027
0.0577
0.0026
0.0546
0.0023
0.0561
0.0022
0.0584
0.003
0.0547
0.0064
0.0585
0.0026
0.0558
0.0023
0.0541
0.0024
0.0572
0.0026
0.056
0.0025
0.0592
0.0023
0.0543
0.002
0.0577
0.0022
0.0549
0.005
0.0598
0.0022
0.0599
0.0024
0.0565
0.002
0.0544
0.0021
0.0609
0.0023
0.0626
0.0039
0.0551
0.0027
0.0591
0.0019
0.0568
0.0025
0.0597
0.0021
0.0576
0.0023
0.0592
0.0019
0.0567
0.002
0.0574
0.0028
0.0594
0.002
0.055
0.0023
0.0605
0.0039
0.0555
0.0021
0.0582
0.0019
0.0608
0.0018
0.06
0.0021
0.0615
0.0019
0.0574
0.0018
0.0517
0.0029
0.0585
0.0027
0.0569
0.0031
0.054
0.0027
0.0589
0.0034
0.0575
0.0027
0.0024
0.0599
0.0558
0.0027
0.0573
0.0025
0.0576
0.0027
0.0565
0.0022
0.0671
0.005
0.0571
0.0026
0.002
0.0569
0.0027
0.0611
0.0513
0.0531
0.0593
0.0026
0.0049
0.059
0.0027
0.0621
0.0027
0.0596
0.0035
0.0602
0.0026
0.0596
0.0027
0.0585
0.0027
0.0598
0.0026
0.0625
0.0028
0.0606
0.0027
0.0626
0.0028
0.0599
0.0027
0.0558
0.0025
0.0606
0.0026
0.0605
0.0027
0.0581
0.0027
0.0577
0.0026
0.0597
0.0026
0.057
0.0027
0.0575
0.0026
0.0576
0.0027
0.0645
0.0027
0.0027
0.055
0.0028
0.0561
0.0027
0.0594
0.0027
0.0575
0.0056
0.0559
0.0023
0.0592
0.0027
0.0563
0.0026
0.0555
0.0021
0.058
0.0028
0.0573
0.0026
0.0556
0.0028
0.055
0.0028
0.0565
0.0026
0.0593
0.0029
0.0545
0.0038
0.0589
0.0026
0.0593
0.0026
0.0569
0.0027
0.0554
0.0026
0.0575
0.0027
0.0553
0.0028
0.0578
0.0027
0.0572
0.0028
0.067
0.0029
0.0029
0.0604
0.0547
0.0027
0.057
0.0027
0.0565
0.0027
0.0549
0.0029
0.0035
0.0891
0.0025
0.0868
0.07
0.003
0.0691
0.0034
0.062
0.0024
0.067
0.0023
0.064
0.0028
0.0583
0.0038
0.0815
0.0027
0.0637
0.0051
0.07
0.0025
0.0608
0.0033
0.0565
0.0026
0.0578
0.0024
0.0729
0.0027
0.0571
0.0021
0.0019
0.0587
0.0566
0.0026
0.0025
0.0575
0.0547
0.0021
0.0609
0.0028
0.0569
0.0048
0.0569
0.0022
0.0613
0.0022
0.0555
0.0027
0.0551
0.0028
0.0616
0.0019
0.0574
0.0026
0.0579
0.0028
0.0575
0.0032
0.0583
0.0021
0.0578
0.0019
0.055
0.0027
0.0573
0.0021
0.0018
0.0565
0.0566
0.0027
0.0564
0.0049
0.0587
0.0019
0.0019
0.0941
0.0028
0.034
0.0595
0.0028
0.0612
0.0027
0.073
0.0024
0.0579
0.0027
0.0811
0.0028
0.0578
0.0027
0.0587
0.0027
0.0595
0.0037
0.0607
0.0039
0.0583
0.0023
0.058
0.0029
0.0589
0.0028
0.0588
0.0028
0.0816
0.0026
0.0538
0.0043
0.0593
0.0041
0.0789
0.0026
0.0605
0.0026
0.0561
0.0027
0.073
0.0028
0.0797
0.0025
0.0578
0.0027
0.0616
0.0025
0.0609
0.0028
0.0593
0.0027
0.0631
0.0034
0.0603
0.0026
0.0581
0.0029
0.0596
0.0027
0.0595
0.0027
0.0623
0.0027
0.0583
0.0025
0.0581
0.0028
0.059
0.0027
0.0584
0.0027
0.0583
0.0026
0.0604
0.0029
0.0579
0.0025
0.0588
0.0027
0.058
0.0027
0.0615
0.0027
0.0589
0.0028
0.0589
0.0026
0.0591
0.0026
0.0027
0.0565
0.0792
0.0028
0.0631
0.0035
0.0791
0.0027
0.0594
0.0027
0.0815
0.0026
0.0579
0.0029
0.059
0.008
0.0583
0.0026
0.0646
0.0035
0.0809
0.0027
0.0655
0.0025
0.0688
0.0028
0.0828
0.0028
0.0696
0.0043
0.0566
0.003
0.0569
0.0026
0.0576
0.0026
0.0562
0.0026
0.0573
0.0026
0.0548
0.0031
0.0569
0.0026
0.0557
0.003
0.0565
0.0027
0.0533
0.003
0.0535
0.0035
0.0574
0.0025
0.0562
0.0026
0.0571
0.0027
0.0557
0.0027
0.0567
0.0028
0.0026
0.0629
0.0557
0.0026
0.0023
0.057
0.0551
0.0027
0.0562
0.0029
0.0565
0.0027
0.0021
0.0596
0.0508
0.0027
0.0631
0.004
0.0621
0.0027
0.068
0.0046
0.0606
0.0028
0.0602
0.0027
0.0575
0.0026
0.0573
0.0026
0.0593
0.0024
0.058
0.0023
0.058
0.0021
0.0573
0.0023
0.0573
0.003
0.0579
0.0027
0.0565
0.0024
0.0564
0.0022
0.0579
0.0018
0.0582
0.003
0.0581
0.0019
0.0582
0.0027
0.0796
0.0027
0.0695
0.0029
0.058
0.0026
0.0022
0.0592
0.0022
0.0562
0.0021
0.0556
0.0547
0.0022
0.0018
0.0675
0.0024
0.0558
0.055
0.0022
0.0558
0.002
0.0566
0.0019
0.0541
0.0027
0.0581
0.0026
0.0571
0.0027
0.0022
0.0583
0.0559
0.0026
0.0567
0.0028
0.0556
0.0027
0.0549
0.0027
0.0568
0.0027
0.057
0.0027
0.0022
0.0597
0.0559
0.0027
0.059
0.0027
0.0559
0.0027
0.0577
0.0025
0.0566
0.0027
0.0548
0.0026
0.0611
0.0027
0.0565
0.0027
0.0592
0.0028
0.0607
0.0026
0.0591
0.0026
0.0611
0.0026
0.0025
0.0021
0.002

---------------------------------
VideoDecoderSubmitBuffers_D3D11_1
---------------------------------
1.2304
0.7466
0.7186
0.3463
0.7735
0.996
0.3275
0.2775
0.3408
0.2921
0.2544
0.2752
0.2713
0.2531
0.2508
0.2883
0.2583
0.344
0.279
0.3184
0.2628
0.2969
0.2571
0.3016
0.2919
0.2695
0.2874
0.2671
0.284
0.268
0.2822
0.2687
0.2652
0.3043
0.2546
0.2455
0.3133
0.3119
0.2593
0.3121
0.3209
0.2632
0.3346
0.3003
0.3053
0.3258
0.3265
0.2655
0.2976
0.3246
0.3042
0.309
0.358
0.3482
0.3122
0.2609
0.3175
0.2927
0.2481
0.2886
0.2864
0.3003
0.2424
0.2924
0.2883
0.2861
0.266
0.2912
0.3199
0.2829
0.26
0.3892
0.283
0.3101
0.2823
0.2861
0.2847
0.2842
0.2858
0.2834
0.2899
0.2863
0.2842
0.2868
0.2871
0.2849
0.2873
0.2868
0.2682
0.2822
0.2832
0.2782
0.2824
0.2848
0.3176
0.2843
0.2892
0.2894
0.2798
0.2853
0.2819
0.2844
0.2958
0.2875
0.2835
0.2863
0.2845
0.2612
0.3568
0.2943
0.2875
0.2851
0.2826
0.2873
0.2908
0.2993
0.2874
0.2904
0.2898
0.2441
0.2869
0.2752
0.2815
0.3989
0.3949
0.2994
0.3116
0.3054
0.2916
0.2857
0.2676
0.4092
0.2666
0.2798
0.3054
0.2864
0.2843
0.2955
0.2907
0.3124
0.2466
0.3008
0.2465
0.2888
0.2973
0.2907
0.2915
0.2553
0.268
0.2998
0.282
0.2979
0.2874
0.2934
0.2937
0.2544
0.2895
0.3094
0.2847
0.2897
0.2944
0.2978
0.2687
0.2503
0.271
0.3389
0.2923
0.3591
0.2695
0.2897
0.2923
0.2877
0.2908
0.2915
0.2574
0.284
0.3837
0.2828
0.3269
0.3957
0.2906
0.2511
0.3732
0.3515
0.2823
0.2881
0.3197
0.2844
0.2921
0.2883
0.2697
0.27
0.2556
0.2873
0.2878
0.2849
0.2881
0.2894
0.2509
0.288
0.2855
0.2808
0.2539
0.283
0.2559
0.3196
0.2943
0.2623
0.3378
0.2817
0.3745
0.2864
0.3845
0.2509
0.284
0.2849
0.2967
0.2996
0.2927
0.2785
0.3939
0.2983
0.2686
0.3375
0.3107
0.2873
0.287
0.2552
0.2959
0.2542
0.2954
0.2473
0.2404
0.266
0.2954
0.287
0.255
0.2947
0.2812
0.2492
0.3011
0.2394
0.2876
0.2853
0.31
0.2459
0.2688
0.3144
0.3618
0.2897
0.2957
0.323
0.2916
0.2974
0.2971
0.296
0.295
0.263
0.3184
0.3107
0.2928
0.301
0.2737
0.3068
0.2891
0.4382
0.2717
0.2944
0.2862
0.3065
0.2988
0.2432
0.2982
0.2862
0.2464
0.2961
0.2935
0.2698
0.3113
0.286
0.3038
0.2397
0.2817
0.28
0.2858
0.2848
0.2848
0.308
0.2427
0.2881
0.2856
0.2857
0.2819
0.2826
0.285
0.2828
0.2854
0.2822
0.2828
0.2852

