---------------------------------------------
CalcPrivateVideoDecoderOutputViewSize_D3D11_1
---------------------------------------------
0.002
0.004
0.0013
0.0012
0.0013
0.002
0.0046
0.0009
0.0014
0.0014
0.001
0.0007
0.0011
0.0013
0.0008
0.0007
0.0007
0.0007
0.0009
0.0018
0.0007
0.0006
0.001
0.0006
0.0006
0.0006
0.0007
0.0007
0.0017
0.0007
0.0007
0.0006
0.0007
0.0006
0.0014
0.0009
0.0007
0.0015
0.0009
0.0006
0.0006
0.0008
0.0019
0.0014
0.0009
0.001
0.0008
0.0015
0.0013
0.0013
0.0008
0.0008
0.0006
0.0007
0.0007
0.0008
0.0009
0.0011
0.0009
0.0019
0.0009
0.0017
0.0009
0.0029
0.0013
0.0015
0.002
0.0009
0.0016
0.0008
0.0009
0.001
0.0013
0.0012
0.0014
0.0012
0.0022
0.0012
0.0019
0.001
0.0016
0.0009
0.0015
0.0015
0.001
0.0013
0.0016
0.0015
0.0015
0.0009
0.0015
0.0016
0.0008
0.0021
0.0023
0.001
0.0012
0.0014
0.0011
0.0017
0.0013
0.0009
0.0012
0.0013
0.0015
0.001
0.0013
0.0009
0.0007
0.0009
0.0012
0.0017
0.0021
0.0015
0.0016
0.001
0.0018
0.0014
0.0011
0.0007
0.0008
0.0008
0.0008
0.0007
0.0007
0.0007
0.0017
0.0014
0.0015
0.0009
0.001
0.0008
0.0009
0.0016
0.0008
0.0007
0.0006
0.0006
0.0007
0.0007
0.0011
0.012
0.0006
0.0012
0.0008
0.0006
0.0006
0.0007
0.0007
0.0005
0.0009
0.001
0.0007
0.0012
0.0012
0.0009
0.0008
0.0007
0.001
0.0009
0.0012
0.001
0.0008
0.0008
0.0017
0.001
0.0013
0.001
0.0011
0.0009
0.0013
0.0008
0.0012
0.0007
0.0021
0.0013
0.0013
0.001
0.0012
0.0012
0.0007
0.0006
0.0006
0.0006
0.0009
0.0006
0.0006
0.0005
0.0006
0.0007
0.0006
0.0006
0.0007
0.0006
0.0011
0.0013
0.0014
0.0008
0.0009
0.0007
0.0006
0.0007
0.0007
0.0006
0.0006
0.0006
0.0006
0.0007
0.0006
0.0006
0.0012
0.0071
0.0007
0.0007
0.0007
0.0006
0.0006
0.0006
0.0007
0.0007
0.0007
0.0007
0.0006
0.0005
0.0008
0.0015
0.001
0.0007
0.0009
0.0008
0.0006
0.0008
0.0007
0.0007
0.0007
0.0007
0.0006
0.0006
0.0005
0.001
0.0012
0.0012
0.0012
0.001
0.0013
0.0008
0.0007
0.0012
0.0026
0.001
0.0012
0.001
0.0017
0.0011
0.0012
0.0011
0.001
0.0007
0.001
0.001
0.0011
0.0008
0.0007
0.0006
0.0007
0.0009
0.0011
0.0012
0.0011
0.001
0.001
0.0007
0.0015
0.0006
0.0005
0.0007
0.0014
0.0013
0.0009
0.0014
0.0012
0.001
0.0015
0.0012
0.0011
0.001
0.0018
0.0011
0.0009
0.0011
0.0008
0.0008
0.0013
0.0015
0.0009
0.0008
0.0007
0.0012
0.0006
0.0008
0.0006
0.0006
0.0008
0.0006
0.0009
0.0006
0.0006
0.0006
0.0007
0.0006
0.0006
0.0006
0.0014
0.0019
0.0009
0.0012
0.003
0.0015
0.0007
0.0016
0.0008
0.0012
0.0011
0.0008
0.0006
0.0008
0.0007
0.0009
0.0007
0.0006
0.0007
0.0008
0.0007
0.0009
0.0015
0.0009
0.0012
0.0006
0.0006
0.0012
0.0013
0.0011
0.001
0.0011
0.0011
0.0007
0.0007
0.0007
0.0006
0.0007
0.0006
0.0006
0.0007
0.0006
0.001
0.0005
0.0006
0.001
0.0009
0.0011
0.0007
0.0009
0.0007
0.0008
0.0007
0.0007
0.0007
0.0007
0.0006
0.0006
0.0006
0.0008
0.0008
0.0006
0.0006
0.0006
0.0006
0.001
0.0014
0.0009
0.0012
0.0006
0.0006
0.0008
0.0006
0.0007
0.0006
0.0009
0.001
0.0012
0.0006
0.0006
0.0024
0.0014
0.001
0.0007
0.0009
0.0007
0.0007
0.0007
0.0007
0.0007
0.0012
0.0007
0.0007
0.0015
0.0011
0.0009
0.001
0.0007
0.0011
0.0007
0.0009
0.0007
0.0014
0.0008
0.0013
0.0007
0.0011
0.0007
0.001
0.0006
0.0008
0.0007
0.0011
0.001
0.0016
0.0007
0.0011
0.0007
0.0006
0.0006
0.0006
0.0006
0.0006
0.0006
0.0007
0.0007
0.0007
0.0007
0.0006
0.0006
0.0006
0.0007
0.0006
0.0006
0.0006
0.0006
0.001
0.0008
0.0006
0.0007
0.0005
0.0011
0.0007
0.0007
0.0007
0.0006
0.0007
0.0008
0.0012
0.0012
0.0006
0.0007
0.0006
0.0006
0.0009
0.0009
0.0006
0.0006
0.0006
0.0006
0.0007
0.0006
0.0031
0.0006
0.0008
0.0007
0.0007
0.0006
0.0006
0.0007
0.0008
0.0014
0.0007
0.0006
0.0006
0.0007
0.0006
0.0006
0.001
0.0009
0.0012
0.0008
0.0007
0.0007
0.0006
0.0008
0.0006
0.0007
0.0007
0.0007
0.0005
0.0006
0.0013
0.001
0.0012
0.0012
0.0013
0.0008
0.0009
0.0007
0.0011
0.0008
0.0006
0.0007
0.0009
0.0006
0.0008
0.0006
0.0007
0.0006
0.0006
0.0006
0.0006
0.0006
0.0007
0.0007
0.0007
0.0008
0.0007
0.0008
0.0008
0.0007
0.0007
0.0006
0.0007
0.0007
0.0005
0.0006
0.0007
0.0007
0.0007
0.0011
0.0009
0.001
0.0009
0.0006
0.0007
0.0007
0.0006
0.0007
0.0006
0.0006
0.0006
0.0009
0.0007
0.0007
0.0007
0.0006
0.0006
0.0006
0.0006
0.0007
0.0008
0.0007
0.0006
0.0007
0.0007
0.0006
0.0011
0.0007
0.0007
0.0008
0.0006
0.0007
0.0007
0.0007
0.0005
0.0008
0.0007
0.0006
0.0006
0.0009
0.0006
0.0006
0.0008
0.0006
0.0005
0.0005
0.0006
0.0007
0.0024
0.0017
0.0017
0.0017
0.0008
0.0009
0.0006
0.0006

-----------------------
CodechalDecode::Execute
-----------------------
10.3375
0.9315
0.8546
0.6542
2.9113
3.8727
0.8151
0.7656
1.3471
0.9499
0.9825
1.0574
1.0317
1.0616
1.0022
1.0526
2.5123
0.7685
1.8551
0.6869
0.6327
0.6894
0.5033
0.5074
0.4142
0.413
0.4209
0.4149
0.4026
0.408
0.4095
0.4282
0.4091
0.4104
0.4624
0.425
0.4058
0.4428
0.4193
0.4128
0.3999
0.4097
0.3994
0.4478
0.4076
0.406
0.6192
0.6434
0.6226
0.6223
0.4206
0.4281
0.4201
0.4144
0.5544
0.5591
0.4792
0.4527
0.4408
0.6601
0.4209
0.6375
0.4396
0.4339
0.6264
0.6568
0.643
0.4161
0.5967
0.4262
0.4331
0.6304
0.6228
0.6295
0.6475
0.4354
0.6327
0.4379
0.6835
0.4238
0.6385
0.4305
0.5901
0.5215
0.5209
0.5961
0.4709
0.6617
0.4671
0.425
0.4729
0.6382
0.4046
0.6106
0.4176
0.4117
0.6173
0.5653
1.2553
0.6037
0.432
0.4194
0.6101
0.6371
0.4793
0.432
0.6536
2.0152
0.4385
0.6273
0.6566
0.4266
0.6617
0.6222
0.6344
0.4263
0.6416
0.6509
0.6242
0.5098
0.4349
0.4321
0.4296
0.4308
0.4604
0.4425
0.4691
0.4974
0.4606
0.4239
3.0089
0.4166
0.4193
0.5217
0.4151
0.4074
0.4134
0.4115
0.4072
0.4212
0.6131
0.4135
0.3998
0.6044
0.3959
0.3957
0.4095
0.4038
0.4047
0.4087
0.5318
0.5667
0.4057
0.4177
0.5911
0.4104
0.4114
0.4057
0.6141
0.4122
0.6092
0.5984
0.4123
0.6833
2.522
0.5378
0.4609
0.5865
0.5948
0.4111
0.6045
0.4213
0.5656
0.3986
0.622
0.5911
0.6633
0.6412
0.5961
0.631
0.4252
0.4258
0.4039
0.4063
0.4173
0.4126
0.4045
0.4039
0.3997
0.4022
0.4039
0.4009
0.4026
0.4017
0.604
0.6179
0.6062
0.4121
0.413
0.4133
0.3937
0.4006
0.3956
0.3984
0.4046
0.4005
0.3985
0.4006
0.4003
0.3976
0.5811
0.41
0.4086
0.4046
0.411
0.408
0.3982
0.3977
0.4051
0.4012
0.4069
0.3998
0.3971
0.3989
0.5985
0.5846
0.6143
0.4009
0.4059
0.392
0.4065
0.4088
0.4006
0.4099
0.3968
0.4022
0.4018
0.4106
0.4001
0.6022
0.5663
0.6088
0.5815
0.4226
0.4208
0.4164
0.4031
0.4037
0.6827
0.4202
0.4342
0.4108
0.6279
0.5859
0.5823
0.6074
0.5914
0.4032
0.6075
0.5886
0.5768
0.4092
0.3948
0.4087
0.4089
0.6018
0.5679
0.6136
0.6125
0.5702
0.6099
0.406
0.4097
0.4033
0.4052
0.4054
0.5951
0.6175
0.5922
0.576
0.6113
0.6057
0.4692
0.4152
0.556
0.422
0.6584
0.428
0.411
0.404
0.4084
0.4033
0.6305
0.5749
0.4143
0.3991
0.4057
0.4375
0.4109
0.4189
0.4041
0.4066
0.4077
0.418
0.4181
0.4208
0.4344
0.438
0.4484
0.4419
0.4149
0.403
0.4672
0.6761
0.4282
0.5927
0.4102
0.4038
0.4038
0.4516
0.4206
0.6067
0.5867
0.4187
0.4063
0.4092
0.4053
0.4319
0.4013
0.3949
0.4077
0.4826
0.3996
0.4343
0.435
0.4259
0.5514
0.3992
0.4058
0.5884
0.5796
0.613
0.6015
0.5766
0.6126
0.3989
0.4018
0.4028
0.3989
0.4014
0.4037
0.4011
0.3988
0.3963
0.419
0.4128
0.4015
0.6102
0.58
0.5823
0.4036
0.3994
0.4023
0.4033
0.4122
0.4009
0.4013
0.4113
0.3992
0.4002
0.3983
0.4083
0.4073
0.4108
0.4014
0.402
0.3994
0.5686
0.6164
0.5977
0.5688
0.4026
0.401
0.4001
0.3982
0.3987
0.3963
0.4105
0.5972
0.5699
0.3997
0.3983
0.7122
0.5729
0.417
0.4976
0.4113
0.4077
0.4033
0.4086
0.42
0.3974
0.5566
0.4218
0.4081
0.4555
0.4235
0.4072
0.5631
0.4007
0.6024
0.4072
0.6066
0.4049
0.5595
0.4067
0.6109
0.4048
0.5622
0.4019
0.612
0.4039
0.5942
0.4051
0.5883
0.4208
0.6004
0.3945
0.4054
0.3986
0.4064
0.3957
0.4012
0.3961
0.394
0.3962
0.3973
0.3947
0.4049
0.4117
0.3977
0.4107
0.3974
0.3993
0.3986
0.4009
0.3997
0.4003
0.5987
0.4049
0.4091
0.4063
0.3952
0.5839
0.4008
0.4083
0.4029
0.3967
0.4066
0.4072
0.5383
0.5976
0.3957
0.3936
0.3907
0.4063
0.4107
0.4058
0.3978
0.3978
0.3946
0.3996
0.3963
0.4076
0.416
0.4004
0.4058
0.4117
0.4097
0.3979
0.3981
0.4084
0.401
0.4017
0.3917
0.3906
0.4022
0.3964
0.3924
0.4064
0.6033
0.5964
0.5996
0.402
0.4022
0.4027
0.3984
0.4101
0.4019
0.4036
0.4002
0.403
0.4001
0.4069
0.6091
0.5924
0.5852
0.6147
0.6245
0.3942
0.3998
0.3969
0.5819
0.3977
0.4071
0.4001
0.4205
0.4139
0.4063
0.4017
0.4005
0.3964
0.3968
0.4016
0.395
0.4004
0.3935
0.4112
0.4054
0.4063
0.3984
0.4077
0.4339
0.4253
0.4008
0.3979
0.4023
0.3939
0.4027
0.3963
0.4032
0.4038
0.401
0.6094
0.4066
0.4123
0.4139
0.4124
0.4032
0.4117
0.4092
0.4022
0.3997
0.4016
0.4057
0.4179
0.4028
0.4166
0.3991
0.3863
0.3962
0.3998
0.4222
0.4033
0.4023
0.4026
0.4054
0.405
0.3994
0.4067
0.4004
0.3996
0.3977
0.3979
0.3974
0.3992
0.3998
0.3979
0.404
0.4232
0.4048
0.4166
0.4248
0.4305
0.4198
0.4242
0.4247
0.4418
0.4479
0.4371
0.4278
0.4211
0.5204
0.4758
0.4414
0.4678
0.4066
0.4026
0.4075
0.4014

---------------------------------------
CodechalDecodeHevcG12::DecodeStateLevel
---------------------------------------
0.3201
0.3423
3.2786
0.2399
0.2198
0.2213
0.2179
0.1973
0.2207
0.1392
0.1582
0.1881
0.2049
0.2267
0.2288
0.2378
0.2287
0.2178
0.1797
0.1693
0.2262
0.1756
0.1935
0.178
0.8496
0.1506
0.198
0.5052
0.1369
0.1955
0.553
0.1325
0.1867
0.6073
0.1334
0.2033
0.5232
0.1543
0.2075
0.6047
0.1382
0.2069
0.5621
0.1333
0.1984
0.6253
0.1313
0.1896
0.3206
0.1408
1.8397
0.0962
0.1378
0.316
1.0832
0.1363
0.1628
0.1053
0.1312
0.1473
0.1074
0.1312
0.1506
0.1038
0.1315
0.1511
0.1106
0.1302
0.1487
0.1069
0.1292
0.155
0.0658
0.1283
0.1165
0.065
0.1292
0.1175
0.0706
0.1312
0.119
0.0678
0.1287
0.1188
0.0628
0.1255
0.1164
0.0644
0.128
0.1162
0.0647
0.1275
0.117
0.0673
0.1437
0.1159
0.065
0.1264
0.1174
0.0622
0.1284
0.1174
0.0788
0.1376
0.1238
0.0674
0.1307
0.121
0.0636
0.128
0.1167
0.0715
0.1309
0.1225
0.066
0.1294
0.1189
0.0658
0.1295
0.119
0.0624
0.1271
0.1172
0.0654
0.1283
0.1172
0.0632
0.1249
0.1159
0.0783
0.133
0.1192
0.0645
0.1287
0.1162
0.064
0.1258
0.1164
0.0895
0.1965
0.1885
0.0949
0.2067
0.1946
0.0863
0.2028
0.1904
0.0912
0.1985
0.1887
0.0646
0.1345
0.1195
0.0669
0.1378
0.1193
0.0682
0.1276
0.1184
0.0648
0.1283
0.1186
0.0799
0.1819
0.1704
0.0802
0.179
0.1707
0.0874
0.1468
0.1215
0.0809
0.1335
0.1213
0.0706
0.1396
0.1215
0.1043
0.2034
0.189
0.069
0.1298
0.1192
0.0954
0.2012
0.1901
0.0674
0.137
0.1229
0.0679
0.1385
0.1188
0.1113
0.1901
0.1758
0.1021
0.2091
0.1952
0.0955
0.2031
0.1924
0.0673
0.1303
0.1197
0.0921
0.1802
0.1793
0.07
0.1327
0.1191
0.0675
0.14
0.1206
0.0896
0.2034
0.193
0.0933
0.2025
0.1855
0.0921
0.2012
0.1912
0.0982
0.2069
0.191
0.0683
0.1397
0.1229
0.0921
0.2008
0.1931
0.0725
0.1305
0.1202
0.1115
0.2089
0.1961
0.0707
0.1315
0.1174
0.0912
0.2007
0.1956
0.0676
0.1378
0.1212
0.0866
0.1899
0.1774
0.0803
0.1872
0.1278
0.0801
0.1512
0.163
0.0947
0.2002
0.1623
0.0849
0.1394
0.1236
0.1018
0.2123
0.192
0.0813
0.1394
0.1226
0.0683
0.1313
0.1235
0.0875
0.1411
0.1218
0.094
0.2026
0.1897
0.064
0.1269
0.1166
0.0958
0.1932
0.1701
0.0679
0.1276
0.1164
0.0654
0.1278
0.1166
0.0878
0.1994
0.1877
0.0785
0.1392
0.1159
0.8246
0.1788
0.1271
0.0944
0.2017
0.1601
0.0711
0.132
0.1186
0.0654
0.1312
0.1234
0.0875
0.1997
0.188
0.0932
0.2023
0.1948
0.0808
0.1453
0.1245
0.0695
0.1372
0.1199
0.07
0.142
0.1196
1.6543
0.1369
0.1226
0.0693
0.1339
0.1267
0.0757
0.1857
0.1387
0.0934
0.203
0.205
0.069
0.1332
0.1168
0.1033
0.2056
0.1901
0.096
0.1984
0.1776
0.0931
0.1979
0.1919
0.0711
0.1305
0.1188
0.0932
0.2045
0.1954
0.1018
0.2073
0.1906
0.0919
0.1983
0.1892
0.0774
0.138
0.1718
0.071
0.1381
0.1213
0.0672
0.1396
0.1221
0.0684
0.1306
0.1281
0.0725
0.1289
0.1194
0.078
0.1341
0.1272
0.0753
0.1333
0.1233
0.0703
0.1532
0.1322
0.0924
0.1434
0.124
0.0743
0.138
0.1397
0.072
0.1321
0.1209
0.0754
0.1367
2.5087
0.0682
0.1288
0.1188
0.0728
0.13
0.1172
0.0956
0.1634
0.1223
0.0658
0.1284
0.1264
0.0661
0.1275
0.1196
0.0657
0.1276
0.1236
0.0634
0.1279
0.1267
0.0645
0.1296
0.1187
0.0633
0.1279
0.1345
0.089
0.1997
0.1896
0.0642
0.1258
0.1171
0.0646
0.1259
0.1152
0.0855
0.1956
0.1873
0.0619
0.1263
0.1167
0.0618
0.1252
0.1167
0.0629
0.1278
0.1263
0.0637
0.1279
0.1193
0.0648
0.1265
0.1184
0.0641
0.1273
0.1242
0.1632
0.1452
0.1195
0.0836
0.1642
0.1804
0.062
0.1285
0.1192
0.067
0.1302
0.1189
0.0879
0.1974
0.1717
0.0653
0.1288
0.1177
0.065
0.1292
0.1185
0.064
0.1262
0.118
0.0917
0.199
0.1858
0.0671
0.129
0.118
0.0867
0.1955
0.1869
0.0793
0.196
0.1879
0.0665
0.1288
0.1185
0.0649
0.1324
0.1324
2.0455
0.1859
0.1599
0.1156
0.1498
0.1362
0.0761
0.1317
0.1194
0.096
0.2022
0.1742
0.0853
0.1935
0.1827
0.0672
0.128
0.1165
0.0854
0.1975
0.1864
0.0654
0.1386
0.1198
0.0882
0.1912
0.1549
0.0621
0.125
0.1161
0.0902
0.1913
0.1913
0.0984
0.1815
0.1686
0.0945
0.2126
0.1975
0.0904
0.2102
0.1928
0.1005
0.1813
0.1698
0.0929
0.2042
0.1907
0.0681
0.1326
0.1205
0.0692
0.1324
0.1214
0.064
0.1283
0.1186
0.0649
0.1281
0.1198
0.0698
0.1296
0.1196
0.0638
0.128
0.1264
0.0644
0.1276
0.1187
0.0654
0.1278
0.1172
0.0633
0.1276
0.1174
0.0637
0.1281
0.1186
0.0658
0.1279
0.1179
0.0635
0.1272
0.1176
0.0628
0.128
0.1204
0.0651
0.1273
0.1176
0.0854
0.198
0.1883
0.0901
0.2006
0.1889
0.0957
0.1867
0.1783
0.0674
0.1301
0.118
0.0654
0.1295
0.1188
0.0647
0.1305
0.1196
0.0613
0.1254
0.1167
0.0603
0.1259
0.1237
0.0615
0.1249
0.1165
0.0621
0.1277
0.1177
0.0648
0.1284
0.1189
0.0642
0.1258
0.1168
0.0629
0.1274
0.1165
0.0634
0.128
0.1184
0.0631
0.127
0.1181
0.0613
0.127
0.1188
0.0881
0.2022
0.163
0.0654
0.1284
0.1195
0.0627
0.1264
0.1253
0.0633
0.1285
0.1186
0.0639
0.1266
0.1265
0.0613
0.1273
0.1265
0.0618
0.1286
0.1179
0.0622
0.1273
0.1171
0.0629
0.1271
0.1242
0.0613
0.1282
0.1203
0.063
0.1268
0.1248
0.0623
0.129
0.117
0.0619
0.1264
0.1172
0.0641
0.126
0.1173
0.0818
0.1966
0.19
0.0875
0.1948
0.1699
0.0924
0.1987
0.1871
0.0644
0.1274
0.1171
0.0643
0.1284
0.117
0.0644
0.1187
0.1127
0.0618
0.1349
0.1184
0.0656
0.1289
0.1182
0.0626
0.1276
0.1174
0.062
0.1292
0.1262
0.0609
0.1273
0.118
0.064
0.1274
0.1178
0.0624
0.1254
0.1228
0.0716
0.1284
0.118
0.0638
0.1254
0.1172
0.0822
0.1995
0.189
0.0829
0.1813
0.1718
0.0864
0.2019
0.1884
0.0835
0.1824
0.1787
0.0668
0.1278
0.1252
0.0664
0.1339
0.1177
0.0697
0.1318
0.122
0.0656
0.128
0.1162
0.0659
0.1252
0.1158
0.1128
0.2106
0.1868
0.0682
0.1318
0.1192
0.0702
0.1449
0.1167
0.0656
0.1277
0.1176
0.0965
0.1993
0.1857
0.0798
0.1884
0.1846
0.0854
0.1951
0.1734
0.0879
0.198
0.1866
0.0798
0.1889
0.1903
0.0634
0.1287
0.1182
0.0875
0.1972
0.1883
0.0777
0.1923
0.1891
0.086
0.1958
0.1688
0.065
0.1288
0.1184
0.0664
0.1211
0.1105
0.063
0.1274
0.1251
0.0651
0.1307
0.1187
0.0853
0.1969
0.1879
0.0856
0.1847
0.1668
0.0866
0.2019
0.189
0.0858
0.2019
0.1888
0.0839
0.1836
0.1746
0.0875
0.2015
0.1892
0.0647
0.1281
0.1182
0.0621
0.1277
0.1279
0.063
0.1295
0.1183
0.0646
0.1285
0.1191
0.0622
0.1298
0.1194
0.0922
0.1938
0.1717
0.0902
0.1976
0.1892
0.0805
0.1954
0.1874
0.0892
0.184
0.1664
0.0869
0.1978
0.1875
0.087
0.1969
0.1863
0.083
0.1426
0.123
0.067
0.1297
0.1183
0.0671
0.1866
0.1749
0.0691
0.1294
0.1204
0.1041
0.2009
0.1879
0.0711
0.1308
0.1207
0.066
0.1308
0.1175
0.0635
0.1268
0.1192
0.0645
0.1287
0.1201
0.0635
0.1271
0.1196
0.0902
0.2107
0.188
0.0809
0.1763
0.186
0.0666
0.1293
0.1196
0.0686
0.12
0.1117
0.0632
0.13
0.1193
0.0783
0.1317
0.1199
0.0666
0.1287
0.1178
0.0679
0.1308
0.1196
0.0638
0.1277
0.1185
0.0645
0.1275
0.1186
0.0639
0.1283
0.1188
0.0653
0.1337
0.1211
0.065
0.1319
0.1204
0.0672
0.1322
0.1225
0.0709
0.1381
0.1235
0.0706
0.1364
0.1232
0.0735
0.1408
0.1258
0.0725
0.1381
0.1246
0.0693
0.1307
0.1181
0.0635
0.127
0.1176
0.0802
0.1417
0.1247
0.1108
0.2068
0.1862
0.067
0.1296
0.1319
0.091
0.199
0.1691
0.0664
0.1258
0.1173
0.0641
0.1266
0.117
0.0647
0.1259
0.118
0.0806
0.1358
0.12
0.0663
0.1271
0.126
0.0875
0.1961
0.1858
0.0842
0.1863
0.1845
0.0645
0.1284
0.1274
0.0651
0.1262
0.118
0.0654
0.1272
0.1177
0.0622
0.1281
0.1188
0.0792
0.1283
0.1193
0.065
0.1247
0.1102
0.0607
0.1261
0.1175
0.063
0.1264
0.1164
0.1121
0.1378
0.1252
0.0628
0.125
0.1182
0.0697
0.1301
0.1244
0.0747
0.129
0.1174
0.0765
0.1289
0.1247
0.0857
0.1776
0.1576
0.0625
0.1259
0.1171
0.0622
0.1271
0.1242
0.079
0.1924
0.186
0.0907
0.1907
0.1678
0.0882
0.2008
0.1905
0.084
0.1984
0.1908
0.0891
0.1825
0.1735
0.0859
0.2026
0.1897
0.0637
0.1261
0.1173
0.0642
0.1274
0.118
0.0622
0.1287
0.1187
0.063
0.1278
0.1171
0.0649
0.1265
0.1176
0.0668
0.1273
0.1195
0.0641
0.1275
0.118
0.0622
0.127
0.1173
0.0609
0.127
0.1179
0.0646
0.1283
0.1189
0.0636
0.138
0.1185
0.0628
0.1273
0.1186
0.0882
0.199
0.1894
0.0804
0.1867
0.1849
0.0865
0.2001
0.1689
0.063
0.1291
0.1183
0.066
0.1239
0.1118
0.064
0.1294
0.1173
0.0633
0.1285
0.1176
0.0636
0.1357
0.1192
0.0633
0.1267
0.1183
0.0638
0.1282
0.1168
0.0655
0.1257
0.1258
0.062
0.1281
0.1185
0.0626
0.1272
0.1182
0.0636
0.1256
0.1172
0.062
0.127
0.1274
0.0645
0.1289
0.1187
0.0648
0.1269
0.1253
0.0633
0.128
0.1178
0.0647
0.1264
0.1175
0.0617
0.1279
0.1165
0.0864
0.1898
0.1699
0.0894
0.1984
0.1891
0.0856
0.1944
0.1887
0.0844
0.1827
0.1715
0.0637
0.1278
0.1186
0.0643
0.1266
0.1179
0.0633
0.1271
0.1188
0.0622
0.1275
0.1189
0.0624
0.1278
0.1172
0.0603
0.1267
0.1187
0.0662
0.1287
0.1186
0.0863
0.1947
0.1884
0.0885
0.179
0.1682
0.0631
0.1276
0.1174
0.063
0.1254
0.117
0.1371
0.2215
0.1718
0.0881
0.1772
0.1669
0.0753
0.1243
0.1128
0.0759
0.1686
0.1506
0.067
0.1304
0.1174
0.0658
0.129
0.1178
0.0643
0.1284
0.1176
0.0662
0.1297
0.1184
0.0641
0.1264
0.1373
0.0635
0.1254
0.1167
0.0882
0.182
0.1573
0.0644
0.1445
0.1184
0.0638
0.13
0.1203
0.0806
0.1353
0.1202
0.0709
0.1284
0.1174
0.0658
0.1271
0.117
0.079
0.1742
0.1828
0.0623
0.1264
0.1168
0.0858
0.1977
0.186
0.0643
0.1296
0.118
0.087
0.1985
0.1868
0.0644
0.1277
0.1184
0.0858
0.1802
0.1615
0.0667
0.1267
0.118
0.0862
0.2006
0.1906
0.0634
0.1302
0.1184
0.081
0.1702
0.1825
0.0628
0.1281
0.118
0.0881
0.2014
0.1899
0.0639
0.1269
0.1181
0.0852
0.1935
0.1875
0.0649
0.1287
0.1182
0.0869
0.2171
0.1564
0.0678
0.1309
0.1193
0.0913
0.1977
0.1741
0.0654
0.121
0.1113
0.0638
0.1263
0.1163
0.0627
0.127
0.1164
0.0625
0.1264
0.1244
0.0618
0.1264
0.1159
0.0611
0.1257
0.1231
0.0617
0.1268
0.1152
0.0606
0.127
0.1164
0.0614
0.1253
0.118
0.0627
0.1265
0.1169
0.0615
0.1253
0.1178
0.0646
0.1285
0.1179
0.0651
0.134
0.1185
0.061
0.1269
0.118
0.0624
0.1278
0.1274
0.0622
0.126
0.1172
0.061
0.1294
0.1179
0.0614
0.1277
0.1173
0.0623
0.1271
0.1186
0.0627
0.1272
0.1171
0.063
0.1276
0.1184
0.0821
0.1956
0.1882
0.0637
0.1286
0.1178
0.0629
0.127
0.1264
0.0614
0.1266
0.1259
0.0609
0.1262
0.1166
0.0867
0.1973
0.1721
0.0627
0.1281
0.1165
0.0632
0.1277
0.1234
0.0614
0.1258
0.1255
0.0619
0.1263
0.1166
0.0622
0.1273
0.1259
0.0642
0.1296
0.1171
0.08
0.1657
0.1621
0.085
0.1942
0.1856
0.0621
0.1258
0.1166
0.0623
0.1252
0.1154
0.059
0.125
0.1171
0.0609
0.1339
0.1185
0.0659
0.1284
0.1171
0.0641
0.1292
0.117
0.0619
0.1267
0.1165
0.0623
0.1266
0.1172
0.0605
0.1262
0.1174
0.0628
0.1266
0.1184
0.0606
0.1276
0.1175
0.0612
0.1265
0.1275
0.0621
0.1279
0.1278
0.0632
0.127
0.117
0.062
0.1263
0.1252
0.0627
0.1283
0.1246
0.0626
0.1278
0.1199
0.0616
0.1264
0.1179
0.0605
0.1282
0.1187
0.0624
0.1338
0.1186
0.0633
0.1255
0.1158
0.0608
0.125
0.1231
0.061
0.1246
0.1152
0.0606
0.1244
0.1163
0.0619
0.1249
0.1229
0.0629
0.1255
0.1163
0.059
0.1254
0.1164
0.0606
0.1359
0.1177
0.0867
0.1962
0.1866
0.0844
0.1971
0.1872
0.0927
0.195
0.1731
0.0645
0.1279
0.1123
0.064
0.1286
0.1173
0.0637
0.1281
0.1181
0.0612
0.1262
0.1177
0.0629
0.1275
0.1271
0.0637
0.1273
0.1179
0.0634
0.1281
0.1172
0.0621
0.127
0.1168
0.0632
0.128
0.1182
0.0633
0.1263
0.1168
0.0617
0.1281
0.1242
0.086
0.1975
0.1893
0.0806
0.1929
0.1882
0.0853
0.1997
0.1718
0.0873
0.2039
0.1882
0.1039
0.1949
0.1827
0.061
0.1248
0.1153
0.0631
0.1249
0.115
0.0634
0.1251
0.1153
0.0824
0.1951
0.1778
0.0621
0.1265
0.1158
0.0611
0.126
0.126
0.0627
0.1273
0.1187
0.0663
0.1293
0.1257
0.0651
0.1264
0.1257
0.0638
0.129
0.119
0.0634
0.1274
0.1184
0.062
0.1285
0.1174
0.0606
0.1275
0.1187
0.0621
0.1269
0.1162
0.0633
0.1271
0.1165
0.0608
0.1261
0.1175
0.064
0.1274
0.1161
0.0644
0.1199
0.11
0.0643
0.1283
0.1244
0.0631
0.1298
0.1187
0.0626
0.1266
0.1241
0.062
0.1268
0.1181
0.0653
0.128
0.1173
0.0829
0.1302
0.1217
0.0706
0.1332
0.1173
0.0635
0.1271
0.1158
0.0613
0.1263
0.1153
0.0604
0.1253
0.1171
0.0599
0.125
0.1163
0.0621
0.1275
0.1173
0.0608
0.1264
0.1181
0.0625
0.1287
0.1182
0.0632
0.1276
0.117
0.0617
0.1278
0.1171
0.0892
0.1994
0.187
0.0625
0.1276
0.1187
0.0646
0.1286
0.1195
0.0673
0.1293
0.1181
0.0647
0.1284
0.1183
0.0627
0.1269
0.1196
0.0653
0.1282
0.1185
0.0642
0.1282
0.1174
0.063
0.128
0.1182
0.0608
0.1285
0.1174
0.0619
0.1267
0.1177
0.0627
0.1279
0.1179
0.0646
0.1403
0.1162
0.0624
0.126
0.1153
0.0702
0.1262
0.1166
0.0626
0.1269
0.1162
0.0638
0.1178
0.1087
0.0602
0.1259
0.1169
0.0605
0.1264
0.1184
0.0696
0.1314
0.1193
0.0627
0.1292
0.1182
0.062
0.1282
0.1195
0.0633
0.128
0.1168
0.0645
0.1288
0.1185
0.064
0.1288
0.1181
0.0625
0.127
0.1167
0.0625
0.1274
0.117
0.062
0.1278
0.1185
0.0617
0.1276
0.1173
0.062
0.1272
0.117
0.0627
0.1265
0.1167
0.0635
0.1254
0.1163
0.0618
0.1267
0.1182
0.0607
0.128
0.1179
0.061
0.1269
0.1157
0.0607
0.127
0.1213
0.0692
0.1324
0.1187
0.0636
0.1264
0.1163
0.067
0.1303
0.1186
0.0654
0.1355
0.1218
0.0702
0.1331
0.1191
0.0649
0.1332
0.1208
0.0662
0.1335
0.1212
0.0687
0.1327
0.1191
0.0682
0.1388
0.1268
0.0737
0.1411
0.1236
0.0706
0.1362
0.1228
0.0671
0.1358
0.1214
0.0681
0.13
0.1218
0.111
0.1469
0.1144
0.0819
0.141
0.1289
0.0754
0.1334
0.1189
0.0815
0.1471
0.1177
0.0631
0.1284
0.1176
0.0627
0.1274
0.116
0.0663
0.129
0.1149
0.0622
0.1262
0.1171

-------------------------------------
CodechalDecodeHevcG12::SetFrameStates
-------------------------------------
6.1048
0.077
0.0633
0.0566
2.1242
3.0342
0.0903
0.0774
0.0094
0.0083
0.0075
0.007
0.0093
0.0078
0.007
0.0069
0.1034
0.0806
0.0111
0.0077
0.0072
0.0071
0.0076
0.007
0.0072
0.007
0.0082
0.0072
0.0077
0.0066
0.0069
0.0072
0.007
0.0073
0.0103
0.0084
0.0075
0.0106
0.0076
0.0068
0.007
0.0074
0.0078
0.0102
0.0082
0.0074
0.0104
0.0107
0.01
0.0099
0.0072
0.007
0.0081
0.0069
0.0084
0.0083
0.0113
0.0113
0.012
0.0128
0.009
0.0113
0.0082
0.009
0.0114
0.0117
0.0117
0.0078
0.0106
0.0077
0.0075
0.0098
0.0105
0.0102
0.011
0.0077
0.0103
0.0098
0.0138
0.0087
0.0107
0.0081
0.0097
0.0103
0.0088
0.0108
0.0108
0.0124
0.0104
0.0085
0.0105
0.0126
0.0075
0.0122
0.0101
0.0076
0.0104
0.1155
0.0108
0.0138
0.0088
0.0083
0.0097
0.0108
0.0106
0.0088
0.1018
0.0079
0.0078
0.1145
0.0115
0.0077
0.0133
0.0125
0.0108
0.0095
0.012
0.0117
0.0101
0.0078
0.0075
0.0075
0.0074
0.0096
0.01
0.0075
0.0077
0.0102
0.0078
0.0078
0.1708
0.0084
0.0077
0.0123
0.0073
0.0071
0.007
0.0074
0.0071
0.0072
0.0097
0.0098
0.007
0.0098
0.0067
0.007
0.0069
0.0072
0.007
0.0066
0.0074
0.0098
0.0074
0.0074
0.0103
0.0073
0.0072
0.0068
0.0097
0.0075
0.01
0.0086
0.0078
0.2465
0.0109
0.0138
0.0086
0.0074
0.01
0.0075
0.01
0.0076
0.0102
0.0072
0.0103
0.0108
0.0112
0.0101
0.0118
0.0109
0.0077
0.0075
0.0068
0.0071
0.0071
0.0072
0.0068
0.0069
0.0069
0.0068
0.0069
0.0069
0.0068
0.0067
0.0096
0.0102
0.0111
0.0077
0.0078
0.0072
0.0069
0.0068
0.0071
0.0069
0.0068
0.0068
0.0068
0.0067
0.0069
0.0068
0.0098
0.0083
0.0071
0.007
0.0069
0.0068
0.0066
0.0068
0.0066
0.0069
0.0067
0.0067
0.0069
0.0068
0.0094
0.0101
0.0099
0.0071
0.0072
0.0076
0.0067
0.0074
0.0072
0.0069
0.0067
0.0068
0.0066
0.0068
0.0068
0.0093
0.0108
0.0097
0.009
0.0089
0.009
0.0071
0.0071
0.0072
0.016
0.0086
0.0085
0.0074
0.0112
0.0096
0.0099
0.01
0.0089
0.007
0.0098
0.0086
0.0096
0.0071
0.0072
0.0069
0.0071
0.0085
0.0097
0.0097
0.0096
0.0097
0.0101
0.0068
0.0066
0.0066
0.0066
0.0068
0.0109
0.0103
0.0085
0.01
0.0101
0.0095
0.0109
0.0084
0.0078
0.0075
0.0132
0.0098
0.0077
0.0074
0.0075
0.007
0.0101
0.0105
0.0073
0.008
0.007
0.0095
0.0076
0.0076
0.0071
0.0071
0.0071
0.007
0.0075
0.0076
0.0077
0.0085
0.0085
0.0083
0.0071
0.0069
0.0102
0.0175
0.008
0.011
0.0093
0.0074
0.0069
0.0098
0.0088
0.01
0.0095
0.0069
0.0069
0.0072
0.007
0.0074
0.0075
0.0068
0.007
0.0073
0.0073
0.0073
0.0109
0.0074
0.0099
0.0069
0.0067
0.0088
0.01
0.0097
0.0089
0.0098
0.0098
0.0068
0.0068
0.007
0.0068
0.0069
0.0066
0.007
0.0069
0.0068
0.0074
0.0066
0.0069
0.0097
0.0088
0.0096
0.007
0.0075
0.0069
0.0071
0.007
0.0069
0.007
0.007
0.0068
0.007
0.0069
0.0068
0.0071
0.0069
0.0069
0.0076
0.0068
0.0097
0.0101
0.0084
0.0097
0.0067
0.0069
0.0069
0.0068
0.0069
0.0068
0.0069
0.0086
0.0099
0.007
0.0071
0.0163
0.0115
0.0089
0.0081
0.0076
0.0072
0.0073
0.007
0.007
0.0071
0.0102
0.0069
0.0069
0.0105
0.0085
0.0076
0.0093
0.0072
0.0104
0.0071
0.0103
0.0069
0.0103
0.0068
0.0099
0.0071
0.0092
0.0069
0.0104
0.0069
0.0083
0.007
0.0103
0.0084
0.0106
0.0074
0.0079
0.007
0.007
0.007
0.007
0.0076
0.0069
0.007
0.0069
0.0069
0.0074
0.0072
0.0069
0.0073
0.007
0.0067
0.007
0.0068
0.0069
0.0069
0.0096
0.0069
0.007
0.007
0.0067
0.0098
0.0068
0.0069
0.007
0.0068
0.0067
0.0072
0.01
0.0099
0.0067
0.007
0.0068
0.0069
0.0071
0.0069
0.0069
0.0068
0.0068
0.0068
0.0071
0.0069
0.009
0.0069
0.0068
0.0071
0.0071
0.0067
0.0068
0.0069
0.0071
0.0068
0.0069
0.0069
0.0068
0.0068
0.007
0.007
0.0097
0.0083
0.0103
0.0075
0.0071
0.0071
0.0071
0.0068
0.007
0.0071
0.007
0.0071
0.0068
0.0069
0.01
0.0098
0.0102
0.0099
0.0103
0.0079
0.0071
0.0069
0.0098
0.0069
0.0069
0.0068
0.007
0.007
0.0072
0.0068
0.0069
0.0068
0.0069
0.0076
0.0068
0.0069
0.0079
0.0068
0.0072
0.007
0.0068
0.0072
0.0071
0.0073
0.007
0.0071
0.0069
0.0069
0.007
0.0069
0.0068
0.007
0.0067
0.0097
0.0071
0.0071
0.0068
0.0072
0.0069
0.0067
0.007
0.0066
0.0067
0.007
0.0069
0.0076
0.007
0.0094
0.0071
0.007
0.0068
0.0068
0.0079
0.007
0.0071
0.0071
0.0066
0.0071
0.0071
0.0069
0.0072
0.0069
0.0066
0.0071
0.0067
0.007
0.0069
0.0072
0.0067
0.0077
0.0074
0.0076
0.0076
0.0083
0.0078
0.0088
0.0079
0.008
0.0083
0.0081
0.008
0.0074
0.014
0.0109
0.0096
0.0101
0.0075
0.0076
0.0071
0.0068

--------------------------
CreateVideoDecoder_D3D11_1
--------------------------
15.9791

---------------------------
DestroyVideoDecoder_D3D11_1
---------------------------
0

----------------
First Frame Time
----------------
59.8701

--------------------------------------
VideoDecoderBeginFrame_WDDM2_4_D3D11_1
--------------------------------------
0.0076
0.0025
0.0025
0.0021
0.0022
0.0037
0.0024
0.0018
0.0024
0.0022
0.0018
0.0017
0.0022
0.0027
0.0018
0.0016
0.0017
0.0018
0.0019
0.0027
0.0018
0.0016
0.002
0.0016
0.0016
0.0016
0.0016
0.0016
0.0028
0.0016
0.0016
0.0017
0.0015
0.0015
0.0027
0.0019
0.0018
0.0022
0.0017
0.0017
0.0016
0.002
0.0025
0.0026
0.002
0.002
0.0018
0.0029
0.0025
0.0028
0.0017
0.002
0.0016
0.0016
0.0016
0.0019
0.002
0.0021
0.0021
0.0036
0.0019
0.003
0.002
0.0036
0.0025
0.0034
0.0031
0.002
0.0027
0.0019
0.0019
0.0022
0.0023
0.0026
0.0026
0.002
0.0025
0.0023
0.0034
0.0021
0.0028
0.0019
0.0024
0.0028
0.0019
0.0027
0.003
0.003
0.0027
0.002
0.0027
0.003
0.0017
0.0034
0.0032
0.0021
0.0032
0.0027
0.0027
0.0032
0.0027
0.0018
0.0026
0.0026
0.0027
0.0019
0.0022
0.002
0.0018
0.0019
0.0024
0.0026
0.0037
0.0038
0.0028
0.0026
0.0031
0.0031
0.0025
0.0018
0.002
0.0018
0.0017
0.0019
0.002
0.0018
0.0019
0.0023
0.0019
0.0019
0.0021
0.0022
0.0019
0.0027
0.0018
0.0016
0.0017
0.0016
0.0016
0.0017
0.0023
0.0034
0.0018
0.0024
0.0017
0.0017
0.0016
0.0016
0.0017
0.0016
0.0018
0.0024
0.0018
0.0029
0.0026
0.0018
0.0016
0.0017
0.0024
0.0019
0.0025
0.0021
0.0018
0.0019
0.0035
0.0029
0.0029
0.002
0.0025
0.0018
0.0024
0.0018
0.0025
0.0017
0.0028
0.0027
0.0026
0.0023
0.0025
0.0025
0.0018
0.0017
0.0016
0.0016
0.0018
0.0018
0.0015
0.0017
0.0016
0.0016
0.0017
0.0016
0.0017
0.0019
0.0022
0.0024
0.0026
0.0019
0.0019
0.0019
0.0016
0.0017
0.0018
0.0016
0.0018
0.0016
0.0017
0.0016
0.0015
0.0015
0.0025
0.0036
0.0016
0.0016
0.0017
0.0016
0.0016
0.0016
0.0016
0.0016
0.0016
0.0015
0.0014
0.0015
0.0021
0.0026
0.0023
0.0017
0.0018
0.0018
0.0016
0.0017
0.0017
0.0017
0.0016
0.0016
0.0015
0.0015
0.0015
0.0021
0.0023
0.0024
0.0026
0.0023
0.0024
0.0018
0.002
0.0019
0.0042
0.0101
0.0021
0.0017
0.0031
0.0023
0.0027
0.0023
0.0021
0.0016
0.0025
0.0021
0.0025
0.0017
0.0018
0.0015
0.0016
0.0021
0.0024
0.0024
0.0023
0.0024
0.0024
0.0015
0.0017
0.0017
0.0016
0.0017
0.0027
0.0025
0.002
0.0025
0.0025
0.0022
0.003
0.0019
0.0019
0.0019
0.0036
0.0026
0.0019
0.0023
0.002
0.0016
0.0025
0.0023
0.0018
0.0019
0.0018
0.0024
0.0018
0.0018
0.0017
0.0017
0.0016
0.0016
0.0017
0.0016
0.0016
0.0018
0.0017
0.0017
0.0016
0.0015
0.0027
0.0041
0.002
0.0025
0.0036
0.0017
0.0017
0.0024
0.0021
0.0025
0.0024
0.0018
0.0016
0.0018
0.0015
0.0021
0.0019
0.0016
0.0017
0.0018
0.0016
0.0022
0.0032
0.0019
0.0025
0.0018
0.0016
0.0023
0.0023
0.0024
0.0021
0.0023
0.0024
0.0016
0.0015
0.0015
0.0016
0.0016
0.0015
0.0016
0.0016
0.0017
0.002
0.0015
0.0017
0.0023
0.0023
0.0023
0.0017
0.0019
0.0015
0.0017
0.0015
0.0017
0.0016
0.0018
0.0015
0.0016
0.0016
0.0016
0.0017
0.0016
0.0018
0.0016
0.0016
0.0023
0.0026
0.002
0.0023
0.0016
0.0015
0.002
0.0016
0.0016
0.0016
0.0017
0.0024
0.0028
0.0016
0.0015
0.004
0.0027
0.0021
0.002
0.0021
0.0017
0.0018
0.0016
0.0017
0.0019
0.0024
0.0017
0.0016
0.0028
0.0021
0.002
0.0023
0.0018
0.0023
0.0017
0.0023
0.0017
0.0024
0.0017
0.0024
0.0017
0.002
0.0017
0.0023
0.0016
0.0018
0.0017
0.0023
0.002
0.0029
0.0017
0.002
0.0017
0.0016
0.0016
0.0018
0.0015
0.0017
0.0016
0.0016
0.0015
0.0016
0.0015
0.0015
0.0023
0.0017
0.0015
0.0016
0.0016
0.0017
0.0015
0.0023
0.0016
0.0016
0.0016
0.0017
0.0023
0.0021
0.0016
0.0016
0.0016
0.0016
0.002
0.0023
0.0023
0.0016
0.0015
0.0016
0.0016
0.0018
0.0018
0.0016
0.0016
0.0016
0.0015
0.0016
0.0016
0.0036
0.0016
0.0016
0.0017
0.0015
0.0015
0.0016
0.0017
0.0018
0.0016
0.0017
0.0016
0.0016
0.0016
0.0015
0.0016
0.0023
0.0021
0.0022
0.0019
0.0016
0.0018
0.0016
0.0017
0.0016
0.0017
0.0016
0.0017
0.0016
0.0017
0.0022
0.0024
0.0026
0.0024
0.0026
0.0017
0.0018
0.0016
0.0023
0.0017
0.0016
0.0016
0.0019
0.0024
0.002
0.0016
0.0016
0.0016
0.0015
0.0016
0.0016
0.0015
0.0017
0.0017
0.0018
0.0016
0.0017
0.002
0.0015
0.0018
0.0017
0.0017
0.0017
0.0017
0.0016
0.0017
0.0018
0.0016
0.0016
0.0024
0.0018
0.0018
0.0017
0.0016
0.0016
0.0016
0.0016
0.0016
0.0016
0.0017
0.0016
0.002
0.0016
0.0017
0.0018
0.0017
0.0016
0.0015
0.0016
0.0019
0.0017
0.0016
0.0017
0.0017
0.0017
0.0016
0.0019
0.0017
0.0016
0.0016
0.0015
0.0016
0.0016
0.0015
0.0015
0.0021
0.0016
0.0017
0.0018
0.0018
0.0018
0.0017
0.0018
0.0016
0.0017
0.0017
0.0017
0.0019
0.0033
0.0028
0.0031
0.0025
0.0018
0.0018
0.0019
0.0017

----------------------------
VideoDecoderEndFrame_D3D11_1
----------------------------
0.0471
0.0779
0.1056
0.1009
0.1505
0.1581
0.1362
0.1279
0.1441
0.0632
0.0577
0.0624
0.0663
0.0663
0.0622
0.0628
0.0632
0.0534
0.054
0.0613
0.0531
0.0554
0.0529
0.054
0.0518
0.0519
0.0518
0.0511
0.0554
0.051
0.0571
0.0528
0.0513
0.0519
0.0545
0.0517
0.052
0.0539
0.054
0.0553
0.052
0.0547
0.0565
0.0543
0.0521
0.0541
0.073
0.0744
0.0753
0.078
0.0516
0.051
0.0512
0.0515
0.0682
0.0755
0.0656
0.0672
0.0596
0.0581
0.0534
0.0757
0.0514
0.0528
0.0774
0.0758
0.0763
0.0538
0.0734
0.0552
0.0515
0.0742
0.0737
0.0741
0.0759
0.0523
0.0735
0.0528
0.0776
0.052
0.0753
0.0519
0.0649
0.0543
0.0537
0.0973
0.1027
0.0822
0.0553
0.0535
0.0563
0.079
0.0677
0.0814
0.0597
0.0521
0.0753
0.0554
0.0583
0.1004
0.0542
0.0558
0.0755
0.0773
0.058
0.0646
0.0531
0.0508
0.0837
0.0532
0.0759
0.1145
0.0974
0.0816
0.0804
0.0556
0.0831
0.0801
0.0897
0.0815
0.0657
0.0635
0.0688
0.0793
0.0763
0.0629
0.057
0.0652
0.0747
0.0623
0.0523
0.0542
0.0516
0.0531
0.0532
0.0519
0.051
0.0531
0.0504
0.0546
0.0723
0.0572
0.0514
0.0754
0.0516
0.0511
0.0532
0.0533
0.052
0.0549
0.0504
0.0769
0.055
0.055
0.0675
0.0545
0.0554
0.0504
0.0765
0.053
0.0753
0.0755
0.0531
0.063
0.0547
0.0868
0.0626
0.0572
0.0756
0.0523
0.0746
0.0548
0.0679
0.0637
0.0776
0.0719
0.0784
0.0779
0.0729
0.0751
0.0532
0.0544
0.0513
0.0524
0.0516
0.0523
0.0505
0.0536
0.0523
0.0522
0.0516
0.052
0.0496
0.0509
0.0755
0.0727
0.0812
0.052
0.053
0.053
0.0542
0.0523
0.0522
0.0524
0.0513
0.0562
0.0517
0.0538
0.0517
0.0517
0.0683
0.0541
0.0535
0.0529
0.0532
0.0506
0.0509
0.0509
0.0528
0.0525
0.0523
0.0534
0.0522
0.0522
0.0774
0.0742
0.0762
0.0513
0.0514
0.051
0.0516
0.0512
0.0535
0.0534
0.0523
0.0519
0.0532
0.0516
0.051
0.0752
0.0767
0.0703
0.1047
0.0531
0.0561
0.0675
0.0529
0.0541
0.0832
0.0525
0.0524
0.054
0.0797
0.0753
0.069
0.0772
0.0774
0.0552
0.0771
0.075
0.0683
0.0529
0.0522
0.0527
0.0511
0.078
0.074
0.0716
0.0748
0.074
0.0697
0.0515
0.0527
0.0531
0.0516
0.0501
0.0726
0.0772
0.0763
0.0736
0.0711
0.0767
0.0579
0.052
0.086
0.0531
0.0769
0.0554
0.057
0.077
0.0523
0.0517
0.0774
0.0775
0.0517
0.0587
0.0695
0.0552
0.0682
0.0535
0.053
0.0529
0.0541
0.0556
0.0548
0.0556
0.0556
0.0552
0.0556
0.0561
0.0507
0.0687
0.0778
0.0765
0.0553
0.0669
0.0563
0.0547
0.0539
0.0533
0.0545
0.0759
0.0791
0.0525
0.0534
0.0535
0.0513
0.0506
0.0506
0.0504
0.0546
0.0528
0.0522
0.0575
0.0548
0.0525
0.0743
0.05
0.0525
0.0798
0.0774
0.0774
0.0765
0.0722
0.0702
0.0528
0.0512
0.0506
0.0557
0.0503
0.0497
0.0514
0.0512
0.0518
0.0495
0.052
0.0516
0.0755
0.0775
0.0682
0.0527
0.0521
0.0503
0.0519
0.0505
0.0513
0.0518
0.0521
0.0512
0.052
0.0511
0.061
0.0517
0.0543
0.0514
0.0526
0.0515
0.0771
0.0782
0.0765
0.0743
0.0521
0.0531
0.0509
0.0528
0.0532
0.0516
0.0498
0.0757
0.0745
0.0511
0.0509
0.0811
0.0739
0.0641
0.058
0.0517
0.051
0.0509
0.0517
0.053
0.0506
0.0744
0.052
0.0525
0.0541
0.0538
0.0542
0.0777
0.0516
0.0714
0.0504
0.0778
0.0506
0.0749
0.0521
0.0766
0.0526
0.076
0.0512
0.0697
0.0512
0.0757
0.0512
0.0536
0.054
0.0705
0.0517
0.0529
0.0521
0.0508
0.0518
0.0522
0.051
0.0521
0.0525
0.0514
0.0531
0.0527
0.0542
0.0517
0.0525
0.0514
0.0514
0.0586
0.0513
0.0528
0.0526
0.0765
0.052
0.0557
0.0532
0.0514
0.068
0.052
0.0517
0.0519
0.0527
0.0521
0.0498
0.0763
0.0727
0.0537
0.0511
0.0518
0.0492
0.0534
0.0506
0.0525
0.0516
0.0518
0.0519
0.0516
0.0521
0.0566
0.0506
0.0521
0.051
0.0503
0.0522
0.0507
0.0521
0.051
0.0503
0.0516
0.0509
0.0522
0.0524
0.0513
0.0512
0.0744
0.0749
0.0773
0.0532
0.0523
0.0501
0.0531
0.0521
0.0534
0.0508
0.05
0.051
0.0523
0.0509
0.0775
0.0739
0.0692
0.0771
0.0769
0.052
0.0519
0.052
0.0678
0.0519
0.0522
0.054
0.0516
0.0544
0.0526
0.0524
0.0514
0.0523
0.0502
0.0547
0.0515
0.0499
0.0494
0.0521
0.0535
0.0531
0.0545
0.0517
0.0674
0.0536
0.0519
0.0504
0.0512
0.0509
0.0499
0.0501
0.0508
0.0501
0.0505
0.0675
0.0531
0.0508
0.0503
0.0499
0.0507
0.0517
0.0504
0.0507
0.0512
0.0507
0.0505
0.0503
0.0508
0.0506
0.0503
0.0513
0.051
0.0508
0.0573
0.0504
0.0502
0.0524
0.0531
0.0517
0.0501
0.0544
0.0509
0.0514
0.0522
0.0513
0.0529
0.0536
0.0544
0.0528
0.0529
0.053
0.0528
0.0542
0.0735
0.0555
0.0544
0.0537
0.0591
0.0561
0.061
0.0558
0.0562
0.0523
0.0592
0.0601
0.0564
0.0563
0.0526
0.0535
0.0533
0.0543

---------------------------------
VideoDecoderSubmitBuffers_D3D11_1
---------------------------------
10.4109
0.9544
0.8768
0.6664
2.928
3.8967
0.8392
0.7834
1.3641
0.964
0.9954
1.0702
1.0491
1.0753
1.0148
1.0646
2.5251
0.783
1.8744
0.7016
0.6471
0.7032
0.5183
0.5201
0.4281
0.4258
0.434
0.584
0.693
0.6545
0.7156
0.6573
0.6848
0.7162
0.624
0.6507
0.6947
0.6577
0.6718
0.6445
0.6957
0.4246
0.4131
0.4675
0.4214
0.4245
0.9775
0.6627
0.6401
0.6403
0.4342
0.4424
0.5961
0.6681
0.8564
0.6567
0.5258
0.6547
0.6486
0.6844
0.4358
0.6581
0.4537
0.4508
0.7295
0.677
0.6636
0.4297
0.6167
0.4412
0.4474
0.648
0.6411
0.6474
0.6677
0.4498
0.6519
0.4561
0.7077
0.4388
0.6588
0.4455
0.7202
0.5414
0.6333
0.6141
0.4919
0.6831
0.4877
0.4396
0.4937
0.6588
0.4182
0.635
0.4337
0.4273
0.6351
0.5848
1.2737
0.6264
0.4487
0.4328
0.6263
0.6569
0.4999
0.4471
0.6704
2.03
0.4527
0.6431
0.6777
0.4421
0.6873
0.6426
0.6557
0.4426
0.6618
0.6709
0.6426
0.5249
0.4497
0.4468
0.4436
0.5723
0.6808
0.4567
0.4841
0.6271
0.4763
0.4383
3.0272
0.4308
0.4338
0.5406
0.4284
0.4204
0.427
0.4246
0.4202
0.4348
0.6298
0.4282
0.4132
0.6206
0.4088
0.4095
0.4221
0.4166
0.418
0.421
0.5468
0.584
0.4185
0.4328
0.6086
0.4236
0.4249
0.4185
0.6313
0.4252
0.6263
0.6147
0.427
0.6992
2.5467
0.5622
0.4782
0.6001
0.6122
0.4247
0.6212
0.4348
0.5832
0.4111
0.6411
0.61
0.6821
0.6592
0.6159
0.6488
0.4394
0.4396
0.4161
0.4186
0.432
0.4258
0.4173
0.4168
0.412
0.415
0.4167
0.4144
0.4153
0.4145
0.6211
0.6363
0.627
0.4311
0.4273
0.4268
0.4061
0.413
0.4083
0.4113
0.4169
0.4129
0.4108
0.4151
0.4128
0.4096
0.598
0.429
0.4213
0.4173
0.4239
0.4208
0.4125
0.4104
0.4172
0.4136
0.4197
0.4118
0.4092
0.4113
0.6142
0.603
0.6319
0.4141
0.4201
0.4066
0.4188
0.4225
0.4137
0.4225
0.4094
0.4152
0.4141
0.4228
0.4125
0.6183
0.5829
0.6258
0.5994
0.438
0.4387
0.4294
0.4167
0.4182
0.7117
0.4348
0.4492
0.4259
0.6478
0.6034
0.5987
0.6245
0.6074
0.416
0.6245
0.6042
0.5934
0.4233
0.4096
0.4211
0.4223
0.6167
0.585
0.6311
0.6301
0.5869
0.627
0.4191
0.4222
0.4158
0.4172
0.4179
0.6144
0.636
0.6077
0.5943
0.6294
0.6231
0.489
0.4299
0.5717
0.4367
0.6827
0.4435
0.425
0.418
0.4225
0.4163
0.6494
0.5921
0.4285
0.4177
0.4191
0.4548
0.4259
0.4334
0.4168
0.4188
0.4201
0.4309
0.4321
0.4336
0.4475
0.4518
0.4624
0.4558
0.4282
0.4153
0.4884
0.7041
0.4423
0.6104
0.426
0.4163
0.4162
0.4698
0.4347
0.6243
0.6032
0.4323
0.4185
0.4224
0.417
0.4472
0.4167
0.4072
0.4208
0.4965
0.4127
0.45
0.4544
0.4394
0.5686
0.4119
0.4183
0.6052
0.5968
0.6295
0.6169
0.5933
0.6296
0.4116
0.4139
0.4152
0.4148
0.4138
0.4154
0.4134
0.411
0.4086
0.4337
0.4257
0.4138
0.6258
0.5962
0.5983
0.4176
0.4148
0.4152
0.4168
0.4252
0.4131
0.414
0.4243
0.4134
0.4131
0.4113
0.4206
0.4204
0.4238
0.4136
0.4138
0.4122
0.5845
0.6353
0.6128
0.5852
0.4152
0.4131
0.4131
0.4103
0.4114
0.408
0.4242
0.6129
0.5871
0.4123
0.4112
0.7417
0.5931
0.4329
0.513
0.4255
0.4212
0.4165
0.4217
0.433
0.4112
0.5736
0.4349
0.4208
0.4755
0.44
0.4212
0.5797
0.4142
0.6194
0.4204
0.6251
0.418
0.5766
0.4201
0.6277
0.4175
0.5779
0.4142
0.6299
0.4169
0.6084
0.4181
0.6053
0.4355
0.6194
0.4088
0.4199
0.4111
0.4188
0.4084
0.4136
0.4087
0.4063
0.4088
0.4098
0.4069
0.4177
0.4255
0.4105
0.4236
0.4098
0.4118
0.4113
0.4128
0.4119
0.4124
0.6148
0.4181
0.4239
0.4192
0.4072
0.6006
0.4137
0.4205
0.4154
0.4117
0.4191
0.4221
0.5565
0.6142
0.4082
0.4063
0.4027
0.4197
0.4262
0.4196
0.4101
0.4103
0.4066
0.4117
0.4088
0.4223
0.4311
0.4138
0.4185
0.4252
0.4232
0.4099
0.4106
0.422
0.4159
0.417
0.404
0.4032
0.4149
0.4091
0.4048
0.4186
0.6206
0.6111
0.6177
0.4167
0.4166
0.4151
0.4112
0.4229
0.4145
0.4171
0.4128
0.4154
0.4129
0.4195
0.6265
0.6089
0.602
0.6316
0.6438
0.4067
0.4136
0.4101
0.5983
0.4114
0.4201
0.4124
0.4347
0.4277
0.4196
0.4154
0.4137
0.4084
0.4095
0.4146
0.4074
0.4136
0.4115
0.4243
0.4185
0.4194
0.4108
0.4223
0.4481
0.4396
0.414
0.4111
0.7725
0.749
0.8009
0.8272
0.7329
0.7554
0.7609
0.8687
0.4209
0.5115
0.7217
0.7789
0.7685
0.7823
0.7593
0.4157
0.4973
0.7196
0.8177
0.432
0.6202
0.7852
0.4131
0.4009
0.6466
0.8109
0.778
0.4163
0.4152
0.4168
0.4211
0.4187
0.4133
0.4202
0.4133
0.4127
0.4099
0.4102
0.4098
0.4112
0.4118
0.4102
0.4159
0.4382
0.4183
0.4299
0.4381
0.4451
0.4332
0.4374
0.4386
0.4553
0.4624
0.451
0.441
0.4358
0.5469
0.4977
0.4587
0.4855
0.4193
0.415
0.4203
0.4139

