--------------------------
CreateVideoDecoder_D3D11_1
--------------------------
20.1071
15.0763
13.1554

---------------------------
DestroyVideoDecoder_D3D11_1
---------------------------
13.5444
13.6097
0

----------------
First Frame Time
----------------
0

----------------------------
VideoDecoderEndFrame_D3D11_1
----------------------------
0.0035
0.0023
0.0042
0.0027
0.0025
0.0024
0.0026
0.0021
0.0019
0.0028
0.0019
0.0021
0.0015
0.0038
0.0015
0.0024
0.0013
0.0014
0.0024
0.0032
0.0021
0.0016
0.0012
0.0023
0.0018
0.0015
0.0013
0.0012
0.0035
0.0015
0.0013
0.0012
0.0013
0.0021
0.0022
0.0026
0.002
0.0025
0.0022
0.0021
0.0023
0.0026
0.0045
0.0024
0.0021
0.0024
0.0021
0.0021
0.0024
0.0022
0.0023
0.0024
0.0022
0.0024
0.0022
0.0021
0.0024
0.0022
0.0022
0.0025
0.0022
0.0021
0.0023
0.0042
0.0024
0.0021
0.002
0.0024
0.0025
0.0021
0.0025
0.0021
0.0024
0.002
0.0022
0.0032
0.0021
0.0021
0.0023
0.0022
0.0026
0.0022
0.0023
0.0024
0.0023
0.0021
0.0029
0.0026
0.0028
0.0028
0.0029
0.0026
0.0025
0.0024
0.0049
0.0031
0.0023
0.0032
0.0033
0.0028
0.0021
0.0019
0.0025
0.0016
0.0022
0.0016
0.0015
0.0018
0.0016
0.0017
0.0024
0.0024
0.0022
0.0026
0.0021
0.0026
0.0021
0.0021
0.0025
0.0022
0.0022
0.0022
0.0022
0.002
0.0024
0.0023
0.0023
0.0022
0.0021
0.0024
0.0021
0.002
0.0023
0.0021
0.0023
0.0021
0.0021
0.0024
0.0024
0.0029
0.0026
0.0044
0.0024
0.0023
0.0022
0.0023
0.0021
0.0023
0.0026
0.002
0.0025
0.0026
0.0021
0.0024
0.0021
0.0021
0.0025
0.0019
0.0022
0.0024
0.0024
0.0024
0.0019
0.0029
0.0023
0.0022
0.002
0.0024
0.0023
0.0021
0.0021
0.0021
0.0026
0.0025
0.0021
0.0023
0.0021
0.0024
0.0022
0.0023
0.0023
0.0022
0.0021
0.0025
0.0021
0.0021
0.0024
0.0021
0.0023
0.0022
0.0023
0.0024
0.0022
0.002
0.0021
0.0021
0.0023
0.0022
0.0022
0.0025
0.0022
0.0023
0.0023
0.0021
0.0023
0.0021
0.0022
0.0024
0.0021
0.002
0.0025
0.005
0.0022
0.0026
0.0022
0.0024
0.0023
0.0024
0.0027
0.0025
0.0023
0.0023
0.0024
0.0023
0.002
0.0021
0.0026
0.0022
0.002
0.0023
0.0022
0.0024
0.0024
0.0021
0.0025
0.0021
0.0021
0.0023
0.0021
0.0023
0.0027
0.0022
0.0022
0.0025
0.0021
0.0023
0.0021
0.0021
0.0024
0.0021
0.0025
0.0022
0.0021
0.0024
0.0021
0.0021
0.0024
0.002
0.0026
0.0022
0.0021
0.0023
0.0023
0.0021
0.0024
0.0022
0.0026
0.0021
0.0022
0.0026
0.0023
0.0021
0.0023
0.002
0.0023
0.0024
0.0022
0.0028
0.0021
0.0021
0.0023
0.0023
0.0021
0.0023
0.0023
0.0024
0.0022
0.0023
0.0024
0.0022
0.002
0.0027
0.0023
0.0024
0.0021
0.0021
0.0023
0.0021
0.0024
0.0024

