---------------------------------------------
CalcPrivateVideoDecoderOutputViewSize_D3D11_1
---------------------------------------------
0.0027
0.0029
0.0022
0.0021
0.0064
0.0016
0.002
0.0014
0.0012
0.0019
0.001
0.0011
0.0021
0.0031
0.0016
0.0012
0.0016
0.001
0.0009
0.0024
0.001
0.0012
0.0012
0.0011
0.001
0.0008
0.0011
0.0018
0.0031
0.0014
0.0015
0.0044
0.0012
0.0012
0.001
0.0009
0.0014
0.0013
0.0018
0.0015
0.0014
0.0021
0.0044
0.0014
0.0017
0.002
0.0012
0.0015
0.0013
0.0014
0.0016
0.0019
0.0013
0.0016
0.0009
0.002
0.002
0.0017
0.0009
0.002
0.002
0.001
0.0018
0.0034
0.0022
0.0021
0.0024
0.0023
0.0019
0.0018
0.0019
0.0012
0.0019
0.0025
0.0019
0.0019
0.0013
0.0019
0.001
0.0016
0.0021
0.0019
0.0015
0.0021
0.0015
0.0021
0.0017
0.002
0.0015
0.002
0.0016
0.0014
0.0027
0.0014
0.0047
0.0021
0.0014
0.0022
0.0012
0.0017
0.0017
0.0011
0.0023
0.0019
0.0009
0.0017
0.002
0.0012
0.0016
0.001
0.0021
0.0019
0.0016
0.002
0.0019
0.0021
0.0018
0.002
0.0013
0.0026
0.0012
0.0017
0.0017
0.002
0.0019
0.0019
0.0015
0.0018
0.0017
0.0017
0.0015
0.0018
0.0016
0.0018
0.0014
0.0018
0.0018
0.002
0.0013
0.0021
0.0016
0.0041
0.0019
0.0021
0.0011
0.0017
0.0016
0.0019
0.0012
0.0024
0.002
0.0018
0.0011
0.0028
0.0014
0.0021
0.0018
0.0018
0.002
0.0022
0.0021
0.0016
0.0017
0.0016
0.001
0.0017
0.0016
0.0012
0.0017
0.0017
0.002
0.0018
0.0017
0.0021
0.0021
0.0017
0.0017
0.0016
0.0017
0.0016
0.0022
0.0017
0.0016
0.0019
0.0019
0.0018
0.0019
0.0022
0.002
0.0021
0.0017
0.0016
0.0017
0.0017
0.0017
0.0017
0.0017
0.0024
0.0023
0.0019
0.0017
0.0021
0.0022
0.002
0.0019
0.0021
0.0017
0.0009
0.002
0.0021
0.0013
0.0034
0.0023
0.0019
0.0021
0.002
0.0016
0.0021
0.002
0.0021
0.0019
0.0022
0.0021
0.0019
0.0018
0.0021
0.0019
0.0018
0.0018
0.0022
0.0018
0.0012
0.002
0.002
0.0021
0.0017
0.0018
0.0009
0.002
0.002
0.0015
0.0019
0.001
0.0021
0.0018
0.0019
0.002
0.0015
0.0011
0.0019
0.0019
0.0014
0.0014
0.0016
0.0011
0.0012
0.0009
0.0016
0.0023
0.0017
0.0015
0.002
0.0019
0.002
0.0017
0.0019
0.0019
0.0016
0.0018
0.0021
0.0017
0.0011
0.0021
0.0019
0.0015
0.0021
0.0019
0.0016
0.0025
0.0019
0.0009
0.0016
0.002
0.0021
0.0019
0.0019
0.0019
0.0017
0.0017
0.0021
0.0021
0.0017
0.0019
0.0019
0.001
0.0014
0.0022
0.0022
0.0015
0.0015
0.0017
0.0016
0.0019
0.0019
0.002
0.0009
0.0012
0.0021
0.0022
0.0016
0.0013
0.0021
0.0026
0.002
0.0017
0.0021
0.0052
0.0019
0.0018
0.001
0.0024
0.0011
0.002
0.0016
0.0014
0.0022
0.002
0.0016
0.0021
0.002
0.0019
0.0019
0.0019
0.0017
0.0022
0.0016
0.0022
0.0011
0.0021
0.0019
0.0019
0.0019
0.0018
0.0019
0.0009
0.0019
0.0017
0.0012
0.0024
0.0021
0.0015
0.0018
0.0014
0.0022
0.0017
0.0013
0.0017
0.0019
0.0018
0.0017
0.0016
0.0018
0.0012
0.0008
0.0016
0.0016
0.0022
0.0022
0.0017
0.0013
0.0022
0.002
0.0023
0.0016
0.0022
0.0016
0.0011
0.0012
0.0016
0.0017
0.0016
0.0018
0.0016
0.0019
0.0016
0.0017
0.0023
0.0016
0.0016
0.0016
0.0017
0.0016
0.001
0.0018
0.0021
0.0015
0.002
0.002
0.0017
0.0018
0.0017
0.0016
0.0017
0.0016
0.0022
0.002
0.0021
0.002
0.0021
0.0022
0.0021
0.0017
0.0017
0.0021
0.0021
0.0023
0.0018
0.0017
0.0022
0.0021
0.0016
0.0017
0.0017
0.0019
0.002
0.0017
0.0011
0.0013
0.0012
0.0011
0.002
0.0017
0.0021
0.0019
0.0017
0.002
0.0017
0.0018
0.0022
0.0021
0.002
0.002
0.0018
0.0018
0.0022
0.0018
0.0018
0.0017
0.0021
0.0021
0.0017
0.0019
0.0018
0.0021
0.002
0.0021
0.0019
0.0019
0.0017
0.0016
0.0019
0.0018
0.0014
0.0021
0.0019
0.0022
0.0018
0.0021
0.0018
0.0024
0.0019
0.0016
0.0021
0.002
0.0056
0.0019
0.0021
0.0019
0.0017
0.002
0.0016
0.0009
0.0017
0.0016
0.0012
0.0008
0.0019
0.002
0.0021
0.0017
0.0021
0.0012
0.0008
0.0022
0.0017
0.0021
0.002
0.0017
0.0021
0.0021
0.002
0.0022
0.0022
0.0016
0.0015
0.0013
0.0017
0.0018
0.0018
0.0022
0.0017
0.0021
0.0017
0.0011
0.0013
0.0021
0.0019
0.0016
0.002
0.0021
0.0017
0.0021
0.002
0.0021
0.0021
0.0016
0.0023
0.0019
0.0016
0.0018
0.002
0.0018
0.0016
0.0018
0.0017
0.0021
0.0021
0.0017
0.0014
0.0017
0.0022
0.0075
0.0098
0.0021
0.002
0.0022
0.0021
0.0018
0.0017
0.0017
0.0016
0.0018
0.0016
0.0015
0.0019
0.0017
0.0021
0.0016
0.0016
0.0018
0.002
0.0017
0.0017
0.0017
0.0022
0.0016
0.0017
0.0015
0.0019
0.0015
0.0013
0.0019
0.0019
0.0021
0.0017
0.0017
0.0017
0.0016
0.0021
0.0017
0.0016
0.0021
0.0019
0.0022
0.0021
0.0019
0.0017
0.0047
0.002
0.0043
0.0018
0.0018
0.0018
0.002
0.0017
0.0018
0.0017
0.0021
0.0016
0.0016

-----------------------
CodechalDecode::Execute
-----------------------
8.9058
3.7074
8.141
3.0235
8.4631
4.9177
0.8154
0.8465
0.702
0.662
0.6908
0.6599
0.8162
0.7959
0.7246
0.6943
0.6621
0.7395
0.6845
0.6954
0.7233
0.7216
0.6901
0.7145
0.4928
0.4962
0.5182
0.5644
0.5174
0.5109
0.5694
0.9288
0.5496
0.5079
0.5409
0.5081
0.541
0.5125
0.5353
0.6959
0.5125
0.5326
0.5233
0.5376
0.5044
0.5259
0.5024
0.5431
0.4989
0.5222
0.5166
0.5378
0.5057
0.5605
0.5315
0.5474
0.5613
0.5502
0.5381
0.5492
0.5632
0.5319
0.5396
0.5535
0.5451
0.5445
0.5479
0.5491
0.5437
0.5462
0.5237
0.5248
0.5424
0.5418
0.5478
0.5462
0.5055
0.5554
0.5023
0.5105
0.5561
0.553
0.511
0.5402
0.4982
0.548
0.544
0.5544
0.5265
0.5382
0.5407
0.5066
0.5608
0.517
0.5496
0.5599
0.5159
0.5383
1.7304
0.5388
0.5515
0.5093
0.5559
0.5589
0.514
0.555
0.5475
0.5061
0.5584
0.4955
0.5411
0.5503
0.4955
0.5593
0.5465
0.5433
0.5506
0.546
0.5001
0.5573
1.7066
0.5372
0.5453
0.5479
0.5501
0.5546
0.5623
0.5464
0.5556
0.5401
0.5127
0.55
0.547
0.5462
0.5345
0.5481
0.5444
0.5486
0.5278
0.5491
0.5467
0.5217
0.5575
0.5587
0.5274
0.5358
0.5456
0.5508
0.5
0.5571
0.55
0.5496
0.495
0.5602
0.8425
0.9357
0.5607
0.9039
0.911
0.9151
0.9175
0.5906
0.5878
1.0496
0.4966
0.9366
0.9362
0.9572
0.9366
0.9396
0.9286
0.9432
0.9372
0.9117
0.9158
0.9284
0.9289
0.9364
0.9349
0.9408
0.9072
0.5846
0.9122
0.5635
0.5753
0.9367
0.9339
0.899
0.9406
0.5793
0.9355
0.9357
0.9332
0.9324
0.9315
0.9291
0.9106
0.9299
0.5854
0.9242
0.9284
0.595
0.6403
0.6385
0.9195
0.6334
0.554
0.4951
0.543
0.5452
0.5088
0.4832
0.5447
0.5375
0.5422
0.5452
0.5529
0.5565
0.5469
0.542
0.5474
0.5546
0.5433
0.5449
0.556
0.6056
0.5397
0.5269
0.5472
0.5421
0.559
0.5099
0.5586
0.5519
0.5472
0.5495
0.5655
0.5027
0.5459
0.5451
0.7478
0.6806
0.5018
0.7965
0.5877
0.5792
0.5638
0.5129
0.51
0.5863
0.5479
0.5413
0.5075
0.5782
0.533
0.5424
0.5349
0.5097
0.5499
0.5557
0.5108
0.5592
0.567
0.5541
0.5071
0.5524
0.5398
0.5512
0.5544
0.5583
0.5482
0.5099
0.5413
0.5433
0.5054
0.5609
0.5557
0.5083
0.5605
0.5654
0.4955
0.5492
0.5489
0.5429
0.5519
0.5518
0.5531
0.5458
0.5461
0.5592
0.5404
0.5527
0.5508
0.5598
0.4956
0.5174
0.5602
0.5439
0.5069
0.5217
0.5275
0.5512
0.553
0.5489
0.5577
0.4977
0.5234
0.5587
0.545
0.5524
0.5215
0.5643
0.541
0.51
0.5597
0.5407
0.5471
0.5542
0.558
0.494
0.5524
0.5221
0.5484
0.5448
0.4975
0.5585
0.5615
0.5529
0.5452
0.5437
0.5435
0.5538
0.5504
0.4964
0.5598
0.5527
0.5436
0.488
0.5837
0.5511
0.5481
0.5516
0.5477
0.5584
0.5331
0.5446
0.5461
0.4986
0.5619
0.5478
0.5108
0.5487
0.5152
0.5517
0.5478
0.5325
0.5596
0.5575
0.9212
0.5864
0.801
0.5982
0.5168
0.7619
0.9929
0.6001
0.9125
0.9394
0.5844
1.1003
0.8777
0.9321
0.9302
0.9368
0.9376
0.9342
0.5055
0.6296
1.0522
0.6163
0.9516
0.9406
0.9412
0.9063
0.5772
0.9198
0.5845
0.894
0.584
0.9197
0.9382
1.0503
0.4942
0.9126
0.9262
0.5427
0.5631
0.919
0.581
0.9117
0.9284
0.5644
0.9235
0.9226
0.6281
0.6262
0.6299
0.631
0.6379
0.6368
0.6347
0.9328
0.9509
0.6378
0.6431
0.9128
0.5759
0.9118
0.6395
0.6385
0.928
0.6582
0.937
0.6215
0.6318
1.0931
1.3994
1.3867
1.3846
1.4013
0.9237
0.928
0.6113
0.6316
0.9164
0.6019
0.926
0.9256
0.6109
0.6359
0.6274
0.6363
0.9303
0.918
0.6399
0.606
0.9231
0.9364
0.5921
0.6288
0.9125
0.9263
0.9311
0.9306
0.5931
0.6241
0.9281
0.924
0.9371
0.6173
0.6181
0.9101
0.8836
0.6554
0.9264
0.9006
0.6371
0.9256
0.6208
0.9273
0.9312
0.9342
0.591
0.6346
0.9188
0.6583
0.6265
0.9283
0.9265
0.8994
0.9884
0.4914
0.5004
1.4634
0.4967
0.4775
0.9565
0.6381
0.6286
0.9176
0.9234
0.5163
0.4861
0.6088
0.9387
0.6031
0.6467
0.9497
0.6352
0.6353
0.6377
0.637
0.6327
0.9325
1.4223
1.4196
0.9604
0.5592
0.916
0.5782
0.9214
0.6637
1.0747
1.4002
1.3897
0.9262
0.8919
0.9123
0.551
0.5459
0.5412
0.5457
0.5464
0.5461
0.546
0.5495
0.5434
0.5387
0.5522
0.5488
0.8108
0.5154
0.519
0.5863
0.5512
0.8229
0.7227
0.5361
0.7363
0.7044
0.5438
0.5545
0.5238
0.8157
0.5632
0.5567
0.5468
0.7509
0.5749
0.8105
0.5251
0.5487
0.5477
0.5118
0.5473
0.5761
0.7839
0.8027
0.5546
0.5323
0.5673
0.5562
0.5353
0.5174
0.5828
0.5215
0.7939
0.565
0.5532
0.5599
0.5171
0.5648
0.5503
0.5451
0.5408
0.5467
0.5195
0.524
0.7986
0.7894
0.5712
0.58
0.5519
0.5448
0.5538
0.5037
0.5358
0.6453
0.5421
0.57
0.5514
0.5194
0.7944
0.5632
0.5453
0.5901
0.5733
0.5697
0.5515
0.5992

---------------------------------------
CodechalDecodeHevcG12::DecodeStateLevel
---------------------------------------
0.2258
0.3791
3.384
0.3504
0.3383
1.1833
6.0052
0.3061
1.5364
0.606
0.2206
1.8246
3.7947
0.3335
3.608
0.4992
0.247
3.8155
0.1761
0.1859
0.1957
0.2162
0.1801
0.198
0.1373
0.1719
0.1958
0.1274
0.1763
0.1905
0.135
0.1708
0.2069
0.1308
0.1704
0.1952
0.1557
0.1944
0.2219
0.1537
0.1845
0.222
0.1369
0.1705
0.2292
0.1249
0.1706
0.1928
0.1241
0.1712
0.1985
0.1372
0.1762
0.2342
0.1589
0.1736
0.1908
0.1256
0.169
0.1931
0.1372
0.1746
0.2074
0.1379
0.169
0.2059
0.115
0.1686
0.2077
0.1245
0.1667
0.2248
0.0656
0.1647
0.1517
0.071
0.1641
0.1503
0.0785
0.1676
0.1539
0.0842
0.1834
0.1613
0.0784
0.1661
0.1517
0.0763
0.1649
0.1521
0.0959
0.1827
0.1509
0.0912
0.2668
0.3634
0.0885
0.1735
0.1495
0.0782
0.1644
0.1498
0.0905
0.1654
0.1509
0.0766
0.1622
0.1497
0.0956
0.1657
0.1504
0.0753
0.1631
0.151
0.083
0.1677
0.1507
0.0977
0.2292
0.2105
0.0737
0.1706
0.1514
0.0754
0.1723
0.1536
0.0778
0.1706
0.1527
0.0778
0.1725
0.1527
0.0728
0.163
0.1494
0.0767
0.1702
0.1521
0.0701
0.1615
0.15
0.0843
0.1744
0.1567
0.0714
0.1673
0.1513
0.0743
0.1685
0.1517
0.0784
0.1684
0.152
0.0839
0.1747
0.1521
0.0769
0.1663
0.1504
0.0922
0.1737
0.1552
0.0913
0.1649
0.1512
0.0882
0.1709
0.1532
0.0892
0.1782
0.1531
0.0867
0.1732
0.151
0.09
0.1677
0.1513
0.0867
0.1718
0.1574
0.0926
0.1752
0.1554
0.0898
0.164
0.1512
0.0869
0.168
0.1506
0.0913
0.1699
0.1525
0.0839
0.1738
0.1531
0.0833
0.1744
0.154
0.0857
0.1716
0.1529
0.0868
0.1705
0.1554
0.088
0.17
0.1515
0.0883
0.1708
0.1535
0.0805
0.168
0.1506
0.0769
0.1707
0.1523
0.0837
0.1741
0.1527
0.0847
0.1717
0.1521
0.0857
0.1728
0.1542
0.0883
0.1704
0.1533
0.073
0.1634
0.15
0.0869
0.1792
0.1523
0.0721
0.164
0.1502
0.0756
0.1705
0.1486
0.0844
0.1819
0.1541
0.0868
0.1742
0.152
0.0739
0.1629
0.1499
0.0849
0.1699
0.153
0.0713
0.1611
0.1492
0.0867
0.1728
0.1533
0.0872
0.1686
0.1523
0.0909
0.1727
0.1526
0.0852
0.1649
0.15
0.0816
0.1726
0.1518
0.0855
0.1682
0.1509
0.0729
0.164
0.1502
0.0877
0.1806
0.1547
0.0788
0.1624
0.1503
0.0855
0.1751
0.1505
0.0922
0.1723
0.1533
0.0778
0.1652
0.1503
0.0835
0.1696
0.1514
0.0908
0.1968
1.0884
0.0835
0.1687
0.1522
0.089
0.1721
0.1527
0.0723
0.1655
0.1552
0.0856
0.1791
0.1526
0.0923
0.173
0.156
0.0704
0.1631
0.1645
0.0852
0.183
0.153
0.0892
0.1718
0.1528
0.0753
0.1658
0.1499
0.0897
0.1798
0.1502
0.0709
0.1601
0.1492
0.0841
0.1717
0.1521
0.0904
0.1712
0.1526
0.069
0.1615
0.1496
0.0859
0.181
0.1536
0.0855
0.1738
0.153
0.0876
0.1712
0.1523
0.0891
0.1725
0.1537
0.0879
0.1721
0.1524
0.0717
0.163
0.1507
0.087
0.1788
0.1543
0.0864
0.1824
1.0828
0.0818
0.1711
0.1512
0.0856
0.1744
0.1531
0.086
0.1731
0.155
0.0874
0.1721
0.1569
0.0894
0.175
0.155
0.0972
0.1732
0.1525
0.0848
0.176
0.1531
0.0893
0.1748
0.1526
0.0826
0.1731
0.1535
0.0757
0.169
0.1508
0.0848
0.1776
0.1543
0.0874
0.1714
0.1537
0.0875
0.1713
0.1533
0.0884
0.1684
0.1513
0.0848
0.1751
0.1545
0.0849
0.1725
0.1536
0.0861
0.1744
0.1542
0.0834
0.1666
0.151
0.0838
0.1746
0.1568
0.0859
0.1713
0.1548
0.0787
0.1681
0.1505
0.0856
0.1804
0.1535
0.0913
0.174
0.1553
0.0864
0.1671
0.1508
0.0822
0.1704
0.1527
0.085
0.175
0.1525
0.0878
0.1746
0.1544
0.0715
0.1654
0.1502
0.0862
0.1817
0.1536
0.0882
0.1715
0.1515
0.0891
0.1704
0.1554
0.0684
0.1647
0.1512
0.0851
0.1837
0.1576
0.0696
0.1644
0.1502
0.0891
0.1802
0.153
0.0891
0.175
0.1554
0.0847
0.1693
0.1524
0.0998
0.1739
0.1541
0.0858
0.1687
0.152
0.0807
0.1714
0.1529
0.0837
0.173
0.1536
0.0818
0.172
0.1528
0.0843
0.1689
0.1519
0.0701
0.1627
0.1507
0.086
0.1714
0.1533
0.0845
0.1715
0.1538
0.0748
0.1631
0.1514
0.0814
0.1711
0.1524
0.082
0.1721
0.1549
0.0819
0.1707
0.1535
0.085
0.1692
0.1533
0.0836
0.1708
0.1539
0.0839
0.1717
0.1549
0.0847
0.17
0.1537
0.084
0.1686
0.1525
0.0828
0.1693
0.1532
0.0821
0.1727
0.154
0.0812
0.1716
0.1543
0.0838
0.17
0.153
0.083
0.1691
0.1556
0.0836
0.1702
0.1542
0.0838
0.1714
0.1543
0.0863
0.1774
0.1579
0.0823
0.1712
0.1527
0.0815
0.1713
0.1548
0.083
0.1707
0.1539
0.0834
0.1694
0.1528
0.0861
0.1703
0.1529
0.0842
0.1699
0.1552
0.0831
0.1703
0.152
0.0847
0.1694
0.1535
0.0804
0.1688
0.1511
0.0825
0.1708
0.1544
0.0821
0.1724
0.1543
0.105
0.1738
0.1567
0.0843
0.1692
0.1517
0.0835
0.1697
0.1532
0.0861
0.1706
0.1532
0.0853
0.1683
0.153
0.0831
0.1751
0.1549
0.0826
0.1718
0.1518
0.084
0.1714
0.1526
0.0852
0.173
0.156
0.0838
0.17
0.1541
0.0852
0.1713
0.1522
0.0894
0.1731
0.1564
0.0716
0.1619
0.1514
0.0831
0.1732
0.155
0.0842
0.1746
0.1548
0.0749
0.1647
0.1485
0.0688
0.1591
0.1453
0.0868
0.1723
0.1528
0.0871
0.1678
0.1518
0.0888
0.1671
0.1516
0.0879
0.1711
0.152
0.0844
0.1797
0.1556
0.1015
0.1725
0.1516
0.0862
0.1739
0.1549
0.0847
0.1695
0.1545
0.0887
0.1711
0.1529
0.0899
0.1732
0.1549
0.0864
0.1705
0.1537
0.0897
0.1689
0.1523
0.0923
0.175
0.1526
0.1021
0.2078
0.1563
0.0874
0.1688
0.151
0.0816
0.169
0.1519
0.0885
0.1709
0.1516
0.0894
0.1673
0.1512
0.0892
0.1777
0.157
0.0754
0.165
0.1519
0.0861
0.183
0.1533
0.0873
0.1756
0.1536
0.0863
0.1728
0.1544
0.0891
0.1716
0.1537
0.0905
0.179
0.1563
0.0759
0.1628
0.1515
0.0868
0.1691
0.1563
0.087
0.1678
0.1539
0.0729
0.1656
0.1439
0.1012
0.2206
0.1907
0.071
0.1633
0.1517
0.1204
0.2554
0.2355
0.102
0.1918
0.1594
0.0905
0.1954
0.1591
0.084
0.1705
0.181
0.0771
0.1634
0.1539
0.0766
0.1663
0.1502
0.09
0.1709
0.1555
0.0842
0.1796
0.1561
0.085
0.1745
0.1544
0.0741
0.166
0.1524
0.097
0.1858
0.1549
0.0791
0.1818
0.1513
0.0829
0.1763
0.1555
0.0773
0.1772
0.1569
0.0714
0.1675
0.1533
0.0847
0.1776
0.1551
0.0907
0.1741
0.1539
0.075
0.1664
0.1524
0.0863
0.1801
0.155
0.0921
0.1781
0.1621
0.0907
0.1745
0.1549
0.0725
0.1693
0.1533
0.0844
0.1804
0.1549
0.0841
0.1712
0.1532
0.0908
0.1735
0.1529
0.0884
0.1745
0.1549
0.0905
0.1741
0.1554
0.0871
0.1728
0.1531
0.0752
0.1626
0.1544
0.0845
0.1727
0.1499
0.0841
0.1728
0.1528
0.0695
0.1654
0.1539
0.0859
0.182
0.1556
0.0886
0.1735
0.1589
0.0726
0.1682
0.1525
0.0872
0.1811
0.1543
0.0923
0.1757
0.1591
0.0695
0.1636
0.151
0.0865
0.1748
0.1539
0.0863
0.174
0.1536
0.0866
0.171
0.1522
0.0881
0.1747
0.1554
0.0889
0.1725
0.1552
0.0878
0.1749
0.1526
0.0858
0.1781
0.1534
0.0827
0.1775
0.1538
0.0893
0.1734
0.1532
0.0832
0.1718
0.1542
0.0885
0.1757
0.1553
0.0888
0.1722
0.1537
0.0906
0.1753
0.1558
0.0727
0.1618
0.1493
0.0768
0.1631
0.1501
0.0848
0.1829
0.1543
0.0821
0.1743
0.1542
0.0739
0.1678
0.1511
0.0742
0.1765
0.1514
0.0749
0.1734
0.1519
0.0894
0.173
0.1526
0.0874
0.1718
0.1583
0.0874
0.1717
0.1535
0.0881
0.1769
0.1553
0.0702
0.1649
0.1507
0.077
0.1656
0.1518
0.0857
0.1798
0.1546
0.0847
0.171
0.155
0.0921
0.1714
0.1543
0.0819
0.1633
0.1497
0.0867
0.1819
0.1535
0.0826
0.1729
0.1537
0.0729
0.1669
0.1498
0.0847
0.183
0.155
0.0843
0.1708
0.1533
0.0855
0.1723
0.1524
0.0904
0.1738
0.1533
0.0891
0.1743
0.1566
0.072
0.1612
0.1493
0.0857
0.1758
0.1535
0.0768
0.1669
0.151
0.0833
0.1763
0.1533
0.0878
0.1723
0.1525
0.0695
0.1633
0.1504
0.0856
0.1809
0.1542
0.0884
0.1784
0.1596
0.0864
0.1741
0.1543
0.0842
0.1741
0.1511
0.0856
0.1735
0.1516
0.0852
0.1738
0.1525
0.0895
0.1739
0.1541
0.087
0.1731
0.1556
0.0707
0.163
0.1489
0.0866
0.1813
0.1523
0.0893
0.1736
0.1556
0.0842
0.1751
0.1528
0.0683
0.162
0.1481
0.0952
0.183
0.1554
0.0874
0.1733
0.1561
0.0869
0.1738
0.1529
0.0892
0.1745
0.1539
0.0891
0.1705
0.1526
0.0916
0.1731
0.1552
0.0882
0.1679
0.1532
0.0833
0.1737
0.1544
0.0848
0.1744
0.1543
0.0702
0.1638
0.151
0.0862
0.1838
0.1539
0.0883
0.1728
0.1532
0.0775
0.1649
0.1511
0.0853
0.1763
0.1537
0.0748
0.1651
0.1508
0.084
0.181
0.1534
0.0858
0.1752
0.1527
0.0853
0.1718
0.151
0.0859
0.1814
0.1551
0.089
0.1739
0.1568
0.0899
0.1726
0.1535
0.0858
0.1705
0.1538
0.0836
0.1618
0.1442
0.0838
0.1748
0.153
0.0755
0.1676
0.1554
0.0839
0.1758
0.1612
0.0838
0.1703
0.1533
0.0839
0.1859
0.1557
0.0842
0.1717
0.1549
0.0852
0.1696
0.1526
0.0823
0.1709
0.152
0.6659
0.1677
0.1523
0.0823
0.173
0.154
0.0836
0.1714
0.1551
0.0842
0.1683
0.1523
0.0849
0.1708
0.1543
0.085
0.1793
0.1529
0.0854
0.1733
0.1561
0.0718
0.1672
0.1524
0.085
0.1751
0.1552
0.0831
0.1733
0.1577
0.0847
0.1682
0.1511
0.0848
0.1716
0.1532
0.0862
0.1692
0.1534
0.0858
0.1701
0.1547
0.0851
0.1725
0.1555
0.0838
0.1724
0.1555
0.0831
0.1709
0.1525
0.0845
0.1701
0.1537
0.085
0.1726
0.1558
0.0858
0.1702
0.1532
0.0853
0.1726
0.1547
0.0851
0.1744
0.1533
0.0844
0.1708
0.1557
0.0687
0.1643
0.1526
0.0931
0.1738
0.155
0.082
0.1708
0.154
0.0854
0.1709
0.154
0.0857
0.173
0.1562
0.084
0.1696
0.1534
0.0845
0.1704
0.1538
0.0852
0.1708
0.1546
0.0817
0.1715
0.1527
0.0833
0.1737
0.1571
0.0822
0.1727
0.1565
0.084
0.1707
0.155
0.0843
0.1748
0.1552
0.0857
0.1771
0.1552
0.086
0.17
0.1527
0.0858
0.1713
0.155
0.0816
0.1878
0.1588
0.0821
0.1714
0.153
0.0828
0.1735
0.1555
0.0834
0.1731
0.1566
0.083
0.1711
0.1528
0.0855
0.1711
0.1546
0.0858
0.172
0.1533
0.0849
0.1696
0.1536
0.0827
0.1727
0.1542
0.0818
0.175
0.1545
0.084
0.1731
0.1534
0.0854
0.1752
0.1544
0.0842
0.1714
0.1538
0.0861
0.1689
0.1552
0.0849
0.1714
0.1527
0.0873
0.1728
0.1558
0.0827
0.1721
0.153
0.0819
0.1688
0.1524
0.9763
0.1633
0.1503
0.0693
0.1609
0.1492
0.067
0.1617
0.1506
0.9825
0.1612
0.1515
0.0845
0.1821
0.1535
0.0851
0.173
0.1548
0.0822
0.174
0.1565
0.0824
0.1711
0.1518
0.0827
0.1704
0.1548
0.0847
0.1731
0.1558
0.0845
0.17
0.1537
0.0837
0.1708
0.1541
0.0865
0.1716
0.1553
0.0869
0.1716
0.1544
0.0828
0.1719
0.1545
0.082
0.1747
0.1543
0.0822
0.1709
0.1529
0.0835
0.1718
0.1547
0.0853
0.1728
0.1544
0.0851
0.1703
0.1528
0.0848
0.1711
0.1538
0.0853
0.1727
0.1558
0.0817
0.1719
0.1544
0.0832
0.1759
0.1627
0.0962
0.1736
0.1544
0.0838
0.1702
0.1586
0.0834
0.1721
0.1561
0.0829
0.1707
0.1542
0.0894
0.1704
0.1536
0.0864
0.1717
0.1628
0.0811
0.1735
0.1553
0.0815
0.1726
0.1535
0.0817
0.171
0.155
0.0842
0.1714
0.1535
0.0843
0.1711
0.1523
0.0848
0.1701
0.1539
0.083
0.1697
0.1536
0.0853
0.1703
0.1537
0.0836
0.1713
0.1564
0.0907
0.1726
0.1537
0.0834
0.1722
0.1531
0.0848
0.1736
0.1545
0.0842
0.171
0.1548
0.0848
0.1691
0.1516
0.0835
0.1703
0.1528
0.084
0.1719
0.1541
0.0826
0.1715
0.153
0.0824
0.1742
0.1548
0.0827
0.1707
0.1542
0.0862
0.1751
0.1829
0.0851
0.1731
0.1549
0.0853
0.1715
0.1527
0.0851
0.1685
0.1518
0.0843
0.1709
0.1544
0.0799
0.1596
0.1443
0.0667
0.1637
0.1523
0.0714
0.1659
0.1517
0.0938
0.1834
0.1532
0.0726
0.1638
0.1487
0.0662
0.1588
0.1491
0.0845
0.1735
0.1523
0.0853
0.1681
0.1513
0.0826
0.1735
0.1535
0.0824
0.1711
0.1537
0.0817
0.1979
0.156
0.0741
0.1664
0.1574
0.067
0.1609
0.1501
0.0854
0.1738
0.1533
0.0845
0.1706
0.1535
0.0861
0.1716
0.1546
0.0831
0.1731
0.1536
0.0816
0.1729
0.1539
0.0824
0.1725
0.1562
0.085
0.1715
0.1551
0.0851
0.1713
0.1546
0.085
0.1731
0.1528
0.0883
0.1718
0.1536
0.0847
0.1726
0.1535
0.9873
0.168
0.1527
0.9808
0.1746
0.1564
0.1087
0.265
0.2533
0.0866
0.1737
0.156
0.1098
0.2615
0.2415
0.085
0.172
0.1622
0.1013
0.1733
0.154
0.0866
0.1703
0.1558
0.6366
0.166
0.151
0.9753
0.1646
0.1493
0.0678
0.1631
0.1525
0.0844
0.1749
0.1534
0.084
0.172
0.1553
0.0856
0.171
0.156
0.0901
0.1721
0.1547
0.0876
0.1709
0.1554
0.0831
0.1709
0.155
0.0858
0.1738
0.1535
0.0854
0.1745
0.1571
0.0865
0.1729
0.1535
0.0863
0.1723
0.154
0.0871
0.1714
0.1531
0.0868
0.1701
0.1532
0.0871
0.1704
0.1528
0.084
0.1801
0.1549
0.0865
0.1749
0.1556
0.1335
0.2557
0.2261
0.0786
0.1665
0.151
0.0746
0.1683
0.151
0.1165
0.1709
0.1548
0.0872
0.1781
0.1563
0.1227
0.2572
0.2426
0.129
0.2352
0.1961
0.0799
0.1727
0.1572
0.0966
0.2346
0.2391
0.0983
0.2536
0.201
0.0853
0.1725
0.1528
0.0894
0.1683
0.1617
0.0773
0.1652
0.1578
0.1213
0.2587
0.2396
0.0878
0.1722
0.1672
0.0875
0.174
0.1613
0.0857
0.1729
0.1548
0.0984
0.2449
0.235
0.1033
0.1728
0.1544
0.1091
0.2525
0.2397
0.0783
0.169
0.1559
0.0868
0.1718
0.1568
0.0843
0.1752
0.1552
0.0739
0.1669
0.1514
0.0858
0.1733
0.1587
0.1034
0.1743
0.1542
0.1108
0.2536
0.2388
0.1154
0.2578
0.2479
0.086
0.1709
0.1554
0.0788
0.1649
0.1551
0.094
0.1783
0.1541
0.0859
0.1754
0.156
0.0838
0.169
0.1533
0.0777
0.1662
0.1507
0.0909
0.2039
0.1551
0.0742
0.1702
0.1623
0.1115
0.2544
0.2445
0.0982
0.1703
0.1592
0.0864
0.1746
0.1627
0.0807
0.1708
0.1546
0.0759
0.1666
0.151
0.0871
0.183
0.1576
0.0891
0.1738
0.1546
0.0859
0.1694
0.1559
0.0856
0.1691
0.1522
0.0901
0.1685
0.1531
0.078
0.1706
0.1543
0.0712
0.1644
0.1514
0.1137
0.2601
0.2431
0.1115
0.2586
0.2389
0.0864
0.17
0.157
0.1001
0.174
0.1644
0.085
0.1765
0.1593
0.0897
0.1712
0.1606
0.0893
0.1746
0.1587
0.074
0.1644
0.1515
0.0817
0.171
0.1596
0.1197
0.2065
0.1622
0.0851
0.1667
0.1641
0.0924
0.1768
0.1598
0.087
0.1724
0.1609
0.0777
0.1656
0.1573
0.1082
0.2631
0.2366
0.0864
0.1794
0.1641
0.0802
0.1734
0.17
0.1082
0.1719
0.1649
0.1032
0.1729
0.1546
0.0927
0.1781
0.1655
0.0867
0.1698
0.1618
0.1067
0.1747
0.1713

-------------------------------------
CodechalDecodeHevcG12::SetFrameStates
-------------------------------------
4.6438
1.6447
0.0944
0.192
0.5094
0.1842
0.0767
0.0947
0.0143
0.0093
0.0081
0.0103
0.0152
0.0116
0.0083
0.0083
0.0074
0.0077
0.0073
0.0091
0.0076
0.0071
0.0071
0.0067
0.0069
0.0074
0.0076
0.0114
0.0121
0.0078
0.0099
0.0094
0.0105
0.0076
0.0096
0.0072
0.0099
0.0074
0.0125
0.0098
0.0101
0.0104
0.0113
0.0105
0.0091
0.01
0.0102
0.0105
0.0079
0.0101
0.0098
0.0105
0.0086
0.0111
0.0112
0.0106
0.0109
0.0105
0.0114
0.0103
0.0106
0.0112
0.0103
0.0121
0.0103
0.0106
0.0105
0.0106
0.0104
0.0104
0.0096
0.0103
0.0107
0.0106
0.0108
0.0106
0.0091
0.0116
0.0094
0.0094
0.0113
0.0106
0.0108
0.0105
0.0084
0.0107
0.0106
0.0106
0.0113
0.0104
0.0105
0.011
0.0113
0.0113
0.0119
0.0107
0.0115
0.0105
0.2187
0.0133
0.0108
0.0093
0.0114
0.0106
0.0087
0.0108
0.0113
0.0092
0.0116
0.0086
0.0107
0.0107
0.0092
0.0113
0.0106
0.0105
0.0107
0.0106
0.0092
0.0108
0.2205
0.0107
0.0108
0.0106
0.0108
0.0108
0.0124
0.0103
0.0104
0.0103
0.009
0.0106
0.0106
0.0108
0.0111
0.0107
0.0107
0.0108
0.0112
0.0106
0.0107
0.0109
0.0114
0.0105
0.0111
0.0105
0.0108
0.0106
0.0091
0.0118
0.0106
0.0116
0.0086
0.0118
0.0091
0.0115
0.011
0.0104
0.0141
0.0105
0.0104
0.0106
0.0111
0.0107
0.0085
0.0107
0.0104
0.0103
0.0106
0.0105
0.0105
0.0106
0.0104
0.0107
0.0115
0.0104
0.0105
0.0106
0.0103
0.0106
0.0104
0.0114
0.0106
0.013
0.0119
0.0104
0.0108
0.0104
0.0105
0.0115
0.0103
0.0106
0.0104
0.0106
0.0105
0.0137
0.0113
0.0104
0.0108
0.0102
0.0105
0.0125
0.0108
0.0105
0.0106
0.0106
0.0105
0.008
0.0106
0.0104
0.0094
0.0087
0.0105
0.0105
0.0105
0.0103
0.0125
0.0106
0.0115
0.0105
0.0105
0.0107
0.0105
0.0105
0.0131
0.0115
0.0105
0.0129
0.0105
0.0106
0.0108
0.0096
0.0115
0.0106
0.0107
0.0106
0.0106
0.0081
0.0108
0.0126
0.2557
0.0143
0.0089
0.014
0.0122
0.0107
0.0106
0.0096
0.0084
0.0125
0.0102
0.0113
0.0083
0.012
0.0087
0.0091
0.0105
0.0093
0.0105
0.0109
0.0094
0.0117
0.0111
0.0103
0.0086
0.0113
0.0106
0.0104
0.0105
0.0108
0.0106
0.0083
0.0108
0.0106
0.0088
0.0112
0.0104
0.0094
0.0113
0.0107
0.0084
0.0107
0.0106
0.0104
0.0103
0.0106
0.0103
0.0118
0.011
0.0138
0.0105
0.0106
0.0104
0.0105
0.008
0.0117
0.0119
0.0105
0.0094
0.0096
0.0104
0.0108
0.0105
0.0107
0.0106
0.0082
0.0119
0.0118
0.0105
0.0111
0.0113
0.0122
0.0105
0.011
0.0109
0.0106
0.0125
0.0105
0.0106
0.0084
0.011
0.0117
0.0109
0.0104
0.0082
0.0118
0.0104
0.0127
0.0105
0.0107
0.0105
0.0106
0.0104
0.0091
0.0113
0.0104
0.0107
0.0088
0.0151
0.0105
0.0105
0.0104
0.0105
0.0106
0.0109
0.0104
0.0105
0.0093
0.0111
0.0107
0.0087
0.0105
0.0108
0.0106
0.0106
0.0107
0.0116
0.0126
0.0103
0.0131
0.0105
0.0104
0.0088
0.0104
0.0106
0.0112
0.0106
0.0128
0.0105
0.01
0.0105
0.0105
0.0105
0.0104
0.0107
0.0104
0.0086
0.0126
0.0107
0.0108
0.0106
0.0132
0.0107
0.0104
0.0117
0.0104
0.0111
0.0103
0.0114
0.0116
0.0104
0.0106
0.0083
0.0106
0.0105
0.0115
0.0126
0.0104
0.0108
0.0105
0.0104
0.0117
0.0104
0.0102
0.0103
0.0104
0.0106
0.0119
0.0118
0.0105
0.0104
0.0106
0.0105
0.0106
0.0104
0.0105
0.0104
0.0117
0.0104
0.0104
0.0112
0.0112
0.0102
0.0105
0.0104
0.0133
0.0087
0.0086
0.0076
0.0088
0.0118
0.0104
0.0104
0.0104
0.0115
0.0104
0.0105
0.0104
0.0105
0.0103
0.0104
0.0106
0.0104
0.0111
0.0154
0.0104
0.0105
0.0103
0.0106
0.0109
0.0136
0.0103
0.0104
0.0104
0.0105
0.0106
0.0104
0.0106
0.0105
0.0106
0.0103
0.0116
0.0106
0.0105
0.0105
0.0139
0.0112
0.0103
0.0105
0.0106
0.0105
0.0105
0.0108
0.0105
0.0123
0.0108
0.0105
0.0106
0.0106
0.0104
0.0104
0.0084
0.0095
0.9139
0.0085
0.0073
0.0129
0.0103
0.0104
0.0103
0.0105
0.0089
0.0077
0.0105
0.0103
0.0105
0.0105
0.0107
0.0105
0.0105
0.0107
0.0105
0.0104
0.0105
0.0105
0.0083
0.0146
0.0124
0.0138
0.0106
0.0104
0.0122
0.0114
0.0093
0.0074
0.0109
0.0105
0.0112
0.0109
0.0102
0.0105
0.0104
0.0104
0.0104
0.0105
0.012
0.0104
0.0104
0.0106
0.0106
0.0154
0.01
0.0126
0.0137
0.0107
0.014
0.0175
0.0112
0.0119
0.0126
0.0108
0.011
0.009
0.0141
0.0105
0.0108
0.0105
0.0128
0.0132
0.0466
0.0103
0.0105
0.0104
0.0104
0.0106
0.0134
0.0137
0.0135
0.0154
0.0135
0.0132
0.0127
0.0106
0.0103
0.0106
0.0091
0.0137
0.0123
0.0105
0.0102
0.0125
0.011
0.0106
0.0103
0.0106
0.0127
0.0096
0.0086
0.0136
0.0135
0.0342
0.0136
0.0105
0.0095
0.0106
0.0096
0.0102
0.0139
0.0099
0.0106
0.0106
0.0098
0.0147
0.0107
0.0094
0.0138
0.0138
0.0104
0.0105
0.016

--------------------------
CreateVideoDecoder_D3D11_1
--------------------------
24.8423
24.0212
20.1885
14.0855

---------------------------
DestroyVideoDecoder_D3D11_1
---------------------------
17.7695
15.3991
62.3766
0

---------------------
DxvaEncodeHEVC_Create
---------------------
24.6756
23.8718
20.0368

-----------------------
DxvaEncodeHEVC_EndFrame
-----------------------
0.0016
0.001
0.0014
0.0012
0.0012
0.0008
0.001
0.0007
0.0006
0.0013
0.0006
0.0007
0.0009
0.0025
0.0005
0.0005
0.0007
0.0006
0.0008
0.0027
0.0007
0.0006
0.0006
0.0008
0.0009
0.0005
0.0009
0.0005
0.0082
0.0008
0.0005
0.0008
0.0006
0.0007
0.0006
0.0006
0.0009
0.0005
0.0007
0.0008
0.0008
0.0006
0.0019
0.0006
0.0008
0.0006
0.0008
0.0008
0.001
0.0014
0.0008
0.0006
0.0005
0.0008
0.0008
0.0006
0.0006
0.0008
0.0006
0.0006
0.0009
0.0006
0.0007
0.0028
0.0006
0.0007
0.0006
0.0006
0.0006
0.001
0.0007
0.0006
0.0006
0.0005
0.0005
0.0008
0.0006
0.0007
0.0008
0.0006
0.0005
0.0009
0.0006
0.0007
0.0006
0.0005
0.0005
0.0008
0.0007
0.0007
0.0008
0.0006
0.0009
0.0006
0.0029
0.0009
0.0005
0.0008
0.0007
0.0006
0.0008
0.0008
0.0006
0.0006
0.0008
0.0006
0.0008
0.0005
0.0008
0.0006
0.0005
0.0008
0.0007
0.0006
0.0006
0.0006
0.0005
0.001
0.0006
0.0008
0.0007
0.0006
0.0006
0.0006
0.0006
0.0009
0.0008
0.0008
0.0006
0.0011
0.0007
0.0006
0.0005
0.0012
0.0008
0.0005
0.0005
0.0009
0.0006
0.0006
0.0008
0.0031
0.0005
0.0008
0.0005
0.0007
0.0006
0.0009
0.0005
0.0007
0.0006
0.0008
0.0006
0.0008
0.0006
0.0008
0.0006
0.0005
0.0009
0.0007
0.0008
0.0011
0.0007
0.0008
0.0008
0.0013
0.0008
0.0008
0.0008
0.0007
0.0009
0.0007
0.0008
0.0008
0.0008
0.0015
0.0008
0.0007
0.0008
0.0007
0.0008
0.0012
0.0009
0.0008
0.0008
0.0008
0.0008
0.0008
0.0008
0.0008
0.0008
0.0007
0.0008
0.0007
0.0008
0.0008
0.0007
0.0009
0.0009
0.0007
0.0006
0.0006
0.0008
0.0006
0.0006
0.0005
0.0005
0.0006
0.0009
0.0007
0.0006
0.0033
0.0006
0.0006
0.0005
0.0009
0.0005
0.0009
0.0006
0.0006
0.0009
0.0005
0.0008
0.0009
0.0008
0.0006
0.0006
0.0007
0.0005
0.0006
0.0008
0.0006
0.0009
0.0005
0.0006
0.0005
0.0009
0.0008
0.0008
0.0008
0.0008
0.0008
0.0012
0.0011
0.0008
0.0008
0.0008
0.0006
0.0007
0.0008
0.0006
0.0008
0.0006
0.0017
0.0006
0.0008
0.0007
0.0006
0.0008
0.0006
0.0006
0.0005
0.001
0.0008
0.0007
0.0006
0.0006
0.0006
0.0005
0.0006
0.0006
0.0005
0.0005
0.0008
0.0006
0.0006
0.0009
0.0006
0.0005
0.0004
0.0005
0.0008
0.0006
0.0005
0.0005
0.0006
0.0009
0.0008
0.0008
0.0007
0.0005
0.0005
0.0005
0.0005
0.0008
0.0008
0.0006
0.0008
0.0008
0.0006
0.0008
0.0007
0.0006
0.0005
0.0005
0.0017
0.0008
0.0006
0.0005
0.0009
0.0008
0.0009
0.0008
0.0008
0.0008
0.0006
0.0033
0.0006
0.0005
0.0006
0.0008
0.0007
0.0005
0.0008
0.0009
0.0007
0.0006
0.0008
0.0006
0.0005
0.0005
0.0005
0.0008
0.0006
0.0006
0.0006
0.0008
0.0006
0.0007
0.0005
0.0006
0.0005
0.0005
0.0008
0.0006
0.0006
0.0008
0.0005
0.0005
0.001
0.0006
0.0008
0.0006
0.0006
0.0008
0.0005
0.0007
0.0006
0.0007
0.0006
0.0006
0.0008
0.0007
0.0008
0.0009
0.0008
0.0007
0.0007
0.0008
0.0009
0.0008
0.0008
0.0008
0.0008
0.0008
0.0008
0.0007
0.0012
0.0007
0.0007
0.0008
0.0008
0.0008
0.0008
0.0007
0.0009
0.0008
0.0008
0.0009
0.0008
0.0006
0.0008
0.0009
0.0008
0.0008
0.0007
0.0008
0.0008
0.0009
0.0009
0.0007
0.0007
0.0007
0.0005
0.0005
0.0005
0.0005
0.0006
0.0009
0.0008
0.0005
0.0005
0.001
0.0005
0.0008
0.0006
0.0007
0.0009
0.0006
0.0008
0.0005
0.0006
0.0005
0.0008
0.0007
0.0008
0.0007
0.0009
0.0008
0.0007
0.0005
0.0009
0.0006
0.0008
0.0008
0.0006
0.0005
0.0005
0.0006
0.0008
0.0007
0.0005
0.0005
0.0008
0.0008
0.0006
0.0006
0.0005
0.0009
0.0009
0.0008
0.0009
0.0005
0.0005
0.0009
0.0008
0.0008
0.0006
0.0006
0.0008
0.0011
0.0006
0.0009
0.0008
0.0006
0.0011
0.0005
0.0009
0.0007
0.0007
0.0006
0.0005
0.0009
0.0006
0.0039
0.0008
0.0008
0.0008
0.0005
0.0009
0.0008
0.0008
0.0008
0.0008
0.0012
0.0008
0.0007
0.0008
0.0009
0.0006
0.0007
0.0008
0.0007
0.0006
0.0008
0.0006
0.0006
0.0005
0.0005
0.0004
0.0008
0.0011
0.0008
0.0011
0.0012
0.0009
0.0008
0.0009
0.0006
0.0005
0.0009
0.0029
0.0007
0.0008
0.0008
0.0007
0.0007
0.0008
0.0007
0.0006
0.0005
0.0005
0.0006
0.0006
0.0005
0.0005
0.0009
0.0006
0.0008
0.0011
0.0008
0.0008
0.0009
0.001
0.0007
0.0012
0.0008
0.0008
0.0011
0.0009
0.0008
0.0006
0.0005
0.0005
0.0005
0.0009
0.0008
0.0008
0.0008
0.0008
0.0007
0.0008
0.0007
0.0008
0.0008
0.0011
0.001
0.001
0.0012
0.0012
0.0008
0.0007
0.0008
0.0007
0.0008
0.0008
0.0009
0.0007
0.0008
0.0011
0.0008
0.0011
0.0007
0.0007
0.0007
0.0012
0.0008
0.0011
0.001
0.0008
0.0008
0.0007
0.0012
0.0008
0.0008
0.0008
0.0012
0.0011
0.0009
0.0008
0.0011
0.001
0.0007
0.0012
0.0008
0.0013
0.0012
0.001
0.0009
0.0006

----------------------
DxvaEncodeHEVC_Execute
----------------------
0.0039
0.0013
31.855
20.0701
4.2045
16.7287
4.2242
0.6026
4.1606
0.5582
0.7687
0.5178
0.8936
0.5294
1.0901
0.4564
0.0176
0.4356
0.0319
0.431
0.55
0.0177
0.476
0.0205
0.5357
0.0204
0.4537
0.0179
0.4997
0.0138
0.4402
0.0169
0.5097
0.0188
0.4413
0.0206
0.5698
0.0208
0.4281
0.0172
0.5002
0.0152
0.428
0.0178
0.4783
0.0185
0.4351
0.0211
0.506
0.0308
0.4351
0.0138
0.4174
0.015
0.4091
0.0161
0.5147
0.016
0.416
0.0157
0.4191
0.0155
0.5202
0.0306
0.416
0.0185
0.5256
0.0163
0.4267
0.0145
0.4142
0.0123
0.5517
0.02
0.4145
0.0123
0.4992
0.0222
0.477
0.0124
0.495
0.017
0.421
0.0123
0.4912
0.0161
0.4126
0.0123
0.489
0.0164
0.4811
0.0131
0.5155
0.0171
0.4436
0.0132
0.5039
0.0259
0.4269
0.0134
0.5104
0.0164
0.4014
0.0124
0.3898
0.0127
0.4851
0.0216
0.4247
0.0135
0.4185
0.0126
0.3894
0.0123
0.5002
0.0223
0.4048
0.0122
0.3879
0.0118
0.4831
0.0207
0.4069
0.0119
0.4883
0.0159
0.4949
0.0201
0.4122
0.0119
0.4793
0.0182
0.4591
0.0123
0.4497
0.0184
0.4527
0.0119
0.5828
0.0183
0.4258
0.0154
0.4167
0.0127
0.4017
0.0257
0.4052
0.0118
0.4203
0.0122
0.485
0.0153
0.4571
0.0117
0.4777
0.014
0.4759
0.0154
0.4288
0.0121
0.3844
0.0222
0.4893
0.0193
0.4148
0.0122
0.4765
0.0151
0.4098
0.012
0.4038
0.0133
0.4666
0.0151
0.4858
0.0191
0.4133
0.0123
0.5119
0.0163
0.4809
0.0147
0.4319
0.0152
0.4825
0.0159
0.4106
0.012
0.3874
0.0119
0.4842
0.0188
0.4116
0.0137
0.4669
0.0142
0.4087
0.0128
0.4582
0.0121
0.4912
0.0151
0.4337
0.0271
0.3967
0.0124
0.4112
0.0121
0.4781
0.0158
0.4191
0.0183
0.4858
0.0256
0.3984
0.0128
0.4857
0.0247
0.4058
0.0113
0.4004
0.012
0.4823
0.0154
0.4718
0.0234
0.4566
0.0119
0.45
0.0116
0.4474
0.0126
0.4458
0.0115
0.4743
0.0139
0.4111
0.0122
0.4704
0.0138
0.3959
0.0138
0.4474
0.0128
0.4574
0.0117
0.4536
0.012
0.4583
0.0129
0.496
0.0183
0.4292
0.0133
0.4813
0.0161
0.4573
0.0124
0.4867
0.0184
0.4263
0.0128
0.4691
0.0151
0.4523
0.0115
0.4896
0.0185
0.419
0.0125
0.4714
0.0158
0.4474
0.0121
0.4856
0.0189
0.4184
0.0126
0.4124
0.0167
0.4857
0.0231
0.4098
0.012
0.3866
0.0119
0.4895
0.0229
0.4053
0.0124
0.491
0.0168
0.46
0.0119
0.4772
0.0143
0.4059
0.0117
0.4747
0.0154
0.4538
0.0124
0.4793
0.0147
0.4041
0.0123
0.9923
0.0133
1.3321
0.0136
0.9819
0.0341
0.9752
0.0141
0.9806
0.012
0.9862
0.0132
1.3491
0.014
1.3411
0.0152
0.9876
0.0174
0.4189
0.0132
1.1387
0.0137
0.9873
0.014
0.8474
0.0171
0.9888
0.0139
0.8269
0.0139
0.9798
0.0131
0.8356
0.0141
0.9842
0.0143
0.8425
0.0139
0.9851
0.0133
0.9865
0.0146
1.005
0.0132
0.8357
0.0148
0.9873
0.0147
0.8314
0.0134
0.9853
0.0135
1.333
0.014
0.9461
0.0133
1.3333
0.0179
1.327
0.0133
0.9858
0.0137
0.8313
0.0134
0.9882
0.0138
0.8948
0.0166
1.3351
0.0137
0.9881
0.0137
0.8385
0.0139
0.9836
0.0136
0.838
0.0136
0.9866
0.0134
0.8348
0.0141
0.9708
0.0138
0.9873
0.0153
1.3903
0.0155
0.9823
0.0207
0.9303
0.0155
1.3016
0.0132
1.2834
0.013
1.2716
0.0122
0.9429
0.0199
1.2791
0.0121
1.2764
0.0124
0.3847
0.0121
0.4201
0.0118
0.4413
0.0124
0.4901
0.0169
0.4443
0.013
0.3942
0.0124
0.4412
0.0121
0.4417
0.0121
0.4418
0.0143
0.4377
0.0118
0.4819
0.0175
0.4657
0.0141
0.492
0.0171
0.4263
0.0135
0.4126
0.0126
0.491
0.0193
0.4516
0.0114
0.7549
0.015
0.571
0.017
0.476
0.0139
0.4261
0.0128
0.4159
0.0122
0.482
0.0156
0.4538
0.0117
0.4512
0.0122
0.4801
0.0155
0.4178
0.0121
0.492
0.0188
0.4069
0.0121
0.4019
0.013
0.3889
0.012
0.4896
0.0187
0.4751
0.014
0.4748
0.0169
0.4849
0.0144
0.4074
0.0138
0.4515
0.0142
0.6512
0.0171
0.4638
0.0158
0.4805
0.0186
0.5201
0.0153
0.4869
0.0218
0.4211
0.0131
0.4884
0.0138
0.4635
0.0175
0.482
0.0163
0.4479
0.0317
0.4342
0.0133
0.4775
0.0206
0.4227
0.0124
0.4812
0.0156
0.4289
0.0127
0.4819
0.015
0.4827
0.0254
0.4577
0.0116
0.4785
0.012
0.4466
0.0115
0.4839
0.0213
0.4783
0.0142
0.4182
0.013
0.4055
0.0214
0.4035
0.0121
0.4745
0.0153
0.4066
0.0116
0.4317
0.0152
0.4066
0.0127
0.4052
0.0117
0.399
0.0118
0.4791
0.0167
0.4833
0.012
0.4496
0.0116
0.4808
0.0142
0.41
0.0217
0.387
0.0118
0.402
0.012
0.4033
0.0115
0.4916
0.0165
0.458
0.0216
0.4539
0.012
0.4151
0.0151
0.4597
0.0157
0.4782
0.0306
0.4778
0.0147
0.4697
0.0156
0.4232
0.0124
0.4066
0.0125
0.4046
0.0121
0.3848
0.0117
0.4056
0.0123
0.4763
0.0157
0.4728
0.0144
0.4057
0.0122
0.4854
0.0159
0.4841
0.016
0.4626
0.0117
0.4459
0.0164
0.4118
0.0118
0.401
0.0123
0.3887
0.012
0.4029
0.0119
0.4808
0.0157
0.4694
0.0152
0.422
0.0131
0.4059
0.0122
0.4791
0.0156
0.4697
0.0149
0.4306
0.0154
0.4837
0.0156
0.4781
0.0146
0.4711
0.0138
0.4116
0.0128
0.3984
0.0121
0.3908
0.0119
0.4008
0.0155
0.4005
0.0116
0.4765
0.0151
0.4075
0.0122
0.4014
0.0118
0.4782
0.0156
0.4646
0.0153
0.4525
0.0143
0.42
0.0133
0.4799
0.0198
0.4554
0.0118
0.4485
0.0122
0.4588
0.0126
0.4475
0.0118
0.4772
0.0133
0.4161
0.0122
0.473
0.0156
0.4561
0.012
0.4841
0.0146
0.4064
0.0123
0.4773
0.0136
0.4561
0.0121
0.4244
0.0153
0.4048
0.0118
0.3869
0.0114
0.481
0.0268
0.4153
0.0123
0.4038
0.0119
0.4868
0.0159
0.4559
0.0118
0.4523
0.0112
0.4917
0.0328
0.4141
0.0126
0.4808
0.0158
0.4092
0.0122
0.4702
0.0147
0.4833
0.0327
0.4515
0.016
0.7894
0.0159
1.3391
0.0158
0.9729
0.0155
1.3316
0.0149
1.2594
0.012
1.3326
0.0143
0.4639
0.0135
1.3398
0.0134
0.9827
0.0134
0.901
0.0135
1.3329
0.014
1.2956
0.0127
0.6678
0.0134
0.9849
0.0141
0.8357
0.0142
0.9845
0.0134
0.8415
0.0136
0.9312
0.014
1.3627
0.0139
0.9871
0.0155
0.4346
0.0128
1.5199
0.0171
0.8361
0.0162
0.9843
0.0139
0.8377
0.0135
0.9858
0.0136
1.3446
0.0146
0.9887
0.0135
1.3255
0.0133
0.9809
0.0141
1.3288
0.0142
0.9405
0.0133
0.9885
0.0145
0.8437
0.0141
0.4037
0.0125
1.1551
0.0134
0.9692
0.0133
1.3594
0.0136
0.9859
0.0139
1.3378
0.0139
0.9548
0.0141
0.9842
0.0138
1.3437
0.0142
0.9478
0.0212
0.9176
0.0151
1.2944
0.013
1.2681
0.0124
1.2777
0.0121
1.2759
0.0119
1.2726
0.0117
1.2685
0.0122
1.2718
0.0114
0.9224
0.0152
0.9365
0.0137
1.2723
0.0116
1.265
0.0116
0.9272
0.0148
1.331
0.0114
0.92
0.0152
1.27
0.0125
1.2717
0.0115
0.9235
0.0177
1.2628
0.012
0.9371
0.0154
1.2739
0.0115
1.268
0.0144
1.2735
0.012
0.6597
0.0137
0.6638
0.0148
0.6656
0.0143
0.457
0.015
0.6812
0.0167
0.9857
0.0136
1.2849
0.013
1.2748
0.0114
0.9291
0.0152
1.2884
0.0129
0.9739
0.0215
0.9494
0.0296
1.279
0.0119
1.2752
0.0122
1.2764
0.0118
1.2695
0.0114
0.9325
0.0212
0.9497
0.0139
1.2679
0.0117
1.2866
0.0117
0.9033
0.0205
0.9876
0.0132
1.2655
0.0117
0.974
0.0118
1.2734
0.0117
0.9605
0.0363
0.9846
0.0149
0.9483
0.0156
0.975
0.0135
1.2587
0.0123
1.2812
0.0126
0.9318
0.02
0.9508
0.0142
0.9452
0.0132
1.275
0.0157
1.2774
0.0123
0.9419
0.0154
0.9879
0.0133
1.2728
0.0119
0.9423
0.0192
0.9516
0.0143
1.2651
0.0125
0.9672
0.0298
1.2699
0.0119
0.9274
0.0177
0.9778
0.0154
0.9526
0.0142
1.2382
0.0118
1.2773
0.0116
0.9781
0.0285
1.2493
0.0115
1.283
0.0113
0.9428
0.015
0.9867
0.0179
0.9884
0.0278
1.2741
0.0116
0.4668
0.0174
1.1998
0.014
0.6661
0.0144
0.662
0.0137
0.4048
0.013
0.5126
0.0162
1.2828
0.0133
1.2799
0.0129
0.9794
0.0299
0.9488
0.0133
1.3028
0.0125
1.0399
0.0124
0.9275
0.0154
1.2852
0.0126
1.2784
0.0122
0.924
0.0161
1.2752
0.0119
1.2732
0.0113
1.2704
0.0117
1.2767
0.0122
1.2729
0.0113
0.925
0.015
0.9489
0.0148
0.6742
0.0141
0.5063
0.0146
1.4704
0.0171
0.9478
0.0144
1.2968
0.0127
0.9743
0.0157
1.2634
0.013
1.2782
0.0125
0.6697
0.0136
0.6833
0.0134
0.5337
0.0134
0.9878
0.0265
0.9491
0.0132
0.4711
0.013
0.453
0.0122
0.4795
0.0148
0.456
0.0126
0.4814
0.0119
0.4432
0.0118
0.4409
0.0117
0.4477
0.012
0.4471
0.0124
0.4511
0.012
0.4466
0.0143
0.4601
0.0165
0.486
0.0146
0.5494
0.0172
0.484
0.0152
0.5162
0.0163
0.4562
0.013
0.4627
0.0174
0.8854
0.0179
0.5042
0.0149
0.6399
0.0172
0.4585
0.013
0.467
0.013
0.5051
0.0167
0.4658
0.0158
0.4763
0.0133
0.4579
0.0126
0.4173
0.0118
0.4446
0.0119
0.4473
0.0118
0.4804
0.0145
0.4708
0.0141
0.4675
0.0136
0.4595
0.0191
0.4695
0.0141
0.4823
0.0131
0.4727
0.0136
0.481
0.0128
0.4717
0.014
0.4739
0.014
0.5871
0.0172
0.6398
0.0166
0.4925
0.0235
0.5579
0.0223
0.6521
0.018
0.4825
0.0133
0.4785
0.0157
0.5036
0.0187
0.4156
0.0132
0.4757
0.0256
0.4681
0.0134
0.4808
0.0135
0.4496
0.0133
0.4296
0.014
0.6443
0.0183
0.4789
0.0142
0.6326
0.0168
0.4662
0.0146
0.4757
0.0138
0.4714
0.0139
0.6424
0.0189
0.4652
0.0138
0.5869
0.0174
0.6361
0.0167
0.4706
0.0139
0.4664
0.0139
0.4765
0.0134
0.6117
0.0156
0.5008
0.014
0.4755
0.0161
0.5085
0.0143
0.619
0.0171
0.5108
0.0178
0.5041
0.0162
0.5014
0.017
0.6155
0.0171
0.4654
0.0156
0.4839
0.0125
0.6599
0.0185
0.4978
0.0139
0.6547
0.0175
0.6803
0.0167
0.5891
0.0169
0.4801
0.014
0.4222
0.0131
0.0221

----------------
First Frame Time
----------------
172.978

----------------------
HEVC_QueryStatusReport
----------------------
4.1975
4.2219
4.1588
0.7671
0.8922
1.0887
0.0133
0.0291
0.0163
0.0192
0.0189
0.0166
0.0128
0.0156
0.0175
0.0195
0.0195
0.0161
0.0139
0.0166
0.0165
0.0193
0.0277
0.0127
0.0135
0.0115
0.0145
0.0141
0.0141
0.0275
0.0174
0.0146
0.0134
0.0113
0.0182
0.0113
0.0205
0.0113
0.0156
0.0111
0.0145
0.0113
0.0148
0.012
0.0156
0.0121
0.024
0.0123
0.0153
0.0113
0.0117
0.0201
0.0125
0.0115
0.0113
0.0208
0.0112
0.0108
0.0192
0.0108
0.0149
0.0184
0.011
0.017
0.0112
0.0173
0.0109
0.0169
0.0122
0.0118
0.0248
0.0107
0.0113
0.014
0.0108
0.0128
0.014
0.0111
0.0212
0.0179
0.0111
0.0137
0.011
0.0116
0.0142
0.0176
0.0113
0.0151
0.0132
0.0139
0.0143
0.011
0.0109
0.0173
0.0127
0.0128
0.0116
0.0111
0.0137
0.0259
0.0112
0.0111
0.0146
0.015
0.0241
0.011
0.0232
0.0104
0.011
0.014
0.0223
0.0109
0.0107
0.0115
0.0106
0.0123
0.0113
0.0126
0.0127
0.0117
0.0108
0.011
0.012
0.0168
0.0121
0.0149
0.0113
0.017
0.0118
0.014
0.0106
0.0171
0.0115
0.0149
0.0111
0.0172
0.0116
0.0151
0.0216
0.011
0.011
0.0215
0.0115
0.0158
0.0109
0.013
0.0108
0.0144
0.0114
0.0134
0.0112
0.0122
0.0125
0.0329
0.0129
0.011
0.012
0.0127
0.0138
0.0156
0.0119
0.0125
0.0127
0.0151
0.0126
0.0126
0.012
0.0128
0.013
0.0128
0.0121
0.0134
0.0119
0.0135
0.0134
0.0121
0.0123
0.0127
0.0122
0.016
0.012
0.0124
0.0122
0.0126
0.0151
0.0124
0.0124
0.0126
0.0123
0.0123
0.0121
0.0129
0.0126
0.0137
0.0135
0.0191
0.0138
0.0121
0.0112
0.0111
0.0183
0.011
0.0115
0.011
0.011
0.0114
0.0157
0.012
0.0114
0.011
0.011
0.0132
0.0108
0.0164
0.0131
0.0157
0.0117
0.0116
0.0178
0.0105
0.0137
0.0153
0.0126
0.0117
0.0111
0.0146
0.0108
0.0113
0.0139
0.0111
0.0173
0.0111
0.012
0.0111
0.017
0.0129
0.0156
0.0131
0.0125
0.0131
0.0153
0.0142
0.0168
0.014
0.0204
0.012
0.0126
0.0163
0.0152
0.0303
0.0123
0.0193
0.0115
0.0142
0.0117
0.014
0.0238
0.0107
0.0108
0.0106
0.0201
0.0128
0.0119
0.018
0.0111
0.0143
0.0107
0.0143
0.011
0.0108
0.0109
0.0152
0.011
0.0105
0.0129
0.0185
0.0107
0.0111
0.0104
0.0153
0.0181
0.0111
0.0141
0.0147
0.0294
0.0133
0.0142
0.0115
0.0114
0.0111
0.0106
0.0112
0.0141
0.0131
0.0114
0.0146
0.0146
0.0107
0.0153
0.0109
0.0114
0.0109
0.011
0.0142
0.0138
0.012
0.011
0.0143
0.0135
0.0139
0.0144
0.0131
0.0125
0.0118
0.0111
0.011
0.0145
0.0106
0.0136
0.0112
0.0107
0.0143
0.0137
0.0132
0.0122
0.0187
0.0108
0.0113
0.0117
0.0108
0.0121
0.0112
0.0146
0.011
0.0132
0.0113
0.0124
0.0111
0.0144
0.0107
0.0104
0.0253
0.0113
0.0109
0.0144
0.0109
0.0103
0.0316
0.0115
0.0143
0.0112
0.0137
0.0315
0.0106
0.0147
0.0148
0.0145
0.0139
0.011
0.013
0.0122
0.0122
0.0121
0.0123
0.0127
0.0116
0.0121
0.0127
0.0131
0.0122
0.0125
0.0127
0.0128
0.0142
0.0117
0.0153
0.0146
0.0128
0.0124
0.0123
0.0133
0.0124
0.012
0.0127
0.0128
0.0122
0.0133
0.0129
0.0114
0.0121
0.012
0.0125
0.0128
0.0127
0.013
0.0125
0.0121
0.0196
0.0136
0.0118
0.0112
0.011
0.0109
0.0108
0.0112
0.0104
0.0139
0.0124
0.0106
0.0105
0.0136
0.0105
0.0139
0.0113
0.0105
0.0164
0.011
0.0142
0.0107
0.0134
0.0109
0.0126
0.0134
0.0129
0.0136
0.0151
0.0124
0.0118
0.0104
0.0141
0.0118
0.0199
0.0285
0.011
0.0113
0.0109
0.0105
0.0196
0.0128
0.0107
0.0108
0.0189
0.012
0.0106
0.0108
0.0108
0.0352
0.0137
0.0139
0.0123
0.0113
0.0116
0.0185
0.0128
0.0121
0.0142
0.0114
0.0143
0.0121
0.0108
0.0178
0.0129
0.0115
0.0283
0.011
0.0162
0.0138
0.0128
0.0109
0.0107
0.0274
0.0105
0.0105
0.0135
0.0166
0.0267
0.0107
0.0162
0.0128
0.0132
0.0125
0.0119
0.0144
0.012
0.0119
0.0287
0.0122
0.0115
0.0114
0.0142
0.0115
0.0112
0.0148
0.0109
0.0103
0.0108
0.0113
0.0104
0.0137
0.0136
0.0129
0.0132
0.0151
0.0132
0.0116
0.0144
0.0111
0.0115
0.0123
0.0122
0.0122
0.022
0.012
0.012
0.0113
0.0136
0.0116
0.011
0.0107
0.0106
0.0109
0.0107
0.0111
0.0133
0.0153
0.0136
0.0153
0.0134
0.015
0.0117
0.0156
0.016
0.0135
0.0154
0.0119
0.0119
0.0149
0.014
0.0114
0.0116
0.0108
0.0109
0.0108
0.0133
0.0128
0.0124
0.0175
0.0128
0.012
0.0124
0.0117
0.0129
0.0128
0.0151
0.0147
0.0198
0.0206
0.0158
0.0121
0.0144
0.0172
0.0118
0.0244
0.0122
0.0123
0.0121
0.0129
0.0163
0.0122
0.0151
0.0133
0.0125
0.0128
0.0171
0.0126
0.0154
0.0149
0.0127
0.0126
0.0122
0.0141
0.0126
0.0147
0.0132
0.0155
0.0159
0.0145
0.0157
0.0152
0.014
0.0111
0.0164
0.0127
0.0159
0.015
0.0151
0.0127
0.0121
0.0197

--------------------------------------
VideoDecoderBeginFrame_WDDM2_4_D3D11_1
--------------------------------------
0.0077
0.0045
0.0042
0.004
0.0067
0.0041
0.0032
0.0029
0.0035
0.0034
0.0022
0.0032
0.0039
0.0037
0.0028
0.0023
0.0021
0.002
0.002
0.0029
0.0022
0.0022
0.0018
0.0023
0.0018
0.002
0.0019
0.0035
0.0033
0.002
0.0027
0.002
0.0024
0.0018
0.0018
0.0019
0.0023
0.002
0.0038
0.0031
0.0028
0.0037
0.0048
0.0031
0.0032
0.0037
0.0023
0.0037
0.0025
0.0037
0.0031
0.0038
0.0031
0.0031
0.0025
0.0037
0.0033
0.0029
0.0021
0.004
0.0031
0.0031
0.0029
0.0051
0.0035
0.0032
0.0031
0.0029
0.0031
0.003
0.0032
0.0025
0.003
0.0037
0.0033
0.0029
0.0031
0.0035
0.0029
0.0026
0.0038
0.0029
0.0032
0.0038
0.0029
0.0033
0.0032
0.0032
0.0032
0.0038
0.003
0.0026
0.0039
0.0028
0.006
0.0031
0.003
0.0033
0.0026
0.0029
0.003
0.0029
0.004
0.003
0.0024
0.0038
0.0032
0.0027
0.003
0.0025
0.0032
0.003
0.0027
0.0036
0.0032
0.0031
0.003
0.0031
0.0029
0.0038
0.0028
0.0029
0.0029
0.0031
0.003
0.0032
0.0034
0.0037
0.003
0.0039
0.0031
0.0036
0.003
0.003
0.0032
0.0038
0.003
0.003
0.0028
0.0035
0.003
0.0047
0.0035
0.003
0.0031
0.0031
0.003
0.003
0.0029
0.0039
0.0029
0.0031
0.0027
0.0036
0.0026
0.0037
0.0041
0.0032
0.0042
0.0031
0.0034
0.0036
0.0037
0.003
0.0021
0.0037
0.0035
0.0023
0.0035
0.0029
0.0035
0.0028
0.0036
0.0032
0.0036
0.0039
0.003
0.0033
0.0037
0.0028
0.0033
0.0037
0.0036
0.0039
0.0034
0.0036
0.0037
0.003
0.0033
0.0035
0.0037
0.0035
0.0035
0.0036
0.0036
0.0029
0.0036
0.0033
0.004
0.0033
0.0035
0.0038
0.0034
0.0034
0.0034
0.0032
0.003
0.0022
0.0031
0.0033
0.0033
0.0034
0.0035
0.0039
0.0033
0.0034
0.0034
0.0031
0.003
0.0036
0.0029
0.0033
0.0033
0.003
0.0037
0.003
0.004
0.0032
0.0032
0.0032
0.0031
0.003
0.0036
0.0034
0.0034
0.003
0.0029
0.0027
0.0063
0.0035
0.003
0.0038
0.0021
0.0039
0.0037
0.0047
0.0038
0.0028
0.003
0.0029
0.0032
0.0055
0.0025
0.0028
0.0022
0.0023
0.002
0.003
0.0038
0.0031
0.0033
0.0037
0.003
0.0033
0.0031
0.0038
0.0039
0.003
0.0029
0.0033
0.003
0.0024
0.0035
0.0031
0.0028
0.0036
0.003
0.0031
0.0039
0.003
0.0024
0.0038
0.0035
0.003
0.003
0.0031
0.0033
0.0031
0.0036
0.004
0.0037
0.0029
0.0029
0.0029
0.0024
0.0029
0.0037
0.0033
0.0029
0.0027
0.0032
0.0039
0.0031
0.0029
0.0031
0.0025
0.003
0.0035
0.0037
0.003
0.0029
0.0037
0.0038
0.0034
0.0034
0.004
0.0058
0.0036
0.0029
0.0023
0.003
0.0026
0.0037
0.003
0.0028
0.0037
0.0037
0.0028
0.003
0.0032
0.003
0.0031
0.0029
0.0027
0.0039
0.0041
0.0031
0.0026
0.0042
0.0031
0.0031
0.0031
0.003
0.0031
0.0025
0.0034
0.0029
0.003
0.0039
0.0029
0.0031
0.0036
0.0028
0.0038
0.003
0.0029
0.0036
0.003
0.0035
0.0039
0.0032
0.0036
0.0028
0.0018
0.0031
0.0038
0.0033
0.0039
0.0029
0.0027
0.0029
0.0038
0.0031
0.0037
0.0033
0.0037
0.0023
0.0024
0.0029
0.0032
0.0029
0.0037
0.0035
0.003
0.0035
0.0043
0.0036
0.0031
0.0036
0.0034
0.0032
0.0028
0.002
0.003
0.0038
0.0029
0.0038
0.0041
0.0037
0.0032
0.004
0.0033
0.0036
0.0037
0.0038
0.0034
0.0032
0.0038
0.0037
0.0034
0.0031
0.0037
0.0028
0.0033
0.0033
0.0032
0.0038
0.0036
0.0034
0.0033
0.0029
0.0036
0.0029
0.0037
0.0034
0.0036
0.0027
0.0027
0.0022
0.0021
0.0032
0.0041
0.0032
0.0032
0.0029
0.0036
0.0033
0.0032
0.0038
0.0034
0.0032
0.0034
0.0031
0.0033
0.0033
0.003
0.0032
0.0033
0.0033
0.0035
0.0032
0.0037
0.0035
0.0036
0.0058
0.0034
0.0034
0.0033
0.0032
0.003
0.0037
0.003
0.0028
0.0033
0.0031
0.0041
0.0038
0.0059
0.0032
0.0031
0.0031
0.0032
0.0036
0.0034
0.0053
0.0034
0.0034
0.0032
0.0036
0.0033
0.0029
0.002
0.0115
0.003
0.0024
0.0019
0.0031
0.004
0.0034
0.0031
0.0038
0.0024
0.0018
0.0034
0.0029
0.0036
0.0039
0.0029
0.0032
0.0033
0.0032
0.0032
0.0032
0.0037
0.0033
0.002
0.003
0.0029
0.0042
0.0043
0.0031
0.0038
0.0033
0.0025
0.0022
0.0039
0.0033
0.0032
0.004
0.0034
0.0029
0.0033
0.004
0.0033
0.0032
0.0034
0.0031
0.0037
0.003
0.0029
0.0037
0.0038
0.003
0.0036
0.004
0.0041
0.0061
0.0036
0.0029
0.0032
0.0039
0.0037
0.0024
0.0034
0.0032
0.0036
0.0037
0.0032
0.0038
0.0036
0.0033
0.0039
0.004
0.0031
0.0037
0.0039
0.0036
0.0029
0.0035
0.0036
0.0065
0.0032
0.0034
0.0036
0.0039
0.0024
0.004
0.0031
0.004
0.0032
0.0031
0.0029
0.0032
0.0033
0.0029
0.0034
0.0034
0.0029
0.0038
0.003
0.0029
0.0036
0.0042
0.0038
0.0032
0.0032
0.0039
0.0039
0.0037
0.0038
0.0032
0.0036
0.0038
0.0037
0.0033
0.0035
0.0036
0.0038
0.0037
0.003

----------------------------
VideoDecoderEndFrame_D3D11_1
----------------------------
0.0405
0.0617
0.0939
0.0049
0.0857
0.0032
0.0656
0.004
0.0604
0.0038
0.0678
0.0034
0.0617
0.004
0.0566
0.0028
0.0593
0.0026
0.0574
0.0054
0.0573
0.0029
0.0646
0.0025
0.0681
0.0024
0.0652
0.0028
0.0625
0.0043
0.0633
0.0021
0.0617
0.0021
0.0592
0.0027
0.059
0.002
0.0669
0.0026
0.0588
0.0041
0.0616
0.0025
0.0566
0.002
0.0556
0.0022
0.0547
0.0025
0.0582
0.0025
0.0562
0.0019
0.0615
0.0027
0.0548
0.0018
0.0615
0.0098
0.0635
0.0026
0.0543
0.0045
0.055
0.0028
0.0538
0.0022
0.056
0.0025
0.0538
0.0024
0.0549
0.002
0.0568
0.0031
0.0727
0.0019
0.0566
0.0028
0.056
0.002
0.0575
0.0027
0.06
0.0019
0.0551
0.0039
0.057
0.0018
0.0537
0.0027
0.0565
0.0021
0.0574
0.0029
0.057
0.0022
0.056
0.003
0.0558
0.0028
0.0552
0.0028
0.0018
0.0019
0.0597
0.0578
0.0026
0.0566
0.0022
0.0592
0.0019
0.0017
0.0585
0.0547
0.0029
0.0574
0.0018
0.0017
0.0569
0.055
0.003
0.0561
0.0018
0.0586
0.0022
0.0565
0.0048
0.0564
0.0017
0.0573
0.0021
0.0572
0.0018
0.0569
0.0018
0.0556
0.0018
0.0564
0.0032
0.0606
0.002
0.0576
0.0018
0.058
0.0019
0.0583
0.0017
0.0595
0.0017
0.0571
0.0028
0.0579
0.0019
0.056
0.003
0.0556
0.0026
0.0568
0.0019
0.0018
0.0554
0.0559
0.0027
0.0571
0.0019
0.0644
0.0027
0.057
0.0018
0.0588
0.0018
0.0579
0.0018
0.0559
0.0028
0.0569
0.0019
0.0573
0.0025
0.0544
0.0029
0.0566
0.0019
0.0545
0.0028
0.0575
0.0018
0.004
0.0591
0.0546
0.0027
0.0566
0.0017
0.0586
0.0028
0.0569
0.0021
0.0566
0.002
0.0572
0.0029
0.0572
0.0025
0.0019
0.0584
0.0622
0.0018
0.0567
0.0022
0.0593
0.0018
0.055
0.0028
0.0018
0.0589
0.0593
0.0029
0.0556
0.0018
0.0565
0.0017
0.0562
0.0028
0.0594
0.0023
0.0562
0.002
0.0564
0.0018
0.066
0.0018
0.0564
0.0017
0.0567
0.0031
0.0564
0.0018
0.0587
0.0027
0.0561
0.0024
0.0563
0.0021
0.0569
0.002
0.0565
0.0018
0.0565
0.0018
0.0603
0.0032
0.0588
0.0023
0.0577
0.0027
0.0574
0.0018
0.0556
0.003
0.0577
0.0021
0.0583
0.0018
0.0564
0.0017
0.0548
0.0032
0.0584
0.002
0.0584
0.0017
0.0565
0.0017
0.0549
0.0029
0.0578
0.0019
0.0572
0.0021
0.0546
0.0031
0.0576
0.0043
0.0018
0.0574
0.057
0.0027
0.0577
0.0017
0.0558
0.0022
0.0572
0.0019
0.0575
0.0037
0.057
0.0018
0.0586
0.002
0.0568
0.0017
0.0541
0.0029
0.065
0.0018
0.0556
0.0029
0.0595
0.0019
0.0595
0.0026
0.0576
0.002
0.0571
0.0045
0.0581
0.0029
0.0602
0.0025
0.062
0.0028
0.0579
0.0038
0.0023
0.0566
0.0517
0.0027
0.0584
0.0026
0.0597
0.0042
0.0596
0.0027
0.0634
0.0027
0.0648
0.0027
0.0596
0.0027
0.0593
0.0029
0.0584
0.0027
0.0588
0.0026
0.0579
0.0026
0.0565
0.0026
0.0569
0.0035
0.0589
0.0026
0.0604
0.0026
0.0587
0.0028
0.0598
0.0029
0.0584
0.0029
0.0581
0.004
0.0616
0.0027
0.0588
0.0026
0.0572
0.0027
0.0576
0.0026
0.0562
0.0028
0.0607
0.0028
0.0579
0.0028
0.057
0.0026
0.0597
0.0027
0.0593
0.0026
0.0598
0.0025
0.0583
0.0025
0.0599
0.0027
0.0574
0.0026
0.0601
0.0027
0.0586
0.0028
0.0681
0.0027
0.0603
0.0024
0.0556
0.002
0.0601
0.002
0.0598
0.0027
0.0576
0.0019
0.0019
0.075
0.0018
0.0304
0.0563
0.0018
0.0586
0.0018
0.0596
0.0027
0.0024
0.0531
0.0517
0.0021
0.0573
0.0053
0.0619
0.0018
0.0591
0.0021
0.0611
0.0018
0.0564
0.0027
0.0575
0.0017
0.0573
0.0028
0.0566
0.0022
0.0577
0.002
0.0598
0.003
0.0566
0.0018
0.0569
0.0027
0.0616
0.0031
0.0575
0.0026
0.0568
0.0019
0.0712
0.0021
0.0572
0.0022
0.0673
0.0018
0.0569
0.0018
0.0561
0.0031
0.058
0.0019
0.0588
0.0028
0.057
0.0017
0.0569
0.0018
0.0019
0.0574
0.0547
0.0321
0.0584
0.0027
0.0578
0.0028
0.0515
0.0028
0.0606
0.0778
0.0026
0.0797
0.0025
0.059
0.0037
0.0728
0.0034
0.0669
0.0027
0.0623
0.0026
0.0713
0.0027
0.0563
0.0031
0.0569
0.0026
0.0564
0.0028
0.0575
0.0024
0.0574
0.0033
0.0566
0.0022
0.0574
0.0037
0.0573
0.002
0.0548
0.0027
0.0553
0.0024
0.0572
0.0021
0.0568
0.0027
0.0584
0.0019
0.0573
0.0019
0.0569
0.0018
0.0556
0.0029
0.0572
0.0027
0.0583
0.002
0.0587
0.0019
0.0602
0.0018
0.0578
0.0021
0.0017
0.0019
0.0585
0.0532
0.0019
0.0582
0.0018
0.058
0.0017
0.0569
0.0027
0.0562
0.0018
0.0555
0.0018
0.055
0.003
0.0559
0.0018
0.0017
0.0572
0.053
0.0018
0.0578
0.0017
0.0578
0.0022
0.0591
0.0018
0.0569
0.0025
0.0573
0.0018
0.0581
0.0017
0.0736
0.0031
0.0578
0.0026
0.0581
0.0027
0.0563
0.002
0.0579
0.0018
0.0574
0.0017
0.004
0.0587
0.0542
0.0017
0.0547
0.0027
0.0588
0.0029
0.0572
0.0018
0.055
0.003
0.0564
0.0034
0.0575
0.0019
0.0576
0.0023
0.058
0.0021
0.0587
0.0018
0.0016
0.0573
0.0549
0.0019
0.055
0.0037
0.0649
0.0027
0.0573
0.0021
0.0587
0.0017
0.0552
0.0028
0.0565
0.0027
0.0569
0.0022
0.0541
0.0029
0.0576
0.0028
0.0564
0.0028
0.0565
0.0018
0.0578
0.0045
0.0018
0.0574
0.0535
0.0017
0.0582
0.0017
0.0547
0.0028
0.0585
0.0019
0.0575
0.0017
0.0548
0.0026
0.0573
0.0024
0.058
0.0025
0.0595
0.0021
0.0578
0.0021
0.0563
0.0018
0.0579
0.0017
0.0553
0.0017
0.0571
0.0017
0.0565
0.0038
0.057
0.0019
0.0568
0.002
0.0568
0.0017
0.0567
0.003
0.0575
0.0018
0.0594
0.0022
0.0561
0.0018
0.0562
0.0019
0.0593
0.0018
0.0018
0.0569
0.0551
0.0027
0.0561
0.002
0.0566
0.0019
0.0553
0.0029
0.0579
0.0018
0.0584
0.0016
0.0556
0.0029
0.0575
0.0019
0.0555
0.0028
0.0567
0.002
0.0568
0.0018
0.0542
0.003
0.0625
0.0026
0.0577
0.0022
0.0597
0.002
0.0587
0.0021
0.0587
0.0018
0.0671
0.0602
0.0018
0.0592
0.0026
0.0026
0.0601
0.0027
0.0575
0.0028
0.0653
0.0028
0.059
0.0029
0.0583
0.0021
0.0584
0.0028
0.0587
0.0027
0.0587
0.0026
0.0606
0.0026
0.0577
0.0026
0.0644
0.0029
0.0601
0.0678
0.0026
0.0604
0.0027
0.0021
0.063
0.0038
0.0608
0.0027
0.0608
0.0027
0.0591
0.0027
0.0593
0.0027
0.0583
0.0028
0.0579
0.0027
0.0594
0.0026
0.0603
0.0029
0.058
0.0028
0.0615
0.0027
0.0581
0.0028
0.0579
0.0026
0.0023
0.0613
0.0532
0.0025
0.0556
0.0028
0.0613
0.0903
0.0026
0.0587
0.0027
0.0601
0.0025
0.0574
0.0026
0.06
0.0027
0.059
0.0028
0.0583
0.0028
0.0592
0.0026
0.0576
0.0023
0.0567
0.002
0.0591
0.0018
0.0596
0.0018
0.0616
0.0017
0.0607
0.0017
0.0596
0.0018
0.064
0.0028
0.0603
0.0026
0.0596
0.0017
0.0587
0.0017
0.0594
0.0028
0.0612
0.0017
0.0608
0.0026
0.0567
0.002
0.0593
0.0027
0.0588
0.0028
0.056
0.0019
0.0571
0.0027
0.057
0.0019
0.0582
0.0018
0.062
0.0016
0.0585
0.0029
0.0564
0.0028
0.0647
0.0054
0.0533
0.0035
0.0524
0.0036
0.0579
0.0027
0.0591
0.0022
0.0582
0.0018
0.0597
0.0027
0.0581
0.0023
0.058
0.0027
0.0574
0.0028
0.0588
0.002
0.0619
0.0018
0.0615
0.0019
0.0594
0.0017
0.0598
0.0027
0.0586
0.0026
0.0592
0.0018
0.0599
0.0016
0.0592
0.0027
0.0566
0.0026
0.0574
0.0018
0.0019
0.061
0.0018
0.0558
0.0028
0.0614
0.0029
0.0588
0.0026
0.069
0.0027
0.0577
0.0018
0.0599
0.0018
0.0603
0.0029
0.0588
0.0025
0.0564
0.0028
0.0579
0.0022
0.0587
0.0019
0.058
0.0028
0.0563
0.0037
0.0569
0.0019
0.0586
0.0028
0.0569
0.0027
0.0597
0.0017
0.0662
0.0033
0.0637
0.0019
0.0608
0.0028
0.0567
0.0026
0.0559
0.0026
0.0562
0.0018
0.0588
0.0017
0.0611
0.0029
0.062
0.0019
0.0598
0.0051
0.0581
0.0036
0.0566
0.0027
0.0578
0.0028
0.0017
0.0753
0.0028
0.0301
0.0524
0.0026
0.0572
0.0029
0.0559
0.0029
0.0022
0.0524
0.0529
0.0039
0.053
0.0024
0.0585
0.0027
0.0584
0.0028
0.0605
0.0028
0.057
0.0619
0.0515
0.0019
0.0019
0.0591
0.0027
0.0562
0.0021
0.0598
0.0019
0.0561
0.0027
0.0578
0.0019
0.0599
0.0019
0.0593
0.0018
0.0579
0.0017
0.0601
0.0016
0.0607
0.0027
0.0594
0.0035
0.0544
0.0047
0.0564
0.0038
0.0833
0.0033
0.0589
0.0026
0.0815
0.0021
0.0609
0.0027
0.0544
0.002
0.0584
0.0019
0.0546
0.0029
0.0527
0.0049
0.0529
0.0027
0.0566
0.0028
0.0573
0.0026
0.0577
0.0023
0.0575
0.0018
0.058
0.0027
0.0613
0.002
0.0607
0.0019
0.0589
0.0019
0.0598
0.0017
0.0596
0.0017
0.0551
0.0018
0.055
0.0017
0.0572
0.0019
0.0573
0.0025
0.0575
0.0018
0.0773
0.003
0.0559
0.0037
0.0598
0.0026
0.0586
0.0024
0.063
0.0033
0.0826
0.0031
0.0716
0.0034
0.0568
0.004
0.0748
0.0024
0.0588
0.0026
0.0584
0.0035
0.0576
0.0033
0.0565
0.0024
0.0813
0.002
0.0018
0.0617
0.0017
0.0579
0.0018
0.0583
0.0028
0.0825
0.0026
0.057
0.0026
0.0823
0.0028
0.0573
0.0028
0.0589
0.0024
0.0599
0.0028
0.0585
0.0023
0.0581
0.0029
0.0583
0.0026
0.1016
0.0034
0.0781
0.0033
0.0553
0.0027
0.0584
0.0042
0.0576
0.0043
0.056
0.0027
0.0681
0.0026
0.0575
0.0025
0.0022
0.0663
0.0549
0.0027
0.0785
0.0024
0.0593
0.003
0.057
0.0024
0.0568
0.0024
0.0575
0.0037
0.0646
0.0023
0.0565
0.0034
0.0567
0.0024
0.0559
0.0027
0.0571
0.0028
0.0556
0.0043
0.0509
0.0027
0.0824
0.0034
0.0828
0.0032
0.0595
0.0027
0.0582
0.0027
0.0727
0.0027
0.0631
0.0054
0.0628
0.0028
0.0622
0.0031
0.0684
0.0022
0.0584
0.0035
0.0608
0.0033
0.0717
0.0031
0.0594
0.0028
0.0685
0.0037
0.0817
0.003
0.0597
0.002
0.0718
0.0039
0.0595
0.0027
0.077
0.004
0.0582
0.0036
0.0609
0.0036
0.0586
0.0029
0.0022

---------------------------------
VideoDecoderSubmitBuffers_D3D11_1
---------------------------------
8.9829
3.7389
8.1639
3.0642
8.5121
4.9434
0.8369
0.8669
0.7214
0.6798
0.7077
0.6841
0.8443
0.8207
0.7441
0.7119
0.6817
0.7593
0.7008
0.7161
0.7468
0.7378
0.7067
0.7313
0.5093
0.5114
0.5352
0.5845
0.5351
0.5253
0.5867
0.9556
0.5676
0.5235
0.5635
0.5239
0.5593
0.532
0.5575
0.7157
0.529
0.5532
0.5445
0.5659
0.5244
0.5443
0.5202
0.5655
0.5139
0.5412
0.5336
0.557
0.5505
0.5812
0.5489
0.5678
0.5826
0.5709
0.5565
0.5698
0.5851
0.5496
0.5596
0.5744
0.5677
0.5646
0.5685
0.569
0.5638
0.5663
0.5402
0.5458
0.5627
0.5624
0.5681
0.5662
0.5216
0.5763
0.5178
0.5255
0.5767
0.5754
0.5297
0.5618
0.513
0.5679
0.5644
0.575
0.5449
0.5584
0.5624
0.5241
0.581
0.5351
0.5716
0.5825
0.5352
0.559
1.7464
0.5603
0.5717
0.5246
0.5767
0.5816
0.5294
0.5758
0.5678
0.5211
0.5794
0.5094
0.5622
0.5702
0.5112
0.5801
0.5665
0.5632
0.5705
0.5659
0.5152
0.577
1.7237
0.5585
0.5658
0.5682
0.5701
0.5746
0.5824
0.5668
0.5774
0.561
0.5282
0.5712
0.5685
0.5663
0.5536
0.5685
0.567
0.5682
0.5467
0.5694
0.5693
0.5704
0.5778
0.5803
0.5455
0.5561
0.5673
0.5716
0.5153
0.577
0.5709
0.5697
0.5097
0.5802
0.8581
0.9572
0.582
0.9246
0.9357
0.9353
0.9375
0.6119
0.6089
1.4252
0.5105
0.9567
0.9558
0.9744
0.9565
0.9597
0.9485
0.9633
0.9568
0.9319
0.9369
0.9488
0.9486
0.9561
0.9548
0.9607
0.9272
0.6056
0.9324
0.5879
0.5958
0.9566
0.954
0.9195
0.9609
0.6003
0.9548
0.9555
0.9529
0.9524
0.9516
0.9531
0.932
0.9499
0.6058
0.9443
0.9482
0.6166
0.662
0.6582
0.9396
0.6537
0.5744
0.5085
0.563
0.5654
0.5261
0.498
0.5644
0.5579
0.5634
0.5666
0.5746
0.5801
0.5674
0.5622
0.5673
0.5756
0.5636
0.5661
0.5785
0.6272
0.5602
0.5794
0.5676
0.5631
0.5791
0.5251
0.5787
0.5721
0.568
0.5718
0.5884
0.5194
0.5674
0.5656
0.7638
0.7049
0.5169
0.8219
0.6069
0.5989
0.5846
0.5323
0.5279
0.6077
0.5681
0.5606
0.5241
0.6001
0.5502
0.5601
0.5521
0.5253
0.5705
0.5769
0.5267
0.5801
0.5867
0.5747
0.5223
0.5742
0.5595
0.5736
0.574
0.5786
0.5679
0.5254
0.5628
0.5632
0.5214
0.5825
0.5754
0.5235
0.5809
0.5881
0.5116
0.5699
0.5693
0.5632
0.5719
0.5722
0.5735
0.5643
0.567
0.5853
0.5627
0.5755
0.5707
0.5823
0.51
0.5354
0.5812
0.5645
0.5242
0.5368
0.5483
0.5735
0.5729
0.5687
0.58
0.5138
0.542
0.58
0.5651
0.5759
0.5394
0.5852
0.561
0.5263
0.5807
0.5612
0.5703
0.5746
0.5806
0.5098
0.5728
0.5432
0.569
0.5663
0.512
0.5795
0.582
0.575
0.5654
0.5636
0.5634
0.5742
0.57
0.5445
0.5803
0.573
0.5634
0.5349
0.6102
0.571
0.5684
0.5721
0.5673
0.5808
0.5511
0.5656
0.5676
0.514
0.5832
0.5678
0.5257
0.57
0.5327
0.5717
0.5704
0.5507
0.5806
0.5796
0.9415
0.6081
0.8211
0.6192
0.5335
0.7862
1.0138
0.6218
0.9326
0.9593
0.6073
1.1171
0.8977
0.9515
0.9499
0.9562
0.9572
0.954
0.521
0.6541
1.3864
0.6382
0.9727
0.9627
0.9608
0.9256
0.5978
0.9399
0.6058
0.9151
0.6047
0.9408
0.9576
1.4514
0.5077
0.9325
0.9457
0.562
0.5847
0.9388
0.602
0.9315
0.9494
0.5859
0.9453
0.9425
0.6478
0.6459
0.6497
0.6516
0.6586
0.6567
0.6546
0.9526
0.9734
0.6577
0.663
0.9325
0.598
0.9326
0.6592
0.6581
0.9486
0.679
0.9569
0.6412
0.6517
1.1139
1.4171
1.4001
1.3971
1.4138
0.9448
0.9478
0.6334
0.6526
0.9368
0.6215
0.9471
0.9499
0.6311
0.6568
0.6474
0.656
0.9506
0.9391
0.6598
0.6259
0.944
0.9561
0.6123
0.6495
0.9361
0.9466
0.9515
0.9501
0.6135
0.6443
0.9488
0.9441
0.9566
0.6398
0.6402
0.9315
0.903
0.6753
0.9476
0.9242
0.6586
0.9484
0.6405
0.9474
0.9517
0.9539
0.6108
0.6545
0.9411
0.6788
0.6463
0.9491
0.9473
0.9192
1.0085
0.5047
1.4556
1.4814
0.5126
0.4902
0.9785
0.6586
0.6488
0.938
0.9432
0.5321
0.4991
0.6296
0.9588
0.623
0.6668
0.9723
0.6551
0.6552
0.6572
0.6566
0.6534
0.9521
1.4396
1.4337
0.9892
0.5833
0.9402
0.5989
0.9423
0.6853
1.0942
1.4165
1.4027
0.9465
0.9116
0.937
0.5722
0.5659
0.5622
0.5655
0.5655
0.5664
0.5655
0.5703
0.5631
0.5574
0.5724
0.5721
0.8383
0.533
0.5395
0.6093
0.5717
0.8497
0.7504
0.5554
0.7578
0.7248
0.5636
0.5758
0.5406
0.8401
0.5872
0.5768
0.5664
0.7725
0.598
0.8332
0.5424
0.569
0.5681
0.5289
0.5683
0.5996
0.808
0.825
0.5757
0.5513
0.5907
0.5789
0.5567
0.5383
0.6046
0.5374
0.8194
0.5836
0.575
0.5783
0.5688
0.588
0.5706
0.5649
0.5618
0.5688
0.5363
0.5391
0.8246
0.8118
0.5922
0.6032
0.5724
0.5668
0.574
0.55
0.5542
0.668
0.5601
0.5897
0.5708
0.5681
0.8189
0.5833
0.5619
0.6156
0.5969
0.5906
0.5718
0.6216

