--------------------------
CreateVideoDecoder_D3D11_1
--------------------------
18.7217
17.4324
14.8721

---------------------------
DestroyVideoDecoder_D3D11_1
---------------------------
13.7269
13.4846
0

----------------
First Frame Time
----------------
0

----------------------------
VideoDecoderEndFrame_D3D11_1
----------------------------
0.0045
0.0025
0.0031
0.0024
0.0027
0.0023
0.0023
0.0025
0.0034
0.0024
0.0016
0.0013
0.0011
0.0028
0.0021
0.0014
0.0015
0.0015
0.0023
0.0037
0.0019
0.0023
0.0028
0.0022
0.0029
0.0023
0.0024
0.0021
0.0043
0.004
0.0031
0.003
0.0029
0.0021
0.0019
0.0023
0.0017
0.0031
0.0021
0.0018
0.0023
0.0022
0.0041
0.0023
0.0018
0.0026
0.0019
0.0019
0.0025
0.0018
0.0018
0.0022
0.002
0.0022
0.0019
0.0018
0.0024
0.002
0.0019
0.0021
0.0018
0.0018
0.0024
0.0036
0.0022
0.0019
0.0021
0.0021
0.0019
0.0019
0.0025
0.0019
0.0024
0.0019
0.0019
0.0022
0.0019
0.0018
0.0023
0.002
0.0024
0.0021
0.003
0.0027
0.0019
0.0019
0.0022
0.0019
0.0023
0.0018
0.0018
0.0026
0.0019
0.002
0.0045
0.002
0.0019
0.0026
0.002
0.0024
0.0023
0.0019
0.0022
0.0019
0.002
0.0023
0.0019
0.0031
0.002
0.002
0.0021
0.002
0.0019
0.0027
0.0023
0.0023
0.002
0.0019
0.0021
0.0019
0.0018
0.0022
0.0019
0.0018
0.0021
0.0019
0.0023
0.0019
0.0018
0.0022
0.0018
0.0019
0.0024
0.0018
0.0023
0.0021
0.0018
0.0029
0.0023
0.002
0.0023
0.0054
0.0026
0.0018
0.0019
0.0024
0.0019
0.0019
0.0021
0.002
0.002
0.0025
0.002
0.0028
0.0018
0.0018
0.0021
0.002
0.0018
0.0022
0.0018
0.0023
0.0021
0.002
0.0023
0.002
0.002
0.0024
0.002
0.0026
0.0021
0.002
0.0029
0.002
0.0023
0.0024
0.0023
0.0023
0.002
0.0023
0.0024
0.0019
0.0021
0.0023
0.0023
0.0025
0.0023
0.0022
0.0025
0.0019
0.0025
0.0026
0.0022
0.0023
0.0024
0.002
0.0024
0.0021
0.002
0.0022
0.0023
0.0025
0.0026
0.0018
0.0029
0.0023
0.0023
0.0022
0.0024
0.0022
0.0025
0.0051
0.0024
0.0023
0.0023
0.0042
0.0022
0.0026
0.0024
0.0022
0.0024
0.0034
0.0023
0.0026
0.0019
0.002
0.0024
0.0027
0.0024
0.0027
0.0018
0.0024
0.0026
0.0032
0.0025
0.0027
0.0018
0.0027
0.0018
0.0019
0.0024
0.002
0.0023
0.0025
0.002
0.0024
0.002
0.0018
0.0021
0.0018
0.0026
0.002
0.0019
0.0029
0.0022
0.002
0.0022
0.0019
0.0021
0.0029
0.0022
0.0021
0.002
0.0018
0.0023
0.0019
0.0022
0.0019
0.0021
0.0024
0.0019
0.002
0.0022
0.0019
0.0019
0.0024
0.0019
0.002
0.002
0.0022
0.002
0.002
0.0019
0.0022
0.0019
0.0021
0.0022
0.0018
0.0024
0.0023
0.002
0.0022
0.0019
0.0023
0.0019
0.002
0.0025
0.0018
0.0019
0.0023

