--------------------------
CreateVideoDecoder_D3D11_1
--------------------------
19.9196
15.3938
14.623

---------------------------
DestroyVideoDecoder_D3D11_1
---------------------------
13.7503
13.954
0

----------------
First Frame Time
----------------
0

----------------------------
VideoDecoderEndFrame_D3D11_1
----------------------------
0.0029
0.0026
0.0024
0.002
0.0022
0.0021
0.0025
0.0019
0.0023
0.0026
0.0026
0.0019
0.0019
0.004
0.002
0.0019
0.0023
0.002
0.0024
0.004
0.0018
0.0023
0.0023
0.0036
0.0033
0.0022
0.0023
0.0024
0.004
0.0024
0.0019
0.0018
0.0024
0.0024
0.002
0.0025
0.0021
0.0022
0.002
0.0018
0.0023
0.0021
0.0042
0.0022
0.0018
0.0027
0.0019
0.0019
0.0023
0.0022
0.0018
0.0022
0.0019
0.0022
0.002
0.0021
0.0021
0.0019
0.0021
0.0022
0.0019
0.0018
0.0023
0.0045
0.0021
0.0019
0.0019
0.0022
0.0019
0.0018
0.0021
0.0018
0.0022
0.0019
0.0019
0.0021
0.0019
0.0018
0.002
0.0018
0.0022
0.0019
0.0018
0.0022
0.0022
0.002
0.0021
0.0019
0.0028
0.0018
0.0018
0.0021
0.0019
0.0019
0.0048
0.0018
0.0021
0.002
0.0021
0.0023
0.0019
0.0019
0.0022
0.0018
0.0018
0.0022
0.0022
0.0021
0.0018
0.0018
0.0021
0.0019
0.0018
0.0022
0.002
0.002
0.0018
0.0018
0.0021
0.0018
0.002
0.0029
0.0022
0.0023
0.0022
0.0025
0.0027
0.0022
0.0028
0.0031
0.0027
0.0025
0.0025
0.002
0.0023
0.0019
0.0021
0.0022
0.0018
0.0019
0.0022
0.0041
0.0022
0.0018
0.0021
0.0021
0.002
0.002
0.0022
0.0018
0.0018
0.0023
0.0021
0.0026
0.0023
0.0018
0.0019
0.0019
0.0019
0.0021
0.0018
0.0023
0.0018
0.0018
0.0023
0.0019
0.0018
0.0024
0.0019
0.002
0.0018
0.0018
0.0022
0.0021
0.0019
0.0021
0.0019
0.0023
0.0019
0.0021
0.0023
0.0022
0.0019
0.0022
0.002
0.0018
0.0024
0.0018
0.0021
0.0019
0.0019
0.002
0.0019
0.0032
0.0023
0.0019
0.0025
0.0023
0.0021
0.0024
0.002
0.0018
0.0022
0.0026
0.0026
0.0023
0.0019
0.0022
0.0019
0.0018
0.0022
0.0049
0.0019
0.002
0.002
0.0022
0.0018
0.0018
0.0023
0.0019
0.0018
0.002
0.0019
0.0022
0.002
0.0018
0.0021
0.0026
0.0019
0.0022
0.0019
0.0023
0.0018
0.0019
0.0022
0.0018
0.0018
0.0022
0.002
0.002
0.0023
0.0019
0.0022
0.0019
0.0019
0.0026
0.0019
0.0017
0.0021
0.0018
0.0024
0.0018
0.0019
0.0022
0.0021
0.002
0.0022
0.002
0.0023
0.0019
0.0018
0.0023
0.0021
0.0018
0.0026
0.0021
0.0023
0.0018
0.0019
0.0023
0.0018
0.0019
0.0028
0.002
0.0021
0.0025
0.002
0.0025
0.0021
0.0019
0.002
0.0018
0.0018
0.0023
0.0019
0.0029
0.0021
0.0019
0.0023
0.0019
0.002
0.0026
0.0018
0.0022
0.002
0.0019
0.0023
0.0019
0.0021
0.0027

