--------------------------
CreateVideoDecoder_D3D11_1
--------------------------
20.1473
17.1926
16.1226

---------------------------
DestroyVideoDecoder_D3D11_1
---------------------------
13.2752
13.362
0

----------------
First Frame Time
----------------
0

----------------------------
VideoDecoderEndFrame_D3D11_1
----------------------------
0.0029
0.0026
0.0032
0.0028
0.0023
0.0017
0.0021
0.0022
0.0025
0.0064
0.003
0.0022
0.0023
0.0051
0.0021
0.0024
0.0026
0.0026
0.0026
0.0053
0.0028
0.0027
0.0025
0.0025
0.0027
0.0026
0.0027
0.0033
0.0069
0.0029
0.0026
0.0029
0.0027
0.0028
0.0026
0.0031
0.0026
0.0029
0.0028
0.0029
0.0023
0.0027
0.0061
0.0034
0.0036
0.0025
0.0038
0.0022
0.0027
0.0024
0.003
0.0031
0.0028
0.0045
0.0025
0.0022
0.0017
0.0017
0.0015
0.0024
0.0027
0.0028
0.0026
0.0064
0.0037
0.0027
0.0029
0.0023
0.0029
0.0025
0.0031
0.0021
0.0022
0.0023
0.0023
0.0018
0.0021
0.0021
0.0016
0.0016
0.0017
0.0015
0.0032
0.0032
0.0027
0.0025
0.0027
0.0024
0.0026
0.0024
0.0026
0.0024
0.0029
0.0022
0.0062
0.0024
0.0025
0.0029
0.0027
0.0029
0.0022
0.0028
0.003
0.0025
0.0028
0.0026
0.0028
0.0031
0.0029
0.0024
0.0024
0.0024
0.0029
0.0027
0.0029
0.0024
0.0023
0.0026
0.0029
0.0024
0.0023
0.0029
0.0024
0.003
0.0026
0.0027
0.0024
0.0023
0.0024
0.0027
0.0027
0.0027
0.0028
0.0025
0.0027
0.0026
0.0025
0.0028
0.0026
0.0025
0.0027
0.0064
0.0024
0.0022
0.0024
0.0026
0.0021
0.0026
0.0026
0.0023
0.0025
0.0028
0.0024
0.0023
0.0023
0.0025
0.0026
0.0024
0.0029
0.0027
0.0025
0.0026
0.0028
0.0023
0.0026
0.0028
0.0023
0.0026
0.0023
0.0028
0.0024
0.0028
0.003
0.0025
0.0022
0.0024
0.0023
0.003
0.0026
0.0025
0.0024
0.0028
0.0025
0.0025
0.0031
0.0024
0.0023
0.0027
0.0025
0.0023
0.0026
0.0035
0.0027
0.0023
0.0024
0.0028
0.0026
0.0021
0.0029
0.0026
0.0025
0.0024
0.003
0.0027
0.0025
0.0026
0.0023
0.0025
0.0024
0.0024
0.0033
0.0249
0.0023
0.0025
0.0025
0.0031
0.0024
0.0031
0.0024
0.0024
0.0025
0.0024
0.0027
0.0026
0.0024
0.0027
0.0037
0.0026
0.0026
0.0027
0.0025
0.0025
0.0025
0.0025
0.0025
0.0029
0.0025
0.0025
0.0028
0.0026
0.0025
0.0025
0.0032
0.0025
0.0028
0.0025
0.0027
0.0025
0.0034
0.0025
0.0021
0.0019
0.0015
0.0026
0.0026
0.0029
0.0029
0.0029
0.0032
0.0025
0.0025
0.0024
0.0024
0.0027
0.0492
0.0025
0.0028
0.0024
0.0027
0.0029
0.003
0.0025
0.003
0.0024
0.0024
0.0026
0.0032
0.0023
0.0025
0.0027
0.0026
0.0024
0.0029
0.0029
0.0025
0.0031
0.0028
0.0028
0.0026
0.0025
0.0028
0.0025
0.0024
0.0024
0.003
0.0022
0.0031
0.0027
0.0026
0.0022
0.0015
0.0016
0.002
0.0026
0.0027
0.0033
0.0023
0.0027
0.002
0.0015
0.0017
0.0027
0.0019
0.0025
0.003
0.0026
0.0295
0.0024
0.0027
0.0025
0.0036
0.0027
0.0025
0.0026
0.0027
0.0025
0.0031
0.0031
0.0025
0.0027
0.0023
0.0029
0.0027
0.0025
0.003
0.0025
0.0025
0.0019
0.0016
0.0027
0.0025
0.0025
0.0029
0.0024
0.0026
0.0026
0.0026
0.0027
0.0024
0.0026
0.003
0.0025
0.0027
0.0022
0.0025
0.0024
0.0028
0.0024
0.0024
0.0025
0.0024
0.0028
0.0026
0.0025
0.0026
0.0023
0.0026
0.0027
0.0027
0.0024
0.0024
0.0032
0.0028
0.0026
0.0024
0.0025
0.0024
0.0025
0.0024
0.0028
0.0025
0.0027
0.0022
0.0019
0.0018
0.0027
0.0016
0.0024
0.0022
0.0029
0.0023
0.0025
0.0022
0.0031
0.0024
0.0026
0.0029
0.0026
0.0026
0.0024
0.0028
0.0024
0.0023
0.0026
0.0029
0.0023
0.0029
0.0028
0.0025
0.0022
0.0024
0.0024
0.0025
0.0025
0.0025
0.0026
0.0026
0.0025
0.0027
0.003
0.0025
0.0025
0.0024
0.003
0.0023
0.0025
0.0025
0.0025
0.003
0.0024
0.0024
0.0028
0.0025
0.0023
0.0025
0.0024
0.0025
0.0024
0.0024
0.0022
0.0023
0.0024
0.0025
0.0026
0.0022
0.0024
0.0024
0.0025
0.0024
0.0027
0.002
0.0024
0.0027
0.0018
0.0018
0.0025
0.0022
0.0024
0.0024
0.0025
0.0023
0.0025
0.0024
0.0024
0.0028
0.0025
0.0022
0.0026
0.0023
0.0036
0.0023
0.0021
0.0017
0.0017
0.0282
0.0015
0.0025
0.0015
0.0023
0.0022
0.0026
0.0023
0.0024
0.0025
0.0022
0.0026
0.0025
0.0023
0.0026
0.0023
0.0028
0.0025
0.0022
0.0023
0.0025
0.0024
0.0025
0.0022
0.0025
0.0026
0.0023
0.0025
0.0025
0.0026
0.0024
0.0024
0.0024
0.0025
0.0022
0.0022
0.0022
0.0025
0.0024
0.0032
0.0027
0.0036
0.0032
0.003
0.0027
0.0026
0.0025
0.0023
0.0024
0.0029
0.0028
0.0026
0.0024
0.0024
0.0032
0.0022
0.0026
0.0022
0.0024
0.0025
0.0023
0.0017
0.0017
0.012
0.0017
0.0026
0.0026
0.0024
0.0024
0.0025
0.0026
0.0026
0.003
0.0025
0.0025
0.0024
0.003
0.0026
0.0018
0.0022
0.0024
0.0018
0.0023
0.0019
0.0021
0.0018
0.0032
0.0019
0.0021
0.0025
0.0027
0.0024
0.0024
0.002
0.0017
0.0018
0.0016
0.003
0.0023
0.0027
0.0031
0.0025
0.0023
0.0027
0.0023
0.0023
0.0032
0.0023
0.0026
0.0025
0.0024
0.0026
0.0029
0.0026
0.0025
0.0024
0.0024
0.0021
0.0023
0.0028
0.0025
0.0023
0.0024
0.0023
0.0025
0.0025

