---------------------------------------------
CalcPrivateVideoDecoderOutputViewSize_D3D11_1
---------------------------------------------
0.0028
0.0012
0.0015
0.0013
0.0021
0.001
0.0014
0.001
0.0008
0.0012
0.0007
0.0014
0.0009
0.0024
0.001
0.0008
0.0009
0.0007
0.0007
0.0026
0.0024
0.0008
0.0015
0.0009
0.0008
0.0009
0.0006
0.0007
0.0016
0.0006
0.0006
0.0014
0.0008
0.0007
0.0015
0.0008
0.0014
0.001
0.0014
0.0009
0.0009
0.001
0.0031
0.0011
0.0009
0.0007
0.0008
0.0008
0.0014
0.0008
0.0011
0.0009
0.0014
0.0008
0.001
0.0006
0.0008
0.0007
0.0016
0.0006
0.0008
0.0006
0.0008
0.0019
0.0009
0.0006
0.0007
0.0006
0.0007
0.0008
0.0007
0.0008
0.0008
0.0011
0.0016
0.0016
0.001
0.0013
0.0013
0.0007
0.0007
0.0013
0.0007
0.0013
0.0007
0.0013
0.0008
0.0013
0.0007
0.0006
0.0007
0.0014
0.0008
0.0011
0.0024
0.0009
0.0006
0.0012
0.0009
0.0007
0.0007
0.0006
0.0007
0.0012
0.0007
0.0012
0.0007
0.0008
0.0006
0.001
0.0008
0.0012
0.0008
0.0009
0.0014
0.0007
0.0007
0.0011
0.0014
0.0008
0.0008
0.0017
0.0011
0.0009
0.0008
0.0008
0.001
0.0014
0.0009
0.0008
0.0007
0.0006
0.0008
0.0007
0.0007
0.0008
0.0008
0.0011
0.0009
0.0014
0.0008
0.0033
0.0008
0.0015
0.0007
0.0013
0.0009
0.0013
0.0009
0.0012
0.0007
0.0012
0.0008
0.0013
0.0009
0.0022
0.0008
0.0008
0.0008
0.002
0.0019
0.0015
0.0008
0.0009
0.0007
0.0008
0.0007
0.0007
0.0007
0.0008
0.0008
0.0006
0.0009
0.0016
0.001
0.0014
0.0011
0.0016
0.0014
0.0019
0.0015
0.0028
0.0008
0.0009
0.002
0.0007
0.0016
0.0008
0.0007
0.0013
0.0013
0.0009
0.0013
0.0017
0.0028
0.0013
0.0009
0.0007
0.0007
0.0012
0.001
0.0008
0.0013
0.0011
0.0006
0.0007
0.0008
0.0007
0.002
0.0011
0.0008
0.0035
0.0014
0.002
0.0014
0.0014
0.0014
0.0015
0.001
0.001
0.0008
0.0008
0.0013
0.0011
0.0009
0.0007
0.0007
0.0012
0.0008
0.0008
0.0021
0.0012
0.0016
0.0017
0.001
0.0015
0.0015
0.001
0.0015
0.0027
0.0012
0.0008
0.0008
0.0009
0.0016
0.0008
0.0011
0.0013
0.0009
0.0008
0.0016
0.0008
0.0008
0.0007
0.0006
0.0016
0.0017
0.0015
0.0009
0.0015
0.0015
0.0012
0.0013
0.0009
0.0009
0.0007
0.0006
0.001
0.0013
0.0026
0.0017
0.001
0.0021
0.0012
0.0009
0.0007
0.0014
0.0013
0.001
0.0009
0.0008
0.001
0.0008
0.0008
0.0008
0.0009
0.0025
0.0009
0.001
0.0007
0.002
0.0009
0.0009
0.001
0.0008
0.0015
0.0009
0.0008
0.0007
0.0009
0.0008
0.0008
0.0008
0.0018
0.0008
0.0008
0.0008
0.0007
0.0007
0.0007
0.0007
0.0006
0.0015
0.0016
0.0008
0.0009
0.0031
0.0007
0.0007
0.0007
0.0007
0.0007
0.0009
0.0007
0.0006
0.0009
0.0007
0.0008
0.0007
0.0009
0.0009
0.0007
0.0007
0.0007
0.0007
0.001
0.0006
0.0007
0.0006
0.0006
0.0006
0.0007
0.0006
0.0006
0.0007
0.0006
0.0006
0.0007
0.0006
0.0007
0.0007
0.0006
0.0008
0.0006
0.0009
0.0007
0.0005
0.0008
0.0007
0.0007
0.0008
0.0006
0.0006
0.0007
0.0007
0.0006
0.0007
0.0008
0.0006
0.0008
0.0007
0.0005
0.0009
0.0006
0.0007
0.0054
0.0017
0.0007
0.0007
0.0009
0.0007
0.0007
0.0007
0.0007
0.0009
0.0008
0.0007
0.001
0.0011
0.0005
0.0006
0.0005
0.0007
0.0007
0.0006
0.001
0.0006
0.0006
0.0009
0.0007
0.0008
0.0006
0.0007
0.0006
0.0006
0.0007
0.0007
0.0007
0.0006
0.0006
0.0006
0.0007
0.0006
0.0007
0.0007
0.0008
0.0007
0.0006
0.0007
0.0007
0.0007
0.0007
0.0007
0.0009
0.0007
0.0007
0.0008
0.0008
0.0006
0.0006
0.0007
0.0009
0.0006
0.0007
0.0006
0.0007
0.0009
0.0016
0.0007
0.0006
0.0006
0.0006
0.0007
0.0007
0.0007
0.0007
0.0006
0.0008
0.0006
0.0006
0.0007
0.0007
0.0008
0.0009
0.0006
0.0009
0.0007
0.0011
0.0014
0.0009
0.001
0.0009
0.0009
0.0007
0.0006
0.0008
0.0009
0.0006
0.0006
0.0006
0.0006
0.0007
0.0008
0.0006
0.0032
0.0006
0.0005
0.0009
0.0019
0.001
0.001
0.0008
0.0009
0.0009
0.0005
0.0006
0.0006
0.0006
0.0007
0.0006
0.0006
0.0006
0.0007
0.0007
0.0007
0.0007
0.0007
0.0006
0.0007
0.0007
0.0006
0.0007
0.0009
0.0006
0.0006
0.0006
0.0006
0.0006
0.0006
0.0007
0.0007
0.0006
0.0006
0.0007
0.0014
0.0006
0.0006
0.0008
0.0007
0.0008
0.0006
0.0007
0.0007
0.0006
0.0006
0.0006
0.0006
0.0006
0.0006
0.0006
0.0006
0.0009
0.0006
0.0006
0.0006
0.0006
0.0005
0.0006
0.0006
0.0005
0.0007
0.0005
0.0006
0.0007
0.0007
0.0006
0.0009
0.0007
0.0007
0.0006
0.0006
0.0007
0.0006
0.0007
0.0006
0.0007
0.0011
0.0007
0.0006
0.0007
0.0006
0.0006
0.0007
0.0006
0.0007
0.0007
0.0006
0.0006
0.0006
0.0007
0.0007
0.0006
0.0006
0.0008
0.0007
0.0005
0.0009
0.0006
0.0022
0.0014
0.0014
0.001
0.001
0.0011
0.0008
0.0007
0.0007
0.0008
0.0008
0.0008
0.0008
0.0007
0.0008
0.0007
0.0007
0.0007
0.0008
0.0007
0.0007
0.0007

-----------------------
CodechalDecode::Execute
-----------------------
9.7968
7.9123
22.7851
15.5377
46.1396
14.4534
0.9579
0.6633
0.8879
0.8223
0.9242
0.8394
0.8982
0.7288
0.8902
0.5804
0.5464
0.9072
0.8087
0.8868
0.983
0.8402
0.7341
0.9075
0.3751
0.3724
0.3805
0.369
0.3688
0.3639
0.3674
0.4224
0.385
0.3711
0.4187
0.3738
0.4161
0.3748
0.4141
0.3712
0.3704
0.3848
0.4086
0.3735
0.3675
0.3619
0.3665
0.3634
0.4141
0.3718
0.3773
0.37
0.4123
0.3727
0.3719
0.3623
0.3684
0.3595
0.3682
0.3593
0.3674
0.359
0.3662
0.3623
0.3688
0.3601
0.3703
0.3647
0.372
0.3846
0.4113
0.3749
0.3762
0.5779
0.4236
0.5764
0.3754
0.5547
0.557
0.3689
0.3611
0.5571
0.3639
0.5521
0.3678
0.5533
0.3649
0.5616
0.3641
0.3578
0.3662
0.5562
0.3668
0.5545
0.3683
0.3706
0.3617
0.5615
0.3669
0.3726
0.3575
0.3612
0.3613
0.5578
0.3631
0.5556
0.3708
0.3837
0.3625
0.5644
0.3684
0.5562
0.3963
0.3631
0.5483
0.3665
0.3743
0.3958
0.5553
0.3615
0.3656
0.4243
0.3843
0.3716
0.379
0.5562
0.3751
0.5713
0.3742
0.3668
0.3608
0.3589
0.3664
0.3652
0.3661
0.3647
0.361
0.5445
0.3799
0.5674
0.3714
0.5679
0.3662
0.5796
0.3646
0.5594
0.3693
0.5546
0.3715
0.5542
0.3702
0.5613
0.373
0.5595
0.3654
0.5535
0.371
0.3642
0.3687
0.4177
0.6118
0.4231
0.3945
0.3869
0.38
0.3714
0.365
0.3705
0.3621
0.3739
0.3872
0.4777
0.3817
0.4328
0.4021
0.4221
7.0233
0.6255
0.5879
0.4427
0.6284
0.4895
0.4415
0.4087
0.7981
0.3778
0.3791
0.4239
0.5465
0.5212
0.3899
0.3834
0.5822
0.4937
0.5268
0.4115
0.3894
0.3959
0.3815
0.4485
0.3827
0.3882
0.4615
0.4131
0.3949
0.3867
0.3601
0.3784
0.6289
0.416
0.5006
0.4378
0.4195
0.5527
0.5334
0.5758
0.5632
0.5842
0.3931
0.3839
0.3711
0.365
0.3824
0.4309
0.3753
0.3662
0.382
0.583
0.3969
0.4034
0.6581
0.4526
0.4821
0.614
0.4522
0.546
0.5652
0.3967
0.3939
0.7077
0.3968
0.3742
0.3779
0.3714
0.3876
0.3772
0.385
0.5821
0.3808
0.3629
0.4114
0.3726
0.3653
0.3685
0.3798
0.4073
0.4163
0.5783
0.3846
0.5686
0.4408
0.3779
0.413
0.39
0.3706
0.3614
0.3645
0.3843
0.4319
0.5067
0.4849
0.3853
0.4512
0.4139
0.3785
0.362
0.4122
0.3887
0.3704
0.3763
0.3806
0.3775
0.3855
0.3999
0.4044
0.4289
0.6471
0.3919
0.4835
0.4304
0.4541
0.3808
0.3761
0.3762
0.369
0.4132
0.3676
0.3692
0.3702
0.3788
0.3689
0.3676
0.3644
0.3907
0.3666
0.358
0.3629
0.3622
0.3587
0.3658
0.3784
0.3702
0.4131
0.4331
0.3763
0.3698
0.3955
0.373
0.3804
0.394
0.3697
0.3693
0.3653
0.3618
0.3635
0.3647
0.364
0.372
0.3764
0.3774
0.3802
0.3753
0.3871
0.3599
0.3659
0.3606
0.3604
0.3776
0.3699
0.3795
0.3849
0.3863
0.4109
0.4024
0.3831
0.3716
0.3726
0.3701
0.3723
0.3817
0.3819
0.3906
0.3977
0.382
0.3696
0.367
0.3543
0.3701
0.3541
0.3701
0.3878
0.3748
0.372
0.37
0.3728
0.3683
0.3811
0.386
0.3965
0.3689
0.3737
0.3686
0.3719
0.3817
0.3834
0.3878
0.4515
0.3853
0.3974
0.3763
0.3558
0.3621
0.3628
0.3564
0.3641
0.3669
0.3563
0.3669
0.4055
0.3648
0.3602
0.3608
0.3614
0.3679
0.3963
0.3663
0.3635
0.3623
0.3664
0.3752
0.3721
0.3566
0.3565
0.3523
0.3534
0.3572
0.3594
0.3734
0.37
0.3688
0.3618
0.3567
0.3566
0.3563
0.358
0.3665
0.3609
0.3672
0.3699
0.366
0.3792
0.3812
0.3867
0.4095
0.3991
0.3727
0.3723
0.371
0.3753
0.3843
0.396
0.3992
0.3696
0.369
0.3728
0.3831
0.3973
0.3725
0.3736
0.368
0.3766
0.3865
0.4011
0.3826
0.395
0.3799
0.3688
0.3758
0.374
0.3696
0.3893
0.3962
0.389
0.3939
0.3956
0.3854
0.3866
0.396
0.4537
0.3923
0.3788
0.3647
0.3783
0.3705
0.3802
0.3957
0.3774
0.3605
0.3635
0.3658
0.3588
0.3701
0.3781
0.3615
0.3767
0.3669
0.3609
0.4055
0.4291
0.3778
0.3675
0.3606
0.3637
0.3639
0.3584
0.3525
0.3605
0.3596
0.3572
0.3602
0.3631
0.3642
0.3693
0.3753
0.3729
0.3818
0.4178
0.3704
0.373
0.3718
0.3681
0.3771
0.4305
0.3763
0.3739
0.3743
0.3596
0.3573
0.3609
0.3622
0.3615
0.3667
0.3614
0.3689
0.3601
0.356
0.3602
0.3714
0.3616
0.3667
0.3579
0.3563
0.3547
0.3599
0.3677
0.3613
0.3615
0.3868
0.3599
0.3604
0.367
0.3838
0.3613
0.368
0.3558
0.3568
0.3622
0.3615
0.3686
0.3628
0.3657
0.3676
0.3851
0.4097
6.8577
0.39
0.3731
0.3612
0.3598
0.366
0.3618
0.3677
0.3611
0.3578
0.3601
0.3618
0.3941
0.379
0.3782
0.3599
0.3508
0.354
0.3529
0.3537
0.3736
0.3671
0.3699
0.3769
0.3657
0.3625
0.3642
0.3556
0.3607
0.3631
0.3681
0.3657
0.3824
0.3843
0.4639
0.4276
0.419
0.3686
0.3795
0.3756
0.3593
0.3621
0.3689
0.3725
0.3585
0.3617
0.3717
0.3684
0.3636
0.3656
0.3655
0.3656
0.4035
0.3664
0.3725
0.3686

---------------------------------------
CodechalDecodeHevcG12::DecodeStateLevel
---------------------------------------
0.4539
8.2441
0.496
0.4624
18.2574
0.3354
9.1836
0.43
9.8165
14.3857
0.2666
0.56
0.2094
0.2188
0.2091
0.2038
0.5697
0.1927
0.5029
0.1941
0.6147
0.1887
0.4617
0.2258
0.5499
0.2142
0.3564
0.2082
0.5714
0.1891
0.1848
0.2682
0.2171
0.1974
0.5764
0.2061
0.4866
0.1968
0.5171
0.2178
0.5784
0.2157
0.5116
0.1955
0.3599
0.2222
0.5807
0.1957
0.1432
0.1172
0.1409
0.1178
0.139
0.1322
0.1394
0.1171
0.139
0.1146
0.136
0.1165
0.1374
0.1154
0.1583
0.1241
0.1438
0.1178
0.1403
0.1172
0.1578
0.1211
0.1421
0.1179
0.159
0.1213
0.142
0.116
0.1578
0.1204
0.1422
0.1156
0.1415
0.1152
0.1566
0.1144
0.1552
0.1186
0.1419
0.1155
0.1403
0.1144
0.1368
0.1154
0.1381
0.1167
0.1399
0.1165
0.1587
0.121
0.1425
0.1166
0.1435
0.1178
0.1411
0.1162
0.1572
0.1205
0.1422
0.1179
0.1403
0.1171
0.138
0.1155
0.1405
0.1171
0.1372
0.1163
0.14
0.1164
0.1369
0.1154
0.1415
0.1161
0.1365
0.1142
0.1399
0.1158
0.138
0.1157
0.1389
0.1171
0.1376
0.1163
0.1411
0.1165
0.1401
0.1158
0.1421
0.1178
0.1428
0.1166
0.1744
0.1203
0.1444
0.1172
0.1408
0.1161
0.2204
0.1918
0.1677
0.1204
0.2213
0.1892
0.1453
0.1151
0.2131
0.1877
0.213
0.1898
0.142
0.1164
0.1395
0.1171
0.2141
0.187
0.1391
0.1148
0.2113
0.1863
0.1409
0.1174
0.2105
0.1856
0.1401
0.1167
0.2129
0.1889
0.1388
0.1148
0.1376
0.115
0.1418
0.1161
0.2123
0.1868
0.1405
0.116
0.2106
0.188
0.1404
0.1148
0.141
0.116
0.1395
0.1158
0.2141
0.19
0.1417
0.117
0.1395
0.1274
0.1374
0.1142
0.1395
0.1167
0.1397
0.1161
0.2131
0.1893
0.1391
0.1157
0.2143
0.1862
0.1418
0.1165
0.1448
0.1173
0.1387
0.117
0.215
0.1904
0.1397
0.1177
0.2111
0.1879
0.1494
0.1265
0.1394
0.1156
0.2086
0.1823
0.1408
0.1157
0.1437
0.1205
0.1407
0.126
0.2137
0.1781
0.1376
0.1157
0.1403
0.117
0.1634
0.1209
0.1462
0.1193
0.1408
0.1193
0.1427
0.1218
0.2109
0.1902
0.145
0.1164
0.2176
0.1905
0.1449
0.1182
0.1433
0.1163
0.1395
0.1153
0.1376
0.1152
0.1397
0.1164
0.1417
0.1145
0.1405
0.1173
0.1403
0.1172
0.1376
0.1159
0.2144
0.1785
0.1457
0.1184
0.2161
0.1885
0.1417
0.1174
0.2133
0.1892
0.1394
0.1148
0.221
0.1933
0.1396
0.1146
0.2107
0.1911
0.1396
0.1184
0.2097
0.1887
0.139
0.1217
0.2124
0.1864
0.1418
0.1173
0.209
0.1959
0.1435
0.1177
0.2128
0.1913
0.1403
0.1155
0.21
0.1878
0.1437
0.1163
0.1385
0.1156
0.1458
0.1151
0.161
0.1204
0.2367
0.1917
0.1617
0.1236
0.1487
0.1216
0.1452
0.1216
0.1438
0.1194
0.1412
0.1167
0.1384
0.1161
0.1404
0.1171
0.1391
0.1153
0.1404
0.121
0.1393
0.1152
0.1685
0.1786
0.1427
0.1224
0.1646
0.1214
0.1498
0.1237
0.1616
0.1201
0.2011
6.6606
0.232
0.2135
0.2159
0.1932
0.1745
0.1242
0.2362
0.2024
0.1767
0.1645
0.1805
0.124
0.1601
0.1259
0.3089
0.2455
0.1443
0.1164
0.1424
0.1219
0.1706
0.1181
0.2013
0.1847
0.2261
0.1488
0.1459
0.1238
0.1403
0.1266
0.2291
0.1855
0.2018
0.1467
0.2042
0.1589
0.1569
0.1212
0.1463
0.1259
0.1512
0.1273
0.1479
0.1193
0.187
0.138
0.1434
0.1216
0.1461
0.1295
0.1694
0.1351
0.1539
0.1219
0.1466
0.1286
0.1572
0.1158
0.1377
0.115
0.1448
0.1192
0.255
0.1871
0.1662
0.1189
0.1504
0.1211
0.1651
0.1245
0.1582
0.1222
0.2057
0.19
0.2064
0.1617
0.2197
0.1858
0.2131
0.187
0.2281
0.1899
0.1515
0.1225
0.1438
0.12
0.1403
0.1153
0.1393
0.1156
0.1449
0.1173
0.175
0.1195
0.1417
0.1166
0.1382
0.117
0.1501
0.118
0.2213
0.193
0.154
0.1196
0.1631
0.1181
0.2482
0.1617
0.1794
0.1237
0.182
0.1268
0.2336
0.1909
0.1512
0.1496
0.2121
0.1838
0.2228
0.1829
0.1525
0.1155
0.1515
0.1136
0.2817
0.1987
0.1507
0.1215
0.1431
0.1152
0.1387
0.1283
0.1407
0.1179
0.1444
0.1265
0.1423
0.1219
0.1458
0.1162
0.2187
0.1914
0.1434
0.1176
0.1378
0.1159
0.1571
0.1189
0.1401
0.1182
0.1378
0.1147
0.1379
0.1228
0.1492
0.1186
0.1557
0.1218
0.1594
0.122
0.2168
0.1909
0.1473
0.1187
0.2146
0.1887
0.1715
0.121
0.1447
0.1164
0.1563
0.1239
0.1407
0.1339
0.1407
0.1173
0.1383
0.1152
0.137
0.1179
0.1458
0.1209
0.1509
0.145
0.2002
0.1228
0.1915
0.1413
0.1455
0.1168
0.1808
0.1221
0.1647
0.117
0.1424
0.1148
0.1386
0.1148
0.1569
0.1209
0.1471
0.1174
0.139
0.1192
0.1435
0.1165
0.1456
0.1189
0.141
0.1233
0.1483
0.119
0.1526
0.1208
0.1558
0.1244
0.146
0.1181
0.2551
0.1918
0.1476
0.117
0.1952
0.1196
0.188
0.1197
0.1737
0.1194
0.1461
0.1182
0.1427
0.1153
0.1421
0.1151
0.14
0.1156
0.1646
0.1155
0.1407
0.1166
0.1403
0.1171
0.1407
0.1151
0.1426
0.123
0.1403
0.1168
0.1402
0.1161
0.1389
0.117
0.1435
0.1166
0.1399
0.1151
0.1369
0.115
0.1381
0.1153
0.1374
0.1139
0.1367
0.1139
0.1375
0.118
0.1381
0.1262
0.1424
0.1174
0.1673
0.1166
0.1706
0.1208
0.1426
0.1173
0.1425
0.1171
0.1507
0.1177
0.1421
0.1182
0.1453
0.1191
0.1502
0.1202
0.1408
0.117
0.1407
0.1168
0.1385
0.1149
0.137
0.1163
0.1376
0.1176
0.1389
0.115
0.1378
0.1176
0.1406
0.1171
0.1423
0.1182
0.1431
0.1201
0.1436
0.1164
0.1412
0.1165
0.1625
0.1158
0.1356
0.1141
0.1369
0.114
0.135
0.1159
0.1379
0.1147
0.1383
0.1173
0.1404
0.1185
0.145
0.1193
0.1459
0.12
0.1482
0.1215
0.1591
0.124
0.1534
0.1218
0.1461
0.1203
0.1413
0.1167
0.1418
0.1157
0.1405
0.1182
0.1408
0.1185
0.1452
0.1182
0.144
0.1197
0.1486
0.1207
0.1526
0.1209
0.1451
0.1203
0.1395
0.1146
0.1364
0.1186
0.1332
0.1147
0.139
0.115
0.1339
0.1089
0.14
0.1167
0.149
0.1178
0.1412
0.1169
0.1409
0.1182
0.14
0.1178
0.1425
0.1167
0.1397
0.1173
0.1454
0.1199
0.1466
0.1189
0.1513
0.1231
0.1402
0.1174
0.1421
0.1174
0.1392
0.1187
0.1409
0.1176
0.1453
0.1195
0.1459
0.1198
0.1485
0.1184
0.1841
0.1204
0.1486
0.1202
0.1506
0.1249
0.1432
0.1153
0.1356
0.1143
0.1372
0.1146
0.1376
0.1137
0.1349
0.1141
0.139
0.1145
0.1386
0.1151
0.1343
0.1189
0.1409
0.1171
0.1639
0.1172
0.1362
0.1201
0.1371
0.1155
0.1378
0.1144
0.1383
0.116
0.1381
0.1199
0.1405
0.1447
0.1393
0.1169
0.1387
0.1155
0.1373
0.1156
0.1411
0.1163
0.1417
0.1184
0.1407
0.1136
0.1356
0.1162
0.1367
0.1147
0.1344
0.1134
0.1341
0.1145
0.1369
0.1155
0.1357
0.1136
0.1376
0.1269
0.1454
0.1176
0.1419
0.1172
0.1392
0.118
0.1372
0.1161
0.1367
0.1155
0.1371
0.1157
0.137
0.1155
0.1369
0.1146
0.1369
0.1161
0.1414
0.117
0.1378
0.12
0.1383
0.1179
0.1457
0.1189
0.1451
0.118
0.1474
0.1197
0.1581
0.123
0.1527
0.1206
0.141
0.1192
0.142
0.1171
0.1396
0.117
0.1425
0.1191
0.1459
0.1202
0.1483
0.1261
0.1623
0.1158
0.1412
0.1158
0.1394
0.1187
0.142
0.116
0.1455
0.1193
0.152
0.1196
0.1427
0.1156
0.1425
0.1153
0.1387
0.1167
0.1403
0.1264
0.1484
0.1197
0.1547
0.1211
0.1467
0.1198
0.1514
0.1212
0.1438
0.1187
0.1392
0.1161
0.1434
0.1166
0.1391
0.1218
0.1405
0.1174
0.1514
0.1202
0.1498
0.1189
0.1484
0.1208
0.1501
0.1211
0.1505
0.1196
0.1442
0.1227
0.1497
0.1193
0.1606
0.1151
0.1829
0.1201
0.1488
0.1212
0.1433
0.1161
0.1388
0.1154
0.1467
0.1176
0.1409
0.1157
0.1452
0.1198
0.1479
0.1253
0.1442
0.1159
0.1382
0.1158
0.1381
0.1162
0.1396
0.1152
0.1345
0.1175
0.14
0.1169
0.1418
0.1172
0.1363
0.1167
0.1409
0.1161
0.1397
0.1159
0.1369
0.1155
0.1635
0.1217
0.172
0.1133
0.1466
0.1169
0.1413
0.1154
0.1372
0.1139
0.1387
0.1156
0.1383
0.116
0.1372
0.1144
0.1353
0.1136
0.1391
0.1155
0.1369
0.1152
0.1376
0.1162
0.1366
0.1159
0.1375
0.1154
0.1384
0.117
0.1411
0.1163
0.1447
0.1163
0.1413
0.1181
0.1453
0.119
0.1546
0.1424
0.1395
0.1168
0.1429
0.1156
0.1406
0.116
0.1393
0.1177
0.1432
0.1181
0.1575
0.1217
0.1424
0.1176
0.1431
0.1157
0.1428
0.1172
0.1356
0.1154
0.1352
0.1161
0.1387
0.1156
0.1401
0.1166
0.1383
0.1165
0.1392
0.1153
0.1379
0.118
0.1419
0.1184
0.138
0.1149
0.1364
0.1157
0.138
0.1166
0.1407
0.1161
0.1392
0.1159
0.1398
0.1167
0.1362
0.1163
0.1362
0.1156
0.1353
0.1146
0.1372
0.1166
0.1384
0.116
0.1382
0.1153
0.1388
0.1151
0.1389
0.1273
0.1388
0.115
0.1384
0.1153
0.139
0.1168
0.1404
0.1332
0.138
0.1154
0.144
0.1155
0.1365
0.1134
0.1361
0.1137
0.137
0.1138
0.1386
0.1158
0.1416
0.1185
0.1381
0.1186
0.1403
0.1185
0.1382
0.1161
0.1418
0.1184
0.1761
0.1216
0.1578
0.125
0.1549
0.1248
0.1439
0.1164
0.1364
0.1182
0.1386
0.1168
0.1404
0.1162
0.137
0.1173
0.1392
0.1168
0.139
0.1164
0.1379
0.1159
0.1388
0.1169
0.1401
0.1157
0.1445
0.1162
0.1457
0.1173
0.1451
0.1172
0.1371
0.1134
0.1344
0.1134
0.1356
0.1141
0.1349
0.1136
0.1349
0.1143
0.1413
0.1169
0.139
0.1201
0.1428
0.1172
0.1458
0.1178
0.1407
0.1157
0.1375
0.1178
0.1396
0.1169
0.1364
0.1139
0.1385
0.118
0.1392
0.1158
0.1405
0.1168
0.1401
0.1186
0.1471
0.1193
0.1493
0.1143
0.1802
0.1315
0.1642
0.1218
0.1641
0.1192
0.1421
0.1145
0.149
0.1169
0.1418
0.1134
0.1367
0.1142
0.1361
0.1141
0.1414
0.1166
0.1428
0.1176
0.1375
0.1144
0.1386
0.115
0.1368
0.116
0.1411
0.1178
0.1394
0.1156
0.1404
0.1178
0.1407
0.1159
0.1396
0.1153
0.14
0.1165
0.1414
0.117
0.1421
0.1168
0.1416
0.1179

-------------------------------------
CodechalDecodeHevcG12::SetFrameStates
-------------------------------------
0.8478
6.8388
4.063
5.7973
21.7742
13.4945
0.4192
0.1459
0.0326
0.0319
0.0313
0.0389
0.034
0.0433
0.0343
0.032
0.0327
0.031
0.0309
0.0383
0.0436
0.0346
0.0387
0.0339
0.0324
0.0313
0.0303
0.0317
0.0317
0.0306
0.0309
0.0388
0.0369
0.0323
0.0387
0.033
0.0384
0.0337
0.0383
0.0329
0.0326
0.0334
0.038
0.0334
0.0317
0.031
0.0313
0.0303
0.0381
0.0331
0.033
0.0316
0.0381
0.0328
0.0322
0.0309
0.0312
0.0305
0.0315
0.0305
0.0307
0.031
0.0311
0.0308
0.0315
0.0309
0.0314
0.0303
0.0311
0.0328
0.0308
0.0311
0.0358
0.0474
0.0391
0.0482
0.0331
0.0441
0.0442
0.0319
0.0303
0.0442
0.032
0.0429
0.0316
0.0437
0.0314
0.0447
0.0314
0.0308
0.031
0.0439
0.0314
0.0432
0.0326
0.0325
0.0312
0.0453
0.0312
0.0307
0.031
0.0307
0.0306
0.0436
0.0315
0.0438
0.0323
0.0404
0.0306
0.044
0.0318
0.0438
0.0349
0.0312
0.044
0.0317
0.0316
0.0339
0.036
0.0315
0.0317
0.0411
0.0352
0.0325
0.0326
0.0406
0.0322
0.0456
0.0323
0.0311
0.0308
0.031
0.0308
0.0315
0.031
0.0307
0.0307
0.044
0.0339
0.0465
0.0312
0.0506
0.0323
0.0463
0.0317
0.0428
0.0333
0.0445
0.0316
0.0444
0.0316
0.043
0.0337
0.0443
0.0322
0.0437
0.0321
0.0313
0.0314
0.0382
0.051
0.0379
0.0342
0.0342
0.0326
0.0319
0.0314
0.0313
0.0308
0.0319
0.0497
0.0302
0.032
0.0381
0.0372
0.0462
0.04
0.0533
0.0625
0.0424
0.0533
0.0401
0.0384
0.0346
0.0656
0.0341
0.031
0.0427
0.0443
0.0467
0.0339
0.0327
0.0452
0.0372
0.0539
0.0405
0.0341
0.0329
0.0324
0.0332
0.0375
0.0321
0.0485
0.0409
0.033
0.0324
0.0309
0.0309
0.055
0.0383
0.0336
0.0391
0.0421
0.038
0.0464
0.0453
0.0466
0.0476
0.0342
0.0336
0.0321
0.0314
0.0332
0.0445
0.0335
0.0316
0.0363
0.0455
0.0344
0.0339
0.0612
0.0448
0.0562
0.0513
0.0389
0.0455
0.0543
0.0415
0.029
0.0611
0.0371
0.0359
0.0333
0.0321
0.0326
0.0333
0.0349
0.046
0.0333
0.0317
0.0396
0.0348
0.0317
0.0311
0.0339
0.0377
0.039
0.0478
0.0352
0.045
0.0403
0.0336
0.0383
0.0335
0.0321
0.0321
0.031
0.0317
0.036
0.0516
0.0427
0.0379
0.0413
0.0369
0.0333
0.0304
0.0385
0.036
0.0322
0.0333
0.0331
0.0329
0.0329
0.0346
0.0366
0.0323
0.0544
0.0345
0.0373
0.0347
0.0602
0.0357
0.0334
0.0326
0.032
0.0365
0.032
0.0316
0.0321
0.032
0.0312
0.0314
0.031
0.0334
0.0319
0.03
0.0314
0.032
0.0306
0.0307
0.0313
0.0318
0.0346
0.0393
0.0323
0.0315
0.0386
0.0313
0.0326
0.0346
0.0308
0.0315
0.0306
0.0302
0.0302
0.0305
0.0311
0.0313
0.0316
0.0321
0.0324
0.0323
0.0308
0.0303
0.0309
0.0301
0.0302
0.0305
0.0309
0.0315
0.0323
0.0321
0.0348
0.0342
0.0319
0.0309
0.0312
0.0306
0.0307
0.0319
0.0313
0.0327
0.0332
0.0316
0.0314
0.0311
0.029
0.0312
0.0225
0.0309
0.0338
0.0341
0.0312
0.0303
0.0313
0.031
0.0318
0.0327
0.0337
0.0306
0.0312
0.0315
0.0313
0.0318
0.032
0.0324
0.0383
0.0337
0.0334
0.033
0.0304
0.0314
0.0312
0.0311
0.0313
0.0324
0.03
0.031
0.0344
0.0305
0.031
0.0303
0.0299
0.0305
0.0317
0.0307
0.0303
0.0304
0.0301
0.0315
0.0324
0.03
0.03
0.03
0.0293
0.0295
0.0303
0.0304
0.0307
0.0318
0.0302
0.0298
0.0299
0.0295
0.0303
0.0321
0.0299
0.03
0.0305
0.0301
0.0315
0.0317
0.0322
0.0343
0.0338
0.0306
0.0308
0.0313
0.0306
0.0316
0.0315
0.0324
0.0309
0.0305
0.0305
0.032
0.0344
0.0307
0.0313
0.0309
0.0302
0.0326
0.0326
0.0323
0.0331
0.0322
0.0313
0.0314
0.0309
0.0313
0.0315
0.0338
0.0322
0.0333
0.0334
0.0313
0.0324
0.0339
0.0405
0.0343
0.0337
0.0309
0.0307
0.0313
0.032
0.033
0.0324
0.0299
0.03
0.0308
0.0298
0.0314
0.0315
0.0299
0.0345
0.0303
0.0303
0.0329
0.0303
0.0346
0.0327
0.0329
0.0308
0.0315
0.0304
0.0304
0.0307
0.0306
0.0298
0.0302
0.0307
0.0302
0.0304
0.0309
0.031
0.0325
0.0322
0.0317
0.0311
0.0316
0.0306
0.0314
0.0509
0.0312
0.0316
0.0312
0.0334
0.0301
0.03
0.0304
0.0309
0.0357
0.0304
0.031
0.0302
0.0299
0.0302
0.032
0.0303
0.0309
0.0303
0.0301
0.03
0.0299
0.0356
0.0303
0.0303
0.0301
0.0308
0.0313
0.0337
0.0319
0.0304
0.0308
0.0302
0.0306
0.0355
0.0307
0.031
0.0304
0.0304
0.0363
0.0425
0.0313
6.4942
0.0319
0.0326
0.0315
0.0304
0.0307
0.0304
0.0301
0.0308
0.03
0.0303
0.0303
0.0331
0.0325
0.0322
0.0309
0.0297
0.0297
0.0302
0.0296
0.0325
0.0314
0.0312
0.0312
0.0309
0.0305
0.0306
0.0301
0.0293
0.0308
0.0311
0.0302
0.032
0.035
0.0432
0.0396
0.0378
0.0326
0.0328
0.0334
0.0312
0.0307
0.0311
0.0316
0.0309
0.0309
0.0307
0.031
0.0305
0.03
0.0311
0.031
0.0305
0.0308
0.0316
0.0309

--------------------------
CreateVideoDecoder_D3D11_1
--------------------------
18.4851

---------------------------
DestroyVideoDecoder_D3D11_1
---------------------------
0

----------------
First Frame Time
----------------
75.051

--------------------------------------
VideoDecoderBeginFrame_WDDM2_4_D3D11_1
--------------------------------------
0.008
0.0026
0.0022
0.0021
0.004
0.0025
0.0026
0.0021
0.0018
0.0023
0.0017
0.0026
0.0019
0.003
0.002
0.0023
0.0022
0.0017
0.0018
0.0037
0.0048
0.0021
0.0026
0.0019
0.002
0.0017
0.0017
0.0014
0.0024
0.0015
0.0016
0.0026
0.002
0.0017
0.0026
0.002
0.0026
0.002
0.0026
0.0019
0.0019
0.0018
0.0035
0.0018
0.002
0.0016
0.0018
0.0015
0.0026
0.0017
0.002
0.0018
0.0026
0.002
0.002
0.0015
0.0018
0.0015
0.0019
0.0016
0.0016
0.0015
0.0018
0.0026
0.0017
0.0015
0.0017
0.0015
0.0016
0.0016
0.0018
0.0019
0.0018
0.0022
0.0028
0.0027
0.0019
0.0023
0.0024
0.0018
0.0015
0.0023
0.0018
0.0023
0.0017
0.0022
0.0016
0.0023
0.0017
0.0014
0.0016
0.0024
0.0016
0.0023
0.0029
0.0026
0.0016
0.0023
0.0018
0.0015
0.0018
0.0016
0.0018
0.0023
0.0017
0.0023
0.0017
0.002
0.0018
0.0023
0.0017
0.0025
0.0019
0.0016
0.0022
0.0024
0.0017
0.0021
0.0029
0.0019
0.0016
0.0028
0.0022
0.0018
0.0018
0.0016
0.002
0.0025
0.0019
0.0018
0.0016
0.0017
0.0017
0.0015
0.0018
0.0016
0.0016
0.0025
0.0021
0.0026
0.0018
0.0045
0.0018
0.0031
0.0017
0.0024
0.002
0.0025
0.0017
0.0025
0.0018
0.0024
0.002
0.0028
0.0019
0.0023
0.0018
0.0016
0.0017
0.0027
0.0034
0.0026
0.0021
0.0019
0.0017
0.0019
0.0016
0.0018
0.0015
0.0018
0.002
0.0015
0.0026
0.0026
0.0019
0.0024
0.0024
0.0036
0.0029
0.0033
0.003
0.0025
0.0018
0.002
0.0039
0.0019
0.0016
0.0018
0.0016
0.0029
0.0026
0.002
0.0026
0.0024
0.0038
0.003
0.002
0.0016
0.0017
0.0017
0.0027
0.0017
0.0022
0.0019
0.0019
0.0017
0.0016
0.0016
0.0042
0.0022
0.0022
0.0045
0.0027
0.0028
0.0025
0.0025
0.0029
0.0027
0.002
0.0019
0.0018
0.0018
0.0023
0.0033
0.0018
0.0017
0.0018
0.0025
0.0021
0.0022
0.0049
0.0038
0.0034
0.0028
0.0023
0.003
0.0029
0.0018
0.0026
0.0046
0.0025
0.0021
0.0018
0.0027
0.0017
0.0016
0.0021
0.0032
0.002
0.0017
0.0028
0.0021
0.0019
0.0018
0.0016
0.0024
0.0028
0.0033
0.0022
0.0026
0.0027
0.0021
0.0023
0.002
0.0019
0.0015
0.0018
0.0018
0.002
0.0039
0.0035
0.002
0.0031
0.0025
0.0019
0.0015
0.0024
0.0022
0.0018
0.0017
0.0017
0.0016
0.0018
0.0017
0.0017
0.0018
0.0035
0.0018
0.0017
0.0023
0.0032
0.0019
0.0018
0.0019
0.0016
0.0024
0.0016
0.0017
0.0018
0.0017
0.0016
0.0016
0.0015
0.0021
0.0016
0.0015
0.0016
0.0016
0.0017
0.0016
0.0017
0.0016
0.0024
0.0026
0.0019
0.0017
0.0082
0.0017
0.0017
0.0017
0.0017
0.0016
0.0015
0.0016
0.0015
0.0015
0.0015
0.0016
0.0015
0.0015
0.002
0.0016
0.0015
0.0015
0.0016
0.0016
0.0016
0.0015
0.0016
0.0016
0.0016
0.0016
0.0018
0.0017
0.0016
0.0017
0.0015
0.0015
0.0014
0.0016
0.0015
0.0017
0.0017
0.0017
0.0018
0.0015
0.0015
0.0018
0.0018
0.0016
0.0054
0.0017
0.0016
0.0016
0.0016
0.0016
0.0016
0.0016
0.0018
0.0018
0.0016
0.0019
0.0017
0.0016
0.0016
0.0016
0.0025
0.0018
0.0018
0.0019
0.0016
0.0016
0.0016
0.0016
0.0017
0.0018
0.0017
0.0017
0.0021
0.0015
0.0015
0.0014
0.0015
0.0017
0.0017
0.0016
0.0016
0.0025
0.0015
0.0017
0.0019
0.0015
0.0016
0.0016
0.0015
0.0016
0.0015
0.0015
0.0015
0.0016
0.0015
0.0015
0.0015
0.0016
0.0016
0.0021
0.0015
0.0015
0.0015
0.0015
0.0015
0.0016
0.0016
0.0015
0.0015
0.0016
0.0016
0.0016
0.0017
0.0014
0.0016
0.0019
0.0016
0.0015
0.0016
0.0016
0.0022
0.0019
0.0015
0.0015
0.0015
0.0015
0.0016
0.0017
0.0016
0.0016
0.0016
0.0015
0.0016
0.0016
0.0016
0.0016
0.0017
0.0017
0.0016
0.0016
0.0018
0.002
0.0036
0.0021
0.002
0.0018
0.0016
0.0016
0.0018
0.0018
0.0018
0.0016
0.0016
0.0016
0.0015
0.0016
0.0015
0.0015
0.007
0.0015
0.0016
0.002
0.0029
0.002
0.002
0.0017
0.0019
0.0016
0.0015
0.0014
0.0015
0.0016
0.0016
0.0017
0.0016
0.0014
0.0015
0.0016
0.0017
0.0016
0.0015
0.0015
0.0016
0.0015
0.0016
0.0017
0.0022
0.0015
0.0016
0.0016
0.0015
0.0015
0.0017
0.0016
0.0016
0.0015
0.0015
0.0017
0.0015
0.0014
0.0015
0.0017
0.0016
0.0016
0.0015
0.0016
0.0014
0.0016
0.0015
0.0015
0.0016
0.0015
0.0015
0.0019
0.0014
0.0019
0.0018
0.0016
0.0016
0.0016
0.0015
0.0015
0.0017
0.0016
0.0016
0.0015
0.0015
0.0019
0.0015
0.0017
0.002
0.0016
0.0016
0.0018
0.0015
0.0017
0.0015
0.0015
0.0015
0.0016
0.0018
0.0015
0.0016
0.0015
0.0015
0.0015
0.0015
0.0015
0.0016
0.0016
0.0016
0.0015
0.0015
0.0016
0.0015
0.0015
0.0016
0.0014
0.0015
0.0017
0.0016
0.0017
0.0039
0.003
0.0025
0.0018
0.0017
0.0021
0.0016
0.0015
0.0016
0.0016
0.0015
0.0016
0.0016
0.0015
0.0015
0.0015
0.0016
0.0015
0.0015
0.0016
0.0016
0.0016

----------------------------
VideoDecoderEndFrame_D3D11_1
----------------------------
0.0374
0.0539
0.078
0.0763
0.114
0.0664
0.059
0.0585
0.0578
0.0644
0.0643
0.0668
0.0654
0.069
0.064
0.0636
0.064
0.062
0.0647
0.0626
0.0718
0.0639
0.0663
0.0635
0.0514
0.0521
0.0518
0.0513
0.0518
0.0508
0.0502
0.0592
0.0515
0.0517
0.0535
0.0521
0.0545
0.0517
0.0544
0.0512
0.0556
0.0543
0.0559
0.0531
0.0517
0.0507
0.0509
0.051
0.0535
0.0512
0.052
0.0514
0.0541
0.0516
0.0514
0.0512
0.051
0.0513
0.0523
0.05
0.0514
0.0497
0.0511
0.0521
0.0509
0.0508
0.0518
0.0508
0.0521
0.0541
0.0627
0.0511
0.0505
0.074
0.0567
0.0787
0.0506
0.0788
0.079
0.0549
0.0528
0.0766
0.052
0.0748
0.0523
0.0781
0.0519
0.0768
0.0521
0.0515
0.0536
0.0799
0.0517
0.0763
0.0545
0.0497
0.0532
0.077
0.0528
0.0522
0.0518
0.0517
0.0513
0.0751
0.0524
0.0782
0.0523
0.0516
0.0523
0.0782
0.0517
0.0773
0.0557
0.0506
0.0765
0.0524
0.0529
0.0616
0.0793
0.0573
0.0523
0.0554
0.0552
0.0515
0.0533
0.0764
0.0516
0.0776
0.0524
0.05
0.0515
0.0506
0.053
0.0505
0.0519
0.051
0.0519
0.0744
0.0549
0.076
0.0538
0.0797
0.0519
0.08
0.0529
0.0799
0.0529
0.0748
0.0526
0.078
0.0523
0.0798
0.053
0.0768
0.0518
0.078
0.0526
0.0521
0.0517
0.0572
0.083
0.0565
0.0531
0.0522
0.0504
0.0514
0.0511
0.0515
0.0511
0.0585
0.0529
0.0732
0.0614
0.065
0.0769
0.0617
0.0735
0.0774
0.1648
0.1208
0.0918
0.0548
0.0576
0.084
0.1104
0.0694
0.0632
0.0726
0.0787
0.0582
0.0742
0.0616
0.0939
0.0835
0.0605
0.0655
0.0553
0.056
0.0612
0.0624
0.0551
0.0592
0.0814
0.0537
0.0583
0.055
0.071
0.064
0.0767
0.0542
0.0706
0.0597
0.0667
0.0757
0.074
0.0773
0.0771
0.0891
0.0549
0.0607
0.0535
0.0529
0.0545
0.073
0.0555
0.0552
0.0571
0.0762
0.058
0.0534
0.1114
0.0634
0.0597
0.0777
0.0835
0.0556
0.0622
0.056
0.058
0.0812
0.0618
0.0571
0.0536
0.0602
0.0583
0.07
0.054
0.0788
0.0571
0.0568
0.0573
0.0553
0.0544
0.0673
0.0566
0.0541
0.0566
0.0785
0.053
0.077
0.057
0.0527
0.056
0.0531
0.0524
0.0525
0.0562
0.0524
0.0607
0.0596
0.06
0.0653
0.0588
0.0585
0.058
0.0534
0.0572
0.0557
0.0528
0.065
0.053
0.0546
0.0541
0.056
0.0561
0.0539
0.0762
0.0542
0.0578
0.0564
0.0588
0.057
0.0607
0.0535
0.0534
0.0565
0.0535
0.0537
0.0537
0.0546
0.0525
0.0522
0.0532
0.0536
0.0514
0.055
0.0519
0.0527
0.0538
0.052
0.055
0.0551
0.0559
0.0577
0.0551
0.0536
0.0547
0.0547
0.0553
0.0554
0.0537
0.0536
0.0519
0.0567
0.0526
0.052
0.0528
0.0535
0.0525
0.054
0.0538
0.0539
0.0526
0.0533
0.0518
0.0512
0.0527
0.0526
0.053
0.054
0.0551
0.0546
0.0571
0.0562
0.0542
0.0549
0.0541
0.0539
0.0537
0.0548
0.0551
0.0556
0.0562
0.0542
0.0549
0.0545
0.0536
0.0535
0.0551
0.0537
0.0554
0.0518
0.0542
0.0539
0.0571
0.0545
0.0543
0.0565
0.0578
0.0532
0.0559
0.0524
0.0537
0.0558
0.0559
0.0566
0.0559
0.0553
0.0586
0.0536
0.0518
0.0529
0.0525
0.0527
0.0518
0.0526
0.0517
0.0517
0.0524
0.0535
0.0518
0.0518
0.0529
0.0551
0.0535
0.0533
0.0529
0.0539
0.0522
0.0526
0.0553
0.0524
0.0512
0.0503
0.0543
0.053
0.0527
0.0535
0.0523
0.0524
0.0537
0.0526
0.0516
0.0528
0.052
0.0522
0.0532
0.0522
0.0526
0.0529
0.0539
0.0563
0.055
0.0592
0.0566
0.0539
0.0532
0.0546
0.0547
0.0541
0.0599
0.0547
0.0543
0.0532
0.0551
0.0537
0.0568
0.0554
0.0534
0.0537
0.0596
0.0564
0.0596
0.0556
0.0557
0.0534
0.0541
0.0532
0.053
0.0546
0.0555
0.0565
0.0549
0.055
0.0555
0.0578
0.0554
0.0575
0.0577
0.0595
0.0559
0.0539
0.0542
0.0539
0.0541
0.0584
0.0529
0.053
0.0533
0.0528
0.0533
0.0542
0.0536
0.0541
0.0552
0.0533
0.0516
0.0577
0.0592
0.0537
0.0532
0.0515
0.052
0.0518
0.0516
0.053
0.0501
0.0518
0.0531
0.0515
0.0518
0.0536
0.0526
0.0545
0.0537
0.0554
0.0612
0.0546
0.0543
0.0533
0.0545
0.054
0.055
0.0508
0.0512
0.0512
0.0498
0.0503
0.051
0.0507
0.0493
0.0512
0.0503
0.0503
0.0505
0.0505
0.0504
0.0512
0.0506
0.0519
0.0508
0.05
0.0519
0.0511
0.0506
0.0501
0.0511
0.0519
0.0509
0.0508
0.0507
0.0515
0.0505
0.0507
0.0495
0.0494
0.0514
0.0515
0.0504
0.0503
0.0498
0.0506
0.0552
0.0508
0.0501
0.0747
0.1012
0.0552
0.0522
0.0519
0.0522
0.0552
0.0528
0.0523
0.0515
0.0512
0.0534
0.0534
0.0534
0.0518
0.0509
0.0521
0.0528
0.0515
0.0541
0.0518
0.0523
0.0536
0.0519
0.0522
0.0524
0.0529
0.0534
0.0516
0.0528
0.0526
0.0577
0.0539
0.0576
0.0592
0.0556
0.0532
0.0555
0.0552
0.0534
0.0532
0.0521
0.0545
0.0544
0.0516
0.0522
0.052
0.0521
0.0527
0.0532
0.0527
0.0527
0.0526
0.0529
0.0547

---------------------------------
VideoDecoderSubmitBuffers_D3D11_1
---------------------------------
9.9107
7.9348
22.8007
15.5542
46.1617
14.5817
0.9758
0.6794
0.9022
0.8376
0.9379
0.8589
0.9134
0.7492
0.9053
0.5961
0.5625
0.9211
0.823
0.9072
1.0097
0.8561
0.7537
0.9221
0.3905
0.3857
0.6146
0.7332
0.6352
0.821
0.7999
0.6841
0.7268
0.7442
0.6716
0.7382
0.6518
0.6507
0.6658
0.7208
0.7185
0.4
0.4289
0.3884
0.5069
0.7377
0.7214
0.8141
0.7093
0.7555
0.7796
0.7557
0.6678
0.7684
0.7456
0.7881
0.7939
0.7877
0.7463
0.8164
0.7562
0.78
0.7843
0.7797
0.7383
0.8166
0.7517
0.7809
0.792
0.3996
0.4268
0.3904
0.6239
0.8575
0.4433
0.5962
0.3901
0.5724
0.5751
0.3828
0.3737
0.5754
0.3781
0.5699
0.3814
0.5722
0.3789
0.5804
0.3779
0.3703
0.3795
0.5747
0.3804
0.5726
0.3832
0.3859
0.3753
0.5807
0.3804
0.3856
0.3705
0.374
0.3741
0.577
0.3764
0.5738
0.3852
0.3984
0.376
0.5832
0.3819
0.5744
0.4116
0.3761
0.5659
0.3805
0.3872
0.4114
0.5805
0.3749
0.3792
0.444
0.3993
0.5425
0.7156
1.0001
0.3898
0.5915
0.3885
0.3804
0.3741
0.3712
0.3801
0.3786
0.3792
0.3777
0.3742
0.5622
0.3946
0.5874
0.3852
0.5883
0.3807
0.5999
0.3783
0.5793
0.3841
0.5732
0.3858
0.5721
0.3838
0.5808
0.3873
0.5782
0.3791
0.5713
0.3853
0.3781
0.3819
0.4381
0.6354
0.4433
0.4091
0.402
0.6338
0.6911
0.7744
0.7672
0.7735
0.787
0.4023
0.4914
0.3972
0.4542
0.4171
0.49
7.256
0.6513
0.6084
0.4663
0.6504
0.5103
0.4604
0.4246
0.8302
0.3924
0.3917
0.441
0.5654
0.5423
0.4064
0.3978
0.6054
0.5119
0.5513
0.4286
0.4043
0.4095
0.3953
0.4635
0.4002
0.4019
0.4804
0.4279
0.4081
0.3997
0.3733
0.392
0.659
0.4335
0.5179
0.462
0.4429
0.5731
0.5549
0.5957
0.585
0.6056
0.4084
0.3987
0.3842
0.3778
0.3978
0.4497
0.39
0.3795
0.3948
0.602
0.4133
0.4192
0.694
0.4765
0.5177
0.6393
0.4705
0.5667
0.5855
0.4122
0.4151
0.7387
0.414
0.3897
0.3915
0.3852
0.4011
0.3913
0.4016
0.6038
0.3961
0.3758
0.4309
0.3866
0.3792
0.3805
0.393
0.4255
0.4353
0.5997
0.4001
0.5884
0.4623
0.3929
0.4319
0.4036
0.3844
0.3766
0.377
0.3986
0.4504
0.5362
0.51
0.4013
0.4722
0.4322
0.3936
0.3746
0.4302
0.4089
0.3837
0.3905
0.3955
0.3904
0.4
0.4162
0.4183
0.4431
0.6757
0.4076
0.5019
0.4484
0.4764
0.3956
0.3914
0.3908
0.3823
0.4318
0.3808
0.3828
0.3842
0.392
0.3829
0.381
0.3766
0.4061
0.3805
0.3703
0.3767
0.3754
0.3709
0.3786
0.3933
0.3829
0.4315
0.4529
0.3905
0.3829
0.4151
0.3859
0.3941
0.4083
0.3822
0.3822
0.3781
0.3734
0.3755
0.3772
0.3762
0.3843
0.3902
0.3906
0.3967
0.3902
0.3994
0.3729
0.3797
0.3731
0.3731
0.3911
0.3823
0.3926
0.3996
0.3992
0.4262
0.4183
0.3966
0.3841
0.3865
0.3828
0.3856
0.3962
0.3949
0.4046
0.413
0.3949
0.3848
0.3805
0.3662
0.3844
0.3703
0.3832
0.403
0.3895
0.3848
0.3823
0.3862
0.3816
0.3938
0.3993
0.4104
0.3814
0.3864
0.3809
0.384
0.3943
0.3961
0.4027
0.4722
0.399
0.4124
0.3927
0.3687
0.3756
0.3775
0.3689
0.3789
0.3826
0.369
0.381
0.4217
0.3774
0.3724
0.3737
0.3741
0.3805
0.4094
0.3792
0.376
0.3749
0.3787
0.3895
0.3885
0.3704
0.3694
0.3651
0.371
0.3698
0.3731
0.3859
0.3831
0.3822
0.3745
0.3688
0.3687
0.3686
0.3705
0.3821
0.3734
0.3794
0.3826
0.3783
0.3923
0.3947
0.3999
0.4247
0.4137
0.3851
0.3846
0.3837
0.3873
0.3972
0.409
0.4154
0.3826
0.3817
0.3864
0.3975
0.4136
0.3857
0.3872
0.3805
0.3889
0.4003
0.4153
0.3952
0.409
0.3944
0.3822
0.3901
0.387
0.3817
0.4025
0.4109
0.4023
0.4082
0.4108
0.3989
0.4008
0.4115
0.4751
0.4079
0.3947
0.3781
0.3919
0.3835
0.394
0.4097
0.3926
0.3728
0.3759
0.3792
0.3711
0.3834
0.3924
0.3739
0.3959
0.3793
0.3731
0.4204
0.4533
0.3922
0.3821
0.374
0.3779
0.3779
0.3723
0.3643
0.3734
0.3721
0.37
0.3728
0.3763
0.3775
0.3817
0.3886
0.3858
0.3947
0.4325
0.3836
0.3863
0.3857
0.3809
0.3906
0.4498
0.3901
0.388
0.703
0.7428
0.7847
0.7521
0.8176
0.7548
0.8064
0.8142
0.383
0.4974
0.8214
0.801
0.7645
0.8153
0.7878
0.8313
0.8137
0.8506
0.7742
0.8032
0.8021
0.3738
0.5253
0.7682
0.3734
0.4614
0.3989
0.3749
0.3817
0.6738
0.728
0.8205
0.7808
0.3821
0.498
0.7539
0.8006
0.8445
0.4231
6.9379
0.4038
0.3894
0.374
0.372
0.3795
0.3744
0.38
0.3746
0.3704
0.3724
0.3746
0.41
0.3928
0.393
0.3731
0.3626
0.3667
0.3651
0.3661
0.3899
0.38
0.3826
0.3912
0.379
0.375
0.3766
0.3678
0.3725
0.376
0.3814
0.3781
0.3978
0.3991
0.487
0.4474
0.4376
0.3821
0.3938
0.3926
0.3727
0.3755
0.3827
0.3861
0.3709
0.3754
0.3842
0.3814
0.3769
0.3787
0.3783
0.379
0.4174
0.3798
0.3857
0.3813

