---------------------------------------------
CalcPrivateVideoDecoderOutputViewSize_D3D11_1
---------------------------------------------
0.0023
0.0017
0.0014
0.0015
0.0011
0.0009
0.0014
0.0014
0.0009
0.0017
0.0008
0.0006
0.0014
0.0027
0.0009
0.0014
0.0009
0.0009
0.0007
0.0021
0.0007
0.0015
0.001
0.0009
0.0006
0.0006
0.0007
0.0007
0.0019
0.0007
0.0007
0.001
0.001
0.0012
0.0008
0.0008
0.0007
0.0006
0.0006
0.001
0.0008
0.0015
0.0019
0.001
0.0008
0.0008
0.0006
0.0008
0.0006
0.0008
0.001
0.0006
0.0006
0.0006
0.001
0.0008
0.0007
0.0006
0.0014
0.0008
0.0008
0.0007
0.0008
0.0018
0.0008
0.0011
0.0017
0.0009
0.001
0.0008
0.0011
0.0006
0.0009
0.0006
0.0007
0.0006
0.0006
0.0007
0.0007
0.0006
0.0007
0.0006
0.0008
0.0006
0.001
0.0006
0.0007
0.0006
0.0006
0.0006
0.0006
0.0006
0.0005
0.0017
0.0024
0.0013
0.0008
0.001
0.0021
0.001
0.001
0.0008
0.0007
0.0008
0.0008
0.0007
0.0007
0.0009
0.0014
0.0008
0.001
0.0007
0.0009
0.0006
0.0009
0.001
0.0014
0.0009
0.0007
0.0006
0.0006
0.0007
0.0007
0.0007
0.0007
0.0008
0.0021
0.0013
0.0009
0.001
0.0006
0.0007
0.0007
0.0008
0.0006
0.0008
0.0007
0.0009
0.0007
0.0007
0.0006
0.0025
0.0006
0.0008
0.0005
0.0017
0.0009
0.0015
0.0017
0.001
0.0008
0.0009
0.0009
0.0015
0.0012
0.0012
0.0014
0.0025
0.0011
0.0008
0.0016
0.001
0.0009
0.0008
0.0009
0.0015
0.0013
0.001
0.0011
0.0013
0.0008
0.0007
0.0015
0.001
0.001
0.0011
0.001
0.002
0.0009
0.0012
0.0008
0.0014
0.0008
0.0007
0.0008
0.0008
0.0006
0.0008
0.0007
0.0015
0.001
0.0016
0.0014
0.001
0.0013
0.0008
0.0007
0.0014
0.0021
0.0008
0.0012
0.001
0.0009
0.0014
0.0008
0.0007
0.0007
0.0006
0.0007
0.0009
0.0012
0.0095
0.001
0.0009
0.0008
0.0011
0.0006
0.0007
0.0007
0.0006
0.002
0.0009
0.0008
0.001
0.0008
0.0014
0.0008
0.0007
0.0011
0.0007
0.0013
0.0008
0.0006
0.0009
0.0008
0.0012
0.001
0.0012
0.0013
0.0017
0.0013
0.001
0.0009
0.0012
0.0009
0.0008
0.0008
0.0008
0.0008
0.0007
0.0007
0.0014
0.0009
0.0008
0.0007
0.0007
0.0007
0.0007
0.0006
0.0007
0.0007
0.0007
0.0007
0.001
0.0008
0.0006
0.0007
0.0006
0.0007
0.0007
0.0006
0.0007
0.0007
0.0006
0.0006
0.0007
0.0007
0.0007
0.0007
0.0007
0.0008
0.0007
0.0006
0.0007
0.0007
0.0012
0.0007
0.0017
0.0025
0.0014
0.0011
0.0008
0.0012
0.0009
0.0009
0.0009
0.0009
0.0009
0.0008
0.0008
0.0009
0.0008
0.0017
0.001
0.0009
0.0008
0.0007
0.0007
0.0007
0.0007
0.0008
0.0007
0.0006
0.0006
0.0007
0.0007
0.0066
0.0008
0.0006
0.0007
0.0006
0.0009
0.001
0.0008
0.0007
0.0007
0.0007
0.0008
0.0008
0.0007
0.0008
0.0007
0.0009
0.0006
0.0007
0.0006
0.0007
0.0008
0.0006
0.0007
0.0007
0.0006
0.0007
0.0007
0.0007
0.0007
0.0009
0.0007
0.0007
0.0008
0.0007
0.0007
0.0006
0.0007
0.0007
0.0007
0.0008
0.0007
0.0007
0.0006
0.0007
0.0006
0.0007
0.0007
0.0006
0.0007
0.0007
0.0007
0.0006
0.0007
0.0006
0.0008
0.0007
0.0009
0.0007
0.0007
0.0011
0.0007
0.0006
0.0006
0.0007
0.0007
0.0007
0.0006
0.0006
0.001
0.0008
0.0007
0.0009
0.0006
0.0006
0.0006
0.0007
0.0007
0.0009
0.0009
0.0008
0.0006
0.0007
0.0006
0.0007
0.0013
0.0006
0.0009
0.0008
0.0012
0.0008
0.0014
0.0009
0.0011
0.0008
0.0006
0.0014
0.001
0.0008
0.0007
0.0007
0.0007
0.0006
0.0007
0.0008
0.0009
0.0007
0.0009
0.0007
0.0008
0.0005
0.0007
0.0006
0.0008
0.0008
0.0006
0.0008
0.0006
0.0012
0.0008
0.0016
0.001
0.0008
0.0007
0.0008
0.0008
0.0007
0.0014
0.0011
0.0009
0.0019
0.0011
0.001
0.0006
0.0008
0.0006
0.0008
0.0012
0.0011
0.0013
0.0007
0.0006
0.0007
0.0007
0.0011
0.0012
0.0012
0.0011
0.0011
0.0016
0.0009
0.0014
0.0007
0.0009
0.0006
0.0007
0.0007
0.0009
0.0152
0.0009
0.0006
0.0008
0.0008
0.0012
0.0007
0.0006
0.0008
0.0006
0.0019
0.001
0.0008
0.0012
0.0054
0.0011
0.0012
0.0011
0.0009
0.0011
0.0007
0.0007
0.0007
0.0006
0.0008
0.0006
0.0007
0.0005
0.0008
0.0006
0.0008
0.0011
0.0011
0.0018
0.001
0.0007
0.0012
0.0013
0.0015
0.0008
0.0011
0.0006
0.0009
0.0007
0.0008
0.0006
0.0006
0.0006
0.0008
0.0006
0.0008
0.0006
0.0013
0.0016
0.0008
0.0008
0.0015
0.0008
0.0009
0.0007
0.0007
0.0006
0.0008
0.0007
0.0008
0.0009
0.0013
0.0007
0.0006
0.0013
0.0007
0.0008
0.0008
0.0007
0.0014
0.001
0.0015
0.001
0.0008
0.0014
0.0009
0.0014
0.0009
0.0006
0.0007
0.0007
0.0009
0.0013
0.0011
0.0007
0.0012
0.0008
0.0013
0.0007
0.0006
0.0009
0.0008
0.0016
0.0012
0.0009
0.0009
0.001
0.0014
0.0016
0.0016
0.0016
0.0012
0.0014
0.0014
0.0013
0.0015
0.001
0.0009
0.001
0.0013
0.0015
0.0008
0.0007
0.001
0.0014
0.0015
0.0013
0.0008
0.0013
0.0009
0.0007

-----------------------
CodechalDecode::Execute
-----------------------
14.1848
34.3566
37.0929
0.5441
0.4857
11.0734
0.5819
0.6567
0.5273
0.5273
0.5024
0.5108
0.5514
0.585
0.7858
0.4815
0.4499
0.4716
1.231
0.4869
0.4559
0.5494
0.7957
0.6966
0.376
0.3719
0.3859
0.3927
0.3861
0.3861
0.402
0.4296
0.3856
0.4256
0.3912
0.3748
0.3625
0.3633
0.3608
0.3719
0.369
0.4144
0.3751
0.37
0.3629
0.3679
0.3638
0.3746
0.3653
0.3653
0.381
0.3609
0.3626
0.3744
0.4117
0.3755
0.3667
0.3674
0.4646
0.4248
0.378
0.3729
0.3835
0.3647
0.4123
0.3796
0.3895
0.3742
0.373
0.3654
0.38
0.3653
0.3683
0.3614
0.3682
0.36
0.3633
0.3602
0.3673
0.3629
0.3684
0.361
0.3652
0.3639
0.3695
0.3617
0.3672
0.3716
0.3691
0.3684
0.3722
0.4084
0.3926
5.831
0.4373
4.3431
6.2719
0.4095
0.4747
0.3701
0.3766
0.388
0.3988
0.3954
0.3943
0.3868
0.3598
0.3647
0.4168
0.3751
0.3731
0.3652
0.3705
0.4002
0.3678
0.372
0.4205
0.3747
0.3701
0.3767
0.3722
0.3817
0.3932
0.4151
0.3786
0.409
0.3844
0.482
0.3842
0.3739
0.3649
0.3759
0.3457
0.3713
0.3633
0.3672
0.359
0.3686
0.3602
0.367
0.394
0.3728
0.3833
0.3688
0.5491
0.4405
0.4066
0.3837
0.8181
0.392
0.3761
0.3811
0.3784
0.4246
0.6052
0.5212
0.3837
0.6602
0.3935
0.3699
0.4232
0.3851
0.3769
0.3762
0.3942
0.3943
0.571
0.3961
0.3839
0.4008
0.3773
0.3673
0.4199
0.4146
0.379
0.3828
0.4187
0.4342
0.3748
0.448
0.3832
0.5006
0.3904
0.3653
0.3625
0.3609
0.3776
0.3862
0.3836
0.4083
0.3853
0.461
0.5853
0.3845
0.5588
0.3693
0.3732
0.4676
0.5548
0.3708
0.419
0.3797
0.3703
0.4118
0.3761
0.3728
0.3767
0.3635
0.3672
0.3775
0.3988
0.4587
0.3834
0.3679
0.3628
0.5602
0.4322
0.3674
0.393
0.3727
0.6264
0.3891
0.3813
0.5327
0.3768
0.5456
0.3771
0.3716
0.5106
0.3673
0.5687
0.3446
0.3698
0.3748
0.3691
0.5707
0.5648
0.5513
0.5973
0.5923
0.5101
0.3807
0.3881
0.5365
0.3741
0.3747
0.38
0.3658
0.3688
0.3787
0.3661
0.4218
0.3757
0.3659
0.3686
0.3688
0.3711
0.3868
0.3827
0.3818
0.4056
0.3951
0.3932
0.3722
0.3389
0.358
0.3625
0.3661
0.3747
0.3757
0.3761
0.3739
0.3781
0.3794
0.3859
0.398
0.3887
0.3854
0.39
0.3614
0.3612
0.3629
0.3618
0.3622
0.3851
0.3841
0.3755
0.4242
0.4695
0.4377
0.3911
0.3687
0.3856
0.3756
0.3837
0.3936
0.4165
0.3587
0.3847
0.381
0.3829
0.3909
0.4357
0.3834
0.3732
0.3853
0.3755
0.3911
0.4074
0.375
0.373
0.374
0.3588
0.3576
0.3638
0.3652
0.3673
0.3738
0.3721
0.3728
0.3885
0.4013
0.3898
0.368
0.3663
0.3615
0.3726
0.3694
0.3655
0.3963
0.3554
0.3737
0.3865
0.3785
0.38
0.3935
0.4011
0.3738
0.3747
0.3761
0.3728
0.3834
0.398
0.3982
0.4485
0.3617
0.3874
0.371
0.3751
0.3747
0.3958
0.3973
0.3844
0.371
0.3745
0.3889
0.3741
0.3793
0.3884
0.3736
0.372
0.3699
0.3832
0.3494
0.422
0.369
0.3622
0.3632
0.3673
0.3687
0.3684
0.3784
0.3826
0.383
0.3704
0.3704
0.3654
0.3812
0.3873
0.3872
0.3989
0.4048
0.39
0.3702
0.3676
0.377
0.3992
0.3671
0.3649
0.3702
0.3718
0.3776
0.3802
0.3885
0.3938
0.3654
0.34
0.3503
0.3682
0.3518
0.3571
0.362
0.3965
0.3777
0.3752
0.3971
0.3688
0.5737
0.369
0.553
0.3642
0.3587
0.4089
0.387
0.3684
0.3682
0.3633
0.3704
0.3687
0.365
0.3659
0.3782
0.3546
0.3619
0.3548
0.3604
0.357
0.3592
0.3582
0.3545
0.3755
0.3728
0.3652
0.3627
0.4866
0.3641
0.4238
0.3869
0.3754
0.3579
0.3662
0.3658
0.3599
0.4188
0.3818
0.3747
0.4134
0.3735
0.3688
0.3601
0.3651
0.3572
0.3644
0.4719
0.5797
0.5669
0.3686
0.3572
0.3632
0.3649
0.5493
0.5637
0.5217
0.5561
0.5442
0.4306
0.3737
0.3725
0.3676
0.371
0.368
0.367
0.4144
0.3715
0.3735
0.3744
0.3648
0.3727
0.3841
0.5563
0.3642
0.3655
0.3644
0.3633
0.6033
0.3903
0.368
0.3858
0.3633
0.5548
0.5698
0.4413
0.3658
0.3741
0.3681
0.3546
0.3648
0.366
0.3672
0.3622
0.3682
0.3624
0.3694
0.3625
0.3647
0.5548
0.5651
0.5874
0.367
0.3573
0.569
0.5524
0.4146
0.3689
0.3676
0.3645
0.3669
0.3678
0.369
0.3653
0.3728
0.3602
0.373
0.3641
0.3673
0.3709
0.5624
0.5721
0.3579
0.3611
0.4159
0.3681
0.3679
0.368
0.3634
0.36
0.3694
0.3608
0.3682
0.3804
0.5476
0.3648
0.3549
0.5621
0.37
0.3552
0.3779
0.3641
0.4129
0.3732
0.4193
0.376
0.3696
0.4144
0.3756
0.5657
0.3673
0.3627
0.3677
0.3612
0.3673
0.5211
0.5566
0.3648
0.5599
0.3661
0.5618
0.3677
0.358
0.3825
0.363
0.4162
0.394
0.3875
0.3674
0.4759
0.5768
0.4865
0.5884
0.4174
0.5572
0.5513
0.5773
0.5936
0.6051
0.4116
0.3777
0.5006
0.579
0.5759
0.395
0.3982
0.448
0.5957
0.3911
0.5854
0.4215
0.572
0.3909
0.378

---------------------------------------
CodechalDecodeHevcG12::DecodeStateLevel
---------------------------------------
0.4746
12.6866
19.0705
14.3644
8.5881
11.0037
0.1967
0.1486
0.1674
0.1439
0.2087
10.6649
0.1874
0.1537
0.2243
0.1638
0.2123
0.1674
0.2125
0.1652
0.2023
0.1591
0.2127
0.1613
0.223
0.1611
0.2465
0.1621
0.1891
0.1506
0.1932
0.1515
0.1777
0.1457
0.1782
0.1625
0.2031
0.8959
0.2013
0.1503
0.182
0.1477
0.2265
0.1613
0.1936
0.1496
0.1885
0.1502
0.1432
0.118
0.1417
0.1167
0.1446
0.1195
0.1509
0.1208
0.1459
0.119
0.1478
0.1183
0.1532
0.1195
0.1593
0.1291
0.1444
0.1176
0.1765
0.1153
0.1455
0.1183
0.1417
0.117
0.1363
0.116
0.1358
0.1162
0.1355
0.116
0.141
0.1156
0.1406
0.1165
0.1574
0.1207
0.1419
0.1178
0.1407
0.1158
0.1388
0.1157
0.1395
0.1155
0.1386
0.1161
0.1445
0.1166
0.138
0.1181
0.1393
0.1161
0.1422
0.1164
0.1365
0.1157
0.1364
0.117
0.1414
0.1172
0.1568
0.1201
0.1416
0.1179
0.1387
0.1165
0.1383
0.1176
0.193
0.1254
0.1653
0.126
0.1451
0.1184
0.1427
0.1178
0.1479
0.1197
0.1391
0.1153
0.1566
0.1198
0.1441
0.1193
0.1526
0.1147
0.1431
0.1174
0.1411
0.117
0.1393
0.1158
0.1424
0.1209
0.1389
0.1164
0.1391
0.1158
0.1388
0.1155
0.1412
0.1161
0.1374
0.1165
0.1392
0.1139
0.1383
0.1157
0.1407
0.1156
0.1385
0.1161
0.1401
0.1153
0.138
0.1159
0.1389
0.1154
0.1384
0.1162
0.1397
0.1155
0.1374
0.1151
0.1388
0.1168
0.1401
0.1166
0.1384
0.1164
0.1412
0.1163
0.1384
0.117
0.1669
0.1206
0.151
0.12
0.2191
5.4447
0.1624
0.1324
3.5694
0.1676
0.1802
0.1356
0.1584
0.1238
0.1899
0.1302
0.1435
0.1122
0.144
0.118
0.1508
0.1193
0.1515
0.1214
0.1516
0.1217
0.1538
0.1222
0.1418
0.1328
0.138
0.1149
0.1412
0.1171
0.1588
0.1226
0.1433
0.1178
0.1426
0.1164
0.1397
0.116
0.1408
0.1164
0.1522
0.1194
0.1387
0.1145
0.1411
0.1164
0.1601
0.1215
0.1423
0.1161
0.1406
0.1167
0.1428
0.1176
0.1415
0.117
0.1445
0.1172
0.1509
0.122
0.1605
0.1261
0.1435
0.1175
0.1688
0.1188
0.1373
0.118
0.2012
0.124
0.1429
0.1173
0.1413
0.1167
0.1378
0.1174
0.142
0.1171
0.1336
0.1111
0.1394
0.118
0.1381
0.1175
0.1383
0.1149
0.137
0.1145
0.1417
0.1152
0.1372
0.1156
0.1381
0.1159
0.1572
0.1188
0.1401
0.1174
0.1585
0.1131
0.1399
0.1149
0.2064
0.1888
0.1656
0.1214
0.1557
0.1218
0.143
0.1162
0.2205
0.1983
0.1487
0.122
0.1432
0.1168
0.1461
0.1176
0.143
0.1183
0.1639
0.1242
0.2261
0.1992
0.237
0.1573
0.145
0.1158
0.2591
0.1935
0.1514
0.1177
0.1413
0.1157
0.1618
0.1223
0.1466
0.1185
0.1429
0.1188
0.1426
0.1205
0.1483
0.1258
0.154
0.1155
0.2101
0.1891
0.1511
0.12
0.1445
0.1208
0.1513
0.1212
0.1416
0.121
0.141
0.1189
0.1614
0.1204
0.1507
0.116
0.1425
0.1162
0.1445
0.12
0.156
0.1193
0.1667
0.1179
0.1413
0.1174
0.1901
0.1259
0.1441
0.1168
0.1923
0.1579
0.1432
0.1147
0.137
0.1161
0.1369
0.1145
0.1361
0.115
0.1453
0.123
0.1479
0.1178
0.1449
0.1186
0.1552
0.1212
0.1466
0.1195
0.188
0.123
0.2258
0.19
0.1474
0.1193
0.221
0.1779
0.1407
0.119
0.142
0.1187
0.1596
0.1291
0.2275
0.1629
0.142
0.117
0.1564
0.1191
0.1432
0.1165
0.1406
0.1166
0.1588
0.1232
0.1434
0.1176
0.1433
0.1187
0.1405
0.1196
0.1366
0.1156
0.1398
0.1175
0.1464
0.1179
0.1393
0.1174
0.177
0.1548
0.1424
0.1218
0.1381
0.1175
0.1372
0.1143
0.2157
0.1868
0.14
0.1637
0.1387
0.1164
0.1455
0.1194
0.1404
0.1169
0.243
0.1961
0.1455
0.1265
0.1416
0.1272
0.1976
0.187
0.1417
0.1184
0.2048
0.1868
0.1411
0.1239
0.1386
0.1243
0.1855
0.1765
0.141
0.1168
0.216
0.1911
0.134
0.1082
0.1385
0.1147
0.1421
0.1178
0.1392
0.1178
0.2249
0.187
0.2141
0.1913
0.2134
0.1691
0.2242
0.1978
0.2271
0.1836
0.2139
0.1408
0.1482
0.1156
0.1463
0.1297
0.199
0.1825
0.141
0.1153
0.1469
0.1151
0.1448
0.1195
0.1354
0.1164
0.1396
0.1148
0.142
0.1173
0.1379
0.1178
0.1613
0.1219
0.1416
0.1183
0.1377
0.1159
0.1402
0.1178
0.1387
0.1177
0.1405
0.1155
0.1483
0.1194
0.1459
0.1188
0.145
0.1191
0.1506
0.1277
0.1502
0.1203
0.1504
0.1204
0.1413
0.1144
0.1297
0.1073
0.135
0.1131
0.1362
0.1173
0.1393
0.1155
0.1419
0.1164
0.1438
0.1181
0.1423
0.1186
0.1421
0.1172
0.1455
0.1179
0.1441
0.1194
0.1467
0.1199
0.1516
0.1245
0.1486
0.1222
0.1468
0.1189
0.1497
0.1213
0.1357
0.1161
0.1361
0.116
0.1371
0.1172
0.1372
0.1157
0.1362
0.1152
0.1416
0.1199
0.1445
0.1189
0.1408
0.1175
0.1611
0.1251
0.1903
0.1239
0.1736
0.122
0.1534
0.1198
0.141
0.1173
0.1493
0.1178
0.146
0.1174
0.147
0.1187
0.1506
0.1215
0.162
0.1233
0.1388
0.1114
0.1421
0.1294
0.1482
0.1191
0.1475
0.1194
0.1453
0.1215
0.1677
0.1246
0.1442
0.1187
0.1416
0.1171
0.1515
0.1194
0.1432
0.1179
0.1491
0.1209
0.1598
0.124
0.1431
0.1173
0.1403
0.1171
0.1419
0.1185
0.1373
0.1168
0.1363
0.1167
0.1403
0.117
0.1385
0.1191
0.14
0.1164
0.1449
0.1179
0.144
0.1169
0.1429
0.1183
0.1524
0.12
0.1407
0.1202
0.1554
0.118
0.1412
0.1161
0.1378
0.1175
0.1357
0.115
0.142
0.1177
0.1399
0.1161
0.1383
0.1164
0.1478
0.1186
0.1367
0.1105
0.142
0.1156
0.1503
0.1202
0.1413
0.1204
0.1439
0.1175
0.1515
0.1203
0.1553
0.1244
0.1426
0.1186
0.1425
0.1188
0.142
0.1199
0.142
0.1174
0.1486
0.1186
0.1566
0.1216
0.1507
0.1207
0.2013
0.1232
0.1373
0.1147
0.139
0.1129
0.1416
0.1165
0.1403
0.1198
0.1428
0.1163
0.1525
0.1198
0.1484
0.1251
0.1462
0.1187
0.1419
0.1161
0.1423
0.118
0.1394
0.1351
0.1424
0.1178
0.1447
0.1186
0.1493
0.1194
0.1424
0.1171
0.1405
0.1197
0.1408
0.1173
0.1444
0.1217
0.1353
0.1097
0.1781
0.1205
0.1417
0.1155
0.1368
0.1147
0.1372
0.1145
0.1389
0.118
0.1395
0.1157
0.14
0.1158
0.1445
0.1206
0.1442
0.1213
0.1444
0.1152
0.141
0.1172
0.1416
0.1159
0.1381
0.1153
0.1466
0.1183
0.1466
0.1217
0.1476
0.1188
0.154
0.122
0.1536
0.13
0.1466
0.1191
0.141
0.1168
0.1408
0.117
0.1422
0.1165
0.1451
0.1192
0.1389
0.1156
0.1385
0.1142
0.1402
0.1167
0.1422
0.1157
0.143
0.118
0.1449
0.1189
0.1453
0.1225
0.149
0.1175
0.1392
0.1138
0.1292
0.1082
0.1313
0.1131
0.1398
0.1154
0.1341
0.1146
0.1358
0.1153
0.1383
0.116
0.136
0.1164
0.1398
0.1161
0.1424
0.1166
0.1492
0.1186
0.1386
0.1161
0.2182
0.1896
0.1407
0.1169
0.211
0.1863
0.1399
0.117
0.1382
0.116
0.158
0.1197
0.1536
0.1196
0.1408
0.116
0.1379
0.122
0.1389
0.1167
0.1383
0.1223
0.1381
0.1223
0.1409
0.1169
0.1393
0.1168
0.1529
0.1136
0.1353
0.1141
0.138
0.1141
0.1356
0.1134
0.1386
0.1137
0.1374
0.1138
0.1364
0.1132
0.1373
0.1141
0.1408
0.1103
0.1387
0.1265
0.1402
0.1236
0.1397
0.116
0.1392
0.1169
0.1527
0.1249
0.1387
0.1133
0.158
0.1194
0.1483
0.1198
0.1395
0.1251
0.1364
0.1145
0.1407
0.1145
0.1362
0.1219
0.1367
0.1144
0.1625
0.123
0.1441
0.1183
0.1403
0.1237
0.158
0.1207
0.1413
0.1158
0.1396
0.1152
0.1371
0.1161
0.1382
0.1149
0.1351
0.1147
0.1385
0.1145
0.2152
0.1337
0.2138
0.1873
0.2195
0.191
0.1373
0.1225
0.1367
0.115
0.1389
0.1143
0.1365
0.1235
0.2105
0.1841
0.2157
0.1906
0.2032
0.1757
0.2128
0.1864
0.2084
0.1859
0.1695
0.1231
0.1416
0.1189
0.1426
0.1161
0.1394
0.1162
0.1419
0.1187
0.1394
0.1177
0.1397
0.1151
0.1776
0.1219
0.1435
0.1169
0.1407
0.1173
0.1395
0.1145
0.1391
0.1165
0.1422
0.1173
0.1409
0.1311
0.2104
0.1867
0.1392
0.1156
0.1382
0.1151
0.1386
0.1152
0.1373
0.115
0.2296
0.1908
0.1512
0.1212
0.1404
0.1171
0.1484
0.1222
0.1404
0.1169
0.2098
0.187
0.2222
0.1904
0.18
0.1243
0.1385
0.116
0.1428
0.117
0.1418
0.1168
0.1425
0.1115
0.14
0.1158
0.1375
0.1235
0.1411
0.1147
0.1382
0.117
0.141
0.1175
0.1364
0.1158
0.1404
0.1158
0.138
0.1174
0.1398
0.1156
0.2092
0.1883
0.2151
0.191
0.2289
0.1924
0.1397
0.1155
0.1366
0.1148
0.2172
0.1887
0.2116
0.1886
0.1594
0.1187
0.1381
0.121
0.1409
0.1163
0.1441
0.1168
0.1384
0.1154
0.1356
0.1231
0.1421
0.1176
0.1392
0.1173
0.1397
0.1221
0.1389
0.1159
0.1423
0.1195
0.1387
0.1183
0.1403
0.1173
0.1408
0.1195
0.2128
0.1909
0.2172
0.1909
0.1382
0.1137
0.1383
0.1166
0.1609
0.1225
0.1406
0.1166
0.14
0.1166
0.1446
0.1163
0.1385
0.1146
0.137
0.116
0.1411
0.1175
0.1381
0.1165
0.1384
0.1155
0.139
0.1139
0.2078
0.1861
0.1394
0.1158
0.1356
0.115
0.2094
0.1916
0.1415
0.1153
0.136
0.1135
0.1411
0.1162
0.139
0.1164
0.1584
0.1212
0.1424
0.1174
0.1599
0.125
0.1445
0.1176
0.1416
0.1162
0.1586
0.1229
0.1436
0.1183
0.2137
0.1893
0.1403
0.1163
0.14
0.1158
0.1407
0.1156
0.1386
0.1161
0.1401
0.1166
0.2026
0.1751
0.2088
0.1909
0.1392
0.1166
0.2107
0.1914
0.139
0.1165
0.2123
0.1923
0.1409
0.1165
0.1368
0.115
0.1444
0.1225
0.1368
0.1143
0.1616
0.1197
0.1493
0.1247
0.147
0.1229
0.1401
0.1155
0.1911
0.1387
0.2243
0.1901
0.1903
0.1372
0.2219
0.1931
0.1586
0.1324
0.212
0.1876
0.2229
0.1658
0.2199
0.1924
0.2202
0.2084
0.2286
0.1993
0.1589
0.1265
0.142
0.1247
0.1663
0.1839
0.2234
0.194
0.2173
0.1922
0.1458
0.1215
0.1502
0.1342
0.1782
0.1246
0.2211
0.1945
0.1485
0.1155
0.222
0.193
0.1646
0.1372
0.216
0.1929
0.1485
0.1208
0.1446
0.1211

-------------------------------------
CodechalDecodeHevcG12::SetFrameStates
-------------------------------------
0.7331
0.7628
17.3807
0.0849
0.0744
0.0726
0.1265
0.1232
0.0398
0.0391
0.0365
0.0348
0.0416
0.0433
0.0357
0.0352
0.0341
0.0331
0.0324
0.0341
0.0325
0.0409
0.0355
0.0336
0.033
0.0322
0.0388
0.0354
0.0335
0.033
0.0397
0.0428
0.0363
0.0298
0.0385
0.0358
0.0314
0.0312
0.032
0.0325
0.0323
0.0393
0.035
0.0325
0.0316
0.033
0.0316
0.032
0.0319
0.0319
0.0331
0.0315
0.0307
0.0328
0.0396
0.0333
0.0316
0.0322
0.0426
0.0392
0.0333
0.0325
0.0332
0.0331
0.0408
0.0343
0.0271
0.0341
0.0328
0.0316
0.0328
0.0314
0.0325
0.0318
0.0319
0.0308
0.0314
0.031
0.032
0.0317
0.0329
0.0318
0.0318
0.0316
0.0329
0.0312
0.0317
0.0323
0.0318
0.0317
0.0326
0.0383
0.0339
0.0427
0.0475
0.0351
5.8505
0.0372
0.044
0.0251
0.0339
0.0341
0.0351
0.0349
0.0347
0.0326
0.0318
0.0317
0.0393
0.034
0.0324
0.032
0.0323
0.0421
0.0333
0.0329
0.0387
0.0334
0.0325
0.0322
0.0322
0.0334
0.0335
0.0369
0.0322
0.0333
0.037
0.0451
0.0363
0.0325
0.0315
0.0345
0.021
0.0321
0.0312
0.0325
0.0319
0.0323
0.031
0.0319
0.0327
0.0335
0.0325
0.0316
0.0392
0.0523
0.0368
0.0354
0.0549
0.0363
0.0341
0.0349
0.0333
0.0412
0.0529
0.0375
0.0342
0.059
0.0369
0.0333
0.0407
0.0355
0.0336
0.0334
0.0346
0.0272
0.0489
0.0369
0.0345
0.0422
0.0328
0.0323
0.0396
0.0559
0.0326
0.0347
0.0353
0.0428
0.0341
0.0371
0.0346
0.0431
0.0528
0.0319
0.0322
0.0318
0.0311
0.0328
0.0337
0.0382
0.0357
0.0417
0.0498
0.0351
0.0475
0.0323
0.0324
0.0395
0.0351
0.0331
0.054
0.0381
0.0328
0.0369
0.0333
0.0317
0.0319
0.0319
0.0325
0.0335
0.038
0.0335
0.0336
0.0318
0.032
0.0455
0.0324
0.0324
0.0481
0.0369
0.0551
0.0348
0.0332
0.0423
0.0334
0.0427
0.0332
0.032
0.0417
0.032
0.0464
0.0218
0.0408
0.0333
0.032
0.0457
0.045
0.0478
0.049
0.0492
0.0495
0.0346
0.0318
0.0426
0.0321
0.0319
0.0329
0.0337
0.0327
0.0345
0.031
0.0397
0.034
0.0315
0.0313
0.0318
0.0327
0.0332
0.0329
0.033
0.0338
0.0341
0.0342
0.033
0.0215
0.0312
0.0309
0.0321
0.0343
0.0316
0.0326
0.0324
0.0324
0.0327
0.0331
0.0331
0.0326
0.0338
0.0335
0.0308
0.031
0.0308
0.0305
0.031
0.0313
0.0335
0.0329
0.0398
0.0437
0.0411
0.0355
0.0331
0.034
0.0325
0.0338
0.0351
0.0364
0.0239
0.0326
0.0324
0.0335
0.033
0.04
0.0349
0.0329
0.0325
0.0326
0.0333
0.0335
0.0319
0.0323
0.0322
0.0313
0.0307
0.0311
0.0313
0.0325
0.0318
0.0316
0.032
0.033
0.033
0.034
0.0315
0.0315
0.0318
0.0322
0.0314
0.0316
0.0416
0.0223
0.0322
0.0325
0.0329
0.0326
0.0332
0.0338
0.0321
0.0321
0.0318
0.032
0.0334
0.033
0.0342
0.0353
0.0311
0.0332
0.0319
0.0316
0.0326
0.0339
0.0333
0.0335
0.0331
0.0317
0.0318
0.032
0.0323
0.0322
0.0319
0.0322
0.032
0.0323
0.0215
0.0352
0.0317
0.0313
0.0309
0.0315
0.0312
0.0317
0.0319
0.0328
0.0333
0.0318
0.0314
0.0324
0.033
0.0324
0.0337
0.0344
0.0334
0.033
0.0316
0.0314
0.0336
0.0335
0.0322
0.0316
0.0315
0.032
0.0328
0.0333
0.0333
0.0351
0.0313
0.0213
0.03
0.0315
0.0302
0.0316
0.0309
0.031
0.0326
0.0328
0.0377
0.0344
0.0477
0.0329
0.0447
0.0318
0.0315
0.0389
0.0341
0.0327
0.0322
0.0321
0.0324
0.0319
0.0316
0.0318
0.0328
0.0312
0.0315
0.0313
0.0317
0.031
0.0313
0.0314
0.0229
0.0327
0.0315
0.0323
0.0317
0.0387
0.0322
0.0386
0.0353
0.0328
0.0319
0.0327
0.0321
0.0318
0.0396
0.0358
0.0327
0.0392
0.0339
0.0331
0.0315
0.032
0.0313
0.0323
0.0372
0.0475
0.0448
0.0319
0.0321
0.0321
0.0319
0.0451
0.046
0.0298
0.0456
0.0437
0.04
0.0345
0.0327
0.0352
0.0322
0.0363
0.0328
0.0358
0.0327
0.0356
0.0317
0.0323
0.0325
0.0327
0.0447
0.0328
0.0355
0.0316
0.0335
0.0532
0.0353
0.0329
0.0331
0.0316
0.0463
0.0449
0.0453
0.0342
0.0329
0.0323
0.0222
0.0326
0.0316
0.0326
0.0321
0.0319
0.0306
0.0331
0.0324
0.0324
0.0454
0.0457
0.0493
0.034
0.0314
0.0474
0.0454
0.0389
0.033
0.032
0.0307
0.0325
0.0347
0.032
0.0323
0.0324
0.0313
0.0324
0.0318
0.0315
0.0316
0.0452
0.0465
0.0231
0.0318
0.0389
0.0336
0.0326
0.0327
0.0314
0.0316
0.0323
0.0315
0.0318
0.0494
0.0446
0.0328
0.0309
0.0452
0.0347
0.0313
0.0422
0.0325
0.0393
0.0341
0.0386
0.0343
0.0333
0.0394
0.0339
0.0469
0.033
0.032
0.0326
0.0316
0.032
0.0295
0.0452
0.0325
0.0447
0.033
0.0449
0.0325
0.0316
0.0327
0.0339
0.0389
0.0348
0.033
0.0324
0.0441
0.0463
0.0487
0.0484
0.0363
0.0461
0.0459
0.0459
0.0444
0.0498
0.0386
0.0327
0.0416
0.0445
0.0461
0.0339
0.0325
0.0465
0.0484
0.0354
0.0486
0.0339
0.0472
0.0353
0.0331

--------------------------
CreateVideoDecoder_D3D11_1
--------------------------
19.1437

---------------------------
DestroyVideoDecoder_D3D11_1
---------------------------
0

----------------
First Frame Time
----------------
74.2828

--------------------------------------
VideoDecoderBeginFrame_WDDM2_4_D3D11_1
--------------------------------------
0.0073
0.0029
0.0027
0.0028
0.0022
0.002
0.0024
0.0031
0.0023
0.0024
0.002
0.0018
0.0026
0.0039
0.002
0.0021
0.0018
0.0018
0.0015
0.0029
0.0017
0.0028
0.002
0.002
0.0018
0.0017
0.0017
0.0021
0.0027
0.0017
0.0015
0.0027
0.0022
0.0027
0.002
0.0018
0.0016
0.0018
0.0016
0.0018
0.0017
0.0026
0.0026
0.002
0.0017
0.002
0.0015
0.0017
0.0016
0.0019
0.002
0.0015
0.0017
0.0015
0.0026
0.0019
0.0018
0.0015
0.003
0.0022
0.0018
0.0017
0.0018
0.0072
0.0016
0.0025
0.0028
0.0019
0.002
0.0017
0.002
0.0017
0.002
0.0015
0.0017
0.0015
0.0018
0.0015
0.0019
0.0015
0.0018
0.0015
0.0018
0.0014
0.0018
0.0015
0.0015
0.0017
0.0016
0.0016
0.0015
0.0016
0.0015
0.0033
0.0041
0.002
0.0019
0.0025
0.0035
0.0023
0.002
0.002
0.0019
0.0017
0.0017
0.0016
0.0018
0.0021
0.0027
0.0019
0.0019
0.0017
0.0017
0.0015
0.002
0.0019
0.0026
0.0018
0.0017
0.0016
0.0015
0.0018
0.0016
0.0018
0.0018
0.0019
0.0037
0.0032
0.002
0.002
0.0016
0.0024
0.0017
0.0019
0.0017
0.0019
0.0016
0.0018
0.0015
0.0018
0.0016
0.0031
0.0016
0.0017
0.0016
0.0031
0.0021
0.0027
0.0034
0.0024
0.0021
0.002
0.0018
0.0028
0.0029
0.0023
0.0023
0.0042
0.0025
0.002
0.0029
0.0021
0.0019
0.0018
0.0021
0.0028
0.0028
0.0022
0.0021
0.0027
0.0019
0.0019
0.0027
0.002
0.002
0.0022
0.0025
0.0041
0.0021
0.0023
0.0019
0.0026
0.0018
0.0019
0.0016
0.0016
0.0016
0.0018
0.0016
0.0026
0.0019
0.0031
0.0029
0.0019
0.0023
0.0017
0.0018
0.0026
0.0031
0.0019
0.0027
0.0018
0.0018
0.0026
0.0019
0.0017
0.0016
0.0016
0.0019
0.0019
0.0028
0.0033
0.0018
0.0017
0.0017
0.0023
0.0016
0.0016
0.0016
0.0015
0.0037
0.002
0.0018
0.0025
0.0017
0.0023
0.0018
0.0016
0.0022
0.0017
0.0026
0.0018
0.0015
0.0019
0.0016
0.0024
0.0021
0.0025
0.0028
0.0033
0.0028
0.0021
0.0018
0.0022
0.0019
0.0018
0.0018
0.0016
0.0019
0.0017
0.0017
0.0026
0.0019
0.0017
0.0016
0.0015
0.0016
0.0017
0.0016
0.0017
0.0017
0.0017
0.0016
0.0019
0.0016
0.0014
0.0016
0.0016
0.0016
0.0016
0.0016
0.0016
0.0016
0.0016
0.0017
0.0017
0.0018
0.0016
0.0015
0.0016
0.0015
0.0015
0.0015
0.0016
0.0016
0.0022
0.0017
0.0026
0.0034
0.0031
0.0021
0.0018
0.002
0.0018
0.0018
0.0018
0.0018
0.0019
0.0017
0.0018
0.0016
0.0016
0.0029
0.0019
0.0017
0.0017
0.0017
0.0016
0.0016
0.0018
0.0016
0.0017
0.0016
0.0016
0.0015
0.0015
0.0115
0.0016
0.0016
0.0016
0.0015
0.0019
0.0023
0.0017
0.0016
0.0015
0.0016
0.0017
0.0015
0.0017
0.0019
0.0018
0.0017
0.0017
0.0016
0.0016
0.0016
0.0019
0.0017
0.0016
0.0016
0.0016
0.0016
0.0017
0.0017
0.0015
0.0019
0.0016
0.0017
0.0015
0.0016
0.0016
0.0016
0.0017
0.0016
0.0016
0.0015
0.0016
0.0016
0.0016
0.0015
0.0017
0.0017
0.0017
0.0017
0.0016
0.0015
0.0015
0.0017
0.0016
0.0016
0.0016
0.0016
0.0019
0.0016
0.0016
0.0016
0.0016
0.0016
0.0017
0.0017
0.0018
0.0017
0.0017
0.0016
0.002
0.0019
0.0016
0.0017
0.0016
0.0016
0.0017
0.0016
0.0016
0.002
0.0019
0.0018
0.0015
0.0016
0.0016
0.0015
0.0015
0.0015
0.0017
0.0018
0.0025
0.0018
0.0027
0.0018
0.0025
0.0019
0.0016
0.0031
0.002
0.0018
0.0017
0.0017
0.0015
0.0017
0.0016
0.0019
0.0019
0.0016
0.0021
0.0016
0.0018
0.0015
0.0022
0.0015
0.0022
0.0018
0.0016
0.0017
0.0018
0.0021
0.002
0.003
0.0021
0.002
0.0017
0.0018
0.0016
0.0015
0.0027
0.0021
0.0018
0.0027
0.0019
0.0021
0.0016
0.0018
0.0016
0.0018
0.0022
0.0023
0.0023
0.0018
0.0015
0.0018
0.0015
0.0022
0.0024
0.0023
0.0023
0.0022
0.0028
0.0021
0.002
0.0017
0.0018
0.0016
0.0018
0.0016
0.002
0.0047
0.0018
0.0016
0.0018
0.0018
0.0025
0.0018
0.0017
0.0018
0.0014
0.0035
0.0021
0.0019
0.002
0.0017
0.0025
0.0023
0.0023
0.0019
0.002
0.0018
0.0017
0.0016
0.0016
0.0018
0.0016
0.0018
0.0016
0.0017
0.0015
0.0019
0.0024
0.0021
0.003
0.002
0.0018
0.0027
0.0021
0.0028
0.0019
0.002
0.0016
0.002
0.0017
0.0018
0.0024
0.0016
0.0015
0.0019
0.0016
0.0018
0.0016
0.0026
0.0026
0.0022
0.0017
0.0027
0.0019
0.002
0.0017
0.0019
0.0016
0.0019
0.0015
0.0019
0.0019
0.0023
0.0016
0.0017
0.0025
0.0018
0.0017
0.002
0.0016
0.0026
0.002
0.0028
0.002
0.0018
0.0026
0.0018
0.0026
0.0019
0.0017
0.0018
0.0016
0.0018
0.0022
0.0022
0.0017
0.0025
0.0017
0.0023
0.0018
0.0016
0.0019
0.0016
0.0027
0.0022
0.0018
0.0018
0.0023
0.0024
0.0028
0.003
0.0022
0.0026
0.0027
0.0026
0.0024
0.0028
0.0022
0.0019
0.0024
0.0025
0.0025
0.0019
0.0018
0.0018
0.0026
0.0033
0.0025
0.002
0.0024
0.0019
0.0019

----------------------------
VideoDecoderEndFrame_D3D11_1
----------------------------
0.0382
0.0573
0.0564
0.0561
0.0549
0.0642
0.0572
0.0604
0.0601
0.0606
0.0573
0.0629
0.0594
0.0625
0.0561
0.0534
0.0526
0.0531
0.0579
0.0563
0.0552
0.0621
0.0583
0.0568
0.0524
0.0521
0.0593
0.0539
0.0537
0.052
0.0689
0.0562
0.0727
0.0529
0.052
0.0525
0.0519
0.0512
0.0507
0.051
0.0524
0.0544
0.0535
0.0526
0.051
0.0513
0.0515
0.053
0.051
0.052
0.0562
0.0525
0.0508
0.0676
0.0545
0.0529
0.0533
0.0748
0.0593
0.0616
0.0538
0.0551
0.0545
0.0564
0.0573
0.0538
0.0574
0.053
0.0515
0.0525
0.0525
0.0517
0.0513
0.0508
0.0518
0.0518
0.051
0.0513
0.0509
0.0512
0.0534
0.0511
0.0528
0.0507
0.0522
0.0515
0.0511
0.0529
0.0507
0.0528
0.0514
0.0511
0.0514
0.0664
0.0563
0.0871
0.0549
0.0731
0.1081
0.0556
0.0545
0.0546
0.0601
0.0551
0.0568
0.0539
0.0503
0.0525
0.0581
0.0515
0.0528
0.0526
0.0507
0.0516
0.0518
0.0544
0.0562
0.0513
0.051
0.0535
0.0517
0.0519
0.0529
0.0533
0.0518
0.0531
0.0782
0.0553
0.0519
0.0519
0.0514
0.0505
0.0507
0.0524
0.0511
0.0506
0.0507
0.0514
0.0509
0.0519
0.0555
0.0522
0.051
0.0498
0.0752
0.0547
0.0525
0.0532
0.0802
0.0573
0.0563
0.0545
0.0755
0.0593
0.0824
0.0591
0.0549
0.0805
0.058
0.0608
0.0622
0.055
0.0543
0.0525
0.0525
0.0568
0.0787
0.058
0.0616
0.0558
0.0537
0.0544
0.0673
0.0554
0.0538
0.0572
0.0523
0.06
0.0723
0.0717
0.0557
0.0781
0.0531
0.0537
0.053
0.0586
0.0552
0.0543
0.0563
0.0574
0.0554
0.0577
0.0761
0.053
0.0668
0.0549
0.0545
0.0587
0.0785
0.0504
0.0532
0.0539
0.0531
0.0639
0.0562
0.0526
0.0544
0.0698
0.0777
0.0687
0.0558
0.0578
0.056
0.0526
0.0501
0.0776
0.07
0.0675
0.0519
0.054
0.0805
0.0536
0.0526
0.0759
0.0509
0.0788
0.0524
0.0524
0.0752
0.0569
0.0775
0.0519
0.0514
0.0522
0.0547
0.0675
0.0758
0.0751
0.0745
0.0722
0.0598
0.0646
0.0559
0.0724
0.0538
0.0534
0.0636
0.0536
0.0529
0.0541
0.0548
0.0564
0.0529
0.0538
0.0542
0.0539
0.0532
0.0551
0.0535
0.0553
0.0556
0.0578
0.0558
0.0544
0.053
0.0529
0.0536
0.0529
0.0538
0.0562
0.0531
0.0552
0.0532
0.0552
0.0552
0.0559
0.0553
0.0569
0.055
0.0528
0.0534
0.0517
0.0556
0.0521
0.0547
0.0551
0.0544
0.0578
0.0578
0.0573
0.0546
0.0531
0.0548
0.0535
0.0533
0.055
0.0558
0.0543
0.056
0.0544
0.0538
0.068
0.0577
0.0541
0.0553
0.0543
0.0585
0.0555
0.0579
0.0537
0.0548
0.0567
0.0521
0.0525
0.0517
0.0516
0.061
0.053
0.0557
0.0543
0.0538
0.069
0.0538
0.0534
0.0527
0.0555
0.053
0.054
0.0522
0.0546
0.0541
0.0544
0.0534
0.0549
0.0565
0.0569
0.0568
0.0542
0.054
0.0552
0.0562
0.0537
0.0564
0.0563
0.057
0.0524
0.0515
0.0535
0.0533
0.0532
0.0557
0.0559
0.0529
0.0548
0.0544
0.0544
0.0567
0.0543
0.055
0.0537
0.0533
0.0525
0.0552
0.0541
0.0539
0.0531
0.0524
0.0527
0.0542
0.0543
0.0557
0.0543
0.0539
0.0535
0.0558
0.0552
0.0531
0.0549
0.0559
0.0581
0.0568
0.0562
0.0556
0.0527
0.0525
0.0556
0.0546
0.0542
0.053
0.0542
0.0521
0.0541
0.0542
0.0618
0.0543
0.0523
0.0524
0.0519
0.0538
0.0516
0.0531
0.0536
0.0625
0.0527
0.0532
0.0567
0.0535
0.0776
0.0543
0.0752
0.0514
0.0554
0.0552
0.0529
0.0534
0.0528
0.0509
0.0506
0.0515
0.0513
0.0509
0.0501
0.0511
0.0521
0.0507
0.0518
0.0536
0.0498
0.0515
0.0522
0.052
0.0557
0.0516
0.0564
0.0588
0.0673
0.0727
0.0531
0.0517
0.0534
0.0514
0.0509
0.0648
0.0659
0.0544
0.0524
0.0545
0.0551
0.0524
0.0527
0.0513
0.0527
0.0507
0.0571
0.0783
0.0766
0.0523
0.0535
0.0605
0.0512
0.0763
0.0774
0.0765
0.0754
0.0757
0.0575
0.0564
0.0516
0.0518
0.0498
0.0527
0.0517
0.0509
0.0504
0.0573
0.0575
0.0523
0.0518
0.0497
0.0766
0.0512
0.0543
0.0527
0.0532
0.0823
0.0548
0.0544
0.0681
0.0508
0.0781
0.0756
0.0568
0.0519
0.0538
0.0518
0.0521
0.0515
0.0534
0.0518
0.0516
0.0499
0.0538
0.0497
0.0497
0.0524
0.0775
0.0795
0.0793
0.0516
0.0685
0.077
0.0739
0.0543
0.0557
0.0519
0.0512
0.0528
0.0511
0.0519
0.0515
0.0514
0.0504
0.0515
0.0519
0.053
0.0519
0.076
0.0772
0.0526
0.0633
0.0593
0.0522
0.053
0.0524
0.052
0.0539
0.0523
0.0535
0.0648
0.0502
0.0754
0.0521
0.0537
0.0774
0.0524
0.0521
0.0531
0.0522
0.0533
0.0564
0.0592
0.0522
0.0541
0.0604
0.0511
0.076
0.0534
0.0564
0.0509
0.0522
0.0514
0.0759
0.0766
0.0532
0.0779
0.0529
0.077
0.0535
0.0527
0.0509
0.0549
0.0706
0.0863
0.0693
0.0716
0.085
0.1086
0.0996
0.1063
0.0794
0.1041
0.1155
0.0968
0.0939
0.0797
0.0547
0.0676
0.1149
0.0893
0.0752
0.0723
0.0819
0.0858
0.0777
0.0581
0.0786
0.0687
0.08
0.0589
0.0557

---------------------------------
VideoDecoderSubmitBuffers_D3D11_1
---------------------------------
14.2951
34.3789
37.111
0.5628
0.5006
11.0892
0.5994
0.6798
0.5445
0.544
0.5172
0.5249
0.5706
0.6084
0.8004
0.4972
0.4635
0.7055
1.5423
0.5033
0.4698
0.5694
0.8107
0.7121
0.3898
0.52
0.7975
0.7194
0.779
0.7782
0.8043
0.7321
0.401
0.4472
0.4841
0.5721
0.8339
0.8251
0.842
0.819
0.8334
0.7413
0.7313
0.7287
0.74
0.7642
0.7967
0.7296
0.7977
0.791
0.3965
0.3734
0.3746
0.707
0.7882
0.7877
0.8074
0.8105
0.487
0.4404
0.3919
0.3859
0.3964
0.3799
0.4321
0.3947
0.4092
0.3871
0.3876
0.5689
0.757
0.7767
0.7728
0.8078
0.7895
0.8176
0.7841
0.8184
0.7805
0.8292
0.7797
0.8145
0.7745
0.7769
0.3843
0.3745
0.3792
0.6139
0.7637
0.8183
0.7856
0.8312
0.7594
5.8533
0.4553
4.3586
6.288
0.4259
0.4976
0.3887
0.3919
0.4027
0.414
0.4102
0.4088
0.4
0.3722
0.3768
0.4362
0.3888
0.4524
0.813
0.7645
0.8389
0.7317
0.3864
0.4398
0.3882
0.4762
0.7846
0.8107
0.7827
0.8198
0.7734
0.7381
0.7984
0.7272
0.7613
0.6747
0.7554
0.81
0.6236
0.5652
0.7897
0.81
0.7793
0.8142
0.7778
0.8052
0.7847
0.853
0.7339
0.817
0.7441
0.9985
0.5913
0.757
0.6667
0.8402
0.4079
0.3904
0.3956
0.3919
0.4437
0.6252
0.5379
0.3994
0.6899
0.4104
0.383
0.4429
0.4006
0.3899
0.389
0.4096
0.4135
0.5917
0.4118
0.3989
0.4195
0.3899
0.3797
0.4384
0.4356
0.3934
0.4
0.4352
0.4583
0.3889
0.4656
0.3976
0.5172
0.4032
0.3785
0.3748
0.3731
0.3903
0.4008
0.3969
0.4255
0.4
0.4828
0.6045
0.3984
0.5772
0.3817
0.3859
0.4864
0.5788
0.3842
0.4379
0.3937
0.3843
0.4297
0.3894
0.3853
0.3901
0.3762
0.3815
0.3935
0.4171
0.4776
0.3962
0.3804
0.3748
0.577
0.4464
0.3815
0.4067
0.3852
0.6509
0.4038
0.3952
0.5487
0.3895
0.5637
0.3901
0.3842
0.5279
0.3803
0.5871
0.359
0.3817
0.3897
0.3821
0.588
0.5811
0.5688
0.616
0.615
0.5316
0.3969
0.4015
0.5545
0.3885
0.3877
0.3933
0.3784
0.3829
0.394
0.3777
0.4407
0.3884
0.3779
0.3802
0.381
0.3841
0.3999
0.3958
0.3941
0.4191
0.4087
0.4064
0.3871
0.3528
0.3705
0.3743
0.3787
0.3864
0.3882
0.3886
0.3865
0.3905
0.3917
0.3988
0.4106
0.4016
0.3984
0.4028
0.3728
0.3735
0.3745
0.3733
0.3742
0.3975
0.3994
0.3877
0.4432
0.493
0.4581
0.4065
0.382
0.4015
0.3889
0.3983
0.4082
0.4329
0.3755
0.3983
0.395
0.396
0.4049
0.4557
0.3983
0.386
0.3978
0.3881
0.4044
0.421
0.3871
0.3854
0.3864
0.3708
0.3695
0.3761
0.3778
0.3861
0.3862
0.385
0.3854
0.4014
0.4164
0.4041
0.381
0.3785
0.3732
0.3848
0.3813
0.3775
0.4119
0.3712
0.3864
0.4002
0.391
0.3933
0.4071
0.4145
0.3869
0.3866
0.3892
0.3855
0.3965
0.4109
0.4118
0.462
0.3739
0.4024
0.3837
0.3876
0.3878
0.4088
0.4112
0.3977
0.3835
0.3866
0.4012
0.3867
0.3922
0.4013
0.3858
0.3842
0.3826
0.3978
0.364
0.4346
0.3821
0.3743
0.375
0.3789
0.3801
0.3804
0.3908
0.3951
0.3989
0.3834
0.3829
0.378
0.394
0.4002
0.4004
0.4127
0.4181
0.4028
0.3823
0.3808
0.3928
0.4162
0.3805
0.3785
0.383
0.3848
0.39
0.3928
0.4014
0.4105
0.3794
0.3547
0.3625
0.3805
0.3637
0.3689
0.3742
0.4094
0.3928
0.3886
0.4148
0.386
0.593
0.3824
0.5702
0.3774
0.3705
0.4275
0.4015
0.3826
0.3817
0.3764
0.3839
0.3824
0.3779
0.38
0.3934
0.3671
0.376
0.3672
0.3745
0.369
0.373
0.3711
0.3726
0.3891
0.3859
0.3793
0.3758
0.5022
0.3783
0.4443
0.4058
0.3894
0.3703
0.3806
0.379
0.3733
0.4375
0.3965
0.3884
0.4321
0.3931
0.3838
0.3724
0.3795
0.3752
0.3788
0.4894
0.5981
0.5848
0.3826
0.3695
0.3774
0.3777
0.5675
0.5816
0.5407
0.5733
0.561
0.45
0.3891
0.3871
0.3829
0.385
0.3801
0.381
0.4317
0.3866
0.3935
0.389
0.3768
0.3867
0.3984
0.5748
0.3777
0.3783
0.3786
0.3758
0.6274
0.4055
0.3811
0.4006
0.3769
0.5726
0.588
0.4587
0.3855
0.3894
0.3812
0.3686
0.3779
0.3777
0.3813
0.379
0.3823
0.3747
0.3838
0.3749
0.3786
0.5732
0.5838
0.6093
0.3824
0.3703
0.5886
0.5697
0.4337
0.3822
0.3815
0.376
0.3817
0.3798
0.383
0.3786
0.3889
0.3725
0.3869
0.3768
0.3818
0.3836
0.5816
0.5917
0.3738
0.3737
0.4347
0.3819
0.3826
0.381
0.3777
0.3723
0.3838
0.3789
0.3823
0.395
0.5649
0.3784
0.367
0.5811
0.3846
0.3678
0.3924
0.3769
0.432
0.3869
0.4383
0.3906
0.3833
0.4334
0.3901
0.5851
0.3822
0.3756
0.3817
0.3732
0.3816
0.541
0.5745
0.3786
0.5783
0.3801
0.5804
0.3818
0.37
0.3972
0.3757
0.4354
0.4099
0.4019
0.381
0.493
0.5965
0.5065
0.6103
0.4335
0.5744
0.5707
0.597
0.6117
0.6256
0.429
0.3906
0.5187
0.5972
0.5946
0.4091
0.4114
0.4636
0.617
0.4135
0.6047
0.4359
0.5907
0.4056
0.3913

