--------------------------
CreateVideoDecoder_D3D11_1
--------------------------
19.4824
16.9112
16.061

---------------------------
DestroyVideoDecoder_D3D11_1
---------------------------
13.3978
13.7881
0

----------------
First Frame Time
----------------
0

----------------------------
VideoDecoderEndFrame_D3D11_1
----------------------------
0.0035
0.003
0.0038
0.0036
0.0036
0.003
0.0034
0.0023
0.0028
0.0038
0.0025
0.0025
0.0029
0.0045
0.0024
0.003
0.0025
0.0029
0.0027
0.0054
0.0025
0.003
0.0027
0.0027
0.0025
0.0024
0.0037
0.0025
0.0066
0.0028
0.0024
0.003
0.0027
0.0022
0.003
0.0033
0.0033
0.0025
0.003
0.0033
0.0034
0.0021
0.0052
0.0027
0.0021
0.003
0.0023
0.0019
0.0024
0.0023
0.0024
0.003
0.003
0.0031
0.003
0.0027
0.0028
0.0026
0.0025
0.0028
0.0023
0.0019
0.0027
0.0067
0.0024
0.0019
0.0031
0.0025
0.0018
0.0031
0.002
0.0023
0.0018
0.0025
0.0015
0.0018
0.0027
0.0027
0.003
0.0027
0.0031
0.0026
0.0024
0.003
0.0024
0.003
0.0028
0.0032
0.0031
0.0026
0.0026
0.0039
0.0025
0.0023
0.0061
0.0026
0.0028
0.0029
0.0023
0.0032
0.0041
0.0035
0.0031
0.0031
0.0023
0.0024
0.0021
0.0026
0.0024
0.0027
0.0028
0.0028
0.0024
0.0024
0.0028
0.0025
0.0031
0.0028
0.0026
0.0022
0.0026
0.0024
0.0023
0.0021
0.0019
0.0026
0.0023
0.0029
0.0024
0.003
0.0023
0.0026
0.0029
0.0032
0.0032
0.0026
0.0025
0.0026
0.0024
0.0024
0.0026
0.0061
0.0027
0.0026
0.0029
0.0029
0.0024
0.0023
0.0026
0.0016
0.0019
0.002
0.0023
0.0021
0.0021
0.0021
0.0018
0.0026
0.0035
0.0029
0.0023
0.0018
0.0024
0.0029
0.0035
0.0026
0.0033
0.0027
0.0024
0.0031
0.0028
0.0025
0.0034
0.0024
0.0023
0.0026
0.0026
0.0032
0.0025
0.0029
0.0034
0.0026
0.0022
0.004
0.0021
0.0028
0.0027
0.0027
0.0027
0.0027
0.0034
0.0032
0.003
0.0032
0.0024
0.0026
0.0032
0.0024
0.0022
0.0029
0.0028
0.0018
0.0024
0.0024
0.003
0.0024
0.002
0.0024
0.0024
0.0025
0.0028
0.0279
0.0021
0.0035
0.0032
0.0033
0.0024
0.0025
0.0031
0.0021
0.0028
0.0024
0.0029
0.0022
0.0022
0.0029
0.0023
0.0017
0.0017
0.0019
0.0017
0.0022
0.0022
0.002
0.0026
0.0023
0.0027
0.0028
0.0033
0.0027
0.0025
0.0025
0.0028
0.0026
0.0027
0.0025
0.0024
0.0026
0.0025
0.0027
0.0025
0.003
0.0025
0.0025
0.0025
0.0025
0.0024
0.0028
0.0031
0.0027
0.0024
0.0038
0.0024
0.0023
0.0023
0.0024
0.0024
0.0024
0.0031
0.0026
0.0026
0.0027
0.0027
0.0024
0.0029
0.0027
0.0024
0.0033
0.0029
0.0032
0.0028
0.0023
0.0018
0.003
0.0026
0.0025
0.0021
0.0026
0.0029
0.0027
0.0023
0.0025
0.0024
0.003
0.0028
0.0023
0.0027
0.0027
0.0041
0.0024
0.003
0.0033
0.0026
0.003
0.0033
0.0022
0.0033
0.0031
0.0026
0.0029
0.0029
0.0025
0.0028
0.0033
0.0026
0.0028
0.0306
0.0029
0.0025
0.0025
0.0022
0.0026
0.0023
0.0023
0.0028
0.0025
0.0029
0.0027
0.0031
0.0032
0.0026
0.0032
0.0026
0.0015
0.0025
0.0026
0.0039
0.0024
0.0025
0.0028
0.0033
0.0024
0.0028
0.0029
0.0029
0.0029
0.003
0.0028
0.0024
0.0032
0.0033
0.0026
0.0027
0.0032
0.0029
0.0026
0.0026
0.0028
0.0029
0.0025
0.0031
0.0027
0.0027
0.0025
0.0033
0.0024
0.0031
0.0024
0.0024
0.0033
0.0032
0.0025
0.0025
0.0024
0.0022
0.0017
0.0029
0.0024
0.0032
0.0029
0.0024
0.0024
0.0026
0.0022
0.0021
0.0029
0.003
0.0025
0.0025
0.002
0.0022
0.0024
0.0017
0.0037
0.0027
0.0026
0.0028
0.0026
0.0028
0.0033
0.0026
0.0031
0.0023
0.0029
0.0027
0.003
0.002
0.0027
0.0024
0.0034
0.0024
0.0028
0.0027
0.003
0.0024
0.0025
0.0024
0.0026
0.0034
0.0027
0.0032
0.0032
0.0031
0.0024
0.0027
0.0023
0.0027
0.0023
0.0027
0.0024
0.0032
0.0024
0.0029
0.0021
0.0024
0.0029
0.002
0.0026
0.0034
0.003
0.0025
0.0027
0.0028
0.0031
0.0027
0.0028
0.0023
0.0029
0.0025
0.0024
0.0031
0.003
0.0025
0.0023
0.0024
0.0022
0.0023
0.0021
0.0028
0.0018
0.0017
0.0015
0.0027
0.0029
0.0029
0.0027
0.0032
0.0024
0.0018
0.0024
0.002
0.0017
0.0027
0.0033
0.0287
0.0031
0.0023
0.0024
0.0027
0.0028
0.0027
0.0025
0.0032
0.0026
0.0025
0.0027
0.0029
0.0027
0.0022
0.0022
0.0017
0.0023
0.0016
0.0024
0.003
0.0022
0.0025
0.003
0.0031
0.0025
0.0024
0.0031
0.0024
0.0026
0.0026
0.0025
0.0033
0.0032
0.0023
0.0032
0.0022
0.0023
0.004
0.0028
0.0031
0.003
0.0028
0.0027
0.0029
0.0027
0.0029
0.0027
0.0023
0.0018
0.002
0.0027
0.0025
0.0023
0.0029
0.0022
0.002
0.0021
0.0031
0.0032
0.0018
0.0015
0.0026
0.0027
0.0025
0.0031
0.0026
0.0026
0.003
0.0026
0.0028
0.0027
0.0151
0.0032
0.0025
0.0027
0.0026
0.0023
0.0024
0.0024
0.002
0.0026
0.0024
0.0026
0.0025
0.0026
0.0028
0.0028
0.0019
0.0028
0.002
0.0022
0.0026
0.003
0.0026
0.0026
0.0029
0.0028
0.0027
0.0023
0.0025
0.0024
0.0023
0.0031
0.0023
0.0026
0.0018
0.0023
0.0023
0.0023
0.0018
0.0029
0.0017
0.0034
0.003
0.0021
0.0021
0.0024
0.0026
0.0031
0.003
0.0027
0.0029
0.0027
0.0019
0.0019

