---------------------------------------------
CalcPrivateVideoDecoderOutputViewSize_D3D11_1
---------------------------------------------
0.0018
0.0018
0.0016
0.0011
0.0012
0.0008
0.012
0.0007
0.0008
0.0014
0.001
0.0009
0.0008
0.0027
0.0008
0.0011
0.0009
0.0006
0.0005
0.0026
0.0006
0.0006
0.0006
0.0006
0.0005
0.0006
0.0007
0.0009
0.0025
0.0005
0.0006
0.0006
0.0006
0.0006
0.0006
0.0006
0.0007
0.0006
0.0007
0.0007
0.0017
0.0008
0.0028
0.0005
0.0006
0.0006
0.0006
0.0006
0.0006
0.0006
0.0006
0.0007
0.0006
0.0006
0.0008
0.0006
0.0006
0.0005
0.0006
0.0007
0.0005
0.0005
0.0006
0.0027
0.0007
0.0006
0.0007
0.0007
0.0006
0.0005
0.0005
0.0005
0.0006
0.0005
0.0011
0.0008
0.0009
0.0007
0.0007
0.0012
0.0009
0.0009
0.0011
0.0008
0.0007
0.0011
0.0015
0.0009
0.001
0.0011
0.0009
0.0008
0.0012
0.0009
0.0039
0.0012
0.001
0.0007
0.0012
0.0008
0.0008
0.0012
0.001
0.0008
0.0011
0.001
0.0008
0.0009
0.0009
0.0012
0.0009
0.0008
0.001
0.001
0.0009
0.0012
0.0014
0.001
0.0007
0.0006
0.0006
0.0006
0.0009
0.0005
0.0006
0.0008
0.0006
0.0005
0.0005
0.0006
0.0005
0.0006
0.0005
0.0005
0.0006
0.0005
0.0006
0.0006
0.0007
0.0014
0.0009
0.0044
0.0009
0.0011
0.0009
0.0012
0.001
0.0015
0.0012
0.001
0.001
0.0012
0.0009
0.0007
0.001
0.0009
0.0006
0.0011
0.0008
0.0008
0.0008
0.0008
0.0011
0.0007
0.0008
0.0012
0.001
0.0008
0.0012
0.001
0.0006
0.0012
0.0008
0.0009
0.0012
0.0009
0.0009
0.0012
0.0009
0.0006
0.001
0.0008
0.0007
0.001
0.0008
0.0006
0.0011
0.0009
0.0007
0.0012
0.0015
0.0007
0.0006
0.0009
0.0008
0.0006
0.0006
0.0006
0.0005
0.0005
0.0006
0.0007
0.0006
0.0006
0.0005
0.0006
0.0005
0.0005
0.0006
0.0006
0.0006
0.0047
0.0006
0.0006
0.0006
0.0006
0.0005
0.0006
0.0005
0.0005
0.0006
0.0006
0.0006
0.0005
0.0005
0.0005
0.0006
0.0006
0.0014
0.0005
0.0006
0.0006
0.0007
0.0006
0.0006
0.0021
0.0007
0.0007
0.0017
0.0011
0.0009
0.0015
0.0009
0.0009
0.0016
0.0009
0.0008
0.0006
0.0008
0.0011
0.0011
0.0007
0.0008
0.0008
0.0007
0.0008
0.0011
0.0012
0.0007
0.0008
0.0013
0.0009
0.0008
0.0008
0.0007
0.0015
0.0012
0.0008
0.0009
0.0009
0.0011
0.001
0.0012
0.0008
0.0009
0.0008
0.0013
0.0009
0.0006
0.0006
0.0006
0.0007
0.0005
0.0006
0.0007
0.0006
0.0008
0.0007
0.0006
0.0006
0.0005
0.0006
0.0007
0.0006
0.0007
0.0006
0.0006
0.0005
0.0006
0.0006
0.0005
0.0008
0.0013
0.0012
0.0007
0.0009
0.0009
0.0012
0.0009
0.0008
0.0009
0.0008
0.001
0.0009
0.0008
0.001
0.0076
0.001
0.001
0.001
0.0022
0.001
0.0008
0.0014
0.0011
0.0012
0.001
0.0008
0.0008
0.0009
0.0015
0.0009
0.0017
0.001
0.0008
0.0019
0.0015
0.0014
0.0013
0.001
0.0007
0.0007
0.0006
0.0023
0.0017
0.0014
0.0013
0.001
0.001
0.0006
0.0009
0.0006
0.0007
0.0006
0.0008
0.0008
0.0008
0.0007
0.0006
0.0005
0.0006
0.001
0.0009
0.0008
0.0016
0.0015
0.001
0.001
0.0012
0.0007
0.0007
0.0006
0.0006
0.0006
0.0007
0.0005
0.0007
0.0009
0.0007
0.0007
0.0006
0.0006
0.0008
0.0007
0.0007
0.0006
0.0007
0.0007
0.0007
0.0008
0.0006
0.0007
0.001
0.0007
0.0007
0.0008
0.0006
0.0005
0.0008
0.0006
0.0006
0.0006
0.0006
0.0007
0.0005
0.0005
0.0008
0.0006
0.0006
0.0006
0.0006
0.0007
0.0005
0.0007
0.0007
0.0006
0.0005
0.0006
0.0008
0.0015
0.0009
0.0011
0.0006
0.0008
0.0014
0.0005
0.0006
0.0006
0.0007
0.0007
0.0005
0.0007
0.0005
0.0006
0.0006
0.0006
0.0006
0.0006
0.0005
0.0005
0.0007
0.0007
0.0008
0.0005
0.0015
0.0006
0.0015
0.0011
0.0006
0.0007
0.0007
0.0009
0.0007
0.0007
0.0008
0.0005
0.0006
0.0005
0.0006
0.0005
0.0007
0.0005
0.0007
0.0005
0.0006
0.0008
0.0007
0.0006
0.0006
0.0006
0.0006
0.0006
0.0005
0.0005
0.0074
0.0006
0.0005
0.0008
0.0005
0.0008
0.0008
0.0006
0.0006
0.0008
0.0007
0.0007
0.0005
0.0007
0.0008
0.0005
0.0007
0.0006
0.0006
0.0005
0.0005
0.0005
0.0006
0.0005
0.0006
0.0007
0.0007
0.0007
0.0006
0.0007
0.0006
0.0007
0.0005
0.0007
0.0007
0.0009
0.0009
0.0009
0.0005
0.0005
0.0005
0.0005
0.0006
0.0007
0.0006
0.0008
0.0007
0.0007
0.0005
0.0007
0.0008
0.0006
0.0007
0.0006
0.0005
0.0005
0.0006
0.0007
0.0006
0.0016
0.0011
0.0008
0.0007
0.0007
0.0007
0.0006
0.0005
0.0006
0.0005
0.0007
0.0008
0.0007
0.0007
0.0006
0.0006
0.0009
0.0007
0.0005
0.0006
0.0008
0.0006
0.0007
0.0009
0.0005
0.0007
0.0007
0.0008
0.0005
0.0006
0.0008
0.0006
0.0005
0.0006
0.0008
0.0006
0.0006
0.0006
0.0006
0.0006
0.0007
0.0006
0.0007
0.0006
0.0007
0.0006
0.0005
0.0006
0.0006
0.0006
0.0007
0.0007
0.0008
0.0008
0.0007
0.0008
0.0006
0.0005
0.0006
0.0006
0.0009
0.0006
0.0009
0.0006
0.0008
0.0012
0.0009

-----------------------
CodechalDecode::Execute
-----------------------
7.8859
15.0247
8.071
5.9589
5.8062
5.5457
5.7208
5.9125
5.9882
6.251
0.759
0.7018
0.7477
0.8414
0.7249
0.7259
0.4977
0.4867
0.489
0.4873
0.4991
0.4733
0.4648
0.4691
0.478
0.4817
0.5106
0.5295
0.4699
0.4692
0.4709
0.4988
0.4771
0.4953
0.4853
0.4876
0.4853
0.5027
0.5124
0.4963
0.4968
0.4972
0.488
0.4836
0.4831
0.5068
0.5364
0.4992
0.4814
0.4763
0.4853
0.4855
0.4764
0.4773
0.4907
0.5035
0.4911
0.4911
0.4852
0.4812
0.4805
0.4735
0.4789
0.4811
0.4818
0.4908
0.504
0.4954
0.4846
0.4786
0.5027
0.4853
0.4864
0.4914
0.4775
1.4742
0.4569
0.4588
1.5632
0.4764
0.4618
1.5603
0.4742
0.4598
1.5474
0.4752
0.502
0.4635
1.5735
0.4657
0.4599
1.5523
0.4724
0.4609
1.5677
0.474
0.4663
1.5502
0.4716
0.4498
1.5464
0.4665
0.4592
1.5499
0.4723
1.2358
0.4603
0.4548
1.5479
0.4729
0.4586
1.5528
0.4652
0.4599
1.545
0.4705
0.4986
0.4618
0.4597
0.9682
0.4524
0.4554
0.4407
0.4517
0.4496
0.4564
0.4462
0.4502
0.4476
0.4463
0.4487
0.4475
0.4478
0.4455
0.4427
0.4471
0.4458
0.4527
0.4522
0.496
0.4603
1.5418
0.4694
0.4665
1.5562
0.4751
0.4632
1.5495
0.4748
0.46
1.5645
0.4739
0.4561
1.5667
0.4852
0.4676
1.5699
0.4785
1.2931
0.4632
0.4552
1.5648
0.4713
0.4537
1.5427
0.4757
0.4659
1.5332
0.4764
0.4604
1.5651
0.4703
0.4556
1.5719
0.4733
0.4686
1.5659
0.4738
0.4591
1.5453
0.4622
0.4528
1.5724
0.4549
0.4564
1.5485
0.4675
0.4523
1.5754
0.4722
0.5055
0.4617
0.457
0.4595
0.45
0.4646
0.4461
0.99
0.4508
0.4507
0.4505
0.446
0.4501
0.4529
0.4538
0.4464
0.4452
0.4479
0.4501
0.4483
0.445
0.4528
0.4456
0.4446
0.4425
0.4458
0.4476
0.4483
0.4482
0.4428
0.99
0.4457
0.4472
0.4505
0.4456
0.4455
0.4461
0.4454
0.4397
0.4469
0.4428
0.4434
0.4518
0.4471
1.0369
0.6983
0.4476
1.0731
0.6584
0.6089
0.6198
1.5905
0.4728
0.4575
1.575
0.4762
0.4497
1.5848
0.4563
1.4951
0.4658
0.4469
1.5554
0.4671
0.4583
0.6765
17.2813
0.4736
0.4584
1.5568
0.4791
0.4635
1.54
0.4661
0.453
1.5436
0.4715
0.4537
1.5636
0.4705
0.4614
1.5644
0.475
0.4509
1.5702
0.4747
0.4869
0.4583
0.9977
0.996
1.0001
0.9933
0.9951
0.9951
0.9923
0.9918
0.4526
0.4421
0.4501
0.4383
0.9874
0.45
0.9957
0.9945
0.9926
0.9927
0.9929
0.9933
0.9925
0.994
0.9924
11.5504
3.8952
0.4881
0.4566
0.6408
15.9504
0.4745
0.4586
1.5677
0.4693
0.4551
1.5544
0.469
0.4543
1.5655
0.4749
0.4574
1.5636
0.4989
0.6586
0.4666
1.5437
0.4992
0.4651
1.5707
0.468
0.4636
1.6058
0.4763
0.6047
0.467
1.5753
0.4987
0.4643
0.5029
0.5049
0.4898
0.5069
0.4653
0.4525
0.4518
0.5775
0.5665
0.531
0.5332
0.4547
0.4533
0.456
0.4579
0.4628
0.4456
0.4413
0.4411
0.4645
0.6417
0.4538
0.4503
0.4495
0.4592
0.4463
0.486
0.447
0.4498
0.5105
0.558
11.9231
3.7911
0.4748
0.4618
0.4575
0.4558
0.4567
0.4558
0.4567
0.4557
0.4624
0.465
0.4527
0.4606
0.4615
0.4539
0.4643
0.4668
0.4598
0.4534
0.4647
0.4605
0.4593
0.462
0.4542
0.4552
0.4501
0.447
0.4481
0.4589
0.444
0.4436
0.4528
0.4474
0.4551
0.4572
0.4549
0.4611
0.4532
0.4527
0.4549
0.454
0.45
0.4461
0.444
0.4572
0.4478
0.4513
0.4521
0.4443
0.4411
0.4447
0.4523
0.4986
0.4535
0.4786
0.4543
0.471
0.4528
0.4497
0.4492
0.4551
0.4515
0.4388
0.437
0.4451
0.4362
0.4353
0.436
0.435
0.4702
0.454
0.448
0.4478
0.459
0.4482
0.4529
0.4476
0.4541
0.4494
0.5054
0.4647
0.4481
0.4555
0.4515
0.4621
0.4583
0.4599
0.4604
0.4481
0.4438
0.4428
0.4418
0.4426
0.4746
0.4435
0.4417
0.4436
0.4497
0.458
0.4532
0.4477
0.4484
0.4454
0.4419
0.446
0.4459
0.4432
0.4498
0.4427
0.4392
0.4501
0.443
0.4551
0.4527
0.4487
0.4482
0.4521
0.4542
0.4571
0.4466
0.4615
0.4387
0.4506
0.4442
0.4328
0.43
0.4328
0.4417
0.4365
0.4388
0.4432
0.4442
0.4557
0.4556
0.4507
0.4407
0.4516
0.4397
0.4455
0.4398
0.4769
0.5082
0.4591
0.4533
0.4595
0.4453
0.4475
0.4444
0.4418
0.4423
0.4423
0.4431
0.4512
0.4503
0.4512
0.4421
0.4496
0.4505
0.4439
0.4518
0.4492
0.4442
0.4435
0.4424
0.4521
0.4437
0.5995
0.467
0.459
0.4626
0.4522
0.4534
0.4464
0.4483
0.4439
0.4432
0.4461
0.4547
0.4537
0.4541
0.446
0.4455
0.44
0.4353
0.4344
0.4319
0.4441
0.4354
0.4442
0.443
0.466
0.4536
0.4493
0.4524
0.4406
0.4362
0.454
0.4469
0.442
0.441
0.4506
0.4434
0.4399
0.44
0.442
0.4605
0.4542
0.4483
0.4572
0.4459
0.454
0.4471
0.4456
0.4442
0.4866
0.4488
0.4653
0.4556
0.4574
0.4619
0.4566
0.454
0.4459
0.4496
0.4483
0.4478
0.4553
0.4474
0.4489
0.4557
1.5502
0.4751
0.4638

---------------------------------
CodechalDecodeVp9::SetFrameStates
---------------------------------
0.9808
0.008
0.0066
0.0056
0.0114
0.0055
0.0061
0.0052
0.0055
0.0058
0.0072
0.0064
0.0059
0.0079
0.0059
0.0057
0.0055
0.0056
0.0056
0.0059
0.0056
0.0049
0.005
0.0051
0.0052
0.0054
0.0056
0.0064
0.0059
0.0052
0.005
0.005
0.0053
0.0056
0.0055
0.0053
0.0054
0.0055
0.0061
0.0057
0.0058
0.0059
0.0064
0.0055
0.0054
0.0053
0.0056
0.0053
0.0053
0.0052
0.0051
0.0056
0.0052
0.005
0.0053
0.006
0.0056
0.0056
0.0053
0.0055
0.0053
0.0056
0.0055
0.006
0.0056
0.0054
0.0056
0.0085
0.0053
0.0051
0.0052
0.0051
0.0055
0.0052
0.0057
0.0051
0.005
0.0049
0.0048
0.0068
0.0055
0.005
0.0068
0.0054
0.0051
0.0069
0.0069
0.0056
0.0053
0.0067
0.0053
0.0073
0.0068
0.0053
0.0059
0.0065
0.0055
0.005
0.0067
0.0051
0.005
0.0067
0.0054
0.0051
0.0065
0.0053
0.0052
0.0049
0.0049
0.0068
0.0054
0.005
0.0066
0.0055
0.0048
0.0067
0.0071
0.0055
0.0062
0.0058
0.0063
0.006
0.0049
0.0066
0.0048
0.0051
0.0049
0.0048
0.0049
0.0048
0.0048
0.0048
0.0048
0.0047
0.0047
0.0048
0.0046
0.0049
0.0048
0.0072
0.006
0.0063
0.0069
0.0057
0.005
0.0069
0.0054
0.0092
0.0068
0.0063
0.0052
0.0067
0.0053
0.0051
0.0066
0.0054
0.0048
0.0067
0.0052
0.0051
0.0048
0.0047
0.0067
0.0053
0.0052
0.0069
0.0055
0.0051
0.0068
0.0054
0.0048
0.0066
0.0054
0.0051
0.0068
0.0053
0.005
0.0069
0.0054
0.0048
0.0068
0.0054
0.0049
0.0066
0.0053
0.0049
0.0068
0.0051
0.0048
0.0067
0.0091
0.0056
0.006
0.005
0.0049
0.0048
0.005
0.0048
0.0048
0.0048
0.0049
0.0047
0.0047
0.0049
0.005
0.0049
0.0049
0.0047
0.0048
0.0048
0.0048
0.0067
0.0047
0.0048
0.0048
0.0047
0.0047
0.0047
0.0048
0.0049
0.5471
0.0047
0.0048
0.0048
0.0047
0.0048
0.0047
0.0046
0.0047
0.0049
0.0047
0.0047
0.0047
0.0048
0.0048
0.0098
0.0049
0.0047
0.0075
0.0065
0.0057
0.0096
0.0067
0.0053
0.0091
0.0065
0.0052
0.0047
0.0066
0.0053
0.0066
0.0051
0.005
0.0066
0.0051
0.215
0.0052
0.007
0.0054
0.0051
0.0068
0.0055
0.0052
0.0067
0.0053
0.0091
0.0068
0.0052
0.005
0.0066
0.0055
0.0052
0.0067
0.0051
0.0051
0.0067
0.0064
0.0055
0.5501
0.0046
0.0047
0.0048
0.0047
0.0047
0.0048
0.0049
0.0049
0.0047
0.0049
0.0049
0.005
0.0049
0.0049
0.549
0.0049
0.0048
0.0047
0.0047
0.0049
0.0047
0.0047
0.4317
0.0068
0.0069
0.0054
0.1802
0.0052
0.0067
0.0052
0.0052
0.0068
0.0051
0.0051
0.0067
0.0054
0.0052
0.0085
0.0054
0.0053
0.0068
0.0091
0.0058
0.0068
0.0071
0.0056
0.0052
0.0068
0.0053
0.005
0.007
0.0066
0.0053
0.0068
0.0069
0.0054
0.0091
0.0072
0.0064
0.0065
0.0055
0.005
0.0047
0.0049
0.0111
0.0082
0.007
0.0053
0.0052
0.005
0.0049
0.0052
0.0047
0.0048
0.0048
0.005
0.0061
0.0056
0.0049
0.0048
0.0049
0.0049
0.0049
0.0048
0.0049
0.0078
0.0106
0.4007
0.0068
0.0069
0.0053
0.0049
0.0049
0.0048
0.0047
0.0046
0.0046
0.005
0.005
0.0048
0.0049
0.0048
0.0047
0.0049
0.0049
0.0048
0.0047
0.0048
0.0048
0.0048
0.0048
0.0046
0.0047
0.0049
0.0049
0.0048
0.005
0.0047
0.0045
0.0047
0.0047
0.0047
0.0046
0.0045
0.0048
0.0048
0.0046
0.0048
0.0048
0.0047
0.0046
0.0047
0.0048
0.0047
0.0048
0.0047
0.0047
0.0047
0.0046
0.0046
0.0069
0.0053
0.0051
0.0048
0.0051
0.0047
0.0046
0.0045
0.0048
0.0048
0.0045
0.0044
0.0045
0.0043
0.0043
0.0044
0.0042
0.0048
0.0047
0.0045
0.0045
0.0045
0.0045
0.0046
0.0044
0.0044
0.0043
0.0071
0.0054
0.0047
0.0048
0.0046
0.005
0.0049
0.0047
0.0047
0.0046
0.0046
0.0045
0.0044
0.0046
0.0046
0.0045
0.0045
0.0044
0.0044
0.0047
0.0048
0.0046
0.0046
0.0045
0.0046
0.0046
0.0045
0.0045
0.0067
0.0046
0.0044
0.0045
0.0046
0.0049
0.0046
0.0047
0.0046
0.0048
0.0049
0.0047
0.0045
0.0046
0.0051
0.0046
0.0047
0.0046
0.0045
0.0044
0.0045
0.0046
0.0048
0.0045
0.0045
0.0048
0.0046
0.0048
0.0044
0.0045
0.0045
0.0044
0.0043
0.0046
0.0059
0.0052
0.0047
0.0051
0.0046
0.0046
0.0045
0.0045
0.0045
0.0045
0.0044
0.0046
0.0046
0.0045
0.0044
0.0046
0.0045
0.0045
0.0046
0.0048
0.0047
0.0046
0.0044
0.0047
0.0045
0.0079
0.0056
0.005
0.0049
0.0046
0.0046
0.0046
0.0047
0.0047
0.0047
0.0048
0.0049
0.0049
0.0049
0.0047
0.0045
0.0051
0.0047
0.0046
0.0045
0.0046
0.0046
0.0046
0.0046
0.0055
0.0046
0.0046
0.0045
0.0045
0.0045
0.0049
0.0047
0.0046
0.0047
0.0049
0.0048
0.0048
0.0048
0.0047
0.0047
0.0049
0.0047
0.0049
0.0048
0.0048
0.0047
0.0048
0.0048
0.0048
0.005
0.0049
0.0049
0.0048
0.0047
0.0048
0.0048
0.0047
0.0049
0.0046
0.0046
0.0049
0.0047
0.0047
0.005
0.0047
0.0068
0.0053

------------------------------------------
CodechalDecodeVp9G12::DecodePrimitiveLevel
------------------------------------------
0.1649
0.0554
0.1269
0.0305
0.0331
0.0685
0.0208
0.0282
0.0874
0.0203
0.0243
0.1128
0.0189
0.0235
0.0726
0.0189
0.022
0.0738
0.0214
0.0255
0.079
0.019
0.0244
0.0786
0.0192
0.0236
0.079
0.0188
0.0317
0.0951
0.0193
0.0221
0.0779
0.019
0.0219
0.073
0.0187
0.0222
0.1208
0.0261
0.0251
0.1084
0.0275
0.0221
0.0757
0.0201
0.0232
0.08
0.0196
0.0209
0.0494
0.0192
0.0214
0.039
0.0197
0.0213
0.0404
0.0187
0.0213
0.0388
0.0214
0.0222
0.0417
0.0191
0.0199
0.0373
0.0179
0.0201
0.0376
0.0179
0.0202
0.0372
0.0179
0.0208
0.0402
0.0187
0.0209
0.0424
0.0297
0.0215
0.0408
0.0216
0.0223
0.0447
0.0179
0.0198
0.0393
0.0174
0.0207
0.0395
0.0181
0.0206
0.04
0.0181
0.0272
0.0412
0.0189
0.0208
0.0391
0.0199
0.0213
0.0406
0.0197
0.0218
0.0404
0.0189
0.0213
0.0401
0.0191
0.0216
0.0399
0.0216
0.0223
0.0425
0.0218
0.0222
0.0423
0.0202
0.0209
0.041
0.0207
0.0216
0.0411
0.0199
0.0209
0.0417
0.0197
0.0212
0.0404
0.0194
0.0208
0.041
0.0195
0.0216
0.0411
0.0206
0.0213
0.0439
0.0203
0.0213
0.0427
0.0284
0.0208
0.0409
0.0194
0.0211
0.0397
0.0196
0.0211
0.0396
0.0193
0.0207
0.0421
0.0186
0.0214
0.0404
0.0188
0.0209
0.04
0.0194
0.0209
0.0393
0.0201
0.0207
0.0429
0.0208
0.0211
0.0421
0.0201
0.0218
0.0421
0.0198
0.0211
0.0424
0.0199
0.0205
0.0426
0.0196
0.0206
0.0409
0.0194
0.0212
0.0401
0.0188
0.0225
0.0435
0.0198
0.0206
0.0422
0.0188
0.0206
0.0422
0.0191
0.0206
0.0405
0.019
0.0217
0.0422
0.0212
0.0219
0.042
0.02
0.0209
0.0412
0.0193
0.0211
0.0395
0.0196
0.0215
0.0398
0.0197
0.0312
0.0395
0.0198
0.0247
0.0428
0.0198
0.0205
0.0406
0.0194
0.0206
0.0464
0.0178
0.0206
0.039
0.0189
0.0207
0.0402
0.0173
0.0201
0.0344
0.0171
0.0202
0.0351
0.0227
0.0223
0.0396
0.0178
0.0198
0.0377
0.0177
0.0203
0.0343
0.0227
0.0235
0.0373
0.0183
0.0205
0.0348
0.0173
0.0199
0.0343
0.0227
0.0217
0.0379
0.0177
0.0202
0.0363
0.0194
0.0213
0.0385
0.018
0.02
0.0357
0.0228
0.0217
0.0377
0.0179
0.0201
0.036
0.0177
0.0203
0.0352
0.0228
0.0219
0.0379
0.0184
0.0206
0.0364
0.0176
0.0201
0.0346
0.0228
0.0222
0.0382
0.0178
0.0202
0.0359
0.0175
0.0198
0.0344
0.0229
0.022
0.0372
0.0182
0.0204
0.0357
0.0167
0.02
0.0334
0.0223
0.022
0.0371
0.018
0.0203
0.0361
0.0169
0.0199
0.0344
0.0228
0.0216
0.038
0.0179
0.0207
0.0353
0.0173
0.0891
0.034
0.0171
0.0201
0.0345
0.017
0.0201
0.0343
0.0223
0.0223
0.0376
0.0188
0.0206
0.0364
0.0172
0.0198
0.0346
0.0224
0.0217
0.0381
0.0177
0.0205
0.0341
0.017
0.0201
0.0335
0.0233
0.022
0.0374
0.018
0.0201
0.0348
0.0192
0.0211
0.036
0.0182
0.0202
0.0347
0.0186
0.0206
0.0322
0.017
0.02
0.032
0.0166
0.0199
0.0321
0.0161
0.0193
0.0322
0.0167
0.0197
0.0332
0.0175
0.0195
0.0321
0.0175
0.0199
0.0338
0.0173
0.0197
0.033
0.0173
0.0201
0.0323
0.0167
0.0194
0.0329
0.0169
0.0196
0.0313
0.0172
0.0197
0.0317
0.0172
0.0199
0.0314
0.0163
0.0195
0.0314
0.0163
0.0202
0.0318
0.0167
0.0195
0.0326
0.0167
0.0194
0.0319
0.0167
0.0195
0.0324
0.0174
0.0198
0.0322
0.0167
0.0199
0.0331
0.0177
0.0189
0.033
0.0192
0.0211
0.0398
0.0169
0.0202
0.0359
0.0226
0.0218
0.0403
0.0169
0.0198
0.0471
0.0175
0.0198
0.0367
0.0223
0.022
0.0371
0.018
0.0208
0.0355
0.0177
0.0195
0.0344
0.0228
0.022
0.0375
0.0181
0.02
0.0357
0.0174
0.0204
0.0341
0.0228
0.0219
0.0375
0.0178
0.0203
0.035
0.0174
0.0198
0.0344
0.0229
0.022
0.0381
0.018
0.0205
0.0358
0.018
0.0199
0.0352
0.0223
0.0225
0.0384
0.0176
0.0202
0.0365
0.0204
0.02
0.0343
0.0171
0.0197
0.0354
0.0173
0.0198
0.0332
0.0224
0.0221
0.0371
0.0182
0.0202
0.0353
0.0171
0.0197
0.0335
0.0223
0.022
0.0373
0.0181
0.0201
0.0353
0.0177
0.0205
0.0349
0.0228
0.0217
0.0381
0.0177
0.02
0.0357
0.0174
0.0195
0.0338
0.0225
0.022
0.0376
0.0172
0.0198
0.0351
0.0179
0.02
0.0336
0.0227
0.0223
0.0389
0.0176
0.0202
0.0377
0.0175
0.0196
0.0355
0.0225
0.0221
0.0367
0.0183
0.0205
0.0349
0.017
0.02
0.034
0.0227
0.0221
0.0379
0.0181
0.0199
0.0342
0.0172
0.0201
0.033
0.0224
0.0223
0.037
0.0179
0.0201
0.0354
0.017
0.02
0.0331
0.023
0.0221
0.0377
0.018
0.0204
0.0345
0.0171
0.0202
0.0347
0.0228
0.0221
0.038
0.018
0.0201
0.037
0.0192
0.0215
0.0371
0.0173
0.0204
0.0336
0.0168
0.0203
0.0319
0.0174
0.0202
0.0321
0.0174
0.0196
0.0326
0.0167
0.0251
0.0318
0.0171
0.0195
0.0312
0.0173
0.0196
0.0318
0.0175
0.0198
0.032
0.0171
0.0198
0.0321
0.0169
0.0199
0.0326
0.0166
0.0196
0.0326
0.017
0.0201
0.0325
0.0169
0.0196
0.0338
0.0173
0.0201
0.0326
0.0167
0.0196
0.033
0.0172
0.0196
0.0332
0.017
0.0201
0.0328
0.0169
0.0192
0.0313
0.0172
0.0198
0.032
0.0169
0.0193
0.0314
0.0171
0.0197
0.0316
0.0169
0.0194
0.0321
0.0172
0.0199
0.0314
0.0173
0.0194
0.0315
0.0169
0.0193
0.0317
0.0167
0.0193
0.0327
0.0165
0.0196
0.0318
0.0171
0.0199
0.0318
0.017
0.0197
0.0322
0.017
0.0197
0.0318
0.0168
0.0197
0.0322
0.0171
0.0193
0.0323
0.0166
0.0196
0.0332
0.0167
0.0199
0.0318
0.0166
0.0194
0.0315
0.017
0.0192
0.0316
0.0164
0.02
0.0317
0.0162
0.0192
0.0311
0.017
0.0198
0.0315
0.0167
0.0195
0.0312
0.0168
0.0193
0.0318
0.0176
0.0191
0.0333
0.0167
0.0193
0.0326
0.0165
0.0189
0.0323
0.0245
0.0303
0.0509
0.0162
0.0192
0.0326
0.0374
0.0192
0.0331
0.0225
0.029
0.0552
0.0204
0.0276
0.0469
0.0215
0.0271
0.0448
0.0233
0.0221
0.0408
0.0178
0.0202
0.0406
0.0169
0.0197
0.035
0.0239
0.0261
0.045
0.0197
0.0205
0.041
0.0171
0.0197
0.0346
0.0236
0.0221
0.0389
0.0173
0.0201
0.036
0.0218
0.0215
0.0418
0.0174
0.0203
0.036
0.0161
0.0192
0.0353
0.0224
0.0222
0.0417
0.018
0.02
0.0367
0.0172
0.0201
0.0358
0.0181
0.0199
0.0401
0.0231
0.0225
0.042
0.0178
0.0206
0.0354
0.017
0.0203
0.0334
0.0225
0.0219
0.0399
0.0182
0.0201
0.0357
0.0173
0.0201
0.0346
0.0229
0.022
0.0396
0.0175
0.0197
0.0352
0.0171
0.0199
0.0345
0.0227
0.022
0.0411
0.0182
0.0197
0.0355
0.0173
0.0198
0.034
0.0228
0.0219
0.0413
0.0181
0.0202
0.0362
0.0168
0.0197
0.0349
0.0228
0.0236
0.042
0.0178
0.0198
0.0353
0.0168
0.0193
0.0335
0.0228
0.0221
0.0409
0.0183
0.0205
0.0346
0.0186
0.0211
0.0356
0.0171
0.0199
0.0322
0.0174
0.0199
0.0317
0.0168
0.0196
0.0319
0.017
0.0197
0.0316
0.0172
0.0197
0.0318
0.0169
0.0196
0.0319
0.0168
0.0201
0.0321
0.0171
0.0195
0.0318
0.0165
0.0195
0.0319
0.0168
0.0196
0.0329
0.0154
0.0196
0.0329
0.0165
0.0268
0.0314
0.0161
0.0192
0.0308
0.016
0.0196
0.0323
0.0164
0.0197
0.0315
0.0163
0.0198
0.0315
0.0169
0.02
0.0315
0.0171
0.02
0.0317
0.0174
0.0193
0.0319
0.0172
0.0198
0.0318
0.0164
0.0192
0.0314
0.0171
0.0199
0.0328
0.0167
0.0193
0.0317
0.0177
0.0199
0.0319
0.0203
0.0277
0.0449
0.023
0.0262
0.0422
0.018
0.0207
0.0374
0.0169
0.0199
0.0338
0.0168
0.0199
0.0382
0.0228
0.0219
0.0425
0.0183
0.0207
0.0366
0.0169
0.0198
0.0348
0.0228
0.0228
0.0414
0.0181
0.0203
0.0357
0.0172
0.0195
0.0346
0.0229
0.0225
0.0412
0.0173
0.0201
0.0349
0.0173
0.0195
0.0341
0.0226
0.0217
0.0421
0.0178
0.0199
0.0384
0.0172
0.0198
0.0345
0.0229
0.0224
0.0415
0.0349
0.02
0.0488
0.0237
0.0279
0.0491
0.0167
0.0203
0.0361
0.0222
0.0215
0.0388
0.0181
0.0215
0.0419
0.0172
0.0196
0.0365
0.0226
0.0222
0.0404
0.0185
0.0203
0.0364
0.0171
0.0204
0.0353
0.0229
0.0222
0.0478
0.0178
0.0208
0.0386
0.0252
0.0254
0.0437
0.0175
0.0208
0.0371
0.0239
0.0215
0.0436
0.0185
0.0201
0.0412
0.017
0.0201
0.0348
0.0183
0.0211
0.0382
0.0186
0.0211
0.0375
0.0179
0.0217
0.0366
0.0184
0.0213
0.0404
0.0168
0.0197
0.0386
0.016
0.019
0.0361
0.0164
0.0195
0.0349
0.0178
0.0223
0.0459
0.0198
0.0222
0.0372
0.0202
0.021
0.0425
0.018
0.0211
0.04
0.0162
0.0199
0.0348
0.0161
0.0189
0.0355
0.0168
0.0195
0.0353
0.0163
0.0194
0.0352
0.0176
0.02
0.0361
0.016
0.0194
0.0347
0.0157
0.0191
0.0327
0.016
0.0193
0.0328
0.0167
0.0329
0.0338
0.0226
0.0441
0.0368
0.0167
0.0193
0.0343
0.0166
0.0193
0.0331
0.0164
0.0192
0.0335
0.0167
0.0196
0.0342
0.0161
0.019
0.0337
0.0163
0.0192
0.035
0.0168
0.0192
0.0343
0.0156
0.0194
0.0343
0.0178
0.021
0.0444
0.0199
0.0219
0.0432
0.0209
0.0278
0.0487
0.0225
0.0218
0.0438
0.0175
0.0199
0.0382
0.017
0.0199
0.0372
0.0171
0.02
0.037
0.0172
0.0195
0.0361
0.0169
0.0199
0.0369
0.0166
0.0197
0.0365
0.0168
0.0193
0.0366
0.0167
0.0199
0.0365
0.0168
0.0193
0.0381
0.017
0.0194
0.0371
0.0171
0.0198
0.0364
0.0169
0.0195
0.0371
0.017
0.0262
0.0367
0.017
0.0196
0.0372
0.0171
0.0198
0.0384
0.0175
0.0201
0.0377
0.0168
0.0197
0.0359
0.017
0.0201
0.0354
0.0171
0.0194
0.0371
0.017
0.0195
0.0369
0.0167
0.0197
0.0364
0.0169
0.0201
0.0365
0.017
0.0199
0.036
0.0167
0.0195
0.0361
0.0159
0.0189
0.0368
0.0161
0.0193
0.0361
0.0158
0.0191
0.0379
0.0163
0.0194
0.0381
0.0156
0.0192
0.0365
0.0161
0.0193
0.0367
0.0167
0.0199
0.0375
0.0162
0.0194
0.0366
0.0171
0.0202
0.0354
0.0167
0.0196
0.0368
0.0168
0.0195
0.0356
0.0168
0.0199
0.0378
0.0164
0.0196
0.0361
0.0169
0.0195
0.0364
0.017
0.0199
0.0369
0.0163
0.0191
0.0362
0.0165
0.0198
0.0361
0.0155
0.0192
0.0367
0.0155
0.0192
0.0361
0.0159
0.019
0.038
0.0161
0.0191
0.0356
0.0157
0.0194
0.0375
0.0161
0.0195
0.0378
0.0158
0.0194
0.0358
0.0154
0.0188
0.0348
0.0159
0.0188
0.0359
0.0161
0.0191
0.0369
0.0186
0.0215
0.0399
0.016
0.0201
0.0364
0.0174
0.0197
0.0371
0.0173
0.0197
0.036
0.0233
0.02
0.0376
0.0166
0.0195
0.0365
0.0169
0.0195
0.0362
0.0171
0.0197
0.036
0.0159
0.0189
0.0371
0.0163
0.0191
0.0375
0.0157
0.0192
0.0365
0.016
0.0189
0.0365
0.016
0.0191
0.0379
0.0158
0.0187
0.0349
0.0161
0.0195
0.0349
0.0158
0.0194
0.0359
0.0157
0.0189
0.0353
0.017
0.0195
0.0349
0.0168
0.0197
0.0362
0.0168
0.0194
0.0358
0.0168
0.0193
0.036
0.0176
0.0191
0.0369
0.0176
0.0201
0.0363
0.0172
0.0194
0.0371
0.0168
0.019
0.0361
0.0166
0.02
0.0362
0.0169
0.0198
0.037
0.0195
0.0212
0.0407
0.0179
0.0204
0.0386
0.0166
0.0198
0.0354
0.017
0.02
0.0372
0.0167
0.0196
0.0322
0.0172
0.0199
0.0355
0.0173
0.0196
0.0322
0.0167
0.0199
0.0331
0.0175
0.0196
0.0335
0.0163
0.0193
0.0329
0.0176
0.0199
0.0321
0.0167
0.0198
0.0332
0.0171
0.0198
0.032
0.0168
0.0197
0.0322
0.0172
0.0198
0.0332
0.0168
0.0201
0.033
0.0163
0.0194
0.0328
0.0168
0.0197
0.0342
0.0168
0.0202
0.0356
0.0169
0.0206
0.038
0.0172
0.0197
0.0329
0.0174
0.0199
0.0324
0.0172
0.0194
0.0321
0.0165
0.0196
0.0326
0.0171
0.0197
0.032
0.0167
0.0197
0.0321
0.0168
0.0196
0.0325
0.0161
0.0194
0.0329
0.017
0.0194
0.0331
0.0167
0.02
0.0324
0.0162
0.0196
0.0322
0.0166
0.0195
0.0331
0.0165
0.0195
0.0323
0.0168
0.02
0.0341
0.0167
0.0194
0.0326
0.0169
0.0196
0.032
0.0173
0.0201
0.032
0.0169
0.0196
0.0323
0.0173
0.0194
0.0329
0.0172
0.0195
0.0333
0.0166
0.0199
0.0328
0.017
0.0197
0.0327
0.0166
0.0195
0.0321
0.0164
0.019
0.0326
0.0167
0.0195
0.0334
0.0155
0.019
0.0324
0.0158
0.0198
0.0321
0.0157
0.0195
0.0322
0.0163
0.0194
0.0325
0.0156
0.0194
0.0323
0.0154
0.0192
0.032
0.016
0.0198
0.0317
0.017
0.0199
0.0321
0.0169
0.0194
0.0322
0.0167
0.0196
0.0325
0.0168
0.0196
0.0321
0.0162
0.0194
0.0319
0.0172
0.0197
0.033
0.0165
0.0199
0.0319
0.0165
0.0195
0.0321
0.0174
0.0199
0.0324
0.0168
0.0196
0.0483
0.0175
0.02
0.0337
0.0177
0.0194
0.0332
0.017
0.02
0.0336
0.0171
0.0198
0.0337
0.0169
0.0198
0.0316
0.0163
0.0191
0.0317
0.0166
0.0192
0.0316
0.0166
0.0196
0.0318
0.0167
0.0198
0.032
0.0164
0.0196
0.032
0.0167
0.0194
0.032
0.0172
0.0195
0.0329
0.0173
0.0191
0.0326
0.017
0.0193
0.0343
0.0176
0.0194
0.0323
0.0169
0.0195
0.0337
0.0173
0.0199
0.0326
0.0163
0.0196
0.0325
0.0167
0.0199
0.033
0.0172
0.0195
0.033
0.0166
0.0196
0.0317
0.0166
0.0198
0.0316
0.0165
0.0192
0.0316
0.0167
0.0195
0.0321
0.0165
0.0196
0.0319
0.0266
0.0211
0.0366
0.018
0.02
0.035
0.0172
0.0192
0.0344
0.0247
0.0197
0.0334
0.017
0.0194
0.0334
0.0173
0.0191
0.033
0.0168
0.0197
0.0326
0.0164
0.0197
0.0319
0.0164
0.0197
0.0326
0.0166
0.0197
0.0331
0.0171
0.0195
0.0329
0.0169
0.0195
0.0325
0.0172
0.0193
0.0327
0.0174
0.0197
0.033
0.0165
0.0196
0.0318
0.0166
0.0195
0.0315
0.0161
0.0196
0.0332
0.016
0.0194
0.0321
0.0159
0.0194
0.0319
0.0156
0.0186
0.0317
0.016
0.0198
0.033
0.0157
0.019
0.0323
0.0169
0.0189
0.0341
0.0163
0.0194
0.033
0.0156
0.0197
0.0399
0.0166
0.0198
0.0343
0.0169
0.0193
0.0333
0.0169
0.0197
0.0323
0.0166
0.0199
0.0321
0.0169
0.0195
0.032
0.0165
0.0196
0.0327
0.0156
0.0193
0.0314
0.0159
0.0186
0.0314
0.016
0.0189
0.0315
0.0159
0.0191
0.0326
0.0159
0.0195
0.0319
0.0158
0.0189
0.0322
0.0158
0.019
0.0323
0.0163
0.019
0.0326
0.017
0.0194
0.0325
0.0172
0.0197
0.0338
0.0168
0.0199
0.0329
0.0167
0.0196
0.0337
0.0168
0.0191
0.0328
0.0169
0.0192
0.0324
0.0168
0.0199
0.0318
0.0165
0.0194
0.0318
0.0167
0.0199
0.0316
0.0174
0.0199
0.0316
0.0167
0.0192
0.0321
0.0175
0.0191
0.0335
0.0172
0.0195
0.0338
0.0169
0.0197
0.0332
0.0169
0.02
0.0331
0.0171
0.0198
0.0332
0.0173
0.0194
0.0331
0.0166
0.0196
0.0324
0.0164
0.0194
0.0329
0.0165
0.0193
0.0334
0.0167
0.0192
0.0313
0.0169
0.0194
0.0327
0.017
0.0195
0.0315
0.0166
0.0198
0.0335
0.0163
0.0197
0.0298
0.0223
0.0225
0.0374
0.018
0.0208
0.0355
0.0173
0.0201
0.0348

--------------------------------------
CodechalDecodeVp9G12::DecodeStateLevel
--------------------------------------
0.7802
5.3338
0.3819
7.6245
5.4589
1.761
1.9922
5.7076
0.1934
0.235
5.3472
0.1811
0.2261
5.2131
0.2099
0.2296
4.9785
0.1872
0.2622
5.1231
0.1705
0.2279
5.3397
0.1862
0.2149
5.4284
0.1868
0.2316
5.617
0.2179
0.2133
0.1719
0.2122
0.2124
0.1687
0.1638
0.2236
0.1733
0.15
0.2509
0.1835
0.2052
0.2204
0.1741
0.1662
0.2136
0.1952
0.1554
0.1417
0.1159
0.1125
0.1404
0.1162
0.1142
0.1415
0.1168
0.1134
0.1397
0.1163
0.1139
0.1401
0.1205
0.1166
0.1404
0.1132
0.1099
0.1321
0.1133
0.1097
0.1356
0.114
0.1102
0.133
0.1175
0.1116
0.1362
0.1166
0.1115
0.1434
0.1223
0.1148
0.1562
0.1207
0.1184
0.1332
0.1143
0.11
0.1336
0.114
0.11
0.1324
0.1153
0.1106
0.1342
0.1291
0.1131
0.1346
0.1147
0.1141
0.1422
0.1189
0.1155
0.139
0.1156
0.1119
0.1399
0.1168
0.1145
0.1372
0.1171
0.1141
0.1423
0.1218
0.1156
0.1486
0.1205
0.1168
0.1436
0.1188
0.1147
0.1431
0.1172
0.1159
0.1434
0.1173
0.1165
0.1393
0.1161
0.1135
0.1391
0.1146
0.1131
0.1383
0.1146
0.1131
0.1429
0.1205
0.1201
0.144
0.1175
0.1538
0.1442
0.1177
0.1134
0.137
0.1181
0.1128
0.1343
0.1153
0.1136
0.1358
0.1157
0.1195
0.1377
0.1168
0.1136
0.1356
0.1157
0.1129
0.1352
0.1167
0.1128
0.1384
0.1151
0.1178
0.1461
0.1188
0.1178
0.1405
0.1171
0.1146
0.1397
0.1183
0.1151
0.1381
0.1151
0.1129
0.1373
0.1149
0.114
0.1354
0.1151
0.115
0.1427
0.1047
0.1049
0.1338
0.1142
0.1137
0.1352
0.1153
0.1118
0.1387
0.1151
0.1127
0.1367
0.1201
0.1161
0.1453
0.1183
0.1176
0.1409
0.1174
0.1154
0.1371
0.1169
0.1137
0.1351
0.1155
0.1142
0.1356
0.1293
0.1148
0.134
0.1151
0.1168
0.1364
0.1166
0.115
0.1395
0.116
0.114
0.1355
0.1131
0.1106
1.1296
0.1175
0.114
0.1309
0.1105
0.1075
0.1289
0.1114
0.1099
1.1998
0.1276
0.1135
0.1388
0.1119
0.1096
0.1321
0.111
0.109
1.1983
0.1277
0.1121
0.137
0.1115
0.1109
0.1326
0.1116
0.1072
1.1831
0.1291
0.1145
0.1369
0.1127
0.1104
0.1494
0.1157
0.1117
0.1332
0.1122
0.1083
1.2109
0.1287
0.1126
0.1336
0.1098
0.1081
0.1305
0.1113
0.1079
1.1894
0.1276
0.1132
0.136
0.1121
0.1084
0.131
0.1115
0.1093
1.1998
0.1305
0.1139
0.1361
0.1139
0.1091
0.1334
0.1136
0.1101
1.188
0.1302
0.1125
0.135
0.1121
0.1096
0.1274
0.112
0.1082
1.1842
0.1291
0.1124
0.1332
0.1111
0.1076
0.1309
0.1116
0.1085
1.1853
0.1294
0.1134
0.1359
0.1129
0.1092
0.1308
0.8151
0.1119
0.1337
0.111
0.108
0.13
0.1095
0.1085
1.1836
0.1334
0.1117
0.1353
0.1117
0.1091
0.1305
0.1108
0.109
1.1904
0.1302
0.1131
0.133
0.1129
0.1101
0.1314
0.1123
0.1083
1.1856
0.1263
0.1126
0.1373
0.1115
0.1089
0.1502
0.1143
0.1103
0.1311
0.1122
0.1085
0.129
0.1106
0.1084
0.1359
0.1105
0.1069
0.1291
0.1095
0.1091
0.1285
0.1105
0.109
0.1342
0.1031
0.1005
0.1278
0.1105
0.107
0.1279
0.11
0.1066
0.129
0.1108
0.1086
0.1261
0.1097
0.1075
0.1276
0.1103
0.1098
0.1286
0.111
0.1073
0.1275
0.1094
0.1085
0.1273
0.1113
0.1089
0.128
0.1114
0.1086
0.1279
0.11
0.1086
0.1267
0.1093
0.1081
0.1262
0.1087
0.1073
0.1273
0.1101
0.1082
0.1253
0.11
0.1073
0.1279
0.1107
0.11
0.1324
0.1103
0.1072
0.1493
0.1138
0.1087
0.1331
0.1108
0.1072
1.1778
0.1276
0.1113
0.1332
0.1083
0.1065
0.1341
0.1117
0.1084
1.1935
0.1281
0.113
0.1361
0.1136
0.1096
0.1331
0.112
0.1092
1.171
0.129
0.1125
0.1363
0.1141
0.1097
0.1295
0.1117
0.1087
1.201
0.1284
0.1143
0.1369
0.113
0.109
0.1304
0.1108
0.11
1.2001
0.1293
0.1156
0.1357
0.1142
0.1205
0.1343
0.1124
0.1104
1.208
0.1294
0.1141
0.1374
0.1144
0.1109
0.9637
0.1108
0.107
0.1334
0.1123
0.1092
0.129
0.1117
0.1094
1.2037
0.1289
0.1135
0.1351
0.1118
0.1095
0.1302
0.1119
0.1079
1.178
0.1304
0.1136
0.1363
0.1134
0.1113
0.1334
0.111
0.1098
1.1715
0.1278
0.1135
0.1377
0.113
0.1089
0.1333
0.1108
0.1082
1.2071
0.1282
0.1132
0.1351
0.1124
0.1097
0.1286
0.1121
0.1093
1.2067
0.1294
0.1131
0.135
0.1128
0.1092
0.1318
0.1174
0.1091
1.2072
0.1283
0.1112
0.1364
0.1138
0.1091
0.1315
0.111
0.1081
1.1884
0.128
0.1114
0.132
0.1118
0.1085
0.1288
0.112
0.1089
1.2145
0.1281
0.1131
0.1371
0.1052
0.1013
0.1308
0.1121
0.1101
1.1882
0.1293
0.1135
0.1354
0.1128
0.1079
0.1274
0.1112
0.1086
1.2172
0.1289
0.1127
0.1352
0.112
0.1097
0.1501
0.1173
0.1109
0.1355
0.1115
0.1076
0.1299
0.1102
0.1093
0.1319
0.1119
0.1092
0.1297
0.1089
0.1068
0.127
0.1199
0.1105
0.127
0.1102
0.1075
0.1267
0.1124
0.1077
0.1288
0.1103
0.109
0.1287
0.1118
0.1083
0.129
0.1108
0.1087
0.127
0.1094
0.1085
0.1282
0.1107
0.1093
0.1289
0.1107
0.1092
0.1282
0.1105
0.1088
0.1255
0.1105
0.1075
0.1265
0.109
0.1067
0.1271
0.1112
0.1077
0.1294
0.1114
0.1088
0.1274
0.1102
0.1076
0.1267
0.1116
0.1068
0.1281
0.1104
0.1071
0.1271
0.1104
0.1065
0.1257
0.1111
0.107
0.1265
0.1096
0.1055
0.1285
0.1099
0.1072
0.1284
0.11
0.1087
0.1293
0.111
0.1083
0.1279
0.1112
0.1081
0.1267
0.1085
0.1064
0.1283
0.1109
0.108
0.1288
0.1097
0.1064
0.128
0.1111
0.1067
0.1272
0.1119
0.1091
0.1278
0.1097
0.1072
0.1264
0.1108
0.1081
0.1273
0.1105
0.1086
0.1256
0.1107
0.1085
0.1242
0.1097
0.1069
0.1265
0.1118
0.1073
0.1258
0.11
0.1069
0.1256
0.1097
0.1077
0.1307
0.1097
0.1078
0.1268
0.1109
0.1084
0.165
0.1092
0.1063
0.209
0.1644
0.1549
0.1297
0.1091
0.1055
0.197
0.109
0.1045
0.1869
0.1616
0.1527
0.1701
0.1547
0.1491
0.1697
0.1651
0.1533
1.2028
0.1303
0.113
0.1359
0.1129
0.109
0.1299
0.1135
0.1091
1.1713
0.123
0.127
0.1353
0.1129
0.11
0.1259
0.1125
0.1086
1.2022
0.1298
0.1346
0.1309
0.1091
0.1067
1.1344
0.1264
0.1107
0.135
0.1104
0.107
0.1275
0.1096
0.1067
1.19
0.1285
0.1128
0.1344
0.1121
0.1106
0.1299
0.1127
0.1094
0.1405
0.1076
0.1046
16.9104
0.1305
0.1136
0.1366
0.1122
0.1093
0.1307
0.1135
0.1096
1.1908
0.1292
0.1136
0.137
0.1178
0.1095
0.1327
0.1117
0.11
1.1729
0.1311
0.1131
0.1348
0.1128
0.109
0.1283
0.1118
0.1089
1.1595
0.1276
0.1131
0.1356
0.1128
0.1091
0.129
0.1109
0.11
1.2009
0.129
0.1136
0.1354
0.1144
0.1094
0.1311
0.1119
0.1087
1.1929
0.1294
0.1139
0.1374
0.1121
0.1112
0.129
0.1101
0.1091
1.2024
0.1297
0.1137
0.133
0.1122
0.1188
0.1456
0.1144
0.1092
0.1321
0.1122
0.1094
0.13
0.1113
0.1088
0.1303
0.11
0.1091
0.1305
0.1131
0.1098
0.1292
0.1115
0.1077
0.1305
0.1117
0.1083
0.1302
0.1105
0.1086
0.6732
0.1097
0.1082
0.1281
0.1104
0.1093
0.1284
0.1157
0.1057
0.1275
0.1078
0.1055
0.1272
0.1091
0.1056
0.1252
0.1077
0.1063
0.1283
0.1081
0.1061
0.129
0.1113
0.1091
0.6752
0.1115
0.1091
0.1301
0.1103
0.1081
0.1301
0.1105
0.1075
0.1292
0.1115
0.1075
0.673
0.1112
0.1083
0.1298
0.1108
0.1101
0.1287
0.1107
0.1064
0.6733
0.1107
0.1108
0.6744
0.1106
0.1069
0.1898
10.6685
0.1218
3.4874
0.1549
0.1183
0.1441
0.1151
0.1107
0.1297
0.1138
0.109
0.1578
0.0995
0.0955
15.5821
0.13
0.1124
0.136
0.1118
0.1099
0.1323
0.1121
0.1099
1.1985
0.1296
0.112
0.1354
0.1132
0.1101
0.1303
0.1117
0.1091
1.1846
0.1298
0.1131
0.1344
0.1136
0.1117
0.1304
0.1112
0.1087
1.1966
0.1297
0.1142
0.1342
0.1136
0.1091
0.1318
0.1112
0.1089
1.1921
0.1303
0.1139
0.1355
0.1113
0.1089
0.1951
0.1551
0.1486
0.1351
0.1113
0.1101
1.1755
0.1293
0.1125
0.1492
0.1133
0.1091
0.1333
0.111
0.1086
1.2015
0.1319
0.1149
0.1336
0.1136
0.1079
0.1333
0.112
0.1108
1.2174
0.1328
0.1274
0.1378
0.1133
0.1105
0.1828
0.147
0.1365
0.132
0.1126
0.1106
1.1949
0.1332
0.114
0.1345
0.1149
0.1315
0.1334
0.1137
0.1106
0.1499
0.1135
0.1083
0.1541
0.1157
0.1098
0.1455
0.1162
0.1088
0.1613
0.1148
0.1077
0.1344
0.1101
0.1069
0.1299
0.1096
0.1088
0.1301
0.1127
0.1062
0.1356
0.1135
0.2082
0.1795
0.131
0.1131
0.1678
0.116
0.1105
0.1533
0.1458
0.1076
0.1333
0.1096
0.1051
0.1296
0.1097
0.1093
0.1329
0.1102
0.1075
0.1312
0.1105
0.111
0.1325
0.112
0.1092
0.1266
0.1081
0.108
0.127
0.1081
0.1058
0.1267
0.1081
0.1049
0.1304
0.108
0.1095
0.1757
0.2066
0.114
0.1305
0.1108
0.1059
0.1304
0.1098
0.1066
0.1283
0.1121
0.1073
0.1312
0.1156
0.1076
0.1278
0.1088
0.1066
0.127
0.1082
0.1457
0.1299
0.1065
0.1052
0.1274
0.1115
0.1075
0.1525
0.118
0.1081
0.1799
0.116
0.1095
0.1797
11.087
0.1116
3.4169
0.1318
0.1123
0.1365
0.1131
0.1089
0.1319
0.1127
0.1097
0.1305
0.1125
0.1091
0.1305
0.1122
0.1091
0.1305
0.1118
0.1101
0.1307
0.1126
0.1093
0.1314
0.1123
0.1096
0.1303
0.1115
0.1099
0.1331
0.1121
0.1099
0.1349
0.1117
0.1082
0.1287
0.1115
0.1068
0.1309
0.1117
0.1089
0.1295
0.112
0.1089
0.1301
0.1098
0.109
0.1314
0.1121
0.1093
0.1338
0.1121
0.1098
0.133
0.1105
0.1093
0.1284
0.1115
0.1101
0.1336
0.1121
0.1102
0.1324
0.1104
0.1093
0.1318
0.1119
0.108
0.131
0.1124
0.1097
0.129
0.1102
0.1101
0.1293
0.1118
0.1085
0.1295
0.1088
0.1067
0.1272
0.1099
0.1067
0.1285
0.1084
0.1049
0.1319
0.1101
0.1067
0.1271
0.1087
0.1054
0.1265
0.108
0.1065
0.1288
0.1087
0.1058
0.1264
0.108
0.1095
0.1297
0.1114
0.109
0.1312
0.1128
0.1088
0.1328
0.1116
0.1077
0.1324
0.1106
0.1083
0.1287
0.112
0.1099
0.1295
0.1107
0.1085
0.1287
0.1114
0.1084
0.1345
0.1096
0.1065
0.1287
0.1083
0.1075
0.1278
0.1092
0.1066
0.1274
0.1086
0.1065
0.131
0.1097
0.1082
0.132
0.108
0.1053
0.1269
0.1105
0.1087
0.1298
0.1081
0.1054
0.1275
0.1092
0.1059
0.1259
0.1083
0.1069
0.1283
0.1087
0.1068
0.1295
0.1101
0.1067
0.1489
0.115
0.1087
0.1298
0.1112
0.1074
0.1341
0.1119
0.1087
0.1285
0.1121
0.1085
0.1319
0.1124
0.1097
0.1273
0.1138
0.1086
0.1275
0.1114
0.1082
0.128
0.1111
0.1079
0.1502
0.1017
0.0984
0.1287
0.1092
0.1057
0.1252
0.1071
0.1052
0.1234
0.1067
0.1056
0.1248
0.1081
0.1065
0.1238
0.1087
0.1069
0.1228
0.109
0.1049
0.1224
0.1081
0.1066
0.1218
0.1082
0.1077
0.1421
0.1147
0.1099
0.1296
0.1119
0.1083
0.1274
0.11
0.1077
0.127
0.1111
0.1081
0.131
0.1113
0.1086
0.1251
0.1103
0.1098
0.1285
0.1111
0.107
0.1263
0.1113
0.1097
0.1272
0.1114
0.1144
0.1268
0.112
0.109
0.1505
0.1156
0.1117
0.1316
0.1119
0.1082
0.127
0.112
0.1085
0.129
0.1114
0.1086
0.1289
0.1123
0.1106
0.1325
0.1117
0.1087
0.1316
0.1121
0.1087
0.1326
0.1129
0.1097
0.1334
0.1119
0.1101
0.1284
0.1116
0.109
0.1267
0.1104
0.1076
0.1253
0.1104
0.108
0.1252
0.1116
0.1072
0.1249
0.1118
0.1086
0.1322
0.1117
0.108
0.1251
0.1108
0.109
0.1241
0.1107
0.1099
0.1258
0.1108
0.1085
0.1277
0.1106
0.1091
0.1291
0.1112
0.1082
0.1306
0.11
0.1071
0.128
0.1115
0.1074
0.1286
0.111
0.1093
0.1266
0.1106
0.1094
0.125
0.1109
0.1075
0.1294
0.1107
0.1083
0.1267
0.1122
0.1095
0.1268
0.1112
0.1079
0.1275
0.1101
0.108
0.1258
0.11
0.1089
0.1264
0.1089
0.1075
0.1297
0.1114
0.1077
0.1258
0.1104
0.1094
0.1314
0.1106
0.1079
0.1314
0.111
0.1084
0.1284
0.1112
0.1093
0.1293
0.1098
0.1086
0.1305
0.1109
0.1068
0.1314
0.1104
0.1077
0.1315
0.113
0.1085
0.1272
0.1115
0.1089
0.1299
0.1203
0.1091
0.1344
0.1021
0.1003
0.1304
0.1142
0.1072
0.1276
0.1092
0.1047
0.1223
0.1088
0.1068
0.1228
0.1066
0.1048
0.1224
0.1091
0.1063
0.129
0.1093
0.1065
0.1251
0.1093
0.1059
0.1263
0.1084
0.1063
0.1275
0.1092
0.1083
0.1272
0.1095
0.1079
0.1336
0.1115
0.1081
0.1335
0.1112
0.1095
0.1302
0.111
0.1081
0.126
0.1104
0.1085
0.1298
0.1107
0.109
0.124
0.1107
0.1084
0.1263
0.1119
0.1103
0.1246
0.1102
0.1077
0.1287
0.1107
0.1207
0.1743
0.1155
0.109
0.132
0.1114
0.1085
0.1291
0.1113
0.1082
0.1321
0.1111
0.1087
0.1271
0.1105
0.1084
0.1289
0.111
0.1093
0.1282
0.1106
0.1081
0.1256
0.1102
0.1089
0.1254
0.1106
0.1087
0.1263
0.1118
0.1079
0.1258
0.1111
0.1093
0.1294
0.111
0.1086
0.1299
0.1105
0.1084
0.1286
0.1112
0.1086
0.1262
0.1107
0.1077
0.1283
0.1109
0.1087
0.1281
0.1094
0.1087
0.1264
0.1108
0.1085
0.1283
0.1122
0.1101
0.1292
0.1108
0.1078
0.1266
0.111
0.1082
0.1265
0.1114
0.1079
0.1283
0.1106
0.1072
0.1299
0.1116
0.109
0.1261
0.1106
0.1101
0.2442
0.1151
0.1094
0.1358
0.1119
0.1089
0.1316
0.1115
0.1097
0.1287
0.1144
0.1084
0.1285
0.1117
0.1095
0.13
0.1119
0.1087
0.1267
0.1112
0.1091
0.129
0.1107
0.1097
0.1261
0.1106
0.107
0.1262
0.1089
0.1077
0.1274
0.1111
0.1074
0.1313
0.1102
0.109
0.1296
0.1112
0.1087
0.1316
0.1097
0.1075
0.1272
0.1121
0.1086
0.1275
0.1118
0.1089
0.1354
0.1017
0.0976
0.1233
0.1086
0.1063
0.124
0.1082
0.1059
0.1238
0.1078
0.1055
0.1262
0.11
0.1063
0.124
0.1089
0.1066
0.1273
0.1081
0.1068
0.1279
0.1077
0.1064
0.1267
0.1093
0.1053
0.1295
0.1113
0.1097
0.1288
0.1107
0.1083
0.1304
0.1116
0.1106
0.1246
0.1113
0.1084
0.1236
0.1102
0.1064
0.1301
0.1104
0.1084
0.1343
0.1085
0.1062
0.1293
0.1091
0.1061
0.1281
0.109
0.1056
0.1311
0.1096
0.1072
0.1285
0.1094
0.1065
0.1266
0.1097
0.1049
0.1279
0.1073
0.1062
0.1268
0.1082
0.108
0.1365
0.1162
0.1078
0.1295
0.1108
0.1076
0.1285
0.1113
0.1076
0.1318
0.1118
0.1087
0.1279
0.1099
0.1081
0.1307
0.1111
0.1087
0.1289
0.1102
0.1087
0.127
0.1113
0.1071
0.1269
0.1096
0.1081
0.1624
0.1155
0.1077
0.129
0.1109
0.1077
0.1359
0.1129
0.1096
0.1309
0.1105
0.1075
0.1325
0.111
0.1081
0.1353
0.1119
0.1087
0.1312
0.1104
0.1091
0.1304
0.11
0.1077
0.1271
0.1111
0.1075
0.1294
0.1114
0.1082
0.1298
0.1105
0.1074
0.128
0.111
0.1105
0.1307
0.1103
0.1085
0.1275
0.1113
0.109
0.128
0.1119
0.1084
0.1373
0.1107
0.1095
1.1872
0.1299
0.1131
0.1362
0.1133
0.1101
0.1338
0.1118
0.1092

--------------------------
CreateVideoDecoder_D3D11_1
--------------------------
20.4297

---------------------------
DestroyVideoDecoder_D3D11_1
---------------------------
0

----------------
First Frame Time
----------------
71.4213

--------------------------------------
VideoDecoderBeginFrame_WDDM2_4_D3D11_1
--------------------------------------
0.0078
0.0031
0.0023
0.0021
0.002
0.002
0.0022
0.0018
0.0022
0.0021
0.0026
0.0023
0.002
0.0034
0.002
0.0018
0.0018
0.0022
0.0017
0.0027
0.0016
0.0018
0.0018
0.0018
0.0017
0.0017
0.0017
0.002
0.0027
0.0016
0.002
0.0017
0.0017
0.0016
0.0017
0.0015
0.0016
0.0016
0.0018
0.0018
0.0019
0.0017
0.003
0.0017
0.0016
0.0017
0.0018
0.0017
0.0017
0.0016
0.0017
0.0017
0.0016
0.0016
0.0017
0.0019
0.0017
0.0017
0.0017
0.0017
0.0017
0.0017
0.0017
0.0028
0.0017
0.0017
0.0018
0.0019
0.0019
0.0015
0.0017
0.0017
0.0018
0.0017
0.0021
0.0017
0.0018
0.0017
0.0016
0.0024
0.0018
0.0017
0.0025
0.002
0.0017
0.0025
0.0026
0.0021
0.0019
0.0025
0.0018
0.0018
0.0025
0.0018
0.0031
0.0025
0.002
0.0018
0.0024
0.0018
0.0019
0.0026
0.002
0.0016
0.0025
0.0019
0.0018
0.0017
0.0018
0.0025
0.0019
0.0017
0.0033
0.0019
0.0018
0.0024
0.0028
0.002
0.0018
0.0017
0.0016
0.0015
0.002
0.0016
0.0019
0.0017
0.0015
0.0017
0.0016
0.0016
0.0015
0.0016
0.0025
0.0016
0.0016
0.0015
0.0015
0.0016
0.0017
0.0027
0.002
0.0036
0.0026
0.002
0.0018
0.0026
0.0019
0.0029
0.0026
0.002
0.0019
0.0025
0.0019
0.0018
0.0024
0.002
0.0017
0.0025
0.0018
0.0018
0.0017
0.0015
0.0024
0.0019
0.0017
0.0027
0.002
0.0019
0.0025
0.0021
0.0017
0.0025
0.0019
0.0017
0.0026
0.0018
0.0017
0.0025
0.002
0.0017
0.0024
0.002
0.0017
0.0025
0.0018
0.0016
0.0025
0.0018
0.0018
0.0026
0.0027
0.0019
0.0017
0.0018
0.0017
0.0016
0.0016
0.0016
0.0016
0.0015
0.0016
0.0017
0.0016
0.0015
0.0016
0.0016
0.0015
0.0015
0.0017
0.0016
0.0015
0.014
0.0017
0.0015
0.0016
0.0017
0.0017
0.0016
0.0016
0.0016
0.0015
0.0015
0.0016
0.0016
0.0015
0.0018
0.0016
0.0016
0.0015
0.0015
0.0016
0.0015
0.0017
0.0016
0.0017
0.0037
0.0017
0.0016
0.0036
0.0024
0.0022
0.0029
0.0024
0.0018
0.0029
0.0025
0.0036
0.0017
0.0025
0.0019
0.0025
0.0018
0.0018
0.0024
0.0019
0.0018
0.002
0.0027
0.0019
0.0019
0.0025
0.0018
0.0018
0.0025
0.0018
0.0029
0.0025
0.0019
0.0017
0.0025
0.0018
0.0019
0.0026
0.002
0.0017
0.0025
0.0022
0.002
0.0017
0.0016
0.0016
0.0016
0.0015
0.0015
0.0017
0.0017
0.0019
0.0018
0.0018
0.0016
0.0017
0.0017
0.0017
0.0015
0.0016
0.0016
0.0015
0.0016
0.0016
0.0015
0.0016
0.0017
0.0026
0.0025
0.0028
0.002
0.0026
0.0027
0.0018
0.0018
0.0026
0.0018
0.0017
0.0026
0.002
0.0018
0.0054
0.002
0.0019
0.0026
0.0037
0.0022
0.0021
0.0027
0.0021
0.0018
0.0035
0.0021
0.0018
0.0025
0.0025
0.0019
0.0025
0.0026
0.0025
0.0035
0.0029
0.0025
0.0027
0.002
0.0018
0.0016
0.0017
0.0037
0.0029
0.0029
0.0025
0.0022
0.0021
0.0021
0.0021
0.0016
0.0016
0.0017
0.0024
0.0024
0.002
0.0016
0.002
0.0017
0.0019
0.0025
0.0021
0.0021
0.0025
0.0038
0.0027
0.0029
0.0028
0.0019
0.0017
0.0015
0.0015
0.0016
0.0017
0.0016
0.0018
0.0019
0.0016
0.0016
0.0016
0.0017
0.0016
0.0015
0.0015
0.0015
0.0015
0.0015
0.0015
0.0016
0.0015
0.0016
0.0024
0.0018
0.0017
0.0017
0.0015
0.0016
0.0016
0.0015
0.0015
0.0015
0.0015
0.0016
0.0014
0.0015
0.0018
0.0016
0.0017
0.0016
0.0016
0.0016
0.0015
0.0017
0.0015
0.0015
0.0016
0.0015
0.0016
0.0026
0.0017
0.0019
0.0017
0.0017
0.0016
0.0018
0.0015
0.0017
0.0015
0.0015
0.0015
0.0015
0.0016
0.0015
0.0015
0.0015
0.0017
0.0016
0.0015
0.0016
0.0015
0.0015
0.0015
0.0015
0.0014
0.0015
0.0026
0.002
0.0016
0.0017
0.0015
0.0018
0.0017
0.0016
0.0017
0.0016
0.0015
0.0016
0.0015
0.0015
0.0016
0.0014
0.0014
0.0015
0.0015
0.0015
0.0017
0.0016
0.0015
0.0016
0.0015
0.0015
0.0015
0.0014
0.0041
0.0016
0.0015
0.0016
0.0015
0.0015
0.0015
0.0016
0.0016
0.0015
0.0015
0.0015
0.0014
0.0015
0.0017
0.0014
0.0016
0.0015
0.0014
0.0015
0.0015
0.0016
0.0017
0.0016
0.0016
0.0015
0.0016
0.0016
0.0015
0.0015
0.0015
0.0015
0.0015
0.0015
0.0022
0.0017
0.0015
0.0017
0.0016
0.0015
0.0014
0.0014
0.0023
0.0014
0.0015
0.0015
0.0016
0.0015
0.0015
0.0015
0.0017
0.0015
0.0017
0.0015
0.0016
0.0015
0.0014
0.0015
0.0014
0.003
0.002
0.0017
0.0016
0.0015
0.0016
0.0015
0.0016
0.0017
0.0016
0.0017
0.0015
0.0015
0.0016
0.0015
0.0016
0.0018
0.0016
0.0015
0.0016
0.0016
0.0015
0.0015
0.0016
0.0015
0.0015
0.0016
0.0016
0.0016
0.0016
0.0018
0.0016
0.0016
0.0017
0.0017
0.0015
0.0016
0.0017
0.0014
0.0015
0.0017
0.0015
0.0016
0.0016
0.0016
0.0017
0.0016
0.0016
0.0015
0.0016
0.0017
0.0017
0.0017
0.0016
0.0017
0.0016
0.0016
0.0015
0.0016
0.0016
0.0018
0.0016
0.0016
0.0015
0.0016
0.0026
0.002

----------------------------
VideoDecoderEndFrame_D3D11_1
----------------------------
0.0368
0.0578
0.0582
0.0586
0.0583
0.0608
0.0585
0.0586
0.0641
0.0643
0.0589
0.0606
0.0715
0.058
0.0605
0.0586
0.0604
0.0545
0.0534
0.0569
0.0575
0.0537
0.0532
0.0548
0.055
0.054
0.0584
0.059
0.0538
0.0528
0.054
0.0558
0.0535
0.0557
0.0562
0.0546
0.0549
0.0543
0.0562
0.0553
0.0585
0.0567
0.0561
0.0543
0.0554
0.0566
0.0592
0.0562
0.0552
0.0543
0.0583
0.0548
0.0545
0.0575
0.058
0.0586
0.0557
0.0566
0.0551
0.0562
0.0547
0.0583
0.0543
0.0555
0.054
0.0556
0.0556
0.0539
0.0547
0.0538
0.0563
0.06
0.0553
0.0517
0.0509
0.0556
0.0554
0.0499
0.0579
0.051
0.0511
0.0584
0.053
0.051
0.0566
0.051
0.0536
0.0511
0.0552
0.0517
0.0516
0.0604
0.0516
0.0511
0.0628
0.0562
0.0524
0.0594
0.051
0.0503
0.0561
0.0513
0.0509
0.0561
0.0509
0.0544
0.0507
0.05
0.0582
0.0587
0.0512
0.0542
0.0528
0.0509
0.0596
0.0517
0.058
0.0516
0.0499
0.0526
0.0501
0.0518
0.0537
0.0533
0.0514
0.0521
0.0493
0.0503
0.0518
0.0519
0.0519
0.0518
0.0512
0.0513
0.0527
0.0514
0.0519
0.0596
0.0528
0.0734
0.0509
0.0584
0.0524
0.0508
0.0593
0.0579
0.0507
0.0584
0.0552
0.0508
0.06
0.0556
0.0531
0.0558
0.0514
0.0514
0.0608
0.0518
0.0525
0.0507
0.0508
0.0578
0.0511
0.0504
0.0605
0.0553
0.0504
0.0613
0.0546
0.0519
0.0577
0.0536
0.0506
0.0594
0.0547
0.0509
0.0589
0.0528
0.0512
0.058
0.051
0.0512
0.0546
0.0506
0.0506
0.055
0.0508
0.0503
0.0594
0.0514
0.0557
0.0535
0.0525
0.0533
0.0502
0.0505
0.0499
0.0537
0.0522
0.0497
0.0523
0.0517
0.0522
0.0514
0.0518
0.052
0.0522
0.0512
0.0518
0.0496
0.0531
0.0557
0.0506
0.0507
0.0503
0.0518
0.0515
0.0512
0.0543
0.0497
0.0517
0.0496
0.051
0.0499
0.0515
0.0514
0.0511
0.0515
0.0531
0.0515
0.0518
0.0511
0.0515
0.0537
0.0513
0.0744
0.0513
0.0517
0.0749
0.0663
0.0672
0.0579
0.0534
0.0516
0.0578
0.0615
0.0506
0.0547
0.0514
0.0584
0.0519
0.0502
0.0565
0.0513
0.0514
0.0518
0.0589
0.0558
0.0503
0.0613
0.0553
0.051
0.058
0.0505
0.0499
0.0607
0.0515
0.0502
0.0594
0.0507
0.0508
0.0607
0.056
0.0513
0.0572
0.0513
0.0559
0.053
0.0534
0.0553
0.0523
0.0516
0.053
0.0503
0.0516
0.0512
0.0533
0.0517
0.0498
0.0513
0.0516
0.0498
0.0522
0.0515
0.0522
0.0498
0.0526
0.0517
0.0498
0.0503
0.0514
0.0572
0.0555
0.0535
0.051
0.0512
0.0572
0.0526
0.0503
0.0586
0.0509
0.0506
0.0604
0.0511
0.0504
0.0601
0.0537
0.0505
0.0597
0.0574
0.0776
0.0621
0.0585
0.0574
0.052
0.0594
0.0823
0.0506
0.064
0.0539
0.0622
0.0509
0.0582
0.0561
0.0504
0.0612
0.0577
0.0567
0.0553
0.0533
0.0524
0.0532
0.0567
0.0573
0.0583
0.0549
0.0543
0.0525
0.0522
0.0555
0.0539
0.0519
0.052
0.0879
0.0499
0.0709
0.0551
0.0528
0.0524
0.0537
0.0527
0.0523
0.0536
0.0619
0.0568
0.0582
0.0568
0.0551
0.0531
0.0532
0.0522
0.051
0.0525
0.0522
0.05
0.0513
0.0519
0.0507
0.0532
0.0609
0.053
0.0538
0.0514
0.0513
0.0517
0.0495
0.0523
0.0501
0.0501
0.05
0.0524
0.0621
0.052
0.0517
0.052
0.0535
0.0507
0.0495
0.0504
0.0513
0.0531
0.051
0.052
0.0539
0.0534
0.0513
0.0496
0.0518
0.0509
0.049
0.052
0.0509
0.0514
0.0524
0.0527
0.0509
0.051
0.0515
0.051
0.0574
0.0527
0.0522
0.0529
0.0546
0.0532
0.0512
0.051
0.05
0.0502
0.0511
0.0499
0.0516
0.0507
0.0512
0.0526
0.0502
0.0499
0.0502
0.0496
0.0508
0.0533
0.051
0.0528
0.0503
0.0512
0.0519
0.0566
0.053
0.0524
0.0509
0.0514
0.0534
0.0515
0.0532
0.0519
0.05
0.0504
0.0509
0.0513
0.0509
0.0511
0.0497
0.0512
0.0529
0.0496
0.0517
0.0515
0.0503
0.0522
0.0518
0.0509
0.051
0.0519
0.051
0.0555
0.0495
0.0523
0.0518
0.0501
0.0512
0.0521
0.052
0.0531
0.0522
0.0519
0.0543
0.0518
0.0518
0.0507
0.0514
0.0513
0.0509
0.053
0.051
0.0523
0.0508
0.0516
0.0526
0.0514
0.05
0.0524
0.0526
0.0498
0.0532
0.0515
0.0517
0.0519
0.0725
0.0515
0.0541
0.0518
0.0526
0.0512
0.0532
0.0501
0.0521
0.0512
0.0492
0.051
0.0513
0.053
0.0511
0.0528
0.051
0.0516
0.0504
0.0556
0.0509
0.0504
0.051
0.0508
0.052
0.0518
0.0595
0.0531
0.0523
0.0513
0.0527
0.052
0.0538
0.0511
0.0516
0.0511
0.0507
0.0517
0.051
0.0518
0.0518
0.0507
0.0518
0.0518
0.0516
0.0513
0.0516
0.0514
0.0528
0.051
0.0512
0.0494
0.0529
0.0521
0.0518
0.0523
0.0538
0.0514
0.0508
0.0531
0.0531
0.0502
0.051
0.0512
0.0509
0.0528
0.0516
0.0498
0.0516
0.0496
0.0511
0.0502
0.0517
0.0514
0.0521
0.0519
0.0513
0.0524
0.0513
0.0516
0.051
0.052
0.0513
0.0498
0.0508
0.0516
0.0517
0.0508
0.0504
0.0504
0.0544
0.0512
0.0504

---------------------------------
VideoDecoderSubmitBuffers_D3D11_1
---------------------------------
8.0196
15.0446
8.0889
5.9749
5.8213
5.5614
5.7377
5.9277
6.007
6.2682
0.7768
0.7188
0.7676
0.8595
0.7409
0.7424
0.5141
0.5013
0.5037
0.5031
0.5136
0.4868
0.4782
0.4827
0.4921
0.4958
0.5258
0.5487
0.4841
0.4823
0.4841
0.5131
0.4913
0.5094
0.4992
0.5015
0.4998
0.5184
0.5281
0.5108
0.5114
0.5126
0.5031
0.4974
0.4967
0.522
0.551
0.5129
0.4942
0.4888
0.498
0.4987
0.4882
0.4902
0.5053
0.5171
0.5075
0.505
0.4988
0.4939
0.4932
0.4875
0.4949
0.4956
0.4954
0.504
0.5177
0.5094
0.501
0.495
0.5158
0.4977
0.5001
0.5054
0.4926
1.809
0.4711
0.4735
1.7301
0.493
0.4763
1.7027
0.4908
0.4746
1.7414
0.4919
0.5204
0.4783
1.8117
0.4823
0.4752
1.7622
0.4892
0.4753
1.7645
0.4905
0.4811
1.677
0.4884
0.4627
1.744
0.4835
0.4738
1.7341
0.4888
1.2498
0.4746
0.4688
1.7889
0.4896
0.4728
1.7322
0.4807
0.4744
1.7817
0.4868
0.5194
0.4767
0.9835
0.9813
0.4684
0.9772
0.4542
0.4666
0.4644
0.4705
0.4591
1.0064
1.0037
0.4592
0.4616
0.4606
0.4609
0.4587
0.4553
0.46
1.0026
0.4659
0.465
0.5148
0.4748
1.6896
0.4883
0.4818
1.7303
0.4918
0.478
1.6313
0.4917
0.4746
1.6918
0.4913
0.4692
1.6726
0.5016
0.4823
1.7469
0.4949
1.3074
0.4772
0.4686
1.8285
0.4875
0.4676
1.6833
0.4928
0.4809
1.5487
0.4933
0.4755
1.7229
0.4874
0.4689
1.7118
0.4902
0.4833
1.7132
0.4905
0.4737
1.6872
0.4778
0.4659
1.7837
0.471
0.4697
1.7568
0.4837
0.4653
1.6874
0.4889
0.526
0.4776
0.4722
0.474
0.4635
1.0201
1.0065
1.0022
0.4635
0.4633
1.0057
0.4591
0.4627
0.4661
0.4672
0.4589
0.4575
0.4605
0.4637
0.4618
1.0015
0.4766
0.4587
0.4568
0.455
1.0018
0.4604
0.4612
0.461
0.4553
1.0018
0.4579
1.0014
0.4633
1.0003
0.4587
0.4589
0.4582
0.4521
0.4596
0.4556
0.4562
0.4653
0.4598
1.0499
0.7219
0.461
1.086
0.6773
0.6247
0.635
1.6785
0.4902
0.4731
1.7921
0.4938
0.4621
1.8622
0.4718
1.5103
0.4822
0.4599
1.9062
0.4821
0.4712
0.8398
17.4306
0.4914
0.4717
1.7192
0.4961
0.4784
1.7745
0.4817
0.4664
1.8004
0.4885
0.4679
1.844
0.4861
0.4762
1.7694
0.4925
0.4645
1.7565
0.4909
1.4059
1.0153
1.0112
1.0087
1.0138
1.0061
1.008
1.008
1.0048
1.0049
0.4663
0.4556
0.4638
0.9947
1.0007
0.4632
1.0089
1.0076
1.0058
1.0058
1.0059
1.0064
1.0049
1.0065
1.0049
11.5671
3.9137
0.5065
0.4707
0.6571
16.0257
0.492
0.4717
1.8285
0.4861
0.4685
1.8422
0.4847
0.4675
1.8411
0.494
0.4714
1.6088
0.5157
0.6809
0.4824
1.7385
0.518
0.4805
1.7305
0.4847
0.478
1.7967
0.4929
0.6214
0.482
1.7739
0.5163
0.4781
0.5252
0.5246
0.5075
0.5243
0.4806
0.4654
0.4646
0.5997
0.5917
0.5516
0.5522
0.4701
0.4676
0.47
0.4718
0.4774
0.4604
0.458
0.4612
0.4783
0.6583
0.4724
0.4707
0.4652
0.4772
0.4624
0.5004
0.4612
0.4634
0.5285
0.5812
11.9414
3.809
0.4923
0.4755
0.4703
0.4681
0.469
0.4677
0.4688
0.4684
0.476
0.4799
0.4657
0.475
0.4744
0.4664
0.4782
0.4809
0.4738
0.4657
0.4785
0.4739
0.4729
0.4759
0.4664
0.469
0.4641
0.46
0.4626
0.4736
0.4568
0.4561
0.4674
0.4602
0.4675
0.47
0.4674
0.475
0.4658
0.4654
0.4688
0.4671
0.4628
0.4589
0.4564
0.4713
0.463
0.465
0.4663
0.457
0.4533
0.4563
0.4654
0.5172
0.4664
0.4951
0.4673
0.4853
0.4652
0.4613
0.4607
0.4692
0.4649
0.4503
0.4481
0.4574
0.4469
0.4461
0.4466
0.4453
0.483
0.4665
0.4606
0.4598
0.4724
0.4603
0.4655
0.4589
0.4651
0.46
0.5236
0.4785
0.4594
0.468
0.4634
0.4771
0.4728
0.474
0.474
0.4601
0.4554
0.4548
0.4527
0.4539
0.4871
0.455
0.4527
0.4544
0.4612
0.471
0.4678
0.4602
0.4605
0.4576
0.4538
0.4573
0.4573
0.4543
0.4646
0.4541
0.4499
0.4622
0.4538
0.4685
0.4654
0.4618
0.4602
0.466
0.4678
0.4702
0.4581
0.474
0.4529
0.4625
0.4568
0.4435
0.4406
0.4438
0.4541
0.4478
0.4518
0.4556
0.4564
0.4691
0.4684
0.4633
0.4521
0.4639
0.4507
0.4563
0.4502
0.4895
0.523
0.4733
0.4664
0.4742
0.458
0.4595
0.4563
0.453
0.4534
0.4536
0.4541
0.4635
0.4627
0.4635
0.453
0.4617
0.4637
0.4556
0.4652
0.4612
0.4563
0.4553
0.4539
0.4651
0.4551
0.6179
0.4818
0.4725
0.4756
0.4649
0.4662
0.4585
0.4604
0.4565
0.4558
0.4588
0.469
0.4678
0.4678
0.4578
0.4575
0.4552
0.447
0.4458
0.4431
0.4567
0.4468
0.4565
0.4551
0.4769
0.4661
0.4616
0.4646
0.4513
0.4467
0.4694
0.4594
0.4547
0.4535
0.4648
0.4564
0.4526
0.4527
0.4547
0.4731
0.4685
0.4611
0.4713
0.4583
0.4682
0.4601
0.4586
0.4571
0.4996
0.462
0.4796
0.47
0.4718
0.4762
0.4711
0.4683
0.4587
0.4629
0.4614
0.4606
0.4701
0.46
0.4619
0.4684
1.843
0.4921
0.4783

