---------------------------------------------
CalcPrivateVideoDecoderOutputViewSize_D3D11_1
---------------------------------------------
0.0019
0.0018
0.0015
0.0015
0.0017
0.001
0.0022
0.0011
0.0014
0.0016
0.0009
0.0008
0.0008
0.0017
0.0008
0.0007
0.0016
0.001
0.001
0.0024
0.0009
0.001
0.0012
0.001
0.0007
0.0007
0.0007
0.0007
0.0034
0.0008
0.0007
0.0009
0.0007
0.0007
0.0006
0.0006
0.0007
0.0006
0.0006
0.0007
0.0006
0.0009
0.002
0.0007
0.0006
0.0006
0.0007
0.0006
0.0005
0.0007
0.0006
0.0005
0.0006
0.0008
0.0007
0.0009
0.0006
0.0006
0.0006
0.0006
0.0009
0.0008
0.0007
0.0034
0.0027
0.0014
0.0011
0.0008
0.0014
0.0009
0.0008
0.0008
0.001
0.0007
0.0008
0.0017
0.0013
0.0011
0.0007
0.0008
0.0006
0.0009
0.0007
0.0006
0.0008
0.0007
0.0006
0.0007
0.0006
0.0007
0.0007
0.0009
0.0018
0.0011
0.0051
0.001
0.0011
0.0007
0.0008
0.0008
0.0008
0.0007
0.0007
0.0006
0.0007
0.0006
0.0008
0.001
0.001
0.001
0.0016
0.0016
0.0013
0.0016
0.0016
0.0012
0.0009
0.0008
0.0008
0.0009
0.001
0.0009
0.0008
0.0007
0.0008
0.0007
0.0009
0.0008
0.0008
0.0008
0.0008
0.0009
0.0011
0.0009
0.0008
0.0006
0.0014
0.0007
0.0006
0.0006
0.0007
0.0071
0.0006
0.0007
0.0006
0.0006
0.0006
0.0008
0.0008
0.0006
0.0007
0.0007
0.0006
0.0009
0.0006
0.0006
0.0008
0.0007
0.0007
0.0006
0.0008
0.0008
0.0009
0.0009
0.0009
0.0007
0.0013
0.0008
0.0007
0.0009
0.0008
0.0007
0.0006
0.0011
0.0013
0.0009
0.0009
0.0017
0.0008
0.0007
0.0008
0.0008
0.0007
0.0007
0.0008
0.0008
0.0007
0.0007
0.0007
0.0007
0.0007
0.0007
0.0007
0.0008
0.0007
0.0008
0.001
0.0007
0.0009
0.0007
0.0007
0.0015
0.0009
0.0008
0.0015
0.0009
0.0007
0.0009
0.0006
0.0008
0.0007
0.0026
0.0008
0.0007
0.0006
0.0006
0.0007
0.0007
0.0007
0.0006
0.0006
0.0006
0.0015
0.0009
0.001
0.0007
0.0008
0.0006
0.0007
0.0009
0.0007
0.001
0.0007
0.0006
0.0007
0.0007
0.0007
0.0006
0.0008
0.0006
0.0006
0.0006
0.0007
0.0006
0.0007
0.0007
0.0006
0.0007
0.0006
0.0007
0.0008
0.0015
0.0012
0.0026
0.0011
0.0009
0.0007
0.0008
0.0009
0.0009
0.0008
0.0008
0.0008
0.0007
0.0011
0.001
0.0008
0.0016
0.001
0.0008
0.0007
0.0009
0.0008
0.0007
0.0009
0.001
0.0007
0.0007
0.0009
0.0007
0.0009
0.0006
0.0008
0.0007
0.0008
0.0006
0.0009
0.0007
0.0008
0.0006
0.0009
0.0008
0.0008
0.0006
0.0009
0.0007
0.0008
0.0006
0.0009
0.0008
0.0008
0.0006
0.0006
0.0015
0.0009
0.0019
0.0008
0.0007
0.0007
0.0008
0.0007
0.0006
0.0007
0.0007
0.0007
0.0007
0.0028
0.0007
0.0006
0.0008
0.0006
0.0006
0.0018
0.001
0.0008
0.0007
0.0007
0.0011
0.0009
0.0011
0.0009
0.0006
0.0007
0.0007
0.0007
0.0007
0.0007
0.0006
0.0006
0.0006
0.0006
0.0006
0.0006
0.0006
0.0006
0.0007
0.0006
0.0007
0.0006
0.0007
0.0006
0.0006
0.0007
0.0007
0.0009
0.0008
0.0007
0.0008
0.0007
0.0007
0.0007
0.0008
0.0006
0.0008
0.0006
0.0007
0.0006
0.0007
0.0006
0.0006
0.0006
0.0007
0.0007
0.0006
0.0006
0.0007
0.0007
0.0006
0.0006
0.0007
0.0008
0.0007
0.0007
0.0007
0.0006
0.0007
0.0007
0.0007
0.0011
0.0005
0.0007
0.0015
0.001
0.001
0.001
0.0006
0.0009
0.001
0.0006
0.0007
0.0007
0.0007
0.0006
0.0008
0.0006
0.0009
0.0008
0.0006
0.0006
0.0006
0.0006
0.0006
0.0005
0.0006
0.0007
0.0008
0.0011
0.0008
0.0006
0.0005
0.0006
0.0007
0.0006
0.0006
0.0009
0.0007
0.0008
0.0007
0.0009
0.0006
0.0005
0.0008
0.0006
0.0007
0.0006
0.0006
0.0006
0.0009
0.0028
0.0009
0.0009
0.0007
0.0016
0.0008
0.0008
0.0009
0.0007
0.0008
0.0008
0.0007
0.001
0.0008
0.0006
0.0009
0.0007
0.0008
0.0008
0.0007
0.0013
0.0008
0.0008
0.0006
0.0007
0.0008
0.0005
0.0007
0.0006
0.0006
0.0007
0.0006
0.0008
0.0008
0.0006
0.0006
0.0032
0.0006
0.0006
0.0006
0.0005
0.0009
0.0014
0.001
0.0013
0.0008
0.0014
0.0015
0.0016
0.0022
0.0008
0.0011
0.0009
0.0006
0.0011
0.002
0.001
0.0007
0.0015
0.001
0.0009
0.0008
0.0015
0.0008
0.0008
0.0013
0.0015
0.0016
0.0008
0.0013
0.001
0.0016
0.0017
0.001
0.0011
0.0007
0.0009
0.0014
0.0016
0.0009
0.0016
0.0016
0.0017
0.0009
0.0015
0.0012
0.0015
0.0018
0.0017
0.0016
0.0011
0.0016
0.0017
0.0013
0.0016
0.0019
0.0012
0.0017
0.0016
0.0017
0.0015
0.0013
0.0014
0.0019
0.0009
0.001
0.0008
0.0007
0.0008
0.0007
0.0009
0.0007
0.0007
0.0007
0.0006
0.0012
0.0006
0.001
0.0014
0.0022
0.0018
0.001
0.0007
0.0015
0.0009
0.0008
0.0014
0.001
0.0008
0.0008
0.0007
0.0007
0.0007
0.0008
0.0007
0.0014
0.0011
0.0011
0.0017
0.001
0.0008
0.0008
0.0007
0.0008
0.0008
0.0007
0.0007
0.001
0.0008
0.0008
0.0007
0.0008
0.0007
0.0009
0.001
0.0007
0.0007
0.0006
0.0007
0.0007
0.0008
0.0016

-----------------------
CodechalDecode::Execute
-----------------------
10.2033
2.8333
9.2182
11.4233
0.7514
0.7692
0.9453
0.706
4.6219
0.6449
0.6171
0.6367
0.6538
0.6547
0.687
0.7243
2.7759
2.5659
0.5493
0.5275
0.5595
0.511
0.5391
0.5072
0.4077
0.4077
0.4164
0.4205
0.4414
0.4554
0.4519
0.4369
0.4636
0.4352
0.4367
0.4384
0.4485
0.4113
0.4016
0.4032
0.3981
0.4089
0.395
0.393
0.3988
0.3997
0.4032
0.4155
0.4286
0.4253
0.4275
0.4266
0.4242
0.4442
0.4331
0.433
0.4348
0.4435
0.4316
0.4272
0.4579
0.4224
0.4145
0.6386
0.4822
0.4735
0.425
0.4053
0.4287
0.4056
0.4079
0.4053
0.4042
0.4441
0.4122
0.6203
0.5464
0.4185
0.4013
0.3994
0.4013
0.4098
0.4007
0.3991
0.4067
0.3972
0.3991
0.4039
0.4003
0.3989
0.4052
0.4208
0.5431
0.4239
0.7113
0.4176
0.4055
1.4972
0.4152
0.4108
0.409
0.4121
0.41
0.4087
0.4131
0.4218
1.7288
0.4291
0.4192
1.7449
0.5702
0.4844
1.7047
0.4643
0.4821
1.1199
0.4115
0.4056
1.2135
0.4233
0.4689
0.3997
0.3985
0.3961
0.4029
0.4222
0.4228
0.4243
0.4433
0.4046
1.7904
0.4168
0.4087
0.4016
0.3917
0.4181
0.4285
0.4011
0.4004
0.4058
0.3994
0.4138
0.413
0.4018
0.396
0.4007
0.3962
0.3984
0.4021
0.4008
0.4145
0.4049
0.411
0.4005
0.3942
0.4219
0.3978
0.3936
0.3998
0.3973
0.4083
0.409
0.4221
1.8467
0.4444
0.4153
0.43
0.4083
0.4024
0.4129
0.4072
0.4014
0.4004
0.4202
0.4299
0.4064
0.4011
0.3958
0.3964
0.3912
0.3965
0.3984
0.3966
0.3998
0.3962
0.396
0.397
0.4001
0.3936
0.3961
0.3951
0.401
0.3984
0.3956
0.3932
0.3968
0.3896
0.3918
0.3943
0.3915
0.391
0.4454
0.4142
0.4042
0.45
0.4095
0.3979
0.4017
0.3983
0.4038
0.4576
0.4057
0.3989
0.3945
0.3956
0.3984
0.3962
0.3986
0.4041
0.401
0.4125
0.3973
0.4524
0.4074
0.4039
0.3898
0.3895
0.3855
0.3923
0.3829
0.3928
0.403
0.4028
0.3951
0.3975
0.3959
0.3903
0.398
0.3936
0.395
0.3988
0.405
0.4065
0.4127
0.4268
0.4047
0.4098
0.4061
0.4051
0.4117
0.43
0.4481
0.415
0.4917
0.4069
0.4
0.3952
0.3948
0.4046
0.4063
0.3978
0.4012
0.3911
0.4049
0.4107
0.408
0.3996
0.489
0.4114
0.3971
0.3959
0.4096
0.3957
0.3943
0.3983
0.4094
0.3867
0.392
0.3959
0.3913
0.3924
0.395
0.3978
0.3972
0.4056
0.3978
0.4049
0.3964
0.4144
0.398
0.4101
0.4025
0.4041
0.3959
0.4057
0.3898
0.4038
0.4019
0.4028
0.3976
0.4013
0.3878
0.3887
0.4904
2.1046
0.4366
0.4108
0.4023
0.3991
0.4
0.4019
0.4005
0.4016
0.3975
0.3956
0.425
0.4018
0.405
0.3988
0.3971
0.4004
0.3951
0.5073
0.4105
0.4031
0.4002
0.3954
0.4226
0.3842
0.4024
0.3977
0.3938
0.405
0.4037
0.4151
0.3992
0.3937
0.3972
0.3986
0.3942
0.3971
0.4116
0.3965
0.3967
0.3919
0.4012
0.3995
0.3973
0.3961
0.4002
0.4016
0.3977
0.3976
0.3949
0.4026
0.3968
0.3889
0.4095
0.3908
0.3926
0.3949
0.39
0.4007
0.4035
0.4006
0.4026
0.4061
0.4107
0.4129
0.3948
0.4254
0.4013
0.4059
0.4267
0.4216
0.4069
0.4093
0.3977
0.3985
0.4
0.4474
0.4045
0.4023
0.392
0.3905
0.3963
0.3923
0.4027
0.3991
0.3943
0.399
0.5005
0.5091
0.4061
0.3907
0.4051
0.4115
0.4408
0.4006
0.401
0.3956
0.4042
0.398
0.4008
0.4011
0.4114
0.3969
0.3951
0.3966
0.404
0.3903
0.3947
0.4004
0.4012
0.5959
0.4233
0.3972
0.4027
0.4018
0.3989
0.4097
0.4284
0.4016
0.4001
0.402
0.4086
0.4261
0.415
0.423
0.3941
0.4019
0.3964
0.4046
0.4046
0.4087
0.4358
0.4322
0.4392
0.551
0.4589
0.4604
0.4212
0.4914
0.4234
0.4241
0.4405
0.4106
0.4098
0.4102
0.4187
0.4187
0.4317
0.4416
0.4118
0.4109
0.4083
0.4287
0.4226
0.4532
0.4158
0.396
0.3954
0.396
0.4024
0.3937
0.3955
0.3971
0.4074
0.4031
0.4073
0.4095
0.4186
0.4278
0.4048
0.4218
0.4001
0.3983
0.3995
0.4509
0.4321
0.4706
0.4114
0.4143
0.4045
0.472
0.4456
0.4608
0.6988
0.4096
0.5617
0.4185
0.4127
0.4292
0.4963
0.5008
0.4252
0.4657
0.412
0.4551
0.4061
0.6174
0.4091
0.4021
0.5774
0.4511
0.6543
0.6094
0.4451
0.4017
0.4952
0.6243
0.4121
0.4083
0.3941
0.4117
0.471
0.6277
0.5403
0.6419
0.4516
0.6117
0.4166
0.4831
0.6147
0.4685
0.6428
0.5605
0.661
0.4184
0.4568
0.4367
0.4283
0.6405
0.5294
0.7253
0.4703
0.4719
0.6225
0.6176
0.5596
0.6148
0.4654
0.4172
0.4129
0.4064
0.4099
0.4082
0.4017
0.4105
0.4049
0.4019
0.404
0.409
0.5617
0.4242
0.4179
0.4562
0.4579
0.4836
0.404
0.3989
0.4492
0.4047
0.4051
0.4573
0.4163
0.4098
0.4098
0.407
0.4038
0.4035
0.404
0.404
0.5649
0.432
0.4161
0.5933
0.4137
0.3999
0.397
0.4041
0.402
0.4031
0.4089
0.4078
0.4257
0.4113
0.4124
0.4112
0.4192
0.4152
0.4187
0.3925
0.4007
0.4147
0.3961
0.3952
0.4054
0.4136
0.4534

---------------------------------------
CodechalDecodeHevcG12::DecodeStateLevel
---------------------------------------
0.3382
0.4917
3.6796
0.4679
0.2319
0.3321
6.1758
0.2134
1.8659
3.6626
0.3532
3.6837
0.1966
0.1425
0.1971
0.1665
0.1505
0.2046
0.2216
0.1478
0.2063
0.1746
0.1429
0.1978
0.1536
0.1719
4.1058
0.1495
0.1421
0.1765
0.1265
0.1312
0.1882
0.1328
0.1335
0.1944
0.1472
0.1458
0.1785
0.137
0.1418
0.2194
0.15
0.1434
0.1803
0.1489
0.1422
0.2199
0.1491
0.1594
2.0719
0.1215
0.1429
1.9985
0.1302
0.135
0.1554
0.1157
0.1317
0.1538
0.1365
0.1387
0.1563
0.1119
0.1332
0.1507
0.1151
0.1276
0.1751
0.1106
0.1285
0.1508
0.0664
0.1266
0.1156
0.0656
0.1283
0.1156
0.0684
0.1283
0.1158
0.0697
0.131
0.1174
0.0749
0.1353
0.12
0.0756
0.1376
0.1202
0.0773
0.1393
0.1237
0.077
0.1299
0.1183
0.08
0.1383
0.1256
0.0722
0.1341
0.1214
0.0728
0.1341
0.121
0.0732
0.1351
0.1217
0.0771
0.1382
0.1229
0.0665
0.127
0.1172
0.0642
0.1252
0.1155
0.065
0.1253
0.1153
0.0635
0.1236
0.1145
0.0662
0.1244
0.1153
0.0615
0.1223
0.1124
0.0625
0.1223
0.1128
0.0624
0.1265
0.1146
0.0611
0.1236
0.1142
0.0642
0.1249
0.1154
0.0688
0.1289
0.1164
0.0686
0.1347
0.1192
0.0709
0.13
0.1192
0.0695
0.1328
0.1206
0.0711
0.133
0.1186
0.0707
0.1299
0.1194
0.0749
0.1383
0.1211
0.0718
0.1335
0.121
0.0724
0.1339
0.1209
0.0722
0.1351
0.1211
0.0726
0.1388
0.1222
0.0711
0.134
0.121
0.0726
0.1277
0.1161
0.0704
0.1416
0.1251
0.0677
0.1348
0.1209
0.0668
0.1332
0.1163
0.112
0.1891
0.1841
0.0942
0.1473
0.1146
0.0849
0.1446
0.1203
0.0714
0.1284
0.116
0.0647
0.1244
0.1161
0.0712
0.1289
0.1182
0.0663
0.1257
0.1146
0.0653
0.1293
0.1151
0.0644
0.1244
0.1158
0.0653
0.1262
0.1148
0.0642
0.1263
0.1373
0.067
0.1279
0.1159
0.1019
0.1907
0.1716
0.0846
0.2019
0.1318
0.0692
0.1287
0.1151
0.064
0.1243
0.1143
0.0631
0.1237
0.1152
0.0639
0.1247
0.1165
0.0659
0.1257
0.1167
0.0639
0.125
0.1168
0.0633
0.1245
0.1161
0.0656
0.1252
0.1163
0.0637
0.1241
0.115
0.0639
0.1244
0.1148
0.0646
0.125
0.1144
0.0622
0.1245
0.1179
0.0627
0.1253
0.1158
0.0653
0.1247
0.116
0.0653
0.1233
0.1149
0.0933
0.1615
0.1335
0.0711
0.1293
0.1173
0.1205
0.2257
0.188
0.0688
0.1283
0.1153
0.064
0.1269
0.1149
0.0656
0.1285
1.01
0.0654
0.1274
0.1252
0.0671
0.1269
0.1153
0.0655
0.1276
0.1173
0.0659
0.128
0.117
0.0649
0.1264
0.1174
0.0666
0.1267
0.1166
0.0653
0.1293
0.1194
0.0683
0.133
0.118
0.0694
0.1375
1.2262
0.0718
0.1292
0.1198
0.0689
0.1289
0.1173
0.0842
0.1494
1.2015
0.0914
0.1772
0.178
0.0851
0.1473
0.1194
0.0829
0.1527
1.161
0.0767
0.1442
0.1171
0.0844
0.1469
0.1176
0.0631
0.135
0.6949
0.0658
0.1269
0.1152
0.0639
0.1247
0.1174
0.0662
0.1336
0.771
0.0696
0.1275
0.1186
0.0741
0.1328
0.1167
0.0641
0.1232
0.1143
0.0623
0.1259
0.1153
0.0624
0.123
0.115
0.0633
0.1239
0.1166
0.0651
0.1407
0.1167
0.0701
0.1307
0.1188
0.0692
0.1301
0.1195
0.07
0.1329
0.134
0.0648
0.1254
0.1148
0.0659
0.13
1.2962
0.0691
0.1279
0.1176
0.0663
0.1249
0.1151
0.0644
0.1237
0.1147
0.0611
0.1223
0.1139
0.0757
0.1256
0.1163
0.0746
0.1266
0.116
0.0626
0.1257
0.1164
0.0627
0.126
0.1149
0.064
0.1281
0.1152
0.0628
0.1253
0.116
0.0666
0.1267
0.1156
0.0654
0.128
0.1166
0.0627
0.1269
0.1164
0.0612
0.1264
0.1153
0.0627
0.1272
0.1167
0.0619
0.1248
0.1156
0.0625
0.1242
0.1151
0.064
0.1242
0.1155
0.0628
0.1273
0.1148
0.0649
0.1277
0.1209
0.0659
0.1254
0.1151
0.0653
0.1287
0.1183
0.0644
0.1227
0.1128
0.0621
0.1226
0.1125
0.0633
0.1257
0.1373
0.0631
0.1243
0.1139
0.0632
0.1223
0.1132
0.064
0.123
0.1138
0.0627
0.1246
0.1143
0.0643
0.1253
0.1159
0.0656
0.1269
0.1165
0.0683
0.13
0.1167
0.0848
0.142
1.2179
0.0715
0.1385
0.1291
0.0701
0.1276
0.1176
0.0697
0.1305
0.1192
0.065
0.1277
0.1174
0.0629
0.1285
0.1158
0.0636
0.1293
0.1186
0.065
0.1283
0.1169
0.0638
0.1254
0.1164
0.0652
0.1238
0.1146
0.0686
0.1284
0.116
0.0717
0.1334
0.1161
0.067
0.125
0.1148
0.065
0.126
0.1153
0.0636
0.1238
0.1139
0.063
0.1245
0.1136
0.0616
0.1237
0.1144
0.063
0.1238
0.116
0.064
0.1257
0.1142
0.0629
0.1244
0.1154
0.0652
0.1255
0.1152
0.0629
0.1244
0.1151
0.062
0.1242
0.1155
0.0629
0.1252
0.1151
0.0636
0.1263
0.116
0.0623
0.1252
0.1144
0.063
0.1248
0.1153
0.0635
0.1251
0.1146
0.0652
0.1264
0.116
0.0628
0.1268
0.1163
0.0628
0.1244
0.1136
0.0617
0.125
0.1152
0.0627
0.1245
0.1142
0.065
0.1162
0.1085
0.0623
0.1236
0.1135
0.0628
0.1232
0.1134
0.063
0.1219
0.1139
0.0617
0.1248
0.1148
0.0776
0.1332
0.1191
0.0654
0.1342
0.116
0.0644
0.1272
0.1179
0.0794
0.1349
0.1193
0.0671
0.1277
0.1153
0.0643
0.1244
0.1158
0.0646
0.1255
0.1157
0.0617
0.1273
0.1157
0.0645
0.1267
0.1157
0.0624
0.1374
0.1585
0.0655
0.125
0.115
0.0629
0.1255
0.1168
0.062
0.1242
0.1156
0.0624
0.1252
0.1146
0.062
0.127
0.1166
0.0629
0.1252
0.1166
0.0638
0.126
0.1153
0.066
0.1285
0.1175
0.0637
0.1272
0.1165
0.0674
0.1294
0.1177
0.0618
0.1246
0.1164
0.0784
0.1353
0.1197
0.0669
0.1268
0.1152
0.0655
0.1256
0.1138
0.0614
0.1237
0.1133
0.0612
0.1229
0.1137
0.0605
0.1219
0.1124
0.0631
0.1223
0.113
0.063
0.1161
0.1074
0.0633
0.1227
0.1148
0.0652
0.1254
0.1143
0.064
0.1266
0.1161
0.061
0.1238
0.1179
0.062
0.1256
0.1166
0.0642
0.1241
0.1141
0.0609
0.1241
0.1152
0.0661
0.1244
0.1151
0.0617
0.1241
0.1147
0.0625
0.1247
0.1144
0.0615
0.125
0.1184
0.0626
0.1288
0.1171
0.0629
0.1286
0.1191
0.0666
0.1296
0.1181
0.072
0.1315
0.12
0.0631
0.1276
0.1167
0.0644
0.1287
0.118
0.0648
0.126
0.1163
0.0629
0.1272
0.1157
0.0648
0.1289
0.118
0.0683
0.1284
0.1262
0.0785
0.1333
0.1183
0.0673
0.1271
0.115
0.0907
0.1506
0.1186
0.0668
0.1265
0.1151
0.0653
0.1249
0.115
0.0628
0.124
0.1135
0.0618
0.1256
0.1149
0.0655
0.1277
0.1159
0.0664
0.1259
0.1153
0.0629
0.1268
0.1149
0.0646
0.1264
0.1149
0.0639
0.1177
0.1101
0.0646
0.1277
0.1158
0.0653
0.1286
0.1163
0.0661
0.1269
0.1162
0.0634
0.1273
0.1168
0.0889
0.1543
0.119
0.0671
0.128
0.1167
0.0625
0.1261
0.1148
0.0631
0.125
0.1156
0.0671
0.1266
0.1178
0.0606
0.1258
0.1174
0.0614
0.1262
0.1154
0.0637
0.1234
0.114
0.0669
0.1264
0.1152
0.06
0.1225
0.1143
0.0614
0.1234
0.1148
0.0624
0.1243
0.1144
0.0624
0.1233
0.113
0.0628
0.1235
0.113
0.06
0.1237
0.1164
0.0615
0.126
0.1157
0.0628
0.1244
0.1147
0.0657
0.1276
0.1153
0.0624
0.1247
0.1165
0.0659
0.1246
0.1162
0.0625
0.1244
0.1163
0.0651
0.1357
0.1168
0.062
0.1254
0.1163
0.0659
0.1271
0.1168
0.0637
0.1251
0.1162
0.0651
0.1244
0.1159
0.0624
0.1254
0.116
0.0655
0.1251
0.1166
0.0657
0.1178
0.1095
0.065
0.1258
0.116
0.0629
0.1265
0.1166
0.0638
0.1253
0.115
0.0625
0.1254
0.1146
0.063
0.1272
0.1149
0.0611
0.1225
0.1131
0.0594
0.1233
0.1145
0.0792
0.1696
0.1213
1.6954
0.1674
0.1326
0.0675
0.1308
0.1257
0.0652
0.1271
0.1169
0.064
0.1266
0.1147
0.0624
0.1259
0.1153
0.062
0.1262
0.1163
0.0641
0.1251
0.1153
0.0623
0.1272
0.1167
0.063
0.1278
0.117
0.0614
0.1244
0.117
0.0614
0.1247
0.1168
0.0625
0.1507
0.118
0.064
0.1234
0.1158
0.0637
0.1254
0.1158
0.0625
0.1264
0.1161
0.0632
0.1242
0.1157
0.0635
0.1254
0.1174
0.0611
0.1252
0.1148
0.0909
0.1613
0.12
0.0665
0.1295
0.1161
0.0647
0.1283
0.1154
0.0642
0.1258
0.115
0.0635
0.1251
0.1144
0.0671
0.1417
0.1136
0.0627
0.1173
0.1077
0.0649
0.1248
0.1138
0.0635
0.1233
0.1133
0.0626
0.1235
0.1136
0.0603
0.1239
0.1278
0.0629
0.1259
0.1172
0.0691
0.1249
0.1165
0.0618
0.1258
0.1168
0.0599
0.1258
0.115
0.0623
0.1243
0.1171
0.0623
0.1252
0.1148
0.0607
0.1247
0.1153
0.0629
0.1243
0.1169
0.0618
0.1242
0.1173
0.0629
0.1239
0.1157
0.0622
0.1253
0.1149
0.0608
0.1253
0.1145
0.063
0.1257
0.1153
0.0634
0.1254
0.1155
0.0626
0.1268
0.1147
0.0614
0.1252
0.1163
0.0632
0.1245
0.1169
0.0632
0.1258
0.1155
0.0624
0.1259
0.1153
0.0618
0.1255
0.1162
0.0605
0.1255
0.1167
0.0645
0.1258
0.115
0.0619
0.1271
0.1125
0.0606
0.1219
0.1145
0.0688
0.1245
0.1133
0.0621
0.1214
0.1127
0.0603
0.1234
0.1145
0.0617
0.1237
0.1138
0.0635
0.1192
0.1106
0.0621
0.1268
0.1166
0.0642
0.1276
0.1163
0.0634
0.1257
0.1163
0.0629
0.126
0.1158
0.0632
0.1255
0.1161
0.0701
0.1263
0.1169
0.0662
0.1295
0.1183
0.062
0.124
0.1142
0.061
0.1514
0.1178
0.0638
0.1263
0.1162
0.0657
0.1263
0.1165
0.0668
0.1307
0.1175
0.0683
0.1322
0.1198
0.0648
0.1284
0.1173
0.0641
0.1288
0.1181
0.0616
0.1256
0.1151
0.0614
0.1258
0.1156
0.0641
0.1249
0.1142
0.0784
0.1459
0.117
0.064
0.1273
0.115
0.0645
0.1252
0.1157
0.0607
0.1229
0.1139
0.0599
0.123
0.1141
0.0634
0.1216
0.1137
0.061
0.1225
0.1143
0.0632
0.1268
0.1155
0.0627
0.1236
0.1156
0.0625
0.1235
0.1144
0.0639
0.1242
0.1149
0.0938
0.1562
0.1201
0.1023
0.151
0.155
0.0658
0.1271
0.1147
0.0659
0.118
0.109
0.0654
0.1277
0.117
0.0672
0.1291
0.1168
0.0734
0.1411
0.1162
0.0638
0.1275
0.1155
0.0631
0.1268
0.1154
0.0616
0.1244
0.1141
0.0622
0.129
0.1167
0.0622
0.1248
0.1164
0.0643
0.1263
0.1139
0.0633
0.1253
0.117
0.066
0.1314
0.1132
0.0642
0.1227
0.1125
0.0605
0.1227
0.1163
0.0615
0.1244
0.1142
0.065
0.1255
0.1145
0.0611
0.1217
0.1134
0.0613
0.1237
0.1138
0.0624
0.1246
0.1153
0.0628
0.1256
0.1188
0.0662
0.1316
0.2829
0.0655
0.1364
0.1173
0.0624
0.1253
0.1148
0.0647
0.1255
0.1135
0.0637
0.1253
0.1141
0.0633
0.1241
0.1149
0.0657
0.1271
0.1172
0.0651
0.1472
0.1159
0.0631
0.1266
0.1143
0.0635
0.1244
0.1147
0.063
0.1278
0.1132
0.0637
0.1292
0.1166
0.0708
0.1301
0.118
0.0709
0.1234
0.1119
0.0656
0.1237
0.1138
0.0629
0.1222
0.1122
0.0657
0.1246
0.114
0.0627
0.1233
0.114
0.0637
0.1262
0.1156
0.0655
0.1251
0.1146
0.0654
0.1279
0.1161
0.0729
0.1402
0.1201
0.071
0.1304
0.1238
0.069
0.1323
0.1189
0.1047
0.1679
0.1235
0.0796
0.1396
0.1209
0.0764
0.1441
0.1249
0.0688
0.1306
0.1186
0.0888
0.1532
0.1196
0.0709
0.1313
0.1184
0.0703
0.1328
0.1189
0.0764
0.1365
0.1211
0.0651
0.1289
0.1181
0.0664
0.128
0.1172
0.0672
0.1281
0.1164
0.0664
0.1338
0.1192
0.0671
0.1323
0.1185
0.0716
0.135
0.1206
0.0757
0.1387
0.1229
0.0671
0.13
0.1164
0.0672
0.1289
0.1178
0.0665
0.1289
0.1162
0.0617
0.1532
0.1198
0.0642
0.1242
0.1408
0.0753
0.1464
0.1169
0.0674
0.1288
0.1165
0.0668
0.1178
0.1091
0.0634
0.1244
0.1137
0.0624
0.1232
0.1143
0.0634
0.1249
0.1138
0.062
0.1229
0.1146
0.0639
0.1229
0.1133
0.0631
0.1228
0.1133
0.0643
0.1293
0.1165
0.0645
0.1277
0.1144
0.0654
0.1267
0.1156
0.063
0.1306
0.1181
0.068
0.1291
0.1173
0.0698
0.1329
0.1184
0.0636
0.1267
0.1162
0.0664
0.1288
0.1165
0.0628
0.1255
0.1147
0.0626
0.1254
0.1152
0.0632
0.1252
0.1149
0.0636
0.166
0.1235
0.0707
0.1437
0.1166
0.0806
0.1436
0.1225
0.0687
0.1262
0.1139
0.0666
0.1279
0.1152
0.0654
0.1252
0.1148
0.0872
0.1548
0.1165
0.0788
0.1324
0.119
0.0835
0.1394
0.117
0.1118
0.2217
0.1911
0.0672
0.128
0.1153
0.0822
0.1651
0.1791
0.0689
0.1297
0.1161
0.0655
0.1278
0.1188
0.0711
0.1307
0.1181
0.0947
0.1472
0.1154
0.0872
0.1559
0.1242
0.0719
0.1307
0.117
0.0814
0.1471
0.1193
0.0674
0.1278
0.1169
0.0663
0.1618
0.1263
0.0652
0.1277
0.1162
0.0897
0.1955
0.1884
0.0662
0.1284
0.1172
0.0646
0.1248
0.1184
0.0943
0.1821
0.1627
0.0771
0.1334
0.1291
0.0989
0.2072
0.1953
0.0878
0.1971
0.1865
0.0764
0.1462
0.1162
0.0661
0.1226
0.1141
0.0909
0.1553
0.1205
0.0955
0.1952
0.179
0.0696
0.1249
0.1155
0.0678
0.125
0.1154
0.0626
0.1235
0.1149
0.0699
0.1262
0.1157
0.0925
0.1385
0.1216
0.0996
0.1931
0.1845
0.1124
0.1578
0.1576
0.1015
0.1973
0.188
0.0811
0.1333
0.1223
0.1014
0.201
0.1626
0.0691
0.1296
0.1165
0.0926
0.1503
0.1194
0.0924
0.1922
0.1856
0.0839
0.1354
0.1293
0.0987
0.1953
0.1925
0.0856
0.1741
0.1682
0.1039
0.2025
0.1938
0.0697
0.1302
0.1162
0.0824
0.1363
0.1218
0.0768
0.1327
0.1185
0.0748
0.1293
0.1158
0.0957
0.2018
0.1892
0.1272
0.1495
0.1212
0.1329
0.2229
0.1878
0.085
0.1425
0.1196
0.0872
0.1427
0.1203
0.0948
0.1997
0.185
0.0938
0.1971
0.1837
0.0877
0.1784
0.1651
0.0909
0.1984
0.1848
0.0844
0.1399
0.1186
0.0691
0.13
0.1188
0.0688
0.127
0.1182
0.0649
0.1257
0.1195
0.0663
0.1271
0.1192
0.0676
0.1273
0.1164
0.0659
0.1244
0.1163
0.0671
0.128
0.1172
0.0665
0.1244
0.1184
0.0649
0.1258
0.116
0.0648
0.1264
0.1161
0.0644
0.1289
0.1174
0.1635
0.1565
0.1199
0.0682
0.142
0.1175
0.0662
0.1288
0.1186
0.0832
0.1316
0.1214
0.0814
0.1366
0.1185
0.094
0.1415
0.1183
0.0703
0.1175
0.1079
0.0626
0.1252
0.1147
0.0786
0.1327
0.1174
0.0664
0.1229
0.1142
0.0642
0.1276
0.1166
0.0819
0.1351
0.1183
0.0675
0.1259
0.1163
0.0661
0.126
0.1167
0.0667
0.1264
0.116
0.0653
0.1254
0.1154
0.0643
0.1253
0.1158
0.0641
0.1256
0.1161
0.0648
0.1266
0.1165
0.0645
0.1278
0.1173
0.0836
0.169
0.1243
0.0777
0.129
0.116
0.0698
0.1269
0.1166
0.0866
0.1916
0.1777
0.0683
0.1265
0.1167
0.0641
0.125
0.1146
0.0641
0.1232
0.114
0.0653
0.1214
0.1179
0.0642
0.125
0.1161
0.0646
0.1261
0.1152
0.0656
0.1242
0.119
0.0659
0.1274
0.1156
0.0684
0.1337
0.1196
0.0679
0.1267
0.116
0.0669
0.127
0.1181
0.0674
0.1268
0.1175
0.0671
0.1269
0.122
0.0658
0.1291
0.1193
0.0693
0.1278
0.1168
0.066
0.1171
0.1084
0.0616
0.1256
0.1193
0.0636
0.1412
0.1147
0.0626
0.1218
0.1135
0.0616
0.1232
0.1154
0.0654
0.1258
0.1178
0.0657
0.1268
0.1196
0.0802
0.1369
0.1212

-------------------------------------
CodechalDecodeHevcG12::SetFrameStates
-------------------------------------
5.3401
1.6292
0.816
3.4323
0.0898
0.06
0.0755
0.0724
0.0104
0.0104
0.0086
0.0088
0.0084
0.0092
0.0083
0.0084
0.2501
0.1734
0.0101
0.01
0.0088
0.0075
0.0077
0.0076
0.0074
0.007
0.0074
0.0074
0.009
0.008
0.0081
0.0082
0.0082
0.0078
0.0079
0.0078
0.0081
0.0072
0.0067
0.0068
0.0068
0.0077
0.0076
0.0068
0.0066
0.0068
0.007
0.0069
0.0071
0.0074
0.0074
0.0078
0.0075
0.0082
0.0079
0.0077
0.0077
0.0081
0.0079
0.0076
0.0074
0.0071
0.0072
0.0136
0.0112
0.0117
0.0093
0.0074
0.0094
0.0079
0.0074
0.0073
0.0072
0.0071
0.0073
0.0128
0.0112
0.01
0.0079
0.0072
0.0069
0.0071
0.0068
0.0067
0.0068
0.0066
0.0068
0.0069
0.0067
0.0068
0.0068
0.0073
0.0117
0.0093
0.0189
0.0094
0.0079
0.1957
0.0072
0.0074
0.0072
0.0069
0.0072
0.0069
0.0071
0.0072
0.1806
0.01
0.008
0.1831
0.0114
0.0122
0.1933
0.0116
0.0122
0.1368
0.0095
0.0076
0.1301
0.0103
0.0086
0.0078
0.0071
0.0069
0.0075
0.0071
0.0071
0.0076
0.0076
0.007
0.1846
0.0101
0.008
0.0075
0.007
0.007
0.0101
0.0067
0.0068
0.0071
0.0067
0.0084
0.007
0.0074
0.0067
0.0066
0.0066
0.0068
0.0069
0.0067
0.0072
0.007
0.0073
0.007
0.007
0.0071
0.0069
0.0069
0.0068
0.0068
0.0069
0.007
0.0075
0.2774
0.01
0.0082
0.0092
0.0079
0.0075
0.0075
0.0072
0.0071
0.007
0.0078
0.0097
0.0084
0.0077
0.0072
0.0075
0.0071
0.007
0.0072
0.007
0.007
0.0071
0.0071
0.007
0.0071
0.0068
0.0069
0.0069
0.0069
0.0071
0.0072
0.0068
0.0069
0.0076
0.0069
0.0069
0.007
0.0069
0.0103
0.0083
0.0082
0.0101
0.0085
0.0071
0.0071
0.0068
0.007
0.0069
0.0099
0.0067
0.0067
0.0068
0.0067
0.0068
0.0068
0.0068
0.0068
0.0073
0.0092
0.0103
0.0084
0.0075
0.0067
0.0069
0.0066
0.0071
0.0072
0.0068
0.0073
0.0071
0.0071
0.0068
0.0066
0.0065
0.0067
0.0067
0.0065
0.0067
0.0068
0.0069
0.0072
0.0072
0.0069
0.0068
0.0069
0.0069
0.0071
0.0075
0.0106
0.0089
0.0126
0.0088
0.0076
0.0072
0.007
0.0072
0.0074
0.0067
0.007
0.0073
0.007
0.0082
0.0075
0.0071
0.0122
0.0087
0.007
0.0068
0.0074
0.0066
0.0068
0.0068
0.0076
0.0068
0.0068
0.0069
0.0067
0.0069
0.0067
0.0067
0.0068
0.0067
0.0065
0.0068
0.0067
0.0068
0.0066
0.0071
0.0066
0.0072
0.0067
0.0069
0.0073
0.0068
0.0071
0.0071
0.0071
0.007
0.0065
0.007
0.0102
0.0084
0.0102
0.0079
0.0074
0.0068
0.0068
0.0069
0.0068
0.0069
0.0069
0.0066
0.0067
0.0085
0.0072
0.0069
0.0068
0.0068
0.007
0.013
0.0087
0.0074
0.007
0.0071
0.008
0.0074
0.0072
0.0074
0.0068
0.0069
0.0068
0.0094
0.0071
0.0067
0.0068
0.007
0.0069
0.0068
0.007
0.0068
0.0068
0.0068
0.0068
0.007
0.0068
0.0069
0.0068
0.0068
0.0066
0.0068
0.0067
0.0071
0.007
0.0068
0.0093
0.007
0.0067
0.0073
0.0072
0.007
0.007
0.0068
0.0066
0.0076
0.0069
0.0073
0.0066
0.0069
0.0067
0.0068
0.0119
0.0073
0.0069
0.0072
0.0068
0.0068
0.0068
0.0075
0.0071
0.007
0.0068
0.0068
0.007
0.0069
0.0066
0.007
0.0068
0.0066
0.0125
0.009
0.0084
0.0079
0.0075
0.0077
0.0087
0.0067
0.0069
0.007
0.0068
0.0067
0.007
0.0069
0.0072
0.0072
0.0067
0.0069
0.0072
0.0069
0.0069
0.007
0.0067
0.0067
0.0076
0.0072
0.0074
0.0071
0.007
0.0072
0.007
0.0072
0.007
0.0071
0.0071
0.008
0.0081
0.0085
0.0069
0.0069
0.0069
0.007
0.0072
0.0071
0.0075
0.0076
0.0077
0.0145
0.0104
0.0091
0.0078
0.0115
0.0086
0.0083
0.0083
0.0072
0.0074
0.0074
0.0075
0.0077
0.0078
0.0079
0.0073
0.0073
0.0073
0.0069
0.0069
0.0092
0.0073
0.0075
0.0068
0.0068
0.0071
0.0068
0.0067
0.0069
0.0067
0.0067
0.0071
0.0072
0.0075
0.0076
0.0071
0.0098
0.0068
0.0065
0.0068
0.0067
0.0072
0.0114
0.0089
0.0079
0.0073
0.0099
0.0099
0.0108
0.0152
0.0089
0.0102
0.0074
0.0076
0.0079
0.0119
0.011
0.0076
0.0096
0.0078
0.0074
0.0074
0.01
0.0075
0.0072
0.011
0.0101
0.0124
0.0084
0.0094
0.0078
0.0122
0.0124
0.009
0.0078
0.007
0.0073
0.0106
0.012
0.0092
0.0123
0.0097
0.0128
0.0089
0.011
0.0106
0.0107
0.0122
0.0122
0.0126
0.0089
0.01
0.0091
0.009
0.0111
0.0141
0.0165
0.0115
0.0111
0.0121
0.0107
0.0105
0.0106
0.0112
0.0085
0.0076
0.0073
0.0069
0.0071
0.007
0.007
0.0074
0.007
0.0069
0.0071
0.0102
0.0074
0.0073
0.0103
0.0112
0.0122
0.0089
0.0073
0.0105
0.0083
0.0075
0.0102
0.0084
0.0075
0.0073
0.0073
0.0074
0.0069
0.007
0.0069
0.0105
0.0103
0.0079
0.0101
0.008
0.0072
0.0069
0.0079
0.007
0.0071
0.0071
0.0073
0.0075
0.0072
0.0072
0.0071
0.0075
0.0073
0.0075
0.0072
0.0068
0.007
0.007
0.0067
0.0071
0.0072
0.01

--------------------------
CreateVideoDecoder_D3D11_1
--------------------------
15.4193

---------------------------
DestroyVideoDecoder_D3D11_1
---------------------------
0

----------------
First Frame Time
----------------
60.5856

--------------------------------------
VideoDecoderBeginFrame_WDDM2_4_D3D11_1
--------------------------------------
0.0075
0.0033
0.0031
0.0035
0.0036
0.002
0.003
0.0025
0.0031
0.0027
0.002
0.0019
0.002
0.0028
0.0021
0.0019
0.0035
0.0026
0.0025
0.0033
0.0018
0.002
0.0028
0.0018
0.0019
0.0017
0.0018
0.0018
0.0028
0.0018
0.0018
0.0017
0.0019
0.0017
0.0016
0.0018
0.0017
0.0016
0.0016
0.0017
0.0016
0.002
0.0023
0.0016
0.0015
0.0016
0.0017
0.0017
0.0017
0.0016
0.0018
0.0017
0.0017
0.0019
0.0018
0.0018
0.0017
0.0018
0.0016
0.0017
0.002
0.0017
0.0017
0.0045
0.0028
0.0032
0.0024
0.0021
0.0025
0.0021
0.0019
0.0016
0.0018
0.0017
0.002
0.0034
0.0029
0.0024
0.0019
0.0017
0.0017
0.0018
0.0017
0.0017
0.0025
0.0015
0.0015
0.0015
0.0015
0.0016
0.0017
0.002
0.0039
0.0022
0.0061
0.0023
0.0022
0.0019
0.0017
0.0022
0.0018
0.0017
0.0018
0.0017
0.0016
0.0017
0.0018
0.0023
0.0018
0.0019
0.0026
0.003
0.0026
0.0038
0.0029
0.0023
0.0022
0.002
0.0018
0.0024
0.0021
0.0018
0.0018
0.0017
0.0016
0.0017
0.0017
0.0018
0.0018
0.0022
0.002
0.0024
0.0022
0.0018
0.0019
0.0018
0.0027
0.0019
0.0018
0.0017
0.0016
0.0048
0.0018
0.0016
0.0017
0.0016
0.0017
0.0016
0.0015
0.0016
0.0016
0.0024
0.0017
0.0018
0.0017
0.0016
0.0018
0.0016
0.0016
0.0016
0.0016
0.0016
0.0018
0.002
0.0024
0.002
0.0025
0.0019
0.0018
0.0017
0.0018
0.0018
0.0017
0.0021
0.0024
0.0019
0.002
0.0019
0.0018
0.0017
0.0018
0.0016
0.0017
0.0017
0.0017
0.0019
0.0016
0.0018
0.0015
0.0016
0.0017
0.002
0.0017
0.0018
0.0016
0.0018
0.0018
0.0017
0.0018
0.0018
0.0016
0.0027
0.0019
0.0018
0.0026
0.0021
0.0017
0.0018
0.0016
0.0028
0.0017
0.0041
0.0016
0.0015
0.0016
0.0015
0.0016
0.0017
0.0016
0.0016
0.0017
0.0016
0.0027
0.002
0.0021
0.0017
0.0019
0.0016
0.0018
0.0018
0.0041
0.0019
0.0018
0.0016
0.0016
0.0015
0.0015
0.0017
0.0017
0.0016
0.0016
0.0016
0.0016
0.0017
0.0017
0.0017
0.0017
0.0019
0.0015
0.0017
0.0022
0.0032
0.0021
0.0035
0.0021
0.002
0.0017
0.0016
0.0018
0.0017
0.0016
0.0018
0.0019
0.0019
0.0021
0.0022
0.0017
0.003
0.002
0.0018
0.0018
0.0019
0.0016
0.0016
0.0017
0.0022
0.0017
0.0016
0.0021
0.0015
0.0019
0.0015
0.0016
0.0016
0.0019
0.0015
0.0018
0.0016
0.0017
0.0015
0.0019
0.0015
0.0018
0.0017
0.0018
0.0015
0.0018
0.0018
0.0018
0.0018
0.0019
0.0016
0.0015
0.0027
0.002
0.0023
0.002
0.0018
0.0016
0.0017
0.0017
0.0015
0.0016
0.0016
0.0016
0.0016
0.0035
0.0014
0.0016
0.0016
0.0015
0.0015
0.0032
0.0023
0.0021
0.0017
0.0016
0.002
0.002
0.0018
0.0017
0.0017
0.0016
0.0016
0.0017
0.0016
0.0015
0.0016
0.0015
0.0014
0.0016
0.0016
0.0016
0.0016
0.0015
0.0015
0.0016
0.0016
0.0016
0.0015
0.0016
0.0016
0.0016
0.0016
0.0019
0.0016
0.0017
0.0018
0.0016
0.0016
0.0024
0.0017
0.0015
0.0017
0.0015
0.0015
0.0017
0.0015
0.0017
0.0016
0.0016
0.0016
0.0015
0.0015
0.0016
0.0017
0.0016
0.0015
0.0015
0.0015
0.0019
0.0016
0.0014
0.0016
0.0016
0.0015
0.0016
0.0016
0.0017
0.0015
0.0018
0.0031
0.0022
0.0022
0.0019
0.0016
0.002
0.0025
0.0016
0.0017
0.0016
0.0019
0.0015
0.0016
0.0016
0.002
0.0015
0.0015
0.0016
0.0016
0.0016
0.0019
0.0017
0.0017
0.0016
0.002
0.0017
0.0021
0.0017
0.0019
0.0017
0.0021
0.0017
0.0016
0.0017
0.0017
0.0018
0.002
0.0021
0.0017
0.0016
0.0016
0.0017
0.0018
0.0015
0.002
0.0028
0.0018
0.0037
0.0024
0.0021
0.0018
0.0029
0.002
0.0021
0.0019
0.002
0.0018
0.0018
0.0016
0.0017
0.0018
0.0018
0.002
0.0016
0.0018
0.0017
0.0016
0.0024
0.0019
0.0017
0.0016
0.0016
0.0017
0.0016
0.0016
0.0018
0.0017
0.0018
0.0016
0.0016
0.0017
0.0018
0.0016
0.0082
0.0016
0.0016
0.0016
0.0017
0.0021
0.0028
0.0022
0.0021
0.0019
0.0025
0.0027
0.0027
0.004
0.0022
0.0023
0.002
0.0019
0.0019
0.0031
0.0028
0.002
0.0026
0.002
0.0018
0.0017
0.0024
0.0018
0.0019
0.0028
0.0027
0.003
0.002
0.0023
0.0021
0.0035
0.0033
0.0025
0.003
0.0018
0.0018
0.0028
0.0032
0.0021
0.003
0.0026
0.0031
0.0022
0.0026
0.0028
0.0031
0.003
0.0027
0.0032
0.0023
0.0027
0.0033
0.0024
0.003
0.0034
0.003
0.0031
0.0038
0.003
0.0026
0.0026
0.0026
0.0029
0.0019
0.002
0.0022
0.0016
0.0018
0.0017
0.0019
0.0017
0.0016
0.0017
0.0017
0.0026
0.0018
0.0021
0.0026
0.0035
0.0031
0.0021
0.0017
0.0027
0.0019
0.0017
0.0027
0.0022
0.0017
0.0019
0.0018
0.0017
0.0016
0.0018
0.0015
0.0026
0.0025
0.0023
0.0028
0.0023
0.0018
0.0018
0.0017
0.0016
0.0017
0.0017
0.0018
0.0018
0.0017
0.0018
0.0024
0.0018
0.0017
0.0023
0.002
0.0017
0.0018
0.0017
0.0017
0.0017
0.0017
0.0028

----------------------------
VideoDecoderEndFrame_D3D11_1
----------------------------
0.0571
0.0787
0.0813
0.1026
0.0774
0.0672
0.0712
0.0649
0.063
0.0594
0.0565
0.0591
0.0599
0.0638
0.0661
0.0639
0.0634
0.0602
0.0576
0.056
0.0558
0.0552
0.0549
0.0555
0.0529
0.0553
0.0562
0.0571
0.06
0.0577
0.0577
0.0595
0.0561
0.0544
0.0555
0.0568
0.0566
0.0532
0.0523
0.0521
0.0527
0.0528
0.0546
0.0538
0.0523
0.0552
0.0532
0.0528
0.0557
0.0555
0.0582
0.0562
0.0588
0.0552
0.0547
0.0543
0.0574
0.0559
0.0565
0.0709
0.0535
0.0657
0.0678
0.0808
0.0568
0.0581
0.0539
0.0531
0.0576
0.0535
0.0549
0.0533
0.0689
0.0623
0.0535
0.076
0.0552
0.054
0.0524
0.0519
0.0513
0.0529
0.0524
0.0543
0.0518
0.051
0.0532
0.0522
0.0525
0.051
0.0524
0.055
0.0605
0.0556
0.063
0.0555
0.0534
0.0508
0.0519
0.0777
0.0539
0.0536
0.0527
0.0534
0.052
0.0542
0.0579
0.0529
0.0549
0.0583
0.0566
0.0559
0.0547
0.0563
0.0583
0.0504
0.0559
0.0772
0.0588
0.0545
0.0546
0.0525
0.0536
0.0524
0.0529
0.053
0.0532
0.0544
0.0569
0.0533
0.0598
0.0548
0.053
0.0527
0.0513
0.053
0.0548
0.0543
0.0539
0.054
0.0529
0.0546
0.0538
0.0513
0.0539
0.0547
0.0531
0.0541
0.0529
0.0529
0.0533
0.0551
0.0539
0.0524
0.0526
0.0522
0.0532
0.0527
0.0537
0.0541
0.0534
0.0548
0.0568
0.0581
0.0557
0.0783
0.0547
0.0528
0.0529
0.0533
0.0537
0.0524
0.0538
0.0541
0.0558
0.0526
0.0534
0.0521
0.0537
0.0506
0.0528
0.0517
0.0503
0.0513
0.0513
0.0524
0.0524
0.0518
0.052
0.0516
0.0512
0.0509
0.056
0.0548
0.0542
0.0528
0.0519
0.0517
0.0509
0.0505
0.0525
0.0571
0.0547
0.0529
0.0612
0.0547
0.0524
0.0502
0.0543
0.0532
0.0534
0.0572
0.0535
0.0523
0.0532
0.0525
0.0546
0.0529
0.0527
0.055
0.0525
0.0516
0.0575
0.0543
0.0528
0.0538
0.0534
0.0525
0.0524
0.0516
0.0538
0.0561
0.0547
0.0531
0.0532
0.053
0.0527
0.0522
0.0517
0.0558
0.0545
0.054
0.0533
0.0537
0.0552
0.0529
0.0532
0.0547
0.0542
0.0566
0.056
0.0579
0.054
0.0572
0.0525
0.0528
0.0525
0.0527
0.0551
0.0526
0.0531
0.0519
0.0544
0.0529
0.0539
0.0525
0.0516
0.057
0.0541
0.0529
0.055
0.0529
0.0523
0.0538
0.0519
0.0534
0.0509
0.0502
0.0513
0.0537
0.054
0.0525
0.0509
0.0499
0.051
0.0513
0.0504
0.0516
0.051
0.0502
0.0509
0.0509
0.0496
0.0507
0.0501
0.0506
0.0518
0.0502
0.0508
0.0546
0.0506
0.0501
0.0521
0.0547
0.059
0.079
0.1003
0.0514
0.0519
0.0507
0.0508
0.0507
0.0507
0.0499
0.0511
0.0506
0.0536
0.0508
0.0504
0.0501
0.0513
0.0506
0.0598
0.052
0.0524
0.0518
0.0526
0.05
0.0508
0.0509
0.0504
0.0499
0.0506
0.0517
0.0515
0.0506
0.0511
0.0499
0.0516
0.0497
0.0516
0.0525
0.0504
0.0508
0.0496
0.0516
0.0507
0.0511
0.0497
0.0503
0.0516
0.0503
0.0517
0.051
0.0538
0.0505
0.0505
0.0503
0.0512
0.0501
0.0496
0.0508
0.0507
0.0504
0.0513
0.0516
0.0509
0.0525
0.051
0.0515
0.051
0.0505
0.0512
0.0511
0.052
0.0509
0.0508
0.0507
0.0505
0.051
0.0534
0.0569
0.0532
0.0504
0.0508
0.0522
0.0514
0.0502
0.052
0.0521
0.0502
0.0593
0.0513
0.0512
0.053
0.052
0.054
0.0518
0.052
0.0498
0.0516
0.0499
0.0526
0.053
0.0545
0.0506
0.0494
0.0532
0.0519
0.0532
0.0533
0.054
0.054
0.0543
0.066
0.0547
0.0539
0.0548
0.0531
0.0543
0.0536
0.0539
0.0535
0.0541
0.0527
0.0548
0.0536
0.0546
0.0522
0.0523
0.0545
0.0529
0.0536
0.0558
0.0546
0.055
0.0555
0.0562
0.0609
0.0571
0.0563
0.0547
0.059
0.0533
0.054
0.0564
0.0531
0.0537
0.0527
0.0536
0.0538
0.055
0.058
0.0536
0.0539
0.0547
0.0521
0.0561
0.0529
0.0707
0.0541
0.0516
0.0528
0.0531
0.0535
0.0529
0.0555
0.0526
0.052
0.0535
0.0547
0.0567
0.0578
0.0541
0.0577
0.0523
0.053
0.056
0.0533
0.0546
0.0598
0.0597
0.0536
0.0567
0.0559
0.0559
0.0586
0.0715
0.0526
0.0752
0.0532
0.0554
0.0553
0.06
0.0603
0.0545
0.0563
0.0511
0.052
0.0508
0.0796
0.0519
0.06
0.0754
0.07
0.0978
0.0766
0.0555
0.0545
0.0591
0.0798
0.0554
0.0573
0.0518
0.0673
0.0647
0.0773
0.0681
0.0825
0.0587
0.0755
0.052
0.0568
0.0767
0.0827
0.084
0.0626
0.086
0.0527
0.0599
0.0558
0.0566
0.0852
0.0589
0.0817
0.0576
0.0539
0.0732
0.079
0.0789
0.0748
0.0571
0.0519
0.0519
0.0534
0.0526
0.0516
0.0519
0.0565
0.0527
0.0537
0.0522
0.0527
0.0538
0.0586
0.0553
0.0597
0.0534
0.0531
0.0538
0.0555
0.0579
0.0614
0.0502
0.0558
0.0509
0.052
0.0522
0.0515
0.0519
0.0516
0.0525
0.0516
0.0583
0.0518
0.0613
0.0631
0.0586
0.0554
0.0538
0.0529
0.0543
0.0531
0.0559
0.0542
0.0539
0.0537
0.0527
0.0527
0.0538
0.0543
0.0535
0.0523
0.0518
0.0528
0.0535
0.0527
0.0556
0.0567
0.0588

---------------------------------
VideoDecoderSubmitBuffers_D3D11_1
---------------------------------
10.3052
2.8548
9.241
11.4476
0.7745
0.7864
0.9668
0.7266
4.6435
0.6616
0.6315
0.6504
0.6696
0.6728
0.7041
0.7404
2.7992
2.5844
0.5661
0.5454
0.5789
0.5251
0.5543
0.5213
0.421
0.4208
0.4295
0.4333
0.4568
0.4689
0.4661
0.4512
0.4779
0.449
0.4505
0.452
0.4627
0.4247
0.4136
0.4151
0.4098
0.4234
0.408
0.4059
0.4111
0.4121
0.4159
0.4279
0.4414
0.439
0.441
0.4393
0.4376
0.4581
0.4467
0.4468
0.4491
0.4585
0.4452
0.4452
0.4718
0.4364
0.4286
0.6676
0.5117
0.4947
0.4414
0.4189
0.4455
0.4192
0.4212
0.4185
0.419
0.458
0.4265
0.645
0.5651
0.4351
0.415
0.412
0.4139
0.4237
0.413
0.4109
0.4205
0.4085
0.411
0.417
0.4127
0.4111
0.4183
0.4357
0.5643
0.4415
0.739
0.4328
0.4197
1.5098
0.4283
0.4244
0.4223
0.4243
0.4226
0.4213
0.4258
0.4353
1.7444
0.4453
0.4332
1.7607
0.5898
0.5058
1.7226
0.4844
0.5039
1.1359
0.4277
0.4194
1.2285
0.4393
0.4831
0.4138
0.4113
0.4088
0.4167
0.4354
0.436
0.4392
0.457
0.4182
1.808
0.4328
0.424
0.4156
0.4044
0.4311
0.4461
0.414
0.4131
0.4184
0.412
0.4287
0.4265
0.4137
0.4078
0.4129
0.4079
0.4101
0.4149
0.4129
0.4281
0.4171
0.4239
0.415
0.4071
0.4346
0.4111
0.406
0.412
0.4101
0.4214
0.4222
0.4369
1.8642
0.4609
0.429
0.4464
0.4214
0.4149
0.4267
0.42
0.4135
0.4136
0.4357
0.4469
0.4213
0.415
0.4094
0.4099
0.4042
0.4095
0.4118
0.4096
0.4129
0.4095
0.409
0.4101
0.4131
0.4063
0.409
0.4082
0.4142
0.4114
0.4091
0.4056
0.4104
0.4054
0.405
0.4076
0.4051
0.4034
0.4647
0.4285
0.4172
0.4696
0.4241
0.4105
0.4158
0.4108
0.4183
0.4697
0.4202
0.4113
0.4076
0.4078
0.4109
0.4081
0.4112
0.4164
0.4138
0.4258
0.4124
0.4718
0.4212
0.4195
0.4018
0.4021
0.398
0.4058
0.397
0.4056
0.4171
0.4161
0.4075
0.4095
0.4082
0.402
0.4101
0.4058
0.4065
0.4106
0.4172
0.4187
0.4257
0.4401
0.4175
0.4222
0.4188
0.4174
0.4246
0.446
0.4672
0.4304
0.5129
0.4205
0.4128
0.4082
0.4068
0.4167
0.4195
0.4099
0.4146
0.4057
0.4177
0.4255
0.4223
0.4167
0.5098
0.426
0.4095
0.4077
0.4238
0.4078
0.4068
0.4109
0.4247
0.3988
0.4048
0.4102
0.4034
0.4066
0.4075
0.41
0.5853
0.7851
0.7943
0.7381
0.8142
0.7682
0.756
0.7741
0.7827
0.7324
0.8104
0.6169
0.4226
0.7905
0.5423
0.5655
0.4119
0.4159
0.3998
0.6556
0.5103
2.12
0.453
0.4253
0.4152
0.7299
0.798
0.7257
0.8276
0.7508
0.7818
0.7731
0.8302
0.7021
0.8118
0.7852
0.4101
0.5225
0.7882
0.5298
0.4257
0.4163
0.4132
0.4085
0.4381
0.3992
0.4166
0.4115
0.4069
0.7379
0.822
0.7639
0.4116
0.5424
0.745
0.8347
0.8028
0.4095
0.544
0.7502
0.7984
0.7765
0.8075
0.7796
0.4099
0.5051
0.7404
0.8296
0.7699
0.4101
0.5197
0.4174
0.41
0.4013
0.612
0.7238
0.8305
0.6037
0.4055
0.6961
0.4172
0.413
0.5634
0.7483
0.7667
0.4261
0.4942
0.7761
0.8117
0.773
0.8
0.8133
0.4197
0.4902
0.7548
0.8222
0.7622
0.4627
0.4181
0.4153
0.5056
0.8023
0.7391
0.4052
0.4153
0.4121
0.4065
0.4117
0.5214
0.5233
0.4207
0.4068
0.4185
0.4258
0.4568
0.4147
0.4136
0.4082
0.4168
0.4098
0.4136
0.4132
0.4263
0.4114
0.407
0.4095
0.418
0.4026
0.4079
0.4133
0.4134
0.6106
0.437
0.4104
0.4167
0.415
0.4111
0.4225
0.4419
0.4145
0.4128
0.415
0.4211
0.4408
0.4309
0.4383
0.4061
0.4143
0.4087
0.417
0.4173
0.4217
0.4493
0.4457
0.4523
0.5777
0.4771
0.476
0.4349
0.5124
0.4379
0.4384
0.4552
0.4236
0.4228
0.4237
0.4315
0.4322
0.4451
0.4552
0.4245
0.4237
0.4212
0.4412
0.4355
0.4694
0.4312
0.4108
0.4076
0.4083
0.4152
0.4058
0.4081
0.4104
0.4203
0.4159
0.4204
0.4225
0.4321
0.4414
0.4171
0.4443
0.4128
0.4102
0.4111
0.4634
0.4461
0.4907
0.4257
0.4302
0.4182
0.4891
0.4641
0.4802
0.7254
0.4234
0.5783
0.4326
0.4257
0.4448
0.5195
0.5206
0.4398
0.4848
0.4265
0.4693
0.4203
0.6363
0.4232
0.4149
0.597
0.469
0.6752
0.6245
0.4619
0.416
0.5166
0.6452
0.4277
0.4228
0.4064
0.4274
0.4909
0.6489
0.5564
0.6634
0.4688
0.6334
0.4314
0.5017
0.6343
0.4891
0.6645
0.5825
0.6829
0.4339
0.4763
0.4561
0.4445
0.6618
0.5543
0.7659
0.4915
0.4921
0.6429
0.6369
0.577
0.6331
0.4852
0.4342
0.4278
0.4201
0.4225
0.423
0.4166
0.4246
0.4177
0.4147
0.4168
0.4215
0.5796
0.4376
0.4328
0.4755
0.4776
0.5041
0.4203
0.4114
0.4688
0.4192
0.4175
0.4767
0.4309
0.4231
0.4233
0.4218
0.4172
0.4167
0.4166
0.4161
0.5853
0.4512
0.4318
0.6125
0.4294
0.4124
0.4088
0.4168
0.4141
0.4154
0.4209
0.4201
0.4392
0.4244
0.4251
0.424
0.4322
0.4283
0.4331
0.4072
0.4125
0.4272
0.4094
0.4072
0.4183
0.4266
0.4709

