---------------------------------------------
CalcPrivateVideoDecoderOutputViewSize_D3D11_1
---------------------------------------------
0.0022
0.0014
0.0012
0.0014
0.0022
0.0013
0.0019
0.0008
0.0008
0.0014
0.0009
0.0014
0.0007
0.0015
0.0009
0.0006
0.0006
0.0006
0.0006
0.0016
0.0007
0.0006
0.0006
0.0007
0.0005
0.0006
0.0019
0.0011
0.0025
0.0013
0.0015
0.0009
0.0009
0.0007
0.0007
0.0007
0.0007
0.0009
0.0006
0.0007
0.0007
0.0007
0.0017
0.0007
0.0006
0.0006
0.0007
0.0006
0.0005
0.0007
0.0008
0.0007
0.0006
0.0007
0.0006
0.0006
0.0005
0.0007
0.0007
0.0007
0.0009
0.0007
0.0006
0.0016
0.0007
0.0007
0.0006
0.0006
0.0006
0.0006
0.0006
0.0007
0.0007
0.0006
0.0007
0.0007
0.0006
0.0006
0.0006
0.0006
0.0007
0.0007
0.0006
0.0011
0.0011
0.0008
0.0018
0.0009
0.001
0.0007
0.001
0.0007
0.0006
0.0007
0.0019
0.0006
0.0016
0.0008
0.0008
0.0007
0.0007
0.0007
0.0009
0.0006
0.0006
0.0007
0.0007
0.0007
0.0006
0.0006
0.0007
0.0007
0.0006
0.0006
0.0006
0.0013
0.0006
0.0006
0.0007
0.0007
0.0006
0.0007
0.0009
0.0008
0.0007
0.0007
0.0018
0.0008
0.0007
0.0006
0.0007
0.0006
0.0006
0.0009
0.0008
0.0006
0.0007
0.0007
0.0007
0.0006
0.0006
0.0036
0.0007
0.0007
0.0006
0.0006
0.0006
0.0006
0.0006
0.0007
0.0006
0.0013
0.0008
0.0006
0.0006
0.0008
0.0006
0.0009
0.0019
0.0011
0.001
0.001
0.0006
0.0005
0.0015
0.0009
0.0007
0.0011
0.0009
0.0007
0.0015
0.0009
0.0009
0.0009
0.0007
0.0007
0.0007
0.0012
0.0015
0.0011
0.0009
0.0008
0.0009
0.0006
0.0007
0.0006
0.001
0.0008
0.001
0.0007
0.0011
0.0009
0.0007
0.0008
0.0012
0.0007
0.0008
0.0006
0.0007
0.0018
0.0012
0.0018
0.0013
0.0009
0.0007
0.0008
0.001
0.0013
0.0013
0.0014
0.001
0.0104
0.0016
0.0011
0.0009
0.0008
0.0007
0.001
0.0006
0.0006
0.0008
0.001
0.0006
0.0007
0.0008
0.0007
0.0007
0.0007
0.0007
0.0006
0.0009
0.0008
0.0008
0.0008
0.0007
0.001
0.0015
0.0014
0.0009
0.0015
0.0011
0.0008
0.0008
0.0016
0.0007
0.0006
0.0008
0.001
0.0007
0.0009
0.0016
0.001
0.0009
0.0006
0.0008
0.0007
0.0006
0.0015
0.0017
0.0014
0.0009
0.0007
0.0007
0.002
0.0009
0.0007
0.0008
0.0013
0.0009
0.001
0.0007
0.0007
0.0007
0.0009
0.0006
0.0007
0.0006
0.0006
0.0005
0.0005
0.0007
0.0006
0.0008
0.0005
0.0016
0.0006
0.0013
0.0006
0.0006
0.0006
0.0014
0.0009
0.0008
0.0008
0.0006
0.0019
0.0009
0.0008
0.0016
0.0008
0.0007
0.0009
0.0008
0.0007
0.0008
0.0006
0.0005
0.0007
0.0006
0.0005
0.0014
0.0019
0.0009
0.0007
0.0014
0.0013
0.0058
0.0016
0.0009
0.0007
0.0009
0.0007
0.0007
0.0006
0.0007
0.0006
0.0006
0.0006
0.0007
0.0006
0.0006
0.0007
0.0006
0.0005
0.0008
0.0006
0.0005
0.0005
0.0006
0.0008
0.0007
0.0006
0.0006
0.0015
0.0007
0.0006
0.0006
0.0006
0.0006
0.0007
0.0007
0.0005
0.0006
0.0006
0.0007
0.0006
0.0007
0.0005
0.0024
0.0009
0.0008
0.0007
0.0007
0.0006
0.0008
0.0005
0.0007
0.0006
0.0007
0.0005
0.0007
0.0007
0.0006
0.0011
0.001
0.0006
0.001
0.0007
0.0005
0.0005
0.0008
0.0006
0.0006
0.0006
0.0006
0.0005
0.0006
0.0006
0.0008
0.0007
0.0005
0.0006
0.0007
0.0006
0.0007
0.0009
0.0006
0.0006
0.0006
0.0005
0.0006
0.0006
0.0006
0.0006
0.0006
0.0008
0.0007
0.0006
0.0006
0.0005
0.0007
0.0006
0.0005
0.0005
0.001
0.0005
0.0007
0.0006
0.0006
0.0006
0.0005
0.0006
0.0005
0.0006
0.0006
0.0008
0.0007
0.0006
0.0006
0.0006
0.0009
0.0006
0.0006
0.0006
0.0006
0.003
0.0006
0.0006
0.0006
0.0006
0.0007
0.0006
0.0005
0.0006
0.0005
0.0006
0.0006
0.0006
0.0005
0.0006
0.0007
0.0006
0.0005
0.0006
0.0006
0.0008
0.0006
0.0006
0.0006
0.0006
0.0007
0.0006
0.0008
0.0006
0.0006
0.0009
0.0006
0.0006
0.0005
0.0005
0.0007
0.0006
0.0007
0.0006
0.015
0.0006
0.0006
0.0006
0.0006
0.0006
0.0005
0.0006
0.0006
0.0006
0.0006
0.0007
0.0006
0.0007
0.0007
0.0005
0.0006
0.0006
0.0005
0.0006
0.0006
0.0005
0.0006
0.0006
0.0005
0.0005
0.0007
0.0006
0.0006
0.0026
0.0009
0.001
0.0006
0.0006
0.0005
0.0007
0.0006
0.0006
0.0016
0.0013
0.0012
0.0011
0.0016
0.0011
0.001
0.0012
0.0008
0.0008
0.0005
0.0005
0.0007
0.0006
0.0006
0.0006
0.0006
0.0008
0.0009
0.0005
0.0006
0.0006
0.0006
0.0009
0.0016
0.0009
0.0008
0.0014
0.0007
0.0006
0.0027
0.0007
0.0009
0.0006
0.0009
0.0006
0.0007
0.0009
0.0007
0.0006
0.0005
0.001
0.0007
0.0005
0.0006
0.0006
0.0007
0.0005
0.0013
0.0008
0.0006
0.0024
0.0008
0.0007
0.001
0.0009
0.0006
0.0007
0.0006
0.0006
0.0006
0.0006
0.0006
0.0007
0.0008
0.0006
0.0005
0.0006
0.0007
0.001
0.0009
0.0007
0.0006
0.0006
0.0006
0.0006
0.0006
0.0005
0.0015
0.0008
0.0008
0.0008
0.0007
0.0015
0.0008
0.0014
0.0009
0.0017

-----------------------
CodechalDecode::Execute
-----------------------
1.05
0.9965
1.339
0.2729
2.7291
1.913
0.972
0.9955
0.1968
0.1717
0.1853
0.1805
0.1818
0.173
0.2204
0.853
0.1791
0.1812
0.1748
0.1744
0.1845
0.1788
0.1675
0.1813
0.1711
0.1724
0.3467
0.1926
0.2248
0.1905
0.2128
0.178
0.1791
0.1784
0.1821
0.1895
0.182
0.1806
0.1781
0.1678
0.1752
0.1787
0.1766
0.1682
0.1737
0.1705
0.1743
0.1741
0.1674
0.1633
0.1765
0.1742
0.1644
0.1671
0.1644
0.1618
0.1627
0.1625
0.1591
0.1802
0.1792
0.1692
0.1736
0.1772
0.1758
0.1735
0.1728
0.1746
0.1724
0.1632
0.1754
0.1809
0.1763
0.1657
0.1744
0.1769
0.1738
0.1733
0.1678
0.1631
0.1757
0.173
0.2388
0.2506
0.2188
0.185
0.2296
0.2716
0.1952
0.1774
0.1832
0.1719
0.1787
0.1796
0.1821
0.1824
0.2467
0.2024
0.1884
0.1776
0.1811
0.185
0.1804
0.1736
0.1805
0.1776
0.1786
0.1817
0.1754
0.1716
0.1803
0.1842
0.172
0.17
0.1687
0.1691
0.1692
0.168
0.1654
0.1751
0.1745
0.1713
0.1745
0.1752
0.1764
0.175
0.2546
0.1902
0.1813
0.171
0.1772
0.1802
0.1997
0.1781
0.1799
0.1778
0.1803
0.1796
0.1716
0.1649
0.1772
0.1817
0.1704
0.1663
0.1665
0.1667
0.1648
0.1664
0.1702
0.1764
0.175
0.1711
0.1832
0.1785
0.1758
0.1799
0.1728
0.1847
0.3243
0.1822
0.1845
0.1885
0.1788
0.1752
0.2475
0.1957
0.1822
0.217
0.201
0.1701
0.2274
0.1905
0.1906
0.1844
0.1832
0.1847
0.1913
0.2195
0.2234
0.1868
0.1864
0.1857
0.1822
0.1785
0.182
0.2053
0.208
0.2628
0.1865
0.1793
0.184
0.1992
0.2256
0.1757
0.1904
0.1858
0.1905
0.1886
0.1779
0.2349
0.1953
0.2742
0.2135
0.1933
0.1813
0.1855
0.262
0.2529
0.2383
0.2706
0.2661
0.2754
0.2671
0.1969
0.1848
0.1842
0.1873
0.1846
0.1806
0.1808
0.1925
0.1984
0.1901
0.1794
0.1844
0.1855
0.1847
0.1866
0.1812
0.2288
0.2106
0.1985
0.1887
0.1873
0.1942
0.2681
0.2366
0.3183
0.3045
0.2234
0.2128
0.2255
0.209
0.2442
0.2033
0.1802
0.2522
0.2184
0.188
0.1677
0.2203
0.2345
0.181
0.1731
0.1804
0.1755
0.181
0.2181
0.2226
0.2413
0.188
0.1814
0.1695
0.3133
0.1847
0.1706
0.1727
0.2168
0.1771
0.1869
0.1736
0.1699
0.1799
0.2069
0.1975
0.1895
0.1959
0.1998
0.2067
0.1893
0.2101
0.1879
0.1763
0.2117
0.2869
0.1834
0.2487
0.1821
0.1703
0.1677
0.2189
0.1885
0.1692
0.1718
0.1707
0.307
0.1959
0.1739
0.2193
0.1939
0.1819
0.1762
0.1746
0.1849
0.1774
0.1726
0.1713
0.1813
0.1715
0.1709
0.2135
0.2783
0.1898
0.1749
0.2192
0.2474
0.2057
0.2151
0.1843
0.1736
0.1831
0.1807
0.1682
0.1673
0.1678
0.1764
0.1661
0.1677
0.166
0.1777
0.1746
0.1751
0.1889
0.1921
0.1822
0.1784
0.1742
0.1746
0.1759
0.1788
0.1828
0.1806
0.1786
0.1679
0.1916
0.1773
0.1847
0.1855
0.1809
0.174
0.1978
0.1934
0.1893
0.1836
0.1835
0.1796
0.1796
0.1761
0.2899
0.2124
0.1956
0.1827
0.2095
0.2166
0.1817
0.1791
0.1759
0.1792
0.1748
0.1676
0.1864
0.1829
0.1835
0.188
0.1863
0.1759
0.1784
0.177
0.1698
0.1645
0.1782
0.1771
0.1708
0.167
0.1699
0.1721
0.1689
0.1718
0.1705
0.1842
0.1898
0.174
0.1869
0.1846
0.1849
0.1839
0.1781
0.1801
0.1763
0.1666
0.18
0.1902
0.1857
0.1808
0.1911
0.2048
0.1862
0.1831
0.1768
0.1718
0.1846
0.1883
0.1695
0.1704
0.1745
0.1693
0.169
0.1676
0.168
0.1837
0.1808
0.1783
0.1882
0.1924
0.1761
0.1822
0.1747
0.1788
0.1761
0.1714
0.1827
0.1894
0.1876
0.1759
0.193
0.2172
0.1838
0.1884
0.1754
0.1702
0.1835
0.1873
0.1711
0.1712
0.1675
0.1656
0.1661
0.1674
0.1666
0.1833
0.1823
0.1793
0.1905
0.1938
0.1776
0.1928
0.1745
0.1801
0.1753
0.1709
0.1812
0.1904
0.1882
0.1813
0.1919
0.2049
0.1863
0.1876
0.1792
0.1742
0.1897
0.1911
0.1729
0.1707
0.1897
0.1708
0.1683
0.1671
0.1678
0.1856
0.1844
0.1817
0.1913
0.1987
0.1783
0.1847
0.1768
0.1779
0.1757
0.1728
0.1802
0.1886
0.1939
0.1814
0.1933
0.2046
0.2178
0.1788
0.1692
0.1664
0.1776
0.1739
0.1726
0.2662
0.1842
0.2014
0.1736
0.1716
0.1718
0.1908
0.1885
0.1718
0.2905
0.274
0.2699
0.2863
0.2651
0.2571
0.2561
0.2481
0.1814
0.1817
0.172
0.1623
0.1769
0.17
0.1868
0.1814
0.1689
0.2458
0.18
0.1761
0.1675
0.1625
0.1629
0.2444
0.2258
0.1819
0.174
0.2741
0.1905
0.1735
0.1876
0.1914
0.1958
0.1978
0.1815
0.1733
0.1708
0.1692
0.1838
0.1812
0.1822
0.1728
0.1875
0.1842
0.1857
0.1945
0.1713
0.1629
0.1975
0.1823
0.1676
0.3314
0.1809
0.1749
0.1743
0.1728
0.1727
0.182
0.1753
0.1658
0.1746
0.1738
0.177
0.1823
0.1895
0.1836
0.1816
0.1706
0.1815
0.1865
0.1807
0.1791
0.1878
0.1908
0.1831
0.1827
0.1721
0.1635
0.2153
0.1869
0.1809
0.1679
0.1716
0.2169
0.174
0.2143
0.1779
0.2983

---------------------------------------
CodechalDecodeHevcG12::DecodeStateLevel
---------------------------------------
0.3264
0.1805
0.1394
0.1231
0.1224
0.1343
0.1078
0.096
0.0969
0.0919
0.0967
0.0948
0.0934
0.0924
0.1257
0.0983
0.0924
0.0954
0.0929
0.0966
0.0958
0.0941
0.0889
0.1009
0.0919
0.0907
0.1805
0.1003
0.1142
0.1022
0.1095
0.0953
0.0946
0.0934
0.0957
0.0976
0.0953
0.0956
0.0948
0.0927
0.0946
0.0983
0.0952
0.0925
0.0938
0.0917
0.0929
0.0928
0.091
0.0896
0.0932
0.0935
0.0901
0.0907
0.0896
0.0886
0.0896
0.0896
0.0875
0.096
0.0946
0.0911
0.0919
0.0939
0.095
0.0937
0.0921
0.0934
0.0926
0.0889
0.0941
0.0955
0.0936
0.0914
0.0938
0.0952
0.0933
0.0929
0.0921
0.0897
0.0936
0.093
0.1322
0.1334
0.1224
0.1041
0.1154
0.1438
0.0998
0.0936
0.0968
0.0927
0.0964
0.0949
0.0941
0.0948
0.1295
0.1121
0.1008
0.0984
0.0985
0.0995
0.0973
0.0968
0.0986
0.0973
0.0959
0.0993
0.0979
0.0963
0.0975
0.1004
0.095
0.0943
0.0943
0.0951
0.095
0.0938
0.0908
0.0957
0.0952
0.0957
0.0915
0.0919
0.0951
0.0945
0.1326
0.1011
0.0982
0.0956
0.0965
0.0975
0.1045
0.0971
0.0987
0.0961
0.098
0.0971
0.0953
0.0914
0.095
0.098
0.0952
0.0926
0.0919
0.0934
0.0907
0.0933
0.0949
0.0969
0.0961
0.0947
0.0957
0.0956
0.0942
0.0965
0.0924
0.097
0.1705
0.0974
0.0983
0.0991
0.0954
0.0935
0.129
0.1031
0.096
0.1176
0.1111
0.092
0.1161
0.1007
0.095
0.0931
0.0934
0.0928
0.0992
0.1146
0.1141
0.1007
0.099
0.098
0.0945
0.0945
0.0948
0.0937
0.1073
0.1478
0.0969
0.0962
0.0963
0.0983
0.1221
0.096
0.1007
0.0985
0.1054
0.1008
0.0956
0.1201
0.1018
0.1471
0.1071
0.1037
0.0958
0.0976
0.1463
0.1455
0.1316
0.1496
0.1479
0.1452
0.1489
0.1012
0.0953
0.0965
0.0962
0.0947
0.0929
0.0948
0.1016
0.1022
0.0989
0.0943
0.0953
0.0964
0.096
0.0948
0.0955
0.1275
0.103
0.0969
0.0936
0.0937
0.094
0.1455
0.1136
0.1656
0.1533
0.1137
0.1088
0.1242
0.1012
0.1318
0.1153
0.0967
0.1371
0.1229
0.1023
0.09
0.1124
0.1141
0.097
0.0936
0.0957
0.0924
0.0966
0.1162
0.1175
0.1253
0.1013
0.0963
0.0909
0.1667
0.0991
0.0934
0.0935
0.1102
0.0979
0.0997
0.0947
0.0926
0.0955
0.0981
0.1076
0.0987
0.1014
0.1028
0.1084
0.1019
0.1094
0.0983
0.0952
0.1165
0.1519
0.0975
0.1334
0.0963
0.0928
0.0892
0.1095
0.0995
0.0913
0.091
0.0914
0.1599
0.099
0.093
0.1127
0.1011
0.0976
0.0937
0.0943
0.0955
0.0937
0.0925
0.092
0.0953
0.0928
0.0903
0.1087
0.1499
0.101
0.0945
0.1135
0.1321
0.1016
0.1106
0.0978
0.0939
0.0963
0.0957
0.0905
0.0897
0.0909
0.09
0.0902
0.0911
0.0895
0.0953
0.0933
0.0933
0.0985
0.0999
0.0938
0.0927
0.0906
0.0921
0.0951
0.0957
0.0971
0.0938
0.0937
0.0889
0.094
0.0934
0.0968
0.0954
0.0972
0.0935
0.1029
0.1006
0.1021
0.0971
0.0986
0.0943
0.0974
0.0939
0.1488
0.1118
0.1043
0.0975
0.1085
0.1103
0.093
0.0926
0.0917
0.0954
0.0946
0.0897
0.0956
0.0958
0.1003
0.0963
0.097
0.0939
0.0951
0.0929
0.0913
0.0881
0.0931
0.0944
0.091
0.0893
0.0887
0.0892
0.0903
0.0906
0.0918
0.0969
0.1015
0.0934
0.0972
0.0971
0.0962
0.0944
0.093
0.0929
0.094
0.0889
0.0951
0.099
0.0974
0.0978
0.1006
0.1074
0.0965
0.0965
0.0949
0.0929
0.0964
0.0982
0.0915
0.0929
0.0939
0.0907
0.0917
0.0907
0.0903
0.0982
0.0971
0.0956
0.0983
0.0992
0.0933
0.094
0.0912
0.0931
0.0933
0.0903
0.0949
0.0979
0.0983
0.0933
0.1003
0.1057
0.0964
0.1019
0.0935
0.0915
0.097
0.0993
0.0926
0.0926
0.0892
0.0885
0.0896
0.0905
0.0896
0.0961
0.0983
0.0958
0.1018
0.1012
0.0941
0.0926
0.0912
0.0947
0.0923
0.0892
0.0953
0.0991
0.098
0.0969
0.1001
0.1073
0.0983
0.0981
0.0974
0.0931
0.0992
0.1005
0.0922
0.0898
0.0975
0.0912
0.0906
0.0886
0.0896
0.098
0.098
0.0986
0.1005
0.1042
0.0935
0.0959
0.0924
0.0929
0.0929
0.0938
0.0948
0.0969
0.0986
0.0965
0.1018
0.1069
0.1052
0.0947
0.0913
0.0896
0.0943
0.0935
0.0909
0.1391
0.0993
0.1084
0.094
0.0941
0.0932
0.1021
0.1004
0.0942
0.1574
0.1496
0.1441
0.1542
0.145
0.1406
0.1404
0.1388
0.0945
0.0953
0.092
0.0898
0.0973
0.0911
0.1018
0.0953
0.0915
0.1375
0.0954
0.0935
0.0907
0.089
0.0893
0.1356
0.1164
0.0979
0.0952
0.1489
0.1006
0.0948
0.0991
0.1013
0.102
0.1056
0.0946
0.093
0.0909
0.0908
0.0977
0.095
0.0961
0.092
0.0975
0.0985
0.0976
0.1038
0.092
0.0894
0.1038
0.0963
0.0904
0.183
0.0991
0.0942
0.093
0.0933
0.0939
0.0968
0.0941
0.0914
0.0943
0.0933
0.0937
0.0966
0.099
0.0976
0.0975
0.0919
0.0951
0.0977
0.0958
0.094
0.0983
0.1011
0.096
0.0959
0.0928
0.0891
0.1119
0.1005
0.0967
0.0915
0.0924
0.1096
0.0964
0.111
0.0951
0.1586

-------------------------------------
CodechalDecodeHevcG12::SetFrameStates
-------------------------------------
0.5257
0.7317
1.1183
0.0812
2.5283
1.2221
0.7731
0.0702
0.0225
0.0196
0.0204
0.0205
0.0196
0.02
0.0216
0.6896
0.0203
0.0198
0.0189
0.0192
0.0203
0.02
0.0187
0.0189
0.0192
0.019
0.039
0.0248
0.0261
0.0221
0.0256
0.0206
0.0207
0.0203
0.02
0.021
0.0208
0.0204
0.0201
0.0183
0.0199
0.0196
0.0203
0.0189
0.0197
0.0192
0.02
0.0195
0.0191
0.0186
0.0204
0.0197
0.0196
0.0187
0.0185
0.0181
0.0186
0.0181
0.0181
0.0204
0.0202
0.019
0.0198
0.0208
0.0198
0.0196
0.02
0.0199
0.0199
0.0187
0.0197
0.0208
0.0203
0.0186
0.0199
0.02
0.0196
0.0196
0.0189
0.0184
0.0198
0.0195
0.0285
0.0264
0.0267
0.0216
0.027
0.0367
0.0277
0.023
0.021
0.0196
0.0197
0.0195
0.0204
0.0199
0.0288
0.021
0.0209
0.0197
0.0197
0.0208
0.0204
0.0189
0.0204
0.0196
0.0203
0.0202
0.0193
0.0188
0.0207
0.0205
0.0191
0.0193
0.0187
0.0189
0.0188
0.0184
0.0186
0.0197
0.0196
0.0189
0.0198
0.0204
0.02
0.0195
0.0296
0.0208
0.0201
0.0191
0.02
0.0208
0.0271
0.02
0.0201
0.0196
0.0203
0.0208
0.0193
0.0188
0.0202
0.021
0.0189
0.0184
0.0185
0.0181
0.0186
0.0183
0.0187
0.0196
0.0194
0.0198
0.0218
0.02
0.0202
0.0199
0.0192
0.0212
0.0381
0.0251
0.0214
0.0212
0.0206
0.0248
0.0287
0.0228
0.0205
0.0238
0.0229
0.0196
0.026
0.0222
0.0274
0.0264
0.0264
0.026
0.0264
0.0275
0.0257
0.0215
0.0209
0.0203
0.0201
0.0197
0.0203
0.0194
0.0247
0.0361
0.0207
0.0208
0.0206
0.0208
0.0281
0.0192
0.0217
0.0202
0.0218
0.021
0.0199
0.0269
0.0232
0.0307
0.0287
0.0228
0.0204
0.0212
0.0294
0.0263
0.0282
0.0297
0.0294
0.0373
0.0283
0.0222
0.0206
0.0236
0.0234
0.0233
0.0209
0.0226
0.021
0.0241
0.0242
0.022
0.023
0.0236
0.0214
0.0236
0.0224
0.0251
0.0298
0.0294
0.0265
0.0263
0.0268
0.0325
0.0261
0.0487
0.0341
0.0258
0.0301
0.0272
0.0311
0.0309
0.0211
0.0214
0.0275
0.0218
0.0212
0.0193
0.0265
0.024
0.021
0.02
0.0204
0.0199
0.0209
0.0252
0.0275
0.0275
0.0227
0.0209
0.0191
0.036
0.0217
0.0201
0.0191
0.0256
0.021
0.021
0.0199
0.0188
0.0198
0.0214
0.0207
0.0215
0.0224
0.0228
0.0238
0.0211
0.0242
0.0212
0.0199
0.0242
0.0325
0.0211
0.0299
0.0206
0.0196
0.0189
0.0257
0.0223
0.0198
0.0209
0.0197
0.0358
0.0213
0.0194
0.0266
0.0236
0.0211
0.0205
0.0202
0.0207
0.0207
0.02
0.0199
0.0204
0.0193
0.0228
0.0255
0.032
0.0237
0.0203
0.0258
0.027
0.0295
0.0255
0.0217
0.0194
0.0213
0.0206
0.019
0.0189
0.0184
0.0182
0.0182
0.0184
0.0186
0.02
0.0192
0.0188
0.0206
0.0213
0.0204
0.0197
0.0198
0.0194
0.019
0.0198
0.0207
0.0207
0.02
0.0188
0.02
0.0198
0.0208
0.0203
0.0201
0.0197
0.0222
0.0214
0.0214
0.0205
0.0201
0.0228
0.0197
0.0201
0.0336
0.0248
0.0218
0.0207
0.0232
0.023
0.0214
0.0205
0.02
0.0193
0.019
0.0187
0.0226
0.0206
0.021
0.021
0.0228
0.0199
0.0206
0.0201
0.019
0.0185
0.0201
0.0192
0.0194
0.0186
0.0185
0.0184
0.0188
0.0183
0.0188
0.0206
0.0206
0.0191
0.0211
0.0203
0.021
0.0209
0.0197
0.0201
0.0195
0.0184
0.0202
0.0214
0.0209
0.0195
0.0212
0.0224
0.0206
0.0202
0.0197
0.0188
0.0209
0.021
0.0188
0.0185
0.0194
0.0194
0.019
0.0185
0.0186
0.0201
0.0198
0.0197
0.0214
0.0214
0.0198
0.0203
0.0194
0.0203
0.0192
0.0183
0.0206
0.0211
0.0212
0.0192
0.0217
0.0228
0.0206
0.0204
0.0192
0.0187
0.0201
0.0204
0.0189
0.0189
0.0188
0.0187
0.018
0.0182
0.019
0.0196
0.0196
0.0197
0.0206
0.0213
0.0203
0.0204
0.0195
0.0198
0.0194
0.0182
0.0207
0.0217
0.021
0.02
0.0219
0.0228
0.0206
0.0207
0.0196
0.0192
0.0212
0.0211
0.0196
0.0187
0.0262
0.0192
0.0188
0.0189
0.0186
0.0207
0.0203
0.02
0.0215
0.0221
0.02
0.0206
0.0195
0.0197
0.0195
0.0185
0.0198
0.0213
0.0207
0.0201
0.0218
0.0225
0.0322
0.0197
0.0187
0.0181
0.0197
0.0197
0.0185
0.0308
0.0221
0.0215
0.019
0.0185
0.0187
0.0205
0.0207
0.0194
0.0323
0.0304
0.03
0.0318
0.0287
0.0283
0.0272
0.0264
0.0207
0.0205
0.0191
0.0183
0.0199
0.0195
0.0198
0.0198
0.0187
0.0262
0.0203
0.02
0.0187
0.0187
0.0183
0.0261
0.0267
0.0218
0.0194
0.03
0.0212
0.0199
0.0208
0.0223
0.0219
0.0222
0.0206
0.0198
0.0188
0.0197
0.0193
0.02
0.0199
0.0195
0.0211
0.0204
0.0214
0.0213
0.0191
0.0185
0.0226
0.0203
0.0191
0.0355
0.021
0.02
0.0193
0.0194
0.0193
0.02
0.02
0.0191
0.0195
0.0195
0.0197
0.0205
0.0218
0.0207
0.0204
0.019
0.0203
0.0208
0.0207
0.0227
0.0212
0.0216
0.0205
0.021
0.0192
0.0185
0.0254
0.0222
0.0203
0.0189
0.0193
0.0255
0.0205
0.0254
0.0211
0.0336

--------------------------
CreateVideoDecoder_D3D11_1
--------------------------
15.7686

---------------------------
DestroyVideoDecoder_D3D11_1
---------------------------
0

----------------
First Frame Time
----------------
54.1472

--------------------------------------
VideoDecoderBeginFrame_WDDM2_4_D3D11_1
--------------------------------------
0.007
0.0025
0.0021
0.0024
0.0032
0.0025
0.0105
0.0019
0.0017
0.002
0.0017
0.0017
0.0016
0.0021
0.002
0.0016
0.0017
0.0015
0.0016
0.0023
0.0017
0.0015
0.0015
0.0015
0.0015
0.0016
0.0036
0.0018
0.0038
0.0023
0.0026
0.0018
0.0018
0.0016
0.0016
0.0016
0.0016
0.0019
0.0017
0.0016
0.0016
0.0015
0.0023
0.0015
0.0015
0.0015
0.0016
0.0014
0.0014
0.0017
0.0019
0.0016
0.0015
0.0016
0.0017
0.0016
0.0016
0.0016
0.0015
0.0018
0.0017
0.0017
0.0015
0.0027
0.0016
0.0015
0.0016
0.0014
0.0016
0.0014
0.0016
0.0016
0.0015
0.0013
0.0015
0.0015
0.0016
0.0015
0.0014
0.0023
0.0016
0.0017
0.0015
0.0022
0.0022
0.0018
0.0026
0.002
0.0022
0.0017
0.0019
0.0016
0.0017
0.0015
0.0027
0.0015
0.0029
0.0019
0.0017
0.0017
0.0016
0.0016
0.0016
0.0015
0.0016
0.0037
0.0016
0.0016
0.0016
0.0015
0.0018
0.0016
0.0016
0.0015
0.0015
0.0014
0.0016
0.0015
0.0015
0.0016
0.0015
0.0016
0.0018
0.0015
0.0015
0.0014
0.0032
0.0017
0.0016
0.0015
0.0016
0.0017
0.0015
0.0023
0.0017
0.0017
0.0016
0.0016
0.0015
0.0016
0.0017
0.0043
0.0015
0.0015
0.0016
0.0014
0.0014
0.0014
0.0016
0.0016
0.0015
0.0016
0.0019
0.0017
0.0015
0.0016
0.0015
0.0019
0.004
0.0022
0.0019
0.002
0.0015
0.0016
0.0027
0.002
0.0019
0.0023
0.0018
0.0016
0.0026
0.0018
0.0021
0.0019
0.0018
0.0019
0.0018
0.0029
0.0027
0.002
0.0019
0.0019
0.0018
0.0016
0.0018
0.0016
0.0022
0.002
0.0016
0.0017
0.0017
0.0018
0.0016
0.0018
0.0019
0.0016
0.0015
0.0017
0.0014
0.0032
0.0022
0.0027
0.0023
0.0022
0.004
0.0019
0.0021
0.0026
0.0025
0.0025
0.0021
0.0119
0.0025
0.0019
0.0019
0.0018
0.0017
0.0016
0.0016
0.0015
0.0016
0.0019
0.0016
0.0015
0.0016
0.0015
0.0016
0.0016
0.0016
0.0015
0.0019
0.0017
0.0018
0.002
0.0019
0.0028
0.0027
0.0031
0.0021
0.0028
0.0021
0.0021
0.0022
0.0031
0.0018
0.0018
0.0018
0.0029
0.0018
0.0016
0.0028
0.002
0.0019
0.0018
0.002
0.0015
0.0016
0.0025
0.0033
0.0028
0.0019
0.0016
0.0016
0.0036
0.0019
0.0016
0.0015
0.0026
0.0019
0.0019
0.0017
0.0015
0.0016
0.0019
0.0017
0.0017
0.0016
0.0018
0.0017
0.0018
0.0019
0.0018
0.0016
0.0015
0.0031
0.0016
0.0025
0.0016
0.0015
0.0014
0.0027
0.0021
0.0019
0.0017
0.0017
0.0029
0.0018
0.0017
0.0026
0.0022
0.0019
0.0017
0.0015
0.002
0.0018
0.0016
0.0015
0.002
0.0015
0.0015
0.0027
0.0033
0.002
0.0018
0.0027
0.0022
0.0101
0.0028
0.0018
0.0017
0.002
0.0017
0.0017
0.0015
0.0016
0.0015
0.0015
0.0014
0.0015
0.0016
0.0015
0.0016
0.0019
0.0016
0.0018
0.0017
0.0016
0.0015
0.0015
0.0018
0.0018
0.0016
0.0016
0.0016
0.0017
0.0015
0.0015
0.0017
0.0016
0.0015
0.0027
0.0018
0.0017
0.0016
0.0015
0.0016
0.0016
0.0015
0.0039
0.002
0.0022
0.0017
0.0021
0.0018
0.0018
0.0015
0.0018
0.0015
0.0015
0.0016
0.0016
0.0016
0.0016
0.0018
0.0017
0.0018
0.0016
0.0015
0.0015
0.0014
0.0018
0.0015
0.0015
0.0015
0.0015
0.0015
0.0016
0.0014
0.0015
0.0016
0.0016
0.0016
0.0017
0.0016
0.0016
0.0019
0.0015
0.0015
0.0015
0.0015
0.0015
0.0016
0.0016
0.0016
0.0016
0.0016
0.0018
0.0015
0.0015
0.0016
0.0017
0.0017
0.0016
0.0016
0.0023
0.0015
0.0016
0.0013
0.0015
0.0016
0.0015
0.0014
0.0016
0.0017
0.0018
0.0018
0.0016
0.0016
0.0016
0.0015
0.0016
0.0016
0.0016
0.0015
0.0017
0.0016
0.0016
0.0016
0.0016
0.0015
0.0017
0.0016
0.0015
0.0014
0.0014
0.0015
0.0016
0.0014
0.0015
0.0017
0.0015
0.0016
0.0016
0.0016
0.0016
0.0017
0.0015
0.0016
0.0015
0.0015
0.0016
0.0016
0.0016
0.0016
0.0017
0.0017
0.0017
0.0015
0.0016
0.0016
0.0017
0.0017
0.0016
0.0016
0.0044
0.0016
0.0017
0.0016
0.0015
0.0016
0.0016
0.0016
0.0017
0.0016
0.0016
0.0026
0.0014
0.0015
0.0014
0.0014
0.0016
0.0016
0.0016
0.0016
0.0019
0.0017
0.0019
0.0017
0.0015
0.0016
0.0016
0.0015
0.0015
0.0039
0.0021
0.002
0.0015
0.0017
0.0015
0.0016
0.0016
0.0018
0.0027
0.0026
0.0026
0.0023
0.0027
0.0023
0.0022
0.0023
0.0019
0.0018
0.0016
0.0015
0.0017
0.0016
0.0015
0.0015
0.0015
0.002
0.0018
0.0015
0.0015
0.0016
0.0016
0.002
0.0027
0.002
0.0017
0.0023
0.0019
0.0018
0.0018
0.0019
0.0017
0.0017
0.0018
0.0016
0.0016
0.0016
0.0017
0.0015
0.0016
0.0016
0.0018
0.0016
0.0017
0.0016
0.0017
0.0015
0.0024
0.0018
0.0016
0.0031
0.0019
0.0018
0.0018
0.0021
0.0015
0.0017
0.0016
0.0016
0.0016
0.0015
0.0017
0.0015
0.0019
0.0016
0.0016
0.0016
0.0018
0.0018
0.0016
0.0016
0.0017
0.0016
0.0016
0.0016
0.0015
0.0016
0.0026
0.002
0.0019
0.0016
0.0017
0.0027
0.0018
0.0026
0.0018
0.0034

----------------------------
VideoDecoderEndFrame_D3D11_1
----------------------------
0.0324
0.053
0.0745
0.0728
0.0962
0.0779
0.0546
0.0555
0.0503
0.0517
0.0509
0.0508
0.0502
0.0509
0.0523
0.0492
0.0755
0.0512
0.0503
0.0514
0.0525
0.0506
0.0511
0.0514
0.0508
0.0506
0.0573
0.0527
0.0618
0.0525
0.0564
0.0518
0.0517
0.0497
0.0516
0.05
0.0503
0.0504
0.0499
0.051
0.0506
0.0494
0.0521
0.0496
0.0497
0.0512
0.0508
0.0489
0.0495
0.0503
0.0509
0.0491
0.05
0.0507
0.0498
0.051
0.0516
0.0508
0.0508
0.0646
0.0496
0.0498
0.0501
0.0516
0.0518
0.0504
0.0491
0.0499
0.0503
0.0492
0.0502
0.0496
0.0497
0.0498
0.0514
0.0497
0.0493
0.0493
0.0513
0.0495
0.0502
0.0492
0.0758
0.066
0.0602
0.0603
0.0942
0.0637
0.0502
0.0509
0.0554
0.055
0.0523
0.0501
0.0513
0.0505
0.0666
0.0503
0.0492
0.0499
0.0504
0.0501
0.0504
0.0505
0.0498
0.0493
0.0512
0.0504
0.0496
0.0502
0.05
0.0508
0.0499
0.0507
0.0512
0.0499
0.0514
0.0505
0.0499
0.05
0.05
0.0509
0.0498
0.0498
0.0495
0.0503
0.0542
0.05
0.0501
0.0501
0.05
0.0585
0.0733
0.0504
0.0509
0.0496
0.0493
0.05
0.0498
0.054
0.0508
0.0545
0.0506
0.0512
0.0505
0.0509
0.0518
0.0608
0.05
0.0504
0.0501
0.0492
0.0495
0.0498
0.0494
0.0531
0.0501
0.0519
0.0771
0.0695
0.0526
0.0539
0.0511
0.0524
0.0583
0.0535
0.0613
0.06
0.0532
0.052
0.055
0.0709
0.063
0.0621
0.0622
0.0609
0.078
0.0529
0.0543
0.0521
0.0503
0.0511
0.0505
0.0494
0.0511
0.0713
0.0612
0.0506
0.0496
0.0513
0.056
0.0502
0.0614
0.0498
0.0517
0.05
0.0527
0.0506
0.0589
0.0566
0.0515
0.0761
0.0518
0.0512
0.0585
0.0509
0.0728
0.073
0.0652
0.0718
0.073
0.0796
0.0749
0.0519
0.052
0.0506
0.0499
0.0507
0.051
0.0507
0.0508
0.0507
0.0502
0.0508
0.0506
0.05
0.0511
0.0494
0.0501
0.0635
0.0626
0.0609
0.0608
0.0636
0.0702
0.0735
0.0915
0.0737
0.0726
0.0667
0.0626
0.0624
0.0564
0.0694
0.0707
0.0673
0.0775
0.07
0.0528
0.0623
0.059
0.0592
0.0566
0.053
0.0524
0.0527
0.054
0.0571
0.0604
0.0593
0.0546
0.0522
0.0519
0.0774
0.0565
0.0539
0.0537
0.0557
0.0529
0.0525
0.0531
0.0513
0.0529
0.0538
0.0537
0.0549
0.0564
0.0541
0.0578
0.0559
0.0553
0.0532
0.054
0.0571
0.0755
0.069
0.0687
0.0541
0.053
0.0539
0.0556
0.0527
0.0584
0.0723
0.0664
0.0812
0.0545
0.0517
0.0556
0.0524
0.0518
0.0503
0.0511
0.0572
0.0503
0.0497
0.0505
0.0528
0.0599
0.0511
0.0623
0.0766
0.0535
0.053
0.0587
0.0768
0.0641
0.0568
0.0553
0.0539
0.0524
0.0544
0.0507
0.0515
0.0525
0.0514
0.0529
0.05
0.0517
0.0544
0.0529
0.0529
0.0539
0.0524
0.051
0.0535
0.0511
0.0524
0.0525
0.0534
0.0566
0.0531
0.0519
0.0537
0.0533
0.0528
0.0532
0.0541
0.055
0.0573
0.0552
0.0541
0.0611
0.0561
0.0565
0.0543
0.0565
0.0545
0.0608
0.0567
0.0572
0.0601
0.0556
0.0558
0.0534
0.0529
0.0535
0.0542
0.0528
0.0525
0.0527
0.0523
0.0509
0.0551
0.0531
0.0596
0.0521
0.0511
0.0511
0.051
0.0508
0.0561
0.0542
0.0545
0.0529
0.0572
0.053
0.0527
0.0539
0.0568
0.0554
0.0512
0.0538
0.0536
0.053
0.0511
0.0511
0.054
0.051
0.052
0.0524
0.0542
0.0519
0.0541
0.054
0.0556
0.0535
0.0536
0.0537
0.0507
0.0557
0.0519
0.0519
0.0523
0.0535
0.0535
0.0525
0.0518
0.0514
0.0519
0.0523
0.0544
0.0529
0.0548
0.0524
0.0523
0.0523
0.0523
0.0525
0.0512
0.0524
0.0542
0.0525
0.0551
0.0567
0.056
0.0518
0.052
0.0524
0.0513
0.0534
0.0563
0.0785
0.0521
0.0526
0.0531
0.0517
0.0524
0.0528
0.0521
0.052
0.0539
0.0539
0.0543
0.051
0.053
0.0535
0.052
0.0523
0.0519
0.0523
0.0517
0.0529
0.0549
0.0535
0.0571
0.053
0.0524
0.0526
0.0523
0.0558
0.0552
0.0522
0.0513
0.0556
0.0527
0.0514
0.0528
0.0518
0.0536
0.0532
0.0526
0.055
0.0532
0.0533
0.0528
0.0502
0.0514
0.0516
0.0529
0.0531
0.0519
0.0569
0.0557
0.0543
0.0542
0.0589
0.0527
0.0535
0.0502
0.0703
0.0521
0.0514
0.0594
0.056
0.0562
0.0533
0.0543
0.0526
0.0565
0.0566
0.0532
0.0786
0.0741
0.0782
0.0764
0.0741
0.075
0.0756
0.074
0.0553
0.0521
0.0507
0.0506
0.0498
0.0519
0.0546
0.0528
0.0542
0.0755
0.0519
0.0532
0.0527
0.0513
0.0523
0.076
0.0583
0.0539
0.0534
0.076
0.0577
0.054
0.0574
0.0569
0.0563
0.0562
0.0517
0.0537
0.0509
0.0507
0.0524
0.0516
0.0531
0.0535
0.0534
0.0528
0.0541
0.0531
0.0537
0.0523
0.0548
0.053
0.0542
0.0759
0.0552
0.0532
0.0531
0.0559
0.0535
0.0527
0.0513
0.0517
0.0543
0.0529
0.0528
0.0526
0.0547
0.0693
0.0534
0.053
0.0527
0.0515
0.0543
0.0539
0.054
0.0539
0.0564
0.0532
0.0523
0.0529
0.0589
0.0668
0.0526
0.0521
0.0511
0.0567
0.0548
0.0589
0.0558
0.0818

---------------------------------
VideoDecoderSubmitBuffers_D3D11_1
---------------------------------
1.1441
1.0114
1.3538
0.2891
2.7517
1.931
0.9897
1.0099
0.2101
0.5252
0.1989
0.3259
0.7919
0.891
0.2379
1.2738
0.1926
0.1943
0.5177
0.9256
0.1986
0.1921
0.6029
0.9048
0.8824
0.8929
1.0477
0.6399
0.8093
0.2056
0.2317
0.1903
0.1927
0.1919
0.1956
0.2038
0.5418
0.1951
0.3265
0.855
0.1877
0.4553
0.8259
0.1791
0.3073
0.7824
0.187
0.2148
0.903
0.1745
0.2549
0.7807
0.9074
0.1784
0.7115
0.8836
0.9317
0.1736
0.7435
0.1943
0.1927
0.5441
0.1867
0.4418
0.1898
0.187
0.1855
0.2027
0.653
0.9095
0.188
0.1949
0.504
0.8916
0.1883
0.1897
0.1864
0.4443
0.1792
0.7442
0.1886
0.3118
0.9393
0.8227
0.8106
0.1974
0.2497
0.5855
0.6787
0.623
0.1974
0.1845
0.1918
0.1922
0.1968
0.5278
0.73
0.5577
0.7953
0.8577
0.4965
0.1992
0.7171
0.8491
0.5274
0.7269
0.5194
0.6212
0.8576
0.8801
0.3942
0.7944
0.8559
0.875
0.8868
0.8874
0.8775
0.8919
0.8877
0.6819
0.7789
0.843
0.1887
0.1891
0.5845
0.6953
0.7352
0.6333
0.7934
0.8592
0.5219
0.4813
0.8047
0.7373
0.5022
0.7416
0.5383
0.6856
0.8507
0.8723
0.4034
0.7895
0.8568
0.8641
0.8832
0.8848
0.8814
0.8846
0.8666
0.648
0.7882
0.8345
0.1978
0.5463
0.6897
0.1944
0.1857
0.1998
0.3541
0.1978
0.1986
0.2038
0.1924
0.1891
0.268
0.2104
0.1962
0.2326
0.4296
0.8816
0.383
0.7244
0.8452
0.8418
0.8775
0.8805
0.8761
0.8398
0.7918
0.5867
0.7657
0.8277
0.1965
0.5624
0.6833
0.6082
0.6374
0.6035
0.201
0.7862
0.4624
0.4785
0.7655
0.7407
0.394
0.7389
0.5051
0.6682
0.8456
0.2559
0.2111
0.2952
0.5799
0.8364
0.8564
0.8623
0.9567
0.7575
0.783
0.4286
0.6583
0.7148
0.2848
0.2142
0.2002
0.4663
0.6854
0.6963
0.7971
0.8658
0.4855
0.4581
0.7628
0.8431
0.5111
0.7306
0.5132
0.622
0.8563
0.9337
0.2737
0.7337
0.8756
0.8315
0.8741
0.9535
0.2583
0.6192
0.8569
0.2423
0.319
0.8567
0.4296
0.2645
0.2183
0.1938
0.2708
0.2376
0.2021
0.1794
0.2386
0.2496
0.1944
0.1851
0.194
0.1875
0.1935
0.2358
0.2417
0.2614
0.2016
0.1939
0.1822
0.3382
0.198
0.1822
0.1836
0.2352
0.1891
0.1998
0.1856
0.1809
0.1926
0.2226
0.2113
0.2032
0.211
0.215
0.2211
0.2017
0.2251
0.2025
0.1897
0.2232
0.3084
0.1979
0.2671
0.1956
0.1815
0.1783
0.2384
0.2022
0.1809
0.1841
0.1823
0.3304
0.209
0.1849
0.2375
0.2079
0.1964
0.1886
0.1867
0.1999
0.1912
0.185
0.184
0.1955
0.1835
0.1818
0.2316
0.3002
0.2048
0.1861
0.2387
0.2648
0.227
0.2346
0.1973
0.185
0.1966
0.1931
0.1793
0.1779
0.1789
0.1892
0.1769
0.1781
0.1769
0.1899
0.186
0.1861
0.2029
0.2065
0.197
0.1916
0.1867
0.1868
0.1872
0.1911
0.1957
0.1945
0.191
0.1795
0.2047
0.1893
0.1974
0.1983
0.1928
0.1853
0.2122
0.2069
0.2023
0.1948
0.1952
0.1971
0.191
0.1878
0.3154
0.2275
0.209
0.1945
0.2241
0.2332
0.1962
0.1922
0.1884
0.1919
0.1865
0.1791
0.2001
0.1964
0.1976
0.2023
0.2007
0.1893
0.1918
0.1904
0.1815
0.1749
0.1911
0.1896
0.1823
0.1776
0.1809
0.1836
0.1803
0.182
0.1815
0.1967
0.2024
0.185
0.2014
0.1981
0.1985
0.1984
0.191
0.1938
0.1885
0.1777
0.1925
0.2048
0.1993
0.1933
0.2054
0.2188
0.2006
0.1964
0.1889
0.183
0.1981
0.2011
0.1807
0.181
0.1885
0.1801
0.1799
0.1834
0.1789
0.1961
0.1926
0.1894
0.2006
0.2068
0.1884
0.197
0.1873
0.1928
0.188
0.1826
0.1961
0.2037
0.2011
0.1876
0.2076
0.2317
0.1972
0.2014
0.1872
0.181
0.197
0.2007
0.1824
0.1821
0.1858
0.1765
0.1769
0.1779
0.1822
0.196
0.1943
0.1912
0.2035
0.2086
0.1899
0.2072
0.1871
0.1937
0.1872
0.1823
0.1938
0.2051
0.2021
0.1937
0.206
0.2189
0.1992
0.2011
0.1911
0.1856
0.2046
0.2047
0.1848
0.1816
0.2054
0.1868
0.1793
0.1774
0.1787
0.198
0.1962
0.193
0.2044
0.2136
0.1906
0.1998
0.1897
0.1906
0.1874
0.1842
0.1926
0.2026
0.2081
0.1935
0.207
0.2191
0.2327
0.1915
0.1806
0.1769
0.1902
0.1863
0.1841
0.2886
0.1968
0.2159
0.1844
0.1824
0.1824
0.2032
0.2006
0.1836
0.3116
0.2938
0.29
0.3078
0.284
0.2748
0.2731
0.2634
0.1956
0.1954
0.184
0.1735
0.1898
0.1827
0.2
0.1941
0.1798
0.2612
0.1934
0.188
0.1785
0.1727
0.1737
0.2588
0.2451
0.1946
0.1897
0.2935
0.2038
0.1849
0.2009
0.2057
0.2101
0.2127
0.2125
0.1854
0.1825
0.1808
0.1966
0.1949
0.1955
0.1847
0.201
0.197
0.1993
0.2086
0.1834
0.1741
0.2132
0.1953
0.1792
0.3563
0.1938
0.1863
0.1859
0.186
0.1833
0.1949
0.1872
0.1766
0.1868
0.1867
0.1902
0.1958
0.2055
0.1971
0.1943
0.1825
0.1944
0.2006
0.1936
0.1911
0.2013
0.2047
0.1967
0.1966
0.1841
0.1742
0.2338
0.2009
0.1951
0.1788
0.1833
0.2366
0.1859
0.233
0.1895
0.3225

