---------------------------------------------
CalcPrivateVideoDecoderOutputViewSize_D3D11_1
---------------------------------------------
0.0031
0.0024
0.0017
0.0016
0.0015
0.0013
0.0015
0.0012
0.0009
0.0016
0.0019
0.0013
0.001
0.0019
0.0015
0.001
0.0008
0.0009
0.0008
0.0021
0.0014
0.0011
0.0011
0.0011
0.001
0.0008
0.0009
0.0008
0.0019
0.0008
0.0016
0.0015
0.0008
0.001
0.0008
0.0008
0.0007
0.001
0.001
0.001
0.0007
0.0007
0.0022
0.0007
0.0014
0.0013
0.0011
0.0008
0.001
0.001
0.0024
0.001
0.001
0.002
0.0014
0.0014
0.0013
0.0012
0.0009
0.0009
0.0008
0.0009
0.0008
0.0029
0.0011
0.0011
0.0008
0.0008
0.001
0.0021
0.0013
0.0012
0.0011
0.0016
0.0011
0.0007
0.0011
0.0007
0.0009
0.0012
0.001
0.0007
0.0007
0.0017
0.001
0.0011
0.0007
0.0011
0.0008
0.0007
0.0008
0.0008
0.001
0.0007
0.0041
0.0007
0.0006
0.001
0.0012
0.0007
0.0008
0.0009
0.0008
0.0007
0.001
0.0009
0.0006
0.0008
0.001
0.0014
0.0008
0.002
0.0015
0.001
0.0016
0.0011
0.0008
0.0007
0.0007
0.0008
0.0006
0.0008
0.0011
0.0009
0.0007
0.0007
0.001
0.0009
0.0007
0.0007
0.001
0.0008
0.0007
0.001
0.001
0.0015
0.0007
0.0008
0.0009
0.0007
0.0009
0.0067
0.0007
0.0007
0.0008
0.0007
0.001
0.001
0.001
0.0007
0.0009
0.0007
0.0007
0.0006
0.0006
0.0008
0.001
0.0009
0.0007
0.0007
0.0007
0.0014
0.0007
0.0008
0.0011
0.0009
0.0006
0.0007
0.0006
0.0007
0.0009
0.0007
0.0008
0.0009
0.0007
0.0009
0.0006
0.0009
0.0006
0.0007
0.0008
0.0007
0.0007
0.0008
0.0009
0.0007
0.0007
0.0006
0.0006
0.0007
0.0009
0.0024
0.0008
0.0009
0.0007
0.0006
0.0007
0.0007
0.0007
0.0009
0.0011
0.0008
0.0006
0.001
0.0009
0.0009
0.0006
0.0006
0.0007
0.0006
0.0007
0.0057
0.0008
0.0006
0.0009
0.0009
0.0007
0.0006
0.0007
0.0005
0.0006
0.0008
0.0008
0.0009
0.0007
0.0008
0.0007
0.0017
0.0012
0.0008
0.0007
0.0007
0.0014
0.0008
0.0006
0.0006
0.0006
0.0007
0.0007
0.0007
0.0007
0.0007
0.0007
0.0006
0.0011
0.0008
0.0007
0.0006
0.0007
0.0007
0.0006
0.0005
0.0006
0.0007
0.0007
0.0007
0.0008
0.0006
0.0008
0.0007
0.0006
0.0006
0.0008
0.0007
0.0006
0.0007
0.0007
0.0006
0.0007
0.0006
0.0007
0.0005
0.0013
0.0006
0.0007
0.0006
0.0006
0.0006
0.0005
0.0006
0.0008
0.0007
0.0005
0.0006
0.0007
0.0006
0.0006
0.0008
0.0005
0.0006
0.0006
0.0008
0.001
0.0008
0.0007
0.0012
0.0008
0.0008
0.0008
0.0008
0.001
0.001
0.001
0.0008
0.0007
0.001
0.0009
0.0008
0.0023
0.0008
0.0007
0.0011
0.0007
0.0009
0.001
0.0007
0.0047
0.0007
0.0009
0.0009
0.0021
0.001
0.0006
0.0007
0.0007
0.0008
0.0017
0.0009
0.0007
0.0007
0.001
0.0007
0.0007
0.0007
0.0007
0.0006
0.0007
0.0006
0.0009
0.0007
0.0007
0.0007
0.0007
0.0008
0.0007
0.0015
0.0014
0.001
0.0017
0.001
0.002
0.0011
0.0011
0.0011
0.0011
0.0017
0.0007
0.0007
0.001
0.0006
0.001
0.0008
0.0007
0.0007
0.0007
0.0008
0.0008
0.0009
0.0008
0.0011
0.0007
0.0011
0.0008
0.0009
0.0007
0.0007
0.0007
0.0007
0.0007
0.0007
0.0011
0.001
0.001
0.0007
0.0007
0.0007
0.0007
0.0009
0.0008
0.0007
0.0007
0.0009
0.001
0.001
0.0007
0.0006
0.001
0.0007
0.0011
0.0007
0.0021
0.0013
0.0012
0.0011
0.001
0.0008
0.0008
0.0021
0.0008
0.001
0.0009
0.0008
0.0007
0.001
0.001
0.0007
0.0006
0.0009
0.001
0.0007
0.0007
0.0006
0.0006
0.0007
0.0007
0.0018
0.0011
0.0011
0.0008
0.0007
0.0009
0.0007
0.0006
0.0008
0.0006
0.0006
0.0007
0.0007
0.0007
0.0006
0.0011
0.001
0.0007
0.0009
0.0007
0.0007
0.0006
0.0007
0.0008
0.0007
0.0007
0.0009
0.0008
0.0007
0.0007
0.0007
0.0006
0.0008
0.0006
0.0007
0.0009
0.0007
0.0007
0.0006
0.0007
0.0006
0.0007
0.0007
0.0007
0.0008
0.0006
0.0007
0.0006
0.0014
0.0036
0.0008
0.0008
0.0007
0.0009
0.0008
0.0007
0.0007
0.0006
0.0007
0.0007
0.0007
0.0008
0.0007
0.0006
0.0008
0.0007
0.0008
0.001
0.0006
0.0008
0.0006
0.0007
0.0008
0.0007
0.0006

-----------------------
CodechalDecode::Execute
-----------------------
1.3388
1.0848
2.3806
0.5183
0.6501
0.4305
0.3914
0.42
0.3111
0.3061
0.43
0.3141
0.3086
0.3145
0.4073
0.307
0.2988
0.297
0.308
0.3132
0.3174
0.3099
0.3151
0.3139
0.3037
0.2992
0.3013
0.3046
0.3101
0.3017
0.3359
0.3533
0.3427
0.3117
0.3003
0.297
0.2985
0.301
0.3055
0.2999
0.2957
0.2959
0.3018
0.3019
0.3034
0.4352
0.3017
0.2956
0.3149
0.2034
0.4172
0.3043
0.3116
0.4465
0.3541
0.33
0.315
0.3149
0.3073
0.302
0.3121
0.3145
0.3029
0.3236
0.3033
0.3009
0.2979
0.3371
0.3021
0.3917
0.3095
0.3043
0.2978
0.3323
0.2975
0.3001
0.3036
0.3021
0.2975
0.2977
0.2964
0.2944
0.3043
0.3006
0.2968
0.2992
0.2974
0.3409
0.314
0.3008
0.2966
0.2993
0.301
0.3043
0.323
0.3018
0.2985
0.3064
0.1997
0.2962
0.2971
0.2991
0.3029
0.2997
0.3002
0.2999
0.295
0.2959
0.3072
0.3039
0.3003
0.3911
0.3139
0.2994
0.3316
0.2972
0.3016
0.3096
0.3001
0.2966
0.2938
0.2946
0.2991
0.2974
0.2981
0.3034
0.2989
0.2978
0.2938
0.293
0.2974
0.3158
0.2999
0.3018
0.2979
0.2919
0.2928
0.2941
0.2987
0.3004
0.3025
0.3097
0.2991
0.2958
0.2978
0.2929
0.3056
0.2001
0.2955
0.2952
0.2988
0.293
0.307
0.3001
0.2967
0.2962
0.2981
0.2965
0.2931
0.3068
0.2986
0.3008
0.2981
0.2965
0.2979
0.2959
0.2915
0.2924
0.3086
0.3126
0.3028
0.3003
0.2974
0.3005
0.2936
0.2967
0.3044
0.3049
0.2983
0.2972
0.3133
0.3054
0.307
0.3073
0.3034
0.3111
0.2961
0.2978
0.2994
0.2963
0.2957
0.3765
0.3001
0.3036
0.2933
0.3024
0.1959
0.302
0.2999
0.3056
0.3102
0.3014
0.3023
0.3051
0.3158
0.2945
0.2983
0.2976
0.2981
0.2976
0.2971
0.3339
0.2918
0.2911
0.2983
0.2945
0.2914
0.2956
0.3003
0.2958
0.3039
0.3
0.3028
0.2939
0.2931
0.293
0.293
0.3754
0.3109
0.302
0.2987
0.2957
0.2983
0.2953
0.2928
0.2912
0.2914
0.2916
0.3016
0.3003
0.3005
0.3001
0.2973
0.3021
0.3187
0.1925
0.2916
0.2931
0.2934
0.2976
0.2992
0.3013
0.3087
0.2987
0.2992
0.2985
0.297
0.2938
0.292
0.2959
0.2932
0.2943
0.3001
0.2994
0.2996
0.2991
0.2989
0.3016
0.2964
0.2918
0.2946
0.2993
0.2917
0.2911
0.3001
0.2962
0.2948
0.2978
0.3
0.2953
0.3057
0.2909
0.2892
0.2907
0.2908
0.2871
0.2908
0.3002
0.2954
0.2981
0.3003
0.2973
0.2967
0.2977
0.2304
0.3138
0.3032
0.3168
0.2976
0.3014
0.3027
0.2997
0.303
0.3036
0.3015
0.3071
0.2978
0.2943
0.3835
0.299
0.2943
0.3075
0.3012
0.3062
0.2971
0.291
0.327
0.2948
0.3126
0.307
0.3691
0.3146
0.2934
0.2918
0.295
0.2922
0.3559
0.2996
0.2985
0.3012
0.2966
0.2941
0.2927
0.2917
0.2917
0.2949
0.2978
0.2995
0.3153
0.2915
0.2907
0.292
0.2935
0.1913
0.2944
0.3336
0.3124
0.2964
0.3306
0.2997
0.3689
0.3234
0.3276
0.2989
0.2997
0.3566
0.2939
0.316
0.3074
0.304
0.3012
0.2978
0.2911
0.2931
0.2937
0.2998
0.3002
0.3117
0.3126
0.3
0.2968
0.3101
0.2989
0.2963
0.3023
0.292
0.2923
0.2924
0.2998
0.3
0.2986
0.2989
0.2969
0.2941
0.2995
0.3035
0.2972
0.3193
0.2925
0.291
0.3051
0.3062
0.2219
0.3091
0.3006
0.2973
0.2981
0.3017
0.2994
0.2937
0.3513
0.3108
0.3133
0.3053
0.3009
0.298
0.2935
0.3598
0.3065
0.3109
0.302
0.3154
0.2942
0.3003
0.2953
0.2929
0.2942
0.307
0.3072
0.3002
0.2965
0.2939
0.2929
0.2933
0.2927
0.3875
0.3133
0.3156
0.3011
0.2963
0.3006
0.2927
0.2931
0.2997
0.2995
0.2959
0.2931
0.2934
0.2942
0.2902
0.2994
0.2024
0.2982
0.2972
0.2993
0.2928
0.2929
0.302
0.3011
0.2986
0.3006
0.3159
0.2931
0.2963
0.3019
0.2914
0.3021
0.296
0.3093
0.2996
0.2943
0.2924
0.2912
0.2927
0.2917
0.3321
0.2989
0.2966
0.3015
0.2949
0.2908
0.2921
0.2926
0.2903
0.3106
0.3026
0.2977
0.2961
0.2948
0.3238
0.2934
0.2924
0.2918
0.2973
0.3017
0.3035
0.2971
0.2925
0.2911
0.2935
0.1904
0.2994
0.3035
0.3013
0.3099
0.2906
0.2924
0.2919
0.2921
0.3031

---------------------------------------
CodechalDecodeHevcG12::DecodeStateLevel
---------------------------------------
0.4239
0.2052
0.1347
0.1297
0.1026
0.1026
0.0987
0.0997
0.0939
0.0973
0.15
0.1
0.0991
0.0978
0.1217
0.0958
0.0943
0.0929
0.0955
0.0984
0.1015
0.0971
0.0974
0.0965
0.0935
0.0924
0.092
0.0935
0.0946
0.093
0.1095
0.1177
0.1081
0.1012
0.0942
0.0922
0.0937
0.0938
0.095
0.0928
0.092
0.0918
0.0939
0.0936
0.0957
0.1424
0.0942
0.0921
0.1007
0.0899
0.1479
0.0963
0.0987
0.148
0.1179
0.1077
0.101
0.1003
0.096
0.0945
0.0976
0.0981
0.0943
0.1015
0.0959
0.0935
0.0947
0.0953
0.0941
0.1399
0.0987
0.0948
0.093
0.1084
0.0923
0.0935
0.0934
0.0927
0.0935
0.0929
0.0918
0.0924
0.0928
0.0929
0.0924
0.0933
0.0929
0.1166
0.0976
0.0952
0.0921
0.093
0.0926
0.0944
0.0969
0.093
0.0929
0.0947
0.0872
0.0925
0.0908
0.0924
0.0938
0.0926
0.0937
0.0941
0.0915
0.0929
0.0938
0.0945
0.0939
0.1363
0.1003
0.0946
0.1077
0.092
0.0932
0.0981
0.0937
0.0912
0.0921
0.0916
0.093
0.0925
0.0924
0.0928
0.0922
0.0915
0.0912
0.0917
0.0927
0.0942
0.092
0.0934
0.0933
0.0905
0.0912
0.0923
0.0928
0.0935
0.0936
0.0938
0.0919
0.0921
0.0927
0.0906
0.0934
0.0879
0.0922
0.0916
0.0934
0.0915
0.0925
0.0932
0.0933
0.0938
0.0934
0.0923
0.0911
0.0936
0.0936
0.0938
0.0924
0.0918
0.0922
0.0923
0.091
0.0914
0.0933
0.0966
0.0936
0.0928
0.0917
0.0936
0.0918
0.0913
0.0938
0.0945
0.0933
0.0919
0.0943
0.0946
0.0975
0.0942
0.0953
0.0937
0.0927
0.0931
0.0928
0.0931
0.092
0.1317
0.0946
0.0939
0.0921
0.1003
0.0856
0.0935
0.093
0.0932
0.1017
0.0932
0.0944
0.0949
0.0972
0.0918
0.0917
0.0914
0.0939
0.0919
0.0928
0.1004
0.0912
0.09
0.0934
0.0913
0.0908
0.0934
0.092
0.0927
0.0928
0.093
0.0943
0.0915
0.0914
0.091
0.0925
0.1348
0.0998
0.0935
0.0934
0.0916
0.0914
0.0924
0.0929
0.0903
0.0904
0.0911
0.0936
0.0926
0.0932
0.0941
0.0925
0.0922
0.1109
0.0857
0.0913
0.0916
0.0927
0.0925
0.0924
0.0943
0.093
0.0925
0.0936
0.0917
0.0925
0.0924
0.0917
0.0912
0.0913
0.0922
0.0938
0.093
0.0931
0.0925
0.0932
0.0934
0.0929
0.0913
0.0918
0.0917
0.0917
0.0912
0.0925
0.0927
0.0918
0.0936
0.0937
0.0929
0.0947
0.0916
0.0898
0.0913
0.0905
0.0901
0.0908
0.0922
0.092
0.0929
0.0921
0.0921
0.0918
0.0938
0.0995
0.1011
0.0958
0.0943
0.0926
0.0938
0.0952
0.0933
0.0928
0.0939
0.0922
0.0936
0.0921
0.0924
0.1345
0.0935
0.0917
0.0937
0.0936
0.0941
0.0926
0.091
0.1043
0.0921
0.0963
0.0949
0.1282
0.094
0.0923
0.0914
0.0923
0.0906
0.1231
0.0941
0.0933
0.0926
0.0922
0.0921
0.09
0.0914
0.0913
0.0911
0.0934
0.0926
0.103
0.0911
0.0909
0.0907
0.0919
0.0845
0.092
0.108
0.0992
0.0931
0.1075
0.0943
0.1252
0.1054
0.1043
0.0927
0.0933
0.122
0.0919
0.0936
0.0991
0.0928
0.0934
0.0933
0.0912
0.0908
0.0911
0.0928
0.0937
0.0923
0.0939
0.0935
0.0932
0.095
0.0936
0.0933
0.1005
0.091
0.0913
0.0907
0.0923
0.0935
0.0922
0.0936
0.0918
0.0907
0.093
0.0945
0.0921
0.0928
0.0901
0.0909
0.093
0.0936
0.0903
0.0955
0.0954
0.0928
0.0928
0.0938
0.0936
0.0911
0.1184
0.0992
0.0988
0.0956
0.0952
0.0946
0.0917
0.1232
0.0949
0.0974
0.0931
0.0925
0.0917
0.093
0.0926
0.0913
0.0926
0.0939
0.0936
0.0943
0.0927
0.0921
0.0926
0.0922
0.0907
0.127
0.1001
0.0966
0.094
0.0928
0.0942
0.0918
0.0912
0.0938
0.0927
0.0917
0.091
0.0918
0.0924
0.0908
0.0932
0.0889
0.0921
0.0933
0.0931
0.0905
0.0918
0.0941
0.094
0.0934
0.0941
0.0942
0.092
0.0927
0.0997
0.0919
0.0965
0.0922
0.0928
0.0937
0.0913
0.0907
0.0907
0.0914
0.0906
0.1248
0.0939
0.0928
0.0923
0.092
0.0911
0.0916
0.0911
0.0905
0.097
0.0937
0.0932
0.0926
0.0916
0.0916
0.0916
0.0915
0.0903
0.0929
0.0944
0.0926
0.093
0.0914
0.0904
0.092
0.0844
0.0927
0.0931
0.093
0.0927
0.0913
0.0913
0.0911
0.091
0.0948

-------------------------------------
CodechalDecodeHevcG12::SetFrameStates
-------------------------------------
0.6857
0.7878
2.1621
0.3136
0.4609
0.2347
0.2084
0.2273
0.1485
0.1416
0.1805
0.1421
0.1413
0.1432
0.1995
0.1411
0.1403
0.1398
0.1406
0.1435
0.1415
0.1416
0.1426
0.1443
0.1421
0.1404
0.141
0.1482
0.1495
0.1462
0.1464
0.148
0.153
0.1411
0.1407
0.1404
0.1398
0.1411
0.1413
0.1407
0.1416
0.1408
0.1436
0.145
0.1411
0.2041
0.1402
0.1396
0.1445
0.0481
0.157
0.1404
0.1411
0.1646
0.1505
0.1448
0.1431
0.1423
0.1425
0.1418
0.1464
0.1471
0.1438
0.148
0.1414
0.1417
0.1398
0.1756
0.1404
0.1514
0.1425
0.1428
0.1412
0.1457
0.1397
0.1442
0.1444
0.1465
0.1393
0.1394
0.1402
0.1395
0.1389
0.1426
0.1402
0.1406
0.139
0.1458
0.1421
0.1397
0.1397
0.1405
0.1412
0.1449
0.1448
0.1456
0.1433
0.1448
0.0455
0.1413
0.1403
0.141
0.1444
0.1437
0.1408
0.1402
0.1401
0.1402
0.1477
0.1445
0.142
0.1559
0.1437
0.1412
0.1465
0.1397
0.1445
0.1452
0.1429
0.1408
0.1391
0.1408
0.1402
0.1393
0.1429
0.148
0.1399
0.1408
0.1397
0.1392
0.139
0.1552
0.1453
0.1428
0.1397
0.1391
0.1393
0.1393
0.1417
0.1443
0.1434
0.1449
0.1433
0.1402
0.1414
0.1403
0.146
0.0448
0.1386
0.1401
0.1396
0.1387
0.1398
0.1438
0.1412
0.1386
0.1393
0.1398
0.1399
0.1509
0.1429
0.145
0.1423
0.1399
0.1401
0.1398
0.1384
0.1386
0.1531
0.1439
0.1443
0.1452
0.1399
0.1412
0.1392
0.1403
0.1481
0.1459
0.1424
0.1421
0.1431
0.1462
0.1429
0.1472
0.1426
0.1547
0.1414
0.1424
0.1433
0.1417
0.14
0.1526
0.142
0.1445
0.1389
0.139
0.0469
0.1463
0.143
0.1464
0.1415
0.1422
0.1423
0.1421
0.1487
0.1388
0.1445
0.1442
0.1431
0.1445
0.1424
0.1643
0.1386
0.1394
0.1398
0.1396
0.1389
0.1418
0.1469
0.1419
0.1426
0.1427
0.1437
0.1396
0.1399
0.1397
0.1396
0.15
0.1454
0.1444
0.1437
0.1428
0.1439
0.1395
0.1389
0.1393
0.1397
0.1392
0.1463
0.1454
0.1424
0.1423
0.1417
0.1473
0.1437
0.0429
0.1387
0.1396
0.1387
0.1428
0.1449
0.1428
0.1466
0.142
0.1421
0.144
0.1403
0.1402
0.1392
0.1388
0.1389
0.1393
0.1424
0.1426
0.1428
0.143
0.1421
0.145
0.1389
0.1391
0.1393
0.1398
0.1385
0.1387
0.1465
0.142
0.1413
0.1428
0.1412
0.1408
0.1471
0.1392
0.1381
0.1391
0.1389
0.1369
0.1394
0.1453
0.1414
0.1443
0.1474
0.1436
0.1399
0.1413
0.0503
0.1422
0.1412
0.1575
0.1404
0.1413
0.1402
0.1405
0.1435
0.1444
0.1446
0.1453
0.1401
0.1403
0.1527
0.1408
0.1396
0.1404
0.1458
0.1457
0.1392
0.139
0.1472
0.1392
0.1509
0.1461
0.1525
0.1553
0.1386
0.1388
0.1403
0.1395
0.1476
0.1435
0.1436
0.1463
0.14
0.139
0.1395
0.139
0.1387
0.1421
0.1418
0.1449
0.1469
0.1392
0.138
0.1398
0.1388
0.0429
0.1415
0.1462
0.1418
0.1397
0.1452
0.1398
0.153
0.147
0.1548
0.1399
0.1411
0.1479
0.1395
0.1562
0.1419
0.1473
0.1422
0.1401
0.1381
0.1401
0.1386
0.1434
0.143
0.1548
0.1419
0.141
0.1398
0.1487
0.1423
0.1394
0.1393
0.1388
0.1385
0.1401
0.1449
0.1435
0.1399
0.1399
0.1393
0.1395
0.1421
0.1455
0.1425
0.1613
0.139
0.138
0.1418
0.1466
0.0642
0.1447
0.1413
0.1397
0.1396
0.1452
0.1395
0.1395
0.1471
0.143
0.1443
0.1441
0.1402
0.1397
0.1387
0.1479
0.1472
0.1441
0.1418
0.158
0.1396
0.1404
0.139
0.1384
0.1395
0.1476
0.1488
0.143
0.1399
0.1398
0.1383
0.1382
0.1395
0.1677
0.143
0.1497
0.1415
0.1406
0.1406
0.1388
0.1404
0.1441
0.1438
0.1426
0.1382
0.1397
0.1396
0.1384
0.1407
0.0478
0.1431
0.1396
0.1418
0.1397
0.1395
0.1458
0.1453
0.144
0.1438
0.1463
0.1393
0.1399
0.1394
0.1382
0.1439
0.1429
0.1549
0.1447
0.1393
0.139
0.1388
0.1395
0.1402
0.1387
0.1423
0.1422
0.1459
0.1393
0.1388
0.1385
0.1391
0.1385
0.149
0.1458
0.142
0.1409
0.1391
0.1701
0.1395
0.1389
0.1394
0.1429
0.1452
0.1413
0.1397
0.1393
0.1394
0.1392
0.0433
0.1444
0.1469
0.1465
0.1541
0.1379
0.1392
0.1394
0.1392
0.147

--------------------------
CreateVideoDecoder_D3D11_1
--------------------------
13.9879

---------------------------
DestroyVideoDecoder_D3D11_1
---------------------------
0

----------------
First Frame Time
----------------
55.8238

--------------------------------------
VideoDecoderBeginFrame_WDDM2_4_D3D11_1
--------------------------------------
0.0094
0.0043
0.0031
0.0026
0.0023
0.0022
0.0023
0.0021
0.0021
0.0023
0.0032
0.0023
0.002
0.0025
0.0028
0.0023
0.0018
0.0018
0.0017
0.0027
0.0021
0.0018
0.0019
0.002
0.0022
0.0017
0.0018
0.0018
0.0028
0.0018
0.0019
0.0024
0.0022
0.0017
0.0018
0.0017
0.0018
0.0017
0.0026
0.0019
0.0019
0.0017
0.004
0.0017
0.0019
0.0027
0.002
0.0019
0.0021
0.0021
0.0039
0.0019
0.0019
0.0038
0.0028
0.0024
0.0021
0.0021
0.0018
0.0018
0.0019
0.002
0.0018
0.0034
0.0022
0.002
0.0018
0.0018
0.002
0.0034
0.0023
0.0021
0.0018
0.0027
0.0019
0.0018
0.0019
0.0018
0.0018
0.0019
0.0019
0.0018
0.0017
0.0019
0.0018
0.0019
0.0017
0.0022
0.0017
0.0017
0.0017
0.0019
0.002
0.0017
0.003
0.0018
0.0017
0.0019
0.002
0.0017
0.0018
0.0018
0.0017
0.0016
0.0019
0.0019
0.0017
0.0017
0.0019
0.0017
0.0018
0.0035
0.0021
0.002
0.0027
0.0019
0.0025
0.0017
0.0017
0.0019
0.0016
0.0018
0.0018
0.0019
0.0018
0.0018
0.0018
0.0018
0.0017
0.0016
0.0018
0.0019
0.0018
0.0018
0.0019
0.0017
0.0017
0.0018
0.0019
0.0017
0.0019
0.0058
0.0016
0.0017
0.0017
0.0018
0.0019
0.0019
0.0018
0.0016
0.0017
0.0016
0.0016
0.0017
0.0017
0.0018
0.0019
0.0019
0.0016
0.0017
0.0016
0.0017
0.0016
0.0019
0.0019
0.0018
0.0017
0.0017
0.0016
0.0016
0.0018
0.0017
0.0018
0.0018
0.0017
0.0018
0.0016
0.0017
0.0018
0.0016
0.0018
0.0016
0.0016
0.0017
0.0018
0.0017
0.0015
0.0017
0.0017
0.0016
0.0018
0.0034
0.0017
0.0018
0.0017
0.0017
0.0017
0.0017
0.0018
0.0018
0.002
0.0018
0.0017
0.0019
0.0019
0.0018
0.0017
0.0015
0.0016
0.0016
0.0015
0.0031
0.0018
0.0016
0.0017
0.0017
0.0017
0.0016
0.0016
0.0016
0.0017
0.0017
0.0018
0.0017
0.0015
0.0017
0.0017
0.0031
0.002
0.0018
0.0017
0.0016
0.0016
0.0018
0.0015
0.0017
0.0017
0.0017
0.0014
0.0017
0.0017
0.0017
0.0016
0.0016
0.0019
0.0019
0.0016
0.0017
0.0017
0.0016
0.0016
0.0016
0.0016
0.0025
0.0018
0.0017
0.0019
0.0017
0.0016
0.0016
0.0015
0.0016
0.0016
0.0017
0.0016
0.0017
0.0016
0.0016
0.0019
0.0015
0.0017
0.0017
0.0016
0.0017
0.0016
0.0016
0.0015
0.0016
0.0015
0.0016
0.002
0.0016
0.0016
0.0015
0.0016
0.0016
0.0015
0.0016
0.0015
0.0016
0.0016
0.0017
0.0019
0.0018
0.002
0.002
0.0018
0.0018
0.0018
0.0018
0.0019
0.0019
0.0021
0.002
0.0017
0.0019
0.0019
0.0016
0.0034
0.0017
0.0017
0.0018
0.0017
0.0019
0.0019
0.0018
0.0036
0.0018
0.0018
0.0019
0.0031
0.0019
0.0018
0.0016
0.0017
0.0017
0.0033
0.0017
0.0017
0.0016
0.0019
0.0018
0.0018
0.0017
0.0016
0.0016
0.0018
0.0016
0.0018
0.0017
0.0016
0.0016
0.0017
0.0019
0.0017
0.0027
0.0022
0.0021
0.0028
0.0019
0.0038
0.0022
0.002
0.0018
0.0019
0.0034
0.0018
0.0017
0.0018
0.0017
0.0019
0.0019
0.0018
0.0018
0.0019
0.0017
0.0018
0.0019
0.0018
0.0018
0.0018
0.0018
0.0018
0.0018
0.0016
0.0018
0.0019
0.0018
0.0016
0.0016
0.0018
0.0019
0.0019
0.0018
0.0018
0.0018
0.0018
0.0017
0.0018
0.0017
0.0017
0.0018
0.0019
0.002
0.0018
0.0018
0.0018
0.0018
0.0019
0.0017
0.0035
0.0025
0.0021
0.002
0.0019
0.0017
0.0017
0.0033
0.0018
0.0018
0.0018
0.0019
0.0017
0.0018
0.0017
0.0016
0.0016
0.0017
0.0018
0.0017
0.0019
0.0017
0.0017
0.0017
0.0018
0.0031
0.0021
0.0019
0.0017
0.0017
0.0018
0.0017
0.0017
0.0017
0.0017
0.0018
0.0018
0.0017
0.0017
0.0018
0.002
0.0019
0.0016
0.0019
0.0017
0.0016
0.0018
0.0017
0.0017
0.0017
0.0017
0.0025
0.0018
0.0017
0.0018
0.0018
0.0015
0.0017
0.0016
0.0017
0.0018
0.0017
0.0017
0.0017
0.0017
0.0017
0.0019
0.0017
0.0017
0.0018
0.0016
0.0018
0.0017
0.0017
0.0046
0.0019
0.0017
0.0018
0.0018
0.0016
0.0018
0.0016
0.0017
0.0016
0.0017
0.0017
0.002
0.0017
0.0017
0.002
0.0017
0.0016
0.0024
0.0016
0.0018
0.0017
0.0018
0.0017
0.0018
0.0017

----------------------------
VideoDecoderEndFrame_D3D11_1
----------------------------
0.0425
0.0631
0.0572
0.0542
0.057
0.0611
0.0557
0.0568
0.0542
0.0541
0.0792
0.0606
0.0542
0.0682
0.079
0.0544
0.0536
0.0548
0.0543
0.0651
0.0554
0.0531
0.0541
0.0542
0.0528
0.0525
0.0525
0.0511
0.0526
0.0498
0.0543
0.0543
0.0536
0.0692
0.0501
0.0547
0.0513
0.0535
0.0537
0.052
0.0529
0.0519
0.053
0.05
0.054
0.0794
0.05
0.053
0.0525
0.051
0.0588
0.0502
0.0551
0.0592
0.0532
0.058
0.051
0.0515
0.0524
0.0503
0.0527
0.0502
0.052
0.0532
0.051
0.052
0.0664
0.0504
0.0526
0.0599
0.0505
0.0502
0.058
0.058
0.0501
0.0519
0.0503
0.0511
0.0502
0.0496
0.0505
0.0513
0.0515
0.0516
0.0512
0.0509
0.0557
0.0525
0.059
0.0511
0.0524
0.0521
0.0543
0.0499
0.0529
0.0514
0.0495
0.0518
0.0498
0.0537
0.0506
0.0514
0.0536
0.0495
0.0528
0.0517
0.05
0.0522
0.0512
0.0544
0.0498
0.0582
0.0539
0.0534
0.0541
0.0519
0.0516
0.0527
0.0518
0.0512
0.0702
0.0507
0.0528
0.0516
0.0514
0.0512
0.0496
0.0513
0.0525
0.0512
0.0527
0.0502
0.0519
0.0512
0.0521
0.0516
0.0504
0.0516
0.0518
0.0503
0.0513
0.058
0.0521
0.0495
0.0504
0.0495
0.0525
0.0518
0.0502
0.0506
0.0506
0.0519
0.0523
0.0514
0.0514
0.0507
0.05
0.0517
0.0511
0.0506
0.0519
0.0493
0.0514
0.0508
0.0524
0.0504
0.0496
0.0495
0.0514
0.0518
0.0525
0.0521
0.0493
0.0523
0.051
0.0517
0.0509
0.063
0.0499
0.0518
0.0527
0.051
0.0521
0.0522
0.0529
0.051
0.0505
0.0514
0.0507
0.0508
0.0498
0.0592
0.05
0.0508
0.0518
0.0517
0.0512
0.0505
0.0508
0.0516
0.0518
0.0512
0.0505
0.0514
0.0508
0.0511
0.0519
0.051
0.0493
0.0509
0.0494
0.0555
0.0502
0.0591
0.0576
0.052
0.0511
0.0531
0.0503
0.0511
0.0512
0.0506
0.0576
0.0524
0.0536
0.0501
0.0537
0.0578
0.0516
0.052
0.0523
0.0513
0.0498
0.0509
0.0537
0.0536
0.0536
0.0588
0.0518
0.054
0.056
0.0509
0.0502
0.0506
0.0508
0.0518
0.05
0.051
0.0507
0.0518
0.052
0.0537
0.054
0.057
0.0545
0.0688
0.0604
0.0499
0.0538
0.0542
0.0537
0.058
0.0513
0.0644
0.0504
0.0506
0.0506
0.0498
0.0509
0.0511
0.0535
0.0511
0.0507
0.051
0.052
0.0511
0.0509
0.0495
0.0504
0.0512
0.0515
0.0509
0.0514
0.0508
0.0507
0.0491
0.0494
0.0508
0.0513
0.0516
0.0519
0.0506
0.0505
0.0491
0.0651
0.0517
0.053
0.0495
0.0546
0.0504
0.0516
0.0601
0.0508
0.0498
0.0521
0.05
0.0501
0.0523
0.0622
0.0512
0.0497
0.0515
0.0527
0.0508
0.0518
0.0495
0.0599
0.0497
0.0515
0.0501
0.0577
0.0517
0.0523
0.0514
0.0515
0.0604
0.0603
0.0518
0.0507
0.0496
0.0519
0.0506
0.0497
0.0516
0.0505
0.0512
0.0506
0.0514
0.0521
0.0496
0.0555
0.0508
0.051
0.0504
0.0507
0.054
0.0527
0.0513
0.0598
0.0553
0.0613
0.0531
0.0539
0.0521
0.053
0.0593
0.0527
0.0496
0.0514
0.0512
0.0503
0.051
0.0508
0.0518
0.0512
0.0506
0.0521
0.05
0.0507
0.0517
0.0529
0.0515
0.052
0.0496
0.0496
0.0515
0.0523
0.0494
0.0524
0.0511
0.0507
0.0508
0.0508
0.0507
0.0526
0.052
0.0508
0.05
0.0512
0.0501
0.0643
0.0523
0.0534
0.0522
0.0493
0.052
0.0501
0.0517
0.0507
0.051
0.054
0.0515
0.0539
0.0534
0.0513
0.0518
0.0518
0.0568
0.0557
0.0548
0.0519
0.0503
0.0523
0.0507
0.0511
0.0523
0.0493
0.0502
0.0507
0.0514
0.0519
0.0518
0.0514
0.0504
0.0502
0.0584
0.0531
0.05
0.0513
0.0507
0.0536
0.051
0.0515
0.0525
0.0511
0.051
0.051
0.0501
0.0516
0.0589
0.0511
0.0518
0.0507
0.0501
0.0507
0.0508
0.051
0.0517
0.052
0.0507
0.0525
0.0495
0.051
0.0515
0.0498
0.0501
0.0495
0.0517
0.0505
0.0501
0.0497
0.0518
0.0497
0.0513
0.0497
0.0512
0.0514
0.0511
0.0545
0.0539
0.051
0.0513
0.0508
0.0505
0.0598
0.0532
0.0512
0.0517
0.0508
0.0572
0.0491
0.055
0.0507
0.0492
0.0525
0.051
0.0531
0.0518
0.0503
0.0531
0.0508
0.0543
0.0496
0.0494
0.0512
0.0504
0.0508
0.05
0.0515
0.0501

---------------------------------
VideoDecoderSubmitBuffers_D3D11_1
---------------------------------
1.4484
1.1114
2.4044
0.5373
0.6683
0.4492
0.4096
0.4391
0.3284
0.323
0.4564
0.3332
0.3274
0.3349
0.4307
0.3251
0.3155
0.3135
0.3252
0.3321
0.3363
0.3289
0.3327
0.3325
0.3213
0.3154
0.3185
0.3215
0.3293
0.3181
0.3578
0.3775
0.363
0.3297
0.3177
0.3138
0.3156
0.3181
0.3236
0.317
0.3128
0.3124
0.3191
0.3184
0.3212
0.4576
0.3196
0.3123
0.3333
0.2213
0.4512
0.3221
0.3292
0.4826
0.3788
0.3511
0.3341
0.3335
0.3257
0.3195
0.3293
0.3325
0.3194
0.3439
0.321
0.319
0.3144
0.356
0.3203
0.4221
0.3277
0.3221
0.3149
0.3541
0.3148
0.316
0.321
0.3186
0.3145
0.3152
0.3138
0.3108
0.3203
0.3181
0.3145
0.3169
0.3136
0.3625
0.3323
0.3184
0.3141
0.3175
0.3187
0.3211
0.3467
0.3182
0.3146
0.3244
0.2179
0.3127
0.3142
0.3161
0.3195
0.316
0.3174
0.317
0.3112
0.3123
0.3244
0.3195
0.3165
0.4202
0.3324
0.3166
0.353
0.3145
0.3181
0.3268
0.3168
0.3135
0.3099
0.3108
0.3168
0.3146
0.314
0.3196
0.3169
0.3149
0.3102
0.3094
0.3147
0.3326
0.3161
0.3189
0.315
0.3078
0.3091
0.3104
0.3158
0.3167
0.3197
0.3283
0.3152
0.3127
0.3147
0.3101
0.3234
0.2182
0.3126
0.3114
0.316
0.3094
0.3229
0.3165
0.3128
0.3128
0.3159
0.3136
0.3089
0.323
0.3149
0.3168
0.3138
0.3134
0.3152
0.3127
0.3075
0.3086
0.3243
0.3296
0.3202
0.3163
0.3147
0.3176
0.3098
0.3138
0.3204
0.3217
0.3145
0.3134
0.3325
0.3213
0.3236
0.3235
0.3206
0.3273
0.312
0.3133
0.3155
0.3129
0.3123
0.4035
0.3174
0.3207
0.3099
0.3185
0.2126
0.3177
0.316
0.3226
0.3279
0.3188
0.3192
0.3228
0.3346
0.3109
0.314
0.3132
0.3138
0.3132
0.3125
0.3517
0.3078
0.3071
0.3154
0.3117
0.307
0.3119
0.3162
0.3111
0.3203
0.3159
0.3193
0.3105
0.309
0.3087
0.3087
0.4017
0.3276
0.3182
0.3145
0.3116
0.3139
0.3124
0.3087
0.3068
0.3074
0.3079
0.3172
0.3162
0.3164
0.3166
0.3126
0.3181
0.3356
0.2097
0.3075
0.3089
0.3089
0.3134
0.3149
0.3167
0.3248
0.3148
0.3149
0.3142
0.3145
0.3104
0.3079
0.3113
0.3095
0.31
0.3167
0.3147
0.3148
0.315
0.3149
0.3174
0.3131
0.3075
0.3102
0.3157
0.3073
0.3061
0.316
0.3117
0.3104
0.3129
0.3152
0.3104
0.3232
0.3066
0.3039
0.3057
0.306
0.3022
0.3064
0.3159
0.3111
0.313
0.3204
0.3143
0.3136
0.3135
0.252
0.3327
0.3213
0.3336
0.3143
0.3188
0.321
0.3176
0.321
0.3207
0.3178
0.3245
0.3155
0.31
0.4135
0.3162
0.3106
0.3252
0.3181
0.3236
0.3141
0.3075
0.3524
0.311
0.3298
0.3246
0.3963
0.3323
0.3097
0.3084
0.3139
0.3085
0.3836
0.3156
0.3145
0.3172
0.3139
0.3113
0.3089
0.3074
0.3078
0.3107
0.3142
0.3153
0.332
0.3077
0.3068
0.3082
0.3095
0.2084
0.3102
0.3554
0.3309
0.3126
0.3526
0.3171
0.3964
0.3415
0.3468
0.3164
0.3167
0.3826
0.3101
0.3391
0.3244
0.3205
0.3187
0.3152
0.3076
0.3093
0.3105
0.3163
0.3172
0.33
0.3301
0.3176
0.3142
0.3275
0.3155
0.3132
0.3187
0.3085
0.3083
0.3081
0.3159
0.3162
0.3163
0.3168
0.3139
0.3113
0.3165
0.3204
0.3132
0.337
0.3098
0.3072
0.3229
0.323
0.2405
0.3279
0.3174
0.3146
0.3156
0.3188
0.317
0.3105
0.377
0.3288
0.3317
0.3231
0.3187
0.3147
0.3097
0.3862
0.323
0.3302
0.3189
0.3325
0.3099
0.3178
0.3118
0.3087
0.3098
0.3242
0.3241
0.3169
0.3131
0.3097
0.3093
0.3099
0.3091
0.4144
0.3314
0.3382
0.3207
0.3131
0.319
0.3086
0.3089
0.3157
0.3162
0.3131
0.3098
0.3098
0.3101
0.3063
0.3171
0.2201
0.3144
0.3142
0.3159
0.3088
0.3095
0.3179
0.317
0.3146
0.3163
0.3332
0.309
0.3161
0.3177
0.3078
0.3177
0.3118
0.325
0.3156
0.3111
0.3094
0.3073
0.3087
0.3078
0.3476
0.3151
0.3123
0.3171
0.3116
0.3064
0.3095
0.3119
0.3061
0.3292
0.3227
0.3138
0.3119
0.3121
0.3398
0.3123
0.3097
0.3082
0.3137
0.3175
0.3193
0.3137
0.3081
0.3075
0.3095
0.2072
0.3153
0.3202
0.3171
0.3267
0.3061
0.3087
0.3082
0.3086
0.3188

