---------------------------------------------
CalcPrivateVideoDecoderOutputViewSize_D3D11_1
---------------------------------------------
0.002
0.0011
0.0013
0.0013
0.0029
0.0042
0.0053
0.0009
0.0015
0.0015
0.0008
0.0007
0.0007
0.0018
0.0006
0.0006
0.0006
0.0011
0.0009
0.0025
0.001
0.0008
0.0009
0.0012
0.0008
0.0007
0.0007
0.0006
0.0019
0.0009
0.0007
0.0008
0.001
0.0015
0.0009
0.0008
0.0007
0.0008
0.0007
0.0009
0.0006
0.0009
0.0029
0.0009
0.0009
0.0015
0.0008
0.001
0.0015
0.001
0.0007
0.0014
0.0008
0.0009
0.0015
0.0008
0.0007
0.0008
0.0006
0.0008
0.0007
0.0007
0.0005
0.0018
0.0006
0.0008
0.001
0.0007
0.0006
0.0008
0.0005
0.0008
0.0006
0.0007
0.0006
0.001
0.0006
0.0008
0.0006
0.0007
0.0005
0.0007
0.0006
0.0008
0.0005
0.0007
0.0006
0.0008
0.0006
0.0007
0.0006
0.0008
0.0006
0.0008
0.0024
0.0008
0.0006
0.0007
0.0007
0.001
0.0014
0.0009
0.001
0.0007
0.0007
0.0014
0.0015
0.0014
0.0009
0.0008
0.0018
0.0008
0.0009
0.0006
0.0007
0.0007
0.0005
0.0006
0.0007
0.0007
0.0007
0.0011
0.0009
0.0008
0.0009
0.0007
0.0007
0.0006
0.0007
0.0006
0.001
0.0005
0.0006
0.0008
0.0006
0.0006
0.0023
0.0008
0.0006
0.0006
0.0006
0.0112
0.0006
0.0006
0.0006
0.0006
0.0006
0.0006
0.0006
0.0006
0.0007
0.0009
0.0006
0.0007
0.0009
0.0007
0.0016
0.0013
0.0009
0.0019
0.0011
0.0008
0.0008
0.0014
0.0016
0.0015
0.001
0.0009
0.0007
0.0007
0.0009
0.0006
0.0007
0.0015
0.0014
0.0008
0.0008
0.0012
0.0008
0.0012
0.0008
0.0007
0.0007
0.0013
0.0007
0.0008
0.0007
0.0008
0.0007
0.0007
0.0007
0.0015
0.001
0.0008
0.0007
0.0008
0.0018
0.0006
0.0008
0.0012
0.0007
0.001
0.0007
0.0007
0.0017
0.0009
0.0008
0.0011
0.0007
0.0009
0.0009
0.0148
0.0007
0.0011
0.0008
0.0007
0.0007
0.0007
0.0006
0.0006
0.0006
0.0006
0.0006
0.0006
0.0009
0.0006
0.0006
0.0016
0.001
0.0008
0.0008
0.0008
0.0006
0.001
0.0006
0.0006
0.001
0.0006
0.0006
0.0007
0.0006
0.0006
0.0006
0.0006
0.0006
0.0006
0.0005
0.0008
0.0005
0.001
0.0006
0.0005
0.0009
0.0007
0.0005
0.0006
0.0005
0.0006
0.0005
0.0006
0.0005
0.0006
0.0007
0.0008
0.0007
0.0017
0.0015
0.001
0.001
0.0013
0.0007
0.0012
0.0035
0.001
0.0011
0.0016
0.0008
0.0014
0.0015
0.0013
0.0013
0.0012
0.0013
0.0012
0.0012
0.0013
0.0012
0.0012
0.0011
0.0012
0.0012
0.0012
0.0012
0.0007
0.0007
0.0015
0.0013
0.0012
0.0015
0.0008
0.0013
0.001
0.0005
0.001
0.0013
0.0009
0.0016
0.0013
0.001
0.0021
0.0009
0.0009
0.0007
0.0016
0.0007
0.0008
0.0061
0.0007
0.0006
0.0007
0.0006
0.0009
0.0006
0.0008
0.0011
0.0006
0.0006
0.0009
0.0008
0.0005
0.0015
0.0007
0.0006
0.0009
0.0006
0.0005
0.0009
0.0005
0.0008
0.0006
0.0006
0.0006
0.0007
0.0006
0.0007
0.0006
0.002
0.0015
0.0013
0.0014
0.0021
0.0012
0.0013
0.0015
0.001
0.0012
0.0008
0.0007
0.0007
0.0007
0.0007
0.0009
0.0007
0.0007
0.0007
0.0005
0.0009
0.0006
0.0015
0.0009
0.0009
0.0014
0.0009
0.0007
0.0007
0.0014
0.001
0.0008
0.0007
0.0009
0.0013
0.0007
0.0006
0.0009
0.0006
0.0009
0.0006
0.001
0.0006
0.0006
0.0007
0.0008
0.0006
0.0008
0.0007
0.0006
0.0009
0.0007
0.0006
0.0008
0.0006
0.0006
0.0014
0.001
0.0008
0.001
0.0007
0.0006
0.0008
0.0006
0.0007
0.0018
0.0017
0.0008
0.0008
0.0007
0.0007
0.0007
0.0007
0.0007
0.0015
0.0007
0.0006
0.0007
0.0007
0.0011
0.0011
0.002
0.0013
0.0011
0.0012
0.0018
0.0016
0.0014
0.0014
0.0015
0.0014
0.0011
0.0011
0.0013
0.0009
0.0011
0.0009
0.0013
0.0013
0.0012
0.0009
0.0009
0.0014
0.001
0.0008
0.0013
0.0017
0.0009
0.0009
0.0008
0.0011
0.0008
0.0011
0.0014
0.0012
0.001
0.0016
0.0027
0.0016
0.0013
0.0011
0.0009
0.0014
0.0014
0.0015
0.002
0.001
0.0008
0.0038
0.0014
0.0009
0.0009
0.0007
0.0013
0.001
0.001
0.0014
0.0008
0.0007
0.0011
0.0009
0.0007
0.0007
0.0008
0.0006
0.0006
0.0016
0.001
0.0008
0.0014
0.001
0.0013
0.0008
0.0018
0.0011
0.001
0.0016
0.0011
0.0026
0.0017
0.0018
0.0009
0.0015
0.0016
0.0011
0.0012
0.001
0.0006
0.001
0.0009
0.0006
0.0006
0.0032
0.0011
0.0012
0.0008
0.0009
0.0008
0.0007
0.0009
0.0009
0.0007
0.0007
0.0007
0.0007
0.0007
0.0014
0.0008
0.0013
0.0007
0.0014
0.0009
0.0015
0.0009
0.0017
0.0014
0.0009
0.0011
0.0008
0.0011
0.0007
0.0007
0.0018
0.0008
0.0008
0.0007
0.0009
0.0006
0.0009
0.0006
0.0009
0.0007
0.0007
0.0006
0.0006
0.0005
0.0006
0.0007
0.0008
0.0007
0.001
0.0008
0.0009
0.0006
0.0008
0.0006
0.001
0.0006
0.0006
0.0006
0.0008
0.0006
0.0015
0.0009
0.0008
0.0008
0.0009
0.0007
0.0009
0.0007
0.0008
0.0007
0.0008
0.0007
0.0008
0.0013
0.001
0.0008
0.0009
0.0007
0.0007
0.0007
0.0006
0.0007

-----------------------
CodechalDecode::Execute
-----------------------
1.4105
0.6093
0.8129
0.7867
0.9256
0.6714
0.628
0.5886
0.6826
0.7398
0.5931
0.6519
0.6942
0.5158
0.5517
0.5477
2.6481
2.5156
2.4069
0.4959
0.4833
0.4725
2.0729
0.5215
0.3762
0.3669
0.3784
0.3836
0.3874
0.4058
0.4403
1.2302
0.3971
0.4083
0.3738
0.3721
0.3714
0.3767
0.3891
0.4052
0.3982
0.365
0.3578
0.3599
0.3678
0.4197
0.3712
0.3983
0.373
0.3672
0.3607
0.4098
0.3668
0.3706
0.3596
0.3639
0.3592
0.3647
0.3581
0.3649
0.36
0.3615
0.3612
0.3676
0.3343
0.3644
0.3666
0.3658
0.3585
0.3644
0.3572
0.3649
0.3572
0.3588
0.3583
0.3684
0.356
0.3672
0.3562
0.3629
0.3564
0.3625
0.3557
0.3612
0.3556
0.3619
0.3561
0.3622
0.3542
0.3637
0.3572
0.3684
0.3535
0.3552
0.3697
0.3602
0.3539
0.4499
1.5941
0.4199
0.4195
0.3744
0.3694
0.3616
0.3613
0.4135
0.5124
1.1744
0.3824
0.4739
2.8184
0.3716
0.3697
0.3666
0.372
0.3868
0.3728
0.369
0.3716
0.3843
0.3928
0.4991
0.4019
0.374
0.3679
0.3607
0.3673
0.3723
0.3633
0.3663
3.6978
0.3592
0.3708
0.3716
0.3702
0.383
0.4922
0.3743
0.3649
0.3631
0.361
0.3686
0.3582
0.3588
0.3664
0.3697
0.3752
0.3623
0.361
0.3549
0.3589
0.3635
0.348
0.3759
0.3824
0.3795
0.4495
0.3891
0.3852
0.4108
0.3782
0.3744
0.3702
0.6921
4.1852
0.4254
0.4008
0.3873
0.3677
0.3651
0.3709
0.3613
0.3621
0.5149
0.3984
0.3726
0.3573
0.5468
0.3643
0.5285
0.3609
0.3633
0.3585
0.5455
0.3674
0.3624
0.3625
0.3691
0.3604
0.3645
0.3615
0.5503
0.3721
0.3628
0.3584
0.3609
0.4992
0.3567
0.3649
0.5575
0.3607
0.5527
0.3684
0.9337
0.4201
0.3867
0.3753
0.5155
0.3627
0.5009
0.3719
0.3659
0.3704
0.5246
0.365
0.3595
0.3707
0.3578
0.3598
0.3711
0.3603
0.3688
0.3646
0.3613
0.3681
0.3562
0.356
0.4476
0.3743
0.352
0.3592
0.3765
0.3637
0.5184
0.4066
0.3775
0.3634
0.3638
0.3647
0.3694
0.3661
0.3777
0.3678
0.3828
0.3743
0.3775
0.383
0.3967
0.4059
0.3873
0.3617
0.3597
0.3581
0.3608
0.387
0.3572
0.3588
0.36
0.3632
0.3641
0.3603
0.3732
0.3607
0.3985
0.3708
0.408
0.5692
0.3839
0.3744
0.5507
0.3644
0.5465
0.6781
0.3807
0.3933
0.6105
0.3653
0.5558
0.5551
0.5631
0.5581
0.5542
0.5584
0.555
0.5547
0.5583
0.5596
0.5573
0.5474
0.5493
0.5457
0.5452
0.4719
0.3594
0.3705
0.3949
0.3815
0.3734
0.5605
0.3752
0.55
0.3626
0.3514
0.3616
0.5504
0.3603
0.5755
0.5596
0.5547
0.4211
0.3797
0.3701
0.3634
0.3609
0.3635
0.3663
0.3633
0.3604
0.3628
0.3609
0.3618
0.3637
0.3615
0.3603
0.5498
0.3638
0.3642
0.3638
0.34
0.3495
0.3597
0.3543
0.3584
0.3706
0.3622
0.3589
0.3621
0.3585
0.3648
0.356
0.3572
0.3635
0.3617
0.363
0.3628
0.359
0.5907
0.564
0.5588
0.5603
0.5604
0.5587
0.5497
0.4152
0.3752
0.5663
0.363
0.3532
0.3565
0.3593
0.3598
0.344
0.3636
0.3667
0.3785
0.3651
0.3645
0.3636
0.4091
0.3711
0.3621
0.5561
0.3636
0.3633
0.3595
0.4121
0.3721
0.3734
0.3637
0.3862
0.5535
0.3685
0.3635
0.365
0.359
0.3611
0.3592
0.3693
0.3647
0.357
0.3642
0.3627
0.364
0.3732
0.3419
0.3641
0.3658
0.3646
0.3601
0.3642
0.3573
0.3546
0.4102
0.3709
0.361
0.3646
0.3629
0.3507
0.3582
0.3519
0.3524
0.5958
0.5701
0.3674
0.3762
0.3596
0.3568
0.3586
0.3748
0.357
0.5572
0.3734
0.3719
0.3662
0.3598
0.4041
0.404
0.3908
0.6151
0.4056
0.5698
0.6504
0.622
0.6117
0.5751
0.5602
0.4267
0.4
0.3823
0.3739
0.4617
0.5695
0.3903
0.3779
0.4502
0.4058
0.3949
0.3803
0.4721
0.553
0.5713
0.4325
0.4217
0.3731
0.3648
0.3732
0.3824
0.3653
0.512
0.4245
0.361
0.3903
0.4063
0.4009
0.4244
0.4748
0.4613
0.3835
0.4819
0.4812
0.4843
0.441
0.3792
0.3688
0.3852
0.4495
0.3856
0.5143
0.3656
0.5284
0.4139
0.378
0.4639
0.4051
0.3773
0.5581
0.3814
0.3868
0.3771
0.3654
0.3737
0.3604
0.5638
0.3641
0.3713
0.568
0.3946
0.5725
0.3877
0.4557
0.4935
0.3858
0.4273
0.4835
0.6638
0.6553
0.6024
0.4136
0.3928
0.6055
0.3964
0.3848
0.3622
0.3623
0.3773
0.3741
0.36
0.3669
0.6522
0.3954
0.3822
0.3782
0.3786
0.3713
0.3662
0.3676
0.3517
0.3673
0.3741
0.3723
0.3627
0.3707
0.4273
0.4414
0.3584
0.3584
0.4111
0.3641
0.4054
0.3712
0.4769
0.4207
0.402
0.4148
0.3867
0.4062
0.3741
0.3698
0.4005
0.3737
0.3668
0.367
0.373
0.3727
0.3816
0.3917
0.3738
0.3597
0.3665
0.3451
0.3609
0.3649
0.3801
0.3915
0.3983
0.392
0.3872
0.3782
0.3763
0.3649
0.3719
0.364
0.3634
0.367
0.3751
0.3766
0.3902
0.3959
0.4159
0.3706
0.3673
0.3612
0.3583
0.3576
0.3571
0.3557
0.3706
0.3632
0.363
0.3643
0.5195
0.3953
0.369
0.371
0.3775
0.3834
0.3634
0.3607
0.3581
0.3628

---------------------------------------
CodechalDecodeHevcG12::DecodeStateLevel
---------------------------------------
0.4413
0.1706
0.2483
0.1653
0.2821
0.2356
0.2743
0.2165
0.3289
0.2698
0.2564
0.1689
0.2133
0.1723
0.19
0.1887
0.2279
0.2263
0.2585
0.2106
0.2295
0.1969
0.1998
0.2041
0.2405
0.1952
0.1926
0.1676
0.195
0.1978
0.2141
0.169
0.1988
2.08
0.2047
2.0014
0.2266
1.8539
0.2033
0.1542
0.1923
0.1557
0.188
0.155
0.2492
1.4883
0.2059
0.1737
0.1421
0.1182
0.1406
0.1142
0.1495
0.1167
0.1461
0.1187
0.1486
0.1188
0.1574
0.1233
0.153
0.1684
0.1656
0.7353
0.1465
0.1208
0.1548
0.1185
0.1416
0.1151
0.143
0.1172
0.1399
0.1194
0.1441
0.1172
0.1501
0.1207
0.1569
0.1225
0.1544
0.1203
0.1386
0.1127
0.1354
0.1131
0.1363
0.1124
0.1381
0.1141
0.1583
0.1218
0.1418
0.1139
0.1413
0.1434
0.1434
0.1161
0.1397
0.114
0.1382
0.1148
0.1568
0.1193
0.1405
0.1153
0.1418
0.1158
0.1367
0.1151
0.1382
0.1147
0.1373
0.1152
0.1399
0.1153
0.1359
0.1151
0.1394
0.1158
0.1379
0.1154
0.1372
0.1129
0.1377
0.1141
0.1398
0.115
0.1291
0.1081
0.14
0.1151
0.1411
0.1147
0.1397
0.1152
0.1376
0.1137
0.1402
0.1142
0.1351
0.1158
0.139
0.115
0.139
0.1138
0.1383
0.1126
0.1376
0.1159
0.1407
0.1149
0.1359
0.1137
0.1405
0.115
0.1378
0.1136
0.1387
0.1142
0.1367
0.1136
0.1398
0.1143
0.1359
0.1139
0.1383
0.1139
0.1361
0.1139
0.1396
0.1127
0.1349
0.1145
0.139
0.1131
0.1363
0.1129
0.1402
0.1145
0.1362
0.116
0.1401
0.1148
0.135
0.1134
0.136
0.1118
0.1358
0.1108
0.1373
0.1129
0.1365
0.1127
0.139
0.1074
0.1514
1.3222
0.1513
0.148
0.1592
0.1237
0.1433
0.1159
0.1404
0.1157
0.1378
0.1153
0.1396
0.1141
0.1573
0.123
0.1617
0.1196
0.156
0.1208
0.1475
0.116
0.1467
0.1168
2.5633
0.1164
0.1433
0.1171
0.1415
0.1148
0.1405
0.1162
0.1416
0.1167
0.1415
0.1155
0.1411
0.116
0.1395
0.1146
0.1402
0.1141
0.1481
0.1162
0.1505
0.1191
0.2161
0.1252
0.1514
0.1209
0.1426
0.1168
0.1405
0.1151
0.1372
0.116
0.1394
0.1163
0.1448
0.1149
0.1399
0.1149
0.1402
0.1164
0.148
3.2872
0.138
0.1144
0.1404
0.1164
0.1425
0.115
0.1421
0.117
0.1504
0.1181
0.2055
0.1254
0.1462
0.1156
0.1402
0.1158
0.1396
0.1146
0.138
0.1137
0.1417
0.1142
0.1366
0.1134
0.1364
0.1157
0.1413
0.1173
0.1415
0.1155
0.145
0.1188
0.1386
0.1163
0.1378
0.114
0.1357
0.1147
0.1372
0.115
0.1384
0.112
0.1315
0.1119
0.1437
0.1163
0.153
0.1145
0.1476
0.1192
0.1819
0.1219
0.1488
0.1161
0.1551
0.1162
0.1555
0.12
0.1418
0.1152
0.1421
0.1167
0.1405
0.1165
0.2082
0.1666
0.1762
0.1322
0.1632
0.1254
0.1515
0.1188
0.1457
0.1184
0.1427
0.1157
0.1396
0.1155
0.1431
0.1165
0.1386
0.1158
0.1396
0.1147
0.2066
0.1667
0.1551
0.1165
0.1432
0.1146
0.1381
0.1133
0.2164
0.1799
0.14
0.1143
0.2109
0.1708
0.1385
0.1142
0.1392
0.1147
0.1376
0.1151
0.2094
0.1822
0.1421
0.1162
0.1394
0.116
0.1398
0.1168
0.1435
0.1166
0.1378
0.1167
0.1412
0.116
0.1389
0.1153
0.2081
0.1779
0.1433
0.1169
0.1406
0.1147
0.1378
0.1148
0.1386
0.1151
0.1899
0.1688
0.1377
0.1134
0.1397
0.1154
0.2136
0.1821
0.1393
0.1153
0.2161
0.1864
0.1403
0.1164
0.1393
0.1179
0.1649
0.1214
0.1447
0.1251
0.1388
0.1235
0.2041
0.1664
0.1402
0.1151
0.1828
0.1766
0.1431
0.1166
0.1395
0.1161
0.1391
0.1247
0.1996
0.1727
0.1397
0.1156
0.1364
0.115
0.149
0.1154
0.1362
0.1139
0.1371
0.116
0.1365
0.1287
0.1376
0.1144
0.1368
0.1154
0.1364
0.1166
0.1384
0.1148
0.137
0.1121
0.1355
0.1128
0.1352
0.1125
0.1827
0.1198
0.1431
0.1161
0.1356
0.1093
0.1377
0.1136
0.1453
0.1164
0.1398
0.1132
0.1465
0.2204
0.1704
0.1201
0.1471
0.1166
0.1379
0.1136
0.1399
0.1135
0.1386
0.1136
0.1417
0.1158
0.1405
0.1164
0.1483
0.1173
0.1417
0.1163
0.1417
0.1272
0.1447
0.1159
0.1434
0.1185
0.1456
0.1195
0.1521
0.1208
0.1575
0.1229
0.142
0.1139
0.1363
0.1126
0.1369
0.1145
0.1352
0.1121
0.1377
0.1124
0.1377
0.1157
0.1369
0.1133
0.137
0.1136
0.1369
0.1153
0.1394
0.1168
0.1402
0.1141
0.1364
0.1157
0.1439
0.1162
0.1374
0.1127
0.1527
0.1206
0.1417
0.1159
0.1565
0.1215
0.2191
0.1881
0.1474
0.1208
0.1426
0.1171
0.2106
0.1872
0.1408
0.1155
0.2075
0.1842
0.274
0.1962
0.1485
0.1168
0.143
0.117
0.244
0.1895
0.1422
0.1143
0.2131
0.1838
0.2114
0.1865
0.2216
0.1865
0.2186
0.1859
0.2169
0.1858
0.2155
0.1895
0.216
0.1858
0.2157
0.1875
0.2178
0.1858
0.2173
0.1886
0.2128
0.1886
0.2106
0.188
0.2116
0.1845
0.2093
0.1871
0.209
0.1855
0.212
0.1246
0.1388
0.1156
0.1444
0.1165
0.1562
0.1136
0.1482
0.1156
0.1427
0.1162
0.2129
0.1867
0.1464
0.1195
0.2109
0.1865
0.1386
0.1124
0.1349
0.1127
0.138
0.1148
0.2127
0.182
0.1389
0.1142
0.2251
0.1864
0.2163
0.1883
0.2162
0.1867
0.1617
0.1235
0.1463
0.1197
0.142
0.1156
0.1381
0.117
0.1389
0.1145
0.1378
0.1153
0.1413
0.1154
0.1384
0.1164
0.1388
0.1146
0.1394
0.1184
0.1372
0.1146
0.1375
0.1142
0.1405
0.1154
0.1386
0.1169
0.1395
0.1138
0.2134
0.1823
0.1405
0.1145
0.1401
0.1148
0.1393
0.113
0.1315
0.1065
0.1342
0.1125
0.1375
0.1127
0.1353
0.1124
0.1351
0.1128
0.1393
0.1164
0.1391
0.1155
0.1384
0.1164
0.1392
0.1158
0.1377
0.1167
0.14
0.1175
0.1376
0.114
0.1382
0.1151
0.1377
0.1158
0.1391
0.115
0.1377
0.1199
0.1401
0.1135
0.1375
0.1168
0.2269
0.1898
0.2155
0.1872
0.2151
0.1851
0.2123
0.1883
0.2137
0.189
0.212
0.1899
0.2081
0.1863
0.1611
0.1206
0.1444
0.1143
0.2109
0.193
0.1384
0.1135
0.1359
0.1125
0.1365
0.1147
0.1372
0.1131
0.1401
0.1126
0.1343
0.1088
0.1401
0.1159
0.1412
0.1149
0.1489
0.1182
0.1401
0.1164
0.1395
0.1166
0.1379
0.1168
0.1554
0.1217
0.1429
0.1166
0.1371
0.1165
0.2094
0.1871
0.1401
0.1153
0.1394
0.1164
0.1376
0.1161
0.1568
0.1221
0.1426
0.1153
0.1409
0.1191
0.1378
0.1169
0.1409
0.1322
0.2139
0.1841
0.1406
0.117
0.1376
0.1183
0.1398
0.1139
0.1361
0.1142
0.1399
0.1145
0.1382
0.1152
0.1395
0.117
0.1426
0.1158
0.1381
0.1144
0.1389
0.1188
0.1378
0.1164
0.1379
0.1178
0.1481
0.1156
0.1325
0.1069
0.1384
0.1166
0.1402
0.1145
0.1387
0.1153
0.1374
0.1145
0.1393
0.116
0.1394
0.1129
0.137
0.1146
0.1571
0.121
0.1417
0.1159
0.1369
0.1162
0.1394
0.1134
0.139
0.1121
0.1338
0.1142
0.1392
0.1132
0.1342
0.1131
0.1349
0.113
0.2268
0.1942
0.2184
0.1855
0.1414
0.1153
0.1499
0.1153
0.1383
0.1149
0.1385
0.1145
0.1386
0.1154
0.1375
0.1295
0.1372
0.1154
0.2115
0.1895
0.1453
0.1196
0.1394
0.1238
0.1416
0.1149
0.138
0.1157
0.1485
0.1284
0.1619
0.1258
0.1485
0.1176
0.2367
0.2046
0.154
0.1277
0.2194
0.1932
0.2494
0.2146
0.2308
0.2155
0.231
0.1983
0.2191
0.1866
0.2072
0.1909
0.1533
0.1428
0.1509
0.1289
0.1445
0.1172
0.142
0.1156
0.1415
0.1752
0.2253
0.1804
0.151
0.1169
0.1407
0.1186
0.1834
0.1262
0.1527
0.1231
0.1515
0.1173
0.1481
0.1177
0.1729
0.1503
0.2021
0.1986
0.213
0.1874
0.1538
0.1429
0.1642
0.1205
0.1427
0.1175
0.1388
0.1156
0.1459
0.1172
0.1479
0.122
0.1406
0.1183
0.2178
0.1688
0.1519
0.1405
0.135
0.1065
0.1439
0.1159
0.1529
0.1189
0.164
0.1164
0.1672
0.123
0.1737
0.1584
0.1929
0.1225
0.1479
0.1214
0.2055
0.1341
0.157
0.1776
0.195
0.1388
0.1722
0.1275
0.1429
0.1188
0.1401
0.1201
0.1522
0.1179
0.2003
0.1228
0.1432
0.1219
0.1942
0.1687
0.1395
0.1157
0.2124
0.16
0.1703
0.1196
0.1468
0.1153
0.1803
0.1249
0.1587
0.1172
0.1472
0.1153
0.2285
0.166
0.1466
0.1179
0.14
0.1314
0.1459
0.116
0.1398
0.1146
0.14
0.1184
0.1365
0.1138
0.2071
0.1914
0.1402
0.1091
0.1408
0.1182
0.2117
0.1934
0.1476
0.1244
0.2085
0.1898
0.1475
0.1194
0.1907
0.1255
0.1932
0.1584
0.1463
0.1148
0.1616
0.1211
0.1632
0.1455
0.2496
0.1933
0.2555
0.1945
0.2374
0.185
0.1664
0.1207
0.1498
0.1165
0.226
0.2014
0.1448
0.1242
0.1425
0.1149
0.1392
0.1149
0.1398
0.1148
0.1405
0.1234
0.1401
0.1228
0.1375
0.115
0.1358
0.1143
0.3248
0.1383
0.1501
0.1206
0.1448
0.12
0.149
0.116
0.1432
0.1199
0.1426
0.117
0.1406
0.1174
0.1419
0.1161
0.1362
0.1096
0.1402
0.1162
0.1419
0.1258
0.1396
0.1191
0.1412
0.1152
0.1424
0.1166
0.1676
0.1176
0.2114
0.1151
0.1372
0.1137
0.1372
0.1142
0.1586
0.1198
0.1406
0.1141
0.155
0.1198
0.1429
0.1166
0.1974
0.1257
0.1626
0.1208
0.1506
0.1309
0.1609
0.123
0.1498
0.1183
0.1457
0.1282
0.1449
0.1161
0.1407
0.1143
0.1544
0.1164
0.1429
0.1146
0.1389
0.1139
0.1399
0.1153
0.1427
0.1185
0.1426
0.1157
0.148
0.1185
0.1528
0.1207
0.1415
0.1158
0.1367
0.1139
0.138
0.1149
0.1304
0.1096
0.1382
0.1141
0.1403
0.1159
0.1443
0.1161
0.1485
0.1206
0.1543
0.1226
0.1477
0.1179
0.1485
0.1176
0.1444
0.1152
0.1427
0.113
0.139
0.113
0.1404
0.1154
0.1368
0.117
0.1363
0.1179
0.1395
0.1149
0.1411
0.1155
0.143
0.1176
0.1503
0.1184
0.1488
0.1263
0.1586
0.1216
0.1413
0.1156
0.1395
0.1127
0.1373
0.1147
0.1359
0.1145
0.1357
0.1154
0.1376
0.114
0.1359
0.1143
0.1382
0.122
0.1387
0.1163
0.1383
0.1161
0.1383
0.1167
0.225
0.1594
0.1478
0.1176
0.1405
0.1109
0.1393
0.1209
0.1445
0.117
0.1465
0.1196
0.1374
0.1171
0.1385
0.1152
0.1358
0.114
0.1369
0.1164

-------------------------------------
CodechalDecodeHevcG12::SetFrameStates
-------------------------------------
0.5739
0.09
0.1715
0.1343
0.1582
0.1314
0.121
0.1048
0.054
0.0381
0.0374
0.0322
0.0306
0.0374
0.0295
0.0312
0.2449
0.1918
0.2054
0.0378
0.0343
0.0316
0.2126
0.0361
0.0335
0.0314
0.0304
0.0319
0.0323
0.0342
0.0322
0.2188
0.0439
0.0371
0.0345
0.0313
0.0306
0.0317
0.032
0.0333
0.0332
0.0305
0.03
0.0299
0.0304
0.0373
0.0348
0.0312
0.0323
0.0326
0.0299
0.0371
0.0323
0.0312
0.0298
0.0305
0.0294
0.0304
0.0297
0.0302
0.0302
0.031
0.0305
0.031
0.0205
0.0304
0.0318
0.0319
0.0303
0.0303
0.0295
0.0301
0.0294
0.0301
0.0293
0.0305
0.03
0.0305
0.0295
0.0302
0.0295
0.0299
0.0293
0.0299
0.0297
0.0298
0.03
0.0296
0.0293
0.0299
0.0293
0.0319
0.0292
0.0294
0.0406
0.0303
0.0292
0.118
0.0305
0.0362
0.0388
0.0331
0.031
0.0309
0.0301
0.0376
0.1311
0.8023
0.0327
0.1259
0.0427
0.031
0.0316
0.0303
0.0309
0.0415
0.0309
0.0308
0.0324
0.0323
0.0326
0.0424
0.0382
0.0315
0.0307
0.0296
0.0307
0.0316
0.0302
0.0305
0.1738
0.0302
0.031
0.0326
0.0306
0.0313
0.0452
0.0309
0.0303
0.0303
0.0297
0.0317
0.03
0.0296
0.03
0.0323
0.0309
0.0302
0.0302
0.0289
0.0296
0.0301
0.0284
0.0298
0.0305
0.0307
0.0393
0.0346
0.033
0.0396
0.0329
0.0354
0.0314
0.1913
3.7695
0.0381
0.0362
0.0324
0.032
0.0309
0.0309
0.0302
0.0295
0.0397
0.0343
0.0314
0.0302
0.0442
0.0314
0.044
0.0305
0.0309
0.03
0.0425
0.0306
0.0302
0.0298
0.0304
0.0301
0.0295
0.0307
0.0464
0.0322
0.0307
0.0307
0.0304
0.0284
0.0301
0.0309
0.0472
0.0306
0.0426
0.0315
0.031
0.0373
0.0334
0.0329
0.0443
0.0302
0.0383
0.0319
0.0318
0.0295
0.0414
0.0311
0.0299
0.0301
0.0301
0.0299
0.0295
0.0303
0.0382
0.029
0.0298
0.0322
0.0291
0.0298
0.0396
0.0328
0.0227
0.0305
0.0316
0.0321
0.0399
0.0324
0.0312
0.0312
0.0303
0.0305
0.0304
0.03
0.0316
0.0309
0.0306
0.0309
0.0314
0.0319
0.0347
0.0342
0.0308
0.0308
0.0298
0.03
0.03
0.0298
0.0297
0.0298
0.0292
0.0294
0.03
0.0294
0.0305
0.0231
0.0336
0.0306
0.0379
0.0471
0.033
0.0321
0.0435
0.0308
0.0433
0.0562
0.0339
0.0328
0.0484
0.0299
0.0427
0.044
0.0437
0.0433
0.0427
0.0431
0.0432
0.0419
0.043
0.0435
0.0429
0.042
0.0423
0.0417
0.0419
0.0436
0.0302
0.0308
0.0278
0.0344
0.0326
0.0472
0.0314
0.0421
0.0308
0.0293
0.0307
0.0418
0.0306
0.0451
0.0427
0.043
0.0384
0.0329
0.0314
0.0347
0.0304
0.0341
0.031
0.0313
0.0303
0.0296
0.0308
0.034
0.0299
0.0305
0.0298
0.0435
0.0304
0.0322
0.0314
0.0208
0.0291
0.0303
0.0314
0.0364
0.0353
0.0301
0.0297
0.0301
0.0299
0.0301
0.0296
0.0296
0.0316
0.0306
0.0301
0.03
0.0297
0.0493
0.0471
0.0442
0.0439
0.0435
0.043
0.0428
0.0383
0.0327
0.0452
0.0314
0.0298
0.0295
0.0302
0.03
0.0218
0.0313
0.0306
0.0314
0.0307
0.0303
0.0299
0.0368
0.0327
0.0315
0.0445
0.031
0.0308
0.0311
0.0373
0.0326
0.0307
0.0334
0.0313
0.0426
0.0333
0.0311
0.0311
0.0342
0.0301
0.0306
0.0343
0.0299
0.0302
0.0301
0.0308
0.0325
0.0307
0.0222
0.0339
0.0308
0.032
0.0299
0.0302
0.0297
0.0298
0.0373
0.0327
0.0318
0.0309
0.0311
0.0288
0.0299
0.0297
0.0302
0.0499
0.0477
0.0315
0.0311
0.0302
0.0302
0.0296
0.0306
0.0295
0.0429
0.0307
0.0307
0.0306
0.03
0.0401
0.0319
0.0272
0.0472
0.0334
0.0458
0.0506
0.0477
0.0479
0.0472
0.0444
0.0368
0.0342
0.0333
0.0329
0.0441
0.046
0.0339
0.0367
0.0459
0.0359
0.0365
0.0347
0.0433
0.0402
0.0481
0.0443
0.0377
0.0328
0.0314
0.033
0.0313
0.0308
0.0343
0.0441
0.0301
0.0414
0.0409
0.0354
0.0376
0.0347
0.0366
0.0335
0.0445
0.0384
0.0496
0.0403
0.0334
0.0316
0.0332
0.0338
0.0322
0.0428
0.0309
0.0432
0.035
0.0333
0.048
0.0404
0.0341
0.0464
0.0337
0.0329
0.0311
0.0309
0.0319
0.033
0.0424
0.0247
0.031
0.0443
0.0357
0.0456
0.0344
0.0454
0.0428
0.0341
0.0412
0.0409
0.0655
0.0588
0.0522
0.0346
0.0361
0.0527
0.0339
0.0429
0.0313
0.031
0.0321
0.0308
0.0305
0.0362
0.0581
0.0371
0.0336
0.0341
0.0327
0.0317
0.0317
0.0307
0.0228
0.0312
0.0301
0.0334
0.0306
0.0313
0.0403
0.0334
0.0311
0.0306
0.0379
0.0322
0.0364
0.033
0.0421
0.0387
0.0323
0.0356
0.0349
0.0336
0.0327
0.0319
0.0367
0.0323
0.0311
0.031
0.031
0.0314
0.0316
0.0321
0.0317
0.0302
0.0296
0.0214
0.0299
0.0305
0.033
0.0321
0.0333
0.0333
0.0336
0.0326
0.0343
0.0318
0.0316
0.0298
0.0298
0.0316
0.0313
0.0321
0.0314
0.0333
0.0385
0.0323
0.0322
0.031
0.0293
0.0298
0.0298
0.0293
0.0302
0.0304
0.03
0.0303
0.0303
0.0393
0.0259
0.0305
0.0316
0.0335
0.0313
0.0295
0.0293
0.0302

--------------------------
CreateVideoDecoder_D3D11_1
--------------------------
19.7258

---------------------------
DestroyVideoDecoder_D3D11_1
---------------------------
0

----------------
First Frame Time
----------------
57.4949

--------------------------------------
VideoDecoderBeginFrame_WDDM2_4_D3D11_1
--------------------------------------
0.0075
0.0027
0.0024
0.0021
0.0041
0.0032
0.0067
0.0027
0.0029
0.003
0.0019
0.0019
0.0018
0.0023
0.0017
0.0017
0.0016
0.0024
0.0024
0.0033
0.0021
0.0018
0.0021
0.0028
0.0019
0.0018
0.0019
0.0017
0.0028
0.0019
0.0017
0.0017
0.0024
0.0028
0.002
0.0016
0.0018
0.0017
0.0017
0.0017
0.0018
0.0021
0.0032
0.0019
0.0017
0.0027
0.0018
0.0019
0.0024
0.002
0.0016
0.0025
0.0018
0.002
0.0016
0.0017
0.0015
0.0017
0.0015
0.0018
0.0015
0.0016
0.0015
0.0027
0.0016
0.0019
0.0017
0.0017
0.0016
0.0016
0.0014
0.0018
0.0014
0.0017
0.0015
0.0018
0.0016
0.0018
0.0014
0.0017
0.0015
0.0017
0.0015
0.0017
0.0015
0.0018
0.0015
0.0017
0.0015
0.0018
0.0015
0.0019
0.0015
0.0017
0.0036
0.0018
0.0015
0.0016
0.0018
0.0024
0.0028
0.0018
0.002
0.0016
0.0016
0.0027
0.0025
0.0025
0.0019
0.0017
0.0029
0.0018
0.002
0.0016
0.0017
0.0017
0.0019
0.0016
0.0017
0.0018
0.0018
0.0035
0.0024
0.0018
0.0018
0.0022
0.0015
0.0016
0.0015
0.0016
0.0018
0.0015
0.0016
0.0017
0.0016
0.0015
0.004
0.0017
0.0016
0.0024
0.0016
0.0038
0.0016
0.0016
0.0017
0.0015
0.0018
0.0016
0.0015
0.0015
0.0016
0.002
0.0016
0.0015
0.002
0.0019
0.003
0.0022
0.0018
0.0031
0.002
0.0018
0.0021
0.0026
0.0028
0.003
0.0024
0.002
0.0016
0.0017
0.0018
0.0015
0.0015
0.0015
0.0022
0.0018
0.0018
0.0027
0.0017
0.0025
0.0017
0.0018
0.0018
0.0024
0.0017
0.0017
0.0015
0.0016
0.0019
0.0017
0.0017
0.0024
0.0018
0.0018
0.0017
0.0017
0.0024
0.0018
0.0017
0.0028
0.0018
0.0023
0.0016
0.0019
0.0026
0.0022
0.0019
0.0026
0.0018
0.0023
0.0024
0.0032
0.0016
0.0025
0.0018
0.0016
0.0018
0.0015
0.0016
0.0017
0.0015
0.0015
0.0017
0.0017
0.0019
0.0017
0.0017
0.0037
0.002
0.0019
0.0027
0.0017
0.0018
0.0017
0.0022
0.0018
0.0018
0.0018
0.0018
0.0017
0.0018
0.002
0.0018
0.0018
0.0018
0.0018
0.0018
0.0018
0.0019
0.0022
0.0016
0.0018
0.0016
0.0018
0.0016
0.0017
0.0017
0.0017
0.0017
0.0016
0.0017
0.0019
0.0018
0.0018
0.0017
0.0027
0.003
0.0021
0.002
0.0026
0.002
0.0026
0.0041
0.0022
0.0022
0.0029
0.0016
0.0029
0.0031
0.0025
0.0025
0.0025
0.0023
0.0023
0.0023
0.0026
0.0022
0.0026
0.0023
0.0024
0.0022
0.0023
0.0023
0.0016
0.0017
0.0029
0.0021
0.0021
0.0028
0.0018
0.0025
0.0019
0.0018
0.0019
0.0026
0.0021
0.0027
0.0023
0.0025
0.0029
0.002
0.0021
0.0017
0.0021
0.0015
0.0019
0.0042
0.0017
0.0018
0.0016
0.0016
0.0017
0.0016
0.0023
0.0023
0.0017
0.0016
0.002
0.0021
0.0017
0.0017
0.0016
0.0015
0.0018
0.0018
0.0015
0.0017
0.0015
0.0018
0.0016
0.0017
0.0016
0.0017
0.0016
0.0017
0.0014
0.0029
0.0028
0.0027
0.0026
0.0027
0.0026
0.0025
0.0034
0.0024
0.0026
0.0022
0.0018
0.0017
0.0018
0.0018
0.0017
0.0016
0.002
0.0019
0.0016
0.0019
0.0019
0.0029
0.002
0.0019
0.0028
0.0018
0.0017
0.0016
0.0027
0.0018
0.002
0.0017
0.002
0.0024
0.0018
0.0016
0.0018
0.0016
0.0018
0.0016
0.0026
0.0016
0.0017
0.0016
0.0018
0.0015
0.0018
0.0017
0.0016
0.0018
0.0017
0.0017
0.0018
0.0016
0.0016
0.0026
0.0021
0.0018
0.002
0.002
0.0015
0.0018
0.0016
0.0016
0.003
0.0029
0.002
0.0018
0.0017
0.0015
0.0017
0.0016
0.0015
0.0023
0.0019
0.0017
0.0016
0.0017
0.0022
0.0022
0.0033
0.003
0.0025
0.0025
0.0035
0.003
0.0033
0.003
0.0028
0.0027
0.0022
0.0021
0.0027
0.0017
0.0025
0.002
0.0024
0.0023
0.0028
0.0019
0.0017
0.0026
0.0019
0.0018
0.0023
0.0027
0.002
0.0018
0.0017
0.0022
0.0017
0.0022
0.0027
0.0025
0.0024
0.0027
0.0027
0.003
0.0028
0.0023
0.002
0.0025
0.0027
0.003
0.0037
0.002
0.0017
0.0039
0.0026
0.0025
0.0022
0.0016
0.0026
0.0026
0.0033
0.0037
0.0028
0.002
0.0023
0.0021
0.0017
0.0017
0.0019
0.0019
0.0017
0.003
0.0028
0.0017
0.0028
0.0023
0.0028
0.0022
0.0027
0.002
0.0024
0.0036
0.0032
0.0044
0.0045
0.0033
0.0023
0.0027
0.0031
0.0022
0.0026
0.0023
0.0017
0.0021
0.0016
0.0016
0.0016
0.0051
0.0022
0.0021
0.0018
0.0017
0.0015
0.0025
0.0017
0.0019
0.0016
0.0016
0.002
0.0017
0.0018
0.0032
0.0021
0.0019
0.0016
0.0029
0.0019
0.0025
0.002
0.003
0.0027
0.0019
0.0024
0.0028
0.0023
0.0018
0.0017
0.0026
0.0021
0.0019
0.0017
0.002
0.0017
0.0017
0.0018
0.0019
0.0019
0.0017
0.002
0.0017
0.0017
0.0018
0.0018
0.0019
0.002
0.0018
0.002
0.0022
0.0017
0.0016
0.0017
0.0017
0.0016
0.0016
0.0016
0.0016
0.0018
0.0025
0.0018
0.0023
0.0017
0.0018
0.0016
0.0018
0.0015
0.0017
0.0015
0.0019
0.0017
0.0018
0.0027
0.0023
0.0017
0.002
0.0017
0.0016
0.0016
0.0015
0.0016

----------------------------
VideoDecoderEndFrame_D3D11_1
----------------------------
0.0357
0.0534
0.0881
0.112
0.162
0.1251
0.1044
0.0965
0.1431
0.0584
0.0567
0.0544
0.0548
0.0587
0.0564
0.0572
0.0622
0.0615
0.061
0.0597
0.0555
0.0555
0.0603
0.0574
0.0557
0.0538
0.0549
0.0597
0.0564
0.0564
0.0616
0.0582
0.0564
0.0569
0.0531
0.0536
0.0566
0.0536
0.0549
0.0576
0.0531
0.0524
0.0552
0.0511
0.0508
0.0557
0.0515
0.0525
0.0514
0.051
0.0527
0.0555
0.0521
0.0522
0.0525
0.0512
0.0514
0.052
0.051
0.0513
0.052
0.0509
0.0518
0.0548
0.0514
0.0537
0.0507
0.0514
0.0509
0.052
0.0521
0.0523
0.0514
0.0515
0.0519
0.0531
0.0517
0.0525
0.0509
0.0522
0.0516
0.0528
0.053
0.0511
0.0527
0.052
0.0528
0.0516
0.0509
0.0525
0.0515
0.0596
0.0508
0.0513
0.0533
0.0508
0.0513
0.0528
0.0573
0.0788
0.1071
0.0514
0.052
0.0521
0.0512
0.0541
0.0531
0.0521
0.0812
0.0651
0.05
0.0812
0.0542
0.0516
0.0518
0.0514
0.0515
0.0512
0.0516
0.051
0.0755
0.0595
0.0536
0.051
0.0518
0.0515
0.0519
0.0519
0.0513
0.0509
0.051
0.0512
0.0741
0.0506
0.052
0.0518
0.0587
0.0527
0.0502
0.0517
0.0513
0.0539
0.0508
0.0516
0.0526
0.0515
0.0518
0.0506
0.0507
0.0514
0.0508
0.0542
0.0517
0.0516
0.0503
0.0506
0.0582
0.0538
0.0521
0.0533
0.0516
0.052
0.0506
0.0738
0.0621
0.0775
0.0781
0.053
0.0506
0.0505
0.0499
0.0508
0.0512
0.0699
0.0575
0.0542
0.0536
0.0694
0.0562
0.0674
0.0506
0.0527
0.0517
0.074
0.0543
0.0541
0.0536
0.0565
0.0525
0.0556
0.0521
0.074
0.0531
0.0517
0.0522
0.053
0.0802
0.0522
0.0545
0.0851
0.0522
0.0778
0.0528
0.0524
0.0549
0.0535
0.0565
0.0697
0.0528
0.0787
0.0512
0.0553
0.0533
0.0761
0.0521
0.0522
0.0512
0.0538
0.0529
0.0525
0.0519
0.052
0.0591
0.051
0.05
0.0593
0.0532
0.0572
0.0592
0.0542
0.0558
0.0664
0.0721
0.0709
0.0541
0.054
0.0544
0.0553
0.0526
0.0553
0.0552
0.0558
0.0564
0.0547
0.0547
0.0538
0.0563
0.0566
0.0568
0.0528
0.0543
0.0512
0.0535
0.0545
0.0557
0.0534
0.0518
0.0534
0.0517
0.0564
0.0533
0.0532
0.0531
0.0532
0.0542
0.0613
0.0768
0.0554
0.0526
0.0778
0.0528
0.0749
0.0817
0.0553
0.0509
0.077
0.0508
0.077
0.0788
0.0761
0.0765
0.0757
0.0771
0.0754
0.0761
0.077
0.0766
0.0761
0.0753
0.0766
0.0755
0.0761
0.0651
0.0534
0.0523
0.0616
0.056
0.0526
0.0768
0.0537
0.076
0.0505
0.0547
0.0505
0.077
0.0525
0.0783
0.0772
0.0768
0.057
0.0546
0.0522
0.0528
0.0572
0.0522
0.0527
0.0603
0.051
0.0495
0.0517
0.0526
0.0519
0.0513
0.0515
0.0776
0.0518
0.0545
0.0509
0.053
0.0497
0.0534
0.0537
0.0531
0.0534
0.0536
0.0523
0.0523
0.0514
0.0512
0.0528
0.0517
0.0528
0.0526
0.0585
0.0505
0.0535
0.079
0.0787
0.0773
0.0794
0.0786
0.0791
0.077
0.0587
0.0523
0.0764
0.0541
0.052
0.0538
0.0535
0.0517
0.051
0.0518
0.0509
0.0526
0.0557
0.0514
0.0553
0.0595
0.0552
0.0581
0.0774
0.0636
0.0511
0.0597
0.0576
0.0529
0.0532
0.0527
0.0517
0.0786
0.0514
0.0531
0.0529
0.052
0.0521
0.0506
0.0524
0.0532
0.0532
0.0531
0.0527
0.0551
0.0563
0.0524
0.0547
0.0526
0.0518
0.0518
0.0508
0.0544
0.0496
0.0553
0.0562
0.0539
0.0525
0.0534
0.0523
0.0523
0.0521
0.0553
0.0801
0.0781
0.0509
0.0522
0.0525
0.0504
0.0519
0.052
0.0527
0.0791
0.0608
0.0667
0.0552
0.0553
0.0601
0.0637
0.0928
0.0939
0.0849
0.1094
0.1147
0.126
0.1132
0.107
0.0968
0.0686
0.067
0.0606
0.0513
0.087
0.0832
0.054
0.0511
0.0638
0.0635
0.0528
0.0515
0.073
0.0758
0.0796
0.0818
0.062
0.0623
0.0556
0.0547
0.0545
0.0545
0.077
0.064
0.055
0.0805
0.0593
0.0574
0.0584
0.0723
0.085
0.0542
0.0575
0.0782
0.0649
0.0678
0.0678
0.059
0.0605
0.0569
0.054
0.0885
0.0622
0.0611
0.0569
0.0509
0.0568
0.0607
0.0524
0.0598
0.0551
0.0544
0.0569
0.0546
0.0644
0.0631
0.0787
0.0543
0.0561
0.0759
0.0542
0.0737
0.0556
0.0566
0.0582
0.0603
0.0564
0.0573
0.0877
0.0807
0.0831
0.0706
0.0529
0.0931
0.0707
0.0522
0.0525
0.0511
0.0529
0.0519
0.0502
0.0661
0.0594
0.0735
0.0682
0.0547
0.0631
0.0527
0.0517
0.0538
0.0534
0.0541
0.0928
0.0622
0.0537
0.0535
0.0694
0.055
0.0521
0.0566
0.0539
0.0552
0.0557
0.0637
0.0573
0.0594
0.0553
0.0556
0.0549
0.0695
0.0562
0.0536
0.0573
0.0557
0.0546
0.0521
0.0537
0.0532
0.0562
0.0537
0.0525
0.0529
0.0534
0.0524
0.0519
0.058
0.0554
0.0602
0.0557
0.0555
0.0562
0.0567
0.055
0.0564
0.0545
0.0528
0.0521
0.0541
0.055
0.0524
0.0555
0.0579
0.0541
0.0553
0.054
0.0503
0.052
0.0519
0.052
0.0527
0.0502
0.0522
0.0543
0.0559
0.0615
0.0529
0.0522
0.0528
0.0506
0.0552
0.0523
0.0506
0.0517
0.0534

---------------------------------
VideoDecoderSubmitBuffers_D3D11_1
---------------------------------
1.5103
0.624
0.8311
0.8049
0.9593
0.6927
0.6508
0.607
0.706
0.7572
0.6068
0.6658
0.7062
0.5292
0.5642
0.5609
2.6624
2.5325
2.4236
0.5128
0.4976
0.4864
2.0886
0.5392
0.3907
0.3803
0.3912
0.3966
0.4012
0.4197
0.4553
1.2455
0.4128
0.4278
0.3876
0.3858
0.3847
0.39
0.4028
0.4222
0.4133
0.3797
0.3709
0.3743
0.3818
0.5127
0.6459
0.6855
0.6262
0.6519
0.7073
0.6146
0.6568
0.6636
0.7023
0.6673
0.7135
0.6725
0.7078
0.6745
0.7133
0.6682
0.7362
0.6425
0.685
0.6985
0.3818
0.3799
0.371
0.3875
0.7086
0.6726
0.7103
0.6703
0.7166
0.6712
0.6976
0.6768
0.704
0.6736
0.709
0.6727
0.7119
0.6695
0.7151
0.6762
0.7102
0.6729
0.7105
0.677
0.7118
0.3835
0.3659
0.3691
0.4339
0.6473
0.6231
0.836
1.9534
0.4358
0.4388
0.3889
0.517
0.7329
0.6979
0.4342
0.5315
1.1934
0.3968
0.5449
2.8784
0.3858
0.3854
0.3803
0.3858
0.4044
0.5046
0.727
0.7029
0.6969
0.7235
0.6896
0.6437
0.7044
0.3827
0.4368
0.5222
0.6562
0.7177
0.4938
3.714
0.3726
0.3848
0.3865
0.3833
0.5808
0.5173
0.3874
0.3778
0.3765
0.7553
0.7526
0.7459
0.8251
0.7558
0.756
0.7675
0.727
0.6419
0.8179
0.7637
0.3786
0.3599
0.3883
0.5807
0.8057
0.471
0.4056
0.6787
0.6838
0.6848
0.7661
0.3849
0.7128
4.2054
0.4453
0.4174
0.4009
0.6051
0.7572
0.7204
0.7666
0.7331
0.9376
0.4159
0.3869
0.3703
0.5646
0.3777
0.5455
0.3742
0.377
0.3714
0.563
0.3814
0.3755
0.3758
0.3824
0.3735
0.378
0.3748
0.5713
0.3866
0.3761
0.3707
0.3748
0.5199
0.37
0.379
0.5776
0.3736
0.5704
0.3823
0.9464
0.4405
0.4017
0.3889
0.5326
0.3752
0.5161
0.3849
0.3805
0.3831
0.5426
0.379
0.3721
0.3833
0.3709
0.3737
0.3838
0.3735
0.3807
0.3769
0.3737
0.3833
0.3686
0.3697
0.4699
0.3892
0.3674
0.3722
0.3908
0.3773
0.534
0.4214
0.392
0.378
0.3767
0.3786
0.3818
0.3791
0.3914
0.381
0.3962
0.3879
0.3902
0.396
0.4114
0.4203
0.4028
0.3753
0.3722
0.3703
0.374
0.3994
0.369
0.3709
0.372
0.3749
0.3761
0.372
0.3867
0.3768
0.4151
0.3845
0.4259
0.5888
0.3982
0.3895
0.5679
0.3779
0.5646
0.707
0.3958
0.4094
0.6335
0.3787
0.575
0.5743
0.5807
0.5755
0.5712
0.5762
0.5727
0.5717
0.5757
0.5774
0.5761
0.5642
0.5672
0.563
0.5623
0.4888
0.3727
0.3838
0.4146
0.3974
0.3885
0.5801
0.389
0.5679
0.3778
0.3638
0.3762
0.57
0.3742
0.5958
0.5784
0.572
0.4409
0.3937
0.3846
0.3798
0.3751
0.3754
0.3805
0.379
0.3739
0.3755
0.3741
0.3741
0.3773
0.3749
0.3743
0.5674
0.3776
0.3779
0.3787
0.3551
0.3617
0.3733
0.3667
0.3704
0.3847
0.3757
0.3709
0.3762
0.3712
0.379
0.3686
0.3693
0.3752
0.3757
0.3776
0.3776
0.3715
0.6133
0.5836
0.5775
0.5799
0.579
0.5777
0.5684
0.4345
0.3907
0.586
0.3768
0.366
0.3695
0.3737
0.3743
0.3591
0.3778
0.3814
0.3918
0.377
0.3786
0.3767
0.4276
0.3852
0.3755
0.5752
0.3773
0.3762
0.3721
0.4308
0.3865
0.3871
0.38
0.4018
0.5717
0.3819
0.3785
0.3793
0.3713
0.3755
0.3711
0.3838
0.3776
0.3695
0.377
0.3771
0.3771
0.3876
0.3575
0.3775
0.3804
0.3783
0.3724
0.3785
0.3699
0.3663
0.4294
0.3851
0.3737
0.3794
0.3782
0.3628
0.372
0.3651
0.3651
0.6186
0.5909
0.3816
0.3904
0.3732
0.3692
0.3716
0.3877
0.3697
0.5756
0.3871
0.3846
0.3789
0.3721
0.4215
0.421
0.4117
0.635
0.4215
0.5882
0.6749
0.6446
0.6339
0.5956
0.5809
0.445
0.4161
0.3977
0.3895
0.6507
0.7677
0.5532
0.7603
0.7434
0.645
0.6612
0.7822
0.7632
0.8247
0.7931
0.5931
0.4414
0.3873
0.3779
0.3862
0.3979
0.3777
0.5289
0.4445
0.3806
0.4101
0.4248
0.417
0.4437
0.4931
0.4801
0.3986
0.5015
0.501
0.5056
0.4619
0.3932
0.3818
0.4012
0.4647
0.3995
0.5315
0.3798
0.5517
0.431
0.3935
0.4889
0.4242
0.3925
0.5787
0.3959
0.4004
0.3896
0.3789
0.387
0.3729
0.5837
0.3809
0.3845
0.588
0.411
0.5921
0.4032
0.4754
0.5092
0.4031
0.448
0.5039
0.6976
0.685
0.6298
0.4291
0.4117
0.6273
0.4133
0.4039
0.377
0.3755
0.3923
0.3886
0.3734
0.3801
0.7395
0.4123
0.3975
0.3919
0.3931
0.3855
0.379
0.3812
0.3681
0.3803
0.3872
0.3862
0.3752
0.3849
0.4496
0.4562
0.3724
0.3712
0.4301
0.3783
0.4235
0.3886
0.5009
0.4399
0.4171
0.433
0.4038
0.4228
0.3888
0.3835
0.4188
0.3874
0.3801
0.3798
0.3862
0.3859
0.3948
0.4051
0.3888
0.3723
0.3794
0.3594
0.3728
0.3773
0.394
0.4057
0.4141
0.4108
0.4033
0.393
0.3933
0.3788
0.3867
0.3765
0.3755
0.3793
0.3878
0.3891
0.4028
0.4094
0.4347
0.3851
0.3827
0.3747
0.3712
0.3698
0.3696
0.3679
0.3839
0.3755
0.3758
0.3772
0.5372
0.4143
0.3863
0.3832
0.3917
0.398
0.3757
0.3733
0.3707
0.3755

