---------------------------------------------
CalcPrivateVideoDecoderOutputViewSize_D3D11_1
---------------------------------------------
0.0025
0.0013
0.001
0.002
0.0016
0.0014
0.0053
0.001
0.001
0.0023
0.0019
0.0014
0.0015
0.0024
0.0015
0.0019
0.0016
0.0016
0.0012
0.0022
0.001
0.0011
0.0015
0.0008
0.0015
0.0015
0.001
0.0011
0.002
0.0016
0.0022
0.0014
0.0016
0.0019
0.0012
0.0013
0.0011
0.0022
0.0012
0.0011
0.0013
0.0013
0.0024
0.0011
0.0014
0.0014
0.0019
0.0021
0.0016
0.002
0.0022
0.002
0.0021
0.002
0.0019
0.0022
0.0019
0.0019
0.0021
0.0019
0.002
0.002
0.0023
0.004
0.0016
0.002
0.0019
0.0021
0.0018
0.0017
0.001
0.002
0.002
0.0017
0.0017
0.0021
0.0022
0.0014
0.0011
0.0012
0.0012
0.0012
0.0017
0.0014
0.0018
0.0021
0.0026
0.002
0.0019
0.0017
0.002
0.0016
0.0024
0.0012
0.0049
0.0024
0.0022
0.002
0.0016
0.0017
0.0017
0.0022
0.002
0.0022
0.0016
0.0016
0.0016
0.0011
0.0017
0.0023
0.002
0.0019
0.0022
0.0017
0.0016
0.0013
0.0019
0.0017
0.0021
0.0017
0.0016
0.0012
0.0016
0.0019
0.0016
0.0018
0.0017
0.0021
0.0016
0.0017
0.0017
0.0021
0.0015
0.0022
0.0019
0.0017
0.0019
0.002
0.0021
0.0017
0.0023
0.004
0.001
0.002
0.0021
0.0019
0.0022
0.0021
0.0016
0.0016
0.0018
0.0019
0.0023
0.0019
0.0024
0.0014
0.0017
0.0022
0.0021
0.0018
0.0017
0.0022
0.0018
0.0018
0.0014
0.0021
0.0015
0.0017
0.0013
0.001
0.0017
0.0015
0.0021
0.0014
0.0016
0.0021
0.0017
0.0015
0.0017
0.0021
0.0021
0.0013
0.0016
0.0022
0.0018
0.0016
0.0021
0.0021
0.0022
0.0021
0.0021
0.0016
0.0022
0.0016
0.0016
0.0017
0.0017
0.0017
0.0017
0.0012
0.0009
0.0018
0.0017
0.0016
0.0016
0.0022
0.0018
0.0019
0.0022
0.003
0.0016
0.0047
0.0017
0.0017
0.0022
0.0017
0.0017
0.0012
0.0016
0.0018
0.0017
0.0018
0.0018
0.0016
0.0018
0.0017
0.0017
0.0018
0.0016
0.0016
0.0021
0.0017
0.0019
0.0016
0.0017
0.0017
0.0016
0.0017
0.0016
0.0017
0.0022
0.0014
0.0019
0.0016
0.0016
0.0017
0.0019
0.0016
0.0017
0.0022
0.0016
0.0017
0.0017
0.002
0.0018
0.002
0.0021
0.0018
0.002
0.0022
0.0017
0.0016
0.0017
0.0016
0.0021
0.002
0.0022
0.0011
0.0017
0.0017
0.0012
0.0013
0.0016
0.0018
0.0016
0.0018
0.0017
0.0024
0.0017
0.002
0.0016
0.0016
0.0022
0.001
0.0019
0.002
0.002
0.0016
0.0022
0.0019
0.0022
0.0013
0.0016
0.0017
0.0017
0.0015
0.0017
0.0021
0.0012
0.0017

-----------------------
CodechalDecode::Execute
-----------------------
1.0459
0.6374
0.701
0.6999
0.7789
0.4383
0.3347
0.3351
0.2889
0.3896
0.2736
0.2485
0.2585
0.2461
0.2766
0.2772
0.2521
0.2964
0.2611
0.3409
0.246
0.2419
0.2772
0.3312
0.239
0.236
0.234
0.2511
0.2259
0.2419
0.2742
0.236
0.235
0.2909
0.2417
0.2552
0.2466
0.2782
0.2684
0.2754
0.2471
0.2815
0.2631
0.3259
0.2891
0.2625
0.2773
0.2689
0.2575
0.2972
0.2841
0.2984
0.2775
0.2814
0.2939
0.4182
0.3021
0.2952
0.2543
0.2822
0.2874
0.2716
0.274
0.3057
0.2587
0.2919
0.3001
0.2971
0.2534
0.2642
0.2329
0.3134
0.295
0.2427
0.2851
0.302
0.2994
0.2442
0.2393
0.2332
0.2275
0.2269
0.2857
0.2537
0.2969
0.2899
0.292
0.2982
0.256
0.2353
0.2735
0.268
0.2776
0.2609
0.2748
0.2793
0.2751
0.3009
0.2335
0.2542
0.2766
0.2761
0.2652
0.2744
0.2834
0.2641
0.2635
0.2394
0.2508
0.2817
0.2762
0.266
0.2671
0.2614
0.2662
0.265
0.3379
0.3432
0.2498
0.2403
0.2639
0.2538
0.2645
0.261
0.2348
0.2648
0.2453
0.2635
0.3499
0.271
0.2618
0.3002
0.235
0.2737
0.2678
0.3377
0.2659
0.2877
0.2795
0.2779
0.2767
0.2826
0.2316
0.272
0.2713
0.2753
0.2688
0.2722
0.2778
0.2443
0.2761
0.2652
0.2721
0.2703
0.2802
0.2279
0.2698
0.275
0.2748
0.2737
0.2701
0.2643
0.342
0.2595
0.2504
0.3285
0.2742
0.297
0.298
0.3003
0.2639
0.2972
0.2685
0.303
0.2489
0.2657
0.2638
0.3027
0.2506
0.2611
0.2647
0.2578
0.2613
0.2626
0.2646
0.2652
0.2664
0.2632
0.2594
0.2627
0.2641
0.2653
0.2598
0.2621
0.2589
0.2652
0.2615
0.2624
0.2626
0.2375
0.2251
0.2601
0.2636
0.2623
0.2614
0.2625
0.2656
0.2635
0.2402
0.2601
0.2642
0.2657
0.2585
0.2657
0.2637
0.2698
0.2593
0.258
0.2613
0.2579
0.2643
0.2917
0.263
0.2629
0.2776
0.2679
0.2649
0.2617
0.2654
0.2684
0.265
0.2709
0.2673
0.2597
0.2651
0.2706
0.2663
0.2761
0.2621
0.2615
0.2953
0.2571
0.2604
0.2648
0.2637
0.2645
0.2631
0.2649
0.2581
0.2647
0.2596
0.2626
0.2722
0.2651
0.2699
0.2704
0.2641
0.2687
0.2751
0.2649
0.264
0.2395
0.2725
0.2714
0.269
0.2733
0.2724
0.2347
0.2565
0.2819
0.2784
0.2307
0.2725
0.2665
0.2381
0.3167
0.2761
0.2803
0.2432
0.2771
0.2442
0.2727
0.2688
0.2366
0.2829
0.2788
0.2804
0.2703
0.2773
0.2835
0.266
0.2368
0.2738
0.247
0.2393
0.2309
0.2735
0.28
0.2363
0.2642

---------------------------------------
CodechalDecodeHevcG12::DecodeStateLevel
---------------------------------------
0.1858
0.2681
0.3155
0.1986
0.3649
0.1963
0.4229
0.1535
0.5092
0.1579
0.09
0.2035
0.062
0.1537
0.0723
0.137
0.036
0.1439
0.0388
0.1348
0.0432
0.1229
0.0358
0.1127
0.036
0.1186
0.0367
0.1116
0.0399
0.1401
0.0417
0.1239
0.0373
0.1132
0.0382
0.1532
0.0345
0.1195
0.0474
0.1663
0.0328
0.115
0.0381
0.1109
0.04
0.126
0.0486
0.1598
0.0339
0.1131
0.0319
0.1078
0.0317
0.1125
0.0337
0.1113
0.0369
0.0935
0.0357
0.1088
0.0393
0.1155
0.0361
0.1042
0.0351
0.105
0.0471
0.1217
0.0345
0.1129
0.0353
0.1181
0.035
0.1168
0.0414
0.1281
0.0381
0.1233
0.0419
0.126
0.0353
0.1168
0.0401
0.1286
0.0391
0.1219
0.0427
0.1587
0.0445
0.1192
0.0421
0.1135
0.0417
0.119
0.0435
0.1211
0.0351
0.1135
0.0474
0.1243
0.0402
0.1221
0.0477
0.1243
0.0401
0.1247
0.0429
0.1222
0.0469
0.1269
0.0598
0.1787
0.047
0.1268
0.0453
0.123
0.0389
0.103
0.0388
0.1255
0.0412
0.1278
0.0421
0.1133
0.0428
0.1176
0.05
0.122
0.0351
0.119
0.0398
0.1332
0.0466
0.1253
0.0448
0.1254
0.0346
0.1174
0.0343
0.1183
0.0325
0.1106
0.0514
0.1284
0.044
0.1221
0.0324
0.1142
0.0392
0.1296
0.0461
0.1269
0.0455
0.126
0.0347
0.116
0.0347
0.1133
0.0341
0.1108
0.0303
0.1109
0.031
0.1089
0.0386
0.1316
0.0346
0.1147
0.041
0.1347
0.0446
0.1278
0.0444
0.1283
0.0487
0.124
0.038
0.1066
0.0324
0.1108
0.0375
0.1247
0.0387
0.1175
0.039
0.1193
0.0454
0.1107
0.0398
0.1215
0.0432
0.1217
0.0385
0.1248
0.0467
0.1259
0.0328
0.1064
0.0353
0.119
0.0371
0.1232
0.0448
0.1192
0.0401
0.1154
0.0464
0.1153
0.0392
0.1354
0.0397
0.1204
0.0401
0.1159
0.0337
0.1093
0.036
0.1165
0.0406
0.127
0.0408
0.1269
0.0428
0.1156
0.0389
0.1181
0.0388
0.1154
0.0396
0.1185
0.0393
0.1192
0.0459
0.1546
0.0466
0.1661
0.0417
0.1005
0.0367
0.1081
0.0382
0.1178
0.0383
0.1097
0.0384
0.1164
0.0394
0.1142
0.0328
0.1073
0.0409
0.1164
0.0356
0.11
0.0408
0.1158
0.0483
0.1594
0.0407
0.1205
0.0393
0.1157
0.0499
0.1241
0.0334
0.1083
0.0415
0.1217
0.0411
0.1194
0.0605
0.1452
0.0413
0.1129
0.0453
0.1195
0.0411
0.1261
0.0398
0.125
0.0399
0.1236
0.0431
0.1197
0.0342
0.1076
0.0415
0.1198
0.0391
0.1211
0.0392
0.1219
0.0382
0.1207
0.0374
0.1218
0.0466
0.1043
0.0367
0.1104
0.0403
0.122
0.0409
0.1129
0.039
0.1176
0.0381
0.1191
0.0402
0.1256
0.0311
0.1073
0.0386
0.1233
0.0415
0.121
0.044
0.1206
0.0405
0.1218
0.0379
0.1201
0.0374
0.1186
0.0471
0.1539
0.0366
0.1198
0.0352
0.1155
0.0437
0.1571
0.0437
0.1179
0.0427
0.1398
0.0388
0.1456
0.0362
0.1428
0.0378
0.1184
0.0393
0.1436
0.038
0.1169
0.0409
0.1445
0.0351
0.1119
0.0408
0.1177
0.0379
0.1191
0.0399
0.146
0.0388
0.1041
0.0381
0.1163
0.0377
0.1177
0.0422
0.1056
0.0408
0.1117
0.0405
0.1149
0.0385
0.1177
0.0383
0.119
0.0404
0.1177
0.0375
0.1189
0.0376
0.1156
0.0393
0.1158
0.0405
0.1161
0.0405
0.1154
0.0367
0.1146
0.0378
0.1168
0.0376
0.1157
0.0383
0.1187
0.0375
0.1164
0.0386
0.117
0.0396
0.1166
0.0352
0.1077
0.0309
0.1053
0.038
0.1148
0.0385
0.1162
0.0382
0.1158
0.0381
0.1171
0.0386
0.1174
0.0398
0.1175
0.0403
0.1161
0.0368
0.0984
0.0374
0.1155
0.0379
0.1183
0.0383
0.1111
0.038
0.1125
0.0408
0.1156
0.0401
0.1144
0.0407
0.1177
0.038
0.1162
0.0366
0.1158
0.0383
0.1147
0.0375
0.1146
0.0375
0.1163
0.048
0.1184
0.0396
0.1151
0.0402
0.1138
0.0402
0.1255
0.0384
0.1218
0.0375
0.1184
0.0376
0.1183
0.0385
0.1182
0.0394
0.1174
0.0406
0.1157
0.0408
0.1183
0.0376
0.1181
0.0374
0.1173
0.0383
0.1176
0.0371
0.1203
0.0382
0.1186
0.0456
0.1199
0.0408
0.1112
0.0403
0.1137
0.0381
0.1497
0.0367
0.1133
0.0379
0.1161
0.0387
0.1173
0.0385
0.1166
0.04
0.1167
0.0401
0.116
0.0405
0.1149
0.0376
0.1141
0.0375
0.1207
0.0374
0.1153
0.039
0.1154
0.0377
0.1279
0.0393
0.1187
0.0406
0.1211
0.0415
0.1197
0.0383
0.1173
0.0377
0.1214
0.0399
0.1223
0.0373
0.1201
0.0374
0.1192
0.0347
0.1098
0.0398
0.1224
0.041
0.1174
0.0383
0.1189
0.0385
0.1231
0.038
0.1225
0.0322
0.1076
0.0376
0.1041
0.0424
0.1246
0.0418
0.1222
0.0352
0.1023
0.0396
0.1207
0.0377
0.1189
0.0328
0.1095
0.0416
0.1391
0.0387
0.1241
0.0433
0.1219
0.0368
0.1106
0.0421
0.1219
0.0337
0.1124
0.0393
0.123
0.0396
0.1188
0.0331
0.1092
0.0393
0.1282
0.0426
0.1227
0.0437
0.1224
0.0422
0.1168
0.0417
0.1217
0.0434
0.1186
0.0385
0.1183
0.0329
0.1101
0.0374
0.1222
0.036
0.1137
0.0358
0.1092
0.0357
0.1061
0.0386
0.1251
0.039
0.1254
0.0327
0.1117
0.0378
0.1168

-------------------------------------
CodechalDecodeHevcG12::SetFrameStates
-------------------------------------
0.3724
0.0138
0.0124
0.0125
0.0091
0.0125
0.0107
0.0115
0.0093
0.0109
0.0112
0.0096
0.01
0.0085
0.0079
0.0109
0.0084
0.0082
0.0099
0.0138
0.0088
0.0087
0.0098
0.0126
0.0073
0.0099
0.0071
0.0111
0.0099
0.0083
0.0115
0.008
0.0078
0.0111
0.0077
0.0092
0.0073
0.0094
0.0086
0.0087
0.0074
0.0111
0.0089
0.0084
0.0117
0.01
0.013
0.0091
0.0125
0.0129
0.0099
0.0126
0.0096
0.0099
0.0099
0.0134
0.0124
0.0122
0.0094
0.0099
0.01
0.0094
0.0095
0.0133
0.0103
0.0114
0.0128
0.0128
0.0089
0.0132
0.0074
0.0133
0.0177
0.0089
0.0105
0.013
0.0125
0.008
0.0073
0.0067
0.0067
0.0065
0.0109
0.0105
0.011
0.0102
0.0102
0.0123
0.0097
0.0072
0.0098
0.0094
0.0095
0.0091
0.011
0.0097
0.0095
0.0129
0.0089
0.0092
0.01
0.0106
0.0096
0.0121
0.0099
0.0098
0.0096
0.0097
0.0085
0.0106
0.0098
0.0097
0.0096
0.0095
0.0094
0.0095
0.0119
0.0108
0.0098
0.0085
0.0095
0.009
0.0095
0.0095
0.0087
0.0098
0.0093
0.0095
0.0124
0.0099
0.0096
0.0128
0.0092
0.01
0.0097
0.0106
0.0121
0.013
0.0096
0.012
0.0095
0.0113
0.0076
0.0095
0.0094
0.0097
0.0095
0.0095
0.013
0.0092
0.0148
0.0096
0.0097
0.0097
0.0096
0.0076
0.0097
0.0097
0.0095
0.0093
0.0094
0.0095
0.0118
0.0089
0.0107
0.0101
0.0109
0.0086
0.0084
0.0088
0.0098
0.0088
0.0124
0.0088
0.0092
0.0095
0.0094
0.0088
0.0097
0.0095
0.0095
0.0116
0.0104
0.0095
0.0101
0.0102
0.0095
0.0103
0.0092
0.0095
0.0093
0.0105
0.0094
0.0097
0.0094
0.0104
0.0101
0.0094
0.0093
0.0076
0.0067
0.0096
0.0108
0.0103
0.0095
0.0094
0.0097
0.01
0.0094
0.0097
0.0102
0.0168
0.0101
0.0108
0.0103
0.0119
0.0095
0.0094
0.0101
0.0092
0.0112
0.0127
0.0093
0.0095
0.0098
0.0098
0.0102
0.0095
0.0102
0.01
0.0098
0.0114
0.0109
0.0094
0.0102
0.0106
0.0098
0.0098
0.0095
0.0094
0.0094
0.0093
0.0093
0.0105
0.0105
0.0096
0.0092
0.0104
0.0095
0.0094
0.0095
0.0095
0.0094
0.0095
0.0095
0.0097
0.0095
0.0096
0.0101
0.0095
0.0093
0.009
0.0102
0.0119
0.0094
0.0098
0.0094
0.0091
0.0106
0.0104
0.0094
0.0074
0.0097
0.0094
0.0085
0.0115
0.0113
0.0097
0.0088
0.0104
0.0088
0.0098
0.0094
0.0079
0.011
0.0095
0.0098
0.0097
0.0094
0.0127
0.0096
0.0085
0.0104
0.008
0.0089
0.0074
0.0096
0.0101
0.0072
0.0095

--------------------------
CreateVideoDecoder_D3D11_1
--------------------------
21.0328
17.5748
15.9009
12.5283

---------------------------
DestroyVideoDecoder_D3D11_1
---------------------------
13.6566
15.0659
42.066
0

---------------------
DxvaEncodeHEVC_Create
---------------------
20.8775
17.4217
15.7447

-----------------------
DxvaEncodeHEVC_EndFrame
-----------------------
0.0016
0.001
0.0049
0.0015
0.0011
0.001
0.0017
0.0009
0.0008
0.0013
0.0007
0.0007
0.0007
0.0022
0.0016
0.0008
0.0007
0.0007
0.0005
0.0027
0.0007
0.0009
0.0008
0.0008
0.0012
0.0008
0.0009
0.0006
0.0023
0.0008
0.0007
0.0017
0.0008
0.0008
0.0007
0.0007
0.0007
0.0006
0.0006
0.0008
0.0008
0.0008
0.0025
0.0006
0.0008
0.0008
0.0016
0.0007
0.0011
0.0008
0.0007
0.0007
0.0006
0.0006
0.0007
0.0005
0.0007
0.0007
0.0007
0.0006
0.0006
0.0008
0.0006
0.0015
0.0007
0.0006
0.0013
0.0008
0.0007
0.0007
0.0006
0.0006
0.0006
0.0006
0.0007
0.0006
0.0006
0.0005
0.0005
0.0006
0.001
0.0006
0.0008
0.0006
0.0009
0.0005
0.0006
0.0007
0.0006
0.0006
0.0009
0.0007
0.0006
0.0006
0.0021
0.0008
0.0009
0.0009
0.002
0.0008
0.002
0.0008
0.0013
0.0008
0.0008
0.0011
0.0008
0.0008
0.0013
0.0008
0.0012
0.0009
0.0008
0.0008
0.0008
0.0008
0.0014
0.0007
0.0008
0.0013
0.001
0.0008
0.0008
0.0008
0.0009
0.0007
0.0009
0.0009
0.0009
0.0008
0.0008
0.0008
0.0008
0.0008
0.0008
0.0014
0.0008
0.0006
0.0008
0.0008
0.0006
0.0028
0.0008
0.0006
0.0005
0.0008
0.0007
0.0009
0.0008
0.0005
0.0005
0.0006
0.0007
0.0009
0.0006
0.0006
0.0008
0.0007
0.0008
0.0007
0.0009
0.0008
0.0008
0.0008
0.0008
0.0008
0.0008
0.0008
0.0009
0.0008
0.0008
0.0008
0.0008
0.0008
0.0008
0.0008
0.0009
0.0009
0.0008
0.0017
0.0008
0.0008
0.0008
0.0009
0.0008
0.0007
0.0009
0.0008
0.0008
0.0009
0.0007
0.0007
0.0008
0.0008
0.0008
0.0008
0.0008
0.0009
0.0008
0.0008
0.0008
0.0009
0.0008
0.0007
0.0009
0.0008
0.0008
0.0009
0.0008
0.0008
0.0008
0.0046
0.0008
0.0008
0.0008
0.0009
0.0008
0.0008
0.0008
0.0008
0.0008
0.0008
0.0008
0.0008
0.0008
0.0008
0.0008
0.0007
0.0008
0.0009
0.0007
0.0008
0.0008
0.0008
0.0008
0.0008
0.0008
0.0008
0.0008
0.0008
0.0008
0.0008
0.0009
0.0007
0.0008
0.0008
0.0009
0.0008
0.0007
0.0006
0.0006
0.0006
0.0006
0.0006
0.0006
0.0006
0.0009
0.0005
0.001
0.001
0.0008
0.0006
0.0007
0.0007
0.0008
0.0007
0.0006
0.0006
0.0005
0.0005
0.0006
0.0011
0.0009
0.0008
0.0008
0.001
0.0007
0.0007
0.0007
0.0008
0.0008
0.0007
0.0007
0.0006
0.0007
0.0009
0.0008
0.0008
0.0009
0.0009
0.0008
0.0008
0.0009
0.0009
0.0007
0.0012
0.0008
0.0009
0.0008
0.0009

----------------------
DxvaEncodeHEVC_Execute
----------------------
0.0027
0.0011
10.2851
6.0879
0.4746
4.682
0.3468
1.6328
0.8674
1.2351
0.218
1.5416
0.1748
1.3704
0.2045
1.1471
0.0174
0.8382
0.02
0.846
0.0184
0.781
0.0165
0.8963
0.0149
0.754
0.0147
0.8905
0.0223
0.9162
0.0172
0.7842
0.0173
0.899
0.0163
0.7604
0.0292
0.7541
0.016
1.0767
0.0168
0.7545
0.0172
0.7701
0.0149
0.7951
0.0157
0.8318
0.0159
1.1332
0.0235
0.759
0.0151
0.78
0.0158
0.7611
0.0157
0.8322
0.0151
0.8182
0.017
0.8004
0.0162
0.804
0.0217
0.8881
0.0276
0.8066
0.0232
0.9028
0.0288
0.8522
0.024
0.8987
0.0301
0.8075
0.0213
0.8655
0.0284
0.8224
0.0138
1.0466
0.0168
0.8022
0.0177
1.0969
0.0184
0.7439
0.0139
0.8288
0.0163
0.8821
0.014
0.8062
0.0184
0.7594
0.0148
0.8255
0.0208
0.7552
0.0149
0.8383
0.0178
0.806
0.0205
0.8241
0.0149
0.8385
0.018
0.7444
0.0181
0.7375
0.0143
0.7719
0.0179
0.799
0.0187
0.8416
0.0208
0.7652
0.0178
0.7179
0.0131
0.8152
0.0164
0.7524
0.0173
0.7275
0.0138
0.8413
0.0156
0.7558
0.0176
1.3841
0.02
0.7826
0.014
0.7879
0.0178
0.7801
0.0185
0.7527
0.013
0.8012
0.0156
0.7472
0.0138
0.7601
0.0302
0.7485
0.0213
0.7464
0.0123
0.7346
0.0128
0.7252
0.0125
0.7201
0.0118
0.7559
0.0146
0.8012
0.0195
0.8302
0.0166
0.7922
0.02
0.7882
0.0169
0.7484
0.0173
0.7304
0.0131
0.7231
0.0125
0.7405
0.013
0.807
0.014
0.7599
0.0123
0.8233
0.0173
0.7453
0.0132
0.773
0.0142
0.7687
0.0152
0.7729
0.0151
0.8391
0.0162
0.8167
0.0137
0.8439
0.0142
0.8712
0.0176
0.8395
0.0133
1.1798
0.0187
0.9385
0.0136
1.0996
0.018
0.8241
0.0161
0.8575
0.0145
1.1681
0.0174
0.8593
0.0141
0.8597
0.0141
1.1065
0.0186
0.8586
0.0137
1.1243
0.0168
0.8012
0.0167
0.9708
0.0142
0.8427
0.0142
0.8104
0.0139
0.8149
0.014
1.1204
0.0184
0.8031
0.0145
0.8892
0.0134
1.171
0.0172
0.7559
0.016
0.8583
0.0137
0.8234
0.0138
0.9046
0.0143
0.836
0.0137
0.8329
0.0135
0.8319
0.0135
0.8493
0.0179
0.8644
0.0136
0.8167
0.014
0.8292
0.0139
0.9053
0.0141
0.8254
0.0136
0.824
0.0136
0.8009
0.0142
0.8643
0.0166
0.7978
0.0167
0.7481
0.0135
0.8061
0.0168
0.7798
0.0156
0.7392
0.0124
0.7284
0.0129
0.8359
0.0213
0.7416
0.0124
0.7259
0.0118
0.8406
0.0154
0.8153
0.0137
0.8264
0.0147
0.7717
0.0134
0.7339
0.0124
0.7178
0.0126
0.7085
0.0123
0.7298
0.0274
0.83
0.0151
0.7643
0.0123
0.7242
0.012
0.8239
0.0159
0.7573
0.0162
0.8605
0.0163
0.7649
0.0132
0.8534
0.0185
0.8357
0.0155
0.7483
0.0129
0.8149
0.0145
0.8242
0.014
0.8198
0.0135
0.8322
0.0141
0.8788
0.0135
0.8312
0.0134
0.8886
0.0139
0.8023
0.0136
0.88
0.0135
0.9003
0.0141
0.8944
0.0145
0.8701
0.0137
0.8753
0.0138
0.8101
0.0146
0.8104
0.0139
0.8766
0.0149
0.8825
0.0139
0.8115
0.0136
0.8622
0.0144
0.8731
0.0146
0.873
0.0134
0.8138
0.0138
0.7928
0.0138
0.8388
0.0177
0.814
0.0139
0.8317
0.0146
0.7877
0.0141
1.3759
0.0133
0.7893
0.0146
1.3707
0.0138
0.8076
0.0137
0.791
0.014
1.7602
0.016
1.3366
0.0138
1.3706
0.0135
1.3663
0.0134
1.3667
0.0143
0.7886
0.0135
0.8234
0.0134
0.8345
0.0146
0.7498
0.0132
1.4586
0.0134
1.3852
0.0137
1.3645
0.0132
0.81
0.0142
0.8122
0.0139
0.8137
0.0148
0.7996
0.0136
0.8093
0.0145
1.3787
0.017
0.7906
0.0139
0.7891
0.0137
0.8093
0.0133
1.3695
0.0132
0.8042
0.0135
0.804
0.0137
1.3748
0.0132
0.8075
0.0143
1.4059
0.0171
1.3566
0.0141
0.8073
0.0137
0.7864
0.0137
0.8145
0.014
0.8184
0.016
0.8468
0.0138
1.3684
0.0136
1.3657
0.0133
0.7801
0.0141
0.8073
0.0143
1.382
0.0138
1.3388
0.0143
1.6934
0.014
1.3684
0.014
0.7934
0.0185
1.3704
0.0132
1.3686
0.0136
1.3756
0.0145
1.3061
0.0141
0.7841
0.0134
1.3656
0.0146
1.3746
0.0136
0.8132
0.0138
1.369
0.0136
0.7972
0.0141
1.3642
0.0137
1.2951
0.0133
1.2812
0.0128
1.277
0.0121
1.2772
0.0122
1.2673
0.0119
1.2385
0.0121
1.2901
0.0121
0.7682
0.0119
0.8329
0.0221
0.7468
0.0123
0.8094
0.0136
0.7995
0.0137
0.7445
0.0133
0.7268
0.0127
0.8045
0.0154
0.7486
0.0151
0.82
0.0134
0.7835
0.0125
0.7648
0.0121
0.7162
0.0126
0.7609
0.0119
0.7707
0.0121
0.7451
0.0149
0.829
0.0164
0.9679
0.0154
0.8663
0.0136
0.8103
0.0169
0.8739
0.0147
0.7594
0.013
0.835
0.014
0.8145
0.0151
0.7503
0.0135
0.8404
0.0147
0.7523
0.013
0.7908
0.0156
0.7619
0.0119
0.7312
0.013
0.8315
0.0179
0.8101
0.0155
0.7489
0.0124
0.8067
0.014
0.8172
0.0156
0.8055
0.0138
0.83
0.0138
0.8358
0.0156
1.1242
0.0183
0.7414
0.0136
1.1641
0.0187
0.8276
0.0139
0.7612
0.0153
0.731
0.0154
0.9133
0.017
0.0176

----------------
First Frame Time
----------------
142.233

----------------------
HEVC_QueryStatusReport
----------------------
0.4722
0.3432
0.8652
0.2167
0.1734
0.203
0.016
0.0186
0.0169
0.0154
0.0135
0.0134
0.0191
0.016
0.0161
0.0151
0.0281
0.0141
0.0152
0.0144
0.0133
0.0141
0.0148
0.0218
0.0135
0.0145
0.014
0.0136
0.0155
0.0147
0.0202
0.026
0.0218
0.0274
0.0225
0.0277
0.0198
0.0271
0.0128
0.0155
0.0158
0.0165
0.0127
0.0147
0.0126
0.0146
0.0133
0.0192
0.0136
0.0163
0.0192
0.0136
0.0167
0.0167
0.0131
0.0166
0.017
0.0192
0.0165
0.0121
0.0152
0.0161
0.0126
0.0145
0.0162
0.0181
0.0127
0.0166
0.0174
0.012
0.0145
0.0125
0.0291
0.0203
0.0112
0.0119
0.0116
0.0109
0.0134
0.0182
0.0153
0.0187
0.0156
0.0161
0.012
0.0116
0.0119
0.013
0.0112
0.0158
0.012
0.0133
0.0136
0.0137
0.015
0.0126
0.0128
0.0156
0.0122
0.0166
0.0123
0.016
0.0148
0.0125
0.0155
0.0129
0.0128
0.0164
0.0124
0.0149
0.0155
0.0129
0.013
0.0127
0.0128
0.0163
0.0132
0.0123
0.0153
0.0148
0.0123
0.0125
0.0131
0.0126
0.0123
0.0121
0.0157
0.0124
0.0128
0.0126
0.0128
0.0125
0.0123
0.0129
0.0154
0.0156
0.0123
0.0155
0.0146
0.0114
0.0118
0.0199
0.0114
0.0109
0.0141
0.0125
0.0132
0.0124
0.0113
0.0118
0.0113
0.0262
0.0139
0.0114
0.011
0.0146
0.0119
0.0149
0.0121
0.0171
0.0141
0.0118
0.0133
0.0126
0.0123
0.013
0.0124
0.0121
0.0127
0.0123
0.0123
0.0128
0.0131
0.0126
0.0126
0.0132
0.0125
0.0128
0.0126
0.0123
0.0131
0.0133
0.0122
0.0125
0.0127
0.0157
0.0127
0.0134
0.0127
0.012
0.0134
0.0127
0.0125
0.0126
0.0148
0.0125
0.0124
0.0122
0.0131
0.0123
0.0122
0.0134
0.0121
0.0123
0.0125
0.0121
0.0129
0.0125
0.0135
0.0123
0.0131
0.0158
0.0127
0.0125
0.0122
0.0122
0.0122
0.0125
0.0121
0.0131
0.0158
0.0128
0.0126
0.0125
0.0129
0.0144
0.0126
0.0123
0.0121
0.013
0.0131
0.0126
0.013
0.0127
0.0128
0.0126
0.0121
0.0123
0.0132
0.0128
0.0123
0.0133
0.0123
0.0126
0.0124
0.0128
0.0125
0.0122
0.0117
0.0111
0.0112
0.0108
0.0111
0.0111
0.0109
0.0209
0.0113
0.0125
0.0124
0.0121
0.0115
0.0144
0.014
0.0122
0.0114
0.011
0.0114
0.0108
0.0111
0.0138
0.0146
0.0142
0.0123
0.0157
0.0132
0.0119
0.0129
0.0137
0.0124
0.0133
0.0118
0.0144
0.0109
0.0119
0.0165
0.0141
0.0113
0.0129
0.0141
0.0125
0.0125
0.0145
0.0166
0.0125
0.0166
0.0126
0.0139
0.0138
0.0153
0.0151

--------------------------------------
VideoDecoderBeginFrame_WDDM2_4_D3D11_1
--------------------------------------
0.0086
0.0026
0.0027
0.0034
0.0048
0.0025
0.0055
0.0027
0.0025
0.004
0.004
0.0026
0.0031
0.0029
0.0031
0.0033
0.002
0.0024
0.0023
0.0056
0.0022
0.0021
0.0032
0.0042
0.0027
0.0031
0.0021
0.0019
0.0029
0.0033
0.0035
0.0033
0.0033
0.003
0.0022
0.0026
0.0023
0.0027
0.0026
0.0023
0.0025
0.0021
0.0029
0.002
0.0034
0.0028
0.0038
0.0055
0.0035
0.004
0.0039
0.0047
0.0032
0.0036
0.0041
0.004
0.0041
0.0045
0.0036
0.004
0.004
0.0037
0.0039
0.0063
0.0028
0.0034
0.0047
0.0041
0.0034
0.0039
0.0026
0.0041
0.0048
0.003
0.0036
0.0037
0.0046
0.0032
0.0028
0.0024
0.0024
0.0026
0.0039
0.0026
0.0039
0.0034
0.0038
0.0041
0.0036
0.0029
0.0041
0.0043
0.0035
0.0028
0.0068
0.0033
0.0033
0.0039
0.0033
0.0031
0.0033
0.0027
0.0029
0.0039
0.0032
0.0037
0.003
0.0022
0.0034
0.0032
0.0037
0.004
0.003
0.0043
0.003
0.0048
0.0038
0.0033
0.0033
0.0028
0.003
0.005
0.0036
0.0031
0.003
0.004
0.0034
0.0036
0.0039
0.0031
0.0037
0.0038
0.003
0.0033
0.0036
0.0036
0.0035
0.0042
0.0032
0.003
0.0032
0.0041
0.0026
0.0032
0.003
0.0035
0.0035
0.003
0.0036
0.0029
0.0037
0.0034
0.0035
0.003
0.003
0.0024
0.0032
0.0034
0.0037
0.0029
0.003
0.0032
0.0039
0.0032
0.0035
0.0031
0.0031
0.0026
0.0025
0.0025
0.0038
0.0026
0.0035
0.0026
0.0029
0.0035
0.0037
0.0026
0.0038
0.0029
0.0029
0.0034
0.0035
0.0028
0.0031
0.0034
0.003
0.0036
0.0036
0.003
0.0029
0.0035
0.0035
0.0028
0.0033
0.0033
0.003
0.0035
0.003
0.0022
0.0021
0.0037
0.003
0.0035
0.0036
0.003
0.003
0.0032
0.0031
0.0035
0.0033
0.0047
0.0036
0.003
0.0037
0.0031
0.0029
0.005
0.003
0.0038
0.0029
0.0035
0.0038
0.003
0.0032
0.0033
0.0029
0.0035
0.0037
0.0028
0.0034
0.0031
0.003
0.0037
0.0034
0.0031
0.0038
0.0035
0.0027
0.0032
0.0031
0.0051
0.0037
0.0032
0.0032
0.0035
0.0031
0.0033
0.0033
0.0029
0.0029
0.0035
0.0029
0.0035
0.0034
0.0032
0.003
0.0036
0.0042
0.0032
0.0032
0.0029
0.0037
0.0037
0.003
0.0039
0.0033
0.0031
0.0031
0.0029
0.0049
0.0021
0.003
0.0029
0.0038
0.0034
0.0031
0.0031
0.0034
0.0038
0.0032
0.0038
0.0038
0.0029
0.0039
0.0036
0.0031
0.0032
0.0033
0.0042
0.0032
0.0031
0.003
0.0025
0.0034
0.0028
0.0032
0.003
0.0033
0.003

----------------------------
VideoDecoderEndFrame_D3D11_1
----------------------------
0.0351
0.0609
0.0933
0.103
0.1093
0.004
0.1028
0.0029
0.0562
0.0082
0.0548
0.0034
0.0554
0.0042
0.0632
0.004
0.0575
0.0047
0.0569
0.006
0.0579
0.003
0.0609
0.0032
0.0022
0.052
0.0023
0.0595
0.0043
0.0579
0.0038
0.0544
0.0032
0.0564
0.0026
0.0537
0.003
0.0555
0.0028
0.056
0.0021
0.0633
0.0067
0.0583
0.0022
0.0634
0.0028
0.0642
0.0029
0.0558
0.0029
0.0606
0.0036
0.0599
0.0026
0.0562
0.0027
0.0639
0.0023
0.055
0.0043
0.0656
0.0026
0.0583
0.0025
0.0557
0.0036
0.0565
0.0032
0.0552
0.003
0.057
0.0029
0.0612
0.0027
0.0595
0.0029
0.0558
0.0025
0.0587
0.0026
0.056
0.0022
0.0591
0.003
0.0568
0.0027
0.0835
0.0049
0.056
0.002
0.0564
0.0026
0.056
0.0044
0.065
0.0033
0.0579
0.0022
0.0552
0.0029
0.061
0.0023
0.0595
0.0022
0.0579
0.0024
0.0791
0.0021
0.0552
0.0022
0.0575
0.0023
0.0569
0.0019
0.0579
0.0021
0.0594
0.0022
0.0757
0.0023
0.0583
0.002
0.0566
0.0019
0.0568
0.0028
0.0594
0.0019
0.0587
0.0029
0.0577
0.0021
0.0553
0.0022
0.0058
0.0555
0.0561
0.0024
0.0577
0.0021
0.0648
0.0022
0.0557
0.0021
0.0563
0.002
0.0572
0.0019
0.0557
0.0018
0.0589
0.0021
0.0565
0.0019
0.0546
0.0018
0.0537
0.0018
0.0535
0.0019
0.0578
0.0021
0.0562
0.0027
0.0582
0.0021
0.0581
0.0023
0.0596
0.002
0.058
0.0021
0.0556
0.0018
0.0561
0.0018
0.0586
0.0022
0.0588
0.0019
0.0567
0.002
0.0537
0.0028
0.0581
0.0022
0.0581
0.0019
0.057
0.0018
0.0611
0.0036
0.0613
0.0027
0.0588
0.0028
0.0565
0.0031
0.056
0.0044
0.0776
0.0026
0.0634
0.0045
0.0634
0.0025
0.0645
0.0043
0.0578
0.0031
0.057
0.0026
0.067
0.0037
0.0568
0.0027
0.0591
0.0025
0.058
0.0041
0.0564
0.0026
0.0607
0.0036
0.0581
0.0027
0.0572
0.0026
0.0804
0.0026
0.0777
0.0027
0.0581
0.0026
0.053
0.0039
0.0581
0.0026
0.058
0.0028
0.0612
0.0038
0.0595
0.0027
0.0571
0.0027
0.0567
0.0027
0.0576
0.0026
0.0624
0.0027
0.0797
0.0026
0.0596
0.0027
0.0617
0.0026
0.0607
0.0029
0.0592
0.0026
0.0545
0.0025
0.0592
0.0027
0.0777
0.0026
0.0563
0.0026
0.0573
0.0027
0.0581
0.0034
0.0575
0.0026
0.0591
0.0022
0.0025
0.0561
0.0536
0.0023
0.0577
0.002
0.058
0.0041
0.0598
0.0035
0.0585
0.0019
0.0585
0.0019
0.0606
0.0027
0.0573
0.0027
0.0562
0.0028
0.0562
0.0023
0.0595
0.0019
0.0594
0.0019
0.0019
0.0588
0.052
0.0021
0.0565
0.0027
0.061
0.002
0.0595
0.0018
0.0577
0.0064
0.0562
0.0022
0.0657
0.0027
0.0737
0.0022
0.0572
0.003
0.0579
0.0027
0.0722
0.0022
0.0918
0.0026
0.085
0.0027
0.0731
0.0026
0.0712
0.0027
0.0599
0.0026
0.0726
0.0027
0.0614
0.0026
0.0758
0.0028
0.053
0.0027
0.0617
0.0028
0.0593
0.0027
0.0719
0.0028
0.0572
0.0027
0.0594
0.0027
0.0599
0.0028
0.0548
0.0026
0.0578
0.0035
0.0585
0.0027
0.0577
0.0028
0.061
0.0026
0.0594
0.0026
0.0567
0.0028
0.0595
0.0026
0.0608
0.003
0.061
0.0027
0.06
0.0027
0.06
0.0026
0.0608
0.0026
0.0612
0.0026
0.0602
0.0026
0.0642
0.0027
0.058
0.0027
0.0609
0.0529
0.0513
0.0026
0.0028
0.0546
0.0027
0.0585
0.0026
0.0613
0.0027
0.0617
0.0025
0.0581
0.0028
0.0588
0.0028
0.0022
0.0583
0.0027
0.0593
0.0026
0.0549
0.0026
0.0576
0.0029
0.0597
0.0027
0.0602
0.0027
0.0582
0.0026
0.0585
0.0065
0.0569
0.0026
0.058
0.0027
0.0587
0.0027
0.0577
0.0026
0.0608
0.0027
0.0571
0.0035
0.0565
0.0026
0.0583
0.0026
0.0564
0.0026
0.0581
0.0027
0.056
0.0026
0.0581
0.0027
0.0611
0.0027
0.0612
0.0028
0.0585
0.0028
0.0564
0.0026
0.0579
0.0027
0.0571
0.0028
0.0583
0.0028
0.0621
0.0026
0.0581
0.0028
0.0578
0.0027
0.0602
0.0538
0.0027
0.0629
0.0028
0.0558
0.0025
0.0577
0.0028
0.0585
0.0026
0.0587
0.0028
0.0585
0.0027
0.058
0.0026
0.0583
0.0028
0.059
0.0026
0.0606
0.0026
0.0604
0.0027
0.0593
0.0027
0.064
0.0026
0.0559
0.0023
0.0577
0.002
0.0603
0.0018
0.0591
0.0018
0.0602
0.0018
0.0018
0.0596
0.0018
0.0601
0.0025
0.0618
0.0027
0.06
0.0017
0.0614
0.0032
0.0581
0.003
0.0611
0.0023
0.0581
0.0019
0.0577
0.0022
0.0561
0.0021
0.0554
0.0026
0.0572
0.0021
0.0018
0.0617
0.002
0.0571
0.0533
0.0018
0.0566
0.0017
0.0569
0.0021
0.0545
0.0035
0.0581
0.0028
0.0567
0.0026
0.057
0.0026
0.0576
0.0031
0.0568
0.0023
0.0548
0.0026
0.0683
0.0026
0.0558
0.0024
0.0551
0.0028
0.0567
0.0022
0.058
0.0022
0.0554
0.0021
0.0565
0.0021
0.0598
0.0027
0.0558
0.0026
0.0565
0.0021
0.0545
0.0028
0.0565
0.0028
0.0573
0.0026
0.0577
0.0027
0.0549
0.0028
0.0614
0.0035
0.0024
0.0577
0.0548
0.0038
0.0568
0.0026
0.003
0.003
0.0033

---------------------------------
VideoDecoderSubmitBuffers_D3D11_1
---------------------------------
1.1254
0.6605
0.7286
0.7285
0.7946
0.4653
0.3533
0.3572
0.3101
0.4144
0.2947
0.2692
0.2781
0.2641
0.2934
0.2972
0.2713
0.3226
0.2761
0.3615
0.26
0.2555
0.2949
0.3505
0.2569
0.254
0.2486
0.2717
0.2408
0.261
0.2931
0.2525
0.2536
0.3109
0.2575
0.2738
0.2636
0.297
0.2871
0.2992
0.2636
0.3012
0.2824
0.3426
0.3121
0.2815
0.2985
0.2864
0.278
0.3224
0.3052
0.3224
0.2984
0.3019
0.3154
0.4462
0.326
0.3191
0.2752
0.3028
0.3089
0.2929
0.2945
0.3309
0.2763
0.3144
0.324
0.3212
0.2686
0.2851
0.2463
0.3387
0.3223
0.2595
0.3065
0.3272
0.3238
0.2591
0.2532
0.2463
0.2406
0.2403
0.3071
0.2692
0.3195
0.312
0.3129
0.3221
0.2769
0.2496
0.2936
0.2882
0.2981
0.2788
0.2976
0.2994
0.2947
0.3242
0.2519
0.2719
0.2984
0.2971
0.285
0.2967
0.3065
0.2831
0.286
0.2569
0.2676
0.3029
0.3005
0.2855
0.2873
0.2802
0.2885
0.2876
0.3655
0.3639
0.2707
0.2556
0.2862
0.2761
0.2848
0.2803
0.2518
0.2903
0.2626
0.2859
0.3735
0.2937
0.2818
0.325
0.2507
0.294
0.2888
0.3619
0.2865
0.3114
0.2994
0.2985
0.2967
0.3046
0.2453
0.292
0.2909
0.2957
0.2887
0.2917
0.3063
0.2636
0.2994
0.2855
0.2922
0.29
0.3027
0.2409
0.2906
0.2955
0.2946
0.2945
0.2937
0.2842
0.3683
0.2769
0.2701
0.3488
0.294
0.3138
0.315
0.3176
0.2847
0.3145
0.2916
0.3209
0.2664
0.2858
0.289
0.3212
0.2716
0.2807
0.2846
0.2795
0.2817
0.2822
0.2852
0.2856
0.2863
0.2848
0.2798
0.2823
0.286
0.2857
0.2787
0.2849
0.2782
0.2856
0.2824
0.2818
0.2829
0.2523
0.2394
0.2796
0.2851
0.283
0.2813
0.2823
0.2869
0.3547
0.2607
0.2797
0.2845
0.289
0.279
0.2863
0.2843
0.2905
0.2818
0.2788
0.2825
0.2792
0.2848
0.3153
0.2832
0.2847
0.2974
0.291
0.2859
0.2806
0.2857
0.2895
0.2845
0.2912
0.2881
0.2791
0.286
0.2914
0.2869
0.2963
0.2827
0.2831
0.3155
0.2783
0.2811
0.2882
0.2848
0.2842
0.2823
0.2863
0.2777
0.2846
0.2797
0.284
0.2934
0.2853
0.2901
0.2908
0.2843
0.2935
0.2974
0.2852
0.2852
0.2555
0.2943
0.2912
0.2886
0.2937
0.2928
0.2508
0.2781
0.3021
0.2982
0.2447
0.2941
0.2863
0.2541
0.3381
0.3001
0.3021
0.2595
0.298
0.2606
0.2938
0.2886
0.252
0.3042
0.2987
0.301
0.2902
0.2974
0.3073
0.2856
0.2523
0.295
0.2656
0.2555
0.2451
0.2973
0.301
0.2502
0.2869

