--------------------------
CreateVideoDecoder_D3D11_1
--------------------------
19.7959
15.3358
14.0969

---------------------------
DestroyVideoDecoder_D3D11_1
---------------------------
13.5135
13.5693
0

----------------
First Frame Time
----------------
0

----------------------------
VideoDecoderEndFrame_D3D11_1
----------------------------
0.0031
0.0035
0.0024
0.003
0.0039
0.0023
0.003
0.0024
0.0023
0.0038
0.0029
0.0024
0.0025
0.0051
0.0032
0.0027
0.003
0.0025
0.0027
0.0062
0.0024
0.0029
0.0025
0.0026
0.0026
0.0031
0.0033
0.0028
0.0053
0.003
0.0026
0.0026
0.0025
0.0025
0.0024
0.0035
0.0029
0.0027
0.0026
0.0032
0.003
0.0023
0.0059
0.0026
0.0025
0.0031
0.0027
0.0027
0.0028
0.0028
0.0025
0.0024
0.0025
0.0032
0.0025
0.0024
0.0025
0.0026
0.0025
0.0027
0.003
0.0026
0.0027
0.0063
0.0033
0.0026
0.0025
0.0024
0.0025
0.0026
0.0029
0.0026
0.0025
0.0034
0.0029
0.0029
0.0023
0.0024
0.0025
0.0021
0.0029
0.0027
0.0024
0.0027
0.0029
0.0023
0.0035
0.0027
0.0023
0.0027
0.003
0.0028
0.0026
0.0026
0.0069
0.0034
0.0031
0.0028
0.003
0.0025
0.0024
0.0028
0.0025
0.0026
0.0028
0.0033
0.0028
0.0027
0.0027
0.0027
0.0028
0.0029
0.0033
0.0032
0.0026
0.003
0.0027
0.0031
0.0033
0.0028
0.0026
0.003
0.0028
0.0028
0.0032
0.0033
0.0028
0.0028
0.003
0.0028
0.0032
0.0025
0.0032
0.0025
0.0027
0.0026
0.0026
0.0028
0.0027
0.0029
0.0031
0.006
0.0026
0.0028
0.0027
0.0025
0.0027
0.0031
0.0026
0.0031
0.0028
0.0024
0.0026
0.0029
0.0027
0.0026
0.0024
0.0026
0.0029
0.0029
0.0024
0.0028
0.0027
0.003
0.0024
0.0026
0.0026
0.0026
0.003
0.0028
0.0026
0.0025
0.0027
0.0023
0.0023
0.0024
0.0024
0.0027
0.003
0.0025
0.0026
0.0024
0.0027
0.0026
0.0028
0.0023
0.0029
0.0029
0.0031
0.0029
0.0033
0.0023
0.0029
0.0022
0.0026
0.0021
0.0064
0.0025
0.0027
0.0027
0.0028
0.0024
0.0022
0.0024
0.0028
0.0026
0.0026
0.0023
0.0026
0.003
0.0031
0.0061
0.0026
0.0026
0.0025
0.0024
0.0025
0.0028
0.0024
0.0024
0.0031
0.0026
0.003
0.0022
0.0025
0.0025
0.0032
0.0025
0.0024
0.0026
0.0025
0.0025
0.0025
0.0027
0.0027
0.0028
0.0024
0.003
0.0026
0.003
0.0028
0.0021
0.0022
0.0024
0.0016
0.0018
0.0018
0.0023
0.0026
0.0019
0.0015
0.0015
0.0015
0.0025
0.0029
0.0023
0.0025
0.0024
0.0025
0.0023
0.0023
0.0029
0.0025
0.0023
0.0027
0.003
0.0023
0.0027
0.0023
0.0032
0.0024
0.0022
0.0024
0.0026
0.0026
0.0025
0.0023
0.0034
0.0026
0.0027
0.0023
0.0023
0.0028
0.0024
0.0022
0.0024
0.0024
0.0023
0.0027
0.0027
0.0023
0.0028
0.0024
0.0024
0.002
0.0018
0.0023
0.0026
0.0022
0.0025
0.0026
0.0027
0.0027
0.0025
0.0026
0.0023
0.0025
0.0024
0.0031
0.0027
0.0025
0.003
0.0026
0.0024
0.0024
0.0023
0.0359
0.0026
0.0026
0.0027
0.0027
0.0021
0.0027
0.0029
0.0022
0.0028
0.0023
0.0024
0.0023
0.003
0.0025
0.0027
0.0026
0.0028
0.0028
0.0024
0.0025
0.0024
0.0025
0.0026
0.0026
0.0024
0.0031
0.0029
0.0023
0.0024
0.0025
0.0023
0.0026
0.0027
0.0025
0.0023
0.0032
0.0027
0.003
0.0033
0.0025
0.0027
0.0023
0.0022
0.0026
0.0029
0.0024
0.003
0.0023
0.0023
0.0026
0.0029
0.0022
0.0025
0.0024
0.0023
0.0031
0.0025
0.0029
0.0029
0.0026
0.0027
0.003
0.0027
0.0024
0.003
0.0025
0.0025
0.0022
0.0023
0.0027
0.0025
0.0029
0.0025
0.0026
0.0025
0.0027
0.003
0.0024
0.0025
0.0024
0.0023
0.0023
0.0033
0.0025
0.0023
0.0025
0.0022
0.0023
0.0026
0.0025
0.0022
0.0023
0.002
0.0022
0.0017
0.0023
0.0015
0.0015
0.0027
0.0024
0.0026
0.0023
0.0021
0.0027
0.0023
0.0025
0.0023
0.0023
0.0024
0.0022
0.0023
0.0024
0.0024
0.0025
0.0025
0.0025
0.0023
0.0025
0.0023
0.0025
0.0024
0.0023
0.0023
0.0024
0.0024
0.0026
0.0022
0.0026
0.0029
0.0025
0.0026
0.0025
0.0026
0.0025
0.0023
0.0028
0.0028
0.0019
0.0017
0.0017
0.0025
0.0018
0.0016
0.0019
0.0015
0.0031
0.0027
0.0025
0.0024
0.0029
0.0023
0.0024
0.0025
0.002
0.002
0.0016
0.0014
0.0065
0.0027
0.0023
0.0025
0.0023
0.0026
0.0026
0.0025
0.0025
0.0027
0.0023
0.0026
0.0026
0.0023
0.0022
0.0024
0.0031
0.0021
0.0023
0.0017
0.0017
0.0017
0.0028
0.0022
0.0025
0.0022
0.0024
0.0024
0.0025
0.0022
0.0023
0.0022
0.0024
0.0025
0.0025
0.0028
0.0026
0.0026
0.0026
0.0025
0.0021
0.0026
0.0025
0.0024
0.0025
0.0031
0.0026
0.0023
0.0026
0.0025
0.0019
0.0016
0.0017
0.0013
0.0024
0.0025
0.0024
0.0023
0.0025
0.0023
0.0024
0.0028
0.0024
0.0027
0.0029
0.0027
0.0024
0.0024
0.0024
0.0028
0.0022
0.0028
0.0025
0.0022
0.0025
0.0023
0.0025
0.0023
0.0023
0.0029
0.0025
0.0026
0.0024
0.0026
0.0024
0.0025
0.003
0.0023
0.0034
0.0024
0.0024
0.0022
0.0025
0.003
0.0027
0.0024
0.0032
0.0025
0.0024
0.0025
0.0023
0.0028
0.0022
0.0025
0.0025
0.0031
0.0027
0.0026
0.0025
0.0024
0.0026
0.0022
0.0023
0.0025
0.0023
0.0025
0.0023
0.0026
0.0026
0.003
0.0023
0.0024
0.0025
0.0024
0.0025
0.0022

