---------------------------------------------
CalcPrivateVideoDecoderOutputViewSize_D3D11_1
---------------------------------------------
0.0021
0.0016
0.0019
0.0013
0.0017
0.0007
0.0034
0.0008
0.0007
0.0015
0.0007
0.0007
0.0007
0.0016
0.0016
0.0009
0.0016
0.001
0.0017
0.0024
0.0011
0.0007
0.0016
0.0009
0.0016
0.0008
0.0011
0.001
0.0017
0.0008
0.0014
0.0009
0.0012
0.001
0.0015
0.0009
0.0015
0.0011
0.0012
0.003
0.0009
0.0011
0.0018
0.0007
0.0013
0.0008
0.0007
0.0007
0.0006
0.0006
0.0007
0.001
0.0009
0.0014
0.0009
0.0009
0.0008
0.0008
0.0018
0.001
0.0007
0.001
0.001
0.0017
0.0007
0.0008
0.0007
0.0009
0.0011
0.0009
0.0007
0.001
0.0008
0.0007
0.0007
0.001
0.0009
0.0007
0.0009
0.0009
0.0009
0.0008
0.0008
0.0009
0.0007
0.0007
0.0007
0.0006
0.0012
0.0006
0.0014
0.001
0.0011
0.0007
0.0022
0.0009
0.0006
0.0007
0.0006
0.0008
0.001
0.0008
0.0008
0.0008
0.0007
0.0008
0.0029
0.001
0.0013
0.0008
0.0007
0.0007
0.0007
0.0007
0.0009
0.0008
0.0007
0.0007
0.0006
0.0006
0.0008
0.0007
0.0007
0.0006
0.0006
0.0007
0.0007
0.0008
0.0007
0.0007
0.0009
0.0011
0.0008
0.0008
0.0006
0.0007
0.0008
0.0008
0.0008
0.0008
0.0007
0.0025
0.0007
0.0008
0.0008
0.0007
0.0008
0.001
0.0006
0.0007
0.0009
0.0018
0.0009
0.0017
0.0019
0.0007
0.0008
0.0009
0.0007
0.0009
0.0009
0.0007
0.0008
0.0009
0.0008
0.0009
0.0008
0.0006
0.0008
0.0008
0.0011
0.0009
0.0007
0.0007
0.0007
0.0008
0.0008
0.0006
0.0007
0.0009
0.0008
0.0008
0.0008
0.0008
0.0008
0.0008
0.0008
0.0007
0.0009
0.0007
0.0007
0.0008
0.0006
0.0007
0.0008
0.0006
0.0007
0.0007
0.0008
0.0007
0.0011
0.0007
0.0009
0.0006
0.0007
0.0007
0.0006
0.0007
0.0008
0.001
0.0009
0.0073
0.0009
0.0011
0.0008
0.0016
0.0021
0.001
0.001
0.0009
0.001
0.0009
0.001
0.001
0.0009
0.0009
0.0009
0.0008
0.0008
0.0008
0.001
0.0008
0.0009
0.001
0.0007
0.0008
0.0008
0.0008
0.0009
0.0007
0.0008
0.0008
0.0008
0.001
0.0007
0.0007
0.0008
0.0008
0.0008
0.0008
0.001
0.0008
0.0007
0.0008
0.0009
0.0008
0.0009
0.0009
0.0009
0.0007
0.0007
0.0008
0.0008
0.0008
0.0009
0.0009
0.0008
0.0008
0.0009
0.0009
0.0009
0.0007
0.0007
0.0008
0.0007
0.0009
0.0008
0.0007
0.0008
0.0007
0.0007
0.001
0.0007
0.0008
0.0007
0.0008
0.0007
0.0008
0.0016
0.0009
0.0007
0.0008
0.0008
0.0009
0.0009
0.001
0.0008
0.001
0.0009
0.0007
0.0008
0.0009
0.0009
0.0009
0.0009
0.0014
0.002
0.0013
0.0009
0.0017
0.0009
0.0008
0.0011
0.0008
0.0007
0.0006
0.0107
0.0006
0.0005
0.0006
0.0006
0.0006
0.0015
0.0011
0.0015
0.0009
0.0008
0.0007
0.0007
0.0007
0.001
0.0006
0.0006
0.0006
0.0007
0.0006
0.0006
0.0007
0.0006
0.0014
0.0009
0.0014
0.0008
0.0014
0.0008
0.0016
0.0009
0.0008
0.0014
0.0009
0.0008
0.0006
0.0009
0.0009
0.0009
0.0007
0.0008
0.0006
0.0009
0.0006
0.0006
0.0007
0.0007
0.0008
0.0007
0.0006
0.0007
0.0017
0.0009
0.0015
0.0009
0.0008
0.0017
0.001
0.0006
0.0015
0.0022
0.0008
0.0015
0.001
0.0015
0.0008
0.0008
0.0006
0.0009
0.0009
0.0009
0.0007
0.0015
0.0009
0.0008
0.0007
0.0007
0.0006
0.0006
0.0007
0.0008
0.0005
0.0006
0.0007
0.0007
0.0008
0.0006
0.0011
0.0006
0.0007
0.0007
0.0007
0.0006
0.0007
0.0012
0.0006
0.0007
0.0006
0.0006
0.0007
0.0006
0.0006
0.0005
0.0007
0.0019
0.0006
0.0006
0.0006
0.0006
0.0006
0.0007
0.0006
0.0006
0.0008
0.0008
0.0008
0.0007
0.0007
0.0008
0.0007
0.0006
0.0006
0.0007
0.0008
0.0008
0.0008
0.0006
0.0006
0.0009
0.0007
0.0006
0.0007
0.0005
0.0007
0.0005
0.0015
0.0007
0.0008
0.0006
0.0008
0.0006
0.0008
0.0007
0.0007
0.0008
0.0006
0.0016
0.0023
0.0017
0.0015
0.001
0.0008
0.0008
0.0009
0.0008
0.0006
0.0008
0.0007
0.0189
0.0007
0.0007
0.0006
0.0011
0.0007
0.0009
0.0008
0.0007
0.0007
0.0007
0.0007
0.0008
0.0007
0.0008
0.0007
0.0009
0.0009
0.0022
0.0017
0.001
0.0015
0.0014
0.0008
0.0008
0.0008
0.0008
0.0008
0.0008
0.0008
0.0016
0.0008
0.0008
0.0015
0.0011
0.0011
0.0011
0.0009
0.0009
0.0013
0.0009
0.0008
0.0007
0.0007
0.0008
0.0006
0.0007
0.0007
0.0012
0.0011
0.0011
0.0011
0.0016
0.0016
0.001
0.0007
0.0015
0.0012
0.0011
0.005
0.0012
0.0013
0.0014
0.0009
0.0014
0.0009
0.0011
0.0011
0.0007
0.0007
0.0015
0.0013
0.0016
0.0008
0.0009
0.0008
0.0014
0.0015
0.001
0.0017
0.0009
0.0016
0.001
0.0008
0.0013
0.0008
0.0015
0.001
0.0016
0.0008
0.0008
0.0007
0.0013
0.0008
0.0018
0.001
0.0013
0.0009
0.0008
0.0013
0.0008
0.001
0.0007
0.0007
0.0007
0.0014
0.0011
0.0015
0.0009
0.0013
0.0009
0.0014
0.0008
0.0008
0.0008
0.0008
0.0012
0.0008
0.0013
0.0012
0.001
0.0011
0.0007
0.0009
0.0009
0.0016

-----------------------
CodechalDecode::Execute
-----------------------
6.9979
14.8621
8.8319
6.0307
5.9434
0.9218
0.8352
0.6228
0.601
0.5165
0.4973
0.5197
1.2623
0.9262
0.6679
0.5637
0.6327
0.736
0.6781
0.501
0.9759
0.5675
0.5599
1.0703
0.4424
0.382
0.3895
0.3792
0.3831
0.3818
0.4366
0.3958
0.4624
1.0151
1.1935
0.7825
3.6454
0.4417
0.4213
2.8262
0.4156
0.4167
0.3788
0.3711
0.3744
0.3746
0.3701
0.3763
0.3752
0.3675
0.3731
0.4132
0.5144
0.4124
0.3782
0.4292
0.3843
0.3856
0.4413
0.4085
0.3934
0.3765
0.3771
0.3749
0.3638
0.3675
0.7732
0.8993
0.3944
0.371
0.3679
0.3708
0.3662
0.3693
0.3728
0.375
0.371
0.3711
0.3724
0.3769
0.3889
0.3959
0.3866
0.386
0.371
0.3672
0.379
0.394
0.5997
0.3818
0.5454
0.3816
0.3658
0.3576
0.3685
0.3645
0.366
0.3562
0.3919
1.6613
0.4155
0.3992
0.4028
0.3993
0.4451
1.5298
0.509
0.418
0.4578
0.4122
0.4017
0.4344
0.3883
0.3864
0.3924
0.3861
0.3881
0.388
0.3618
0.3608
0.3591
0.3649
0.3661
0.3697
0.3688
0.3647
0.366
0.361
0.3627
0.3668
0.4183
0.4063
0.364
0.396
0.3806
0.4001
0.4028
0.3996
0.4073
0.3912
0.3837
0.3863
0.3886
0.3891
0.386
0.384
0.3854
0.3868
0.3887
0.3762
2.1288
0.4701
0.404
0.4158
0.3796
0.3711
0.377
0.3855
0.3955
0.4363
0.3755
0.3705
0.3676
0.3696
0.3763
0.3532
0.37
0.3642
0.3697
0.3663
0.369
0.3813
0.3667
0.3589
0.363
0.3566
0.3577
0.3704
0.363
0.3774
0.3679
0.3698
0.3664
0.3744
0.386
0.3702
0.3696
0.3761
0.3799
0.3742
0.3778
0.3618
0.3591
0.36
0.3582
0.3608
0.3624
0.3888
0.3464
0.3664
0.3621
0.3689
0.3712
0.3747
0.3791
0.3811
0.3719
0.3866
0.4029
0.4064
0.3921
0.4063
0.3955
0.3837
0.3851
0.3731
0.4715
0.3888
0.3795
0.3818
0.3964
0.4129
0.4009
0.3927
0.3959
0.3935
0.4072
0.3773
0.3787
0.3612
0.3714
0.3482
0.3905
0.3812
0.3814
0.387
0.4163
0.4158
0.3913
0.3866
0.3864
0.3983
0.3753
0.3741
0.3746
0.3743
0.379
0.3939
0.3848
0.3875
0.3897
0.4043
0.373
0.3847
0.3778
0.3842
0.369
0.3653
0.3711
0.3676
0.3793
0.3938
0.3979
0.3942
0.3527
0.3759
0.364
0.3761
0.3725
0.3917
0.3779
0.3681
0.3647
0.3727
0.3811
0.3799
0.3831
0.3559
0.36
0.3602
0.3612
0.3638
0.3656
0.3668
0.3673
0.3766
0.3847
0.4199
0.3908
0.3875
0.4021
0.4109
0.3988
0.3912
0.3714
0.374
0.3762
0.3507
0.3781
0.3649
0.3783
0.3758
0.4135
0.3802
0.3679
0.402
0.4658
0.387
0.3821
0.3916
0.3754
0.4178
0.4329
0.3891
0.4036
0.3703
0.3727
0.3717
0.3684
0.3666
0.361
0.3654
0.4134
0.3845
0.4114
0.3712
0.3709
0.3638
0.3654
0.3651
0.3462
0.3714
0.3678
0.366
0.3761
0.3979
0.4326
0.3772
0.3691
0.4177
0.3803
0.3781
1.3368
0.8701
0.3876
0.4162
0.3752
0.3639
0.4125
0.3749
0.3695
0.3627
0.3691
0.37
0.3706
0.3707
0.3673
0.3638
0.3685
0.3631
0.3605
0.3675
0.3822
0.3682
0.385
0.3869
0.405
0.459
0.4076
0.4247
0.4
0.3758
0.4488
0.3878
0.3642
0.4151
0.3786
0.3711
0.4135
0.3765
0.4276
0.3812
0.3682
0.3639
0.3819
0.3652
0.3672
1.3497
0.4254
0.3758
0.3633
0.3635
0.3633
0.3712
0.3732
0.3735
0.3452
0.3744
0.3646
0.3935
0.366
0.3646
0.3674
0.3698
0.3657
0.3571
0.3607
0.3634
0.3617
0.3603
0.3677
0.3632
0.3739
0.3711
0.3642
0.3644
0.3622
0.367
0.3635
0.3711
0.3651
0.3622
0.363
0.3643
0.3699
0.3601
0.3712
0.3594
0.3589
0.4171
0.3815
0.358
0.3614
0.3653
0.3782
0.3625
0.3732
0.3646
0.3603
0.3594
0.3643
0.3591
0.3604
0.3657
0.3623
0.3651
0.3614
0.3584
0.3593
0.3573
0.359
0.357
0.3586
0.3665
0.3604
0.3638
0.3633
0.3622
0.3683
0.3662
0.3746
0.4261
0.355
0.4565
0.4421
0.4063
0.3785
0.3784
0.3601
0.3582
0.3669
0.3619
0.3679
0.378
0.397
0.3962
0.4067
0.4082
0.401
0.3923
0.3918
0.3738
0.3724
0.3707
0.3709
0.3787
0.3897
0.3886
0.3904
0.3874
0.3604
0.366
0.436
0.4205
0.3772
0.3701
0.411
0.3644
0.3683
0.367
0.3683
0.3612
0.3708
0.4024
0.4196
0.3813
0.3898
0.4405
0.4213
0.3846
0.3926
0.3674
0.3612
0.4055
0.3658
0.3639
0.3582
0.3553
0.3772
0.358
0.3509
0.3532
0.545
0.5464
0.5506
0.5606
0.4223
0.5787
0.3523
0.3624
0.5609
0.5531
0.5552
0.6198
0.5535
0.5606
0.5597
0.5627
0.4199
0.3725
0.3691
0.556
0.3642
0.3587
0.4094
0.4021
0.5666
0.3801
0.3795
0.413
0.4171
0.5703
0.3662
0.5606
0.3646
0.557
0.3707
0.3578
0.5515
0.3642
0.5702
0.3495
0.5594
0.3697
0.3651
0.3631
0.5528
0.3707
0.5829
0.3798
0.5583
0.3801
0.3734
0.5578
0.3645
0.5631
0.3787
0.3629
0.3627
0.5708
0.3692
0.5517
0.3607
0.5531
0.3648
0.5627
0.3667
0.3699
0.3682
0.3669
0.5634
0.373
0.5544
0.3704
0.3561
0.3779
0.3713
0.3774
0.3667
0.427

---------------------------------------
CodechalDecodeHevcG12::DecodeStateLevel
---------------------------------------
0.4198
5.5937
8.4149
5.7831
0.2692
0.1653
0.2422
0.5747
0.2271
5.4618
0.199
0.1708
0.2004
0.1731
0.1756
0.2227
0.2273
0.1898
0.2102
0.1665
0.2019
0.1548
0.214
0.1567
0.2319
0.8384
0.5846
0.1727
0.3015
0.1844
0.2122
0.1699
0.2509
0.195
0.3642
0.1865
0.2848
0.2029
0.2037
0.1534
0.6347
0.1741
0.1884
0.2456
0.2236
0.1633
0.722
0.1739
0.1699
0.1247
0.1445
0.1165
0.1467
0.116
0.1434
0.1188
0.1444
0.119
0.1422
0.1195
0.1633
0.1269
0.148
0.1209
0.196
0.121
0.1461
0.112
0.186
0.1287
0.1749
0.1223
0.1869
0.1294
0.1676
0.126
0.1737
0.1207
0.1818
0.1376
0.1584
0.1323
0.1674
0.1168
0.1412
0.1161
0.1401
0.1153
0.1387
0.1179
0.1425
0.1167
0.1382
0.1157
0.1456
0.1155
0.1391
0.1166
0.139
0.1159
0.1462
0.117
0.1589
0.1301
0.1944
0.1689
0.1585
0.1197
0.143
0.1164
0.1737
0.1179
0.1426
0.1147
0.1424
0.1179
0.1633
0.1208
0.1502
0.1211
0.1485
0.118
0.1442
0.1159
0.1448
0.1191
0.1398
0.1157
0.1399
0.1146
0.1412
0.1168
0.1685
0.1288
0.1687
0.124
0.1485
0.1202
0.1415
0.1155
0.1386
0.1206
0.1417
0.116
0.1394
0.1161
0.1423
0.1168
0.1431
0.1179
0.1429
0.1142
0.1414
0.1162
0.1415
0.1166
0.1413
0.1165
0.1441
0.1179
0.1491
0.1202
0.1508
0.123
0.1488
0.1198
0.1492
0.1205
0.1402
0.1167
0.141
0.1161
0.1434
0.1247
0.1416
0.138
0.3307
0.1299
0.1395
0.1315
0.2016
0.1828
0.1468
0.1149
0.1398
0.1143
0.1347
0.1133
0.138
0.1137
0.1396
0.1145
0.1419
0.114
0.1364
0.1132
0.1465
0.1192
0.1464
1.2058
0.1566
0.1203
0.1506
0.1246
0.1549
0.1243
0.1543
0.1208
0.2005
0.1186
0.1562
1.105
0.2087
0.1269
0.1613
0.1254
0.1857
0.1269
0.1608
0.1256
0.156
0.1213
0.1545
0.1193
0.149
0.1199
0.1482
0.1197
0.1471
0.1208
0.1478
0.1198
0.1482
0.1209
0.1486
0.1207
0.1375
0.1144
0.1372
0.1142
0.1366
0.115
0.1378
0.1184
0.1382
0.1152
0.1376
0.1165
0.1409
0.1163
0.139
0.1161
0.1382
0.1188
0.1381
0.1154
0.1384
0.116
0.1395
0.1162
0.1613
0.1228
0.1509
0.1164
0.1388
0.1123
0.1463
0.1254
0.1449
0.1194
0.1539
0.1226
0.1532
0.1208
0.1533
0.1212
0.1566
0.1215
0.1501
0.12
0.1472
0.1188
0.1465
0.1194
0.1496
0.1197
0.1486
0.1214
0.1475
0.1204
0.1483
0.1199
0.148
0.1195
0.1494
0.1203
0.15
0.1205
0.1438
0.1159
0.1561
1.7025
0.1916
0.1233
0.1538
0.123
0.166
0.1195
0.1425
0.1269
0.1439
0.1167
0.1438
0.1222
0.1399
0.1374
0.1499
0.13
0.1713
0.1334
0.1412
0.1246
0.1393
0.1188
0.1401
0.1175
0.1404
0.1163
0.1437
0.1151
0.1361
0.1108
0.1405
0.1158
0.1367
0.1171
0.1406
0.118
0.1383
0.1182
0.1411
0.1155
0.1433
0.116
0.1395
0.1165
0.1358
0.1143
0.1395
0.1143
0.1363
0.1135
0.1359
0.1146
0.1358
0.1253
0.1383
0.1138
0.1419
0.1157
0.1402
0.1151
0.1403
0.1172
0.1392
0.1161
0.1446
0.1154
0.1481
0.1189
0.1417
0.1156
0.1416
0.1155
0.1438
0.1176
0.1446
0.1158
0.1431
0.1174
0.1436
0.1228
0.1374
0.115
0.1373
0.1146
0.1369
0.1147
0.1368
0.1137
0.1381
0.115
0.1388
0.1156
0.1515
0.1148
0.1337
0.1095
0.1401
0.1148
0.1342
0.1219
0.1396
0.1183
0.1412
0.1146
0.1413
0.1193
0.1436
0.1171
0.1466
0.1176
0.1404
0.1172
0.1486
0.1192
0.1535
0.1242
0.1608
0.1218
0.1506
0.1214
0.1517
0.1211
0.1527
0.1213
0.1473
0.1186
0.1485
0.1189
0.1418
0.1171
0.1936
0.1238
0.1496
0.1195
0.1449
0.1195
0.1482
0.1186
0.1538
0.1201
0.1631
0.1236
0.1562
0.1226
0.1522
0.1194
0.1538
0.1206
0.1526
0.1205
0.1615
0.1226
0.1446
0.117
0.1457
0.1162
0.138
0.1154
0.1424
0.1143
0.1362
0.1092
0.1459
0.1274
0.1479
0.1166
0.1455
0.1179
0.1498
0.1197
0.1651
0.1222
0.1669
0.1215
0.1524
0.1184
0.1494
0.12
0.1516
0.119
0.1576
0.1233
0.1444
0.1182
0.1451
0.1178
0.145
0.1168
0.143
0.1194
0.1487
0.1173
0.1534
0.1217
0.1503
0.1191
0.1506
0.1193
0.1502
0.1209
0.1609
0.1213
0.1443
0.1167
0.1481
0.1203
0.1463
0.1166
0.1476
0.1181
0.1403
0.1152
0.1422
0.1147
0.1442
0.1162
0.1411
0.1165
0.1472
0.1173
0.1512
0.1204
0.1535
0.1233
0.1527
0.1186
0.1368
0.1118
0.1456
0.1167
0.1402
0.1155
0.1455
0.1184
0.1442
0.1174
0.1521
0.1189
0.1465
0.116
0.1432
0.1137
0.141
0.1151
0.1428
0.1168
0.1497
0.1184
0.1477
0.117
0.1488
0.1191
0.1363
0.114
0.1392
0.115
0.1385
0.1144
0.1394
0.1144
0.139
0.1124
0.1399
0.1143
0.1433
0.1147
0.1414
0.1136
0.1447
0.1167
0.1478
0.1178
0.1597
0.1312
0.1518
0.12
0.1502
0.1204
0.1503
0.134
0.1613
0.1227
0.1551
0.1214
0.152
0.1196
0.1434
0.1165
0.1442
0.1172
0.145
0.116
0.1367
0.1101
0.1452
0.1167
0.1416
0.1161
0.1475
0.1172
0.1457
0.119
0.1611
0.1231
0.1454
0.1172
0.1407
0.1141
0.1535
0.1198
0.1887
0.1217
0.1384
0.1163
0.1438
0.1168
0.1404
0.1146
0.1413
0.1155
0.1585
0.1177
0.1678
0.1197
0.1433
0.1175
0.1626
0.1181
0.1411
0.1161
0.1395
0.1152
0.1413
0.1157
0.1416
0.1171
0.1385
0.114
0.1369
0.1152
0.14
0.1152
0.157
0.1211
0.1484
0.117
0.1569
0.1192
0.1413
0.1153
0.1418
0.1167
0.1399
0.1149
0.1398
0.114
0.14
0.1158
0.1346
0.1072
0.1405
0.1143
0.1383
0.1173
0.1389
0.1146
0.1427
0.1167
0.1489
0.118
0.1726
0.1236
0.1426
0.1168
0.1404
0.1167
0.1592
0.1208
0.1434
0.1184
0.1408
0.117
0.9018
0.1588
0.1677
0.1226
0.1443
0.1243
0.157
0.1203
0.1437
0.1187
0.1387
0.1163
0.1574
0.1209
0.144
0.1174
0.1401
0.1154
0.1373
0.1165
0.1419
0.1155
0.1406
0.1163
0.1402
0.1168
0.1384
0.1246
0.1408
0.1159
0.1396
0.1159
0.1399
0.1126
0.1379
0.115
0.1371
0.1147
0.1389
0.1157
0.1458
0.116
0.1411
0.1114
0.1468
0.1181
0.1452
0.1196
0.1545
0.1239
0.1761
0.128
0.1574
0.123
0.1614
0.1215
0.1545
0.1176
0.1434
0.1182
0.1734
0.1264
0.147
0.12
0.1395
0.1159
0.1573
0.1211
0.1434
0.1171
0.1438
0.1155
0.1585
0.1204
0.145
0.1176
0.1623
0.1249
0.1443
0.119
0.1402
0.1142
0.1385
0.1161
0.1392
0.1291
0.1381
0.1142
0.1392
0.113
1.0802
0.1213
0.1645
0.1185
0.1439
0.1162
0.138
0.1145
0.1383
0.1154
0.1406
0.1149
0.1418
0.1161
0.1436
0.1168
0.1421
0.1165
0.1342
0.1095
0.1408
0.1157
0.1396
0.1151
0.142
0.1389
0.1408
0.1153
0.1392
0.1143
0.1375
0.1162
0.1411
0.1151
0.1381
0.1145
0.1367
0.1127
0.1382
0.1134
0.1389
0.1152
0.1375
0.1146
0.1372
0.1154
0.1398
0.1156
0.1403
0.1152
0.1454
0.1164
0.142
0.1184
0.1387
0.1142
0.1389
0.1151
0.1397
0.1145
0.1397
0.1147
0.1377
0.118
0.1426
0.1171
0.1306
0.1176
0.1376
0.1148
0.1382
0.1141
0.1394
0.116
0.1382
0.1156
0.1371
0.1156
0.1406
0.1154
0.138
0.1155
0.1376
0.1121
0.137
0.1475
0.1392
0.1153
0.1358
0.1134
0.1379
0.1128
0.1383
0.114
0.147
0.1166
0.1383
0.1138
0.1399
0.1151
0.1384
0.1164
0.1375
0.114
0.137
0.114
0.1382
0.1157
0.1359
0.1135
0.1372
0.1146
0.1406
0.1159
0.1374
0.1149
0.1389
0.1136
0.1367
0.1132
0.1361
0.1128
0.1364
0.1126
0.1356
0.1136
0.1345
0.112
0.1357
0.1123
0.1364
0.1129
0.1425
0.1143
0.1385
0.1135
0.1385
0.1161
0.138
0.1154
0.139
0.1148
0.1421
0.1159
0.1396
0.1144
0.1428
0.1182
0.1452
0.1619
0.1372
0.1081
0.1891
0.1218
0.1759
0.1206
0.1609
0.1142
0.1432
0.1152
0.1414
0.1146
0.1357
0.1127
0.1364
0.1122
0.1412
0.1146
0.1372
0.1134
0.1396
0.115
0.1461
0.1169
0.1547
0.1176
0.1523
0.1211
0.1574
0.123
0.1586
0.122
0.1556
0.1211
0.151
0.1199
0.1504
0.1189
0.1443
0.1176
0.143
0.1173
0.1421
0.1158
0.1415
0.1172
0.1451
0.1181
0.1521
0.1203
0.1495
0.1188
0.1518
0.1194
0.1497
0.1189
0.1385
0.1144
0.1392
0.1132
0.1762
0.1174
0.1638
0.1172
0.1451
0.1172
0.1409
0.1114
0.1639
0.1149
0.1405
0.1133
0.1409
0.115
0.1408
0.1168
0.1414
0.1159
0.1382
0.1146
0.1422
0.1156
0.1441
0.1165
0.1698
0.1172
0.1469
0.1186
0.1462
0.1263
0.1794
0.1221
0.1703
0.1187
0.1468
0.119
0.1579
0.1143
0.1406
0.1161
0.1391
0.1152
0.1641
0.1164
0.1409
0.1148
0.1403
0.1165
0.1383
0.1165
0.1366
0.1145
0.1404
0.1139
0.1353
0.1138
0.1343
0.1128
0.1361
0.113
0.2089
0.1832
0.21
0.185
0.2086
0.1885
0.2142
0.1918
0.1641
0.1219
0.2189
0.19
0.1374
0.1103
0.1395
0.1152
0.2147
0.1901
0.2124
0.1878
0.2131
0.1902
0.2686
0.1952
0.2124
0.1876
0.213
0.1883
0.2146
0.1871
0.2106
0.1945
0.1634
0.121
0.1419
0.1177
0.1416
0.1156
0.211
0.1885
0.14
0.115
0.1358
0.1151
0.1576
0.1204
0.1573
0.1214
0.2155
0.1906
0.1455
0.1247
0.1447
0.1218
0.1716
0.1212
0.1634
0.1198
0.217
0.1857
0.1407
0.1137
0.2106
0.1882
0.1414
0.1139
0.2111
0.1875
0.142
0.1168
0.1377
0.1143
0.2079
0.187
0.14
0.1149
0.2175
0.1898
0.1364
0.1089
0.21
0.1892
0.1439
0.1171
0.1403
0.1157
0.1398
0.1156
0.2092
0.1859
0.1415
0.116
0.2208
0.191
0.1458
0.1171
0.2063
0.1902
0.1507
0.1181
0.1422
0.1195
0.2131
0.1884
0.1411
0.1142
0.2151
0.1882
0.1473
0.1191
0.1404
0.1155
0.1403
0.115
0.2158
0.1921
0.1415
0.1129
0.2141
0.1811
0.1388
0.1144
0.2139
0.1809
0.1407
0.1156
0.2148
0.1907
0.14
0.1153
0.1421
0.1166
0.1399
0.1159
0.1427
0.1165
0.216
0.1886
0.1464
0.1158
0.2129
0.1854
0.1435
0.1154
0.1368
0.1123
0.1444
0.1168
0.145
0.1162
0.1445
0.1176
0.1416
0.1147
0.1704
0.1227

-------------------------------------
CodechalDecodeHevcG12::SetFrameStates
-------------------------------------
0.7485
0.5293
8.0848
5.1063
0.1088
0.4065
0.3447
0.0873
0.0358
0.0353
0.0348
0.0419
0.0398
0.0334
0.04
0.0386
0.0429
0.0378
0.0395
0.0363
0.0329
0.0325
0.0396
0.0347
0.0409
0.0352
0.0354
0.0327
0.0335
0.0323
0.0444
0.0357
0.0401
0.1288
0.7759
0.036
3.2169
0.041
0.0342
2.3978
0.0393
0.0338
0.0386
0.0313
0.0359
0.032
0.0343
0.0319
0.0402
0.0315
0.0314
0.0319
0.0431
0.037
0.0341
0.0448
0.0433
0.0423
0.0529
0.0452
0.0385
0.0351
0.0326
0.0333
0.0327
0.032
0.3665
0.5056
0.0366
0.0337
0.0317
0.0324
0.0329
0.0311
0.0316
0.033
0.0315
0.0314
0.0322
0.0327
0.0339
0.0338
0.0333
0.0325
0.0317
0.0311
0.0312
0.0321
0.033
0.032
0.0438
0.0361
0.0316
0.0307
0.0325
0.031
0.0306
0.031
0.0397
0.2225
0.0389
0.0341
0.0353
0.0355
0.0372
0.1789
0.0473
0.0379
0.0392
0.0352
0.0341
0.069
0.0341
0.033
0.0333
0.0329
0.0333
0.0331
0.0311
0.0307
0.0303
0.0309
0.032
0.031
0.0321
0.0319
0.0307
0.0307
0.0308
0.0314
0.0357
0.045
0.0239
0.0336
0.0336
0.033
0.0399
0.0351
0.0349
0.0339
0.0337
0.0335
0.0333
0.0333
0.0333
0.0328
0.0329
0.0332
0.0338
0.0327
0.1803
0.0426
0.035
0.0365
0.0323
0.0328
0.0313
0.0317
0.0322
0.0423
0.0313
0.0315
0.0312
0.0308
0.0324
0.0215
0.0316
0.0312
0.0321
0.0317
0.0321
0.0384
0.0311
0.0315
0.0311
0.0299
0.0307
0.0311
0.0313
0.0339
0.0316
0.0313
0.0319
0.0321
0.0334
0.0318
0.0317
0.0326
0.0327
0.0321
0.0319
0.031
0.0307
0.031
0.0309
0.0309
0.0303
0.0316
0.0213
0.0315
0.0304
0.0315
0.0318
0.0319
0.0334
0.0324
0.0333
0.0338
0.0369
0.0351
0.0336
0.0379
0.0338
0.0329
0.0329
0.0332
0.0437
0.0366
0.0334
0.0331
0.0354
0.035
0.0343
0.0347
0.0349
0.0344
0.0344
0.0334
0.0335
0.0312
0.0328
0.0215
0.0329
0.0328
0.0329
0.034
0.0369
0.0361
0.034
0.0337
0.0337
0.0333
0.0326
0.0319
0.0332
0.0326
0.0332
0.0347
0.0337
0.0345
0.0343
0.0341
0.0325
0.0334
0.0336
0.0336
0.0323
0.032
0.0325
0.0322
0.0333
0.0374
0.0338
0.0355
0.0224
0.0326
0.0324
0.0322
0.0323
0.0347
0.0338
0.0319
0.0313
0.0336
0.0325
0.0334
0.0333
0.0304
0.031
0.0313
0.0312
0.0317
0.0321
0.0313
0.0322
0.0341
0.0362
0.0343
0.0343
0.0341
0.0338
0.0361
0.0354
0.0342
0.0321
0.0323
0.0335
0.0219
0.0335
0.0321
0.0322
0.0328
0.037
0.034
0.0328
0.0362
0.0412
0.0481
0.0359
0.0505
0.0322
0.0485
0.0445
0.0429
0.0338
0.0313
0.0355
0.0318
0.0313
0.0319
0.0307
0.0311
0.0388
0.0345
0.0386
0.0341
0.032
0.0318
0.0318
0.0319
0.0218
0.0348
0.031
0.0311
0.032
0.0402
0.0373
0.0328
0.032
0.0381
0.0334
0.0338
0.1701
0.4795
0.0356
0.0383
0.0337
0.0328
0.0381
0.0337
0.0323
0.0311
0.0325
0.0323
0.0321
0.0309
0.0314
0.0311
0.0328
0.0311
0.0307
0.0313
0.0331
0.0279
0.0336
0.0331
0.0332
0.0419
0.0362
0.0397
0.0346
0.0325
0.0409
0.0342
0.032
0.0389
0.0342
0.0328
0.0381
0.0331
0.0391
0.0351
0.033
0.0315
0.0326
0.032
0.036
0.056
0.0386
0.0335
0.0318
0.0315
0.031
0.0317
0.0322
0.0319
0.0212
0.0371
0.032
0.0321
0.0316
0.0319
0.0353
0.0325
0.0349
0.0309
0.0308
0.0316
0.0315
0.0314
0.035
0.0311
0.0321
0.0314
0.0316
0.0315
0.0311
0.0357
0.0309
0.0316
0.0358
0.0312
0.0312
0.0317
0.0363
0.0316
0.0331
0.0302
0.0311
0.0284
0.0439
0.0308
0.0314
0.0318
0.0323
0.0316
0.0313
0.0311
0.0315
0.031
0.0312
0.0311
0.031
0.0308
0.0316
0.0315
0.032
0.0307
0.0313
0.0302
0.0307
0.0305
0.0313
0.0316
0.0312
0.0309
0.0309
0.0309
0.031
0.0316
0.0316
0.0316
0.0228
0.0414
0.0406
0.0355
0.0356
0.0394
0.0313
0.0307
0.0305
0.0313
0.0318
0.0322
0.035
0.0344
0.0353
0.0359
0.0337
0.0336
0.0339
0.0322
0.0316
0.032
0.0318
0.0328
0.0319
0.0334
0.0334
0.0335
0.031
0.0316
0.0393
0.0379
0.0339
0.0251
0.037
0.032
0.0329
0.0317
0.0328
0.0313
0.0344
0.061
0.0363
0.0326
0.0329
0.0374
0.0358
0.0335
0.0337
0.0318
0.0314
0.0339
0.0317
0.0313
0.0308
0.0308
0.0327
0.0347
0.0303
0.0304
0.0442
0.0437
0.0445
0.0442
0.0392
0.0496
0.0231
0.0315
0.0455
0.0443
0.044
0.0454
0.0449
0.0472
0.0466
0.043
0.0387
0.0331
0.0324
0.0451
0.0322
0.035
0.0391
0.0352
0.0468
0.0327
0.0318
0.0364
0.0382
0.0486
0.0334
0.0459
0.0322
0.0462
0.0328
0.0312
0.0445
0.0319
0.0457
0.0232
0.0467
0.0325
0.0321
0.0318
0.0438
0.0327
0.0499
0.0339
0.0467
0.0323
0.033
0.0461
0.0315
0.0456
0.0332
0.0314
0.0318
0.0471
0.034
0.0458
0.0322
0.0455
0.0324
0.0466
0.0322
0.0319
0.0319
0.0315
0.0449
0.032
0.0451
0.0324
0.0218
0.033
0.0316
0.0331
0.032
0.0384

--------------------------
CreateVideoDecoder_D3D11_1
--------------------------
17.0262

---------------------------
DestroyVideoDecoder_D3D11_1
---------------------------
0

----------------
First Frame Time
----------------
63.0036

--------------------------------------
VideoDecoderBeginFrame_WDDM2_4_D3D11_1
--------------------------------------
0.0082
0.0032
0.0027
0.0022
0.0024
0.0019
0.0021
0.0018
0.0019
0.0023
0.0019
0.0017
0.002
0.0024
0.0032
0.0021
0.0029
0.0023
0.0027
0.0039
0.002
0.0017
0.0026
0.0018
0.0028
0.0021
0.0024
0.0017
0.0026
0.0017
0.003
0.0023
0.0027
0.0025
0.0026
0.0024
0.0028
0.0029
0.0024
0.0045
0.0027
0.002
0.0026
0.0015
0.0015
0.0016
0.0017
0.0016
0.0016
0.0016
0.0015
0.0018
0.0023
0.0023
0.0019
0.0017
0.0021
0.0019
0.0035
0.0025
0.0021
0.0023
0.0022
0.0028
0.0017
0.0018
0.0018
0.0025
0.0026
0.002
0.0019
0.0018
0.0017
0.0016
0.0019
0.0019
0.0018
0.0018
0.0015
0.0017
0.0017
0.0017
0.0017
0.0024
0.0016
0.0015
0.0016
0.0015
0.0022
0.0017
0.0025
0.0021
0.0018
0.0017
0.0025
0.0016
0.0016
0.0017
0.0016
0.0017
0.0022
0.0017
0.0017
0.0017
0.002
0.0018
0.0041
0.0024
0.0026
0.002
0.0017
0.0039
0.0015
0.0017
0.0016
0.0018
0.0015
0.0016
0.0015
0.0017
0.0016
0.0017
0.0016
0.0016
0.0016
0.0016
0.0016
0.0022
0.0015
0.0016
0.0021
0.002
0.0019
0.0016
0.0016
0.0018
0.0018
0.0018
0.0017
0.0017
0.0016
0.0064
0.0016
0.0017
0.0015
0.0017
0.0017
0.0017
0.0016
0.0018
0.0018
0.003
0.0021
0.0026
0.0018
0.0016
0.0017
0.0018
0.0018
0.0015
0.0024
0.0015
0.0015
0.0015
0.0017
0.0018
0.0016
0.0015
0.0015
0.0015
0.0015
0.0017
0.0015
0.0015
0.0015
0.0016
0.0014
0.0014
0.0015
0.002
0.0037
0.0016
0.0015
0.0016
0.0016
0.0017
0.0017
0.0015
0.0017
0.0016
0.0016
0.0014
0.0015
0.0015
0.0014
0.0015
0.0016
0.0016
0.0018
0.0023
0.0014
0.0015
0.0019
0.0017
0.0018
0.0017
0.0015
0.0017
0.0017
0.0017
0.0015
0.0036
0.0017
0.0016
0.0016
0.0016
0.0033
0.0023
0.0019
0.0019
0.002
0.0018
0.002
0.0019
0.0017
0.0017
0.0017
0.0018
0.0017
0.0015
0.002
0.0019
0.0017
0.0018
0.0018
0.0018
0.0019
0.0018
0.0017
0.0016
0.0017
0.0017
0.0017
0.0016
0.0017
0.0017
0.0016
0.0017
0.0017
0.0023
0.0017
0.0017
0.0016
0.0017
0.0018
0.0016
0.0018
0.0017
0.0016
0.0017
0.0018
0.0017
0.0017
0.0018
0.0018
0.0016
0.0017
0.0018
0.0018
0.0017
0.0017
0.0017
0.0017
0.0016
0.0017
0.0017
0.0018
0.0016
0.0016
0.0016
0.0016
0.002
0.0016
0.0016
0.0018
0.0017
0.0017
0.0018
0.0016
0.0018
0.0016
0.0019
0.0019
0.0017
0.0017
0.0017
0.0018
0.002
0.0017
0.0016
0.0017
0.0018
0.0021
0.0018
0.0018
0.0023
0.0035
0.0023
0.0022
0.0022
0.0019
0.0018
0.0022
0.0019
0.002
0.0017
0.0052
0.0022
0.0017
0.0017
0.0016
0.0016
0.0028
0.0022
0.0026
0.002
0.002
0.0016
0.0018
0.0016
0.002
0.0016
0.0017
0.0016
0.0016
0.0016
0.0019
0.0016
0.0016
0.0028
0.0018
0.0027
0.0019
0.0027
0.0023
0.0028
0.0027
0.0018
0.0027
0.0018
0.0019
0.0017
0.0018
0.0017
0.0018
0.0016
0.0018
0.0015
0.0019
0.0016
0.0016
0.0015
0.0017
0.002
0.0016
0.0017
0.0016
0.0033
0.0019
0.0027
0.0019
0.0017
0.003
0.002
0.0018
0.0026
0.0021
0.0019
0.0027
0.0019
0.0026
0.0019
0.002
0.0017
0.0017
0.0017
0.0021
0.0017
0.0028
0.0018
0.0017
0.0016
0.0016
0.0016
0.0016
0.0017
0.0019
0.0016
0.0017
0.0016
0.0016
0.0017
0.0016
0.0024
0.0015
0.0015
0.0015
0.0016
0.0016
0.0015
0.0015
0.0015
0.0017
0.0015
0.0016
0.0016
0.0015
0.0015
0.0016
0.0017
0.0034
0.0016
0.0015
0.0016
0.0016
0.0015
0.0018
0.0015
0.0017
0.0019
0.002
0.0016
0.0018
0.0018
0.0017
0.0015
0.0017
0.0016
0.0016
0.0016
0.0017
0.0015
0.0015
0.0016
0.0015
0.0019
0.0016
0.0016
0.0015
0.0014
0.0014
0.0015
0.0015
0.0015
0.0015
0.0018
0.0015
0.0016
0.0016
0.0015
0.0016
0.0017
0.0022
0.0036
0.0031
0.0024
0.0017
0.0019
0.0015
0.0015
0.0015
0.0017
0.0016
0.0016
0.0128
0.0017
0.0016
0.0017
0.0017
0.0016
0.0018
0.0017
0.0015
0.0015
0.0015
0.0015
0.0015
0.0018
0.0017
0.0017
0.0016
0.0019
0.0035
0.0028
0.002
0.0026
0.0028
0.0019
0.0018
0.0017
0.0017
0.0017
0.0016
0.0017
0.0025
0.0017
0.0017
0.0025
0.0022
0.0019
0.0022
0.0018
0.0017
0.0025
0.0017
0.0023
0.0016
0.0017
0.0017
0.0015
0.0016
0.0015
0.0024
0.0024
0.0021
0.0023
0.0028
0.0028
0.0021
0.0017
0.0025
0.0025
0.0024
0.0024
0.0024
0.0026
0.0026
0.0023
0.0028
0.002
0.002
0.0026
0.0019
0.0017
0.0028
0.0026
0.0027
0.0019
0.0017
0.002
0.0027
0.003
0.0022
0.0028
0.0019
0.0024
0.0019
0.0049
0.0025
0.002
0.0027
0.002
0.0027
0.002
0.0018
0.0018
0.0024
0.0018
0.0031
0.0022
0.0025
0.002
0.0018
0.0027
0.0018
0.0024
0.0018
0.0017
0.0017
0.0027
0.002
0.0026
0.0019
0.0025
0.0021
0.0028
0.0019
0.0018
0.0018
0.0018
0.0026
0.0017
0.0024
0.0018
0.002
0.0019
0.0016
0.0018
0.0017
0.0027

----------------------------
VideoDecoderEndFrame_D3D11_1
----------------------------
0.055
0.0566
0.0648
0.0626
0.0606
0.0595
0.0575
0.0582
0.0597
0.0558
0.0526
0.0552
0.0627
0.0558
0.0587
0.0588
0.0614
0.0601
0.0589
0.0561
0.054
0.0548
0.0596
0.0577
0.0561
0.0526
0.059
0.059
0.0528
0.0793
0.0552
0.0754
0.0529
0.0524
0.0536
0.1042
0.0551
0.0749
0.0995
0.059
0.0799
0.0987
0.0526
0.0514
0.0522
0.0511
0.0518
0.0504
0.0505
0.0507
0.0497
0.0548
0.0737
0.0653
0.0533
0.0643
0.0613
0.0616
0.0664
0.0525
0.059
0.0548
0.0515
0.0591
0.0567
0.0513
0.0545
0.0532
0.0854
0.0562
0.0531
0.0518
0.0523
0.0534
0.0539
0.0525
0.0546
0.0552
0.0548
0.0532
0.0538
0.0588
0.0548
0.056
0.0517
0.0526
0.0527
0.0555
0.0544
0.0546
0.0757
0.0542
0.0533
0.0515
0.0591
0.0545
0.0548
0.0526
0.0543
0.0516
0.0558
0.0564
0.0548
0.0538
0.0535
0.051
0.0537
0.0822
0.0576
0.0587
0.056
0.056
0.0564
0.0568
0.0602
0.0549
0.0551
0.0549
0.0528
0.0526
0.0509
0.0536
0.0521
0.0552
0.0525
0.0517
0.0524
0.0528
0.0527
0.0533
0.0579
0.0537
0.0534
0.054
0.0527
0.0569
0.0599
0.0543
0.0572
0.0545
0.0539
0.0566
0.0587
0.0562
0.0542
0.0564
0.0574
0.054
0.0547
0.0544
0.0511
0.0518
0.0858
0.0554
0.0539
0.0519
0.0514
0.0526
0.0706
0.055
0.0524
0.0543
0.0519
0.0521
0.0519
0.0535
0.053
0.0525
0.0512
0.0524
0.0524
0.0525
0.0528
0.0535
0.0518
0.0523
0.0518
0.0544
0.0523
0.054
0.0547
0.0527
0.0557
0.0542
0.0534
0.0528
0.0531
0.053
0.0526
0.0523
0.0531
0.0525
0.0521
0.0527
0.0516
0.0527
0.0515
0.056
0.0522
0.0511
0.052
0.0528
0.0546
0.0542
0.053
0.0525
0.0537
0.0554
0.0566
0.0565
0.0559
0.0568
0.0554
0.0546
0.0544
0.0551
0.0561
0.0538
0.0545
0.0542
0.0568
0.0561
0.0568
0.0545
0.0529
0.0545
0.0564
0.0536
0.0537
0.0513
0.0534
0.0518
0.0575
0.0552
0.0559
0.0536
0.0561
0.0557
0.0553
0.0539
0.058
0.0572
0.0539
0.054
0.0523
0.0548
0.0545
0.0551
0.0551
0.0547
0.0534
0.0579
0.0531
0.0536
0.0537
0.0553
0.053
0.0529
0.0525
0.0527
0.0539
0.0563
0.058
0.0546
0.0528
0.0542
0.0525
0.0536
0.0539
0.0693
0.0535
0.0554
0.0534
0.0535
0.054
0.0525
0.0561
0.0514
0.0516
0.0526
0.051
0.0529
0.0521
0.053
0.0521
0.0535
0.0535
0.0567
0.0552
0.0567
0.0563
0.0584
0.0573
0.0549
0.0525
0.0528
0.0543
0.051
0.0528
0.0548
0.0527
0.0564
0.0555
0.0533
0.0544
0.053
0.0548
0.0532
0.0504
0.0518
0.0521
0.0527
0.0502
0.061
0.0521
0.053
0.0533
0.062
0.0502
0.0507
0.0502
0.0518
0.0541
0.0511
0.0535
0.051
0.0506
0.0502
0.052
0.0507
0.0538
0.0519
0.0506
0.0511
0.0512
0.0513
0.0504
0.05
0.0505
0.0538
0.0517
0.0509
0.0573
0.0527
0.0736
0.0772
0.0513
0.0509
0.0536
0.052
0.0519
0.0507
0.0503
0.051
0.0515
0.0518
0.0502
0.0498
0.0565
0.0564
0.0511
0.0517
0.0514
0.0514
0.0518
0.0517
0.0522
0.0582
0.0565
0.0543
0.0523
0.0515
0.0545
0.052
0.0507
0.0537
0.0541
0.0504
0.0544
0.0553
0.0565
0.0525
0.0513
0.05
0.0496
0.05
0.0504
0.0601
0.0534
0.0508
0.0512
0.0505
0.0537
0.0519
0.0506
0.0502
0.0502
0.0499
0.0494
0.0515
0.0505
0.0502
0.0507
0.0647
0.0504
0.0502
0.0506
0.05
0.0506
0.0496
0.0502
0.0512
0.0508
0.0509
0.051
0.0503
0.0505
0.0505
0.0501
0.0508
0.0524
0.0504
0.05
0.0504
0.0504
0.0508
0.0499
0.051
0.0507
0.0632
0.0524
0.054
0.0514
0.0507
0.0516
0.0517
0.0523
0.05
0.0514
0.0527
0.0505
0.0532
0.0508
0.0501
0.0521
0.0512
0.0532
0.0509
0.0497
0.0498
0.0583
0.0495
0.051
0.0517
0.0511
0.053
0.053
0.0543
0.0533
0.0529
0.0534
0.0568
0.0643
0.0573
0.0581
0.0543
0.0535
0.0566
0.0544
0.0519
0.0527
0.0527
0.0526
0.0551
0.058
0.0548
0.0587
0.0594
0.0579
0.0567
0.0576
0.0526
0.0524
0.0535
0.0547
0.0562
0.0551
0.0587
0.0547
0.0556
0.0516
0.0535
0.0559
0.0584
0.0543
0.0553
0.0541
0.0542
0.0527
0.0526
0.0533
0.051
0.052
0.0539
0.0538
0.0523
0.0555
0.0591
0.0557
0.0531
0.0541
0.0532
0.053
0.0542
0.0525
0.0502
0.0513
0.0514
0.0506
0.0512
0.0518
0.0509
0.0772
0.0758
0.0762
0.0789
0.055
0.0752
0.0513
0.0563
0.0761
0.0763
0.0783
0.0789
0.0747
0.0755
0.0733
0.081
0.0565
0.0557
0.0527
0.0771
0.0548
0.0509
0.0572
0.0551
0.0785
0.0538
0.0526
0.0533
0.0599
0.0786
0.0528
0.0772
0.0526
0.0771
0.0534
0.0526
0.0768
0.0517
0.078
0.0535
0.0757
0.0528
0.0518
0.0529
0.0791
0.0761
0.0784
0.0549
0.0795
0.0526
0.053
0.0791
0.0539
0.0766
0.0639
0.0501
0.0522
0.0782
0.0525
0.0757
0.0514
0.0769
0.0517
0.0773
0.0534
0.0506
0.0512
0.0514
0.078
0.0516
0.0784
0.0528
0.0538
0.0527
0.052
0.0535
0.0531
0.0593

---------------------------------
VideoDecoderSubmitBuffers_D3D11_1
---------------------------------
7.1144
14.8843
8.8539
6.0457
5.9612
0.9368
0.8502
0.6378
0.6173
0.5319
0.5136
0.5415
1.438
0.9406
0.6888
0.5803
0.6561
0.7536
0.6996
0.5171
0.9908
0.5807
0.5796
1.0864
0.4643
0.398
0.4068
0.3927
0.3979
0.5067
0.737
0.703
0.5277
1.031
1.2133
0.797
3.6661
0.4632
0.437
2.843
0.4348
0.4311
0.4
0.7597
0.7976
0.7433
0.7727
0.7418
0.7485
0.7563
0.7986
0.4287
0.5333
0.4305
0.3936
0.6312
0.7082
0.7478
0.5636
0.6969
0.773
0.3932
0.3918
0.3908
0.3774
0.381
0.7892
0.9181
0.412
0.3859
0.3803
0.3847
0.3793
0.382
0.3856
0.3908
0.3847
0.384
0.3853
0.39
0.4026
0.4097
0.3993
0.3994
0.3834
0.3793
0.3912
0.4074
0.6131
0.3957
0.5658
0.3981
0.3791
0.3702
0.3919
0.3774
0.3786
0.3684
0.4052
1.6764
0.4338
0.4125
0.4159
0.4129
0.4619
1.5465
0.5349
0.434
0.4773
0.4266
0.4158
0.4494
0.4014
0.3998
0.4053
0.399
0.4007
0.401
0.3737
0.3725
0.3705
0.3767
0.3782
0.3818
0.381
0.3773
0.3778
0.373
0.3744
0.3789
0.4364
0.4274
0.3856
0.4108
0.3939
0.4151
0.4166
0.4148
0.4237
0.4053
0.3968
0.4038
0.4019
0.4025
0.3992
0.3969
0.3984
0.4
0.4021
0.39
2.1447
0.4911
0.4186
0.4344
0.3935
0.3844
0.3907
0.3982
0.4081
0.4515
0.3895
0.3829
0.3794
0.3817
0.3908
0.3687
0.3835
0.376
0.3817
0.3788
0.382
0.3964
0.3794
0.3709
0.3752
0.3686
0.3696
0.3828
0.3756
0.3932
0.3814
0.3825
0.379
0.3875
0.3998
0.3838
0.3825
0.3887
0.3929
0.3869
0.3908
0.374
0.3714
0.3722
0.3706
0.373
0.3747
0.4025
0.3608
0.3804
0.3737
0.3818
0.3855
0.3883
0.3942
0.3946
0.3843
0.3999
0.4158
0.4204
0.4058
0.426
0.4094
0.3972
0.3982
0.386
0.4946
0.404
0.3932
0.3956
0.4117
0.4286
0.415
0.4071
0.4112
0.4087
0.4221
0.3916
0.3935
0.3748
0.3864
0.3633
0.4051
0.3956
0.3956
0.401
0.4335
0.433
0.4058
0.4003
0.3999
0.4124
0.3887
0.3876
0.3878
0.3874
0.3923
0.4077
0.3986
0.4015
0.4039
0.419
0.3865
0.399
0.3911
0.3984
0.3839
0.3783
0.384
0.3806
0.3927
0.408
0.4123
0.41
0.3679
0.3902
0.3771
0.3892
0.3858
0.4096
0.393
0.3821
0.3778
0.3865
0.3951
0.3935
0.3965
0.3683
0.3722
0.3737
0.3738
0.3788
0.3788
0.3797
0.3808
0.3902
0.3981
0.4353
0.4059
0.4016
0.4163
0.4262
0.4141
0.4053
0.3844
0.3867
0.3913
0.3665
0.3938
0.378
0.3917
0.3887
0.4304
0.396
0.3822
0.4191
0.4874
0.4442
0.7313
0.7575
0.7559
0.834
0.743
0.7361
0.7398
0.7511
0.785
0.7184
0.7631
0.7408
0.8075
0.7644
0.4327
0.3997
0.5115
0.7386
0.741
0.7837
0.7499
0.6758
0.3634
0.3857
0.3808
0.3789
0.7345
0.7189
0.6425
0.732
0.8293
0.437
0.4581
0.3941
1.4462
0.8895
0.4029
0.4352
0.3886
0.5942
0.4314
0.3892
0.6991
0.7928
0.7699
0.8091
0.7637
0.8027
0.7278
0.7573
0.3834
0.3761
0.3731
0.5219
0.6815
0.4737
0.7243
0.6248
0.7545
0.4823
0.4231
0.445
0.4143
0.5525
0.4701
0.4021
0.7253
0.4351
0.3926
0.6436
0.4328
0.395
0.7393
0.7525
0.7405
0.7795
0.3969
0.3799
0.3836
1.7023
0.4462
0.3898
0.3754
0.6649
0.7225
0.7779
0.7343
0.5972
0.3597
0.4237
0.7476
0.4078
0.38
0.3784
0.6603
0.3849
0.6642
0.741
0.374
0.3766
0.6235
0.3734
0.5068
0.7495
0.388
0.384
0.5088
0.707
0.7251
0.7199
0.7297
0.3843
0.413
0.7304
0.8057
0.7583
0.8021
0.7664
0.387
0.3715
0.3723
0.6058
0.5817
0.3707
0.3749
0.379
0.3928
0.3754
0.386
0.3777
0.3736
0.3719
0.3776
0.3721
0.3734
0.3787
0.3755
0.3795
0.3744
0.3714
0.3727
0.3704
0.3719
0.3698
0.3717
0.3789
0.3731
0.3764
0.3759
0.3744
0.3811
0.3787
0.3878
0.4406
0.3708
0.4786
0.462
0.4229
0.3923
0.3936
0.3728
0.3706
0.3793
0.3746
0.3807
0.3911
0.4255
0.4102
0.4234
0.4231
0.4152
0.406
0.4058
0.3871
0.3853
0.3835
0.3832
0.3913
0.4023
0.4018
0.4041
0.4017
0.3731
0.3807
0.4564
0.4393
0.3926
0.3883
0.4296
0.3777
0.3817
0.3805
0.3827
0.3746
0.3839
0.4158
0.4374
0.3952
0.4034
0.4591
0.4395
0.3991
0.4083
0.381
0.374
0.4212
0.3793
0.3771
0.3702
0.3675
0.3914
0.3701
0.3637
0.3652
0.562
0.5634
0.5674
0.5774
0.442
0.5989
0.3681
0.375
0.5789
0.5703
0.5725
0.6379
0.5712
0.5794
0.5797
0.5804
0.439
0.3853
0.3836
0.5745
0.3775
0.3706
0.4278
0.418
0.585
0.3936
0.3918
0.4265
0.4361
0.5916
0.3809
0.581
0.3782
0.5758
0.385
0.371
0.5696
0.3778
0.5897
0.365
0.5801
0.3836
0.3785
0.3761
0.5725
0.3845
0.6048
0.3961
0.5777
0.3938
0.3865
0.5756
0.3775
0.5817
0.3921
0.3761
0.3757
0.5902
0.3844
0.57
0.3746
0.5718
0.379
0.5817
0.381
0.3856
0.3815
0.3798
0.5828
0.387
0.573
0.3849
0.3721
0.3943
0.3846
0.3914
0.3802
0.4451

