---------------------------------------------
CalcPrivateVideoDecoderOutputViewSize_D3D11_1
---------------------------------------------
0.002
0.0012
0.0011
0.0022
0.0022
0.0013
0.0037
0.0019
0.0014
0.0051
0.0014
0.0026
0.0017
0.0033
0.0023
0.0046
0.0018
0.002
0.002
0.0087
0.0019
0.0021
0.0022
0.0022
0.0022
0.002
0.0021
0.0026
0.0042
0.0039
0.0019
0.0021
0.002
0.0014
0.0017
0.0018
0.0023
0.0021
0.0021
0.0024
0.002
0.0022
0.0038
0.0016
0.0018
0.0013
0.0017
0.002
0.0016
0.0017
0.0013
0.0024
0.0017
0.0018
0.0023
0.0018
0.0022
0.0021
0.0022
0.0025
0.0015
0.0017
0.004
0.0075
0.0038
0.0025
0.0024
0.0019
0.0021
0.0022
0.004
0.0016
0.0015
0.0017
0.002
0.0014
0.0018
0.0022
0.0016
0.0015
0.0015
0.002
0.0051
0.0022
0.0019
0.0016
0.0017
0.0015
0.0018
0.0009
0.0019
0.0015
0.0009
0.0013
0.0054
0.0044
0.0021
0.0014
0.0021
0.0016
0.0019
0.0014
0.0015
0.0012
0.0015
0.0016
0.0011
0.0011
0.0019
0.0018
0.002
0.0011
0.0011
0.0014
0.001
0.001
0.0049
0.0022
0.002
0.002
0.0021
0.0022
0.0022
0.0021
0.0026
0.0019
0.002
0.0019
0.0013
0.002
0.0012
0.0013
0.0009
0.0012
0.0012
0.0022
0.0021
0.002
0.0021
0.002
0.001
0.0036
0.0011
0.0019
0.0016
0.0018
0.0016
0.0019
0.0016
0.0017
0.0016
0.002
0.0016
0.0011
0.0016
0.0013
0.0017
0.0023
0.0019
0.0016
0.0016
0.0022
0.0021
0.0021
0.0011
0.002
0.0021
0.0018
0.0022
0.0017
0.0011
0.0021
0.0016
0.0018
0.0015
0.0016
0.0015
0.0022
0.0016
0.0019
0.0022
0.0016
0.0015
0.0011
0.0018
0.0021
0.0018
0.0015
0.0016
0.0021
0.0016
0.002
0.0029
0.0013
0.0021
0.0021
0.0017
0.0017
0.0016
0.0016
0.0017
0.0013
0.0016
0.0016
0.002
0.0019
0.0009
0.0016
0.001
0.0014
0.0022
0.0073
0.002
0.0016
0.0016
0.0015
0.0021
0.0019
0.0021
0.002
0.0023
0.002
0.002
0.0015
0.0016
0.0017
0.0016
0.0019
0.002
0.0016
0.0018
0.0016
0.0021
0.0016
0.0018
0.0019
0.0021
0.0025
0.0017
0.0033
0.0019
0.0021
0.0015
0.0021
0.0017
0.0016
0.0015
0.0021
0.002
0.0014
0.0018
0.0019
0.0014
0.0017
0.0021
0.0016
0.0016
0.0016
0.0016
0.0016
0.0022
0.0015
0.0016
0.0017
0.0021
0.002
0.002
0.002
0.0021
0.0022
0.0016
0.0021
0.002
0.0022
0.0016
0.0019
0.0016
0.0022
0.0017
0.0016
0.002
0.0016
0.0015
0.002
0.0017
0.0016
0.0022
0.0017
0.0022
0.0016
0.0019
0.0022
0.0013
0.0017
0.0014
0.0016
0.0018
0.0018
0.0014
0.0019

-----------------------
CodechalDecode::Execute
-----------------------
0.9486
0.7139
0.7816
0.9075
0.8139
0.6121
1.0285
0.3562
0.2517
0.3262
0.4409
0.4041
0.3775
0.2504
0.4129
0.3657
0.3014
0.3004
0.2949
0.4427
0.4463
0.3589
0.3497
0.3797
0.3447
0.4133
0.4108
0.4494
0.3462
0.2896
0.3613
0.3475
0.3503
0.2987
0.2521
0.2736
0.3844
0.3682
0.3242
0.4326
0.3686
0.2712
0.2637
0.2905
0.2528
0.2783
0.253
0.2592
0.2682
0.3006
0.3633
0.4425
0.2703
0.2645
0.2434
0.2865
0.2996
0.352
0.2375
0.3685
0.3261
0.2734
0.2826
0.3872
0.2499
0.3066
0.2536
0.2726
0.2687
0.3259
0.2462
0.2796
0.2681
0.2394
0.2435
0.2524
0.2542
0.2685
0.244
0.2454
0.2748
0.366
0.2783
0.3535
0.3187
0.2729
0.2809
0.3764
0.2344
0.2282
0.2741
0.2437
0.2366
0.2552
0.2585
0.2698
0.2596
0.2738
0.2762
0.2772
0.2903
0.2339
0.2868
0.2479
0.2693
0.2506
0.2485
0.2457
0.2485
0.2601
0.2897
0.2471
0.2502
0.2694
0.2728
0.2534
0.235
0.3004
0.2742
0.2758
0.3015
0.2669
0.294
0.3051
0.2748
0.2884
0.2758
0.2989
0.2433
0.3013
0.257
0.2334
0.2241
0.2364
0.2321
0.2759
0.2725
0.2745
0.2725
0.2798
0.2286
0.2439
0.2232
0.2633
0.2598
0.2801
0.3431
0.2755
0.2573
0.2534
0.2683
0.2405
0.274
0.2288
0.3047
0.2236
0.2622
0.2671
0.2686
0.2725
0.2684
0.2633
0.27
0.2734
0.222
0.2626
0.2613
0.268
0.2615
0.2614
0.2232
0.2591
0.2619
0.2626
0.2425
0.2668
0.268
0.2846
0.2436
0.2631
0.2655
0.258
0.2369
0.2334
0.261
0.2592
0.2604
0.2623
0.2644
0.2582
0.2624
0.264
0.2628
0.2378
0.2607
0.2623
0.264
0.2613
0.2615
0.2685
0.2644
0.2409
0.2642
0.2691
0.2658
0.2774
0.2253
0.2692
0.2176
0.2617
0.2623
0.2337
0.2859
0.2602
0.2626
0.2684
0.2584
0.2625
0.2625
0.2637
0.2611
0.2589
0.259
0.2642
0.2582
0.2609
0.2645
0.2725
0.2597
0.2645
0.2607
0.2881
0.2651
0.2693
0.2713
0.2628
0.2637
0.2685
0.248
0.2658
0.2612
0.2569
0.263
0.2644
0.2501
0.2701
0.2633
0.2626
0.2608
0.2323
0.2637
0.2572
0.2364
0.2619
0.2623
0.27
0.2624
0.2599
0.26
0.2593
0.2586
0.2604
0.2613
0.2696
0.2685
0.2683
0.2704
0.2669
0.2587
0.2679
0.2691
0.2625
0.2634
0.2698
0.2614
0.267
0.2628
0.2666
0.2639
0.2657
0.2856
0.2955
0.2648
0.2771
0.2717
0.2745
0.2788
0.3008
0.2717
0.2726
0.2702
0.2727
0.2398
0.2709
0.2353
0.2832
0.2741
0.2726
0.2799
0.3485

---------------------------------------
CodechalDecodeHevcG12::DecodeStateLevel
---------------------------------------
0.124
0.2472
0.4369
0.1757
0.5209
0.1433
0.6153
0.1657
0.5813
0.1329
0.3913
0.1301
0.7036
0.178
0.0731
0.1512
0.0355
0.1205
0.0475
0.1606
0.0452
0.1635
0.0635
0.1818
0.054
0.1765
0.0365
0.115
0.0524
0.2094
0.0514
0.1759
0.0367
0.1565
0.0472
0.1317
0.0469
0.1225
0.0723
0.1874
0.056
0.2314
0.0564
0.1672
0.0491
0.1609
0.0562
0.1703
0.0493
0.1595
0.0429
0.1871
0.0541
0.1698
0.0557
0.2392
0.0525
0.143
0.0481
0.1288
0.0529
0.1697
0.0549
0.1523
0.049
0.1571
0.0508
0.1244
0.037
0.1154
0.0395
0.1247
0.0546
0.177
0.0657
0.146
0.0625
0.1338
0.057
0.1832
0.0491
0.171
0.0396
0.1196
0.0382
0.1173
0.047
0.1219
0.0358
0.1168
0.0446
0.1219
0.0403
0.1109
0.0449
0.1131
0.0361
0.1181
0.0455
0.1355
0.0568
0.1516
0.0616
0.2147
0.04
0.1211
0.0388
0.1207
0.0357
0.1118
0.0405
0.1273
0.0494
0.1285
0.0465
0.1713
0.0367
0.0956
0.0648
0.1596
0.0455
0.1398
0.0381
0.1201
0.0473
0.1174
0.0559
0.178
0.0352
0.1126
0.0558
0.1278
0.0369
0.118
0.0399
0.1235
0.0397
0.1255
0.0479
0.1476
0.0369
0.1152
0.0377
0.1404
0.038
0.1252
0.0339
0.1099
0.0336
0.1117
0.0352
0.1129
0.0367
0.1175
0.0387
0.125
0.0359
0.1105
0.0377
0.1118
0.0397
0.1235
0.0505
0.1707
0.0392
0.1279
0.0591
0.1509
0.0458
0.1458
0.0404
0.1233
0.0416
0.122
0.0512
0.1811
0.0351
0.1012
0.0304
0.1122
0.0412
0.1256
0.0349
0.1104
0.0341
0.1079
0.0457
0.1142
0.0392
0.1139
0.0441
0.1195
0.0386
0.1176
0.0367
0.1288
0.0459
0.1162
0.0423
0.1211
0.0452
0.1235
0.0322
0.1103
0.0548
0.1185
0.0396
0.1126
0.0363
0.1262
0.0353
0.1172
0.0387
0.1114
0.0351
0.1142
0.036
0.1127
0.0363
0.1187
0.0425
0.1299
0.0376
0.112
0.0348
0.1133
0.0374
0.126
0.0384
0.1268
0.0359
0.1195
0.0317
0.1114
0.0468
0.1255
0.0427
0.1025
0.0429
0.1208
0.0483
0.1265
0.0394
0.1144
0.0487
0.1201
0.0487
0.127
0.0398
0.123
0.0413
0.1309
0.0418
0.1216
0.0486
0.1225
0.033
0.1107
0.0419
0.1327
0.0351
0.1233
0.0301
0.1056
0.0309
0.1037
0.0329
0.109
0.0316
0.1059
0.0423
0.1205
0.0386
0.122
0.0385
0.1245
0.0392
0.1208
0.0405
0.1247
0.0308
0.1085
0.0326
0.1077
0.0316
0.1036
0.0396
0.1154
0.0327
0.1095
0.0444
0.1189
0.0515
0.148
0.0434
0.1218
0.0395
0.1046
0.0403
0.1091
0.0389
0.1204
0.0388
0.1018
0.0395
0.1204
0.032
0.1052
0.0486
0.1246
0.0318
0.1059
0.0385
0.1169
0.0395
0.1182
0.0435
0.1168
0.0429
0.12
0.0386
0.1186
0.0378
0.117
0.0388
0.1224
0.0405
0.1237
0.0304
0.1064
0.0375
0.1177
0.0393
0.1158
0.0411
0.117
0.0372
0.1165
0.0378
0.1159
0.0314
0.1072
0.0377
0.1141
0.0378
0.1158
0.0378
0.1162
0.0347
0.1086
0.041
0.116
0.04
0.118
0.0449
0.1196
0.0371
0.0994
0.0382
0.1168
0.0383
0.119
0.0375
0.1122
0.034
0.1063
0.034
0.1046
0.0365
0.1153
0.0369
0.116
0.0378
0.1157
0.0378
0.1151
0.0383
0.1167
0.0372
0.1141
0.0393
0.1151
0.0403
0.1143
0.038
0.1173
0.0322
0.1102
0.0379
0.1175
0.0383
0.1171
0.038
0.1184
0.0383
0.1157
0.039
0.1152
0.0413
0.1171
0.0383
0.1176
0.0345
0.1132
0.0386
0.1168
0.0378
0.1201
0.038
0.1189
0.0408
0.1258
0.0313
0.1077
0.041
0.1172
0.0325
0.0948
0.0385
0.1159
0.0375
0.118
0.0327
0.1022
0.0466
0.1163
0.0382
0.1155
0.0391
0.1146
0.0409
0.1176
0.037
0.1153
0.0374
0.1164
0.0381
0.1165
0.0375
0.1182
0.038
0.1156
0.0382
0.1145
0.0398
0.1127
0.0407
0.1139
0.0366
0.1155
0.0374
0.1173
0.0379
0.1177
0.0372
0.1275
0.038
0.1159
0.0377
0.1173
0.0389
0.1135
0.0425
0.1321
0.0376
0.1183
0.0391
0.117
0.0394
0.1217
0.0372
0.1166
0.0381
0.1165
0.0417
0.1179
0.0397
0.0988
0.0405
0.1156
0.0372
0.1162
0.0379
0.1112
0.0377
0.1141
0.0381
0.1176
0.0366
0.1079
0.0392
0.1216
0.0399
0.1166
0.0407
0.1143
0.0376
0.1169
0.0318
0.1079
0.038
0.1161
0.0373
0.1151
0.033
0.1088
0.0386
0.1166
0.0388
0.1159
0.0398
0.1202
0.0377
0.1165
0.0372
0.116
0.0378
0.1138
0.0378
0.113
0.0389
0.1135
0.0382
0.1131
0.0393
0.1148
0.0407
0.1187
0.038
0.1232
0.0384
0.1221
0.0387
0.1222
0.0381
0.1206
0.04
0.1086
0.0383
0.1209
0.0408
0.1168
0.0412
0.1126
0.0384
0.1174
0.0399
0.1196
0.0378
0.1163
0.0393
0.1199
0.039
0.1164
0.0394
0.12
0.0401
0.1161
0.0404
0.1149
0.0447
0.1182
0.0482
0.1231
0.0382
0.1168
0.0406
0.1237
0.0396
0.1214
0.0473
0.1187
0.0432
0.1225
0.0497
0.1226
0.0382
0.1208
0.0384
0.1232
0.0387
0.1197
0.0385
0.12
0.0332
0.1086
0.0383
0.1204
0.0328
0.1075
0.0413
0.1249
0.0387
0.1215
0.0392
0.1216
0.0408
0.1249
0.052
0.1454

-------------------------------------
CodechalDecodeHevcG12::SetFrameStates
-------------------------------------
0.3394
0.0093
0.0088
0.0158
0.0082
0.0072
0.0192
0.018
0.0086
0.0115
0.0112
0.0179
0.0153
0.0096
0.0162
0.0115
0.0087
0.0113
0.0125
0.021
0.014
0.0162
0.0132
0.0136
0.0116
0.0138
0.0142
0.017
0.0161
0.011
0.0119
0.0123
0.0123
0.0123
0.0095
0.0103
0.0131
0.0161
0.0145
0.0167
0.0142
0.0112
0.0104
0.0119
0.0089
0.0102
0.0094
0.0086
0.012
0.0111
0.0165
0.0171
0.0106
0.0104
0.0093
0.0098
0.0126
0.0121
0.0095
0.0149
0.0177
0.0109
0.0127
0.0143
0.0091
0.012
0.0098
0.0101
0.0096
0.0136
0.0088
0.0099
0.0102
0.0085
0.0088
0.0089
0.0079
0.0094
0.0095
0.0083
0.0134
0.0119
0.0101
0.0154
0.0131
0.012
0.0124
0.0112
0.0084
0.0066
0.0096
0.0081
0.0087
0.0078
0.0098
0.0104
0.0097
0.0098
0.0106
0.0099
0.0124
0.0077
0.0094
0.0073
0.0099
0.0089
0.0075
0.0094
0.0098
0.0091
0.0106
0.0078
0.0073
0.0115
0.0088
0.0069
0.0078
0.013
0.0109
0.0095
0.013
0.0097
0.0126
0.0119
0.0096
0.0097
0.0095
0.013
0.0101
0.0115
0.0076
0.0067
0.0065
0.0067
0.008
0.0097
0.0097
0.0095
0.0095
0.0098
0.0074
0.0105
0.0076
0.0095
0.0087
0.0126
0.0125
0.0105
0.0105
0.0103
0.0097
0.0104
0.0108
0.0112
0.0136
0.0069
0.0096
0.0108
0.0095
0.0094
0.0114
0.0097
0.0094
0.0097
0.0072
0.0097
0.0095
0.0108
0.0094
0.0096
0.0072
0.0095
0.0103
0.0102
0.009
0.0104
0.0105
0.0125
0.0098
0.0095
0.0094
0.0093
0.0106
0.0089
0.0095
0.0094
0.0095
0.0104
0.011
0.0093
0.0093
0.0094
0.0096
0.0089
0.0095
0.0095
0.0095
0.0101
0.0102
0.0107
0.0104
0.0085
0.0108
0.0119
0.0095
0.0097
0.0074
0.0097
0.0074
0.0095
0.0095
0.0122
0.0123
0.0096
0.0105
0.0108
0.0094
0.0105
0.0096
0.0096
0.0095
0.0097
0.0095
0.0105
0.0094
0.0095
0.0104
0.0096
0.0094
0.0108
0.0093
0.0097
0.0096
0.0114
0.0095
0.0097
0.0094
0.0096
0.0095
0.0096
0.0096
0.0093
0.0111
0.0091
0.0122
0.0099
0.0094
0.0095
0.0096
0.0086
0.0105
0.0095
0.0089
0.0098
0.0093
0.0093
0.0105
0.0095
0.0109
0.0107
0.0095
0.0106
0.0095
0.0108
0.0093
0.0096
0.0094
0.0093
0.0098
0.0097
0.0097
0.0096
0.0094
0.0099
0.0095
0.0096
0.0096
0.0097
0.0096
0.012
0.0123
0.0121
0.0095
0.0119
0.0098
0.0095
0.0106
0.0125
0.0122
0.01
0.0097
0.0096
0.0089
0.0096
0.0083
0.0105
0.0096
0.0096
0.0102
0.0167

--------------------------
CreateVideoDecoder_D3D11_1
--------------------------
22.0919
20.3118
15.5089
11.3176

---------------------------
DestroyVideoDecoder_D3D11_1
---------------------------
13.5955
14.2709
39.6389
0

---------------------
DxvaEncodeHEVC_Create
---------------------
21.9327
20.1615
15.3578

-----------------------
DxvaEncodeHEVC_EndFrame
-----------------------
0.0022
0.0016
0.0012
0.0014
0.0013
0.0009
0.0026
0.0012
0.0009
0.0019
0.0007
0.0008
0.0008
0.0022
0.0009
0.001
0.0012
0.0012
0.0012
0.0037
0.0012
0.0011
0.0011
0.0011
0.0011
0.0008
0.0013
0.0012
0.004
0.001
0.0007
0.0035
0.001
0.0011
0.0009
0.0012
0.0011
0.0008
0.0008
0.0009
0.0008
0.0007
0.0025
0.0007
0.0009
0.0009
0.0011
0.0009
0.0013
0.001
0.0008
0.0013
0.0008
0.0009
0.0009
0.0009
0.0008
0.0009
0.0012
0.001
0.0007
0.0007
0.0007
0.0029
0.0007
0.0008
0.0008
0.0008
0.0009
0.0006
0.0008
0.001
0.0008
0.0008
0.0007
0.0008
0.0008
0.0008
0.0012
0.0007
0.0008
0.0007
0.0008
0.0007
0.0007
0.0009
0.0007
0.0007
0.0009
0.0006
0.0008
0.0008
0.0011
0.001
0.0038
0.0008
0.0007
0.0006
0.0007
0.0006
0.0005
0.0008
0.0009
0.0007
0.0006
0.0007
0.0007
0.0008
0.0008
0.0007
0.0006
0.0007
0.0007
0.0007
0.0006
0.0008
0.0008
0.0007
0.0006
0.0008
0.0007
0.0006
0.0006
0.0005
0.0005
0.0005
0.0007
0.0006
0.0009
0.0008
0.0006
0.0006
0.0006
0.0005
0.0006
0.0005
0.0005
0.0006
0.0007
0.0009
0.0005
0.0049
0.0009
0.0008
0.0008
0.0008
0.0008
0.0008
0.0008
0.0007
0.0008
0.0009
0.0008
0.0008
0.0008
0.0007
0.0009
0.0008
0.0009
0.0009
0.0007
0.0008
0.0011
0.0008
0.0008
0.0007
0.0007
0.0008
0.0008
0.0008
0.0008
0.0009
0.0008
0.0008
0.0008
0.0007
0.0007
0.0008
0.0008
0.0008
0.0008
0.0007
0.0008
0.0008
0.0008
0.0009
0.0008
0.0008
0.0007
0.0009
0.0007
0.0007
0.0008
0.0008
0.0008
0.0008
0.0008
0.0008
0.0007
0.0009
0.0009
0.0008
0.0008
0.0008
0.0006
0.0009
0.0009
0.0008
0.0008
0.0008
0.0009
0.0041
0.0008
0.0008
0.0008
0.0008
0.0007
0.0007
0.0008
0.0008
0.0009
0.0008
0.0008
0.0008
0.0008
0.0008
0.0008
0.0008
0.0006
0.0008
0.0008
0.0007
0.0007
0.0008
0.0008
0.0008
0.0008
0.0009
0.0007
0.0008
0.0008
0.0008
0.0008
0.0008
0.0009
0.0008
0.0008
0.0008
0.0008
0.0008
0.0008
0.0008
0.0007
0.0008
0.0008
0.0008
0.0008
0.0009
0.0008
0.0007
0.0006
0.0006
0.0005
0.0005
0.0005
0.0005
0.0008
0.0008
0.0006
0.0005
0.0009
0.0005
0.0008
0.0006
0.0007
0.0007
0.0008
0.0008
0.0008
0.0007
0.0008
0.0006
0.0006
0.0009
0.0007
0.0006
0.0007
0.0006
0.0005
0.0007
0.0006
0.0009
0.0007
0.0006
0.0008
0.0006
0.0006
0.0006
0.0005
0.0008

----------------------
DxvaEncodeHEVC_Execute
----------------------
0.0032
0.0012
13.5192
6.702
0.3252
5.7845
0.3771
2.0413
0.2731
1.5446
0.3204
1.6422
0.3296
1.7624
0.3103
1.4001
0.0449
0.8164
0.0169
0.9758
0.0176
0.84
0.0152
0.894
0.0147
0.7573
0.0139
1.0801
0.0181
1.0811
0.0288
1.4076
0.0191
1.9784
0.021
1.2046
0.0205
1.2123
0.0193
1.0424
0.0183
1.1483
0.0227
1.2247
0.0192
1.2109
0.0178
1.3846
0.0236
1.1331
0.0209
1.1509
0.0155
0.8324
0.0179
0.9245
0.0182
1.1204
0.0179
0.9074
0.0218
0.9095
0.0149
1.0486
0.022
0.9029
0.0167
1.0559
0.0202
1.1597
0.0169
0.9212
0.0204
1.2493
0.0194
0.8458
0.0156
0.8562
0.0162
0.8459
0.0181
0.8112
0.0163
0.8178
0.0146
0.8418
0.0164
0.8542
0.0156
1.1569
0.0162
0.9326
0.0182
1.3466
0.027
1.302
0.0253
1.1353
0.0205
0.8635
0.0182
0.8746
0.0235
1.1164
0.0202
0.9505
0.0147
1.1611
0.0187
0.8348
0.0148
0.9379
0.0164
0.9346
0.0209
1.1499
0.022
1.1398
0.0195
0.858
0.0147
0.8452
0.016
0.9163
0.0133
0.7664
0.0179
0.8059
0.0179
0.7781
0.0175
0.9702
0.0157
1.0503
0.0187
0.8658
0.0186
0.8446
0.0166
0.8199
0.0153
0.8384
0.0162
0.897
0.0179
0.8738
0.0146
0.8038
0.0193
0.7571
0.0161
0.8111
0.0158
0.847
0.0147
0.9935
0.0168
1.1163
0.0189
0.8367
0.0156
0.9494
0.0186
0.9313
0.0194
0.9062
0.0168
0.9115
0.0163
0.806
0.0166
0.8219
0.0157
0.7533
0.0134
0.7569
0.0138
0.8653
0.0183
0.8167
0.0176
1.0772
0.0219
0.8072
0.0197
0.8762
0.0202
1.0888
0.0174
0.8947
0.0154
0.8428
0.0185
0.7856
0.015
0.7451
0.0132
0.7449
0.0134
0.7463
0.015
0.773
0.0175
0.8184
0.0185
1.0538
0.0215
0.9295
0.0157
0.7883
0.0168
0.7717
0.0161
0.776
0.0141
0.8489
0.0183
0.777
0.0187
0.8519
0.0177
0.8234
0.0286
0.7899
0.0148
0.8386
0.0163
0.7905
0.0129
0.7472
0.0141
0.8549
0.0172
0.7495
0.0148
0.7758
0.015
0.7489
0.0147
0.7738
0.018
0.802
0.0189
0.7391
0.018
0.8211
0.0169
0.7628
0.0174
0.7328
0.013
0.7953
0.0186
0.7722
0.0187
0.8283
0.0155
0.8139
0.015
0.7512
0.014
0.8126
0.0146
0.7941
0.0233
0.7437
0.0154
0.7327
0.0122
0.72
0.0119
0.7302
0.0121
0.7111
0.0119
0.771
0.0139
1.2875
0.0186
0.832
0.0153
0.7708
0.0124
0.8419
0.0169
0.8209
0.0165
0.8401
0.0134
0.8354
0.0138
0.8171
0.0138
0.8128
0.0139
0.8202
0.0135
0.8309
0.0135
0.8215
0.0147
0.8192
0.014
0.8173
0.0139
0.8262
0.0135
0.9174
0.0138
0.8799
0.0134
0.788
0.014
0.8937
0.015
0.7993
0.0172
0.8093
0.0135
0.8018
0.0134
0.7416
0.0131
0.7876
0.0142
0.8705
0.0171
0.8798
0.0136
0.8707
0.0134
0.814
0.0134
0.7858
0.0138
0.7864
0.0134
0.8763
0.0145
0.8065
0.0138
0.8073
0.0137
0.8666
0.0135
0.8098
0.0137
0.815
0.0133
0.8325
0.0137
0.8121
0.0133
0.8099
0.0136
0.803
0.0138
0.8706
0.0133
0.812
0.0141
0.8091
0.0137
0.81
0.0137
0.8738
0.0139
0.8157
0.0136
0.8142
0.0145
0.8793
0.0138
0.8875
0.0143
0.9139
0.0276
0.7957
0.0143
0.8145
0.0138
0.813
0.0136
0.88
0.0138
0.8085
0.0141
0.8092
0.0138
0.8732
0.0137
0.7901
0.0141
0.8143
0.0136
0.8123
0.0142
0.8653
0.0142
0.8799
0.0138
0.8893
0.0139
0.8032
0.0135
0.7875
0.0142
0.8007
0.0138
0.772
0.013
0.796
0.014
0.8042
0.0141
0.8164
0.0137
0.8788
0.0135
0.8885
0.0139
0.8047
0.014
0.8784
0.0138
0.8699
0.0165
0.8738
0.0138
0.8125
0.0138
0.8146
0.0142
0.7966
0.0151
0.8637
0.0137
0.8081
0.014
0.8795
0.0143
0.8076
0.0133
0.798
0.014
0.8884
0.0139
0.8144
0.0174
0.8109
0.0138
0.8854
0.0136
0.8894
0.0133
0.7971
0.015
0.7647
0.0132
0.8969
0.0157
0.8075
0.0138
0.7668
0.0125
0.804
0.0138
0.8791
0.0133
0.7965
0.0139
0.8623
0.0138
0.7946
0.0183
0.8053
0.0149
0.8396
0.0139
0.881
0.0132
0.7587
0.0139
1.6071
0.0137
1.3854
0.0139
0.8249
0.0136
0.8191
0.0147
1.3662
0.0133
0.8076
0.0137
1.3727
0.0134
0.7987
0.0135
1.3886
0.0139
0.8099
0.0135
1.6945
0.0136
1.3768
0.0133
1.3593
0.0138
1.375
0.0143
1.3826
0.0139
1.3748
0.0144
1.4027
0.0139
1.3647
0.0138
1.3044
0.0135
1.2873
0.0126
1.286
0.012
1.2794
0.0121
1.2774
0.0118
1.2449
0.0121
1.2692
0.0118
0.8182
0.0224
0.84
0.0162
1.2842
0.0122
1.2559
0.012
0.8162
0.0326
1.2737
0.0121
0.8194
0.0207
1.2799
0.0121
0.8245
0.0226
0.8198
0.014
0.8156
0.0133
0.8137
0.0145
1.0783
0.0136
0.8201
0.0132
0.8305
0.017
0.7495
0.0135
0.8316
0.0127
0.8228
0.0169
0.828
0.0182
0.763
0.0129
0.7854
0.0147
0.7568
0.0144
0.723
0.0119
0.8487
0.0139
0.728
0.0123
0.8255
0.0138
0.7386
0.0125
0.777
0.0136
0.8436
0.0183
0.7235
0.0122
0.8101
0.0132
0.7551
0.0121
0.714
0.0122
0.8673
0.0161
0.0103

----------------
First Frame Time
----------------
143.85

----------------------
HEVC_QueryStatusReport
----------------------
0.3222
0.3747
0.2712
0.3184
0.3276
0.3079
0.0431
0.0151
0.0158
0.0141
0.013
0.0128
0.015
0.027
0.017
0.0192
0.0184
0.0174
0.0162
0.0185
0.0174
0.0161
0.0214
0.0188
0.0142
0.0159
0.0162
0.016
0.0199
0.0134
0.0181
0.0153
0.0182
0.0154
0.0182
0.0175
0.0141
0.0147
0.0164
0.0147
0.0132
0.015
0.0142
0.0147
0.0167
0.0211
0.0236
0.0185
0.0165
0.0216
0.0182
0.0134
0.0168
0.0134
0.0151
0.0191
0.0204
0.0174
0.0133
0.0144
0.0122
0.0121
0.016
0.0159
0.0141
0.017
0.0173
0.0148
0.0141
0.0147
0.0162
0.0131
0.0175
0.0148
0.0144
0.0132
0.0153
0.0172
0.0141
0.0171
0.0177
0.0153
0.0151
0.015
0.0146
0.0123
0.0127
0.0162
0.0164
0.0197
0.0161
0.0154
0.0157
0.0139
0.017
0.0136
0.0121
0.0121
0.0137
0.0165
0.017
0.0199
0.0143
0.0155
0.0147
0.0128
0.0164
0.0173
0.0166
0.0274
0.0137
0.015
0.0117
0.0128
0.0137
0.0136
0.0137
0.0135
0.0168
0.0174
0.0166
0.0155
0.0161
0.012
0.0173
0.0173
0.0143
0.0136
0.0129
0.0135
0.02
0.0144
0.0112
0.0109
0.0112
0.0109
0.0129
0.017
0.0138
0.0114
0.0151
0.0153
0.0122
0.0125
0.0125
0.0126
0.0123
0.0122
0.0132
0.0127
0.0127
0.0123
0.0126
0.0123
0.0129
0.0137
0.0123
0.0123
0.0122
0.012
0.0129
0.0153
0.0123
0.0122
0.0122
0.0126
0.0123
0.0132
0.0125
0.0126
0.0122
0.0126
0.0119
0.0124
0.0122
0.0125
0.0125
0.0122
0.0129
0.0124
0.0126
0.0126
0.0124
0.0132
0.0125
0.013
0.0263
0.0123
0.0126
0.0124
0.0127
0.0128
0.0125
0.0124
0.0128
0.0124
0.0129
0.0131
0.0126
0.0126
0.0124
0.013
0.0125
0.012
0.0128
0.0127
0.0125
0.0123
0.0126
0.0128
0.0126
0.0153
0.0126
0.0127
0.0131
0.0138
0.0124
0.0127
0.0131
0.012
0.0128
0.0127
0.0162
0.0124
0.0126
0.0121
0.0138
0.0122
0.0145
0.0126
0.0114
0.0125
0.012
0.0127
0.0125
0.0133
0.0136
0.0125
0.0119
0.0127
0.0124
0.0126
0.0123
0.0135
0.0121
0.0125
0.0122
0.0123
0.0126
0.0122
0.0123
0.0122
0.0126
0.013
0.0125
0.013
0.0126
0.0125
0.0123
0.0115
0.011
0.0112
0.0109
0.0111
0.0108
0.0212
0.0148
0.0111
0.011
0.0314
0.0111
0.0196
0.0112
0.0213
0.0127
0.0121
0.0134
0.0123
0.0121
0.0158
0.0124
0.0114
0.0156
0.0166
0.0118
0.0137
0.0133
0.011
0.0127
0.0112
0.0124
0.0115
0.0125
0.0168
0.0111
0.0122
0.0112
0.0113
0.0148
0.0091

--------------------------------------
VideoDecoderBeginFrame_WDDM2_4_D3D11_1
--------------------------------------
0.0075
0.0024
0.0022
0.0035
0.0062
0.0023
0.0052
0.004
0.0029
0.0057
0.0039
0.0048
0.0033
0.0035
0.0045
0.0041
0.0036
0.0031
0.0036
0.0068
0.0039
0.0047
0.0034
0.0038
0.0037
0.0037
0.0044
0.0046
0.0056
0.0039
0.0038
0.0029
0.0039
0.0029
0.0034
0.0033
0.0042
0.0048
0.0044
0.0051
0.0043
0.0038
0.0042
0.0029
0.0027
0.0023
0.003
0.0028
0.0032
0.0039
0.0083
0.0046
0.0035
0.0039
0.0035
0.0027
0.0037
0.0028
0.0036
0.0046
0.0039
0.0029
0.0035
0.0049
0.0033
0.0041
0.0037
0.0031
0.0028
0.0037
0.0024
0.0029
0.0032
0.0032
0.0032
0.0032
0.0027
0.0031
0.0041
0.0037
0.0033
0.0031
0.004
0.004
0.0032
0.0039
0.0032
0.0027
0.0025
0.0022
0.0033
0.0023
0.0023
0.0023
0.0038
0.0038
0.0042
0.003
0.0024
0.0031
0.0028
0.0028
0.0021
0.0021
0.0026
0.0021
0.0025
0.0028
0.0035
0.0032
0.0034
0.0023
0.002
0.0024
0.0022
0.002
0.0025
0.0045
0.0041
0.0032
0.0038
0.0032
0.0041
0.0038
0.0038
0.0039
0.0037
0.0041
0.0024
0.0038
0.0023
0.0023
0.0019
0.0018
0.0018
0.003
0.0029
0.0035
0.0031
0.003
0.0024
0.0048
0.0022
0.0035
0.003
0.0059
0.0037
0.0033
0.0048
0.0029
0.0039
0.0033
0.0038
0.002
0.0035
0.0025
0.0038
0.0039
0.0034
0.0035
0.0034
0.003
0.0028
0.0028
0.0024
0.0028
0.0038
0.0037
0.003
0.0029
0.0026
0.0029
0.0035
0.0035
0.0029
0.0035
0.0035
0.0037
0.0039
0.0028
0.0029
0.0028
0.0113
0.0033
0.003
0.0028
0.0038
0.0035
0.0034
0.003
0.0037
0.0029
0.0029
0.0029
0.0028
0.0029
0.0028
0.0029
0.0035
0.0036
0.006
0.0028
0.0036
0.003
0.0028
0.0029
0.0025
0.0031
0.002
0.0058
0.003
0.0053
0.0033
0.0033
0.0036
0.0029
0.0029
0.0045
0.0032
0.003
0.0036
0.0034
0.0034
0.0035
0.0033
0.0028
0.0061
0.0031
0.0038
0.0034
0.003
0.0032
0.0035
0.0028
0.003
0.003
0.0036
0.003
0.003
0.0029
0.0029
0.0029
0.003
0.0032
0.0037
0.0036
0.0035
0.0029
0.0028
0.0031
0.0035
0.0036
0.0032
0.0031
0.0035
0.0028
0.0035
0.0035
0.0035
0.0035
0.0032
0.0038
0.0039
0.0034
0.0035
0.0032
0.0035
0.0033
0.0032
0.0033
0.003
0.0037
0.0029
0.0031
0.0033
0.0032
0.0031
0.0032
0.0035
0.0039
0.004
0.0037
0.0038
0.0038
0.0037
0.0028
0.0041
0.0037
0.0036
0.0036
0.0029
0.003
0.0032
0.0033
0.003
0.0031
0.0029
0.0031
0.0029
0.0036

----------------------------
VideoDecoderEndFrame_D3D11_1
----------------------------
0.0325
0.054
0.0862
0.1042
0.1
0.1007
0.0059
0.188
0.0048
0.0047
0.0598
0.0541
0.0035
0.0052
0.1095
0.0036
0.1025
0.0055
0.0821
0.0077
0.0773
0.0031
0.059
0.0042
0.0023
0.0847
0.0026
0.0816
0.0052
0.0684
0.004
0.079
0.003
0.0627
0.0041
0.082
0.0045
0.086
0.0037
0.0832
0.0037
0.0815
0.0085
0.0926
0.0037
0.0936
0.0035
0.1425
0.0036
0.0544
0.0045
0.0807
0.0037
0.0969
0.0026
0.0599
0.0035
0.0879
0.0039
0.1703
0.0066
0.0979
0.0034
0.0655
0.0026
0.0641
0.0081
0.0666
0.0035
0.0934
0.0036
0.0648
0.0033
0.0593
0.0041
0.1039
0.0039
0.09
0.0027
0.0589
0.0027
0.058
0.0031
0.0645
0.0028
0.0581
0.0024
0.0658
0.0043
0.0595
0.0026
0.0592
0.003
0.0598
0.0055
0.064
0.0043
0.0746
0.0034
0.1037
0.0039
0.0749
0.0032
0.0587
0.0028
0.0585
0.0044
0.0604
0.0025
0.0593
0.0034
0.0903
0.0027
0.0573
0.0045
0.0628
0.0033
0.0626
0.0032
0.0652
0.0043
0.0662
0.0027
0.0819
0.0027
0.0562
0.0024
0.0788
0.0022
0.0583
0.0053
0.062
0.0023
0.0628
0.003
0.0029
0.0617
0.0625
0.0028
0.065
0.0028
0.0642
0.0021
0.057
0.0027
0.0586
0.0038
0.0576
0.0026
0.0539
0.0032
0.0589
0.0023
0.0565
0.0028
0.0566
0.0026
0.0597
0.0028
0.0801
0.0038
0.0598
0.0034
0.0671
0.0031
0.062
0.0027
0.0575
0.0031
0.0583
0.0026
0.0813
0.0024
0.0554
0.0028
0.0561
0.0024
0.0576
0.0024
0.0548
0.0025
0.0567
0.0019
0.0567
0.0034
0.0569
0.0031
0.0626
0.0033
0.0586
0.003
0.0568
0.0065
0.0568
0.0027
0.0593
0.0028
0.0569
0.0023
0.0543
0.0023
0.055
0.0022
0.0571
0.0022
0.0593
0.0027
0.0546
0.0043
0.0597
0.0033
0.0583
0.0023
0.0582
0.0024
0.0574
0.0026
0.0578
0.0026
0.0551
0.0025
0.0546
0.0024
0.0559
0.0025
0.0622
0.0024
0.0574
0.002
0.0547
0.0021
0.0555
0.0019
0.0566
0.0024
0.0574
0.0023
0.057
0.0022
0.0561
0.0019
0.0566
0.0022
0.0581
0.0024
0.0601
0.0018
0.0585
0.0021
0.0563
0.0018
0.0567
0.0017
0.0564
0.0023
0.0578
0.0023
0.0567
0.0023
0.0536
0.003
0.0528
0.0026
0.0545
0.0023
0.0537
0.0019
0.0562
0.0018
0.0589
0.0016
0.0598
0.0017
0.0585
0.0017
0.0017
0.0569
0.0548
0.0018
0.0025
0.0554
0.0532
0.0028
0.0565
0.0017
0.0551
0.0074
0.0623
0.0028
0.0634
0.0026
0.0542
0.0027
0.0559
0.0027
0.054
0.0027
0.0569
0.0027
0.0522
0.0026
0.0635
0.0029
0.0525
0.0027
0.0583
0.0027
0.0528
0.0026
0.0601
0.0025
0.0567
0.0027
0.0558
0.0026
0.0578
0.0063
0.0588
0.0027
0.0593
0.0026
0.0573
0.0027
0.0022
0.0577
0.0541
0.0027
0.0591
0.0036
0.0549
0.0027
0.0606
0.0027
0.0574
0.0026
0.0026
0.0598
0.056
0.0027
0.059
0.0025
0.0556
0.0027
0.0614
0.0025
0.0592
0.0035
0.0603
0.0027
0.0584
0.0026
0.0596
0.0026
0.0585
0.0026
0.057
0.0026
0.0571
0.0027
0.056
0.0025
0.0608
0.0026
0.0565
0.0026
0.0564
0.0026
0.0563
0.0026
0.0596
0.0026
0.0602
0.0026
0.0628
0.0028
0.0561
0.0026
0.0587
0.0028
0.0562
0.0026
0.056
0.0026
0.0563
0.0025
0.0586
0.0026
0.0583
0.0025
0.0573
0.0027
0.0612
0.0027
0.0576
0.0026
0.0591
0.0026
0.0604
0.0025
0.0535
0.0027
0.0569
0.0028
0.0579
0.0027
0.0585
0.0026
0.0026
0.0572
0.0531
0.0026
0.0022
0.058
0.0558
0.0035
0.0582
0.0026
0.0581
0.0025
0.0571
0.0026
0.0583
0.0026
0.0545
0.0027
0.0583
0.0061
0.0569
0.0027
0.0567
0.0027
0.0576
0.0025
0.0567
0.0025
0.0559
0.0025
0.0606
0.0025
0.0644
0.0025
0.0602
0.0026
0.06
0.0026
0.0587
0.0026
0.0584
0.0027
0.0595
0.0027
0.0585
0.0027
0.0606
0.0027
0.0564
0.0025
0.0579
0.0026
0.062
0.0023
0.0593
0.0026
0.0565
0.0023
0.0562
0.002
0.055
0.0026
0.0565
0.0027
0.0558
0.0026
0.0549
0.0065
0.0564
0.0027
0.057
0.0027
0.055
0.0025
0.0587
0.0025
0.058
0.0027
0.0547
0.0027
0.057
0.0028
0.0585
0.0027
0.0582
0.0027
0.0628
0.0026
0.0585
0.0026
0.06
0.0028
0.0572
0.0026
0.0581
0.0026
0.0548
0.0026
0.0612
0.062
0.0027
0.0604
0.0027
0.0611
0.0027
0.0606
0.0026
0.0589
0.0026
0.0595
0.0028
0.0592
0.0027
0.0608
0.0027
0.06
0.0023
0.0594
0.002
0.0571
0.0018
0.0601
0.0018
0.0589
0.0016
0.0017
0.0605
0.0017
0.06
0.0025
0.0596
0.0027
0.0609
0.0019
0.0584
0.0018
0.059
0.0028
0.0585
0.0018
0.0598
0.0026
0.0595
0.0017
0.0601
0.0025
0.0592
0.0026
0.0627
0.0027
0.0616
0.0034
0.0549
0.0027
0.0594
0.0023
0.0564
0.0026
0.0575
0.002
0.056
0.0023
0.0577
0.0027
0.0607
0.0026
0.0566
0.0021
0.0558
0.0022
0.0564
0.0019
0.0583
0.0017
0.0567
0.0027
0.0626
0.002
0.0567
0.0029
0.0577
0.002
0.0595
0.002
0.0564
0.0027
0.002
0.0567
0.0622
0.0022
0.0019
0.0017
0.0027

---------------------------------
VideoDecoderSubmitBuffers_D3D11_1
---------------------------------
1.0631
0.7428
0.8102
0.9281
0.8305
0.6266
1.0594
0.3793
0.2689
0.3503
0.4694
0.4364
0.4016
0.268
0.4398
0.395
0.3246
0.322
0.3192
0.4762
0.4775
0.3903
0.3785
0.4112
0.3713
0.4416
0.4396
0.4879
0.3743
0.318
0.389
0.3762
0.3768
0.3238
0.2704
0.2939
0.409
0.3974
0.363
0.4598
0.3947
0.2931
0.2843
0.3122
0.2706
0.2978
0.2725
0.2764
0.2894
0.3232
0.3985
0.4717
0.2922
0.2853
0.2633
0.308
0.3223
0.3737
0.2561
0.3939
0.3561
0.2926
0.3053
0.4133
0.2674
0.3285
0.2764
0.2922
0.2871
0.3505
0.2613
0.3006
0.287
0.2563
0.2645
0.27
0.2724
0.2884
0.2633
0.2619
0.2943
0.3904
0.299
0.3804
0.3453
0.2932
0.3032
0.3978
0.2513
0.2419
0.2936
0.2598
0.2517
0.2729
0.2782
0.2913
0.2801
0.2935
0.2958
0.2969
0.312
0.2489
0.3026
0.2636
0.287
0.2653
0.266
0.2598
0.2689
0.2777
0.3108
0.265
0.2649
0.2897
0.2919
0.271
0.2497
0.3245
0.298
0.296
0.325
0.2915
0.3178
0.3289
0.2951
0.3092
0.2972
0.3231
0.2595
0.3243
0.2744
0.2486
0.2363
0.2514
0.245
0.2967
0.2931
0.2947
0.2921
0.3024
0.2437
0.2622
0.2385
0.2832
0.2748
0.3023
0.3685
0.2947
0.279
0.2734
0.2882
0.2591
0.2953
0.2441
0.3291
0.2372
0.2815
0.2886
0.288
0.2923
0.2889
0.2829
0.2896
0.2944
0.2347
0.2818
0.2834
0.2886
0.2812
0.283
0.2359
0.2787
0.2829
0.2833
0.2597
0.2883
0.2884
0.3079
0.2644
0.2828
0.2848
0.2778
0.253
0.2491
0.2809
0.2787
0.2821
0.2835
0.2843
0.278
0.2823
0.2836
0.2826
0.2541
0.2801
0.2817
0.284
0.2821
0.281
0.2895
0.2868
0.2568
0.2848
0.2885
0.2852
0.299
0.2386
0.2891
0.2326
0.2817
0.2818
0.2509
0.3087
0.2825
0.283
0.2892
0.2778
0.2836
0.2822
0.2832
0.2811
0.2789
0.2785
0.285
0.2774
0.2806
0.2856
0.2925
0.2814
0.2849
0.2802
0.3085
0.2875
0.289
0.2909
0.2824
0.2833
0.2881
0.2687
0.2853
0.2808
0.2769
0.2839
0.2841
0.2711
0.2899
0.2827
0.2826
0.2804
0.2481
0.285
0.2774
0.2526
0.283
0.2815
0.2892
0.2835
0.2795
0.2811
0.2802
0.2783
0.2809
0.2817
0.2905
0.2882
0.288
0.2908
0.2865
0.2823
0.2876
0.2914
0.2831
0.2833
0.2903
0.2818
0.2862
0.2831
0.2867
0.2842
0.2855
0.3098
0.3223
0.2848
0.2979
0.2924
0.2966
0.301
0.3252
0.2917
0.2944
0.29
0.2922
0.2566
0.2909
0.2503
0.3049
0.2977
0.2925
0.3022
0.4168

