---------------------------------------------
CalcPrivateVideoDecoderOutputViewSize_D3D11_1
---------------------------------------------
0.0019
0.0014
0.005
0.0013
0.0017
0.0014
0.0022
0.0009
0.0014
0.0014
0.0014
0.0009
0.001
0.0016
0.0014
0.0009
0.0012
0.0008
0.0014
0.0018
0.0011
0.0008
0.001
0.0011
0.0009
0.0007
0.0007
0.0006
0.0022
0.0007
0.0014
0.0009
0.0014
0.001
0.001
0.0006
0.0006
0.0006
0.001
0.0008
0.0014
0.001
0.0024
0.0008
0.0008
0.0007
0.0009
0.0007
0.0006
0.0007
0.0008
0.0006
0.0007
0.0007
0.0007
0.0006
0.0007
0.0006
0.0008
0.0006
0.0008
0.0007
0.0008
0.0014
0.0008
0.0006
0.0009
0.0005
0.001
0.0008
0.0008
0.0006
0.0008
0.0006
0.0007
0.0006
0.0008
0.0006
0.001
0.0006
0.0007
0.0006
0.0008
0.0007
0.0007
0.0006
0.0006
0.0006
0.0008
0.0014
0.0007
0.0008
0.0014
0.001
0.0029
0.0009
0.0008
0.0008
0.0014
0.0009
0.0016
0.0015
0.0009
0.0008
0.0007
0.0008
0.0007
0.0014
0.0009
0.0008
0.0016
0.001
0.0011
0.0008
0.0014
0.0009
0.0008
0.0008
0.0007
0.0006
0.0006
0.0007
0.0007
0.0006
0.0007
0.0006
0.0006
0.0007
0.001
0.0008
0.001
0.0005
0.0007
0.0007
0.0006
0.0007
0.0008
0.0006
0.0008
0.0006
0.0007
0.0073
0.0007
0.0005
0.0006
0.0006
0.0006
0.0006
0.0006
0.0007
0.0007
0.0008
0.0006
0.0008
0.0006
0.0008
0.0006
0.0006
0.0006
0.0007
0.002
0.0009
0.001
0.0011
0.001
0.0019
0.0018
0.0009
0.0009
0.0007
0.0007
0.0007
0.0007
0.0009
0.0006
0.0007
0.0007
0.0006
0.0007
0.0006
0.0007
0.0006
0.0006
0.0006
0.0007
0.0006
0.0014
0.0005
0.0005
0.0008
0.0017
0.0009
0.0008
0.0005
0.0006
0.0006
0.0008
0.0006
0.0008
0.0006
0.0007
0.0005
0.0007
0.0006
0.0006
0.0006
0.0013
0.0006
0.0006
0.0006
0.0005
0.0055
0.0008
0.0006
0.0007
0.0006
0.0006
0.0006
0.0006
0.0008
0.0006
0.0006
0.0006
0.0008
0.0006
0.0007
0.0007
0.0007
0.0007
0.0009
0.0006
0.0006
0.0007
0.0008
0.0005
0.0007
0.0006
0.0006
0.0007
0.0006
0.0006
0.0008
0.0006
0.0005
0.0009
0.0007
0.0006
0.0006
0.001
0.0007
0.0007
0.0006
0.0006
0.0006
0.0009
0.0006
0.0008
0.0007
0.0007
0.0005
0.0006
0.0006
0.0008
0.0006
0.0007
0.0007
0.0006
0.0006
0.0007
0.0006
0.0006
0.0007
0.0006
0.0009
0.0007
0.0007
0.0007
0.0007
0.0006
0.0006
0.0008
0.0007
0.0009
0.0005
0.0007
0.0008
0.0006
0.0008
0.0006
0.0008
0.0007
0.0009
0.0007
0.0007
0.0006
0.0009
0.0006
0.0006
0.0006
0.0008
0.0006
0.0005
0.0006
0.0007
0.0006
0.0006
0.0007
0.0006
0.0007
0.0006
0.0006
0.0006
0.0007
0.0006
0.0006
0.0006
0.0024
0.0006
0.0007
0.0022
0.0006
0.0005
0.0007
0.0006
0.0006
0.0006
0.0007
0.0008
0.0007
0.0007
0.0006
0.0006
0.0006
0.0006
0.0006
0.0006
0.0006
0.0006
0.0006
0.0007
0.0008
0.0006
0.0006
0.0007
0.0008
0.0007
0.0008
0.0008
0.0008
0.0011
0.0008
0.0008
0.0008
0.0009
0.0006
0.0008
0.0008
0.0006
0.0008
0.0007
0.0008
0.0008
0.0006
0.0016
0.0007
0.0007
0.0007
0.0008
0.0006
0.001
0.0007
0.0006
0.0007
0.0006
0.0007
0.0007
0.0007
0.0011
0.0006
0.0008
0.0006
0.0007
0.0011
0.0011
0.0006
0.0007
0.0008
0.0007
0.0008
0.0006
0.0009
0.0011
0.0015
0.001
0.0012
0.0007
0.0007
0.0007
0.0006
0.0007
0.0007
0.0009
0.0006
0.0008
0.0008
0.0006
0.0008
0.0008
0.0026
0.0019
0.0013
0.0015
0.0017
0.0012
0.0025
0.0016
0.0014
0.0015
0.0013
0.0008
0.0008
0.0009
0.0007
0.0007
0.0006
0.0008
0.0013
0.0011
0.0009
0.0009
0.0006
0.0008
0.0007
0.0007
0.0006
0.0007
0.0006
0.0007
0.0007
0.0006
0.0007
0.0006
0.0006
0.0006
0.0006
0.0006
0.0007
0.0007
0.0006
0.0007
0.0007
0.0007
0.0006
0.0007
0.0008
0.0008
0.0007
0.0009
0.0007
0.0007
0.0006
0.0006
0.0007
0.0021
0.0016
0.0012
0.0009
0.0007
0.0008
0.0009
0.0008
0.0009
0.0007
0.0008
0.016
0.0008
0.0008
0.0008
0.0008
0.0007
0.001
0.0009
0.001
0.0006
0.0008
0.0007
0.0008
0.0006
0.0008
0.0006
0.0007
0.0007
0.0007
0.0007
0.0006
0.0009
0.0006
0.0007
0.0007
0.0007
0.0007
0.0007
0.0006
0.0007
0.0006
0.0007
0.0006
0.001
0.0006
0.0007
0.0006
0.0007
0.0009
0.0007
0.0007
0.0007
0.0007
0.0007
0.0007
0.0038
0.0015
0.0008
0.0006
0.0008
0.0008
0.0007
0.0007
0.0007
0.0008
0.0009
0.0006
0.0009
0.0006
0.0006
0.0007
0.0006
0.0006
0.0006
0.0007
0.0007
0.0007
0.0008
0.0009
0.0007
0.0009
0.0006
0.0006
0.0007
0.0006
0.0007
0.0006
0.0008
0.0007
0.0008
0.0007
0.0007
0.0007
0.0009
0.0007
0.0008
0.0007
0.0007
0.0007
0.0007
0.0009
0.0007
0.0007
0.0007
0.0006
0.0008
0.0019
0.001
0.0017
0.0009
0.0008
0.0006
0.0006
0.0008
0.0008
0.0006
0.0007
0.0006
0.0006
0.0008
0.0009
0.0008
0.0016
0.001
0.001
0.0008
0.0009
0.001
0.0011
0.0008
0.0008
0.0008
0.0008
0.0007
0.0008
0.0007

-----------------------
CodechalDecode::Execute
-----------------------
1.5789
0.7899
0.8999
0.6602
0.8315
0.693
0.6113
0.5446
1.311
1.0751
0.8727
1.0044
0.995
0.8301
1.0669
1.0186
0.8886
3.0375
1.0127
2.4906
0.5
0.4492
1.3709
0.4804
0.3694
0.3597
0.3573
0.3605
0.3659
0.3585
0.4115
0.4264
1.0038
0.3924
0.3766
0.3587
0.3601
0.3582
0.3708
0.3668
0.414
0.3842
0.3646
0.3565
0.364
0.3557
0.3644
0.3651
0.3643
0.3553
0.3645
0.3556
0.3607
0.3557
0.3624
0.3579
0.3653
0.359
0.3621
0.3575
0.3647
0.3599
0.3658
0.3622
0.3415
0.3575
0.3708
0.3594
0.3712
0.3644
0.365
0.3588
0.3637
0.3551
0.3622
0.366
0.3614
0.3612
0.3621
0.3583
0.3625
0.3583
0.365
0.3577
0.3647
0.3555
0.3637
0.3584
0.362
0.3555
0.3633
0.367
0.4152
0.3808
0.4115
0.3752
0.3707
0.4581
1.6944
0.3852
0.4076
0.418
0.3786
0.3687
0.3634
0.3668
0.4648
1.3403
0.3806
0.4798
1.3526
0.4093
0.3712
0.3656
0.4074
0.373
0.3607
0.3656
0.3667
0.3622
0.3597
0.3621
0.3722
0.3601
0.3643
0.3571
0.3699
0.38
0.3714
0.3635
2.9117
0.3567
0.3642
0.3689
0.3649
0.3703
0.363
0.36
0.3649
0.363
0.3651
0.3654
0.3668
0.3609
0.3614
0.3671
0.3711
0.3753
0.368
0.3688
0.376
0.3629
0.354
0.361
0.3921
0.376
0.3845
0.3681
0.3673
0.3545
0.4911
0.3748
0.3694
4.5304
0.3933
0.4594
0.4609
0.3936
0.4322
0.4058
0.4348
0.3999
0.3962
0.3845
0.3578
0.3667
0.3905
0.3699
0.3536
0.3569
0.3628
0.3596
0.365
0.3669
0.3594
0.3566
0.361
0.3653
0.3585
0.3701
0.3638
0.3713
0.3635
0.357
0.3582
0.3663
0.3589
0.3546
0.363
0.3582
0.3549
0.3559
0.3613
0.3612
0.3653
0.3574
0.361
0.363
0.3643
0.3566
0.3577
0.3637
0.3604
0.3628
0.3624
0.3556
0.3609
0.3694
0.3536
0.3573
0.377
0.3594
0.3631
0.3831
0.3506
0.3531
0.3534
0.3537
0.3607
0.3417
0.3623
0.3627
0.3723
0.354
0.3561
0.3605
0.3613
0.3628
0.3689
0.3671
0.3558
0.3613
0.3622
0.358
0.3602
0.3591
0.3597
0.3615
0.3687
0.358
0.3615
0.3607
0.3589
0.3601
0.373
0.3693
0.3735
0.3628
0.358
0.3582
0.3561
0.3611
0.3424
0.3596
0.3622
0.3619
0.36
0.3579
0.3648
0.3601
0.3566
0.3583
0.3601
0.3692
0.3602
0.3579
0.3596
0.3599
0.3572
0.3731
0.3796
0.3549
0.3574
0.363
0.3561
0.3584
0.3633
0.382
0.3708
0.369
0.3645
0.3716
0.3732
0.3579
0.375
0.3402
0.3561
0.3625
0.3634
0.3741
0.3591
0.3587
0.3615
0.3621
0.3681
0.3622
0.3639
0.3673
0.3659
0.3595
0.3568
0.3575
0.3604
0.3578
0.3573
0.3594
0.3751
0.3778
0.3868
0.3595
0.3604
0.3588
0.3602
0.3659
0.3785
0.3724
0.3696
0.3634
0.3375
0.349
0.3572
0.3572
0.3518
0.3607
0.36
0.3598
0.362
0.3656
0.3977
0.3897
0.3757
0.3551
0.3762
0.3615
0.3812
0.3654
0.3738
0.3805
0.382
0.3777
0.3652
0.3802
0.3673
0.3652
0.3592
0.3672
0.354
0.3556
0.3603
0.3611
0.3744
0.353
0.3693
0.3775
0.3802
0.369
0.383
0.3997
0.3957
0.3926
0.3853
0.3816
0.384
0.4153
0.3886
0.3857
0.391
0.3809
0.3697
0.3644
0.3735
0.4547
0.3666
0.3733
0.386
0.364
0.3547
0.3562
0.3566
0.3576
0.3629
0.5673
0.3925
0.3983
0.3495
0.3638
0.366
0.3692
0.3671
0.3723
0.3762
0.3723
0.3907
0.3634
0.354
0.3617
0.3668
0.3633
0.5055
0.4685
0.4369
0.477
0.4247
0.3785
0.6012
0.5407
0.5277
0.5137
0.5089
0.4706
0.4154
0.4155
0.359
0.3594
0.3589
0.3625
0.3926
0.3498
0.3682
0.3606
0.3587
0.3562
0.3533
0.3566
0.3564
0.3582
0.3565
0.3568
0.3646
0.3708
0.3635
0.36
0.3563
0.3534
0.3604
0.3648
0.3669
0.3695
0.3798
0.3762
0.3827
0.3992
0.3634
0.3656
0.3683
0.3688
0.3784
0.3646
0.3554
0.358
0.3399
0.3612
0.3745
0.4685
0.472
0.4192
0.3815
0.3727
0.3659
0.3616
0.3639
0.378
0.3772
0.3796
0.4012
0.4022
0.3895
0.3915
0.3913
0.4056
0.3962
0.3851
0.3565
0.3537
0.3517
0.3488
0.3507
0.351
0.3504
0.3605
0.3535
0.3536
0.3571
0.3421
0.3621
0.3612
0.3635
0.3548
0.3588
0.3607
0.3581
0.3594
0.3667
0.3633
0.3678
0.389
0.3666
0.3591
0.3533
0.3497
0.3624
0.3608
0.3628
0.3692
0.3726
0.3839
0.4118
0.3708
0.3666
0.3747
0.373
0.3746
0.396
0.3967
0.4015
0.4019
0.3542
0.4355
0.3749
0.3683
0.3693
0.3645
0.3616
0.3652
0.3644
0.3577
0.3599
0.3636
0.3703
0.3858
0.3924
0.388
0.3859
0.392
0.3723
0.3642
0.3712
0.3713
0.3789
0.3953
0.3977
0.3905
0.3889
0.3859
0.3612
0.3616
0.3799
0.3571
0.3693
0.3536
0.3651
0.3774
0.3867
0.398
0.3967
0.3903
0.3873
0.3741
0.3731
0.3993
0.4765
0.3754
0.4458
0.4038
0.3676
0.359
0.3587
0.3615
0.3609
0.3541
0.3582
0.3531
0.3528
0.3729
0.3846
0.3709
0.4605
0.3772
0.3696
0.3716
0.3698
0.3668
0.3426
0.3594
0.4011
0.3782
0.3598
0.3625
0.3644
0.3611

---------------------------------------
CodechalDecodeHevcG12::DecodeStateLevel
---------------------------------------
0.4777
0.1747
0.336
0.1969
0.2916
0.2697
0.2729
0.1641
0.3212
0.2435
0.2536
0.1668
0.203
0.1722
0.1835
0.1636
0.9403
0.2181
0.688
0.259
0.5275
0.1968
0.2303
0.6326
0.6466
0.2124
0.2338
0.4714
0.6764
0.2395
0.2365
0.6262
0.3977
0.2278
0.2098
1.439
0.2216
0.1611
1.1628
0.182
0.1903
0.1722
0.1787
0.1436
0.2448
0.8001
0.194
0.1505
0.1392
0.115
0.1366
0.1137
0.1373
0.1134
0.1385
0.1156
0.1391
0.116
0.1372
0.115
0.1585
0.1202
0.1427
0.1123
0.1669
0.1339
0.1575
0.1184
0.145
0.116
0.1378
0.1133
0.1373
0.1151
0.138
0.1143
0.1401
0.1165
0.1389
0.1165
0.1563
0.1202
0.1437
0.1146
0.1371
0.1141
0.1368
0.1135
0.1397
0.1133
0.1364
0.1125
0.1374
0.1156
0.1396
0.1148
0.1393
0.115
0.1356
0.1146
0.1403
0.1147
0.1363
0.1152
0.1372
0.1146
0.1355
0.1141
0.1381
0.1148
0.1379
0.1147
0.1404
0.1158
0.1379
0.116
0.1382
0.1152
0.1372
0.1141
0.1393
0.1153
0.1373
0.1148
0.1403
0.115
0.1381
0.1155
0.1316
0.1097
0.1375
0.1145
0.1408
0.1151
0.138
0.1135
0.1414
0.1157
0.1383
0.1152
0.138
0.1164
0.1371
0.1151
0.1397
0.1145
0.1357
0.114
0.1387
0.1141
0.1448
0.1153
0.1388
0.1135
0.1375
0.1145
0.1375
0.1145
0.1371
0.1156
0.1386
0.1152
0.138
0.1152
0.1392
0.1152
0.1381
0.1147
0.1378
0.1159
0.1365
0.1136
0.139
0.1141
0.1377
0.115
0.1384
0.113
0.1355
0.1145
0.1393
0.1146
0.1406
0.1168
0.1579
0.1201
0.1435
0.1209
0.1568
0.1203
0.1419
0.1177
0.1432
0.1166
0.1394
0.108
1.4229
0.1304
0.1498
0.1173
0.1546
0.1186
0.1592
0.1248
0.1457
0.1168
0.1404
0.1149
0.1399
0.1153
0.1388
0.1175
0.1448
0.1151
1.074
0.1312
0.1448
0.1168
0.1489
0.1186
0.1649
1.0387
0.1553
0.124
0.1424
0.1135
0.1386
0.1144
0.1547
0.1182
0.1417
0.1134
0.1366
0.1131
0.1387
0.1128
0.1367
0.1145
0.138
0.1142
0.1394
0.1147
0.138
0.1155
0.1465
0.1162
0.1395
0.1146
0.1399
0.1149
0.1362
0.1151
0.1434
0.1164
0.1513
0.116
0.1435
0.1157
0.1387
0.1158
0.1427
2.518
0.1368
0.1135
0.1383
0.1145
0.141
0.1156
0.1405
0.1171
0.1422
0.1175
0.1389
0.1155
0.1378
0.1165
0.1406
0.1161
0.139
0.1161
0.1416
0.1168
0.1387
0.1144
0.1403
0.1145
0.1383
0.1166
0.1396
0.1154
0.14
0.1158
0.1437
0.1181
0.1467
0.1157
0.1404
0.1153
0.1399
0.1177
0.1448
0.1179
0.138
0.1123
0.1354
0.1129
0.1376
0.1133
0.14
0.1267
0.1442
0.1165
0.1474
0.1175
0.1419
0.1163
0.1398
0.116
0.136
0.1144
0.2092
0.1244
0.1454
0.1169
0.1421
0.1162
0.1813
4.0052
0.1523
0.1198
0.1841
0.122
0.185
0.1232
0.1504
0.1196
0.1789
0.1197
0.1538
0.1201
0.1799
0.1215
0.1553
0.1216
0.153
0.1191
0.141
0.1314
0.1365
0.1143
0.1407
0.1145
0.1376
0.1445
0.1414
0.1154
0.1348
0.1123
0.1377
0.1142
0.1391
0.1164
0.1378
0.1145
0.1389
0.1172
0.1416
0.1151
0.1382
0.1144
0.1372
0.1152
0.1386
0.1166
0.1379
0.115
0.1376
0.1162
0.1404
0.116
0.1296
0.1164
0.1414
0.1149
0.139
0.1159
0.1368
0.1146
0.1377
0.1153
0.1417
0.1146
0.149
0.1058
0.1363
0.1135
0.1399
0.1136
0.1368
0.1138
0.135
0.1154
0.1366
0.1139
0.1388
0.1139
0.1387
0.1157
0.1416
0.1162
0.1368
0.1138
0.1384
0.1164
0.1392
0.1158
0.1412
0.1147
0.1368
0.1151
0.1377
0.1147
0.1384
0.1155
0.1385
0.1157
0.1404
0.116
0.1379
0.1157
0.1355
0.115
0.1394
0.1159
0.142
0.1143
0.1358
0.1145
0.139
0.115
0.137
0.1309
0.1377
0.1164
0.1392
0.1159
0.1402
0.1317
0.134
0.1131
0.1349
0.1133
0.135
0.1129
0.135
0.1137
0.1384
0.1135
0.1325
0.1079
0.1371
0.1148
0.1374
0.1141
0.1416
0.1161
0.1358
0.1144
0.1363
0.1157
0.1376
0.114
0.1368
0.1141
0.1418
0.1143
0.1453
0.1144
0.1395
0.1155
0.1361
0.1148
0.1383
0.115
0.1372
0.1147
0.1378
0.1149
0.1383
0.115
0.1357
0.117
0.1392
0.1145
0.1372
0.1154
0.1408
0.1148
0.1369
0.1146
0.1378
0.1139
0.1384
0.1154
0.1368
0.1158
0.137
0.1149
0.1414
0.1171
0.142
0.1165
0.1428
0.1165
0.1403
0.1155
0.138
0.1152
0.1363
0.1143
0.1357
0.1143
0.1377
0.1164
0.1321
0.1085
0.138
0.1155
0.1386
0.1157
0.1382
0.115
0.1379
0.1166
0.1382
0.1155
0.1424
0.1138
0.1359
0.1148
0.1371
0.1151
0.1382
0.1142
0.1363
0.1146
0.1406
0.1162
0.1385
0.1161
0.1367
0.1167
0.1383
0.1154
0.1375
0.1149
0.1363
0.116
0.137
0.1158
0.1387
0.115
0.136
0.1152
0.137
0.1152
0.1401
0.1149
0.1365
0.1148
0.1374
0.1153
0.1392
0.1154
0.1455
0.1169
0.1452
0.1157
0.1413
0.1149
0.1393
0.118
0.1432
0.1182
0.1452
0.1152
0.1392
0.1151
0.1497
0.1162
0.1315
0.1087
0.1367
0.1149
0.1396
0.1146
0.1384
0.1149
0.146
0.1146
0.1373
0.1151
0.1365
0.1149
0.1389
0.1168
0.1381
0.1157
0.1421
0.1162
0.1392
0.1158
0.1391
0.1167
0.1413
0.1155
0.1424
0.1162
0.138
0.1152
0.1365
0.1143
0.1363
0.1161
0.1408
0.1151
0.1368
0.1158
0.137
0.1154
0.1371
0.1153
0.1422
0.1158
0.1461
0.118
0.1493
0.1195
0.1267
0.1143
0.1377
0.1172
0.1375
0.1148
0.1393
0.1148
0.1412
0.1164
0.1462
0.1182
0.1422
0.1153
0.1419
0.1175
0.1376
0.1151
0.1299
0.1071
0.1339
0.1119
0.1369
0.1131
0.1363
0.1141
0.1339
0.1138
0.1377
0.1158
0.1368
0.1143
0.1377
0.1162
0.1398
0.1158
0.1415
0.1159
0.1447
0.141
0.1425
0.116
0.1382
0.1119
0.1358
0.1146
0.1383
0.1144
0.1383
0.1128
0.1388
0.1201
0.141
0.1174
0.1427
0.1181
0.1416
0.1161
0.1411
0.1176
0.1411
0.1163
0.1388
0.1178
0.1404
0.1165
0.141
0.1159
0.1394
0.115
0.1372
0.1146
0.1377
0.1179
0.1351
0.1134
0.135
0.1134
0.1369
0.1131
0.1354
0.1167
0.141
0.1142
0.1363
0.1099
0.1418
0.1162
0.1457
0.1179
0.1444
0.1165
0.1396
0.1185
0.1475
0.1189
0.1541
0.1216
0.1512
0.1214
0.1517
0.1213
0.1487
0.1184
0.147
0.1192
0.1464
0.1201
0.1486
0.1475
0.1507
0.1207
0.1485
0.1193
0.1507
0.1204
0.1451
0.1152
0.1423
0.1161
0.1411
0.115
0.1396
0.1164
0.1482
0.1789
0.1403
0.1134
0.1381
0.1221
0.1583
0.1173
0.1413
0.1135
0.1372
0.1135
0.1354
0.1145
0.1375
0.1124
0.1352
0.1125
0.1408
0.1146
0.2105
0.1905
0.1484
0.1183
0.1535
0.1201
0.134
0.1088
0.1391
0.1149
0.1384
0.1151
0.1392
0.118
0.1389
0.1168
0.1411
0.1179
0.1427
0.1184
0.1431
0.118
0.1497
0.1219
0.1377
0.1124
0.1336
0.1132
0.1367
0.1136
0.14
0.1137
0.1388
0.116
0.2116
0.1254
0.1846
0.1268
0.1726
0.1315
0.2049
0.1261
0.1692
0.1187
0.1456
0.1151
0.2441
0.1712
0.2118
0.1667
0.2049
0.1682
0.1991
0.1679
0.1963
0.1684
0.1778
0.1682
0.1445
0.1583
0.1429
0.1304
0.1394
0.1144
0.1394
0.1144
0.1378
0.1138
0.1408
0.1157
0.1491
0.1217
0.135
0.1082
0.1396
0.1153
0.1374
0.1133
0.1363
0.1148
0.1367
0.1157
0.1365
0.1144
0.1366
0.1144
0.1366
0.1153
0.1391
0.1144
0.1374
0.1146
0.1369
0.1152
0.1399
0.1166
0.1421
0.1161
0.1398
0.1167
0.1393
0.1158
0.1372
0.115
0.1354
0.1156
0.1389
0.117
0.141
0.115
0.1394
0.119
0.1406
0.1171
0.1467
0.1183
0.1436
0.1175
0.1489
0.119
0.1504
0.1276
0.1381
0.1159
0.1399
0.1159
0.1404
0.1176
0.1419
0.1163
0.1461
0.1187
0.1388
0.1127
0.1362
0.1116
0.1372
0.1129
0.131
0.1057
0.1382
0.1155
0.1376
0.1275
0.1893
0.1221
0.1904
0.1255
0.1649
0.1242
0.147
0.1171
0.1428
0.1181
0.1414
0.1172
0.1396
0.1152
0.1414
0.1162
0.1439
0.1173
0.1443
0.1207
0.1474
0.1199
0.1543
0.12
0.1559
0.1227
0.1521
0.1196
0.1513
0.1193
0.1531
0.1198
0.1588
0.1235
0.1555
0.1216
0.1378
0.1218
0.1364
0.1125
0.136
0.1131
0.1362
0.1123
0.1338
0.1135
0.1348
0.1132
0.1357
0.1125
0.1357
0.1143
0.1404
0.1156
0.1358
0.1141
0.1363
0.1149
0.1373
0.1152
0.1339
0.1082
0.1379
0.1191
0.1394
0.1167
0.1414
0.1154
0.1361
0.1155
0.1378
0.1162
0.1383
0.1146
0.1385
0.1154
0.1376
0.1166
0.1432
0.1167
0.139
0.1164
0.1429
0.117
0.1432
0.128
0.1421
0.1166
0.1375
0.1129
0.1345
0.1143
0.1328
0.1122
0.1394
0.1157
0.1372
0.1132
0.1383
0.1152
0.1427
0.1162
0.1447
0.1145
0.1478
0.1192
0.1574
0.121
0.1405
0.1168
0.1393
0.1177
0.1439
0.117
0.1437
0.1171
0.1431
0.1183
0.1547
0.1221
0.1534
0.1213
0.1559
0.1227
0.1543
0.1209
0.1363
0.1094
0.1948
0.1254
0.1439
0.1166
0.1416
0.1153
0.1422
0.1168
0.14
0.114
0.1372
0.1127
0.1437
0.113
0.137
0.114
0.1355
0.1132
0.1375
0.1147
0.1377
0.1159
0.1415
0.116
0.1459
0.1188
0.1474
0.1255
0.1486
0.1189
0.1477
0.1201
0.1511
0.1201
0.1429
0.1168
0.1392
0.115
0.1422
0.1159
0.142
0.1146
0.1431
0.1211
0.1542
0.1219
0.1498
0.1227
0.152
0.1196
0.1511
0.1199
0.1487
0.1185
0.138
0.1147
0.1385
0.1152
0.1553
0.112
0.1361
0.1135
0.1427
0.116
0.1349
0.1088
0.1395
0.1153
0.1459
0.1179
0.1485
0.1184
0.1516
0.125
0.1531
0.121
0.1503
0.1181
0.15
0.1194
0.1429
0.1158
0.1416
0.1155
0.1697
0.1172
0.1951
0.1238
0.1451
0.1177
0.1786
0.1213
0.1593
0.1169
0.1399
0.1153
0.1354
0.116
0.1374
0.1151
0.1364
0.1176
0.1368
0.1129
0.1352
0.1132
0.135
0.1113
0.1336
0.1126
0.1348
0.113
0.1404
0.1147
0.1498
0.1144
0.1461
0.1172
0.1973
0.1194
0.1453
0.1155
0.1413
0.1163
0.1432
0.1145
0.1428
0.1161
0.1421
0.114
0.1329
0.1073
0.1387
0.116
0.1471
0.138
0.149
0.1178
0.138
0.1157
0.14
0.1159
0.1411
0.1157
0.1369
0.1154

-------------------------------------
CodechalDecodeHevcG12::SetFrameStates
-------------------------------------
0.6985
0.1212
0.1623
0.1115
0.1453
0.1441
0.1181
0.099
0.0396
0.0341
0.038
0.0328
0.0369
0.0325
0.0392
0.0328
0.15
1.2614
0.5169
0.743
0.0366
0.032
0.2042
0.036
0.0314
0.0323
0.0297
0.0295
0.0313
0.0299
0.0373
0.084
0.6026
0.034
0.034
0.0306
0.0303
0.0296
0.0309
0.0301
0.0379
0.0343
0.0314
0.0294
0.0304
0.0298
0.0304
0.0298
0.0308
0.0293
0.0303
0.0291
0.0298
0.0296
0.03
0.0295
0.0298
0.0297
0.0302
0.0297
0.0302
0.0304
0.0306
0.0305
0.0208
0.0296
0.031
0.031
0.0309
0.0301
0.0299
0.0298
0.0306
0.0302
0.0297
0.0295
0.0302
0.0329
0.0298
0.0293
0.0297
0.0296
0.0299
0.029
0.0305
0.0289
0.0304
0.029
0.0295
0.0297
0.0306
0.0301
0.0365
0.0332
0.0372
0.032
0.0306
0.1269
0.0363
0.0353
0.0379
0.0365
0.0332
0.0314
0.0301
0.0304
0.1221
0.0362
0.0358
0.1268
0.0379
0.0377
0.0325
0.0315
0.0362
0.0332
0.0295
0.0303
0.0335
0.0295
0.0296
0.03
0.0299
0.0294
0.03
0.0293
0.0308
0.0307
0.0309
0.03
0.1569
0.0298
0.031
0.0326
0.0293
0.0302
0.03
0.0299
0.0296
0.0293
0.0295
0.0333
0.0309
0.0294
0.0296
0.0306
0.0306
0.0315
0.0303
0.0303
0.0307
0.0306
0.0289
0.0297
0.0302
0.031
0.0314
0.0305
0.0341
0.0288
0.0438
0.0333
0.0313
0.2307
0.0335
0.0405
0.0414
0.0341
0.037
0.0349
0.035
0.0332
0.0338
0.0305
0.0287
0.0299
0.0296
0.0298
0.0289
0.0293
0.0294
0.0296
0.0305
0.0308
0.0292
0.029
0.029
0.0332
0.0288
0.0293
0.0364
0.0323
0.0301
0.0293
0.0286
0.0305
0.0214
0.0288
0.0297
0.0306
0.0287
0.0286
0.0295
0.029
0.0299
0.0291
0.0295
0.0297
0.0306
0.0289
0.0291
0.0308
0.0295
0.0294
0.0303
0.029
0.029
0.0345
0.0287
0.0289
0.03
0.0294
0.0293
0.0298
0.0287
0.0292
0.0288
0.0294
0.0302
0.0212
0.033
0.0302
0.0329
0.0285
0.029
0.0304
0.0336
0.0299
0.0295
0.0344
0.0291
0.0304
0.0334
0.0294
0.0291
0.0293
0.0291
0.0296
0.0306
0.0293
0.0305
0.0289
0.0294
0.0297
0.0301
0.0308
0.0308
0.0292
0.0286
0.0294
0.0297
0.0294
0.0217
0.0299
0.0297
0.0309
0.0297
0.0291
0.03
0.0324
0.0291
0.0293
0.0324
0.0303
0.0291
0.0298
0.0296
0.0297
0.0289
0.0335
0.0431
0.0286
0.0294
0.0303
0.0289
0.0297
0.0293
0.0314
0.031
0.031
0.0293
0.0305
0.0317
0.029
0.0299
0.0206
0.0284
0.0298
0.0314
0.0304
0.0288
0.0301
0.0288
0.0294
0.0303
0.03
0.0295
0.03
0.0302
0.0295
0.0289
0.0289
0.0291
0.0292
0.0289
0.0298
0.0322
0.0308
0.0321
0.0348
0.0292
0.0296
0.0294
0.0297
0.031
0.0313
0.0302
0.0294
0.0203
0.0286
0.0296
0.0308
0.0286
0.0298
0.0296
0.0293
0.03
0.0295
0.0304
0.0443
0.0447
0.0291
0.0397
0.0294
0.0372
0.03
0.0304
0.038
0.0379
0.035
0.0304
0.0342
0.0301
0.0305
0.0298
0.0303
0.0286
0.0286
0.029
0.0291
0.0304
0.0223
0.03
0.0309
0.0351
0.0307
0.0311
0.0327
0.0322
0.0322
0.0313
0.031
0.0317
0.0317
0.0308
0.0319
0.0323
0.0318
0.0301
0.0303
0.0304
0.0318
0.0304
0.0314
0.0302
0.0313
0.0288
0.0291
0.0289
0.0287
0.0291
0.0422
0.0347
0.0329
0.0225
0.0304
0.0308
0.0315
0.0309
0.0313
0.0311
0.03
0.0343
0.0303
0.0291
0.0296
0.0307
0.0293
0.0453
0.0424
0.0354
0.0426
0.0375
0.0335
0.052
0.0447
0.0442
0.0405
0.0403
0.0294
0.0303
0.0305
0.0297
0.0299
0.0308
0.0294
0.034
0.0221
0.0325
0.0308
0.0313
0.0294
0.0296
0.029
0.0295
0.0291
0.0292
0.0298
0.0302
0.0309
0.0299
0.0287
0.029
0.0286
0.029
0.0296
0.0299
0.0304
0.031
0.03
0.0309
0.0325
0.0294
0.0302
0.0304
0.0296
0.0307
0.0298
0.0295
0.0292
0.0209
0.0284
0.0292
0.0435
0.0433
0.0358
0.0329
0.0313
0.0297
0.0299
0.0296
0.0305
0.031
0.0309
0.0357
0.0322
0.0323
0.0333
0.0325
0.0352
0.0329
0.045
0.0298
0.0293
0.0288
0.0283
0.0284
0.0288
0.0281
0.0293
0.0294
0.0284
0.0293
0.0208
0.029
0.0289
0.031
0.0285
0.0293
0.0299
0.0288
0.029
0.0289
0.03
0.0299
0.0303
0.0296
0.029
0.0285
0.0282
0.0285
0.0291
0.029
0.0291
0.0307
0.031
0.042
0.031
0.0297
0.0307
0.0306
0.031
0.0318
0.0323
0.0325
0.0335
0.0221
0.0299
0.0318
0.0313
0.0298
0.0297
0.0301
0.0291
0.0321
0.0294
0.0292
0.0292
0.0298
0.0305
0.0316
0.0323
0.0323
0.0326
0.0305
0.0296
0.0298
0.0302
0.0307
0.0315
0.033
0.0317
0.0317
0.0316
0.0297
0.0291
0.0299
0.0288
0.0294
0.0216
0.0304
0.0299
0.0334
0.0322
0.033
0.033
0.0315
0.0311
0.0306
0.0305
0.0413
0.0329
0.0395
0.0329
0.0307
0.0297
0.0291
0.029
0.0301
0.0286
0.0318
0.0289
0.0292
0.03
0.0333
0.0299
0.04
0.0325
0.0322
0.0317
0.031
0.0305
0.0215
0.029
0.0323
0.0322
0.0301
0.0302
0.0298
0.0292

--------------------------
CreateVideoDecoder_D3D11_1
--------------------------
18.7642

---------------------------
DestroyVideoDecoder_D3D11_1
---------------------------
0

----------------
First Frame Time
----------------
61.2604

--------------------------------------
VideoDecoderBeginFrame_WDDM2_4_D3D11_1
--------------------------------------
0.0085
0.0029
0.0059
0.0024
0.0032
0.0037
0.0033
0.002
0.0027
0.0022
0.0026
0.0021
0.0023
0.0028
0.0026
0.002
0.0025
0.0023
0.0028
0.0032
0.0025
0.0019
0.002
0.0024
0.0019
0.0016
0.0025
0.0017
0.0028
0.0016
0.0026
0.0019
0.0027
0.0023
0.0021
0.0017
0.0017
0.0016
0.0019
0.0016
0.0026
0.0021
0.0027
0.0017
0.0017
0.0015
0.0017
0.0016
0.0017
0.0015
0.0017
0.0016
0.0018
0.0016
0.0018
0.0023
0.0017
0.0016
0.0018
0.0016
0.0017
0.0016
0.0017
0.0025
0.0017
0.0016
0.0018
0.0016
0.0018
0.0017
0.0017
0.0015
0.0018
0.0016
0.0018
0.0016
0.0017
0.0015
0.0017
0.0015
0.0018
0.0015
0.0018
0.0016
0.0017
0.0014
0.0018
0.0015
0.0016
0.0015
0.0017
0.0018
0.0025
0.002
0.0038
0.002
0.002
0.0015
0.0026
0.0023
0.0029
0.0027
0.002
0.0021
0.0017
0.0019
0.0017
0.0026
0.0023
0.0021
0.0029
0.0023
0.0021
0.0017
0.0026
0.0021
0.0017
0.0017
0.0024
0.0016
0.0016
0.0015
0.0017
0.0016
0.0017
0.0015
0.0016
0.0015
0.0018
0.0016
0.0018
0.0016
0.0016
0.0018
0.0016
0.0016
0.0016
0.0015
0.0015
0.0014
0.0015
0.0068
0.0017
0.0016
0.0016
0.0016
0.0016
0.0016
0.0017
0.0015
0.0016
0.0018
0.0016
0.0015
0.0015
0.0015
0.0015
0.0016
0.0014
0.0017
0.0036
0.002
0.002
0.0019
0.0019
0.0035
0.0028
0.002
0.0023
0.0019
0.0022
0.0019
0.002
0.0019
0.0017
0.0016
0.0016
0.0018
0.0016
0.0015
0.0018
0.0016
0.0016
0.0014
0.0016
0.0016
0.0016
0.0015
0.0015
0.0015
0.003
0.0016
0.0017
0.0015
0.0016
0.0017
0.0019
0.0015
0.0017
0.0015
0.0015
0.0015
0.0015
0.0015
0.0015
0.0015
0.0015
0.0016
0.0018
0.0015
0.0016
0.0062
0.0015
0.0016
0.0017
0.0015
0.0015
0.0015
0.0015
0.0016
0.0015
0.0016
0.0015
0.0018
0.0015
0.0016
0.0015
0.0015
0.0016
0.0018
0.0016
0.0015
0.0017
0.0015
0.0016
0.0016
0.0015
0.0016
0.0017
0.0015
0.0015
0.0015
0.0015
0.0015
0.0016
0.0016
0.0015
0.0016
0.002
0.0016
0.0018
0.0016
0.0015
0.0015
0.0017
0.0015
0.0018
0.0016
0.0017
0.0015
0.0015
0.0016
0.0019
0.0015
0.0017
0.0016
0.0016
0.0015
0.0016
0.0015
0.0015
0.0017
0.0015
0.0019
0.0015
0.0015
0.0015
0.0016
0.0016
0.0017
0.0018
0.0018
0.0015
0.0023
0.0015
0.0016
0.0016
0.0018
0.0015
0.0018
0.0016
0.0018
0.0019
0.0016
0.0017
0.0019
0.0016
0.0017
0.0016
0.0022
0.0015
0.0017
0.0016
0.0016
0.0017
0.0016
0.0017
0.0015
0.0017
0.0015
0.0016
0.0016
0.0016
0.0016
0.0016
0.0017
0.0069
0.0016
0.0016
0.0044
0.0016
0.0016
0.0016
0.0016
0.0017
0.0017
0.0016
0.0018
0.0019
0.0015
0.0017
0.0015
0.0016
0.0016
0.0016
0.0015
0.0017
0.0015
0.0017
0.0018
0.0018
0.0016
0.0016
0.0017
0.0018
0.0016
0.0017
0.0018
0.0019
0.0026
0.0016
0.0016
0.0017
0.0017
0.0016
0.0017
0.0016
0.0016
0.0016
0.0016
0.0017
0.0019
0.0017
0.0016
0.0016
0.0018
0.0018
0.0016
0.0017
0.0017
0.0017
0.0017
0.0017
0.0017
0.0019
0.0016
0.0018
0.0023
0.0016
0.0016
0.0016
0.0015
0.0018
0.0017
0.0016
0.0017
0.002
0.0016
0.0016
0.0016
0.0016
0.0024
0.0026
0.002
0.002
0.0016
0.0018
0.0015
0.0016
0.0017
0.0017
0.0017
0.0016
0.0018
0.0015
0.0016
0.0017
0.0016
0.0037
0.0031
0.0023
0.0028
0.0026
0.0023
0.0039
0.0029
0.0026
0.0027
0.0024
0.0017
0.0027
0.0018
0.0018
0.0017
0.0016
0.0018
0.0022
0.0021
0.0018
0.0019
0.0016
0.0016
0.0015
0.0015
0.0017
0.0016
0.0017
0.0015
0.0015
0.0016
0.0025
0.0016
0.0015
0.0015
0.0015
0.0017
0.0016
0.0016
0.0015
0.0017
0.0017
0.0016
0.0018
0.0017
0.0016
0.0017
0.0016
0.0017
0.0015
0.0016
0.0018
0.0015
0.0016
0.0034
0.0031
0.0025
0.0021
0.0017
0.0018
0.0015
0.0016
0.0017
0.0016
0.0017
0.0055
0.0019
0.0018
0.0019
0.0018
0.0017
0.0018
0.0018
0.0018
0.0016
0.0017
0.0017
0.0016
0.0016
0.0016
0.0016
0.0016
0.0016
0.0017
0.0016
0.0016
0.0016
0.0017
0.0015
0.0016
0.0015
0.0016
0.0017
0.0015
0.0016
0.0017
0.0016
0.0016
0.002
0.0016
0.0015
0.0014
0.0017
0.0016
0.0016
0.0016
0.0016
0.0017
0.0017
0.0015
0.0017
0.0017
0.0016
0.0017
0.0018
0.0017
0.0019
0.0018
0.0016
0.0017
0.0016
0.0016
0.002
0.0018
0.0015
0.0017
0.0016
0.0017
0.0015
0.0017
0.0017
0.0017
0.0017
0.0016
0.0017
0.0017
0.0015
0.0017
0.0017
0.0015
0.0017
0.0017
0.0018
0.0018
0.0019
0.0016
0.0016
0.002
0.0016
0.0017
0.0018
0.0017
0.0016
0.0018
0.0018
0.0016
0.0019
0.0017
0.0019
0.0018
0.0016
0.0032
0.0022
0.0026
0.0022
0.0018
0.0017
0.0018
0.0017
0.002
0.0017
0.0016
0.0015
0.0016
0.0018
0.0017
0.0016
0.0029
0.0023
0.0019
0.0018
0.0016
0.002
0.0018
0.0017
0.0018
0.0018
0.0017
0.0025
0.0017
0.002

----------------------------
VideoDecoderEndFrame_D3D11_1
----------------------------
0.0346
0.076
0.1109
0.098
0.1478
0.1252
0.101
0.0966
0.1374
0.0596
0.0613
0.0679
0.0586
0.0613
0.0601
0.0699
0.0541
0.0597
0.0565
0.0639
0.0538
0.0543
0.059
0.0548
0.0519
0.0519
0.0509
0.0516
0.0527
0.0516
0.0557
0.0536
0.0542
0.0765
0.0527
0.0528
0.0513
0.052
0.0517
0.0522
0.0542
0.0555
0.0571
0.0511
0.0522
0.0515
0.0514
0.0513
0.0524
0.0516
0.0528
0.0509
0.0524
0.0511
0.0522
0.052
0.0519
0.052
0.0534
0.0521
0.0646
0.0515
0.0519
0.0523
0.0514
0.053
0.0527
0.0533
0.0529
0.0534
0.0517
0.0518
0.0529
0.0518
0.0528
0.0519
0.0526
0.0519
0.0514
0.0514
0.0521
0.0527
0.0531
0.0525
0.0522
0.0509
0.0541
0.0508
0.0519
0.0525
0.0517
0.0604
0.0718
0.0634
0.0561
0.0527
0.0506
0.0507
0.0552
0.1173
0.0548
0.0556
0.0526
0.0518
0.0508
0.0514
0.051
0.0549
0.0811
0.0521
0.0589
0.0847
0.0776
0.0532
0.0582
0.0527
0.0513
0.0513
0.0513
0.0515
0.0502
0.0505
0.0518
0.0517
0.051
0.0503
0.0508
0.05
0.0506
0.0507
0.0501
0.0494
0.0754
0.0503
0.0522
0.0502
0.0507
0.0516
0.0505
0.0502
0.0507
0.0525
0.0504
0.0504
0.0513
0.0532
0.0514
0.0502
0.0504
0.0506
0.0513
0.0547
0.0583
0.0505
0.0522
0.0511
0.0519
0.0514
0.0501
0.0542
0.0559
0.0529
0.0524
0.0517
0.0496
0.0819
0.0596
0.0675
0.0524
0.0625
0.0526
0.0588
0.0524
0.0539
0.0556
0.051
0.0513
0.0512
0.0505
0.0508
0.0506
0.0508
0.0503
0.0504
0.0505
0.051
0.05
0.0501
0.0501
0.0498
0.0501
0.0523
0.0506
0.0503
0.0514
0.0499
0.0519
0.0509
0.0511
0.0507
0.0507
0.0505
0.0504
0.0503
0.0507
0.0499
0.0541
0.0574
0.0513
0.051
0.051
0.0535
0.0511
0.0502
0.0512
0.0503
0.051
0.051
0.0509
0.0521
0.051
0.0544
0.0543
0.053
0.0503
0.0509
0.0508
0.0508
0.0519
0.0505
0.0503
0.0505
0.0504
0.0501
0.0507
0.0508
0.0503
0.052
0.0505
0.0502
0.0498
0.0509
0.0501
0.0505
0.0512
0.0505
0.0515
0.0499
0.0512
0.0513
0.0511
0.0504
0.0503
0.0509
0.0512
0.0511
0.051
0.0503
0.0507
0.0498
0.0516
0.0504
0.0506
0.0502
0.0506
0.05
0.0507
0.0507
0.0503
0.0508
0.0507
0.0515
0.0507
0.0568
0.0514
0.055
0.0506
0.0506
0.0505
0.0633
0.0503
0.0509
0.0518
0.0508
0.0503
0.0524
0.0548
0.0513
0.0512
0.055
0.0527
0.0562
0.0507
0.0508
0.0508
0.0516
0.0508
0.0513
0.0501
0.0547
0.0501
0.0501
0.0507
0.0538
0.0555
0.0511
0.0571
0.0553
0.0518
0.0504
0.0506
0.0534
0.0509
0.0515
0.051
0.0547
0.0564
0.051
0.0515
0.0503
0.0512
0.0504
0.0571
0.0539
0.0568
0.0524
0.0508
0.0523
0.0508
0.0508
0.0515
0.0508
0.0506
0.0506
0.0516
0.0503
0.0534
0.0532
0.0623
0.0625
0.0551
0.0527
0.0511
0.0618
0.0509
0.0501
0.0624
0.0623
0.0561
0.0511
0.0503
0.0504
0.0557
0.0562
0.0534
0.0537
0.0529
0.0528
0.0549
0.0538
0.0575
0.0539
0.0545
0.0539
0.0537
0.0563
0.0542
0.0557
0.0594
0.0571
0.0549
0.0543
0.0542
0.0593
0.0568
0.0562
0.0578
0.0547
0.0529
0.0534
0.0536
0.0638
0.0542
0.0538
0.055
0.0541
0.0524
0.0527
0.0531
0.0524
0.0525
0.0764
0.057
0.0557
0.0532
0.054
0.0539
0.0537
0.0556
0.0533
0.0533
0.0533
0.0544
0.0532
0.0524
0.0539
0.0527
0.0526
0.0601
0.0603
0.0562
0.0677
0.0566
0.0521
0.0722
0.0738
0.0752
0.0739
0.0727
0.0656
0.0693
0.0552
0.0511
0.0511
0.0513
0.0532
0.0559
0.0527
0.0561
0.052
0.0507
0.0519
0.052
0.0516
0.0532
0.0517
0.0526
0.0525
0.0533
0.0518
0.0531
0.0512
0.0513
0.0511
0.0549
0.0528
0.0535
0.0545
0.0533
0.0554
0.0594
0.0587
0.054
0.0531
0.0526
0.0529
0.0556
0.0525
0.0524
0.0522
0.0521
0.0524
0.0557
0.0608
0.0588
0.0581
0.0533
0.0531
0.052
0.0535
0.0528
0.0531
0.0528
0.0551
0.0623
0.0572
0.0549
0.0591
0.0558
0.0587
0.0577
0.0538
0.051
0.0532
0.0528
0.0525
0.0521
0.0528
0.053
0.0516
0.0513
0.0517
0.0519
0.0523
0.0523
0.0521
0.0544
0.0525
0.0517
0.0526
0.0544
0.0516
0.0522
0.053
0.0529
0.0556
0.054
0.0515
0.0523
0.0535
0.0533
0.0533
0.0539
0.0531
0.0543
0.0534
0.0585
0.0543
0.0541
0.053
0.0531
0.0546
0.0565
0.0552
0.0575
0.0587
0.0532
0.057
0.0539
0.0564
0.0526
0.0532
0.0532
0.0514
0.0523
0.055
0.0529
0.0536
0.0536
0.0558
0.056
0.0543
0.0555
0.0552
0.053
0.0517
0.0529
0.0545
0.0683
0.0575
0.0559
0.0542
0.0557
0.054
0.0535
0.0519
0.0527
0.0537
0.0536
0.055
0.0567
0.0544
0.0587
0.0607
0.0583
0.0557
0.0552
0.0528
0.0544
0.0596
0.0572
0.0533
0.0566
0.0543
0.053
0.0517
0.0544
0.0539
0.0518
0.0521
0.053
0.0533
0.0545
0.0578
0.0529
0.054
0.0566
0.0568
0.0527
0.0533
0.0558
0.0522
0.0546
0.053
0.0542
0.0532
0.0535
0.0526
0.0526
0.0544

---------------------------------
VideoDecoderSubmitBuffers_D3D11_1
---------------------------------
1.678
0.811
0.9239
0.6819
0.8568
0.7188
0.6315
0.5589
1.3309
1.0899
0.8921
1.0188
1.0113
0.8445
1.0864
1.0345
0.9075
3.0538
1.0322
2.5087
0.5181
0.4632
1.3869
0.498
0.3839
0.5063
0.6766
0.7153
0.6711
0.7083
0.6321
0.7214
1.1462
0.4104
0.3918
0.4875
0.7162
0.7128
0.6689
0.7033
0.6393
0.4002
0.3795
0.3695
0.3784
0.6767
0.6635
0.7166
0.6686
0.7078
0.679
0.7077
0.6715
0.7137
0.6771
0.7104
0.6772
0.712
0.6734
0.713
0.6759
0.6956
0.6688
0.7046
0.647
0.7332
0.3854
0.3729
0.3862
0.4436
0.6698
0.7069
0.6744
0.7062
0.6762
0.7206
0.666
0.7161
0.6707
0.7074
0.6723
0.7162
0.674
0.7046
0.678
0.7064
0.6788
0.7124
0.6716
0.7053
0.6882
0.3817
0.4355
0.3961
0.4321
0.3912
0.5689
0.8799
1.9563
0.4012
0.4769
0.4378
0.3937
0.5837
0.6946
0.6421
0.8338
1.5662
0.3967
0.547
1.476
0.4276
0.3875
0.3795
0.427
0.3883
0.3743
0.6392
0.675
0.7721
0.712
0.7241
0.7473
0.7329
0.6757
0.7863
0.7079
0.761
0.7482
0.3778
2.9288
0.37
0.3774
0.3829
0.3776
0.5195
0.3763
0.4355
0.7179
0.7666
0.7632
0.7478
0.7671
0.7485
0.7259
0.7646
0.7527
0.7244
0.6275
0.7958
0.7363
0.3779
0.3668
0.3745
0.4655
0.748
0.7966
0.6886
0.7899
0.7955
0.5156
0.3896
0.3849
4.5472
0.4093
0.4824
0.4838
0.4084
0.4522
0.4235
0.5307
0.7164
0.6908
0.3998
0.3707
0.3806
0.4371
0.7515
0.3668
0.4907
0.7271
0.752
0.7477
0.759
0.72
0.812
0.7429
0.7855
0.7942
0.3829
0.4342
0.8226
0.3772
0.4794
0.7592
0.628
0.3744
0.3674
0.3765
0.371
0.657
0.7276
0.6364
0.8017
0.7401
0.7682
0.765
0.7969
0.7266
0.8015
0.759
0.7716
0.7622
0.8068
0.7283
0.8105
0.759
0.7765
0.8016
0.3695
0.4929
0.7449
0.7943
0.3984
0.3629
0.3654
0.7627
0.7653
0.6823
0.3563
0.8078
0.7738
0.3867
0.3664
0.6924
0.3741
0.5187
0.7567
0.3819
0.5076
0.7909
0.3738
0.5183
0.7863
0.3733
0.4234
0.7846
0.7655
0.3838
0.3709
0.3757
0.728
0.7442
0.7842
0.7887
0.7952
0.7336
0.8011
0.7436
0.7755
0.7826
0.6862
0.3573
0.7803
0.5237
0.7004
0.7763
0.7954
0.7313
0.8248
0.8031
0.3718
0.5326
0.3842
0.373
0.4496
0.3721
0.5088
0.7838
0.8325
0.7453
0.3673
0.5691
0.7883
0.8148
0.7715
0.7889
0.789
0.7829
0.7258
0.8124
0.7563
0.7693
0.7567
0.6212
0.3558
0.8072
0.4934
0.6125
0.3886
0.3715
0.4921
0.3738
0.5207
0.7139
0.8033
0.7649
0.7746
0.769
0.8049
0.7415
0.8331
0.7714
0.786
0.7809
0.8043
0.7383
0.8004
0.7426
0.6533
0.7578
0.7803
0.744
0.8146
0.7317
0.7199
0.7306
0.3784
0.3537
0.3611
0.3709
0.37
0.7178
0.8129
0.7122
0.8067
0.7565
0.7747
0.7925
0.7397
0.7092
0.3676
0.6016
0.7441
0.8055
0.7812
0.6832
0.7547
0.6987
0.6185
0.7504
0.8058
0.7122
0.3806
0.3722
0.3809
0.3669
0.3678
0.373
0.3748
0.3901
0.3684
0.3827
0.3916
0.3938
0.3817
0.3967
0.414
0.409
0.4067
0.3991
0.395
0.3971
0.4293
0.4015
0.3989
0.4047
0.4032
0.3827
0.3778
0.3859
0.4684
0.3805
0.3864
0.3992
0.3795
0.3672
0.3685
0.3694
0.3698
0.375
0.5887
0.4137
0.4143
0.3649
0.3763
0.38
0.3818
0.3792
0.385
0.389
0.3852
0.4034
0.3786
0.3661
0.3753
0.3819
0.3757
0.5325
0.4924
0.4539
0.4993
0.4456
0.3939
0.6287
0.562
0.5474
0.5322
0.5267
0.4847
0.4318
0.4309
0.3725
0.3727
0.3724
0.3757
0.4096
0.3668
0.3823
0.3744
0.3714
0.3691
0.3662
0.3699
0.3687
0.3707
0.3697
0.3689
0.3782
0.3853
0.377
0.3736
0.3694
0.3656
0.3727
0.3772
0.379
0.382
0.3929
0.3888
0.3955
0.4121
0.3756
0.3779
0.3808
0.3812
0.3913
0.3798
0.368
0.3717
0.3548
0.3736
0.387
0.4909
0.4947
0.4362
0.3983
0.3871
0.3796
0.3745
0.3762
0.3918
0.3908
0.3934
0.4316
0.4177
0.4042
0.4058
0.4066
0.4201
0.4113
0.4005
0.3705
0.3672
0.3651
0.3611
0.3627
0.3636
0.3627
0.3728
0.3659
0.3657
0.3698
0.3568
0.3746
0.3738
0.3763
0.3676
0.3711
0.3743
0.3706
0.372
0.3795
0.3755
0.3809
0.4025
0.3796
0.3742
0.3655
0.3617
0.3741
0.3769
0.3758
0.3825
0.3862
0.3977
0.4256
0.3841
0.379
0.3878
0.3859
0.3871
0.4091
0.4118
0.4158
0.4175
0.3695
0.4489
0.3888
0.3812
0.3818
0.3789
0.3759
0.3782
0.3775
0.3707
0.3723
0.3759
0.3832
0.3987
0.4058
0.4025
0.3992
0.4057
0.3861
0.3774
0.3842
0.3847
0.3924
0.4107
0.4133
0.4044
0.4031
0.4005
0.3731
0.3739
0.3947
0.3702
0.3824
0.369
0.3781
0.3909
0.4012
0.4118
0.4106
0.4066
0.4016
0.3885
0.389
0.414
0.4983
0.3893
0.4669
0.4207
0.3813
0.3717
0.3706
0.3742
0.3757
0.3667
0.3709
0.3652
0.3651
0.3871
0.3989
0.3837
0.4819
0.3926
0.3839
0.3852
0.3832
0.3814
0.3588
0.3719
0.4149
0.3917
0.3725
0.3748
0.3771
0.3741

