--------------------------
CreateVideoDecoder_D3D11_1
--------------------------
22.4221
18.6723
16.1751

---------------------------
DestroyVideoDecoder_D3D11_1
---------------------------
13.5208
14.0879
0

----------------
First Frame Time
----------------
0

----------------------------
VideoDecoderEndFrame_D3D11_1
----------------------------
0.0038
0.0034
0.0042
0.0035
0.0042
0.0027
0.0036
0.0026
0.0032
0.0053
0.0025
0.0025
0.0026
0.0071
0.0032
0.003
0.0029
0.002
0.0028
0.0051
0.0024
0.0028
0.003
0.0032
0.0033
0.0024
0.0026
0.0027
0.0063
0.0035
0.0031
0.0038
0.0027
0.002
0.0015
0.003
0.0027
0.0023
0.0027
0.003
0.0029
0.0024
0.0056
0.0036
0.0032
0.0035
0.0033
0.0025
0.0025
0.003
0.0023
0.0025
0.0026
0.0029
0.003
0.0025
0.0032
0.0025
0.0025
0.0031
0.0028
0.0017
0.0019
0.0067
0.0032
0.0035
0.003
0.0024
0.003
0.0016
0.002
0.0022
0.0028
0.0036
0.0027
0.0027
0.0024
0.0022
0.0021
0.0018
0.0028
0.003
0.0025
0.0035
0.0031
0.0025
0.0032
0.0031
0.0037
0.003
0.0031
0.0027
0.0029
0.0026
0.006
0.0027
0.0026
0.0027
0.0035
0.0021
0.0022
0.0024
0.0017
0.002
0.0021
0.0023
0.0031
0.0029
0.0031
0.0025
0.0026
0.0024
0.0028
0.0033
0.0024
0.002
0.0024
0.0018
0.0029
0.003
0.0027
0.0036
0.0034
0.0032
0.003
0.0025
0.0029
0.0033
0.0025
0.0025
0.0033
0.0026
0.0032
0.0031
0.0028
0.0023
0.0026
0.0027
0.0026
0.0026
0.0027
0.0066
0.0031
0.0029
0.0029
0.003
0.002
0.0023
0.0027
0.0025
0.0019
0.003
0.0021
0.002
0.0022
0.002
0.0025
0.0032
0.0026
0.0025
0.0025
0.003
0.0039
0.0031
0.0028
0.0024
0.0021
0.003
0.0026
0.002
0.002
0.0024
0.0018
0.0016
0.0018
0.0029
0.0029
0.0027
0.0034
0.0027
0.0026
0.0025
0.0025
0.0024
0.0027
0.0025
0.0029
0.003
0.0025
0.0023
0.0026
0.0029
0.0024
0.0032
0.0023
0.0019
0.0021
0.0033
0.0026
0.0029
0.0024
0.0029
0.0028
0.0025
0.0028
0.0033
0.0026
0.0028
0.0024
0.0027
0.0029
0.0073
0.0029
0.0028
0.0028
0.0035
0.0027
0.0027
0.0029
0.0032
0.003
0.0032
0.0027
0.002
0.0018
0.0016
0.003
0.0028
0.0033
0.0034
0.0033
0.003
0.0031
0.003
0.0034
0.0024
0.0022
0.0026
0.0022
0.0026
0.0022
0.0026
0.0034
0.0026
0.0035
0.0027
0.0028
0.0029
0.0029
0.0026
0.0029
0.0028
0.0031
0.0031
0.0028
0.0024
0.0035
0.003
0.0032
0.0032
0.0027
0.0028
0.0024
0.0026
0.0029
0.0026
0.0027
0.0037
0.0029
0.0034
0.0026
0.0025
0.0025
0.0026
0.0016
0.0029
0.0028
0.0026
0.003
0.0028
0.0028
0.003
0.0023
0.0026
0.0029
0.0023
0.0022
0.0022
0.0028
0.0023
0.0021
0.0026
0.0032
0.0029
0.0028
0.003
0.0028
0.0032
0.0032
0.0028
0.0024
0.0028
0.0029
0.0026
0.0028
0.0029
0.0028
0.0032
0.0026
0.0026
0.0028
0.0029
0.0019
0.0029
0.0019
0.0027
0.0305
0.0029
0.0027
0.0031
0.003
0.0025
0.0031
0.0027
0.0027
0.0027
0.0034
0.0027
0.0027
0.0028
0.0025
0.0028
0.0021
0.0027
0.0035
0.0033
0.0029
0.0025
0.0028
0.0025
0.0028
0.0024
0.0026
0.0033
0.002
0.0037
0.0034
0.0022
0.004
0.0028
0.0031
0.0032
0.0023
0.0021
0.0025
0.0018
0.0025
0.0027
0.003
0.0023
0.0017
0.0027
0.0028
0.0024
0.0024
0.0025
0.0027
0.0028
0.0029
0.0027
0.003
0.0022
0.0035
0.0033
0.0038
0.0029
0.0025
0.0021
0.0027
0.0033
0.0032
0.0028
0.0028
0.0023
0.0034
0.0033
0.0024
0.002
0.0028
0.0029
0.0021
0.0025
0.0025
0.0026
0.0023
0.002
0.0027
0.0029
0.003
0.0035
0.0026
0.0023
0.003
0.003
0.0026
0.004
0.0033
0.0033
0.0029
0.0024
0.0032
0.0027
0.0026
0.003
0.0026
0.0034
0.0029
0.0029
0.003
0.0028
0.0025
0.0033
0.0023
0.0035
0.0031
0.0027
0.0029
0.0029
0.0028
0.0028
0.0024
0.0025
0.0028
0.0031
0.0028
0.0033
0.0029
0.0026
0.003
0.0029
0.0025
0.0025
0.0023
0.0018
0.003
0.0024
0.0024
0.0035
0.0025
0.0035
0.0032
0.003
0.0021
0.0038
0.0031
0.0027
0.0027
0.0024
0.0029
0.0027
0.0026
0.0026
0.0025
0.0029
0.0025
0.0021
0.0021
0.0025
0.0024
0.0028
0.0027
0.0031
0.0026
0.0018
0.0274
0.0028
0.0032
0.003
0.0028
0.003
0.0024
0.0025
0.0037
0.0021
0.003
0.0023
0.0026
0.0018
0.0029
0.003
0.0027
0.0018
0.003
0.0028
0.002
0.0019
0.0026
0.0031
0.0036
0.0033
0.0025
0.0027
0.0026
0.0025
0.0022
0.0021
0.0018
0.0036
0.0024
0.0027
0.0031
0.0026
0.0033
0.0033
0.0034
0.0031
0.0024
0.0029
0.0025
0.0025
0.0037
0.0028
0.0023
0.0028
0.0024
0.0029
0.0021
0.0018
0.0023
0.0018
0.0019
0.0031
0.0027
0.0027
0.0025
0.0027
0.0025
0.0034
0.0028
0.0026
0.0026
0.0027
0.003
0.0024
0.0028
0.0029
0.002
0.0029
0.0034
0.0024
0.0029
0.0027
0.0033
0.0029
0.0024
0.0027
0.0028
0.003
0.0027
0.0034
0.003
0.0027
0.0024
0.0032
0.0025
0.0025
0.0029
0.0024
0.003
0.003
0.0024
0.0024
0.0037
0.0028
0.0031
0.0028
0.0026
0.0026
0.0027
0.0029
0.0034
0.0027
0.0029
0.0034
0.0023
0.0031
0.0025
0.0035
0.0034
0.0028
0.0026
0.0027
0.0027
0.0033
0.0025
0.0028
0.0031
0.0031
0.0027
0.0026

