--------------------------
CreateVideoDecoder_D3D11_1
--------------------------
22.2213
21.3405
16.8737

---------------------------
DestroyVideoDecoder_D3D11_1
---------------------------
13.6704
13.3478
0

----------------
First Frame Time
----------------
0

----------------------------
VideoDecoderEndFrame_D3D11_1
----------------------------
0.003
0.0026
0.0026
0.0026
0.0026
0.0025
0.003
0.0021
0.0023
0.0023
0.0018
0.0023
0.0014
0.0034
0.0013
0.0026
0.0025
0.0023
0.0026
0.0054
0.0019
0.0015
0.0015
0.0016
0.0021
0.0019
0.0018
0.0017
0.0047
0.0019
0.0018
0.0013
0.0027
0.0029
0.0036
0.0023
0.0026
0.0025
0.0031
0.0032
0.0029
0.0019
0.0044
0.0017
0.0022
0.0026
0.0021
0.0024
0.0027
0.0023
0.0024
0.0027
0.0022
0.0024
0.0026
0.0029
0.0024
0.0024
0.0025
0.0024
0.0023
0.0015
0.0014
0.004
0.0016
0.0025
0.0022
0.0023
0.0025
0.0023
0.0024
0.0021
0.0019
0.0016
0.0017
0.0026
0.0024
0.0027
0.0033
0.0023
0.0027
0.0028
0.0027
0.0024
0.0029
0.0035
0.0023
0.0025
0.0023
0.0024
0.0023
0.0024
0.0027
0.0022
0.0056
0.0024
0.0025
0.0028
0.0024
0.0024
0.0028
0.0024
0.0026
0.0021
0.0024
0.0024
0.0025
0.0031
0.0025
0.0022
0.0024
0.0025
0.0022
0.0025
0.0023
0.0023
0.0025
0.0027
0.0027
0.0028
0.0021
0.0024
0.003
0.0024
0.0029
0.0019
0.0018
0.0017
0.0017
0.0029
0.0025
0.0027
0.0024
0.0024
0.0025
0.0023
0.0025
0.0024
0.0022
0.0025
0.0026
0.0062
0.0023
0.0024
0.0024
0.0024
0.0024
0.0029
0.0026
0.0025
0.0026
0.0025
0.0024
0.0022
0.0023
0.0027
0.0028
0.0023
0.0023
0.0023
0.0022
0.0026
0.0032
0.0025
0.0024
0.0023
0.0023
0.0027
0.0022
0.0023
0.0025
0.0021
0.0029
0.0026
0.0023
0.0024
0.0027
0.0025
0.002
0.0024
0.0025
0.0023
0.0023
0.0024
0.0023
0.0024
0.0024
0.0022
0.0025
0.0024
0.0023
0.003
0.0024
0.0028
0.0024
0.0025
0.0022
0.0025
0.0024
0.0023
0.0025
0.0025
0.0023
0.0028
0.0023
0.0025
0.0025
0.0022
0.0028
0.0025
0.0029
0.0059
0.0023
0.0024
0.0022
0.0027
0.0024
0.0022
0.0024
0.0024
0.0024
0.0026
0.0027
0.0022
0.0024
0.0025
0.0024
0.0026
0.0024
0.0023
0.0027
0.0024
0.0024
0.0024
0.0029
0.0023
0.0026
0.0025
0.0024
0.0025
0.0024
0.0023
0.0024
0.0026
0.0021
0.0022
0.0024
0.0019
0.0024
0.0022
0.0022
0.0023
0.0024
0.0023
0.0024
0.0023
0.0023
0.0023
0.0024
0.0023
0.0023
0.0028
0.0022
0.0024
0.0026
0.0025
0.0023
0.0022
0.0022
0.0025
0.0026
0.0022
0.0023
0.0026
0.0024
0.0024
0.0025
0.0024
0.0023
0.0023
0.0022
0.0021
0.0024
0.0023
0.0023
0.0026
0.0022
0.0022
0.0024
0.002
0.0021
0.0026
0.0026
0.0026
0.0022
0.0022
0.0027
0.0026
0.0026
0.0024
0.0024
0.0023
0.0031
0.0022
0.0022
0.0029
0.0023
0.0027
0.0023
0.0024
0.0024
0.0026
0.0023
0.0023
0.0024
0.0024
0.0287
0.0025
0.0026
0.0015
0.0014
0.0021
0.0016
0.0027
0.002
0.0016
0.0016
0.0016
0.0023
0.0027
0.0029
0.002
0.0018
0.002
0.0016
0.0013
0.0021
0.0015
0.0024
0.0015
0.0015
0.0013
0.0022
0.002
0.0022
0.0021
0.0018
0.0015
0.0015
0.002
0.0016
0.0014
0.0015
0.0012
0.0015
0.0016
0.0018
0.0022
0.0017
0.0013
0.0016
0.0025
0.0029
0.0023
0.0028
0.0027
0.0031
0.0022
0.0024
0.0023
0.0023
0.0025
0.0029
0.0023
0.0025
0.0022
0.0024
0.0025
0.0024
0.0022
0.0025
0.0024
0.0023
0.0024
0.003
0.0024
0.0023
0.0029
0.0023
0.0024
0.0023
0.0023
0.0026
0.0026
0.0024
0.0024
0.0023
0.0022
0.0023
0.0024
0.0021
0.0028
0.0023
0.0022
0.0029
0.0024
0.0024
0.0023
0.0025
0.0025
0.0016
0.0015
0.0014
0.0024
0.0015
0.0017
0.0015
0.0015
0.0014
0.0014
0.0015
0.0023
0.0022
0.0024
0.0024
0.003
0.0024
0.0027
0.0024
0.0026
0.0023
0.0034
0.0023
0.0023
0.0024
0.0028
0.0024
0.0026
0.0022
0.0029
0.0025
0.0026
0.0025
0.0024
0.0014
0.0017
0.0024
0.0032
0.0023
0.0026
0.0023
0.0022
0.0016
0.0021
0.0019
0.0022
0.0018
0.0022
0.0024
0.0025
0.0024
0.0024
0.0024
0.0024
0.0025
0.0024
0.0027
0.0026
0.0025
0.0024
0.0026
0.0022
0.0024
0.0024
0.0305
0.0025
0.0024
0.0027
0.0027
0.0024
0.0024
0.0029
0.0025
0.0024
0.0024
0.0025
0.0024
0.0024
0.0024
0.0021
0.0022
0.0025
0.0027
0.0023
0.0025
0.0022
0.0029
0.0024
0.0023
0.0022
0.0026
0.0025
0.0017
0.0021
0.0015
0.0012
0.0025
0.0024
0.0022
0.0022
0.0024
0.002
0.0023
0.0021
0.0017
0.0023
0.0021
0.0023
0.0025
0.0023
0.0023
0.0024
0.0023
0.0023
0.0025
0.0024
0.0023
0.0023
0.0024
0.0022
0.0022
0.0023
0.0025
0.0026
0.0022
0.0024
0.0024
0.0023
0.0024
0.0025
0.0025
0.0022
0.0023
0.0023
0.0023
0.0024
0.0027
0.0023
0.0023
0.0023
0.0025
0.0025
0.0024
0.0022
0.0023
0.0028
0.0021
0.0027
0.0026
0.0027
0.0025
0.0022
0.0024
0.0027
0.0025
0.0023
0.0024
0.0023
0.0022
0.0027
0.0024
0.0025
0.0027
0.0024
0.0021
0.0025
0.0025
0.0028
0.0031
0.0023
0.0023
0.0022
0.0024
0.0017
0.0018
0.0021
0.0016
0.0017
0.0013
0.0021
0.0015
0.0015
0.0013
0.0028
0.0022
0.0026
0.0021
0.0024
0.0027
0.0024

