---------------------------------------------
CalcPrivateVideoDecoderOutputViewSize_D3D11_1
---------------------------------------------
0.0018
0.0023
0.0014
0.0014
0.0014
0.001
0.0013
0.0008
0.0006
0.0012
0.0007
0.0008
0.0007
0.0017
0.0006
0.0018
0.0012
0.0012
0.001
0.0022
0.0009
0.0007
0.0011
0.0007
0.0006
0.0005
0.0007
0.0006
0.0015
0.0009
0.0007
0.0006
0.0007
0.0006
0.0009
0.0006
0.0007
0.0006
0.0007
0.0007
0.0005
0.0011
0.003
0.002
0.0009
0.0009
0.0007
0.0006
0.0007
0.0007
0.0007
0.0008
0.0006
0.0006
0.0007
0.0008
0.0006
0.0007
0.0015
0.0009
0.0006
0.0006
0.0006
0.0017
0.0008
0.0007
0.0009
0.0006
0.0007
0.0006
0.0006
0.0006
0.0006
0.0006
0.0006
0.0006
0.0006
0.0006
0.0006
0.0007
0.0006
0.0007
0.0006
0.0006
0.0006
0.0007
0.0009
0.0007
0.0006
0.0006
0.0007
0.0009
0.0007
0.0008
0.0017
0.0007
0.0006
0.0007
0.0006
0.0007
0.0007
0.0008
0.001
0.0014
0.001
0.001
0.0011
0.001
0.0008
0.0011
0.0009
0.0009
0.001
0.0006
0.0008
0.0007
0.0009
0.0008
0.0008
0.0007
0.0007
0.0007
0.0009
0.0009
0.0008
0.0007
0.0008
0.0008
0.0009
0.0011

-----------------------
CodechalDecode::Execute
-----------------------
6.8113
14.2757
17.4892
16.7948
0.6964
0.7132
0.6426
0.6283
0.5137
0.5361
0.503
0.5724
0.5528
0.5056
0.5566
0.6259
2.6685
3.8843
0.5192
0.4931
0.5129
0.5123
0.5063
0.4991
0.3896
0.3871
0.3854
0.3887
0.3982
0.4027
0.3648
0.3659
0.3794
0.3747
0.3771
0.3838
0.4084
0.4105
0.4135
0.4127
0.4309
0.3814
0.4418
0.4738
0.3821
0.3713
0.3767
0.3966
0.3943
0.4104
0.3945
0.3961
0.3959
0.4141
0.4059
0.3942
0.3918
0.3962
0.4583
0.4152
0.393
0.3943
0.3998
0.3971
0.3961
0.3893
0.3728
0.3616
0.3714
0.3682
0.3743
0.3784
0.3908
0.3996
0.3828
0.3803
0.377
0.3856
0.3946
0.4042
0.4098
0.4046
0.3941
0.394
0.3945
0.3628
0.3718
0.3669
0.366
0.363
0.365
0.3666
0.381
0.3671
0.3639
0.3627
0.3593
0.3659
0.3648
0.3688
0.3653
2.9821
3.1028
3.1571
0.407
2.8278
0.3996
0.3906
0.3851
0.4016
0.4037
0.416
0.3833
0.3775
0.3837
0.3829
0.3885
0.4565
0.3915
0.3989
0.3882
0.3888
0.3905
0.389
0.3964
0.3923
0.3897
0.3879
0.3936
0.3882

---------------------------------------
CodechalDecodeHevcG12::DecodeStateLevel
---------------------------------------
0.4772
5.1686
0.4747
1.7801
5.5117
7.3471
4.0754
4.914
0.2521
0.2181
0.2137
0.2304
0.2146
0.2091
0.2267
0.2064
0.1948
0.1972
0.2156
0.1998
0.1952
0.1881
0.2605
0.1913
0.2236
0.169
0.1939
0.159
0.195
0.1811
0.2529
0.1828
0.2256
2.0189
0.2276
3.2887
0.2179
0.1581
0.1942
0.1617
0.1961
0.1754
0.2067
0.1617
0.1926
0.1752
0.2011
0.1574
0.1524
0.12
0.1492
0.1188
0.1487
0.121
0.15
0.1216
0.1589
0.1199
0.1574
0.1178
0.1386
0.1159
0.1384
0.1182
0.1529
0.1174
0.144
0.1178
0.1442
0.1182
0.1469
0.1192
0.1511
0.1305
0.1589
0.1262
0.1588
0.1259
0.1609
0.1248
0.1725
0.1334
0.1445
0.1176
0.1674
0.1267
0.1908
0.1255
0.145
0.1199
0.1424
0.117
0.1459
0.1175
0.1627
0.1196
0.1545
0.1233
0.1629
0.1285
0.1544
0.122
0.1538
0.1237
0.1553
0.1219
0.1629
0.1249
0.1602
0.1236
0.1538
0.1223
0.1535
0.1217
0.1466
0.1184
0.1856
0.1241
0.1675
0.1199
0.158
0.1191
0.155
0.1221
0.1527
0.1256
0.1553
0.1212
0.1539
0.124
0.1536
0.1195
0.1426
0.1155
0.1384
0.1155
0.143
0.1146
0.1395
0.1176
0.1426
0.1197
0.1456
0.1177
0.153
0.1222
0.154
0.1225
0.1489
0.1185
0.1474
0.1213
0.1467
0.1192
0.1524
0.1202
0.152
0.1209
0.1586
0.1235
0.1607
0.125
0.1585
0.1227
0.1537
0.1212
0.1535
0.1221
0.1541
0.1223
0.1409
0.1164
0.1434
0.117
0.1424
0.1175
0.1423
0.1176
0.1395
0.1166
0.1418
0.1167
0.1408
0.1146
0.1586
0.1139
0.1412
0.1153
0.14
0.1154
0.1397
0.1149
0.1386
0.1157
0.1416
0.1168
0.1424
0.1169
0.1428
0.1184
0.1432
0.1163
0.1834
2.3732
0.1787
2.4459
0.1769
2.5899
0.1579
0.1244
0.162
2.4068
0.1514
0.1214
0.1481
0.1198
0.1462
0.1225
0.1521
0.1235
0.1555
0.1221
0.162
0.1248
0.1464
0.1169
0.1447
0.1171
0.1451
0.1191
0.1443
0.1207
0.1502
0.12
0.199
0.1302
0.1503
0.1195
0.1503
0.1201
0.1501
0.1204
0.1506
0.121
0.151
0.1226
0.1509
0.1188
0.1517
0.1244
0.1526
0.1208
0.1509
0.1206
0.1499
0.1195
0.1506
0.1237
0.1495
0.1198

-------------------------------------
CodechalDecodeHevcG12::SetFrameStates
-------------------------------------
0.9221
11.8486
4.4472
7.6634
0.1133
0.165
0.12
0.0942
0.0335
0.032
0.031
0.0308
0.036
0.0347
0.0313
0.0404
0.2801
0.2364
0.0378
0.037
0.035
0.0359
0.0348
0.033
0.0333
0.0326
0.0325
0.0328
0.0334
0.0366
0.0311
0.0299
0.0304
0.0317
0.0321
0.0325
0.033
0.0335
0.0357
0.0349
0.0344
0.0328
0.0455
0.0429
0.0338
0.0323
0.032
0.0325
0.0331
0.0334
0.0342
0.034
0.0332
0.0353
0.0346
0.0339
0.033
0.0472
0.0411
0.0347
0.0332
0.0329
0.034
0.0345
0.0328
0.0331
0.0331
0.0316
0.0311
0.0312
0.0319
0.0333
0.0321
0.0335
0.0362
0.032
0.0315
0.0322
0.0332
0.0346
0.0357
0.0346
0.0335
0.0334
0.0338
0.0305
0.0315
0.031
0.0306
0.0315
0.0316
0.0316
0.0305
0.031
0.0322
0.0317
0.0309
0.0305
0.0305
0.032
0.0305
0.313
0.3663
0.2787
0.0384
0.1571
0.0378
0.0351
0.0319
0.0342
0.0345
0.0353
0.0331
0.0321
0.0323
0.0323
0.0326
0.0341
0.0331
0.0408
0.0327
0.0324
0.0323
0.0335
0.0326
0.0327
0.0325
0.0325
0.032
0.0326

--------------------------
CreateVideoDecoder_D3D11_1
--------------------------
18.9782

---------------------------
DestroyVideoDecoder_D3D11_1
---------------------------
0

----------------
First Frame Time
----------------
65.7004

--------------------------------------
VideoDecoderBeginFrame_WDDM2_4_D3D11_1
--------------------------------------
0.0074
0.0045
0.0035
0.0032
0.0027
0.002
0.0019
0.0024
0.0016
0.0019
0.0016
0.0016
0.0016
0.0024
0.0016
0.0027
0.003
0.0032
0.0024
0.0028
0.002
0.0017
0.002
0.0017
0.0017
0.0016
0.002
0.0016
0.0025
0.0019
0.0016
0.0016
0.0016
0.0016
0.0016
0.0015
0.0016
0.0016
0.0017
0.0017
0.0017
0.0021
0.012
0.0032
0.0022
0.0018
0.0019
0.0018
0.0017
0.0016
0.0017
0.0016
0.0016
0.0018
0.0018
0.0017
0.0017
0.0017
0.0026
0.0023
0.0017
0.0017
0.0017
0.0027
0.0018
0.0016
0.0019
0.0015
0.0016
0.0017
0.0016
0.0016
0.0016
0.0016
0.0018
0.0017
0.0016
0.0016
0.0016
0.0019
0.0018
0.0017
0.0016
0.0017
0.0018
0.0015
0.0017
0.0015
0.0015
0.0016
0.0015
0.0019
0.0016
0.0016
0.0028
0.0017
0.0016
0.0015
0.0015
0.0016
0.0016
0.0017
0.0024
0.0028
0.0024
0.0021
0.0023
0.0019
0.0017
0.0018
0.0018
0.0017
0.002
0.0016
0.0017
0.0018
0.0016
0.0016
0.0017
0.0017
0.0017
0.002
0.0016
0.0017
0.0017
0.0016
0.0016
0.0016
0.0016
0.0018

----------------------------
VideoDecoderEndFrame_D3D11_1
----------------------------
0.0374
0.0621
0.0877
0.0695
0.0646
0.0581
0.0634
0.0627
0.0614
0.0636
0.0624
0.0582
0.0548
0.0611
0.0599
0.0608
0.0687
0.0651
0.0574
0.0577
0.0568
0.057
0.0586
0.0579
0.0552
0.0557
0.0544
0.0576
0.0712
0.0552
0.0532
0.0531
0.0531
0.0535
0.0542
0.0551
0.0552
0.0683
0.0553
0.0564
0.0587
0.0528
0.066
0.0593
0.0562
0.0552
0.0533
0.0545
0.0561
0.0566
0.0577
0.0572
0.0558
0.0579
0.0559
0.0565
0.0535
0.0569
0.0574
0.054
0.0542
0.0553
0.0952
0.0643
0.0558
0.0536
0.0531
0.0538
0.054
0.0532
0.0534
0.0535
0.0571
0.057
0.0533
0.0532
0.0548
0.0544
0.0556
0.0564
0.0585
0.0571
0.0557
0.055
0.0544
0.0511
0.053
0.0521
0.0534
0.0518
0.0509
0.0512
0.0502
0.0507
0.0552
0.0525
0.0534
0.0514
0.0499
0.0514
0.0528
0.058
0.0582
0.0587
0.058
0.0839
0.0535
0.0565
0.0552
0.0567
0.0558
0.0593
0.0546
0.0528
0.0554
0.0555
0.0544
0.0587
0.0569
0.0544
0.0571
0.0546
0.0569
0.0542
0.0573
0.0538
0.0559
0.0554
0.056
0.0547

---------------------------------
VideoDecoderSubmitBuffers_D3D11_1
---------------------------------
6.913
14.3064
17.5204
16.8167
0.7143
0.7272
0.6562
0.6412
0.526
0.5493
0.5158
0.5851
0.5666
0.5201
0.5706
0.649
2.6931
3.9057
0.5375
0.5092
0.5283
0.5276
0.5223
0.5125
0.4036
0.4004
0.399
0.4021
0.4124
0.4177
0.3778
0.3787
0.3921
0.3875
0.3902
0.3976
0.4217
0.424
0.4286
0.4277
0.4453
0.3965
0.4625
0.4981
0.3975
0.385
0.3907
0.4105
0.4084
0.4243
0.4089
0.4099
0.41
0.4288
0.42
0.408
0.4052
0.41
0.4795
0.4331
0.4067
0.4078
0.4145
0.4127
0.4103
0.4031
0.3878
0.3745
0.3851
0.3813
0.3876
0.3923
0.4045
0.4138
0.4032
0.3937
0.3904
0.3986
0.4081
0.4188
0.4241
0.42
0.4093
0.4078
0.4093
0.3755
0.3866
0.3796
0.3791
0.3755
0.3777
0.3821
0.3941
0.3813
0.3783
0.3761
0.3723
0.3787
0.3778
0.3816
0.3782
2.9981
3.1214
3.1782
0.4253
2.8457
0.4165
0.4057
0.3992
0.4183
0.4197
0.431
0.3988
0.3919
0.3969
0.3964
0.4018
0.4712
0.406
0.4129
0.4022
0.4033
0.4044
0.4034
0.4101
0.4063
0.403
0.4015
0.4072
0.402

