--------------------------
CreateVideoDecoder_D3D11_1
--------------------------
19.3999
17.516
14.1579

---------------------------
DestroyVideoDecoder_D3D11_1
---------------------------
13.4033
13.1787
0

----------------
First Frame Time
----------------
0

----------------------------
VideoDecoderEndFrame_D3D11_1
----------------------------
0.0033
0.0023
0.0025
0.0027
0.0028
0.0021
0.0022
0.0019
0.0021
0.0022
0.0021
0.0015
0.0012
0.0041
0.0016
0.0013
0.0012
0.0019
0.0011
0.0038
0.0018
0.0022
0.0019
0.0018
0.0019
0.0017
0.0021
0.0018
0.0038
0.0018
0.0018
0.0018
0.0022
0.0018
0.0018
0.0018
0.0018
0.002
0.0019
0.0018
0.0019
0.0019
0.0037
0.002
0.0018
0.0018
0.0018
0.0018
0.0025
0.0019
0.002
0.0018
0.0018
0.0019
0.0019
0.0018
0.0018
0.0019
0.0018
0.0021
0.0018
0.002
0.0018
0.0038
0.0021
0.0018
0.0018
0.0018
0.0019
0.0017
0.002
0.0018
0.0018
0.0018
0.0018
0.0023
0.0019
0.0018
0.0018
0.0018
0.0021
0.0021
0.0018
0.0019
0.0019
0.0018
0.0022
0.0017
0.0019
0.0017
0.0018
0.0028
0.0027
0.004
0.0059
0.0027
0.0023
0.0028
0.0029
0.002
0.0023
0.0021
0.0031
0.0024
0.0019
0.0017
0.002
0.0025
0.0025
0.0029
0.0021
0.0021
0.0019
0.0022
0.002
0.0018
0.0019
0.0018
0.0021
0.0018
0.0018
0.0018
0.0019
0.0018
0.002
0.0025
0.0019
0.0019
0.0018
0.002
0.0018
0.0019
0.0018
0.0019
0.0022
0.0018
0.0018
0.0018
0.0018
0.0018
0.0022
0.0039
0.0018
0.0019
0.0019
0.0021
0.0018
0.0018
0.0018
0.0018
0.0018
0.002
0.0018
0.0018
0.0018
0.0018
0.0026
0.0017
0.0018
0.0018
0.0017
0.002
0.0018
0.0019
0.0019
0.0018
0.0017
0.002
0.0022
0.0022
0.002
0.0019
0.002
0.0029
0.0019
0.0021
0.0022
0.0022
0.0019
0.0018
0.0019
0.0018
0.0018
0.002
0.0019
0.0018
0.0018
0.0018
0.002
0.0018
0.0027
0.0023
0.0023
0.0019
0.002
0.002
0.0031
0.0028
0.0021
0.0022
0.0019
0.0017
0.0021
0.0022
0.0023
0.0023
0.0018
0.0019
0.0018
0.0018
0.0021
0.0134
0.0024
0.0018
0.0018
0.002
0.0019
0.0018
0.0019
0.0018
0.0018
0.002
0.0018
0.0018
0.0018
0.0018
0.0021
0.0019
0.0018
0.0018
0.0018
0.0021
0.0018
0.0018
0.0019
0.0019
0.0019
0.0021
0.0019
0.0018
0.0018
0.0018
0.0023
0.0019
0.0018
0.0017
0.0018
0.0018
0.0021
0.0019
0.002
0.0018
0.0019
0.0021
0.0019
0.0018
0.0018
0.0018
0.0024
0.0017
0.0018
0.0018
0.0018
0.0018
0.0021
0.0029
0.0018
0.0018
0.002
0.002
0.0018
0.0018
0.0018
0.0019
0.0019
0.0021
0.0018
0.0018
0.0018
0.0018
0.0025
0.0021
0.002
0.0018
0.0019
0.002
0.0022
0.0019
0.002
0.0018
0.0021
0.0023
0.0019
0.0019
0.002
0.0019
0.0024
0.0021
0.0018
0.0019
0.0023
0.0017
0.0024
0.0032
0.0019
0.0021
0.0025
0.0023
0.002
0.002
0.0019
0.0018
0.0024
0.0021
0.0019
0.0027
0.02
0.0017
0.0026
0.0019
0.002
0.0024
0.0018
0.0024
0.0088
0.0019
0.0019
0.0022
0.0021
0.002
0.0022
0.002
0.0019
0.0021
0.0023
0.0019
0.0023
0.0017
0.0018
0.0021
0.0019
0.0019
0.0023
0.0025
0.0023
0.0027
0.0017
0.0015
0.0025
0.0021
0.0024
0.0023
0.0021
0.002
0.0024
0.0023
0.0021
0.0024
0.0023
0.0022
0.0019
0.0022
0.0023
0.0022
0.0022
0.0023
0.0031
0.0021
0.0022
0.0024
0.0024
0.0022
0.0026
0.0034
0.0019
0.0021
0.0024
0.0023
0.0023
0.0022
0.0019
0.0018
0.0028
0.0021
0.0021
0.0022
0.0018
0.0021
0.0026
0.0018
0.0018
0.0018
0.0019
0.0021
0.002
0.0018
0.0018
0.0019
0.0018
0.0021
0.0018
0.0018
0.0018
0.0018
0.0022
0.0018
0.0019
0.0017
0.0018
0.0023
0.0018
0.0018
0.0018
0.0018
0.0018
0.0019
0.0018
0.0018
0.0018
0.0017
0.002
0.0019
0.0018
0.0018
0.0018
0.0018
0.0021
0.0018
0.0018
0.0018
0.0019
0.0021
0.002
0.0018
0.0018
0.0018
0.002
0.0018
0.0018
0.0018
0.0019
0.0019
0.0023
0.0018
0.0018
0.0017
0.0019
0.0022
0.0018
0.0018
0.0018
0.0019
0.0018
0.002
0.0019
0.0018
0.0018
0.0018
0.0026
0.0022
0.0018
0.0018
0.0019
0.002
0.0018
0.0018
0.0018
0.0019
0.0017
0.002
0.0018
0.0018
0.0019
0.0018
0.0213
0.0018
0.0019
0.0018
0.0019
0.0018
0.0021
0.0018
0.0018
0.0018
0.0018
0.0022
0.0019
0.0018
0.0079
0.0018
0.002
0.002
0.0018
0.0018
0.0018
0.0019
0.0023
0.0017
0.0018
0.002
0.0018
0.002
0.0018
0.0018
0.0018
0.0017
0.0019
0.0024
0.0018
0.0019
0.0018
0.0018
0.0024
0.0024
0.002
0.0018
0.0019
0.002
0.0019
0.0019
0.0019
0.0018
0.0018
0.002
0.0018
0.0018
0.0018
0.0019
0.0022
0.0018
0.0019
0.0018
0.0018
0.0022
0.0018
0.0017
0.0018
0.0018
0.0019
0.0023
0.0018
0.0018
0.0018
0.0018
0.0022
0.0018
0.0017
0.0018
0.0018
0.0018
0.0027
0.002
0.0019
0.0018
0.0018
0.0024
0.0019
0.0022
0.0019
0.0019
0.0023
0.0029
0.0015
0.0022
0.0022
0.0018
0.0025
0.002
0.002
0.0018
0.0022
0.0022
0.002
0.0018
0.0019
0.002
0.0019
0.0021
0.0023
0.0019
0.0025
0.0019
0.0027
0.0022
0.0022
0.0021
0.0019
0.0023
0.0019
0.0019
0.0019
0.002
0.0022
0.0025
0.0019
0.0018
0.0019
0.0018
0.0022
0.0021

