---------------------------------------------
CalcPrivateVideoDecoderOutputViewSize_D3D11_1
---------------------------------------------
0.002
0.0012
0.0015
0.0014
0.0012
0.001
0.0012
0.0007
0.0014
0.0019
0.0018
0.001
0.0012
0.0016
0.001
0.0007
0.0018
0.0009
0.0009
0.0021
0.0009
0.0008
0.0011
0.0008
0.0018
0.0007
0.0006
0.0006
0.0016
0.0008
0.0009
0.0006
0.0015
0.0009
0.0011
0.0008
0.0007
0.0013
0.0007
0.0014
0.0009
0.0014
0.002
0.0015
0.0015
0.0012
0.0009
0.0011
0.0007
0.0008
0.0007
0.0009
0.0006
0.0007
0.0006
0.0008
0.0006
0.0008
0.0007
0.0008
0.0006
0.0014
0.0008
0.0025
0.0008
0.0009
0.001
0.0008
0.0008
0.0015
0.0009
0.001
0.0007
0.0008
0.0006
0.0008
0.0006
0.0008
0.0006
0.0008
0.0006
0.0008
0.0006
0.0007
0.0006
0.0007
0.0007
0.0008
0.0006
0.0007
0.0006
0.0008
0.0005
0.0008
0.0017
0.0009
0.0006
0.0007
0.0006
0.001
0.0009
0.0008
0.0008
0.0009
0.0007
0.0007
0.0007
0.0007
0.001
0.001
0.001
0.0011
0.0013
0.0009
0.0007
0.0009
0.0007
0.0008
0.0007
0.0007
0.0006
0.0008
0.0006
0.0012
0.0009
0.0007
0.0007
0.0014
0.001
0.0008
0.0016
0.001
0.0008
0.0015
0.0008
0.0013
0.0007
0.001
0.0012
0.0007
0.0006
0.0019
0.0007
0.0007
0.0006
0.0006
0.0007
0.0007
0.0008
0.0007
0.0007
0.0008
0.0006
0.0008
0.0006
0.0007
0.0006
0.0006
0.0006
0.0006
0.0006
0.0006
0.0007
0.0008
0.0009
0.0024
0.0018
0.0011
0.0008
0.0007
0.0008
0.0007
0.0007
0.0011
0.0006
0.0007
0.0007
0.0007
0.0007
0.0007
0.0007
0.0007
0.0006
0.0006
0.0006
0.0005
0.0009
0.0007
0.0006
0.0006
0.0006
0.0006
0.0006
0.0006
0.0006
0.0006
0.001
0.0006
0.0005
0.0006
0.0008
0.0005
0.0006
0.0006
0.0007
0.0005
0.0006
0.0005
0.0014
0.0014
0.0012
0.0036
0.0014
0.0012
0.0011
0.0012
0.0013
0.0011
0.0011
0.0009
0.0013
0.0011
0.0014
0.0021
0.0009
0.0012
0.0007
0.0007
0.0009
0.0009
0.0007
0.0009
0.0006
0.0009
0.0008
0.0006
0.0006
0.0005
0.0006
0.0006
0.0009
0.0006
0.001
0.0006
0.0007
0.0006
0.002
0.0014
0.0015
0.0017
0.0016
0.0009
0.0016
0.0008
0.0012
0.0012
0.0013
0.0012
0.0012
0.0011
0.0013
0.0011
0.0014
0.0013
0.0013
0.0008
0.0006
0.0007
0.0006
0.0006
0.0006
0.0007
0.0012
0.0012
0.0013
0.0007
0.001
0.0007
0.0008
0.0007
0.0008
0.0009
0.0012
0.0012
0.0011
0.0011
0.0008
0.0016
0.0012
0.0014
0.0014
0.0013
0.0014
0.0007
0.0007
0.0007
0.0006
0.0007
0.0005
0.0007
0.0009
0.0006
0.0007
0.0007
0.0007
0.0005
0.0005
0.0015
0.0012
0.0012
0.0012
0.0013
0.0009
0.0007
0.001
0.0012
0.0028
0.0007
0.0007
0.0015
0.0008
0.0006
0.0006
0.0006
0.0011
0.0012
0.0013
0.0017
0.0015
0.0009
0.0007
0.0007
0.0006
0.0008
0.0005
0.0006
0.0007
0.0006
0.0008
0.0006
0.0007
0.0006
0.0007
0.0006
0.0007
0.0006
0.0007
0.001
0.0014
0.0013
0.0012
0.0013
0.0006
0.0005
0.001
0.0008
0.001
0.0012
0.0012
0.0008
0.0009
0.0015
0.0012
0.0009
0.0007
0.0009
0.0013
0.0008
0.001
0.001
0.0007
0.0007
0.001
0.0007
0.0012
0.0008
0.0009
0.0016
0.0007
0.0008
0.0008
0.0014
0.0016
0.0013
0.0015
0.0014
0.0008
0.0012
0.0015
0.001
0.0008
0.0008
0.0011
0.0008
0.001
0.0006
0.0007
0.0007
0.0012
0.0013
0.0011
0.0008
0.0014
0.0009
0.0018
0.0011
0.0008
0.0011
0.0008
0.0011
0.0007
0.0014
0.0012
0.0014
0.0015
0.0015
0.001
0.0014
0.0015
0.001
0.001
0.0014
0.0014
0.0008
0.0007
0.0027
0.0012
0.0012
0.0012
0.0009
0.0008
0.0011
0.0018
0.001
0.0015
0.001
0.0015
0.0014
0.0009
0.0014
0.001
0.0007
0.0008
0.0015
0.0016
0.0008
0.0007
0.001
0.0007
0.0018
0.0008
0.0018
0.0015
0.001
0.0011
0.0009
0.0015
0.0024
0.0022
0.0009
0.0011
0.0009
0.0023
0.004
0.0015
0.001
0.001
0.0015
0.0009
0.001
0.0008
0.0008
0.0009
0.0007
0.0051
0.001
0.0009
0.0018
0.001
0.0007
0.0015
0.0009
0.0009
0.0008
0.0013
0.0008
0.0007
0.0007
0.0008
0.0006
0.0007
0.0006
0.0008
0.0007
0.0008
0.0013
0.0007
0.0007
0.0006
0.0006
0.0006
0.0006
0.0007
0.0006
0.0007
0.0007
0.0006
0.0009
0.0006
0.0006
0.0006
0.0006
0.0007
0.0006
0.0006
0.0006
0.0007
0.0006
0.0006
0.0013
0.0026
0.0019
0.0007
0.0007
0.0007
0.0007
0.0008
0.0007
0.0005
0.0007
0.0006
0.0009
0.0006
0.0006
0.0006
0.0007
0.0006
0.0015
0.0009
0.0008
0.0009
0.001
0.0006
0.0007
0.0007
0.0005
0.0006
0.0006
0.0006
0.0006
0.0006
0.0008
0.0006
0.0006
0.0007
0.0009
0.0006
0.0006
0.0006
0.0006
0.0006
0.0007
0.0006
0.0006
0.0009
0.0007
0.0006
0.0007
0.001
0.0006
0.0007
0.0005
0.0007
0.0006
0.0007
0.0006
0.001
0.0005
0.0006
0.0006
0.0007
0.0006
0.0008
0.0008
0.0006
0.0007
0.0007
0.0006
0.0006
0.0007
0.0007
0.0009
0.0007
0.0006
0.0006
0.0007
0.0006
0.0007
0.0006
0.0006

-----------------------
CodechalDecode::Execute
-----------------------
10.3999
7.8386
4.5417
14.1248
2.7532
4.0447
1.2576
1.0917
0.5509
0.9532
1.0017
0.9844
0.9296
0.997
0.925
0.7791
0.6842
2.5548
2.5355
2.228
2.8144
0.4572
1.8956
0.4594
0.3665
0.3591
0.3653
0.377
0.3686
0.3635
0.3647
1.0562
0.5911
0.3835
0.3732
0.3631
0.3632
0.3962
0.3672
0.4133
0.3715
0.4298
0.375
0.4057
0.4085
0.3761
0.3685
0.3729
0.3618
0.3668
0.3613
0.3673
0.358
0.3621
0.3592
0.3639
0.3614
0.3673
0.3605
0.3653
0.3589
0.4134
0.3743
0.3712
0.3367
0.3674
0.3694
0.3672
0.37
0.4158
0.3745
0.3731
0.3666
0.3664
0.3608
0.4311
0.3636
0.3686
0.3582
0.3648
0.3602
0.3647
0.3605
0.3668
0.3592
0.3639
0.3615
0.3678
0.3604
0.3675
0.369
0.3824
0.3552
0.3643
0.3574
0.3636
0.3558
0.4538
3.0591
0.3906
0.3883
0.3744
0.3766
0.3886
0.38
0.3803
1.0565
1.5715
0.3912
0.9669
2.4052
0.3981
1.6444
0.3713
0.3683
1.072
0.3628
0.3649
0.4486
0.5891
0.39
0.396
0.4007
0.4048
0.3868
0.3829
0.3971
0.4584
0.3911
0.3739
3.1927
0.387
0.3796
0.4784
0.4149
0.4606
0.3882
0.3794
0.3847
0.3668
0.3625
0.3741
0.3696
0.3713
0.3776
0.3828
0.3875
0.4117
0.4075
0.3888
0.3928
0.3854
0.3912
0.382
0.3714
0.3703
0.3779
0.418
0.4466
0.3595
0.3657
0.3694
0.3779
2.1995
0.4513
0.4333
0.5505
0.3784
0.3672
0.3653
0.3643
0.3646
0.3602
0.3799
0.3703
0.4066
0.4033
0.3966
0.3904
0.4072
0.3969
0.411
0.4004
0.4013
0.3947
0.3886
0.3938
0.3776
0.3706
0.3747
0.3755
0.3754
0.3923
0.3985
0.3885
0.3958
0.3599
0.3674
0.369
0.3731
0.3757
0.3888
0.384
0.383
0.3817
0.3867
0.379
0.4114
0.5872
0.5936
0.6049
0.6024
0.5645
0.5729
0.5811
0.5833
0.5776
0.579
0.5803
0.5787
0.5835
0.5532
0.3637
0.4493
0.3729
0.3738
0.3593
0.3607
0.3609
0.3441
0.3668
0.366
0.3689
0.3655
0.3678
0.362
0.3596
0.3645
0.3592
0.3654
0.3633
0.358
0.3646
0.3588
0.3589
0.3609
0.5877
0.5586
0.5534
0.5624
0.4314
0.3873
0.5516
0.3591
0.5443
0.5596
0.5584
0.5517
0.5533
0.5543
0.5502
0.5585
0.5149
0.5516
0.5573
0.3647
0.3533
0.3578
0.3601
0.358
0.3576
0.3563
0.5439
0.5522
0.5494
0.3608
0.3749
0.3596
0.3567
0.3569
0.367
0.3619
0.5517
0.5554
0.5521
0.5588
0.3623
0.5604
0.5567
0.5556
0.5411
0.5756
0.5672
0.3663
0.3622
0.3406
0.3594
0.3647
0.3624
0.355
0.3609
0.3553
0.3529
0.353
0.3575
0.3545
0.3543
0.5375
0.5541
0.5623
0.5626
0.5643
0.3673
0.3641
0.3682
0.5515
0.4127
0.368
0.3634
0.3638
0.3689
0.3607
0.3588
0.3566
0.5468
0.5504
0.5696
0.5676
0.5354
0.3714
0.3721
0.3736
0.357
0.3618
0.3593
0.3646
0.3624
0.3557
0.3589
0.3593
0.3597
0.3574
0.3614
0.3584
0.357
0.3692
0.3594
0.573
0.5592
0.557
0.5599
0.5589
0.3637
0.3685
0.3789
0.3596
2.0391
0.5633
0.4249
1.0182
2.035
0.581
0.3922
0.3713
0.377
0.387
0.407
0.3698
0.3789
0.392
0.3842
0.3737
0.4047
0.5427
0.431
0.5666
0.4193
0.4313
0.4
0.3993
0.5502
0.586
0.5757
0.5142
0.5556
0.5893
0.5007
0.5776
0.5761
0.3842
0.4377
0.3872
0.4175
0.3769
0.3648
0.3738
0.3793
0.3717
0.7921
0.6282
0.5452
0.3781
0.4357
0.3842
0.5743
0.3788
0.3819
0.5488
0.3807
0.4929
0.391
0.5816
0.4169
0.5838
0.5252
0.624
0.5164
0.7151
0.4705
0.4423
0.5522
0.4032
0.5218
0.3705
0.3612
0.5047
0.3868
0.363
0.3675
0.3712
0.3683
0.5641
0.6281
0.3836
0.5683
0.3718
0.5521
0.5705
0.3725
0.5641
0.3767
0.3746
0.3678
0.5816
0.4076
0.3715
0.3716
0.3902
0.3614
0.4379
0.3796
0.4332
0.5831
0.4233
0.4025
0.3962
0.5188
0.41
0.4459
0.4461
0.4111
0.379
0.6636
0.4608
0.5797
0.3832
0.3734
0.5618
0.3797
0.3677
0.3636
0.3885
0.3819
0.3881
0.6004
0.3995
0.5321
0.4309
0.3806
0.3695
0.4104
0.3704
0.374
0.3627
0.3877
0.3666
0.3633
0.3659
0.3625
0.3659
0.3734
0.3632
0.3733
0.442
0.3638
0.3842
0.3708
0.3622
0.3637
0.3674
0.3635
0.365
0.3725
0.3692
0.3777
0.3938
0.3938
0.3856
0.3532
0.3581
0.3626
0.3666
0.3676
0.3743
0.3761
0.3846
0.3713
0.4035
0.5006
0.4149
0.4773
0.4055
0.3651
0.3683
0.3617
0.3799
0.3736
0.3889
0.4008
0.416
0.3721
0.3679
0.3654
0.3919
0.3656
0.3696
0.3755
0.4609
0.4058
0.4305
0.3772
0.4067
0.361
0.3633
0.3613
0.3633
0.3691
0.3759
0.3844
0.4067
0.4068
0.3752
0.3766
0.3761
0.3778
0.3675
0.3608
0.3593
0.3657
0.3484
0.3836
0.3758
0.392
0.3928
0.3913
0.3952
0.3905
0.4117
0.3798
0.3788
0.3765
0.362
0.3627
0.3603
0.3645
0.3668
0.3737
0.3699
0.3709
0.3826
0.3891
0.3969
0.3788
0.3784
0.3728
0.3809
0.3859
0.3987
0.3897
0.3729
0.3683
0.3795
0.3578
0.3693
0.3749
0.3784
0.3756
0.3845
0.3904
0.3857

---------------------------------------
CodechalDecodeHevcG12::DecodeStateLevel
---------------------------------------
0.4576
4.1065
2.1389
5.2619
0.6677
0.7171
4.5782
7.2192
0.2622
0.5515
0.1959
0.1567
0.1866
0.1699
0.1698
0.2189
0.221
0.1785
0.2008
0.6062
0.6665
0.1632
0.6936
0.157
0.6351
0.1544
0.6867
0.187
0.6297
0.1552
0.1796
0.4719
0.2137
0.1983
0.2707
0.1622
0.219
0.1479
0.9886
0.1555
0.9573
1.6645
0.1836
0.1433
0.1806
1.5218
0.195
0.1436
0.1404
0.1152
0.136
0.1141
0.1386
0.1159
0.1401
0.117
0.1382
0.116
0.1377
0.1169
0.1389
0.1165
0.1382
0.1105
0.1665
0.1209
0.1432
0.1157
0.1397
0.1135
0.1376
0.1141
0.1371
0.117
0.1438
0.1171
0.1401
0.1164
0.1581
0.121
0.1419
0.1159
0.1601
0.1199
0.141
0.118
0.1542
0.118
0.1563
0.1181
0.1422
0.1157
0.1405
0.1134
0.1425
0.1168
0.139
0.1165
0.1404
0.1157
0.1389
0.117
0.1401
0.1166
0.1369
0.1151
0.138
0.1173
0.1378
0.1148
0.1383
0.1144
0.14
0.1161
0.1414
0.1168
0.1383
0.1151
0.1397
0.1159
0.137
0.1159
0.1579
0.1205
0.1429
0.1173
0.1419
0.1162
0.1305
0.1083
0.1396
0.1165
0.1415
0.1169
0.139
0.1155
0.1417
0.1157
0.1596
0.1219
0.1422
0.1192
0.1421
0.1172
0.1412
0.1172
0.1412
0.1156
0.1391
0.1162
0.1802
0.1349
0.1401
0.115
0.1405
0.1162
0.1376
0.1151
0.1396
0.1149
0.1376
0.1171
0.14
0.1147
0.1381
0.116
0.1397
0.1168
0.1376
0.1162
0.1383
0.1143
0.1387
0.1168
0.1418
0.116
0.1377
0.1159
0.141
0.1166
0.1381
0.1244
0.1423
0.1144
0.1356
0.1142
0.1391
0.1144
0.135
0.1135
0.1385
0.1154
0.1363
0.1138
0.1398
0.1096
0.1554
2.7836
0.1478
0.12
0.1497
0.1197
0.1418
0.116
0.1419
0.1176
0.1444
0.1177
0.1447
0.1166
0.1403
0.124
0.1461
0.1156
0.1685
0.1236
0.1504
0.1174
0.1644
0.1201
0.1674
0.1233
0.1467
0.1183
0.1517
1.2215
0.1422
0.1156
0.1414
0.1149
0.1719
0.6967
0.1384
0.1153
0.139
0.1145
0.1447
0.1219
0.144
0.1147
0.1509
0.1179
0.1518
0.1186
0.1508
0.1224
0.1557
0.1201
0.1466
0.117
0.1451
0.1183
0.1503
0.1215
0.161
0.1212
0.1501
0.1195
0.1416
0.116
0.1819
2.6669
0.1477
0.1185
0.1445
0.1163
0.1975
0.1298
0.1601
0.1231
0.1894
0.1254
0.1479
0.1185
0.1443
0.1178
0.1446
0.1179
0.1394
0.1161
0.1386
0.1152
0.1441
0.1161
0.142
0.1163
0.1425
0.1177
0.1458
0.1185
0.1476
0.1183
0.1498
0.121
0.161
0.1245
0.1558
0.1212
0.15
0.1211
0.1524
0.1194
0.1491
0.1188
0.1495
0.1215
0.1448
0.1166
0.1408
0.1152
0.1413
0.1163
0.1412
0.1217
0.1599
0.143
0.2241
0.1141
0.1373
0.1151
0.1412
0.1153
0.1406
0.1162
0.1444
0.1168
0.143
1.7583
0.1555
0.1588
0.1786
0.1191
0.2078
0.1761
0.1454
0.1144
0.1407
0.1157
0.1382
0.1147
0.1383
0.119
0.1395
0.115
0.137
0.113
0.1416
0.1177
0.1418
0.1157
0.1548
0.1225
0.1577
0.1199
0.1511
0.1198
0.1498
0.1185
0.1503
0.1345
0.1533
0.1218
0.1597
0.1233
0.1553
0.1213
0.1549
0.1229
0.1518
0.1188
0.149
0.1206
0.1529
0.1209
0.1443
0.1168
0.1406
0.1176
0.1436
0.1169
0.1422
0.1178
0.1435
0.1185
0.1552
0.1208
0.1517
0.1211
0.1506
0.1206
0.1532
0.1202
0.1376
0.108
0.1405
0.1149
0.1432
0.1144
0.141
0.1157
0.1425
0.119
0.1503
0.1208
0.1477
0.1166
0.147
0.1192
0.1468
0.1195
0.1475
0.1208
0.1444
0.1189
0.1774
0.1208
0.2237
0.1923
0.2279
0.1927
0.2331
0.1955
0.229
0.1931
0.2146
0.1894
0.2221
0.1871
0.2169
0.1901
0.2219
0.1933
0.2231
0.1898
0.218
0.1892
0.2235
0.1923
0.2222
0.1908
0.2238
0.1897
0.2115
0.1875
0.1395
0.115
0.1835
0.1194
0.1438
0.1165
0.1435
0.116
0.1382
0.1149
0.1371
0.1152
0.1387
0.1126
0.1333
0.1086
0.139
0.1187
0.1415
0.1154
0.141
0.1183
0.1415
0.116
0.1411
0.1189
0.1391
0.1152
0.1382
0.1167
0.1427
0.1149
0.1382
0.1151
0.1379
0.1161
0.1398
0.1164
0.1386
0.1147
0.1405
0.1148
0.1371
0.1168
0.139
0.1144
0.1376
0.1169
0.2263
0.1908
0.2145
0.1857
0.2125
0.1852
0.2132
0.1863
0.1678
0.1225
0.1482
0.122
0.2105
0.1842
0.1381
0.1129
0.2074
0.1857
0.2165
0.1852
0.2137
0.1891
0.2121
0.1867
0.2138
0.188
0.212
0.1875
0.2141
0.1839
0.2143
0.1869
0.1994
0.1725
0.2114
0.1873
0.2146
0.1879
0.14
0.1155
0.136
0.115
0.1378
0.1163
0.1391
0.1147
0.1382
0.1158
0.1377
0.1156
0.1373
0.1143
0.2079
0.186
0.2122
0.1896
0.2123
0.1857
0.1385
0.1175
0.1444
0.1179
0.1383
0.1149
0.1368
0.1156
0.1381
0.1151
0.1413
0.1159
0.1392
0.1169
0.212
0.187
0.2121
0.1873
0.2103
0.188
0.2127
0.1912
0.1389
0.114
0.2123
0.1911
0.2113
0.1894
0.2066
0.1894
0.2126
0.179
0.2225
0.1917
0.2207
0.1869
0.1419
0.1167
0.1397
0.1149
0.1325
0.108
0.1381
0.1161
0.1402
0.1165
0.138
0.115
0.1365
0.1154
0.1388
0.113
0.1367
0.1131
0.1349
0.1137
0.1363
0.1142
0.1384
0.1136
0.1355
0.1154
0.136
0.1144
0.1944
0.189
0.2111
0.1888
0.2149
0.1916
0.2201
0.185
0.22
0.189
0.1418
0.1168
0.1427
0.1155
0.1414
0.1174
0.2082
0.1853
0.1454
0.1152
0.138
0.1208
0.1411
0.1165
0.1406
0.1163
0.1379
0.1175
0.1388
0.1175
0.1387
0.1153
0.1368
0.116
0.2118
0.1815
0.2077
0.1881
0.2151
0.1915
0.219
0.189
0.2051
0.1778
0.1428
0.119
0.1443
0.1175
0.1391
0.1251
0.1367
0.1165
0.1395
0.1159
0.1387
0.1151
0.137
0.1224
0.1419
0.1161
0.1365
0.1142
0.1394
0.117
0.1384
0.1162
0.1383
0.1153
0.1373
0.1164
0.142
0.1156
0.1374
0.1164
0.1383
0.116
0.1397
0.1241
0.1385
0.1154
0.2172
0.1975
0.2146
0.1878
0.2135
0.1879
0.2133
0.1886
0.2133
0.1892
0.14
0.1146
0.1381
0.1161
0.1501
0.114
0.1353
0.1186
0.1743
1.7499
0.2156
0.1922
0.1707
0.1171
0.1681
0.1191
0.1476
0.1284
0.2051
0.2374
0.1521
0.1197
0.1425
0.1165
0.1487
0.1167
0.1499
0.1236
0.1571
0.1182
0.141
0.1164
0.1435
0.1198
0.1477
0.1227
0.151
0.117
0.1411
0.1177
0.1465
0.1288
0.2013
0.1843
0.1666
0.1224
0.2148
0.1909
0.1573
0.1232
0.1707
0.1256
0.1473
0.132
0.149
0.134
0.2095
0.1852
0.2244
0.1929
0.2168
0.1889
0.2155
0.1459
0.2116
0.182
0.2233
0.1954
0.213
0.1413
0.2141
0.1929
0.2161
0.1817
0.1462
0.1233
0.1729
0.1268
0.148
0.1233
0.1652
0.1259
0.1494
0.1172
0.138
0.1167
0.143
0.1206
0.1421
0.1256
0.1396
0.1199
0.2818
0.258
0.2552
0.1797
0.2207
0.1697
0.1469
0.1199
0.1869
0.122
0.1413
0.1237
0.2167
0.1881
0.1443
0.1171
0.1494
0.1201
0.2062
0.1802
0.1499
0.1186
0.1735
0.1587
0.1483
0.1311
0.2221
0.1879
0.1683
0.1221
0.22
0.1902
0.2271
0.1319
0.237
0.1968
0.1903
0.1731
0.269
0.2334
0.1553
0.1798
0.1771
0.1289
0.2103
0.1821
0.1541
0.1256
0.1925
0.181
0.1436
0.1151
0.1389
0.1135
0.2169
0.1208
0.148
0.1176
0.1385
0.1134
0.1422
0.1175
0.1419
0.118
0.1416
0.1169
0.212
0.1893
0.2455
0.1953
0.1496
0.1158
0.214
0.1892
0.1444
0.1157
0.2063
0.1844
0.2181
0.1862
0.1436
0.1164
0.2088
0.1886
0.1473
0.1176
0.1451
0.1191
0.1429
0.1174
0.2269
0.1902
0.1529
0.1189
0.1425
0.1171
0.1416
0.1203
0.1432
0.1345
0.1388
0.1162
0.1689
0.1288
0.1449
0.1165
0.1705
0.1259
0.2235
0.1836
0.1643
0.1236
0.1542
0.122
0.152
0.1229
0.2256
0.1287
0.1563
0.119
0.1783
0.1189
0.152
0.1577
0.1599
0.1164
0.1473
0.1178
0.246
0.2116
0.1794
0.1415
0.2089
0.1922
0.143
0.1176
0.1417
0.1151
0.2139
0.1853
0.1498
0.1174
0.1394
0.1153
0.1385
0.116
0.1428
0.1194
0.1455
0.1164
0.1481
0.1247
0.2201
0.1947
0.1561
0.1184
0.2005
0.1761
0.1676
0.1219
0.1459
0.1161
0.141
0.1204
0.157
0.1204
0.1417
0.1146
0.1423
0.1151
0.1391
0.1151
0.147
0.1164
0.1394
0.1158
0.1386
0.115
0.1408
0.1156
0.1379
0.1158
0.1396
0.1173
0.146
0.1166
0.1379
0.1164
0.1431
0.1171
0.1576
0.1111
0.1395
0.1151
0.1435
0.1174
0.1417
0.1152
0.1385
0.1159
0.1372
0.1147
0.1389
0.1156
0.1383
0.1142
0.138
0.1159
0.1428
0.1155
0.1401
0.1164
0.1456
0.1176
0.1521
0.1208
0.1488
0.1256
0.1572
0.1148
0.1343
0.1127
0.1347
0.116
0.1362
0.1184
0.1393
0.1163
0.1393
0.1162
0.1414
0.1171
0.1431
0.1155
0.1486
0.1219
0.1442
0.1169
0.1527
0.1226
0.1875
0.1816
0.1459
0.1503
0.2001
0.1214
0.1623
0.1161
0.1391
0.1157
0.1391
0.1168
0.1363
0.1159
0.1435
0.1198
0.143
0.1142
0.1491
0.1191
0.1556
0.1216
0.1606
0.1257
0.1427
0.1182
0.1407
0.1132
0.1384
0.1135
0.1646
0.1164
0.1388
0.1152
0.1404
0.1152
0.1445
0.1177
0.1894
0.1207
0.1582
0.1214
0.1604
0.1467
0.1437
0.1179
0.1636
0.1144
0.138
0.1145
0.1385
0.1145
0.1383
0.1135
0.1381
0.1153
0.1415
0.1152
0.1443
0.1183
0.1446
0.1213
0.1611
0.1214
0.157
0.123
0.144
0.1175
0.146
0.1179
0.1445
0.1164
0.1439
0.119
0.1393
0.1146
0.1362
0.1149
0.1364
0.1137
0.139
0.114
0.1333
0.1085
0.1368
0.135
0.1437
0.1173
0.1512
0.1183
0.148
0.1227
0.1524
0.1204
0.1512
0.1203
0.1506
0.1205
0.1618
0.1231
0.1442
0.1159
0.1438
0.1182
0.1443
0.1175
0.1373
0.1159
0.1385
0.1166
0.1372
0.1157
0.1383
0.1176
0.1387
0.1181
0.1434
0.116
0.1394
0.1202
0.1412
0.1178
0.1479
0.1198
0.1468
0.12
0.1538
0.1219
0.1461
0.115
0.1419
0.1163
0.1418
0.1198
0.1438
0.1224
0.148
0.1185
0.1534
0.1227
0.1506
0.1209
0.142
0.1172
0.1399
0.118
0.1437
0.1183
0.139
0.1097
0.1393
0.1185
0.1439
0.118
0.1417
0.121
0.1439
0.1191
0.1494
0.1207
0.1503
0.1213
0.1477
0.1193

-------------------------------------
CodechalDecodeHevcG12::SetFrameStates
-------------------------------------
5.5553
0.3183
3.0099
2.2129
1.8387
3.338
0.8025
0.6019
0.038
0.0415
0.0414
0.0414
0.0344
0.032
0.0347
0.0369
0.154
2.0064
1.8046
0.9849
0.0852
0.0312
0.0896
0.0307
0.0302
0.0294
0.0293
0.0303
0.0334
0.0301
0.0295
0.0759
0.1866
0.0346
0.0334
0.0299
0.029
0.0438
0.0334
0.0378
0.0329
0.0381
0.0328
0.0371
0.0369
0.0331
0.0315
0.0321
0.0304
0.0312
0.0293
0.0303
0.0293
0.0299
0.03
0.0312
0.0298
0.0301
0.0306
0.0301
0.0296
0.0376
0.0337
0.0313
0.0205
0.0317
0.0313
0.0324
0.0309
0.0377
0.0325
0.0318
0.0306
0.0307
0.0295
0.0303
0.0306
0.031
0.0297
0.0304
0.0298
0.0303
0.0298
0.0309
0.0297
0.031
0.0295
0.0299
0.0307
0.0304
0.0296
0.031
0.0301
0.03
0.0308
0.0296
0.0298
0.1201
0.0298
0.0365
0.0337
0.0363
0.0311
0.0377
0.034
0.0334
0.1317
1.1782
0.0352
0.1316
2.0112
0.0412
0.1667
0.0319
0.03
0.1122
0.0314
0.0308
0.0929
0.2463
0.0338
0.0328
0.0326
0.037
0.0337
0.0317
0.0332
0.0431
0.0347
0.0329
0.2289
0.0368
0.0326
0.0448
0.0366
0.039
0.0331
0.0314
0.0363
0.0305
0.0302
0.0314
0.0306
0.0303
0.0312
0.0317
0.0315
0.0332
0.0353
0.0319
0.0322
0.0316
0.0318
0.0323
0.0311
0.0306
0.0314
0.0311
0.0299
0.029
0.0299
0.0302
0.0316
0.1916
0.0338
0.038
0.0485
0.0337
0.0307
0.0312
0.0307
0.0307
0.0308
0.0317
0.0303
0.0351
0.0338
0.0328
0.0325
0.0334
0.033
0.0337
0.0336
0.0335
0.0334
0.0325
0.032
0.0317
0.0307
0.0314
0.0306
0.0302
0.0317
0.0331
0.0318
0.0332
0.024
0.0305
0.0309
0.0329
0.0314
0.0308
0.0321
0.0332
0.0316
0.0315
0.0316
0.0312
0.0456
0.0483
0.0479
0.0507
0.0441
0.0451
0.0526
0.0444
0.0449
0.0517
0.0451
0.0457
0.0463
0.0434
0.0303
0.0406
0.0337
0.0321
0.0304
0.0325
0.0305
0.0214
0.0327
0.0305
0.0324
0.0301
0.0304
0.0304
0.0294
0.03
0.0305
0.0372
0.0303
0.03
0.0302
0.0298
0.0299
0.0302
0.0491
0.0453
0.0437
0.0453
0.0392
0.0341
0.0436
0.0305
0.0429
0.0435
0.0452
0.0429
0.0429
0.0429
0.0432
0.0446
0.0294
0.0431
0.0443
0.0323
0.0293
0.0298
0.0302
0.0299
0.0301
0.0297
0.0422
0.0424
0.0424
0.0299
0.0314
0.0305
0.0298
0.0295
0.0305
0.0298
0.0413
0.0441
0.0428
0.0425
0.0306
0.0429
0.0438
0.0457
0.0426
0.0453
0.0451
0.0308
0.0305
0.0215
0.0303
0.0308
0.0322
0.0296
0.0303
0.0296
0.0296
0.0293
0.0297
0.0295
0.0294
0.0422
0.0435
0.0422
0.0438
0.0435
0.032
0.0307
0.0309
0.0452
0.0714
0.0304
0.03
0.0305
0.0312
0.0296
0.0298
0.0295
0.0428
0.044
0.0441
0.0443
0.0314
0.0314
0.0307
0.032
0.03
0.0309
0.0303
0.0298
0.0298
0.0302
0.0293
0.0305
0.0299
0.0297
0.0296
0.0296
0.029
0.0296
0.0305
0.0435
0.0434
0.0437
0.0436
0.043
0.0312
0.033
0.0327
0.0298
0.0301
0.0432
0.0429
0.0301
1.6823
0.03
0.0334
0.0315
0.0327
0.0307
0.0436
0.0322
0.0324
0.0362
0.0315
0.0334
0.0429
0.0399
0.047
0.0396
0.0415
0.0333
0.03
0.0303
0.0442
0.0457
0.046
0.045
0.0434
0.047
0.044
0.0465
0.0495
0.0335
0.0445
0.0321
0.0308
0.0317
0.024
0.0303
0.0316
0.0324
0.0578
0.0631
0.0476
0.0321
0.0369
0.0313
0.0473
0.0344
0.0328
0.0433
0.0314
0.0422
0.0314
0.0464
0.0343
0.0525
0.0484
0.0489
0.0404
0.0529
0.0352
0.0449
0.0434
0.0345
0.0395
0.0318
0.0313
0.0462
0.0354
0.0252
0.0315
0.0312
0.0322
0.0425
0.0549
0.0357
0.0461
0.0325
0.0453
0.0459
0.0323
0.0466
0.0323
0.0309
0.0311
0.0475
0.0454
0.033
0.0313
0.0316
0.0304
0.0391
0.0359
0.0388
0.0489
0.0425
0.0365
0.035
0.0564
0.039
0.0437
0.0338
0.032
0.033
0.0598
0.0429
0.0473
0.0336
0.0329
0.0442
0.0328
0.0321
0.0309
0.032
0.0347
0.0325
0.0504
0.039
0.0401
0.0398
0.0347
0.0309
0.0383
0.0331
0.0319
0.03
0.0346
0.0317
0.0306
0.0298
0.0298
0.0306
0.0304
0.0299
0.0314
0.025
0.0312
0.0314
0.033
0.0304
0.0306
0.0308
0.0305
0.0301
0.0308
0.0299
0.0311
0.0334
0.0317
0.0312
0.029
0.0291
0.0292
0.0298
0.031
0.0316
0.0314
0.0318
0.031
0.0344
0.0298
0.0326
0.0428
0.0334
0.0298
0.0304
0.0298
0.0309
0.0247
0.0322
0.0338
0.0367
0.0302
0.0313
0.0309
0.0294
0.0301
0.03
0.031
0.0405
0.0352
0.0352
0.0313
0.0334
0.0293
0.0295
0.0295
0.0302
0.0303
0.0302
0.0344
0.0325
0.0327
0.0305
0.0308
0.0311
0.0304
0.031
0.0299
0.0301
0.0299
0.0219
0.0298
0.0315
0.0339
0.0317
0.0318
0.0337
0.0324
0.0331
0.0332
0.0317
0.0315
0.0296
0.029
0.029
0.0296
0.0305
0.0307
0.0298
0.0299
0.0314
0.032
0.033
0.0312
0.0307
0.0305
0.0312
0.0315
0.033
0.032
0.0305
0.0298
0.0319
0.0228
0.0303
0.0305
0.033
0.0311
0.0306
0.0329
0.0349

--------------------------
CreateVideoDecoder_D3D11_1
--------------------------
14.2653

---------------------------
DestroyVideoDecoder_D3D11_1
---------------------------
0

----------------
First Frame Time
----------------
63.8507

--------------------------------------
VideoDecoderBeginFrame_WDDM2_4_D3D11_1
--------------------------------------
0.0076
0.0025
0.0023
0.0028
0.0024
0.0018
0.0021
0.0016
0.0025
0.0022
0.0034
0.002
0.0021
0.0024
0.002
0.0017
0.0027
0.002
0.0019
0.0026
0.0017
0.0018
0.0022
0.0019
0.0018
0.0017
0.0016
0.0015
0.0022
0.0016
0.0015
0.0016
0.0027
0.0023
0.0021
0.0017
0.0016
0.0023
0.0018
0.0026
0.0019
0.0026
0.003
0.0027
0.0026
0.0021
0.0018
0.0019
0.0017
0.0018
0.0016
0.0019
0.0015
0.0016
0.0016
0.0016
0.0015
0.0017
0.0014
0.0018
0.0014
0.0027
0.0018
0.0033
0.0017
0.0018
0.0019
0.0018
0.0016
0.0027
0.0019
0.002
0.0018
0.0018
0.0015
0.0017
0.0017
0.0018
0.0015
0.0019
0.0015
0.0017
0.0016
0.0018
0.0015
0.0017
0.0015
0.0018
0.0015
0.0018
0.0015
0.0019
0.0015
0.0017
0.0026
0.0018
0.0016
0.0019
0.0017
0.0024
0.0018
0.0016
0.0018
0.0016
0.0018
0.0017
0.0017
0.0016
0.0023
0.0031
0.0021
0.0026
0.0022
0.002
0.0017
0.0019
0.0016
0.0016
0.0019
0.0017
0.0017
0.0017
0.0017
0.0027
0.0018
0.0019
0.0018
0.0033
0.002
0.0021
0.003
0.0023
0.0018
0.0032
0.0023
0.0021
0.0019
0.0018
0.0024
0.0018
0.0017
0.009
0.0016
0.0017
0.0016
0.0015
0.0018
0.0018
0.0018
0.0016
0.0016
0.0016
0.0018
0.002
0.0016
0.0017
0.0016
0.0016
0.0016
0.0016
0.0017
0.0016
0.0019
0.002
0.0021
0.0027
0.0028
0.0022
0.0018
0.0017
0.0017
0.0016
0.0015
0.0019
0.0018
0.0019
0.002
0.0018
0.0018
0.0017
0.0016
0.0017
0.0019
0.0018
0.0017
0.0017
0.0018
0.0019
0.0016
0.0016
0.0016
0.0017
0.0016
0.0016
0.0018
0.0016
0.0026
0.0016
0.0016
0.0016
0.0017
0.0017
0.0018
0.0017
0.0016
0.0017
0.0017
0.0017
0.0026
0.003
0.0027
0.0051
0.0024
0.0023
0.0024
0.0022
0.0025
0.0024
0.0023
0.0022
0.0023
0.0022
0.0016
0.0035
0.0021
0.0022
0.0017
0.0016
0.0019
0.0018
0.0017
0.0018
0.0015
0.0017
0.0017
0.0016
0.0015
0.0015
0.0016
0.0015
0.0019
0.0016
0.0017
0.0016
0.0016
0.0015
0.0029
0.0027
0.0026
0.003
0.003
0.002
0.0025
0.0019
0.0026
0.0024
0.0023
0.0026
0.0024
0.0031
0.0022
0.0023
0.0024
0.0024
0.0024
0.0018
0.0015
0.0016
0.0015
0.0016
0.0016
0.0016
0.0023
0.0021
0.0023
0.0016
0.0019
0.0015
0.0016
0.0015
0.0017
0.0015
0.0024
0.0022
0.0024
0.0024
0.0017
0.0025
0.0025
0.0025
0.0025
0.0026
0.0026
0.0019
0.0016
0.0018
0.0017
0.0018
0.0016
0.0017
0.0018
0.0016
0.0016
0.0016
0.0017
0.0016
0.0016
0.0024
0.0026
0.0026
0.0025
0.0025
0.0019
0.0017
0.0018
0.0024
0.0034
0.0015
0.0017
0.0017
0.0016
0.0016
0.0016
0.0016
0.0024
0.0029
0.0026
0.0027
0.0028
0.0018
0.0017
0.0019
0.0016
0.0016
0.0017
0.0015
0.0022
0.0016
0.0015
0.0015
0.0016
0.0015
0.0015
0.0015
0.0016
0.0016
0.0016
0.0023
0.0025
0.0024
0.0024
0.0025
0.0017
0.0016
0.0019
0.0018
0.002
0.0023
0.0025
0.0018
0.0018
0.0026
0.0022
0.002
0.0018
0.0018
0.0024
0.0018
0.0024
0.0021
0.0018
0.0016
0.0021
0.0017
0.0028
0.002
0.0022
0.0023
0.0017
0.0017
0.0017
0.003
0.0029
0.0026
0.0026
0.0027
0.0021
0.0025
0.0026
0.002
0.0019
0.0017
0.0022
0.0019
0.002
0.0018
0.0019
0.0017
0.0029
0.0027
0.003
0.0019
0.0025
0.0024
0.0028
0.0024
0.002
0.0025
0.002
0.0027
0.0018
0.0029
0.0023
0.0028
0.0031
0.0037
0.0027
0.0029
0.0029
0.0021
0.0024
0.003
0.0025
0.0019
0.0017
0.004
0.0022
0.0024
0.0018
0.0018
0.0016
0.0025
0.004
0.0024
0.0028
0.0021
0.003
0.0028
0.0022
0.0023
0.0019
0.0017
0.0018
0.0029
0.0027
0.0019
0.0019
0.0018
0.0018
0.0028
0.002
0.003
0.0032
0.0023
0.0019
0.0021
0.0035
0.0048
0.0032
0.002
0.0022
0.0019
0.004
0.0026
0.0026
0.0021
0.002
0.0028
0.0019
0.0019
0.0017
0.0017
0.0018
0.0019
0.0103
0.0028
0.0018
0.0027
0.0019
0.0017
0.0028
0.0021
0.0021
0.0016
0.0022
0.0019
0.0018
0.0016
0.0016
0.0017
0.0015
0.0015
0.0016
0.0016
0.0016
0.0027
0.0017
0.0016
0.0016
0.0017
0.0016
0.0015
0.0015
0.0016
0.0015
0.0016
0.0017
0.0018
0.0015
0.0016
0.0016
0.0016
0.0016
0.0015
0.0016
0.0015
0.0016
0.0016
0.0016
0.0023
0.0035
0.0022
0.0019
0.0016
0.0016
0.0016
0.0019
0.0017
0.0017
0.0018
0.0018
0.0018
0.0016
0.0016
0.0016
0.0015
0.0017
0.0027
0.0022
0.0021
0.0019
0.0023
0.0017
0.0015
0.0015
0.0016
0.0016
0.0016
0.0016
0.0016
0.0017
0.0017
0.0016
0.0016
0.0015
0.0019
0.0016
0.0016
0.0024
0.0018
0.0016
0.0017
0.0017
0.0018
0.0016
0.0017
0.0017
0.0019
0.0023
0.0016
0.0017
0.0014
0.0015
0.0015
0.0015
0.0015
0.002
0.0018
0.0025
0.0016
0.0017
0.0017
0.0018
0.0016
0.0015
0.0017
0.0018
0.0018
0.0016
0.0017
0.0016
0.0019
0.002
0.0017
0.0016
0.0016
0.0017
0.0017
0.0025
0.0016

----------------------------
VideoDecoderEndFrame_D3D11_1
----------------------------
0.041
0.0558
0.0836
0.0838
0.053
0.0615
0.0586
0.0525
0.056
0.0601
0.0634
0.058
0.0627
0.0635
0.0595
0.0625
0.0562
0.055
0.0678
0.056
0.0553
0.0537
0.0595
0.0544
0.0549
0.0518
0.0519
0.051
0.0535
0.0513
0.0531
0.0554
0.0535
0.0802
0.0513
0.0521
0.0514
0.0525
0.0512
0.0553
0.0525
0.0535
0.0564
0.0575
0.0553
0.0536
0.0524
0.0523
0.0524
0.0519
0.0527
0.052
0.0513
0.0522
0.0523
0.0526
0.0519
0.0526
0.0511
0.053
0.0604
0.0548
0.0529
0.0526
0.0515
0.0526
0.0508
0.0517
0.0516
0.0563
0.052
0.0521
0.0525
0.0524
0.0515
0.0513
0.0523
0.0518
0.0523
0.0512
0.0515
0.0541
0.0508
0.0519
0.0511
0.052
0.0525
0.0521
0.0518
0.0517
0.0527
0.0524
0.0513
0.0524
0.054
0.0514
0.0516
0.0504
0.0578
0.081
0.0764
0.0518
0.0508
0.0518
0.0509
0.0521
0.0527
0.0533
0.0945
0.0537
0.0539
0.089
0.0545
0.0551
0.079
0.0513
0.0533
0.0784
0.0514
0.0493
0.0889
0.052
0.0697
0.0523
0.0518
0.0513
0.0829
0.0561
0.0519
0.0516
0.0571
0.0505
0.1112
0.0569
0.0594
0.0509
0.0526
0.0507
0.0558
0.0536
0.0518
0.0541
0.0537
0.0537
0.0588
0.0551
0.055
0.0571
0.0549
0.0536
0.0552
0.057
0.0554
0.0547
0.0538
0.0546
0.0539
0.0524
0.0536
0.0533
0.0528
0.0532
0.056
0.0535
0.0623
0.0808
0.0674
0.0565
0.055
0.0558
0.0545
0.0551
0.0523
0.0557
0.0531
0.0564
0.0558
0.0576
0.0549
0.0577
0.0548
0.057
0.056
0.055
0.0549
0.0546
0.0558
0.0535
0.0541
0.0552
0.0556
0.0581
0.0545
0.0555
0.057
0.0551
0.0537
0.0557
0.0548
0.0531
0.0543
0.0557
0.0536
0.0557
0.0551
0.0579
0.0533
0.0567
0.0782
0.0784
0.0787
0.0816
0.0766
0.0766
0.0755
0.0776
0.0761
0.0763
0.0788
0.0757
0.0773
0.0754
0.0518
0.0535
0.0532
0.0527
0.0531
0.0527
0.0527
0.0524
0.0504
0.0504
0.0525
0.0531
0.0518
0.0548
0.0516
0.0545
0.0512
0.0521
0.0516
0.0528
0.0531
0.0534
0.051
0.0528
0.0791
0.078
0.0768
0.0787
0.0587
0.0578
0.0775
0.0521
0.0831
0.078
0.0746
0.077
0.0804
0.0775
0.0765
0.0754
0.0759
0.0757
0.0779
0.0507
0.0532
0.0524
0.0519
0.0519
0.0552
0.0526
0.0761
0.0745
0.078
0.0529
0.0565
0.0531
0.0515
0.0513
0.0518
0.051
0.0774
0.0742
0.0797
0.0775
0.0518
0.0744
0.0765
0.0763
0.0773
0.08
0.0778
0.0503
0.0517
0.0519
0.0524
0.0513
0.0508
0.0606
0.0523
0.0513
0.0528
0.0499
0.0515
0.0507
0.051
0.0787
0.0775
0.0773
0.0778
0.0774
0.0522
0.0513
0.0502
0.0803
0.0565
0.0582
0.0519
0.0605
0.0534
0.0511
0.0533
0.052
0.0768
0.0765
0.0804
0.0825
0.0795
0.0525
0.0639
0.0521
0.0511
0.0618
0.0686
0.051
0.0514
0.0518
0.0519
0.0537
0.05
0.0545
0.0508
0.0516
0.0516
0.0525
0.053
0.0802
0.0776
0.0771
0.0779
0.0762
0.0515
0.0553
0.0509
0.0516
0.0516
0.0762
0.082
0.0522
0.0501
0.0867
0.0998
0.0504
0.0515
0.0542
0.0522
0.0566
0.0553
0.0639
0.0539
0.0564
0.0708
0.0724
0.0597
0.0904
0.0856
0.0823
0.0745
0.0648
0.0827
0.1018
0.0865
0.0712
0.0783
0.0758
0.064
0.0979
0.0588
0.0524
0.064
0.0603
0.0646
0.0544
0.0641
0.069
0.0533
0.053
0.1115
0.0727
0.0922
0.0728
0.0509
0.0593
0.0873
0.0594
0.0596
0.0859
0.0557
0.0684
0.0601
0.0798
0.096
0.077
0.0594
0.0879
0.0688
0.0979
0.0744
0.055
0.0781
0.0532
0.0779
0.0677
0.0633
0.0684
0.0666
0.0664
0.0529
0.0518
0.0521
0.0899
0.079
0.0582
0.0769
0.0599
0.0771
0.0831
0.054
0.0764
0.0524
0.0518
0.0512
0.0769
0.0562
0.0576
0.0545
0.0518
0.0552
0.0695
0.0649
0.0591
0.0811
0.056
0.0568
0.0546
0.061
0.0555
0.0542
0.0659
0.0693
0.0522
0.0939
0.0598
0.0773
0.0527
0.0513
0.075
0.053
0.0528
0.0514
0.0694
0.0549
0.0555
0.0913
0.0509
0.0785
0.0549
0.0584
0.0502
0.0556
0.0524
0.0513
0.0527
0.0554
0.0518
0.0513
0.0508
0.0518
0.0518
0.0511
0.0522
0.0573
0.0545
0.0532
0.0548
0.0547
0.0537
0.0538
0.0527
0.0534
0.0532
0.0542
0.0559
0.0548
0.0549
0.0579
0.0522
0.0543
0.0533
0.055
0.0538
0.0532
0.0536
0.0548
0.054
0.0535
0.0535
0.0787
0.0554
0.0591
0.055
0.0531
0.0532
0.0526
0.0539
0.0554
0.0566
0.0559
0.0569
0.0529
0.0518
0.0543
0.0534
0.055
0.0531
0.0535
0.0601
0.0571
0.0593
0.0528
0.0552
0.0516
0.0546
0.0535
0.0527
0.0524
0.0557
0.0531
0.0546
0.0551
0.0539
0.0541
0.0536
0.0544
0.0542
0.0523
0.0534
0.0526
0.0529
0.0566
0.0549
0.055
0.0569
0.0557
0.0553
0.0551
0.055
0.0541
0.0535
0.054
0.052
0.052
0.0517
0.057
0.0544
0.0528
0.056
0.0533
0.0547
0.0555
0.072
0.0545
0.055
0.0539
0.0552
0.0534
0.0552
0.0566
0.0532
0.055
0.0531
0.0533
0.0529
0.0535
0.0546
0.0554
0.054
0.0579
0.0547

---------------------------------
VideoDecoderSubmitBuffers_D3D11_1
---------------------------------
10.5133
7.8547
4.5589
14.143
2.768
4.0588
1.271
1.1042
0.5704
0.9709
1.0228
0.9986
0.946
1.011
0.9413
0.7916
0.7058
2.5702
2.5508
2.2434
2.8492
0.4701
1.9115
0.4735
0.3814
0.3715
0.5274
0.7217
0.6675
0.7013
0.6847
1.3991
0.6115
0.4008
0.3883
0.5011
0.7158
0.6407
0.6685
0.6401
0.6596
0.4491
0.3905
0.4255
0.4281
0.3916
0.5451
0.6686
0.7057
0.6728
0.7125
0.6773
0.7065
0.7171
0.7122
0.6741
0.7167
0.6768
0.7112
0.6746
0.7108
0.6215
0.6626
0.6527
0.6806
0.6923
0.384
0.3812
0.3847
0.4348
0.6242
0.6597
0.7002
0.6593
0.7076
0.7404
0.6402
0.6669
0.7065
0.6766
0.7121
0.6727
0.7102
0.673
0.7091
0.6732
0.7153
0.6736
0.7104
0.6719
0.7218
0.397
0.3678
0.3787
0.4489
0.6717
0.6347
0.8554
3.3952
0.4069
0.4028
0.8432
0.7003
0.7575
0.6956
0.7049
1.2856
1.5868
0.4087
0.9866
2.4265
0.4178
1.6623
0.3862
0.3821
1.0885
0.3769
0.3785
0.4643
0.6029
0.4043
0.4126
0.6637
0.4235
0.5672
0.7102
0.7345
0.6439
0.6993
0.4302
3.2142
0.4036
0.3946
0.5026
0.4311
0.4803
0.4032
0.6578
0.6762
0.3802
0.375
0.3911
0.3822
0.384
0.3902
0.3966
0.4019
0.4275
0.4254
0.4026
0.4072
0.3995
0.405
0.3977
0.3851
0.3838
0.3922
0.4318
0.4593
0.3724
0.3786
0.3827
0.3926
2.2149
0.4685
0.4521
0.572
0.3945
0.3809
0.3788
0.377
0.3778
0.373
0.3955
0.3836
0.4225
0.4188
0.4113
0.4055
0.4221
0.4106
0.4265
0.4145
0.4157
0.4107
0.4028
0.4082
0.392
0.3838
0.3878
0.3884
0.3885
0.4056
0.413
0.4023
0.4114
0.3777
0.3802
0.3816
0.3873
0.3884
0.4022
0.3985
0.3965
0.3946
0.401
0.3921
0.4245
0.6083
0.6144
0.6254
0.6259
0.5823
0.5905
0.5994
0.6014
0.5961
0.5979
0.5987
0.5973
0.6028
0.5706
0.3769
0.4725
0.3871
0.3895
0.3723
0.3738
0.3755
0.359
0.3806
0.3805
0.384
0.3799
0.3807
0.3746
0.3722
0.3779
0.3716
0.3776
0.3775
0.3706
0.379
0.3718
0.3715
0.3785
0.6089
0.5774
0.5721
0.5825
0.4528
0.4028
0.5713
0.3732
0.5623
0.5784
0.5764
0.5686
0.5709
0.5722
0.5678
0.5772
0.5342
0.5693
0.5757
0.3788
0.3652
0.3711
0.3725
0.371
0.3729
0.3698
0.5609
0.57
0.5671
0.3738
0.3898
0.3726
0.369
0.3691
0.381
0.3764
0.5704
0.5745
0.5709
0.5766
0.3761
0.5787
0.5749
0.5745
0.5596
0.5956
0.5865
0.3808
0.3754
0.3547
0.3716
0.3784
0.3767
0.3672
0.3754
0.3679
0.3653
0.3657
0.371
0.3694
0.367
0.5568
0.5721
0.5806
0.5817
0.5834
0.3815
0.3767
0.3825
0.569
0.4289
0.3812
0.3761
0.3769
0.3815
0.3733
0.3712
0.3687
0.5643
0.5689
0.5891
0.5876
0.5568
0.3857
0.3859
0.3869
0.3689
0.3739
0.3718
0.3767
0.3751
0.3681
0.3714
0.3725
0.3722
0.3697
0.3738
0.3709
0.3703
0.3818
0.372
0.5915
0.5778
0.5763
0.5783
0.5778
0.3775
0.3808
0.3936
0.3726
2.0534
0.5819
0.4434
1.0321
2.0491
0.6028
0.4089
0.3852
0.4781
0.4015
0.429
0.6545
0.7602
0.6889
0.6949
0.745
0.7696
0.8125
0.5942
0.8242
0.5613
0.4477
0.414
0.4127
0.6099
0.7367
0.5958
0.5331
0.5759
0.6103
0.5975
0.807
0.6364
0.4003
0.4587
0.4015
0.4329
0.3911
0.3819
0.3872
0.3931
0.3848
0.8174
0.653
0.5666
0.3923
0.4609
0.399
0.5958
0.3947
0.3967
0.5668
0.3954
0.5117
0.4047
0.6026
0.434
0.6111
0.5476
0.6496
0.5391
0.7385
0.4915
0.4611
0.5721
0.4194
0.5429
0.3853
0.3748
0.535
0.4026
0.3809
0.3803
0.3846
0.3816
0.5838
0.6561
0.4006
0.5882
0.3868
0.5723
0.5907
0.3873
0.5843
0.3909
0.3881
0.3812
0.6019
0.427
0.3858
0.3851
0.4036
0.3748
0.4592
0.3941
0.4528
0.6035
0.4433
0.4196
0.4117
0.5773
0.4302
0.4712
0.4629
0.4308
0.3928
0.6904
0.4778
0.6006
0.3989
0.3896
0.5822
0.3941
0.3826
0.3775
0.403
0.3972
0.403
0.6305
0.4179
0.5537
0.4539
0.3971
0.3848
0.4303
0.3851
0.3892
0.3748
0.4045
0.3796
0.3766
0.3792
0.3751
0.3783
0.3868
0.3753
0.3868
0.457
0.3781
0.4014
0.3851
0.3751
0.3775
0.3814
0.3761
0.3776
0.3854
0.3816
0.391
0.4074
0.4071
0.4006
0.3656
0.3696
0.3744
0.3796
0.38
0.3876
0.3897
0.3973
0.3844
0.4383
0.5144
0.4308
0.5031
0.4231
0.378
0.3813
0.3738
0.3944
0.3902
0.403
0.4151
0.4316
0.3849
0.3824
0.3794
0.4052
0.3787
0.3825
0.3879
0.483
0.4222
0.4451
0.3915
0.425
0.3737
0.3761
0.3746
0.3758
0.3826
0.3891
0.3972
0.4206
0.4215
0.3884
0.3897
0.3895
0.3907
0.3819
0.374
0.372
0.3794
0.3639
0.3964
0.3897
0.4063
0.406
0.4053
0.4109
0.4054
0.428
0.396
0.3934
0.3907
0.3748
0.3749
0.3722
0.3768
0.3789
0.389
0.3833
0.3837
0.3959
0.4033
0.4115
0.3941
0.3913
0.3853
0.3937
0.3997
0.4127
0.404
0.3861
0.3802
0.3948
0.3743
0.3821
0.3887
0.3918
0.388
0.3972
0.4039
0.3998

