---------------------------------------------
CalcPrivateVideoDecoderOutputViewSize_D3D11_1
---------------------------------------------
0.0021
0.0015
0.001
0.0012
0.0011
0.0008
0.0012
0.0015
0.0009
0.0019
0.001
0.0014
0.001
0.0021
0.0008
0.0014
0.001
0.001
0.001
0.0017
0.0009
0.0007
0.0012
0.0006
0.0007
0.0006
0.0007
0.0006
0.0017
0.0006
0.0006
0.0017
0.0009
0.001
0.0016
0.0012
0.0016
0.0008
0.0009
0.0013
0.002
0.0015
0.0031
0.001
0.0015
0.0014
0.0012
0.0008
0.0007
0.0013
0.0017
0.0008
0.0014
0.0008
0.0007
0.0012
0.0008
0.0007
0.0012
0.0013
0.0009
0.0013
0.0014
0.0028
0.0008
0.0008
0.001
0.0007
0.0008
0.0007
0.0013
0.0007
0.0013
0.0012
0.001
0.0018
0.0019
0.0009
0.0017
0.0014
0.0014
0.0009
0.0017
0.0037
0.0015
0.0011
0.0008
0.0011
0.0008
0.0008
0.0006
0.0012
0.0008
0.0009
0.002
0.0017
0.0008
0.0013
0.0009
0.0007
0.0007
0.0009
0.001
0.0011
0.0023
0.001
0.0009
0.0008
0.0007
0.0008
0.001
0.0007
0.0011
0.0008
0.0007
0.0007
0.0007
0.0007
0.0007
0.0007
0.0007
0.0007
0.0007
0.0007
0.0007
0.0015
0.0007
0.0007
0.0006
0.0006

-----------------------
CodechalDecode::Execute
-----------------------
9.8498
5.7649
10.9798
9.8168
4.3624
1.1416
1.0538
1.0076
0.774
0.5838
1.0743
0.5734
0.7473
0.5728
1.2108
0.7737
0.7075
5.718
0.5092
0.5183
0.4996
0.6651
0.4686
0.458
0.3719
0.3678
0.3663
0.3688
0.3795
0.388
0.4011
0.4836
2.2891
0.442
0.4367
0.3846
0.4195
0.3879
0.3858
0.5655
0.4373
0.394
0.4323
0.3843
0.4216
0.4827
0.3907
0.4076
0.5645
0.4887
0.5724
0.3815
0.5688
0.3768
0.3722
0.5715
0.3816
0.3736
0.5657
0.5652
0.3799
0.5626
0.5651
0.5735
0.3841
0.3783
0.3758
0.3615
0.3651
0.3646
0.5583
0.3658
0.5332
0.5643
0.5425
0.5049
0.6059
0.3953
0.5812
0.576
0.5874
0.3855
0.4271
0.6064
0.5156
0.3997
0.42
0.3876
0.3782
0.3743
0.3727
0.4219
0.3866
0.4346
0.4288
0.47
0.3787
0.5872
0.3898
0.3705
0.3681
4.4933
1.2302
6.2424
3.2239
3.39
0.3938
0.3786
0.3783
0.6127
2.3238
0.3835
0.3786
0.3733
0.3706
0.3791
0.3793
0.386
0.3767
0.373
0.3697
0.369
0.3717
0.3754
0.3744
0.3793
0.3841
0.3788
0.3688
0.3714

---------------------------------------
CodechalDecodeHevcG12::DecodeStateLevel
---------------------------------------
0.495
3.4673
0.5041
0.4539
3.6733
6.262
6.5408
1.9278
0.2578
0.5058
0.1837
0.2076
0.6144
0.2305
0.2328
0.1817
0.1855
0.463
0.2146
0.2183
0.1873
0.688
0.2502
0.1694
0.1837
0.1532
0.2355
0.167
0.1928
0.8891
0.2228
0.3976
0.1992
0.2931
0.9033
2.9183
0.2028
0.1617
0.2206
0.1596
0.2023
0.1598
0.2029
0.1548
0.1882
0.1505
0.1845
0.1483
0.1423
0.1166
0.1407
0.1176
0.1407
0.1164
0.1392
0.1171
0.1447
0.1194
0.1481
0.1221
0.1538
0.1256
0.2022
0.1338
0.1823
0.2821
0.154
0.1361
0.1687
0.1266
0.1478
0.1208
0.1615
0.1223
0.1517
0.1216
0.1463
0.1212
0.2151
0.1903
0.1671
0.122
0.1517
0.121
0.1615
0.1351
0.1477
0.12
0.1625
0.1237
0.207
0.1296
0.1481
0.1219
0.1579
0.1219
0.2155
0.1911
0.2198
0.1263
0.2178
0.1878
0.147
0.1195
0.2161
0.1885
0.1458
0.1202
0.1446
0.1196
0.2186
0.1915
0.1458
0.1193
0.1441
0.1219
0.2193
0.1909
0.2114
0.1949
0.1488
0.1206
0.2118
0.1928
0.2115
0.1968
0.2129
0.1913
0.1464
0.1208
0.1456
0.1217
0.1438
0.1166
0.1398
0.1155
0.1405
0.1193
0.1405
0.1194
0.2137
0.1894
0.1409
0.1176
0.2001
0.1806
0.2152
0.189
0.1627
0.2258
0.1785
0.1648
0.2382
0.1907
0.1503
0.1221
0.2206
0.1936
0.2174
0.1937
0.2172
0.1973
0.1455
0.1238
0.1644
0.1274
0.232
0.2028
0.1584
0.1877
0.1566
0.1203
0.1484
0.1444
0.1482
0.1199
0.146
0.1193
0.1451
0.1198
0.144
0.1212
0.1496
0.1336
0.1505
0.1189
0.1518
0.1558
0.1838
0.1236
0.1845
0.132
0.1471
0.1197
0.2214
0.1974
0.1541
0.1189
0.1432
0.1178
0.1426
0.1163
0.1813
3.89
0.1957
0.1804
0.2028
2.8328
0.1947
2.6394
0.1705
2.8429
0.1516
0.1244
0.1459
0.1183
0.1459
0.1217
0.1571
0.1676
0.1472
0.1192
0.1482
0.1205
0.1455
0.1192
0.1438
0.1192
0.1424
0.1178
0.1419
0.1261
0.1454
0.1195
0.1488
0.1211
0.1456
0.1194
0.1448
0.1186
0.1454
0.1182
0.1433
0.119
0.1443
0.1197
0.1445
0.1214
0.1458
0.1197
0.1464
0.1209
0.1502
0.1217
0.1471
0.12
0.1426
0.1192
0.1443
0.1188

-------------------------------------
CodechalDecodeHevcG12::SetFrameStates
-------------------------------------
5.6499
4.6652
0.9362
1.2394
3.4868
0.6454
0.1055
0.4713
0.0339
0.0392
0.034
0.0389
0.033
0.0432
0.0341
0.0381
0.117
1.7705
0.0378
0.0354
0.0335
0.0344
0.0329
0.0323
0.0307
0.0303
0.0298
0.0296
0.0317
0.0318
0.0338
0.0404
1.6959
0.0487
0.0389
0.0342
0.0385
0.033
0.0336
0.0456
0.0467
0.0369
0.0386
0.0336
0.0381
0.047
0.0334
0.0417
0.0438
0.0469
0.0477
0.0329
0.0459
0.032
0.031
0.0449
0.0345
0.0313
0.0434
0.0443
0.0319
0.0439
0.0431
0.0468
0.0324
0.032
0.0331
0.0309
0.0307
0.0297
0.0444
0.0306
0.0428
0.0446
0.0357
0.048
0.0424
0.0356
0.0469
0.0462
0.0483
0.0337
0.0387
0.0485
0.05
0.0357
0.0343
0.0342
0.0338
0.0315
0.0311
0.0343
0.033
0.0357
0.0348
0.0535
0.0329
0.052
0.0327
0.0328
0.032
0.3062
0.7209
3.0264
0.2653
0.2752
0.0345
0.0328
0.032
0.1888
1.9744
0.033
0.0319
0.0312
0.0309
0.0313
0.0325
0.0332
0.0311
0.0304
0.03
0.0305
0.0304
0.0308
0.0307
0.0325
0.0316
0.0324
0.0303
0.0311

--------------------------
CreateVideoDecoder_D3D11_1
--------------------------
14.1095

---------------------------
DestroyVideoDecoder_D3D11_1
---------------------------
0

----------------
First Frame Time
----------------
61.7035

--------------------------------------
VideoDecoderBeginFrame_WDDM2_4_D3D11_1
--------------------------------------
0.0077
0.0026
0.0023
0.0021
0.0022
0.0018
0.0021
0.0026
0.0018
0.0028
0.002
0.0027
0.0017
0.0031
0.0018
0.0027
0.002
0.0023
0.0024
0.0031
0.0019
0.0019
0.0021
0.0015
0.0016
0.0015
0.0017
0.0015
0.0023
0.0017
0.0016
0.0033
0.002
0.0023
0.0027
0.0019
0.0026
0.002
0.002
0.0024
0.0035
0.0023
0.0035
0.0021
0.0025
0.0026
0.0023
0.002
0.0017
0.0028
0.0031
0.002
0.0028
0.0021
0.0017
0.0024
0.0021
0.0019
0.0024
0.0027
0.0018
0.0027
0.0027
0.0039
0.0019
0.0019
0.002
0.0017
0.0016
0.0016
0.0025
0.0017
0.0028
0.0025
0.0022
0.0029
0.0034
0.0021
0.0026
0.003
0.0027
0.002
0.0027
0.0029
0.003
0.0022
0.002
0.002
0.0019
0.0018
0.0016
0.002
0.002
0.0027
0.0029
0.0031
0.0019
0.0028
0.0018
0.0018
0.0016
0.0019
0.0025
0.0024
0.0047
0.0025
0.0021
0.0018
0.0016
0.0017
0.0017
0.0017
0.0021
0.0016
0.0016
0.0015
0.0018
0.0016
0.0015
0.0015
0.0016
0.0014
0.0014
0.0017
0.0016
0.0015
0.0016
0.0017
0.0016
0.0016

----------------------------
VideoDecoderEndFrame_D3D11_1
----------------------------
0.0339
0.0548
0.0791
0.0778
0.0586
0.0615
0.059
0.0621
0.0553
0.0616
0.0695
0.0551
0.0607
0.0574
0.0546
0.0648
0.0558
0.0631
0.0595
0.0546
0.0587
0.054
0.0543
0.0522
0.0512
0.0513
0.0524
0.0511
0.0519
0.0514
0.0543
0.0559
0.0585
0.075
0.1222
0.0635
0.0535
0.0604
0.051
0.0747
0.055
0.0582
0.0697
0.0631
0.055
0.0527
0.0523
0.0528
0.0798
0.0548
0.0764
0.0537
0.079
0.0584
0.0522
0.0773
0.0614
0.0516
0.0752
0.0785
0.0534
0.0798
0.0771
0.0841
0.0582
0.057
0.0511
0.0524
0.0532
0.0522
0.0768
0.0511
0.0715
0.0778
0.0803
0.0776
0.0745
0.0817
0.0806
0.0807
0.0765
0.0527
0.0594
0.0777
0.0929
0.0563
0.056
0.0548
0.0522
0.0505
0.0502
0.0781
0.0529
0.0551
0.0564
0.055
0.0507
0.0765
0.0522
0.0497
0.0504
0.0591
0.0574
0.0814
0.056
0.0534
0.0562
0.0768
0.0527
0.0562
0.051
0.1016
0.1018
0.0532
0.0529
0.0527
0.0523
0.0531
0.0519
0.0518
0.0518
0.0518
0.0517
0.0547
0.052
0.0528
0.0542
0.0533
0.057
0.0529

---------------------------------
VideoDecoderSubmitBuffers_D3D11_1
---------------------------------
9.9584
5.785
10.9946
9.8325
4.7379
1.1553
1.0677
1.0274
0.7885
0.6026
1.0899
0.5937
0.7614
0.5935
1.2381
0.7934
0.723
5.7349
0.5266
0.5354
0.5148
0.6819
0.4847
0.4719
0.3863
0.3806
0.5489
0.7128
0.6947
0.7185
0.6435
0.5867
2.4838
0.4639
0.4577
0.4007
0.4393
0.5464
0.6475
0.8263
0.4613
0.4108
0.4535
0.3995
0.4417
0.5024
0.4069
0.7072
0.8417
0.5356
0.5936
0.3964
0.5883
0.3913
0.3848
0.5902
0.3971
0.3866
0.5839
0.5847
0.3942
0.5816
0.5843
0.5949
0.3987
0.392
0.391
0.3745
0.3778
0.3769
0.5763
0.3793
0.5525
0.5841
0.5608
0.5285
0.6285
0.4118
0.6031
0.5978
0.6084
0.4009
0.4468
0.6279
0.5376
0.4158
0.4349
0.4023
0.3922
0.3871
0.3855
0.4409
0.4024
0.4803
0.446
0.4938
0.3938
0.607
0.4059
0.3841
0.3811
4.5086
1.2496
6.2682
3.2551
3.4084
0.4094
0.3932
0.3917
0.6269
2.3391
0.3977
0.394
0.387
0.384
0.3925
0.3929
0.4002
0.3897
0.386
0.3827
0.3817
0.385
0.3882
0.3876
0.3929
0.3976
0.3919
0.3814
0.3851

