---------------------------------------------
CalcPrivateVideoDecoderOutputViewSize_D3D11_1
---------------------------------------------
0.0025
0.0016
0.0014
0.0015
0.0027
0.0013
0.0018
0.0011
0.0011
0.0017
0.0009
0.0016
0.001
0.0021
0.0012
0.0009
0.001
0.001
0.0012
0.0026
0.0013
0.0014
0.001
0.0008
0.0011
0.001
0.0011
0.0013
0.0025
0.0009
0.0009
0.0011
0.0008
0.0009
0.001
0.0013
0.0012
0.0011
0.0021
0.001
0.0012
0.0022
0.0035
0.0021
0.0015
0.0025
0.002
0.0019
0.0014
0.0021
0.0019
0.0019
0.0021
0.0013
0.0008
0.0019
0.0018
0.0022
0.0021
0.002
0.0021
0.0019
0.0022
0.0044
0.0021
0.0019
0.002
0.0012
0.0009
0.0016
0.001
0.0009
0.002
0.002
0.0021
0.002
0.0018
0.002
0.0021
0.0017
0.0018
0.0016
0.0017
0.0017
0.0019
0.0013
0.0021
0.0015
0.0017
0.001
0.0024
0.0017
0.0012
0.0017
0.0037
0.003
0.0018
0.0014
0.0013
0.0011
0.001
0.001
0.0009
0.0009
0.0009
0.0012
0.0014
0.0015
0.001
0.0007
0.0015
0.002
0.0014
0.0019
0.0021
0.0022
0.0021
0.0017
0.0023
0.002
0.0015
0.002
0.0017
0.0016
0.002
0.0016
0.0019
0.0013
0.002
0.0012
0.0017
0.0021
0.0019
0.0015
0.0023
0.0019
0.0018
0.0017
0.0017
0.002
0.0018
0.0038
0.0016
0.0016
0.0019
0.0011
0.0024
0.0015
0.002
0.0023
0.0015
0.002
0.0017
0.002
0.0023
0.0017
0.0016
0.0019
0.002
0.0016
0.0018
0.0015
0.0019
0.0011
0.0008
0.0013
0.001
0.002
0.002
0.0014
0.0017
0.0016
0.0016
0.0013
0.0017
0.0018
0.0017
0.0016
0.0017
0.0019
0.0022
0.0015
0.0017
0.002
0.0009
0.0019
0.0019
0.0015
0.0016
0.0016
0.0012
0.0019
0.0015
0.0012
0.0022
0.002
0.0022
0.0019
0.0019
0.0015
0.0017
0.0016
0.0019
0.0016
0.0014
0.0015
0.0013
0.0016
0.0019
0.0015
0.0016
0.0031
0.0016
0.0019
0.0017
0.0017
0.002
0.0016
0.0016
0.0016
0.0017
0.0019
0.0019
0.0018
0.0019
0.0025
0.0017
0.0021
0.0016
0.0018
0.0022
0.0012
0.002
0.0019
0.0018
0.0027
0.0014
0.0021
0.002
0.0021
0.002
0.0022
0.0017
0.002
0.0014
0.0018
0.0014
0.0017
0.0018
0.0017
0.0015
0.0011
0.0011
0.0022
0.002
0.002
0.002
0.002
0.002
0.0018
0.0017
0.002
0.0017
0.0022
0.0018
0.0017
0.0016
0.0016
0.0018
0.0019
0.0013
0.0008
0.002
0.0018
0.0016
0.0016
0.0017
0.0019
0.0019
0.0018
0.0021
0.0016
0.0016
0.0018
0.0021
0.0026
0.0016
0.0022
0.0018
0.0018
0.0027
0.0015
0.0018
0.0017
0.0018
0.0019
0.0019
0.0019
0.0022
0.001
0.0016
0.0017
0.0019
0.002
0.0009
0.0017
0.0017
0.0012
0.0021
0.0014
0.0019
0.0018
0.0015
0.0021
0.0017
0.002
0.0081
0.002
0.0016
0.0022
0.0013
0.0021
0.0018
0.0015
0.0019
0.0018
0.0013
0.0019
0.0016
0.0016
0.0022
0.0017
0.0021
0.0023
0.002
0.002
0.0016
0.0012
0.0021
0.0016
0.002
0.0018
0.0028
0.0021
0.0017
0.002
0.002
0.0018
0.0018
0.0022
0.0019
0.0012
0.0018
0.0023
0.0016
0.0019
0.001
0.0019
0.0017
0.0023
0.0018
0.0015
0.0021
0.0018
0.0021
0.0014
0.0016
0.0011
0.0018
0.0017
0.0017
0.0014
0.0019
0.0017
0.0021
0.0016
0.0022
0.0019
0.0012
0.0009
0.0017
0.0021
0.0021
0.0019
0.0014
0.0021
0.0022
0.0017
0.0012
0.002
0.002
0.0018
0.002
0.0012
0.002
0.0018
0.0017
0.0018
0.0018
0.0016
0.002
0.002
0.0019
0.0015
0.002
0.0015
0.0017
0.0019
0.0016
0.0019
0.0021
0.0011
0.0014
0.0022
0.0016
0.0022
0.0019
0.0018
0.0023
0.0018
0.0015
0.0026
0.0024
0.0019
0.0018
0.0057
0.002
0.0018
0.0017
0.0016
0.002
0.0021
0.0023
0.002
0.0018
0.0018
0.0017
0.0017
0.0015
0.0009
0.0019
0.0021
0.0017
0.002
0.002
0.0017
0.0016
0.0017
0.0017
0.0017
0.0017
0.0017
0.0019
0.0023
0.0016
0.0017
0.002
0.0016
0.0017
0.0015
0.001
0.002
0.0018
0.0016
0.0018
0.0021
0.0017
0.0023
0.0017
0.0019
0.0017
0.0017
0.0016
0.0017
0.009
0.0017
0.0018
0.002
0.0022
0.0021
0.0019
0.0011
0.002
0.002
0.0012
0.0008
0.0021
0.002
0.0021
0.0017
0.0019
0.0017
0.0016
0.0022
0.0024
0.0016
0.0023
0.0021
0.0019
0.0012
0.0016
0.0016
0.0019
0.0017
0.0017
0.0022
0.0033
0.0021
0.0019
0.0018
0.0015
0.0018
0.0013
0.0017
0.0015
0.0038
0.0016
0.0016
0.0011
0.0026
0.0019
0.0013
0.0018
0.0015
0.0015
0.0019
0.0014
0.0019
0.0017
0.0018
0.0021
0.0019
0.002
0.0019
0.002
0.001
0.0025
0.0016
0.0021
0.0013
0.0018
0.0017
0.0017
0.002
0.0019
0.0016
0.0018
0.0018
0.0019
0.0019
0.0021
0.0013
0.0017
0.0021
0.0019
0.0017
0.0021
0.0018
0.0012
0.002
0.0022
0.0021
0.002
0.0019
0.0014
0.0009
0.0009
0.002
0.002
0.002
0.0019
0.0014
0.0023
0.0021
0.0019
0.0012
0.0019
0.0017
0.0019
0.002
0.002
0.002
0.0019
0.0021
0.0012
0.0017
0.0019
0.0018
0.0013
0.0014
0.0013
0.0012
0.0017
0.0022
0.002
0.0019
0.0021
0.0021
0.002
0.0017

-----------------------
CodechalDecode::Execute
-----------------------
9.3136
2.8423
4.8213
3.059
8.7962
4.556
0.768
0.7871
0.7051
0.6577
0.6519
0.7028
0.6944
0.6913
0.7346
0.6867
0.6994
0.7368
0.701
0.7506
0.7844
0.7211
0.7298
0.7017
0.5056
0.5359
0.531
0.5151
0.5125
0.5311
0.5402
0.5126
0.497
0.4883
0.4959
0.5068
0.5199
0.5335
0.648
0.549
0.4978
0.5522
0.5747
0.6112
0.5452
0.5876
0.5631
0.5684
0.4888
0.5352
0.5603
0.5505
0.5645
0.5122
0.4834
0.5572
0.5578
0.5383
0.5457
0.5727
0.5364
0.5618
0.5618
0.5585
0.5549
0.5616
0.5615
0.5248
0.4965
0.9178
0.6112
0.6415
0.6244
0.9213
0.9136
0.5851
0.9334
0.9278
0.9097
0.5912
0.8907
0.5637
0.9175
0.9386
0.544
0.9028
0.5846
0.5831
0.5413
0.5187
0.9604
0.6128
0.5591
0.555
0.5537
0.5507
0.5615
0.5036
0.7748
0.5032
0.4932
0.5045
0.5053
0.4814
0.5337
0.4894
0.511
0.4928
0.492
0.5115
0.5102
0.561
0.5483
0.5333
0.5283
0.5391
0.5379
0.5397
0.5412
0.543
1.8046
0.55
0.5346
0.5377
0.543
0.5366
0.5431
0.52
0.5368
0.4917
0.5607
0.5479
0.543
0.4974
0.5379
0.5415
0.5263
0.6903
0.6086
0.5361
0.5343
0.5031
0.5164
0.5499
0.5628
0.4954
0.5433
0.5299
0.5396
0.5433
0.4951
0.533
0.53
0.5395
0.536
0.5301
0.5433
0.5407
0.5482
0.5221
0.5501
0.5243
0.5406
0.4991
0.4703
0.5441
0.5208
0.5565
0.5473
0.4919
0.7422
0.5152
0.5443
0.4884
0.5164
0.582
0.5063
0.503
0.5086
0.5357
0.5502
0.4936
0.5585
0.5384
0.5075
0.7389
0.7776
0.5233
0.5245
0.5109
0.5328
0.5425
0.5175
0.487
0.5367
0.5603
0.5307
0.7536
0.5031
0.7771
0.5081
0.6073
0.5242
0.5083
0.7528
0.5257
0.4926
0.5223
0.5059
0.6594
0.6947
0.6194
0.52
0.6133
0.7304
0.725
0.5287
0.5799
0.5315
0.5318
0.5364
0.5363
0.5416
0.5387
0.5327
0.5313
0.6277
0.5758
0.5431
0.5376
0.5451
0.5049
0.5759
0.5803
0.5324
0.5333
0.4921
0.5735
0.5399
0.5603
2.0339
0.7852
0.7081
0.5652
0.5452
0.7023
0.6563
0.5469
0.534
0.5314
0.658
0.6709
0.6663
0.5678
0.5628
0.5611
0.5798
0.5674
0.5734
0.5291
0.5298
0.5265
0.5332
0.5647
0.5273
0.5282
0.5278
0.5371
0.5271
0.5372
0.4979
0.5024
0.5298
0.5297
0.5382
0.5287
0.5357
0.6063
0.5922
0.5523
0.5751
0.5295
0.5383
0.523
0.5328
0.5354
0.5325
0.5474
0.5382
0.5175
0.5972
0.4967
0.5387
0.5367
0.5357
0.57
0.5529
0.5314
0.5497
0.5332
0.5477
0.5436
0.546
0.5517
0.5207
0.5323
0.5378
0.5177
0.545
0.4936
0.5436
0.5435
0.4853
0.5398
0.5386
0.5423
0.5392
0.5524
0.5394
0.5382
0.5074
0.5379
0.5337
0.4927
0.5732
0.5382
0.511
0.5456
0.5285
0.5324
0.5441
0.5336
0.5452
0.5421
0.5304
0.5421
0.5424
0.5025
0.5395
0.5398
0.5451
0.5066
0.5472
0.535
0.5415
0.5378
0.5372
0.5395
0.5375
0.5377
0.5471
0.5412
0.5568
0.5288
0.5367
0.5725
0.4899
0.5389
0.574
0.5462
0.5132
0.4865
0.5484
0.5388
0.537
0.5236
0.5359
0.4831
0.5432
0.5038
0.537
0.4904
0.5767
0.5354
0.5448
0.5429
0.5357
0.5409
0.5012
0.4672
0.5377
0.5351
0.5412
0.5464
0.4869
0.5378
0.5341
0.5442
0.4892
0.5491
0.5466
0.5397
0.541
0.5097
0.5872
0.5445
0.5399
0.5372
0.547
0.5384
0.5346
0.5363
0.5387
0.4921
0.5737
0.5435
0.491
0.567
0.5323
0.5361
0.548
0.487
0.4897
0.5477
0.5407
0.5375
0.5365
0.5328
0.5025
0.5432
0.5106
0.5421
0.5352
0.5468
0.534
0.4908
0.5694
0.9383
0.5401
0.9431
0.916
0.5933
0.907
0.9313
0.9538
0.9383
0.9412
0.9364
0.5259
0.6253
0.5882
0.926
0.9388
0.9303
0.937
0.9408
0.9417
0.9354
0.9389
0.9375
0.9373
0.9388
0.9369
0.877
0.5925
0.9298
0.935
0.9406
0.9364
0.5268
0.6021
0.5892
0.9364
0.9426
0.9356
0.9326
0.9375
0.9274
0.9173
0.9275
0.934
0.9527
0.5782
0.904
0.5648
0.9227
0.9188
0.9186
0.9329
0.6214
0.6143
0.5139
0.5967
0.5379
0.5092
0.4799
0.5389
0.5369
0.5387
0.5303
0.5339
0.5287
0.542
0.5415
0.5455
0.5409
0.5362
0.5301
0.5422
0.5049
0.5175
0.5854
0.5192
0.5511
0.5348
0.5308
0.5415
0.5023
0.5536
0.5467
0.4938
0.5495
0.5001
0.5563
0.502
0.5185
0.5472
0.5362
0.4908
0.5557
0.5504
0.519
0.5332
0.5359
0.4916
0.5467
0.5118
0.5631
0.5599
0.5388
0.5385
0.5421
0.5337
0.5533
0.5402
0.4863
0.5497
0.5395
0.5417
0.4941
0.5455
0.5106
0.5484
0.5803
0.564
0.5001
0.5438
0.5426
0.5477
0.5646
0.5624
0.5018
0.5443
0.5642
0.5718
0.5399
0.5654
0.5683
0.4943
0.5777
0.5453
0.5775
0.5713
0.5598
0.5083
0.5156
0.4869
0.5797
0.5581
0.5673
0.557
0.5122
0.5755
0.554
0.5166
0.5029
0.5508
0.5441
0.5581
0.5625
0.5604
0.5495
0.5702
0.575
0.4984
0.5428
0.5605
0.5632
0.4921
0.5197
0.4847
0.4835
0.5371
0.5366
0.5428
0.5584
0.5501
0.5762
0.6017
0.5595

---------------------------------------
CodechalDecodeHevcG12::DecodeStateLevel
---------------------------------------
0.2574
0.3876
3.5207
0.2956
0.2176
0.3179
1.858
0.1992
1.8302
0.5268
0.2082
1.8458
3.786
0.2326
4.1924
0.4457
0.1987
3.5713
0.1644
0.1697
0.2044
0.1741
0.1724
0.2032
0.1443
0.1752
0.1875
0.1364
0.1642
0.1953
0.1253
0.1653
0.1878
0.1284
0.1843
0.1902
0.144
0.169
0.1881
0.1211
0.1663
0.1999
0.1599
0.1764
0.1979
0.1324
0.1649
0.1986
0.1229
0.1764
0.1921
0.1393
0.1809
0.1976
0.1292
0.1678
0.2088
0.1835
0.1677
0.2034
0.1829
0.1752
0.2106
0.1483
0.185
0.1915
0.1374
0.1675
0.2081
0.1395
0.1698
0.208
0.0711
0.1652
0.1514
0.0806
0.1687
0.1531
0.0784
0.1719
0.1535
0.0778
0.1705
0.1467
0.0804
0.1646
0.1477
0.0865
0.1691
0.1518
0.0872
0.1729
0.1525
0.0787
0.1695
0.1447
0.0717
0.1641
0.1423
0.0707
0.1633
0.1449
0.0695
0.1668
0.1463
0.0784
0.1641
0.1477
0.0809
0.168
0.1491
0.0815
0.1652
0.1536
0.1194
0.1941
0.16
0.1018
0.1649
0.1456
0.0722
0.1591
0.1459
0.0859
0.1778
0.1483
0.0966
0.1701
0.1486
0.1054
0.1811
0.1643
0.0871
0.172
0.1513
0.1004
0.1806
0.1541
0.0964
0.1652
0.15
0.1001
0.1703
0.1477
0.0719
0.159
0.1443
0.0851
0.1679
0.1467
0.0919
0.1686
0.1505
0.0913
0.1678
0.153
0.1012
0.1666
0.1473
0.0847
0.1584
0.1437
0.0683
0.1607
0.144
0.0974
0.1644
0.1444
0.0928
0.1666
0.1471
0.0873
0.1658
0.1462
0.0879
0.1702
0.1488
0.0981
0.1709
0.1509
0.0892
0.1649
0.1468
0.0975
0.1652
0.1467
0.0949
0.1688
0.1468
0.0928
0.1672
0.1484
0.0928
0.1677
0.1466
0.0948
0.1686
0.1483
0.0954
0.1663
0.1474
0.0808
0.1627
0.1462
0.0743
0.1589
0.1456
0.0879
0.1729
0.1486
0.075
0.1575
0.1442
0.0708
0.1556
0.1485
0.084
0.1665
0.1481
0.0846
0.1668
0.1483
0.0825
0.1641
0.1481
0.0847
0.1638
0.1487
0.0826
0.1641
0.1478
0.0848
0.1628
0.1468
0.0837
0.1623
0.1459
0.0855
0.1629
0.1464
0.0829
0.1941
0.1517
0.0836
0.165
0.1456
0.0824
0.1618
0.1455
0.0871
0.2349
0.184
0.0867
0.1634
0.147
0.0778
0.1569
0.1454
0.0878
0.1646
0.1483
0.1122
0.1691
0.1487
0.0843
0.1652
0.148
0.075
0.1591
0.146
0.0772
0.1576
0.1471
0.0952
0.1702
0.149
0.083
0.1613
0.1486
0.0904
0.1752
0.1476
0.0928
0.1645
0.1498
0.0938
0.1658
0.151
0.0979
0.1654
0.1542
0.0779
0.1601
0.1469
0.0737
0.171
0.1588
0.0733
0.1683
0.1474
0.0733
0.1626
0.1474
0.0748
0.159
0.1542
0.0748
0.1633
0.1529
0.0731
0.1557
0.1447
0.0928
0.1657
0.1481
0.0713
0.1626
0.1456
0.0721
0.1685
0.1479
0.0724
0.1585
0.1464
0.0753
0.1579
0.1446
0.0886
0.1577
0.1449
0.0772
0.1618
0.1489
0.0927
0.17
0.1477
0.0943
0.1746
0.1469
0.084
0.1658
0.1462
0.0857
0.1634
0.1468
0.0907
0.1644
0.1473
0.0893
0.1656
0.1471
0.0894
0.164
0.1474
0.0908
0.1657
0.1482
0.0901
0.1663
0.1482
0.0903
0.1822
1.0855
0.0895
0.1733
0.1489
0.0861
0.168
0.1495
0.0876
0.1652
0.1473
0.088
0.1666
0.1541
0.0876
0.1661
0.1493
0.0889
0.167
0.1505
0.0812
0.1593
0.1459
0.0844
0.1701
0.1483
0.0714
0.1578
0.147
0.0798
0.1743
0.1464
0.0851
0.1753
0.1506
0.0902
0.1681
0.1483
0.0737
0.159
0.1459
0.0862
0.1674
0.1485
0.09
0.1666
0.1479
0.0834
0.1646
0.1483
0.0993
0.2597
0.1701
0.1154
0.1902
0.149
0.09
0.1644
0.1453
0.0884
0.1635
0.1455
0.0761
0.1574
0.1448
0.0767
0.168
0.1479
0.0938
0.1677
0.15
0.0968
0.1688
0.1488
0.0728
0.1604
0.1447
0.0869
0.1718
0.1496
0.083
0.1616
0.1503
0.0861
0.1693
0.1502
0.0903
0.1679
0.1497
0.0737
0.1577
0.1458
0.0872
0.1646
0.1477
0.0837
0.1647
0.149
0.0882
0.169
0.1472
0.0871
0.1668
0.1481
0.0848
0.1644
0.149
0.0912
0.167
0.1492
0.0895
0.1657
0.1476
0.0955
0.167
0.1482
0.083
0.1615
0.1462
0.0846
0.1765
0.1472
0.0793
0.1642
0.1481
0.0847
0.1708
0.1509
0.0749
0.1602
0.1435
0.0656
0.154
0.1428
0.0928
0.1665
0.1474
0.0913
0.1586
0.1437
0.0932
0.1645
0.1513
0.0903
0.1669
0.1491
0.0732
0.1594
0.1458
0.1006
0.2428
0.2309
0.0824
0.1589
0.1464
0.0866
0.1745
0.1479
0.0706
0.1591
0.1459
0.0806
0.1615
0.1501
0.1006
0.1726
0.156
0.0755
0.1613
0.1495
0.0751
0.1624
0.1459
0.0739
0.161
0.1465
0.0843
0.1656
0.1498
0.0927
0.1674
0.1479
0.0756
0.1575
0.1452
0.0818
0.1642
0.1477
0.0853
0.1702
0.1496
0.0704
0.1587
0.1611
0.0995
0.2429
0.2326
0.1079
0.2537
0.2312
0.0746
0.1692
0.1581
0.0791
0.1639
0.1565
0.0795
0.1602
0.1463
0.0915
0.1628
0.1532
0.0882
0.1661
0.1515
0.0768
0.1633
0.1489
0.0731
0.1588
0.1451
0.0855
0.1652
0.1495
0.1
0.1709
0.1491
0.0845
0.1668
0.1482
0.101
0.2415
0.2391
0.0774
0.1595
0.1472
0.109
0.25
0.2362
0.0761
0.1614
0.1472
0.108
0.164
0.1883
0.0759
0.1719
0.1471
0.0756
0.1626
0.1512
0.1021
0.2501
0.2332
0.0886
0.1606
0.1469
0.0764
0.1581
0.1467
0.0797
0.1666
0.1477
0.0745
0.1589
0.149
0.1023
0.1937
0.1861
0.0994
0.2531
0.1937
0.1019
0.1638
0.1949
0.0831
0.1642
0.1508
0.0794
0.1692
0.2102
0.1425
0.2477
0.1738
0.1169
0.2583
0.1832
0.0847
0.1642
0.1481
0.1125
0.172
0.1483
0.0891
0.1636
0.1465
0.0839
0.1613
0.155
0.0874
0.1652
0.1487
0.0878
0.1646
0.1493
0.0877
0.1678
0.1499
0.0901
0.1665
0.1482
0.0862
0.1661
0.1485
0.0846
0.1656
0.1477
0.1828
0.1684
0.1489
0.094
0.1789
0.151
0.0901
0.168
0.149
0.0915
0.1649
0.1477
0.0916
0.1686
0.1485
0.0787
0.1594
0.1469
0.0932
0.18
0.1496
0.1038
0.1745
0.1533
0.0848
0.1643
0.1486
0.0854
0.1639
0.1486
0.0722
0.1566
0.1451
0.0972
0.1755
0.1496
0.0904
0.1648
0.1481
0.0979
0.1673
0.1492
0.1028
0.1882
1.2907
0.1267
0.219
0.1678
0.0944
0.2153
0.2271
0.095
0.1743
0.1529
0.0774
0.1616
0.1534
0.1079
0.2198
0.2092
0.0956
0.2097
0.2006
0.092
0.1696
0.1493
0.0874
0.1665
0.151
0.0853
0.166
0.1499
0.0931
0.2142
0.2039
0.0885
0.2223
0.2136
0.0912
0.2182
0.2117
0.0882
0.1653
0.1487
0.0873
0.1627
0.1482
0.0873
0.1622
0.1464
0.0887
0.1645
0.1479
0.0849
0.1656
0.1541
0.0874
0.1683
0.1519
0.0851
0.1659
0.1473
0.0853
0.164
0.1482
0.085
0.1629
0.1469
0.0871
0.1652
0.1475
0.1038
0.1674
0.1506
0.0823
0.1681
0.1499
0.0838
0.1654
0.1475
0.0852
0.1659
0.1476
0.0903
0.1679
0.1478
0.084
0.1638
0.1491
0.0912
0.166
0.1491
0.075
0.1581
0.1458
0.0721
0.1724
0.1465
0.0846
0.1681
0.1481
0.0839
0.166
0.1509
0.0849
0.1727
0.1473
0.0844
0.1654
0.1496
0.0899
0.1648
0.1482
0.1145
0.1861
0.1521
0.1034
0.1777
0.1491
0.0897
0.1688
0.154
0.0944
0.1755
0.1603
0.0863
0.1652
0.1466
0.0866
0.1696
0.1472
0.0836
0.162
0.1459
0.0901
0.1651
0.1459
0.0865
0.1606
0.1549
0.0872
0.1646
0.1483
0.0921
0.1707
0.1516
0.0897
0.1674
0.1502
0.0756
0.1625
0.1493
0.1087
0.1819
0.1541
0.0773
0.1584
0.1455
0.0916
0.1669
0.1466
0.0894
0.1659
0.1477
0.0886
0.1636
0.1502
0.0975
0.1749
0.147
0.0919
0.1657
0.1488
0.0845
0.1648
0.1495
0.0898
0.1716
0.1496
0.0935
0.1622
0.1481
0.088
0.175
0.149
0.0901
0.1675
0.1478
0.0898
0.1668
0.1525
0.0935
0.169
0.1503
0.0861
0.1596
0.1469
0.0846
0.1656
0.1504
0.0863
0.1682
0.1494
0.0815
0.1593
0.1466
0.0868
0.1743
0.1489
0.0722
0.1565
0.1465
0.0871
0.1709
0.1483
0.0899
0.1676
0.1503
0.0693
0.1575
0.1449
0.0843
0.1701
0.1478
0.0852
0.1697
0.1481
0.0895
0.1715
0.1482
0.0879
0.1651
0.1476
0.0893
0.167
0.1589
0.088
0.1675
0.1497
0.0878
0.1648
0.1472
0.076
0.1587
0.1459
0.0856
0.1704
0.1478
0.0843
0.168
0.1473
0.0698
0.1607
0.1473
0.0916
0.1777
0.1493
0.089
0.1663
0.1477
0.0799
0.159
0.1445
0.0866
0.1711
0.1518
0.0817
0.1662
0.1474
0.0829
0.1686
0.149
0.0906
0.1701
0.1479
0.086
0.1668
0.1483
0.0887
0.1693
0.1498
0.0884
0.1677
0.1505
0.0847
0.1642
0.1478
0.0886
0.1672
0.1514
0.0852
0.1739
0.1495
0.0738
0.1622
0.1456
0.0833
0.1729
0.1512
0.0896
0.1684
0.1469
0.09
0.1676
0.1484
0.0758
0.1641
0.1473
0.0857
0.1759
0.1485
0.0881
0.1662
0.1457
0.0852
0.1719
0.1486
0.0859
0.1683
0.1488
0.0861
0.1678
0.1483
0.087
0.1688
0.1501
0.0881
0.1668
0.1475
0.0889
0.1666
0.1479
0.0892
0.1696
0.1499
0.0905
0.1669
0.1484
0.0905
0.176
0.1487
0.0829
0.1648
0.1485
0.0851
0.1703
0.1485
0.0908
0.1766
0.1659
0.0705
0.1587
0.1479
0.0904
0.1662
0.1472
0.1065
0.169
0.1479
0.089
0.1696
0.1494
0.0847
0.1571
0.1387
0.0701
0.1573
0.1439
0.0856
0.1787
0.1482
0.0899
0.1669
0.148
0.0897
0.1654
0.1486
0.0881
0.1613
0.1473
0.0856
0.1695
0.1474
0.0695
0.1555
0.1436
0.0833
0.1754
0.1481
0.0755
0.1639
0.1477
0.0836
0.1714
0.147
0.0702
0.1583
0.1455
0.0993
0.176
0.1474
0.0869
0.1662
0.1474
0.0891
0.1695
0.1498
0.0882
0.1719
0.1479
0.0848
0.1678
0.1482
0.0877
0.1696
0.1484
0.0748
0.1613
0.1445
0.0665
0.1523
0.1413
0.0869
0.1665
0.1463
0.087
0.1663
0.1464
0.0893
0.1637
0.1474
0.0918
0.1668
0.1507
0.0694
0.1592
0.145
0.0837
0.1728
0.148
0.084
0.1687
0.1491
0.0886
0.1713
0.1499
0.0708
0.1588
0.1464
0.0862
0.1755
0.1487
0.0883
0.1695
0.1512
0.0883
0.1664
0.1483
0.0864
0.1713
0.1483
0.0804
0.1603
0.1452
0.0953
0.1745
0.165
0.0893
0.1715
0.1489
0.0888
0.1683
0.1494
0.0881
0.1666
0.147
0.0905
0.1686
0.1492
0.089
0.1675
0.1481
0.0848
0.1688
0.149
0.0849
0.1689
0.1494
0.0866
0.1689
0.1491
0.0728
0.1584
0.1446
0.0916
0.1784
0.1492
0.09
0.169
0.1496
0.0763
0.1571
0.1445
0.0888
0.1882
0.1511
0.0837
0.1684
0.1486
0.0862
0.1693
0.1474
0.0878
0.1742
0.1505
0.0718
0.1571
0.1453
0.0751
0.1581
0.1449
0.0856
0.1754
0.1493
0.0896
0.1678
0.1488
0.0878
0.1661
0.1481
0.0846
0.1699
0.148
0.0848
0.1669
0.1489
0.0739
0.1625
0.1455
0.0871
0.1713
0.1492
0.0703
0.1774
0.149
0.0852
0.1704
0.149
0.085
0.1661
0.149
0.0901
0.1679
0.1523
0.0845
0.1669
0.1462
0.0699
0.1582
0.1469
0.0908
0.1775
0.1483
0.088
0.1671
0.1479
0.0853
0.168
0.149
0.0877
0.1665
0.1481
0.0903
0.1681
0.1514
0.0858
0.1665
0.1492
0.0816
0.1672
0.1472
0.0818
0.165
0.1468
0.0828
0.1663
0.1484
0.0839
0.1658
0.1493
0.0844
0.1655
0.1506
0.0837
0.1656
0.1497
0.084
0.1644
0.1478
0.0856
0.1669
0.1483
0.0834
0.1652
0.1487
0.0806
0.166
0.1496
0.0829
0.1655
0.149
0.0834
0.1644
0.1482
0.0847
0.1651
0.1477
0.0835
0.1658
0.1677
0.0862
0.1672
0.1492
0.0843
0.1644
0.1491
0.0818
0.1659
0.149
0.0818
0.1646
0.1478
0.0822
0.1663
0.1489
0.0848
0.1661
0.1492
0.0834
0.1664
0.1506
0.0834
0.1645
0.1485
0.085
0.1676
0.1486
0.0854
0.166
0.1488
0.081
0.1676
0.1537
0.082
0.1648
0.1489
0.0819
0.1651
0.1485
0.0824
0.1655
0.1497
0.086
0.1655
0.1519
0.0863
0.1661
0.1474
0.084
0.164
0.1477
0.0851
0.1654
0.1481
0.0817
0.1647
0.1493
0.0817
0.1644
0.1483
0.0823
0.1654
0.1484
0.0825
0.166
0.1517
0.0851
0.1643
0.1485
0.0844
0.1632
0.1477
0.0837
0.1649
0.1492
0.0839
0.1657
0.1497
0.0861
0.1674
0.148
0.0872
0.1689
0.1479
0.0908
0.1701
0.1493
0.1045
0.1743
0.1495
0.0958
0.1672
0.149
0.0847
0.1653
0.1472
0.0844
0.1635
0.1479
0.0879
0.1681
0.1509
0.0837
0.1566
0.1376
0.0833
0.1643
0.147
0.0832
0.167
0.1485
0.0876
0.1684
0.1478
0.0794
0.1607
0.1456
0.0691
0.1571
0.146
0.0881
0.1665
0.1466
0.0894
0.1674
0.1474
0.0866
0.1701
0.1481
0.0832
0.1674
0.1494
0.0861
0.1673
0.1475
0.0853
0.1647
0.1478
0.0902
0.1658
0.1482
0.0889
0.169
0.1486
0.0855
0.1675
0.157
0.0899
0.1675
0.1483
0.0859
0.1688
0.1466
0.0841
0.1652
0.1477
0.0868
0.1707
0.1499
0.0761
0.1632
0.1488
0.0766
0.1691
0.1491
0.089
0.1741
0.166
0.0778
0.1653
0.1459
0.0872
0.174
0.1489
0.0849
0.169
0.1477
0.086
0.1645
0.1477
0.0912
0.1682
0.1477
0.073
0.1603
0.1511
0.0886
0.1743
0.1521
0.0925
0.1688
0.151
0.0767
0.1568
0.1461
0.0885
0.1732
0.1486
0.0729
0.1638
0.1501
0.0859
0.1756
0.151
0.077
0.1647
0.1456
0.0769
0.1689
0.1468
0.0876
0.1708
0.1503
0.0894
0.165
0.1477
0.0724
0.1572
0.1482
0.0909
0.176
0.15
0.087
0.1718
0.1539
0.0845
0.1618
0.1469
0.0838
0.1656
0.1478
0.0878
0.1661
0.1483
0.0709
0.1582
0.1462
0.0889
0.1726
0.1492
0.0786
0.1577
0.1461
0.088
0.1735
0.148
0.0835
0.1934
0.1514
0.0861
0.1699
0.1477
0.0843
0.1698
0.1504
0.0903
0.1675
0.1483
0.0859
0.167
0.1485
0.0993
0.1685
0.1507
0.0882
0.167
0.1517
0.0708
0.1578
0.1444
0.0863
0.1784
0.1487
0.0868
0.1694
0.1487
0.0872
0.1696
0.1498
0.0721
0.1613
0.1464
0.0872
0.1717
0.1473
0.0799
0.1598
0.1463
0.09
0.1715
0.1493
0.0955
0.1796
0.1486
0.0926
0.1707
0.1484
0.0731
0.1646
0.1462
0.0859
0.1728
0.1475
0.0898
0.1678
0.1485
0.0897
0.1695
0.1525
0.0969
0.1694
0.1484
0.0951
0.1677
0.1507
0.076
0.1608
0.1476
0.0837
0.1736
0.1503
0.0949
0.1713
0.1481
0.0951
0.1729
0.1501
0.088
0.1682
0.1488
0.0994
0.1685
0.1476
0.0981
0.1692
0.1501
0.0753
0.1585
0.1461
0.0939
0.1752
0.1538
0.0869
0.1723
0.1498
0.0985
0.1748
0.1511
0.0958
0.1725
0.1488
0.0947
0.169
0.1489
0.0751
0.1631
0.1466
0.0886
0.1601
0.1461
0.0713
0.1574
0.1456
0.0935
0.1807
0.1495
0.092
0.1714
0.1472
0.0963
0.1722
0.1491
0.0915
0.1686
0.1474
0.0794
0.1628
0.1459
0.094
0.1771
0.1493
0.0915
0.1755
0.1496
0.0822
0.1635
0.1486
0.0721
0.1653
0.1468
0.0863
0.1768
0.1503
0.0911
0.1714
0.1478
0.0904
0.174
0.1545
0.1
0.1723
0.1489
0.0949
0.1678
0.1477
0.0902
0.1697
0.1538
0.0999
0.1704
0.1481
0.1004
0.1708
0.1481
0.0729
0.1633
0.1463
0.0853
0.1727
0.1494
0.093
0.1686
0.1493
0.095
0.1694
0.1495
0.0722
0.1575
0.1452
0.0918
0.158
0.1456
0.07
0.1568
0.1465
0.0697
0.1566
0.1457
0.0862
0.1679
0.1479
0.0848
0.1683
0.1481
0.0866
0.171
0.1489
0.0938
0.1681
0.1471
0.0906
0.1706
0.1507
0.0998
0.1704
0.149
0.1019
0.182
0.1525
0.0937
0.1732
0.1501

-------------------------------------
CodechalDecodeHevcG12::SetFrameStates
-------------------------------------
4.8949
1.8744
0.8008
0.3447
0.3614
0.1768
0.0778
0.087
0.0087
0.0083
0.008
0.0119
0.0086
0.0084
0.0074
0.0073
0.0076
0.0083
0.0075
0.0116
0.009
0.0092
0.0076
0.0074
0.0076
0.0083
0.0131
0.0087
0.0081
0.0079
0.0084
0.0086
0.008
0.0072
0.0071
0.0074
0.0076
0.0097
0.0174
0.0109
0.0099
0.0119
0.0152
0.0142
0.0114
0.0117
0.0136
0.0138
0.0092
0.0109
0.0141
0.0109
0.0136
0.0092
0.0075
0.014
0.0138
0.0106
0.0107
0.0143
0.0105
0.0138
0.0137
0.0148
0.0137
0.0137
0.014
0.0088
0.0097
0.0115
0.0087
0.0089
0.0102
0.0103
0.0106
0.0115
0.0106
0.0105
0.0104
0.0112
0.0104
0.0108
0.0103
0.0129
0.0107
0.0087
0.0106
0.0138
0.0105
0.0084
0.0083
0.011
0.0106
0.0123
0.0185
0.011
0.0127
0.0097
0.2585
0.0093
0.0075
0.0076
0.0088
0.007
0.0093
0.007
0.0101
0.0087
0.0077
0.0094
0.0098
0.0148
0.0124
0.0107
0.0106
0.0108
0.0106
0.0121
0.0106
0.0105
0.3098
0.0109
0.0105
0.0124
0.0108
0.0104
0.0105
0.0128
0.0107
0.009
0.0464
0.0115
0.0105
0.009
0.0107
0.0106
0.0104
0.0167
0.0139
0.0108
0.0107
0.0111
0.0104
0.0123
0.0141
0.0086
0.0106
0.0136
0.0105
0.0105
0.0093
0.0106
0.0106
0.0121
0.0104
0.0104
0.0106
0.0105
0.0107
0.0131
0.012
0.0134
0.0106
0.0087
0.0074
0.0111
0.0108
0.0138
0.0138
0.0094
0.0122
0.0124
0.0115
0.0089
0.0096
0.0156
0.0108
0.0095
0.0103
0.0107
0.0139
0.0088
0.0464
0.0104
0.0108
0.0115
0.0131
0.0104
0.0093
0.0089
0.0108
0.0139
0.0125
0.0083
0.0138
0.014
0.0106
0.0119
0.0097
0.0135
0.0115
0.009
0.0104
0.0097
0.0118
0.0114
0.008
0.0102
0.011
0.0127
0.0116
0.0139
0.0101
0.0103
0.015
0.0164
0.0119
0.0147
0.0107
0.0106
0.0107
0.0107
0.0125
0.0105
0.0105
0.0104
0.0106
0.0149
0.0105
0.0106
0.0105
0.0093
0.0154
0.0137
0.0107
0.0104
0.0085
0.0151
0.0105
0.0135
0.287
0.0556
0.0132
0.0114
0.0099
0.0137
0.0112
0.0109
0.0106
0.0108
0.01
0.0101
0.0093
0.0108
0.0106
0.0106
0.0134
0.0105
0.0103
0.0113
0.0114
0.0113
0.0115
0.0132
0.0102
0.0124
0.0106
0.0105
0.0103
0.0105
0.0088
0.0071
0.0107
0.0106
0.0103
0.0106
0.0105
0.0139
0.0175
0.013
0.0152
0.0109
0.0122
0.0107
0.011
0.0118
0.0103
0.0105
0.0104
0.0102
0.0163
0.01
0.0108
0.0104
0.0107
0.0139
0.014
0.0106
0.0111
0.0113
0.0106
0.0114
0.0105
0.0107
0.011
0.0105
0.0106
0.012
0.0107
0.0089
0.0106
0.0105
0.0083
0.0106
0.0108
0.0107
0.0124
0.0104
0.0105
0.0106
0.0122
0.0107
0.0105
0.0085
0.0152
0.0105
0.0111
0.0106
0.0106
0.0104
0.0109
0.0103
0.0107
0.0105
0.0104
0.0105
0.0123
0.01
0.0108
0.0107
0.0106
0.01
0.0118
0.0106
0.0105
0.0117
0.0105
0.0106
0.0106
0.0105
0.0107
0.013
0.0128
0.0105
0.0105
0.0107
0.0085
0.0105
0.0137
0.0107
0.0106
0.0093
0.012
0.0106
0.0105
0.0113
0.0106
0.008
0.011
0.0083
0.0107
0.0084
0.0151
0.0106
0.0106
0.0106
0.0106
0.0105
0.0087
0.0074
0.0137
0.0106
0.0105
0.0104
0.0087
0.0106
0.0106
0.0105
0.0082
0.0116
0.0106
0.0107
0.0106
0.0108
0.0152
0.0108
0.0106
0.0104
0.011
0.0106
0.0104
0.0105
0.0105
0.0098
0.0157
0.0105
0.0089
0.0115
0.0106
0.0105
0.0108
0.0092
0.0084
0.0115
0.0106
0.0105
0.0106
0.0105
0.0091
0.0107
0.0083
0.0114
0.0106
0.0105
0.0106
0.009
0.0152
0.0104
0.0131
0.0104
0.0108
0.0104
0.0104
0.0105
0.0105
0.0104
0.0105
0.0104
0.0103
0.0127
0.0104
0.0104
0.0106
0.0104
0.0106
0.0106
0.0106
0.0103
0.0105
0.0104
0.0105
0.0105
0.0105
0.0106
0.0115
0.0105
0.0102
0.0105
0.0112
0.0104
0.0106
0.0106
0.0105
0.0105
0.0105
0.0107
0.0105
0.0105
0.0121
0.0104
0.0105
0.0104
0.013
0.0109
0.0144
0.0138
0.0136
0.0105
0.0104
0.0114
0.0108
0.0099
0.0103
0.0107
0.0091
0.0074
0.0106
0.0105
0.0105
0.0104
0.0108
0.0105
0.0126
0.0107
0.0107
0.0105
0.0107
0.0104
0.0106
0.0103
0.0109
0.012
0.0151
0.0119
0.0106
0.0106
0.0108
0.0094
0.0115
0.0105
0.0087
0.0113
0.0079
0.0129
0.0098
0.0093
0.0115
0.0107
0.0092
0.0116
0.0108
0.0111
0.0107
0.0104
0.0082
0.0107
0.0105
0.0107
0.0104
0.0129
0.0107
0.0108
0.0105
0.0104
0.0103
0.009
0.0114
0.0109
0.0107
0.009
0.0128
0.0105
0.0117
0.0155
0.016
0.009
0.0107
0.0108
0.0106
0.014
0.0138
0.0084
0.0107
0.0142
0.014
0.0104
0.0146
0.0139
0.0083
0.0153
0.0106
0.0146
0.014
0.0141
0.0089
0.0103
0.0076
0.0154
0.0139
0.0139
0.014
0.0103
0.0149
0.0108
0.0097
0.0086
0.0115
0.0107
0.0111
0.0108
0.0138
0.0105
0.0144
0.0143
0.0095
0.0105
0.0141
0.0138
0.0081
0.0103
0.0071
0.0071
0.0106
0.0106
0.0105
0.0148
0.0107
0.0143
0.0144
0.0108

--------------------------
CreateVideoDecoder_D3D11_1
--------------------------
22.7858
18.9302
17.5295
12.1816

---------------------------
DestroyVideoDecoder_D3D11_1
---------------------------
16.108
15.1204
63.474
0

---------------------
DxvaEncodeHEVC_Create
---------------------
22.6046
18.7752
17.365

-----------------------
DxvaEncodeHEVC_EndFrame
-----------------------
0.0018
0.0013
0.0011
0.0013
0.0013
0.0008
0.0013
0.0006
0.0009
0.0016
0.0007
0.0007
0.0008
0.0026
0.0007
0.0008
0.0006
0.0008
0.0007
0.0031
0.0007
0.0006
0.0006
0.0007
0.0008
0.0007
0.0007
0.0004
0.004
0.0005
0.0006
0.0005
0.0006
0.0006
0.0006
0.0005
0.0005
0.0008
0.0005
0.0006
0.0005
0.0006
0.0022
0.0006
0.0007
0.0004
0.0007
0.0006
0.0006
0.0007
0.0005
0.0006
0.0008
0.0007
0.0006
0.0007
0.0006
0.0006
0.0007
0.0005
0.0006
0.0006
0.0005
0.0021
0.0006
0.0007
0.0007
0.0006
0.0006
0.0005
0.0007
0.0006
0.0008
0.0008
0.0008
0.0008
0.0008
0.0009
0.0008
0.0012
0.0008
0.0012
0.0008
0.0009
0.0008
0.0011
0.0039
0.001
0.0008
0.0008
0.0008
0.0009
0.0011
0.0008
0.0028
0.0006
0.0008
0.0008
0.0006
0.0009
0.0009
0.0007
0.0006
0.0009
0.0011
0.0009
0.0008
0.0007
0.0008
0.0008
0.0008
0.0009
0.0008
0.0007
0.0009
0.0008
0.0007
0.0007
0.0005
0.0009
0.0006
0.0007
0.0006
0.0009
0.0007
0.0005
0.0007
0.0006
0.0008
0.0009
0.0006
0.0006
0.0008
0.0007
0.0006
0.0009
0.0007
0.0009
0.0006
0.0006
0.0009
0.0026
0.0006
0.0005
0.0005
0.0006
0.0008
0.0008
0.0006
0.0009
0.0008
0.0006
0.0009
0.0008
0.0007
0.0008
0.0007
0.0006
0.0009
0.0006
0.0009
0.0006
0.0009
0.0007
0.0005
0.0009
0.0008
0.0008
0.0009
0.0009
0.0008
0.0008
0.0008
0.0012
0.0008
0.001
0.0008
0.0008
0.0008
0.0007
0.0008
0.0013
0.0007
0.001
0.0011
0.0007
0.0012
0.0009
0.0011
0.0011
0.0008
0.0016
0.0009
0.0009
0.0012
0.0009
0.0007
0.0009
0.0008
0.0008
0.0009
0.0007
0.0008
0.0008
0.0008
0.0009
0.0008
0.0011
0.0011
0.0008
0.0009
0.0045
0.0009
0.0011
0.0013
0.0009
0.0009
0.0009
0.0008
0.0008
0.0006
0.0007
0.0007
0.0009
0.0015
0.0009
0.0007
0.0006
0.0006
0.0007
0.0009
0.0007
0.0009
0.0009
0.0006
0.0008
0.0007
0.0009
0.0009
0.0008
0.001
0.0009
0.0007
0.0009
0.0009
0.0009
0.0009
0.0008
0.0008
0.0012
0.0009
0.0009
0.0008
0.0008
0.0009
0.0008
0.0009
0.0008
0.0009
0.0008
0.0008
0.0016
0.0008
0.0009
0.0009
0.0009
0.0008
0.0007
0.0009
0.0008
0.0008
0.0008
0.0009
0.0008
0.0008
0.0007
0.0008
0.0009
0.0011
0.0009
0.0007
0.0009
0.0007
0.0008
0.0009
0.0007
0.0009
0.0008
0.0007
0.0008
0.0007
0.0008
0.0007
0.0007
0.0005
0.0008
0.0007
0.0006
0.0009
0.0008
0.0006
0.0005
0.0005
0.0009
0.0006
0.0005
0.0008
0.0006
0.0009
0.0006
0.0005
0.0008
0.0006
0.0007
0.0007
0.0006
0.0036
0.0005
0.0013
0.0008
0.0006
0.0005
0.0009
0.0006
0.0006
0.0008
0.0007
0.0008
0.0008
0.0008
0.0006
0.0006
0.0005
0.0007
0.0006
0.0008
0.0009
0.0007
0.0006
0.0005
0.0008
0.0008
0.0008
0.0007
0.0006
0.0007
0.0006
0.0005
0.0006
0.0006
0.0008
0.0009
0.0006
0.0005
0.0006
0.0006
0.0005
0.0004
0.0006
0.0005
0.0008
0.0005
0.0005
0.0005
0.0008
0.0006
0.0008
0.0007
0.0008
0.0008
0.0009
0.0007
0.0006
0.0006
0.0006
0.0006
0.0006
0.0005
0.0005
0.0004
0.0004
0.0006
0.0005
0.0009
0.0008
0.0007
0.0006
0.0008
0.0005
0.0006
0.0005
0.0006
0.0009
0.0006
0.0006
0.0007
0.0006
0.0005
0.0006
0.0006
0.0005
0.0004
0.0009
0.0005
0.0006
0.0008
0.0005
0.0004
0.0005
0.0005
0.0005
0.0008
0.0005
0.0007
0.0006
0.0005
0.0006
0.0009
0.0006
0.0008
0.0008
0.0007
0.0005
0.0005
0.0009
0.0006
0.0007
0.0006
0.0006
0.0006
0.0009
0.0007
0.0008
0.0007
0.0008
0.0008
0.0008
0.0007
0.0008
0.0008
0.0008
0.0008
0.0008
0.0008
0.0007
0.0008
0.0009
0.0008
0.0008
0.0007
0.0009
0.0008
0.0008
0.0008
0.0007
0.0008
0.0008
0.0008
0.0007
0.0007
0.0009
0.0009
0.0008
0.0008
0.0009
0.0008
0.0008
0.0009
0.0009
0.0008
0.0007
0.001
0.0007
0.0009
0.0056
0.0008
0.0009
0.0007
0.0006
0.0006
0.0006
0.0005
0.0008
0.0005
0.0006
0.0006
0.0006
0.0008
0.0006
0.0009
0.0005
0.0009
0.0009
0.0008
0.0006
0.0009
0.0007
0.0006
0.0009
0.0007
0.0008
0.0007
0.0008
0.0007
0.0009
0.0008
0.0009
0.0007
0.0006
0.001
0.0007
0.0008
0.0007
0.0008
0.0009
0.0007
0.0006
0.0008
0.0007
0.0006
0.0008
0.0006
0.0005
0.0008
0.0005
0.0008
0.0006
0.0007
0.0008
0.0005
0.0008
0.0005
0.0005
0.0014
0.0009
0.0005
0.0005
0.0009
0.0007
0.0006
0.0006
0.0008
0.0007
0.0008
0.0007
0.0008
0.0007
0.0007
0.0005
0.0006
0.0005
0.0006
0.0005
0.0006
0.0007
0.0005
0.0005
0.0005
0.0008
0.0006
0.0005
0.0005
0.0007
0.0008
0.0008
0.0007
0.0005
0.0006
0.0006
0.0006
0.0005
0.0006
0.0004
0.0017
0.0005
0.0008
0.0006
0.0006
0.0006
0.0006
0.0005
0.0005
0.0006
0.0005
0.0008
0.0006
0.0005
0.0009
0.0009
0.0009
0.0014
0.0006
0.0007
0.0006
0.0005
0.0006
0.0004
0.0008
0.0009
0.0007

----------------------
DxvaEncodeHEVC_Execute
----------------------
0.0029
0.0013
32.8985
23.6255
4.4509
17.1054
4.756
0.6293
4.6618
0.5424
0.8977
0.5373
0.842
0.5602
0.9056
0.4447
0.017
0.5084
0.0288
0.447
0.0185
0.5306
0.0211
0.4597
0.0205
0.5045
0.0189
0.4577
0.0204
0.5288
0.03
0.4838
0.0208
0.5061
0.0194
0.4728
0.019
0.4649
0.0241
0.5143
0.0312
0.4553
0.0231
0.5115
0.0262
0.4766
0.0227
0.5307
0.0185
0.525
0.0135
0.4407
0.0193
0.5261
0.0274
0.4665
0.0231
0.5007
0.018
0.4222
0.0262
0.4736
0.0168
0.4303
0.0174
0.4861
0.0176
0.4466
0.022
0.5115
0.0208
0.4928
0.0155
0.4269
0.016
0.4872
0.0304
0.3971
0.0122
0.4711
0.0197
0.4367
0.0184
0.4189
0.0142
0.5399
0.023
0.5109
0.0305
0.4616
0.0184
0.4054
0.0134
0.4319
0.0165
0.4343
0.0136
0.4286
0.0138
0.4319
0.0185
0.413
0.0138
0.4088
0.0145
0.4822
0.0165
0.464
0.014
0.4163
0.0168
0.4352
0.0318
0.4362
0.0193
0.4771
0.0176
0.4364
0.0196
0.4136
0.014
0.4037
0.0124
0.4247
0.0173
0.4299
0.0157
0.441
0.02
0.4348
0.0193
0.4367
0.0202
0.434
0.0156
0.5999
0.0248
1.3399
0.0161
1.3431
0.0123
0.4672
0.0122
0.9873
0.012
0.9845
0.0141
1.3343
0.0132
0.9872
0.014
0.835
0.0136
0.9843
0.0136
1.3309
0.0145
0.9843
0.0136
1.5085
0.0174
0.9718
0.0145
0.9887
0.0172
1.3607
0.0134
0.949
0.0227
1.3354
0.0142
1.5038
0.0175
1.3686
0.0135
1.445
0.0194
0.9978
0.0136
1.338
0.0144
1.4122
0.0185
0.5322
0.014
0.5978
0.0177
0.5083
0.0172
0.4661
0.0185
0.4463
0.0156
0.5001
0.0172
0.4824
0.0138
0.4264
0.0131
0.4852
0.0154
0.5443
0.0148
0.4629
0.0138
0.4202
0.0132
0.559
0.0224
0.5405
0.0141
0.5421
0.0152
0.4279
0.0135
0.4611
0.0161
0.4856
0.0236
0.5744
0.0188
0.4691
0.0141
0.5013
0.0134
0.4741
0.0135
0.4385
0.013
0.5138
0.0138
0.4527
0.0166
0.4244
0.0123
0.4105
0.0265
0.4056
0.0126
0.4226
0.0136
0.3853
0.0131
0.4205
0.0123
0.4064
0.0123
0.492
0.0137
0.4238
0.0142
0.4029
0.0124
0.4799
0.0157
0.4119
0.0121
0.4821
0.0153
0.4753
0.0147
0.4247
0.0259
0.411
0.012
0.4799
0.0167
0.4146
0.0121
0.4044
0.012
0.5109
0.0173
0.4582
0.0135
0.5136
0.0142
0.4429
0.0203
0.411
0.0119
0.4795
0.0164
0.4954
0.0141
0.44
0.0176
0.4099
0.012
0.407
0.012
0.4032
0.0119
0.479
0.0141
0.4344
0.0131
0.414
0.0122
0.4743
0.0157
0.4762
0.0135
0.4734
0.0131
0.4872
0.017
0.4765
0.0137
0.5063
0.0126
0.4738
0.0173
0.4261
0.0129
0.4153
0.0138
0.4962
0.0273
0.4134
0.0122
0.4793
0.0153
0.4267
0.0126
0.5304
0.0176
0.4073
0.0116
0.3885
0.0115
0.4935
0.0242
0.4831
0.0158
0.4712
0.0133
0.4811
0.014
0.4772
0.0134
0.4725
0.0146
0.4447
0.0132
0.4759
0.0138
0.6293
0.0178
0.4364
0.0131
0.4796
0.0142
0.4739
0.0142
0.4702
0.0147
0.4667
0.0133
0.482
0.0136
0.4728
0.0152
0.6298
0.018
0.4572
0.0153
0.5057
0.017
0.5441
0.0171
0.4847
0.0163
0.6659
0.0188
0.5472
0.0161
0.6621
0.0163
0.6449
0.0193
0.4351
0.0132
0.4717
0.0137
0.4796
0.0137
0.482
0.0151
0.6187
0.0174
0.4775
0.0148
0.4719
0.0133
0.4898
0.016
0.4674
0.0138
0.493
0.0137
0.4924
0.0162
0.4516
0.0134
0.481
0.0145
0.4903
0.0137
0.492
0.0148
0.4845
0.0162
0.4811
0.0144
0.508
0.0168
0.5933
0.0171
0.4698
0.0142
0.4818
0.0174
0.5617
0.0164
0.542
0.0204
0.677
0.0192
0.6493
0.0171
0.5137
0.0143
0.5033
0.0362
0.4737
0.0153
0.4607
0.0137
0.4282
0.0134
0.471
0.0128
0.4631
0.0129
0.455
0.0172
0.4841
0.0252
0.5028
0.0131
0.489
0.0164
0.4411
0.0139
0.4452
0.0127
0.414
0.0128
0.4829
0.0158
0.4891
0.0172
0.407
0.012
0.4858
0.0193
0.4735
0.0146
0.4118
0.0118
0.5478
0.0157
0.4077
0.0142
0.4831
0.0177
0.4076
0.0146
0.5822
0.0204
0.6379
0.0208
0.5779
0.0145
0.5062
0.0132
0.4893
0.0146
0.5029
0.0141
0.4931
0.0163
0.5348
0.0137
0.5314
0.0136
0.5715
0.0139
0.5349
0.0176
0.4758
0.0138
0.5008
0.0135
0.4807
0.0136
0.4708
0.0132
0.4704
0.0133
0.475
0.0134
0.4795
0.0138
0.4898
0.0134
0.5259
0.0149
0.4677
0.0137
0.4752
0.0135
0.4689
0.0146
0.4649
0.0135
0.5329
0.0133
0.5305
0.0134
0.4549
0.0139
0.5418
0.015
0.4188
0.0129
0.5549
0.0163
0.4613
0.0139
0.468
0.0135
0.5295
0.0143
0.4967
0.014
0.4691
0.0138
0.5704
0.0143
0.4639
0.0141
0.5005
0.016
0.5743
0.0148
0.5696
0.0173
0.5016
0.0139
0.4587
0.0134
0.5525
0.0155
0.4172
0.0126
0.5422
0.0155
0.5313
0.0136
0.418
0.013
0.5463
0.0153
0.4675
0.0137
0.5692
0.0169
0.4702
0.0146
0.4629
0.0127
0.4785
0.0168
0.4243
0.013
0.4095
0.0116
0.3932
0.0131
0.4727
0.0158
0.4124
0.0123
0.3886
0.0123
0.4831
0.016
0.516
0.0136
0.434
0.0154
0.4052
0.0125
0.3891
0.012
0.4783
0.0157
0.4112
0.0117
0.401
0.012
0.4839
0.016
0.4085
0.0116
0.4865
0.0155
0.4077
0.0119
0.4021
0.0119
0.4822
0.0149
0.4211
0.0129
0.5016
0.0162
0.4669
0.0392
0.4222
0.0157
0.4484
0.0145
0.4237
0.0188
0.4073
0.0123
0.4777
0.0159
0.4126
0.0122
0.4009
0.0119
0.4808
0.0158
0.4081
0.0219
0.405
0.0119
0.4778
0.0151
0.4116
0.0123
0.4625
0.014
0.4694
0.0142
0.4848
0.0162
0.4275
0.0135
0.4142
0.0271
0.4088
0.0121
0.4563
0.0121
0.4409
0.013
0.4819
0.0174
0.4809
0.0146
0.4339
0.0135
0.4709
0.0151
0.4551
0.0122
0.4864
0.0146
0.4184
0.015
0.489
0.0145
0.4319
0.0157
0.4085
0.0124
0.4758
0.0156
0.4547
0.0121
0.4529
0.0126
0.4507
0.012
0.4585
0.0129
0.5073
0.0341
0.4775
0.0139
0.412
0.0126
0.4029
0.0187
0.3854
0.0126
0.41
0.0122
0.4027
0.0118
0.3984
0.012
0.3986
0.0119
0.4007
0.0122
0.4458
0.0161
0.4441
0.0117
0.4464
0.012
0.4503
0.0141
0.4957
0.0329
0.4086
0.0119
0.4796
0.0132
0.4495
0.0133
0.4878
0.0334
0.4277
0.0134
0.4791
0.0143
0.4118
0.0126
0.4084
0.0127
0.4021
0.0117
0.4805
0.0149
0.4169
0.0151
0.4695
0.0154
0.3931
0.0124
0.4454
0.012
0.4513
0.0114
0.4539
0.0119
0.4245
0.0151
0.4107
0.0124
0.4832
0.0143
0.4772
0.0144
0.4151
0.0119
0.4016
0.0128
0.4806
0.0159
0.4511
0.0118
0.425
0.0156
0.4029
0.0126
0.4619
0.0145
0.4872
0.0329
0.4166
0.0124
0.4072
0.0117
0.4851
0.0149
0.4304
0.0162
0.4066
0.0121
0.4717
0.0152
0.4511
0.0126
0.4501
0.0265
0.4471
0.0115
0.4796
0.0142
0.4065
0.0122
0.3976
0.0121
0.4939
0.0183
0.4053
0.0116
0.4028
0.0119
0.4003
0.0116
0.3856
0.0115
0.4023
0.0118
0.4855
0.0174
0.4082
0.0121
0.4892
0.0165
0.4635
0.0122
0.4518
0.0122
0.4496
0.0122
0.4878
0.0184
0.4061
0.0123
0.479
0.0137
0.4771
0.0154
0.4272
0.0127
0.4103
0.0126
0.4019
0.0119
0.4804
0.016
0.9186
0.013
1.3579
0.017
0.9694
0.0154
0.9786
0.0142
1.3201
0.0119
0.9515
0.0137
0.9893
0.0135
0.8404
0.0136
0.9855
0.0139
0.8456
0.0134
0.987
0.0134
1.3654
0.0138
1.2972
0.0128
0.4544
0.0166
0.9783
0.0134
0.8415
0.0136
0.9751
0.0135
0.841
0.0139
0.9811
0.0139
0.8346
0.014
0.9859
0.0141
0.836
0.0135
0.987
0.0141
0.8406
0.0134
0.9843
0.0137
0.8307
0.0144
0.9914
0.0153
1.3675
0.0143
0.9853
0.0136
0.9592
0.0138
0.8383
0.0142
0.9864
0.0133
1.3617
0.0137
1.3141
0.0132
0.4551
0.0138
0.9783
0.0137
0.8391
0.0135
0.9867
0.0139
0.8431
0.0134
0.9837
0.0142
0.8373
0.0142
0.9772
0.0138
0.9831
0.0155
0.948
0.0144
0.8206
0.0143
1.3328
0.014
0.9838
0.0379
1.31
0.0151
0.9324
0.0169
0.9871
0.0142
0.9913
0.018
0.9079
0.0151
1.2794
0.0121
1.2824
0.0131
1.2851
0.0124
1.2343
0.0123
1.2497
0.0117
0.492
0.0202
0.4245
0.0122
0.4381
0.0121
0.4792
0.0124
0.4384
0.0114
0.4958
0.035
0.4337
0.0123
0.4854
0.0347
0.4195
0.0118
0.473
0.017
0.4835
0.0189
0.4347
0.013
0.4103
0.013
0.4863
0.0194
0.454
0.0123
0.4226
0.0159
0.4866
0.0154
0.4611
0.0124
0.6019
0.0134
0.5315
0.0164
0.4423
0.0133
0.4176
0.0135
0.4847
0.0131
0.4339
0.0155
0.4809
0.0158
0.4658
0.0123
0.453
0.0127
0.4889
0.0205
0.4534
0.0127
0.4914
0.0324
0.4216
0.0128
0.484
0.0161
0.4697
0.0136
0.4641
0.0122
0.4571
0.0121
0.4792
0.014
0.4285
0.0138
0.3983
0.0125
0.4868
0.021
0.4086
0.0124
0.4045
0.0116
0.4756
0.0153
0.4091
0.0121
0.4801
0.0158
0.4071
0.0118
0.4735
0.0134
0.4411
0.0167
0.4058
0.0122
0.482
0.022
0.4589
0.0124
0.4516
0.0158
0.4499
0.0115
0.4774
0.0153
0.408
0.0125
0.4006
0.0177
0.4879
0.0195
0.4602
0.0125
0.4335
0.0162
0.4901
0.012
0.4451
0.0184
0.4082
0.0138
0.4598
0.0174
0.4282
0.0126
0.4343
0.0202
0.4713
0.0174
0.4221
0.0179
0.401
0.0133
0.4218
0.0152
0.4108
0.0122
0.4274
0.0175
0.409
0.014
0.4472
0.0145
0.4185
0.0167
0.3996
0.0138
0.4207
0.0151
0.4066
0.0133
0.4354
0.0184
0.4201
0.0149
0.4169
0.0142
0.4057
0.0164
0.4874
0.0187
0.4752
0.017
0.4831
0.0236
0.4403
0.0146
0.4237
0.0135
0.4303
0.0175
0.423
0.0182
0.4162
0.0152
0.4028
0.013
0.4305
0.0177
0.4131
0.0135
0.4917
0.0289
0.4136
0.013
0.4841
0.018
0.426
0.0185
0.4922
0.0201
0.4224
0.0181
0.4057
0.0157
0.4097
0.0135
0.4042
0.0142
0.4464
0.0174
0.4082
0.0116
0.4536
0.0189
0.4073
0.0144
0.4157
0.0153
0.4803
0.0142
0.4763
0.0148
0.4762
0.0135
0.4084
0.0123
0.4801
0.0155
0.4462
0.0151
0.47
0.0176
0.4186
0.0221
0.4191
0.0141
0.4146
0.0148
0.5014
0.0181
0.4938
0.0178
0.4876
0.0337
0.0136

----------------
First Frame Time
----------------
161.55

----------------------
HEVC_QueryStatusReport
----------------------
4.448
4.754
4.6603
0.8962
0.8407
0.904
0.0157
0.0271
0.0171
0.0197
0.0191
0.0175
0.0177
0.0285
0.0196
0.018
0.0178
0.0229
0.0298
0.0197
0.0248
0.0214
0.0173
0.0124
0.0181
0.0259
0.0219
0.0163
0.025
0.0156
0.0165
0.0164
0.0207
0.0196
0.0141
0.0151
0.0289
0.0111
0.0185
0.0172
0.0131
0.0218
0.0292
0.017
0.0122
0.0143
0.0124
0.0127
0.0169
0.0127
0.0133
0.0153
0.0127
0.0157
0.0305
0.018
0.0164
0.0184
0.0127
0.0112
0.016
0.0145
0.0186
0.018
0.0189
0.0145
0.0235
0.0149
0.0111
0.011
0.0111
0.0129
0.012
0.0127
0.0125
0.0124
0.0132
0.0122
0.0154
0.0133
0.0153
0.012
0.021
0.013
0.0158
0.0121
0.0174
0.0124
0.0131
0.0167
0.0125
0.0157
0.0142
0.0164
0.0143
0.0161
0.0125
0.0119
0.0142
0.0134
0.0126
0.0121
0.0211
0.0127
0.0137
0.0121
0.0149
0.0219
0.0173
0.0129
0.0122
0.0123
0.0119
0.0123
0.0155
0.0112
0.0254
0.0117
0.0126
0.012
0.0113
0.0113
0.0125
0.0133
0.0115
0.0141
0.0112
0.0139
0.0132
0.0249
0.011
0.0143
0.011
0.0111
0.016
0.0123
0.0127
0.0193
0.011
0.0149
0.0128
0.0166
0.011
0.0109
0.011
0.0127
0.012
0.0113
0.0143
0.0123
0.0119
0.0157
0.0124
0.0115
0.016
0.0117
0.011
0.0255
0.0111
0.0137
0.0117
0.0164
0.0107
0.0105
0.0227
0.0144
0.012
0.0128
0.0121
0.0135
0.0121
0.0127
0.0157
0.012
0.0128
0.013
0.0133
0.012
0.0122
0.0136
0.0159
0.0142
0.0154
0.0152
0.0149
0.0169
0.0144
0.0144
0.0175
0.0122
0.0122
0.0124
0.0137
0.0156
0.0133
0.0121
0.0144
0.0126
0.0123
0.0144
0.0124
0.0125
0.0122
0.0135
0.0144
0.0131
0.0151
0.0151
0.013
0.0158
0.0148
0.0187
0.0172
0.0153
0.0128
0.035
0.014
0.0123
0.0124
0.0116
0.0116
0.016
0.0239
0.012
0.0148
0.0126
0.0115
0.0116
0.0145
0.0158
0.0109
0.0179
0.0131
0.0108
0.0142
0.0109
0.0162
0.0131
0.019
0.0189
0.0133
0.0121
0.013
0.0129
0.015
0.0124
0.0124
0.0127
0.0156
0.0124
0.0123
0.0123
0.0121
0.0122
0.0121
0.0126
0.0121
0.0136
0.0125
0.0123
0.0133
0.0123
0.0122
0.012
0.0126
0.0136
0.0118
0.015
0.0128
0.0124
0.013
0.0127
0.0125
0.013
0.0129
0.0146
0.0136
0.0153
0.0126
0.0123
0.0143
0.0115
0.0142
0.0123
0.0119
0.014
0.0124
0.0156
0.0134
0.0116
0.0156
0.0117
0.0107
0.0121
0.0143
0.0112
0.0113
0.0148
0.0124
0.0143
0.0114
0.0111
0.0144
0.0108
0.011
0.0144
0.0106
0.0142
0.011
0.011
0.0135
0.0118
0.015
0.0379
0.0147
0.0135
0.0178
0.0114
0.0144
0.0111
0.0109
0.0142
0.0185
0.0109
0.0138
0.0113
0.0128
0.013
0.0151
0.0124
0.0262
0.0112
0.011
0.012
0.0161
0.0132
0.0124
0.0141
0.0112
0.0133
0.0133
0.0134
0.0147
0.0113
0.0145
0.0111
0.0115
0.011
0.012
0.0327
0.0125
0.0115
0.0177
0.0117
0.0113
0.0108
0.011
0.011
0.0112
0.0147
0.0107
0.011
0.0132
0.0317
0.0109
0.0119
0.012
0.0321
0.0122
0.013
0.0115
0.0117
0.0108
0.0138
0.0142
0.0144
0.0115
0.0111
0.0105
0.011
0.0142
0.0114
0.013
0.0128
0.0109
0.0118
0.0146
0.0109
0.0146
0.0117
0.0136
0.0318
0.0115
0.0107
0.014
0.0152
0.0111
0.0141
0.0116
0.0256
0.0106
0.0129
0.0112
0.0111
0.0168
0.0107
0.0109
0.0106
0.0106
0.011
0.0151
0.0111
0.0154
0.0112
0.0112
0.0113
0.0169
0.0113
0.0125
0.0139
0.0117
0.0116
0.011
0.0146
0.012
0.016
0.0144
0.0129
0.0109
0.0124
0.0122
0.0123
0.0127
0.0122
0.0123
0.0125
0.0117
0.0152
0.0121
0.0125
0.0122
0.0127
0.0126
0.0127
0.013
0.0124
0.0127
0.0123
0.0125
0.0132
0.0136
0.013
0.0123
0.0125
0.0129
0.0122
0.0124
0.0122
0.0126
0.0123
0.0124
0.0128
0.0122
0.0129
0.013
0.0126
0.0141
0.0124
0.0131
0.0128
0.0367
0.014
0.0157
0.0128
0.0168
0.0135
0.011
0.0119
0.0111
0.0112
0.0107
0.0188
0.0111
0.0112
0.0112
0.0105
0.0338
0.0113
0.0336
0.0108
0.0158
0.0174
0.0119
0.0119
0.0178
0.0112
0.0149
0.0142
0.0112
0.0122
0.0149
0.0122
0.0122
0.0119
0.0143
0.0144
0.0111
0.0115
0.0191
0.0115
0.031
0.0116
0.0139
0.0123
0.0111
0.011
0.0122
0.0127
0.0115
0.0194
0.0114
0.0106
0.0138
0.0112
0.0144
0.0108
0.0123
0.0158
0.0113
0.0204
0.0113
0.0107
0.0105
0.0139
0.0115
0.0168
0.018
0.0114
0.0151
0.0109
0.0171
0.0127
0.0163
0.0116
0.0188
0.0161
0.0167
0.0121
0.0142
0.0113
0.0162
0.0129
0.0135
0.0154
0.0126
0.0142
0.0122
0.0171
0.0137
0.0131
0.0152
0.0173
0.0158
0.0223
0.0133
0.0124
0.0164
0.0169
0.0142
0.0118
0.0165
0.0124
0.0274
0.0119
0.0165
0.0173
0.0187
0.0169
0.0142
0.0124
0.0132
0.0165
0.0106
0.0176
0.0131
0.0144
0.0128
0.0132
0.0122
0.0112
0.0144
0.0142
0.0163
0.0207
0.013
0.0137
0.0168
0.0163
0.0324
0.0122

--------------------------------------
VideoDecoderBeginFrame_WDDM2_4_D3D11_1
--------------------------------------
0.0081
0.003
0.0023
0.0064
0.0115
0.0039
0.0027
0.0022
0.0022
0.0027
0.0022
0.0027
0.0023
0.0027
0.0021
0.0023
0.0021
0.0022
0.0022
0.0035
0.0022
0.0024
0.0022
0.0023
0.0021
0.0022
0.0025
0.0023
0.0028
0.0023
0.0022
0.0023
0.0021
0.0019
0.0019
0.002
0.002
0.0023
0.0042
0.0022
0.0022
0.004
0.0052
0.0038
0.0032
0.0044
0.0042
0.0041
0.0035
0.003
0.004
0.0033
0.0042
0.0029
0.0022
0.0039
0.0042
0.0034
0.0035
0.0045
0.0036
0.0036
0.004
0.0055
0.0044
0.0043
0.0043
0.0022
0.0021
0.0031
0.0021
0.0019
0.0036
0.0032
0.0031
0.0038
0.0038
0.0037
0.0031
0.0034
0.0032
0.0032
0.0041
0.0038
0.0042
0.0021
0.0036
0.0029
0.0036
0.0021
0.0031
0.0033
0.0035
0.0032
0.0056
0.004
0.0029
0.003
0.0026
0.0021
0.0018
0.0021
0.0019
0.002
0.0018
0.0022
0.003
0.0026
0.002
0.0017
0.0027
0.0035
0.0023
0.0029
0.0034
0.0034
0.0028
0.0029
0.0037
0.0031
0.0029
0.0037
0.0032
0.0033
0.003
0.0036
0.003
0.0031
0.0037
0.0031
0.003
0.0037
0.0032
0.003
0.0035
0.0028
0.0029
0.0034
0.0039
0.0032
0.003
0.0051
0.003
0.003
0.0036
0.0028
0.0031
0.0033
0.0037
0.0028
0.003
0.0037
0.0038
0.0035
0.0028
0.0039
0.004
0.003
0.0032
0.0034
0.003
0.0034
0.0037
0.0025
0.0023
0.0027
0.0027
0.0038
0.0042
0.0027
0.0034
0.0032
0.0036
0.003
0.0031
0.0043
0.0033
0.0034
0.003
0.0035
0.0038
0.0026
0.0037
0.0029
0.0024
0.0037
0.0032
0.0036
0.0029
0.0025
0.0028
0.0035
0.0032
0.0025
0.0037
0.0032
0.0034
0.0028
0.0035
0.0028
0.0033
0.0027
0.0065
0.0031
0.0032
0.0032
0.0025
0.0034
0.0035
0.0069
0.0032
0.004
0.003
0.0031
0.003
0.0032
0.0039
0.0036
0.0028
0.0038
0.0028
0.0029
0.0033
0.0034
0.0031
0.003
0.0034
0.0036
0.0031
0.003
0.0032
0.003
0.0041
0.0028
0.0034
0.0038
0.0027
0.0039
0.0029
0.0038
0.004
0.005
0.0039
0.0035
0.0028
0.004
0.0028
0.0038
0.0062
0.0034
0.0033
0.0026
0.0027
0.0037
0.0061
0.0036
0.0036
0.0039
0.0035
0.0037
0.0028
0.0035
0.0036
0.0039
0.0035
0.0029
0.003
0.0036
0.0029
0.0036
0.0024
0.0018
0.0038
0.0035
0.0033
0.0039
0.0029
0.0041
0.0041
0.0034
0.0036
0.0038
0.0034
0.003
0.0036
0.0029
0.003
0.0035
0.0029
0.0031
0.0042
0.0033
0.0042
0.0035
0.003
0.0039
0.004
0.0037
0.0029
0.0026
0.003
0.0029
0.0029
0.003
0.0031
0.0037
0.0028
0.0031
0.0035
0.003
0.0044
0.0029
0.003
0.0033
0.0028
0.0031
0.0209
0.0034
0.0037
0.003
0.003
0.0033
0.0031
0.0028
0.0038
0.0029
0.003
0.0035
0.0028
0.0028
0.0032
0.0032
0.0032
0.0032
0.0028
0.0039
0.0035
0.0027
0.0034
0.0031
0.0032
0.0033
0.0039
0.0042
0.003
0.003
0.0033
0.0028
0.0031
0.0031
0.0029
0.0035
0.0035
0.0037
0.003
0.0029
0.0024
0.0035
0.003
0.0033
0.0029
0.003
0.0037
0.0032
0.0029
0.0029
0.0037
0.0024
0.0034
0.0029
0.0036
0.0029
0.0037
0.003
0.0033
0.0044
0.003
0.0034
0.0028
0.0018
0.0029
0.003
0.0033
0.003
0.0029
0.0034
0.0038
0.0029
0.0026
0.0036
0.0031
0.003
0.0035
0.0027
0.0033
0.0038
0.003
0.0033
0.0032
0.0039
0.0029
0.003
0.003
0.003
0.0039
0.0041
0.0322
0.0036
0.0029
0.0029
0.0029
0.0025
0.0029
0.0034
0.0038
0.0029
0.0031
0.0029
0.0031
0.0034
0.0027
0.0035
0.0035
0.0031
0.0029
0.003
0.0041
0.0038
0.0036
0.0035
0.0034
0.0032
0.0031
0.0037
0.0031
0.0035
0.0036
0.003
0.0037
0.0026
0.0037
0.0036
0.0036
0.0036
0.0036
0.0032
0.0027
0.0035
0.0036
0.0039
0.0035
0.0034
0.0038
0.0058
0.0035
0.0037
0.0036
0.0032
0.0031
0.0029
0.0021
0.0036
0.0032
0.0029
0.0036
0.0036
0.0035
0.0033
0.0036
0.0037
0.003
0.0028
0.0033
0.0031
0.0077
0.0029
0.0036
0.0035
0.003
0.0039
0.0033
0.0028
0.0031
0.0032
0.0025
0.0018
0.0032
0.0036
0.0031
0.003
0.0031
0.0033
0.0032
0.0029
0.0038
0.0027
0.0032
0.0038
0.003
0.0033
0.0035
0.0032
0.0049
0.0037
0.0031
0.0039
0.0029
0.003
0.0036
0.0029
0.0027
0.0035
0.0028
0.0034
0.0032
0.0028
0.0036
0.0029
0.0027
0.0038
0.0029
0.0032
0.003
0.003
0.003
0.0037
0.0036
0.0032
0.003
0.0038
0.0028
0.0034
0.0036
0.0029
0.003
0.0029
0.0034
0.0031
0.0031
0.0027
0.0033
0.0024
0.0034
0.0039
0.0045
0.0029
0.0037
0.0038
0.0038
0.0041
0.0043
0.0032
0.0039
0.0041
0.0063
0.004
0.0043
0.0037
0.0029
0.0041
0.0039
0.0039
0.0042
0.0039
0.0024
0.0019
0.0022
0.0043
0.0042
0.0038
0.0041
0.0035
0.0037
0.0038
0.0033
0.0024
0.0033
0.0036
0.0037
0.004
0.0041
0.0034
0.0045
0.0045
0.0035
0.0034
0.0039
0.0038
0.0021
0.0022
0.002
0.0022
0.0028
0.003
0.0039
0.0041
0.0035
0.0039
0.0041
0.004

----------------------------
VideoDecoderEndFrame_D3D11_1
----------------------------
0.0349
0.0701
0.0783
0.0042
0.0779
0.0033
0.0651
0.0032
0.0589
0.0041
0.0576
0.0032
0.063
0.0039
0.0619
0.0032
0.0532
0.0021
0.0555
0.0052
0.0606
0.0033
0.0619
0.0027
0.0646
0.0023
0.0644
0.0027
0.0624
0.0041
0.0634
0.0026
0.066
0.0023
0.0632
0.0023
0.0578
0.0027
0.0596
0.0023
0.0633
0.0049
0.0639
0.0023
0.0627
0.0022
0.0599
0.0021
0.0627
0.0026
0.0555
0.0028
0.0547
0.0022
0.0554
0.0027
0.0588
0.0022
0.0618
0.0058
0.0532
0.0019
0.0544
0.0046
0.055
0.002
0.0575
0.0023
0.0557
0.0021
0.0567
0.0021
0.0557
0.0023
0.0623
0.0017
0.0571
0.003
0.0019
0.055
0.0021
0.0566
0.0018
0.0585
0.0017
0.0612
0.0037
0.0611
0.0023
0.0592
0.0021
0.0573
0.0017
0.0572
0.004
0.0549
0.002
0.0576
0.0018
0.0612
0.002
0.0577
0.0018
0.0588
0.0018
0.0025
0.0546
0.0554
0.0022
0.0575
0.0017
0.0583
0.002
0.0579
0.002
0.0586
0.002
0.0575
0.002
0.0557
0.0017
0.0577
0.0017
0.0585
0.0018
0.0579
0.002
0.0582
0.0036
0.058
0.0018
0.0576
0.002
0.0565
0.002
0.0549
0.0019
0.0589
0.0021
0.0533
0.0021
0.0559
0.002
0.0571
0.0018
0.0566
0.0027
0.0597
0.0028
0.0583
0.0027
0.0601
0.0026
0.0586
0.0026
0.0598
0.0027
0.0609
0.0029
0.0662
0.0038
0.0645
0.0027
0.0604
0.0037
0.0602
0.0028
0.0594
0.0029
0.0564
0.0028
0.0593
0.0037
0.0677
0.0059
0.0559
0.0038
0.0555
0.0027
0.0614
0.0029
0.0681
0.0029
0.0585
0.0032
0.0592
0.0034
0.0548
0.0027
0.0583
0.0055
0.0573
0.0023
0.0596
0.003
0.053
0.0028
0.0507
0.0905
0.0026
0.0548
0.0029
0.0592
0.0029
0.0545
0.0027
0.0539
0.0025
0.0541
0.003
0.0565
0.008
0.054
0.0029
0.0028
0.0024
0.0548
0.0539
0.0031
0.0584
0.0031
0.0571
0.0025
0.0635
0.0025
0.0586
0.0028
0.0577
0.0023
0.0571
0.0039
0.0585
0.0026
0.0582
0.0021
0.0569
0.0021
0.0586
0.0018
0.0582
0.0024
0.0595
0.0028
0.0562
0.002
0.0572
0.002
0.0622
0.0025
0.0589
0.0019
0.0584
0.0017
0.0559
0.0026
0.0573
0.0018
0.0564
0.0029
0.0559
0.0035
0.0568
0.002
0.0593
0.0018
0.056
0.0028
0.0564
0.0019
0.0579
0.0017
0.0594
0.0029
0.0785
0.0024
0.0563
0.0029
0.0574
0.0022
0.0576
0.0019
0.0554
0.0028
0.0635
0.0045
0.0573
0.0022
0.0593
0.0021
0.0553
0.0018
0.0579
0.0017
0.0553
0.0028
0.0561
0.0022
0.0608
0.0021
0.0561
0.0028
0.0583
0.0027
0.061
0.0022
0.0586
0.0028
0.058
0.0027
0.0581
0.0023
0.0572
0.0027
0.0571
0.0022
0.0596
0.0049
0.0583
0.0035
0.0567
0.0018
0.0552
0.0028
0.0581
0.0021
0.0026
0.0537
0.0542
0.002
0.0018
0.0572
0.0557
0.0028
0.0558
0.0026
0.0569
0.0027
0.0588
0.0027
0.0789
0.0028
0.0551
0.0027
0.0558
0.0024
0.0557
0.0028
0.0638
0.0041
0.0588
0.0024
0.0635
0.0031
0.0564
0.0028
0.0664
0.003
0.058
0.0027
0.0574
0.0027
0.0548
0.0029
0.058
0.0041
0.0027
0.0578
0.072
0.0033
0.0786
0.0036
0.0833
0.0024
0.0679
0.004
0.0639
0.0032
0.0561
0.0036
0.0886
0.0037
0.0572
0.0026
0.0573
0.0038
0.0606
0.0027
0.0564
0.0027
0.0572
0.0038
0.0599
0.0028
0.0767
0.0027
0.058
0.0031
0.081
0.0027
0.0553
0.0032
0.0573
0.0032
0.0601
0.0024
0.0559
0.0027
0.0772
0.0027
0.0552
0.0027
0.0569
0.0032
0.0578
0.0035
0.0547
0.0037
0.0854
0.0038
0.0027
0.0754
0.0901
0.003
0.0622
0.0064
0.0823
0.0031
0.0614
0.0035
0.0613
0.0038
0.0594
0.0032
0.0596
0.0028
0.0583
0.0028
0.058
0.0025
0.0583
0.0021
0.0655
0.0023
0.0578
0.0025
0.0579
0.0021
0.0565
0.0028
0.0585
0.003
0.0572
0.0031
0.057
0.0025
0.057
0.0021
0.0604
0.0021
0.0578
0.0021
0.0572
0.0029
0.0581
0.0021
0.0592
0.0028
0.0569
0.0027
0.0588
0.0018
0.0555
0.0027
0.0561
0.0053
0.0597
0.0028
0.0558
0.0026
0.0631
0.0031
0.0642
0.004
0.07
0.0025
0.0592
0.0022
0.0611
0.0031
0.0764
0.0028
0.0721
0.0027
0.0602
0.0028
0.0575
0.0026
0.0536
0.0027
0.0727
0.0043
0.0747
0.0028
0.0809
0.0027
0.059
0.0028
0.0579
0.0026
0.0578
0.0027
0.0576
0.0031
0.0558
0.0027
0.059
0.0027
0.0589
0.0032
0.0576
0.0028
0.0613
0.0026
0.0587
0.0035
0.0584
0.0026
0.0577
0.0027
0.0571
0.0028
0.0619
0.0027
0.0558
0.003
0.0588
0.0024
0.0562
0.0028
0.0026
0.0556
0.0571
0.0027
0.0649
0.0028
0.0565
0.003
0.0587
0.0027
0.0564
0.0027
0.0572
0.0026
0.0574
0.0027
0.0588
0.0028
0.0573
0.0034
0.0581
0.0028
0.0591
0.0024
0.0579
0.0028
0.056
0.0022
0.0568
0.0027
0.0554
0.0027
0.0558
0.0023
0.056
0.0027
0.057
0.0026
0.055
0.0036
0.0608
0.0025
0.0622
0.0021
0.0577
0.0027
0.0564
0.0022
0.0563
0.002
0.0572
0.0019
0.0562
0.0028
0.0574
0.0021
0.0019
0.0589
0.0552
0.0027
0.0574
0.0026
0.0566
0.0019
0.0574
0.0018
0.0017
0.0585
0.0612
0.0028
0.0564
0.0018
0.0566
0.0017
0.0555
0.0026
0.0568
0.0019
0.0557
0.0028
0.057
0.0021
0.0579
0.0017
0.0546
0.0027
0.056
0.0021
0.0572
0.0023
0.0575
0.0022
0.0563
0.0019
0.058
0.0058
0.0572
0.0018
0.0585
0.0026
0.054
0.0027
0.0574
0.0019
0.0588
0.0017
0.0664
0.0029
0.0568
0.0018
0.0582
0.0019
0.0561
0.0028
0.056
0.002
0.0608
0.0026
0.0556
0.0026
0.0575
0.0026
0.0577
0.0021
0.0575
0.0018
0.0587
0.0017
0.0608
0.002
0.0573
0.0019
0.0591
0.0026
0.0561
0.0029
0.058
0.0022
0.057
0.0019
0.0552
0.0018
0.0554
0.0029
0.0557
0.0021
0.0569
0.0023
0.0564
0.0019
0.0581
0.0018
0.0572
0.002
0.0585
0.002
0.0566
0.0017
0.0565
0.0018
0.0562
0.0018
0.0576
0.0028
0.0577
0.0029
0.056
0.0019
0.0572
0.0019
0.0017
0.0574
0.0611
0.0019
0.0587
0.0017
0.0577
0.0016
0.0569
0.0017
0.0572
0.0016
0.0556
0.0038
0.058
0.0018
0.0567
0.0018
0.0564
0.0018
0.0552
0.0027
0.0567
0.0018
0.0533
0.0027
0.0572
0.0025
0.0559
0.0026
0.0566
0.0023
0.0549
0.0028
0.057
0.0019
0.0578
0.0018
0.0569
0.0019
0.0586
0.0019
0.0577
0.0019
0.0562
0.0018
0.0017
0.0535
0.0551
0.0017
0.0556
0.0016
0.0691
0.0016
0.0564
0.0018
0.0574
0.0019
0.0555
0.0028
0.0578
0.0027
0.0585
0.002
0.0571
0.0018
0.0555
0.0028
0.0563
0.0017
0.0576
0.0018
0.0582
0.0017
0.0582
0.0017
0.0538
0.0029
0.0608
0.0018
0.0577
0.0018
0.0576
0.002
0.0565
0.0021
0.0562
0.0017
0.056
0.0019
0.056
0.0018
0.0566
0.0017
0.0569
0.0017
0.0563
0.0029
0.0575
0.0018
0.0571
0.0018
0.0551
0.0027
0.0611
0.0018
0.0581
0.0016
0.058
0.0024
0.0017
0.0585
0.0542
0.0016
0.0555
0.0028
0.0566
0.0017
0.0573
0.0022
0.0558
0.0019
0.0566
0.0017
0.0591
0.0016
0.0576
0.003
0.0568
0.0019
0.0542
0.0027
0.0569
0.0027
0.0569
0.0024
0.058
0.0018
0.0572
0.0016
0.0562
0.0028
0.056
0.0019
0.0583
0.0021
0.0586
0.0019
0.0575
0.0018
0.0582
0.0019
0.0589
0.0028
0.0576
0.0027
0.0611
0.0026
0.058
0.0027
0.0559
0.0024
0.059
0.0027
0.0596
0.0634
0.0027
0.0021
0.0783
0.0026
0.03
0.0036
0.0575
0.0027
0.0736
0.0026
0.0579
0.0026
0.0597
0.0028
0.0606
0.0026
0.058
0.0026
0.0607
0.0028
0.0584
0.0026
0.0605
0.0026
0.0595
0.0026
0.0618
0.0027
0.0553
0.0027
0.0583
0.0026
0.0597
0.0027
0.0563
0.0024
0.0595
0.0026
0.0586
0.0027
0.0583
0.0629
0.0034
0.0022
0.0787
0.0026
0.0306
0.0027
0.0595
0.0028
0.0593
0.0027
0.0575
0.0027
0.06
0.0028
0.0609
0.0027
0.0624
0.0028
0.0572
0.0026
0.0586
0.0027
0.0586
0.0026
0.0596
0.0025
0.0595
0.0031
0.0675
0.0023
0.0617
0.0028
0.0575
0.0076
0.0551
0.0027
0.0596
0.0027
0.0567
0.0021
0.0594
0.002
0.0022
0.0741
0.0288
0.002
0.0915
0.0018
0.0607
0.0028
0.0019
0.0622
0.0531
0.0019
0.0578
0.0019
0.0627
0.0018
0.0567
0.0026
0.0605
0.002
0.0582
0.0026
0.0576
0.0018
0.0568
0.0027
0.0587
0.0032
0.06
0.003
0.0575
0.002
0.0584
0.003
0.0576
0.0021
0.057
0.0018
0.0555
0.0029
0.0571
0.0024
0.0681
0.0025
0.0621
0.0029
0.0588
0.0023
0.0583
0.0021
0.0567
0.0025
0.057
0.0021
0.056
0.0028
0.0573
0.0024
0.0558
0.0021
0.0543
0.0035
0.0574
0.0021
0.0547
0.0026
0.057
0.0021
0.0557
0.0029
0.0746
0.0028
0.0562
0.0024
0.0567
0.0021
0.055
0.0034
0.0563
0.0023
0.0018
0.0576
0.0542
0.0026
0.0569
0.0019
0.0564
0.0016
0.0541
0.0029
0.059
0.0017
0.0536
0.0027
0.0567
0.0019
0.0602
0.002
0.0556
0.0022
0.0568
0.0018
0.0572
0.0026
0.0569
0.0021
0.0563
0.0078
0.0583
0.0028
0.0568
0.0034
0.0558
0.0018
0.058
0.0017
0.0579
0.0027
0.0637
0.0021
0.0566
0.002
0.0571
0.0019
0.056
0.0022
0.0576
0.002
0.0585
0.0023
0.0544
0.0021
0.0582
0.0019
0.0565
0.0022
0.0577
0.002
0.0576
0.0016
0.0589
0.0019
0.0546
0.0019
0.0583
0.0019
0.0597
0.0016
0.0582
0.0019
0.0567
0.0021
0.0563
0.0016
0.0561
0.0018
0.0552
0.0018
0.0559
0.0023
0.0574
0.0019
0.0618
0.0017
0.0595
0.0017
0.0614
0.0023
0.0026
0.0561
0.0547
0.0029
0.0549
0.0024
0.0578
0.002
0.059
0.0022
0.0568
0.0017
0.0585
0.0018
0.0552
0.0018
0.0562
0.0018
0.0576
0.0018
0.0557
0.0038
0.0549
0.002
0.0575
0.0024
0.0572
0.0018
0.0601
0.0021
0.057
0.0018
0.076
0.0017
0.0568
0.0017
0.0564
0.0017
0.0587
0.0021
0.0545
0.0019
0.0572
0.0024
0.0579
0.0018
0.0575
0.0018
0.0533
0.0029
0.055
0.0029
0.0523
0.0028
0.0532
0.0026
0.0587
0.0021
0.0567
0.0018
0.0573
0.0021
0.0565
0.0019
0.0578
0.0018
0.0607
0.0016
0.0618
0.0028
0.0563
0.0025
0.0029

---------------------------------
VideoDecoderSubmitBuffers_D3D11_1
---------------------------------
9.3926
2.8596
4.8399
3.0816
8.8166
4.5775
0.7914
0.804
0.7242
0.6742
0.669
0.7212
0.713
0.7145
0.7523
0.7052
0.7221
0.7573
0.7203
0.7725
0.8036
0.7412
0.7494
0.7197
0.5217
0.5544
0.5502
0.5317
0.5285
0.5493
0.5592
0.5299
0.5124
0.5035
0.5111
0.5269
0.5371
0.5508
0.6779
0.5659
0.5117
0.5739
0.6011
0.6368
0.5652
0.6118
0.5872
0.5926
0.5047
0.5566
0.5867
0.5717
0.5888
0.53
0.4965
0.5815
0.5824
0.559
0.5679
0.5975
0.5567
0.5861
0.5858
0.5836
0.5788
0.5862
0.586
0.5427
0.513
0.9391
0.6264
0.6554
0.6444
0.9417
0.9336
0.6065
0.9531
0.9479
0.9306
0.6129
0.9114
0.5865
0.938
0.9607
0.5647
0.918
0.6084
0.6056
0.5622
0.5359
0.9795
0.6354
0.5781
0.5785
0.5783
0.5714
0.5831
0.5196
0.7933
0.5189
0.5089
0.5205
0.521
0.4944
0.548
0.5034
0.5305
0.5103
0.5065
0.5264
0.5287
0.5909
0.5679
0.5539
0.5499
0.5601
0.5583
0.5614
0.5613
0.563
1.8216
0.5718
0.5549
0.559
0.5629
0.5572
0.5634
0.5407
0.5568
0.507
0.5818
0.5686
0.5642
0.513
0.5591
0.5618
0.5463
0.7196
0.6332
0.5587
0.5558
0.5214
0.5368
0.5715
0.5872
0.5105
0.5645
0.5498
0.5598
0.5634
0.5106
0.5533
0.5498
0.562
0.5562
0.5501
0.5637
0.5606
0.5689
0.5436
0.5703
0.5449
0.5608
0.5154
0.4839
0.567
0.5388
0.581
0.5732
0.5084
0.7633
0.5352
0.5675
0.5047
0.5334
0.6062
0.5242
0.5203
0.5258
0.5583
0.5727
0.5092
0.5799
0.5608
0.5262
0.7606
0.8014
0.5414
0.5439
0.5278
0.552
0.5647
0.5383
0.5323
0.5584
0.5836
0.551
0.7758
0.5202
0.8356
0.5632
0.6223
0.5446
0.5252
0.7726
0.5448
0.5072
0.54
0.5255
0.7179
0.7153
0.6392
0.5506
0.6352
0.7555
0.7517
0.5492
0.6022
0.5526
0.5518
0.5566
0.5568
0.5642
0.5591
0.553
0.5515
0.6461
0.6023
0.565
0.558
0.5658
0.5205
0.6036
0.6043
0.5539
0.5532
0.5075
0.5994
0.5599
0.5866
2.0572
0.8461
0.7297
0.5874
0.5613
0.7257
0.676
0.5719
0.5539
0.5514
0.6774
0.6878
0.6831
0.5887
0.5844
0.5826
0.6025
0.5874
0.5959
0.5513
0.551
0.5484
0.5542
0.5878
0.5476
0.5489
0.5486
0.5571
0.5479
0.5573
0.514
0.5155
0.5501
0.5499
0.5591
0.5488
0.5572
0.6293
0.6821
0.5779
0.6019
0.5528
0.5601
0.5452
0.5529
0.5562
0.5532
0.5672
0.5633
0.5352
0.6271
0.5141
0.5593
0.5573
0.5568
0.5943
0.5767
0.5516
0.5725
0.5498
0.5685
0.5665
0.5665
0.5736
0.5391
0.552
0.561
0.5362
0.5653
0.509
0.5636
0.5648
0.5
0.5602
0.5601
0.5623
0.5625
0.5739
0.5594
0.5581
0.5265
0.5581
0.5546
0.5079
0.5992
0.5622
0.5294
0.566
0.5493
0.5527
0.5654
0.5549
0.5653
0.5622
0.5503
0.5641
0.5634
0.5203
0.5611
0.5618
0.565
0.5232
0.5677
0.5563
0.5618
0.5581
0.558
0.5594
0.5576
0.5579
0.5676
0.5621
0.5797
0.549
0.5582
0.5956
0.5057
0.5597
0.5974
0.5663
0.5335
0.5023
0.5695
0.559
0.557
0.5419
0.5584
0.4969
0.5653
0.5201
0.559
0.5067
0.6014
0.5577
0.5656
0.5631
0.5558
0.5633
0.5174
0.4828
0.5595
0.558
0.5619
0.5661
0.502
0.5587
0.5541
0.5671
0.5041
0.5698
0.5668
0.5598
0.5613
0.5276
0.6128
0.5652
0.5628
0.5575
0.5674
0.5586
0.5546
0.5565
0.5588
0.5077
0.599
0.564
0.5069
0.5873
0.5557
0.5561
0.5707
0.5026
0.5048
0.5681
0.5615
0.5578
0.5569
0.553
0.519
0.5637
0.5255
0.5633
0.5557
0.5667
0.5544
0.5063
0.595
0.9592
0.5649
0.9637
0.9372
0.6131
0.9268
0.9517
0.9739
0.9586
0.9615
0.9566
0.5459
0.6485
0.6085
0.9465
0.9589
0.9513
0.957
0.961
0.9619
0.9557
0.9596
0.9578
0.9582
0.9587
0.9566
0.8971
0.6133
0.9507
0.9553
0.9609
0.9567
0.5467
0.6258
0.6091
0.9567
0.9625
0.9558
0.9524
0.9577
0.9479
0.9382
0.9474
0.9542
0.9745
0.5999
0.9266
0.5913
0.9437
0.9422
0.9385
0.9529
0.6432
0.635
0.5337
0.6166
0.5588
0.5255
0.4933
0.559
0.5585
0.5594
0.551
0.5553
0.5492
0.5635
0.5619
0.566
0.5638
0.5569
0.5498
0.5629
0.5499
0.5355
0.6076
0.5415
0.5723
0.5548
0.5509
0.5624
0.519
0.5748
0.5666
0.5089
0.5717
0.5148
0.5773
0.5187
0.5339
0.5685
0.5588
0.5055
0.5762
0.5735
0.5371
0.5531
0.5572
0.5065
0.5668
0.5295
0.5833
0.5809
0.5603
0.5582
0.5627
0.5533
0.5736
0.5602
0.5015
0.5707
0.563
0.5621
0.5122
0.5675
0.5262
0.5708
0.6068
0.5894
0.516
0.5659
0.5629
0.5692
0.589
0.5879
0.517
0.5658
0.589
0.5979
0.5603
0.5925
0.5926
0.5093
0.6038
0.5666
0.6033
0.5973
0.5843
0.5248
0.5303
0.5035
0.6059
0.5824
0.5917
0.5816
0.5295
0.6015
0.5758
0.5347
0.5205
0.5725
0.5647
0.5801
0.5841
0.5845
0.5708
0.5954
0.6012
0.5141
0.5638
0.5851
0.5873
0.5072
0.5364
0.5002
0.5
0.5592
0.5571
0.5637
0.5831
0.5715
0.6019
0.6303
0.5815

