---------------------------------------------
CalcPrivateVideoDecoderOutputViewSize_D3D11_1
---------------------------------------------
0.0031
0.0018
0.0014
0.0017
0.0021
0.0015
0.0021
0.0009
0.0007
0.0013
0.0007
0.0006
0.0009
0.0016
0.0014
0.0014
0.0015
0.0011
0.0012
0.0023
0.0009
0.0008
0.0008
0.0008
0.0006
0.0006
0.0006
0.0006
0.0019
0.0007
0.0006
0.0006
0.0006
0.0006
0.0005
0.0005
0.0006
0.0007
0.0008
0.0006
0.0007
0.0006
0.0018
0.0006
0.0007
0.0007
0.0007
0.0007
0.0012
0.0018
0.0009
0.0008
0.0007
0.0008
0.0008
0.0009
0.0006
0.0007
0.0007
0.0006
0.0008
0.0007
0.0005
0.0017
0.0009
0.0006
0.0006
0.0006
0.0006
0.0011
0.0007
0.0012
0.0014
0.001
0.0008
0.0013
0.0018
0.0006
0.0008
0.0006
0.0005
0.0006
0.0006
0.0005
0.0005
0.0007
0.0005
0.0007
0.0006
0.0006
0.0007
0.0006
0.0005
0.0005
0.0018
0.0006
0.0008
0.0006
0.0008
0.0006
0.0006
0.0005
0.0006
0.0006
0.0006
0.0005
0.0006
0.0006
0.0006
0.0007
0.0006
0.0007
0.0006
0.0006
0.0006
0.0007
0.0006
0.0008
0.0007
0.0005
0.0007
0.0006
0.0006
0.0007
0.0008
0.0006
0.0006
0.0007
0.0008
0.0007
0.0006
0.0006
0.0007
0.0006
0.0007
0.0006
0.0006
0.0007
0.0007
0.0007
0.0006
0.0102
0.0007
0.0011
0.0006
0.0007
0.0006
0.0006
0.0006
0.0006
0.0008
0.0006
0.0007
0.0006
0.0005
0.0006
0.0006
0.0006
0.0006
0.0007
0.0007
0.0006
0.0007
0.0007
0.0007
0.0006
0.0007
0.0007
0.0006
0.0006
0.0022
0.0008
0.001
0.0014
0.0007
0.0006
0.001
0.0009
0.0006
0.0006
0.0007
0.0006
0.0007
0.0007
0.0007
0.0008
0.0008
0.0007
0.0007
0.0006
0.0009
0.001
0.0008
0.0012
0.0007
0.0008
0.0007
0.0006
0.0006
0.0007
0.0006
0.0007
0.0006
0.0006
0.0006
0.0006
0.0006
0.0006
0.0006
0.0005
0.0006
0.0026
0.0007
0.0006
0.0007
0.0007
0.0006
0.0007
0.0006
0.0007
0.0006
0.0006
0.0009
0.0016
0.0013
0.0007
0.0006
0.0006
0.0006
0.0007
0.0007
0.0006
0.0006
0.0005
0.0007
0.0006
0.0006
0.0008
0.0008
0.0006
0.0007
0.0006
0.0006
0.0007
0.0014
0.0007
0.0009
0.0023
0.0009
0.0012
0.0008
0.001
0.0008
0.0009
0.0008
0.0007
0.0007
0.0007
0.0009
0.0006
0.0007
0.0006
0.0008
0.0006
0.0006
0.0006
0.0006
0.0006
0.0006
0.0006
0.0007
0.0007
0.0006
0.0008
0.0006
0.0006
0.0014
0.0012
0.0007
0.0007
0.0008
0.0007
0.0006
0.0007
0.0005
0.0006
0.0006
0.0006
0.0007
0.0006
0.0005
0.0006
0.0006
0.0006
0.0006
0.0006
0.0006
0.0006
0.0006
0.0006
0.0006
0.0006
0.0006
0.0009
0.0006
0.0006
0.0006
0.0005
0.0006
0.0006
0.0005
0.0006
0.0005
0.0006
0.0005
0.0006
0.0028
0.0007
0.0008
0.0028
0.0015
0.0016
0.0011
0.0015
0.0011
0.0008
0.0007
0.0007
0.0007
0.0011
0.0007
0.0007
0.0006
0.0007
0.0006
0.0007
0.0006
0.0007
0.0006
0.0006
0.0006
0.0013
0.0006
0.0006
0.0006
0.0011
0.0007
0.0008
0.0015
0.0008
0.0008
0.001
0.0018
0.001
0.0015
0.001
0.0008
0.0015
0.001
0.0007
0.0014
0.0016
0.0014
0.0015
0.001
0.0007
0.0006
0.0005
0.0006
0.0006
0.0007
0.0006
0.0006
0.0006
0.0006
0.0006
0.0005
0.0007
0.0015
0.001
0.0007
0.0015
0.0013
0.0011
0.0014
0.001
0.001
0.0009
0.0012
0.0009
0.0016
0.001
0.0007
0.0015
0.0009
0.0008
0.0013
0.001
0.0019
0.0014
0.0013
0.0008
0.0007
0.0007
0.0008
0.0008
0.0007
0.0007
0.0007
0.0007
0.0007
0.0007
0.0008
0.0006
0.0007
0.0007
0.0008
0.0008
0.0006
0.0006
0.0007
0.0007
0.0005
0.0008
0.0007
0.0005
0.0006
0.0006
0.0006
0.0006
0.0009
0.0005
0.0006
0.0006
0.0006
0.0006
0.0006
0.0006
0.0007
0.0006
0.0007
0.0006
0.0006
0.0021
0.0014
0.0008
0.0016
0.0025
0.0017
0.0009
0.0008
0.0007
0.0008
0.0007
0.0009
0.0008
0.001
0.0008
0.0007
0.0007
0.0013
0.0008
0.001
0.0007
0.0007
0.0007
0.0008
0.0009
0.0009
0.0007
0.0007
0.0006
0.0006
0.0006
0.0118
0.0007
0.0005
0.001
0.0008
0.0006
0.0006
0.0006
0.0008
0.0009
0.0007
0.0006
0.0005
0.0006
0.0006
0.0006
0.0006
0.0005
0.0006
0.0007
0.0008
0.0006
0.001
0.0019
0.0006
0.0007
0.0006
0.0006
0.0007
0.0007
0.001
0.0007
0.0011
0.0007
0.0006
0.0014
0.0005
0.0007
0.0006
0.0008
0.0006
0.0013
0.0006
0.0006
0.0007
0.0007
0.0006
0.0009
0.0006
0.0007
0.0006
0.0007
0.0009
0.0008
0.0005
0.0007
0.0006
0.0006
0.0006
0.0006
0.0034
0.001
0.0009
0.0009
0.0008
0.0007
0.0006
0.0007
0.0007
0.0008
0.0007
0.0007
0.0007
0.0012
0.0016
0.0011
0.0017
0.0007
0.0007
0.001
0.0006
0.0007
0.0008
0.0006
0.0007
0.0006
0.0006
0.0007
0.0006
0.0006
0.0006
0.0006
0.0005
0.0006
0.0006
0.0006
0.0006
0.0006
0.0007
0.0007
0.0007
0.0006
0.0006
0.0006
0.0006
0.001
0.0007
0.0006
0.0006
0.0005
0.0006
0.0006
0.0008
0.0006
0.0008
0.0006
0.0006
0.0006
0.0006
0.0007
0.0015
0.0024
0.0008
0.0007
0.0007
0.0007

-----------------------
CodechalDecode::Execute
-----------------------
19.1224
25.0312
28.0505
44.1641
43.745
0.9215
0.6508
0.6215
0.5321
0.5357
0.5396
0.5493
0.5918
0.6146
0.713
0.6067
0.845
0.7672
0.7504
0.6061
0.5263
0.5279
0.5399
0.5333
0.3872
0.3836
0.3836
0.4097
0.3818
0.3729
0.3769
0.38
0.3779
0.3782
0.3768
0.3845
0.3845
0.4049
0.3767
0.3765
0.3809
0.3726
0.3831
0.3736
0.3773
0.3822
0.3852
0.4566
0.3804
0.432
0.3709
0.372
0.3769
0.3706
0.3689
0.3712
0.3622
0.3704
0.3715
0.3761
0.3879
0.3749
0.3774
0.3795
0.3628
0.3628
0.363
0.3721
0.3598
0.3696
0.3588
0.3624
0.4073
0.3681
0.3568
0.4076
0.379
0.3607
0.3662
0.366
0.3596
0.3625
0.3627
0.3599
0.3632
0.3599
0.3607
0.3615
0.3605
0.3557
0.3654
0.3656
0.3606
0.361
0.3667
0.3611
0.3648
0.3533
0.3533
0.3525
0.3549
0.3503
0.3526
0.3596
0.3621
0.362
0.3614
0.3592
0.3598
0.3631
0.3666
0.3671
0.3635
0.3588
0.3578
0.3639
0.3639
0.376
0.3465
0.3479
0.3572
0.3537
0.3474
0.3524
0.3634
0.3635
0.3698
0.3855
0.3573
0.3866
0.3621
0.3624
0.3661
0.3767
0.3762
0.3781
0.3918
0.368
0.3691
0.3743
0.3724
0.3833
0.4011
0.3827
0.3522
0.3556
0.3482
0.3528
0.3545
0.3518
0.3588
0.3714
0.3582
0.3662
0.3725
0.3633
0.3795
0.3884
0.3926
0.3884
0.3904
0.3603
0.363
0.3669
0.3661
0.3706
0.3759
0.3745
0.3837
0.4052
0.4475
0.3757
0.3656
0.36
0.3571
0.3571
0.3792
0.3779
0.3647
0.3616
0.3613
0.3702
0.3661
0.4073
6.879
0.4027
0.3857
0.3702
0.3694
0.3801
0.4614
0.4254
0.3925
0.362
0.3504
0.3584
0.3568
0.3547
0.3555
0.3623
0.3681
0.3617
0.3612
0.3589
0.3636
0.3599
0.3593
0.3591
0.3655
0.3637
0.3633
0.3609
0.362
0.3672
0.366
0.3706
0.3615
0.3586
0.3576
0.3586
0.3601
0.3576
0.3669
0.3574
0.3531
0.3556
0.3545
0.3527
0.3542
0.3589
0.37
0.3694
0.3699
0.3712
0.3713
0.3945
0.3698
0.3821
0.3476
0.3571
0.364
0.3685
0.358
0.3682
0.3736
0.3714
0.4164
0.4811
0.381
0.3644
0.363
0.4225
0.3772
0.3756
0.3729
0.3848
0.4041
0.4103
0.4091
0.3784
0.3735
0.3704
0.3722
0.3659
0.3646
0.3666
0.369
0.4059
0.3846
0.3924
0.4139
0.4036
0.3853
0.3946
0.3965
0.4141
0.4044
0.3765
0.3619
0.3674
0.3621
0.3577
0.3598
0.3657
0.3554
0.3624
0.3671
0.363
0.3647
0.3622
0.3592
0.3589
0.3669
0.3604
0.3652
0.3653
0.354
0.4034
0.3681
0.3578
0.3664
0.361
0.3574
0.363
0.3647
0.3532
0.3565
0.357
0.3558
0.3626
0.3785
0.3627
0.3728
0.3895
0.3665
0.3767
0.3896
0.3723
0.3901
0.6432
0.4763
0.4219
0.3791
0.4533
0.3796
0.3667
0.3618
0.3656
0.386
0.3739
0.369
0.365
0.3619
0.3625
0.3707
0.3577
0.3603
0.3666
0.3629
0.3653
0.3784
0.3569
0.3662
0.3655
0.3552
0.5572
0.3668
0.3767
0.416
0.3746
0.3702
0.3716
0.5987
0.3799
0.411
0.3789
0.3858
0.4246
0.362
0.3886
0.5724
0.5705
0.5488
0.5796
0.3865
0.3651
0.3658
0.3692
0.3616
0.3636
0.3685
0.361
0.371
0.3787
0.3669
0.3802
0.3745
0.3757
0.423
0.3899
0.3629
0.5611
0.5646
0.5548
0.4193
0.3784
0.3666
0.3702
0.5666
0.3789
0.4155
0.382
0.3741
0.4195
0.388
0.3808
0.5059
0.6713
0.5267
0.5687
0.3982
0.3642
0.3633
0.358
0.361
0.3624
0.365
0.3636
0.3664
0.3681
0.3629
0.3648
0.3675
0.3617
0.3672
0.3677
0.3645
0.3729
0.3752
0.3719
0.3787
0.3998
0.391
0.409
0.371
0.382
0.3776
0.3787
0.3839
0.4014
0.3717
0.3654
0.3599
0.3615
0.3614
0.3741
0.3727
0.3691
0.3821
0.3646
0.3572
0.3684
0.3997
0.5286
0.4315
0.3855
0.5724
0.4307
0.4415
0.3793
0.3701
0.37
0.3724
0.3768
0.385
0.386
0.3813
0.3742
0.3781
0.4109
0.3786
0.3582
0.3748
0.3681
0.3595
0.3655
0.4428
0.37
0.3749
0.378
0.3594
0.3599
0.3555
0.352
0.3777
0.3629
0.361
0.3703
0.3426
0.3574
0.3569
0.3578
0.3651
0.3626
0.3597
0.3623
0.3663
0.3652
0.3849
0.3725
0.3787
0.3781
0.3858
0.385
0.3824
0.386
0.368
0.3561
0.3592
0.3551
0.3677
0.3603
0.3665
0.3719
0.4084
0.3713
0.3817
0.4073
0.3876
0.3767
0.3654
0.369
0.3638
0.3591
0.3629
0.3696
0.3706
0.3844
0.3909
0.3943
0.4098
0.394
0.382
0.3866
0.3896
0.3744
0.3843
0.377
0.3814
0.3854
0.398
0.3904
0.3846
0.4285
0.532
0.4286
0.4159
0.3824
0.3739
0.3639
0.3715
0.3654
0.369
0.3715
0.3714
0.3856
0.3868
0.5586
0.4522
0.3806
0.5526
0.3748
0.3603
0.3751
0.3617
0.3581
0.3611
0.3551
0.3639
0.3691
0.3687
0.3796
0.3921
0.3706
0.3727
0.374
0.3724
0.3845
0.3646
0.3618
0.3657
0.3622
0.3649
0.3829
0.3657
0.3722
0.3671
0.3628
0.3602
0.3676
0.3614
0.3563
0.3532
0.3607
0.3619
0.3617
0.3916
0.382
0.3833
0.3981
0.393
0.4052
0.3684
0.3896
0.4195
0.4472
0.3745
0.373
0.3729
0.3739

---------------------------------------
CodechalDecodeHevcG12::DecodeStateLevel
---------------------------------------
0.5399
17.4674
11.7207
12.7585
15.4739
1.5818
10.9051
23.853
18.4729
14.507
0.2538
0.2855
0.2028
0.1924
0.1981
0.1793
0.2084
0.1728
0.21
0.1759
0.2104
0.1754
0.2081
0.1866
0.2433
0.1839
0.2261
0.1804
0.2608
0.2178
0.2582
0.1964
0.258
0.2474
0.2937
0.205
0.2599
0.2268
0.2652
0.1785
0.2067
0.1717
0.2002
0.1756
0.204
0.1784
0.2082
0.1744
0.151
0.1207
0.1478
0.1204
0.1476
0.1228
0.1592
0.1249
0.1458
0.1188
0.1426
0.1194
0.1452
0.1179
0.1441
0.1208
0.1463
0.1192
0.1438
0.1193
0.1436
0.1188
0.1453
0.1192
0.1479
0.1196
0.155
0.1212
0.1447
0.1175
0.145
0.118
0.1453
0.1194
0.141
0.1174
0.1446
0.1158
0.1423
0.1167
0.1435
0.1194
0.144
0.1216
0.1479
0.1176
0.1744
0.1603
0.143
0.1158
0.1732
0.1204
0.1446
0.1179
0.1435
0.1175
0.1432
0.1207
0.1435
0.1178
0.1447
0.1169
0.1423
0.1201
0.1397
0.1177
0.1405
0.1195
0.1433
0.1179
0.1457
0.1195
0.1523
0.1207
0.1441
0.1168
0.1454
0.1196
0.1455
0.119
0.1389
0.1168
0.1388
0.1177
0.1394
0.1163
0.1458
0.1168
0.1381
0.1165
0.1402
0.1153
0.1364
0.1171
0.139
0.1155
0.1559
0.1217
0.1405
0.1158
0.1375
0.1152
0.1562
0.1197
0.1413
0.1152
0.1397
0.1162
0.1388
0.1215
0.1403
0.1181
0.1382
0.1192
0.1384
0.1187
0.1394
0.1164
0.1375
0.1182
0.1398
0.1185
0.1377
0.1158
0.1402
0.1162
0.1404
0.1165
0.1392
0.1162
0.1376
0.116
0.1406
0.1154
0.1401
0.1174
0.1388
0.1171
0.1393
0.1164
0.1385
0.1173
0.1391
0.1173
0.1404
0.116
0.1358
0.1129
0.1372
0.1149
0.1362
0.1139
0.1368
0.1146
0.1359
0.1142
0.1371
0.1136
0.1384
0.1141
0.1396
0.1178
0.1382
0.1201
0.1405
0.1164
0.1389
0.1163
0.1388
0.1173
0.1404
0.1152
0.1392
0.1176
0.1396
0.117
0.1394
0.1165
0.1372
0.117
0.1375
0.1162
0.1408
0.1158
0.1393
0.1176
0.1428
0.118
0.1342
0.1065
0.1336
0.1146
0.1381
0.1158
0.1348
0.1146
0.1339
0.1145
0.1353
0.1146
0.1389
0.1162
0.1403
0.1169
0.1415
0.1183
0.1478
0.1198
0.1372
0.1166
0.157
0.1202
0.1378
0.1163
0.1363
0.1164
0.1396
0.1175
0.1424
0.1163
0.1413
0.1177
0.1453
0.1188
0.1572
0.1195
0.1407
0.1181
0.1417
0.1169
0.1425
0.1169
0.1436
0.1184
0.1458
0.1204
0.1533
0.1205
0.1453
0.1168
0.1364
0.1135
0.1366
0.1139
0.1335
0.1149
0.1365
0.1147
0.1363
0.1144
0.1346
0.1156
0.1371
0.1147
0.1391
0.1161
0.1367
0.1164
0.1396
0.118
0.1451
0.1201
0.1382
0.1173
0.1456
0.1187
0.1481
0.1195
0.1525
0.12
0.1475
0.1212
0.1509
0.1199
0.1372
0.1177
0.1389
0.1162
0.1401
0.1171
0.1406
0.1163
0.1407
0.1171
0.1451
0.1184
0.1433
0.1181
0.1464
0.1195
0.1583
0.1243
0.1822
0.1214
0.1438
0.118
0.1412
0.116
0.1385
0.1159
0.1367
0.1157
0.1368
0.1144
0.1402
0.1173
0.1407
0.1175
0.139
0.1183
0.1381
0.1166
0.1382
0.1167
0.1394
0.1167
0.1404
0.1183
0.1786
0.1204
0.1679
0.1658
0.161
0.1241
0.1571
0.1177
0.1404
0.1156
0.1395
0.1169
0.1403
0.1165
0.1868
0.1274
0.1622
0.1288
0.1475
0.1205
0.1379
0.1142
0.1349
0.1149
0.1377
0.1153
0.1371
0.1151
0.1364
0.1142
0.1365
0.1141
0.1391
0.1157
0.1379
0.1254
0.1385
0.1166
0.1395
0.115
0.138
0.1164
0.1377
0.1173
0.1381
0.1156
0.1374
0.1172
0.1379
0.1158
0.1392
0.1158
0.1391
0.1172
0.1409
0.1181
0.1382
0.1151
0.139
0.1166
0.1388
0.1157
0.1415
0.1155
0.143
0.1176
0.1402
0.118
0.1393
0.1163
0.1403
0.1165
0.1377
0.1176
0.1395
0.117
0.139
0.1157
0.1406
0.1157
0.1373
0.1149
0.1358
0.1138
0.1364
0.115
0.1353
0.1145
0.1352
0.1144
0.1364
0.1137
0.1358
0.114
0.1395
0.1192
0.1405
0.1201
0.1406
0.1182
0.1425
0.1174
0.1424
0.1176
0.1448
0.1349
0.1414
0.1171
0.1479
0.1178
0.133
0.1091
0.1356
0.1164
0.1398
0.1155
0.1387
0.1183
0.1345
0.1169
0.1429
0.1166
0.1431
0.1176
0.1439
0.1196
0.1538
0.1313
0.2044
0.1231
0.1468
0.1183
0.1405
0.1158
0.1397
0.1167
0.1977
0.1184
0.1477
0.1198
0.1445
0.1153
0.1423
0.1197
0.1479
0.1235
0.1579
0.1241
0.1623
0.1251
0.1596
0.1251
0.1457
0.1184
0.1434
0.1194
0.1421
0.1177
0.1428
0.1175
0.1406
0.1197
0.1438
0.1174
0.1402
0.1185
0.1436
0.1194
0.1506
0.1399
0.148
0.12
0.153
0.1221
0.1651
0.1244
0.1561
0.121
0.148
0.1224
0.1526
0.1232
0.1529
0.1206
0.1447
0.1526
0.1536
0.1197
0.1416
0.1152
0.1379
0.1171
0.1389
0.1194
0.1382
0.116
0.1365
0.1161
0.1378
0.115
0.1408
0.1157
0.1352
0.1163
0.1391
0.1161
0.1398
0.1185
0.1396
0.1178
0.1412
0.1187
0.14
0.1168
0.1389
0.1182
0.1388
0.1163
0.1413
0.1178
0.1389
0.1165
0.1416
0.1176
0.14
0.1175
0.1364
0.1166
0.1776
0.1191
0.1405
0.1169
0.1359
0.1169
0.141
0.1171
0.1386
0.1152
0.1377
0.117
0.1387
0.1157
0.1402
0.1163
0.1352
0.1153
0.1373
0.1154
0.1362
0.1152
0.1366
0.115
0.1382
0.1164
0.1443
0.1178
0.1381
0.1194
0.1457
0.1183
0.1539
0.1193
0.1393
0.1196
0.1454
0.119
0.1472
0.1205
0.1411
0.1193
0.1496
0.1199
0.2588
0.1782
0.2013
0.1269
0.1632
0.123
0.1453
0.1176
0.1878
0.1238
0.1435
0.1172
0.142
0.1142
0.1356
0.1187
0.1407
0.1169
0.155
0.1204
0.1427
0.1175
0.1407
0.1171
0.1391
0.1155
0.1361
0.117
0.1394
0.1156
0.139
0.1192
0.1365
0.1157
0.1377
0.1153
0.1413
0.1178
0.1383
0.1188
0.1418
0.118
0.1471
0.1181
0.1364
0.1183
0.1406
0.117
0.1407
0.1172
0.1367
0.1176
0.2141
0.187
0.1417
0.1168
0.144
0.1196
0.1595
0.122
0.1419
0.1179
0.14
0.1181
0.1428
0.1177
0.2274
0.1918
0.1437
0.1208
0.1573
0.1205
0.1426
0.1208
0.138
0.1201
0.164
0.1215
0.1414
0.1135
0.1504
0.1237
0.2198
0.1933
0.211
0.1907
0.2068
0.1818
0.22
0.1874
0.1494
0.1182
0.1376
0.118
0.1407
0.1201
0.1402
0.1166
0.141
0.1167
0.1374
0.1174
0.1436
0.1169
0.1377
0.1155
0.1432
0.1195
0.1428
0.1211
0.1407
0.119
0.1425
0.1224
0.1433
0.1188
0.1423
0.122
0.1624
0.1261
0.149
0.1173
0.1366
0.1183
0.2051
0.1928
0.2145
0.1881
0.2453
0.1631
0.1659
0.1218
0.1441
0.1184
0.1383
0.119
0.1407
0.1164
0.2195
0.1856
0.1443
0.1221
0.1589
0.1228
0.1423
0.1236
0.1408
0.1212
0.1617
0.1233
0.1503
0.1208
0.1426
0.1256
0.1674
0.1775
0.2523
0.2318
0.2026
0.1765
0.2063
0.1965
0.1512
0.1172
0.1402
0.1162
0.1396
0.1154
0.1374
0.1134
0.1397
0.1163
0.1393
0.1143
0.1397
0.1167
0.14
0.1164
0.1419
0.1173
0.1408
0.1183
0.1379
0.1194
0.1405
0.1171
0.14
0.1177
0.1383
0.1168
0.1404
0.1176
0.1405
0.1163
0.1373
0.1188
0.143
0.118
0.1384
0.125
0.1409
0.1188
0.1453
0.1188
0.155
0.1233
0.15
0.1202
0.1588
0.1225
0.1426
0.1152
0.1432
0.1189
0.1444
0.1189
0.1453
0.1177
0.1484
0.1209
0.1534
0.1247
0.1397
0.1155
0.1384
0.1159
0.1382
0.1148
0.1371
0.1144
0.1382
0.1159
0.1409
0.1192
0.1413
0.1155
0.1418
0.1165
0.1427
0.1178
0.1387
0.1172
0.1385
0.1152
0.1403
0.1161
0.1672
0.1185
0.213
0.1237
0.1687
0.1207
0.1464
0.1163
0.2226
0.185
0.1673
0.12
0.1728
0.1211
0.1452
0.1177
0.1409
0.1166
0.1409
0.116
0.1414
0.1164
0.1449
0.1183
0.1471
0.1188
0.1486
0.1206
0.1475
0.1185
0.1434
0.1173
0.146
0.1199
0.1504
0.1343
0.1443
0.1157
0.137
0.1171
0.1391
0.127
0.1419
0.1182
0.1377
0.1179
0.1411
0.1175
0.2083
0.1213
0.1425
0.1177
0.1444
0.1195
0.1406
0.1253
0.139
0.1153
0.1387
0.1151
0.1357
0.1134
0.1341
0.1149
0.1507
0.1156
0.1398
0.1157
0.1377
0.1185
0.1416
0.1144
0.1337
0.1089
0.1383
0.1166
0.1372
0.1155
0.1385
0.1148
0.1405
0.1164
0.1398
0.1156
0.138
0.1148
0.1395
0.117
0.1402
0.117
0.1388
0.1163
0.1565
0.1185
0.1442
0.1169
0.1455
0.118
0.1465
0.119
0.1482
0.12
0.1468
0.1184
0.1473
0.1195
0.1465
0.1194
0.1389
0.1142
0.1377
0.1147
0.138
0.1151
0.1369
0.1129
0.1384
0.1159
0.1387
0.1157
0.1389
0.1182
0.1426
0.1206
0.1604
0.117
0.1416
0.1165
0.148
0.1208
0.1425
0.1311
0.1509
0.1192
0.1461
0.1195
0.1397
0.1159
0.1395
0.1154
0.1374
0.1156
0.1371
0.1146
0.1376
0.1158
0.1378
0.1207
0.1415
0.1168
0.1464
0.1194
0.1468
0.1234
0.1515
0.1222
0.153
0.1301
0.1481
0.1227
0.1458
0.1208
0.148
0.1203
0.1479
0.1229
0.1425
0.1205
0.1456
0.1161
0.1435
0.1195
0.1443
0.1229
0.1488
0.1197
0.1545
0.123
0.1505
0.1213
0.1474
0.1191
0.1677
0.1366
0.2196
0.1282
0.1654
0.1265
0.1615
0.1276
0.1469
0.119
0.1438
0.1196
0.1398
0.1181
0.143
0.1182
0.1416
0.1162
0.1436
0.1169
0.1422
0.1179
0.1422
0.1178
0.1493
0.1194
0.1467
0.1198
0.1654
0.2576
0.1906
0.1234
0.1444
0.1184
0.2111
0.1792
0.1447
0.1169
0.1386
0.1156
0.1443
0.116
0.1391
0.1159
0.1373
0.116
0.1374
0.1146
0.1368
0.116
0.1405
0.1158
0.1418
0.1169
0.1432
0.1187
0.1471
0.1203
0.1518
0.1218
0.1423
0.1187
0.1436
0.1193
0.144
0.1191
0.1427
0.1193
0.1483
0.1207
0.1393
0.1182
0.1383
0.118
0.1405
0.1169
0.1385
0.1179
0.1396
0.1192
0.1443
0.1237
0.1401
0.1176
0.1421
0.1186
0.1397
0.1168
0.1373
0.1177
0.1372
0.1173
0.1395
0.1146
0.1367
0.1143
0.1369
0.1145
0.1352
0.1146
0.1364
0.1141
0.1358
0.1195
0.1386
0.1148
0.1451
0.1205
0.1467
0.1203
0.1471
0.1211
0.1528
0.1211
0.1492
0.1235
0.1521
0.1236
0.1377
0.1153
0.1654
0.1175
0.1599
0.1225
0.1789
0.1217
0.1433
0.119
0.1445
0.1175
0.1416
0.1184
0.1418
0.1195

-------------------------------------
CodechalDecodeHevcG12::SetFrameStates
-------------------------------------
0.8277
0.4167
10.8007
9.2371
10.5093
0.1646
0.1194
0.1077
0.0324
0.0328
0.0318
0.0325
0.0335
0.0354
0.0389
0.0366
0.0415
0.0377
0.0361
0.0367
0.0325
0.0321
0.0322
0.0314
0.0333
0.0311
0.0314
0.034
0.0319
0.0304
0.0302
0.0311
0.0305
0.0315
0.0308
0.0312
0.0315
0.0343
0.0304
0.0302
0.0308
0.0302
0.0324
0.0314
0.0307
0.0305
0.0319
0.032
0.0326
0.0379
0.0316
0.0335
0.0319
0.0311
0.0307
0.0306
0.0299
0.0301
0.0307
0.0309
0.0313
0.0317
0.0318
0.0325
0.0302
0.0297
0.0304
0.0302
0.0294
0.0312
0.0292
0.0297
0.0368
0.0318
0.0305
0.0369
0.0322
0.0298
0.0292
0.0306
0.029
0.0297
0.0295
0.0292
0.0295
0.0295
0.029
0.0291
0.0295
0.0287
0.0299
0.0304
0.0293
0.0302
0.0315
0.0294
0.0304
0.0295
0.0287
0.0287
0.0291
0.0284
0.0286
0.0297
0.0293
0.0292
0.0292
0.0288
0.0288
0.0293
0.03
0.0296
0.0306
0.0291
0.0285
0.0291
0.0293
0.0319
0.022
0.028
0.0295
0.0303
0.0285
0.0291
0.0307
0.0298
0.03
0.0318
0.0291
0.0294
0.0295
0.0292
0.0297
0.0331
0.0299
0.0303
0.0314
0.0303
0.03
0.031
0.0302
0.0314
0.0361
0.0308
0.0286
0.0299
0.0282
0.0287
0.0291
0.0285
0.0294
0.0292
0.0289
0.0303
0.0289
0.0296
0.0311
0.0313
0.0314
0.0318
0.032
0.0289
0.0294
0.0293
0.03
0.0294
0.0296
0.0297
0.0312
0.0316
0.04
0.032
0.0299
0.0297
0.029
0.0291
0.0404
0.0394
0.0299
0.0296
0.03
0.0346
0.0294
0.0291
6.4561
0.033
0.0301
0.0307
0.0302
0.0345
0.0395
0.0355
0.0351
0.0307
0.0283
0.0295
0.03
0.0287
0.0289
0.0295
0.0293
0.0302
0.0297
0.0293
0.0326
0.0297
0.0293
0.0288
0.0349
0.0291
0.0292
0.0301
0.0291
0.0352
0.0303
0.0329
0.0309
0.0292
0.0285
0.0295
0.0295
0.0288
0.0307
0.0294
0.0299
0.0292
0.0291
0.0286
0.0287
0.0296
0.0297
0.03
0.0303
0.0305
0.0304
0.0313
0.0302
0.0312
0.0216
0.0289
0.0299
0.0315
0.0292
0.0291
0.0309
0.0298
0.0353
0.0426
0.0339
0.031
0.03
0.0301
0.0302
0.0322
0.0312
0.0314
0.0329
0.0341
0.0351
0.0322
0.0313
0.0305
0.0305
0.0296
0.0295
0.0307
0.0304
0.0306
0.0327
0.0321
0.0334
0.0347
0.0329
0.0332
0.0334
0.0309
0.0364
0.0332
0.0296
0.0303
0.0299
0.0293
0.0297
0.0303
0.0294
0.0296
0.0304
0.0295
0.0296
0.0299
0.0291
0.0296
0.0302
0.0294
0.0295
0.03
0.0287
0.0294
0.0309
0.0294
0.0296
0.0298
0.0288
0.0301
0.0299
0.0288
0.0287
0.029
0.0291
0.0296
0.0308
0.0292
0.0305
0.0319
0.0298
0.0303
0.0348
0.0306
0.0322
0.055
0.0459
0.0371
0.0332
0.0447
0.0326
0.0311
0.0298
0.0299
0.0299
0.032
0.0307
0.0304
0.0296
0.0304
0.0301
0.0295
0.0301
0.0303
0.0294
0.0293
0.0308
0.0289
0.0295
0.0303
0.0291
0.0435
0.0304
0.0305
0.0376
0.0334
0.0349
0.0303
0.0492
0.0339
0.0371
0.0326
0.0313
0.0389
0.0231
0.0317
0.0433
0.0502
0.0432
0.0489
0.0339
0.031
0.0297
0.0314
0.03
0.0299
0.0296
0.0299
0.03
0.0307
0.0303
0.0315
0.0306
0.0308
0.0386
0.0346
0.0307
0.0448
0.0457
0.0424
0.0371
0.0339
0.0334
0.0309
0.0407
0.0335
0.0378
0.0333
0.0308
0.0413
0.0334
0.0317
0.047
0.0482
0.0355
0.0438
0.0384
0.0317
0.0317
0.0313
0.0302
0.0307
0.0307
0.03
0.031
0.0301
0.0298
0.0297
0.03
0.03
0.0304
0.0299
0.0289
0.0307
0.0301
0.0298
0.0312
0.031
0.0329
0.0338
0.0303
0.038
0.0305
0.0307
0.0311
0.0324
0.0309
0.0294
0.0297
0.0293
0.0289
0.03
0.0304
0.0297
0.0301
0.0299
0.0288
0.031
0.0296
0.0507
0.0357
0.0353
0.0439
0.0386
0.0414
0.034
0.0317
0.0317
0.0312
0.0315
0.0328
0.0315
0.0326
0.0323
0.0324
0.0319
0.0326
0.0294
0.0298
0.0301
0.0303
0.03
0.0312
0.0306
0.0309
0.03
0.0295
0.0296
0.0299
0.029
0.0316
0.0299
0.0293
0.0315
0.0211
0.0287
0.0297
0.0307
0.0305
0.03
0.03
0.029
0.029
0.0298
0.03
0.0309
0.031
0.0303
0.0313
0.0322
0.0308
0.0325
0.0313
0.0289
0.0291
0.0294
0.0381
0.0292
0.0298
0.0294
0.0381
0.0318
0.0315
0.0313
0.031
0.0312
0.0301
0.0308
0.0302
0.0291
0.03
0.0302
0.0301
0.0315
0.0327
0.0321
0.0342
0.0374
0.0309
0.0317
0.0326
0.0299
0.0323
0.0314
0.0316
0.0326
0.0332
0.0319
0.0327
0.0338
0.0488
0.0375
0.0366
0.0331
0.0317
0.0295
0.0312
0.0304
0.0297
0.0307
0.0316
0.0323
0.0311
0.0327
0.0385
0.0336
0.0452
0.0318
0.0308
0.0323
0.0303
0.0298
0.0302
0.0292
0.0302
0.0304
0.03
0.0315
0.0323
0.031
0.0307
0.0311
0.0302
0.032
0.0292
0.0298
0.0299
0.0298
0.0297
0.0303
0.0299
0.0298
0.03
0.0301
0.0294
0.031
0.0304
0.0292
0.0286
0.0292
0.029
0.0293
0.0411
0.0312
0.031
0.033
0.0318
0.0398
0.0309
0.0292
0.0378
0.0371
0.032
0.0298
0.0304
0.0308

--------------------------
CreateVideoDecoder_D3D11_1
--------------------------
17.5152

---------------------------
DestroyVideoDecoder_D3D11_1
---------------------------
0

----------------
First Frame Time
----------------
85.3907

--------------------------------------
VideoDecoderBeginFrame_WDDM2_4_D3D11_1
--------------------------------------
0.0087
0.0029
0.0029
0.0038
0.0032
0.0036
0.0038
0.0021
0.0019
0.0019
0.0017
0.0017
0.0017
0.0037
0.0028
0.0023
0.0026
0.0028
0.0025
0.0036
0.0019
0.0017
0.0018
0.0016
0.0016
0.0016
0.0016
0.0015
0.0026
0.0015
0.0017
0.0017
0.0016
0.0016
0.0015
0.0014
0.0015
0.0016
0.0016
0.0016
0.0015
0.0015
0.0027
0.0015
0.0015
0.0015
0.0016
0.0017
0.0021
0.0028
0.0019
0.0016
0.0017
0.0016
0.0015
0.0016
0.0015
0.0016
0.0015
0.0015
0.0015
0.0016
0.0015
0.0036
0.0015
0.0015
0.0017
0.0016
0.0015
0.0018
0.0016
0.0018
0.0026
0.0019
0.0017
0.0027
0.0019
0.0017
0.0017
0.0016
0.0015
0.0015
0.0016
0.0016
0.0017
0.0015
0.0016
0.0016
0.0015
0.0015
0.0016
0.0016
0.0015
0.0015
0.0028
0.0016
0.0019
0.0015
0.0015
0.0015
0.0015
0.0015
0.0014
0.0015
0.0014
0.0015
0.0015
0.0014
0.0014
0.0015
0.0015
0.0015
0.0015
0.0022
0.0015
0.0014
0.0015
0.0018
0.0018
0.0014
0.0017
0.0016
0.0016
0.0015
0.0016
0.0016
0.0016
0.0017
0.0015
0.0015
0.0015
0.0015
0.0015
0.0015
0.0016
0.0015
0.0015
0.0016
0.0017
0.0015
0.0014
0.0045
0.0016
0.0018
0.0015
0.0015
0.0015
0.0015
0.0015
0.0016
0.0017
0.0015
0.0014
0.0015
0.0015
0.0017
0.0016
0.0016
0.0016
0.0015
0.0017
0.0018
0.0015
0.0015
0.0015
0.0015
0.0016
0.0015
0.0015
0.0016
0.0028
0.0019
0.0016
0.0014
0.0015
0.0014
0.0017
0.0018
0.0017
0.0015
0.0016
0.0014
0.0015
0.0015
0.0016
0.0017
0.0017
0.0017
0.0016
0.0015
0.0027
0.0021
0.002
0.002
0.0016
0.0016
0.0015
0.0016
0.0016
0.0015
0.0016
0.0015
0.0015
0.0016
0.0015
0.0016
0.0015
0.0016
0.0016
0.0015
0.0016
0.0029
0.0015
0.0014
0.0016
0.0016
0.0015
0.0016
0.0015
0.0016
0.0015
0.0015
0.0019
0.0016
0.0016
0.0016
0.0016
0.0015
0.0015
0.0016
0.0016
0.0017
0.0015
0.0016
0.0015
0.0016
0.0015
0.0018
0.0018
0.0015
0.0016
0.0015
0.0016
0.0015
0.0017
0.0016
0.0025
0.0028
0.0025
0.0022
0.0017
0.0018
0.0017
0.0019
0.002
0.0016
0.0017
0.0018
0.0017
0.0017
0.0016
0.0025
0.0016
0.0015
0.0014
0.0015
0.0015
0.0015
0.0016
0.0016
0.0018
0.0018
0.0016
0.0018
0.0016
0.0017
0.0023
0.0021
0.0018
0.0015
0.0016
0.0015
0.0015
0.0015
0.0014
0.0015
0.0015
0.0015
0.0016
0.0016
0.0015
0.0015
0.0015
0.0014
0.0015
0.0015
0.0015
0.0015
0.0016
0.0016
0.0014
0.0016
0.0015
0.0018
0.0015
0.0015
0.0015
0.0016
0.0015
0.0016
0.0015
0.0015
0.0016
0.0015
0.0016
0.0016
0.0034
0.0015
0.0017
0.0038
0.0031
0.0031
0.0023
0.0031
0.002
0.0017
0.0019
0.0018
0.0016
0.0021
0.0016
0.0016
0.0016
0.0017
0.0017
0.0016
0.0016
0.0016
0.0014
0.0015
0.0015
0.0017
0.0015
0.0014
0.0015
0.0024
0.0017
0.0016
0.0025
0.0021
0.0016
0.0019
0.0031
0.0024
0.0028
0.0019
0.0017
0.0026
0.0021
0.0019
0.0024
0.003
0.0028
0.003
0.002
0.0016
0.0017
0.0018
0.0015
0.0015
0.0016
0.0017
0.0017
0.0017
0.0019
0.0016
0.0015
0.0015
0.0025
0.0023
0.0018
0.0028
0.0026
0.0023
0.0027
0.0022
0.0018
0.0018
0.0025
0.0018
0.0026
0.0018
0.0017
0.0025
0.002
0.0017
0.0028
0.0021
0.002
0.003
0.0026
0.0018
0.0017
0.0016
0.0019
0.0016
0.0015
0.0015
0.0015
0.0016
0.0017
0.0015
0.0016
0.0015
0.0016
0.0015
0.0015
0.0015
0.0016
0.0015
0.0015
0.0016
0.0016
0.0017
0.0016
0.0015
0.0016
0.0016
0.0015
0.0017
0.0019
0.0017
0.0016
0.0015
0.0016
0.0025
0.0015
0.0016
0.0016
0.0015
0.0016
0.0015
0.0016
0.0049
0.0022
0.0018
0.0027
0.003
0.0032
0.0021
0.002
0.0017
0.0016
0.0017
0.0017
0.0017
0.0019
0.0017
0.0017
0.0019
0.0022
0.0017
0.0019
0.0016
0.0017
0.0017
0.0017
0.0018
0.0018
0.0017
0.0015
0.0016
0.0016
0.0015
0.0122
0.0015
0.0015
0.0019
0.002
0.0015
0.0016
0.0016
0.0016
0.0017
0.0016
0.0016
0.0016
0.0016
0.0016
0.0015
0.0017
0.0015
0.0016
0.0017
0.0016
0.0017
0.002
0.0016
0.0017
0.0015
0.0016
0.0016
0.0015
0.0017
0.0021
0.002
0.0022
0.0017
0.002
0.002
0.0016
0.0017
0.0016
0.0014
0.0015
0.0015
0.0015
0.0015
0.0016
0.0016
0.0017
0.0017
0.0018
0.0016
0.0016
0.0015
0.0023
0.0015
0.0017
0.0019
0.0016
0.0017
0.0017
0.0017
0.0046
0.0022
0.0021
0.002
0.0018
0.0016
0.0016
0.0015
0.0017
0.0016
0.0017
0.0016
0.0017
0.0021
0.0029
0.002
0.0031
0.0084
0.0017
0.0019
0.0017
0.0016
0.0016
0.0017
0.0018
0.0015
0.0017
0.0016
0.0016
0.0017
0.0016
0.0016
0.0027
0.0016
0.0015
0.0016
0.0016
0.0016
0.0015
0.0016
0.0015
0.0018
0.0015
0.0016
0.0015
0.002
0.0015
0.0015
0.0015
0.0015
0.0016
0.0017
0.0017
0.0016
0.0016
0.0017
0.0016
0.0019
0.0018
0.0016
0.0028
0.0031
0.0019
0.0017
0.0017
0.0015

----------------------------
VideoDecoderEndFrame_D3D11_1
----------------------------
0.0452
0.0565
0.1136
0.0962
0.0992
0.0718
0.059
0.0562
0.0554
0.0564
0.056
0.0602
0.062
0.0616
0.0728
0.0676
0.072
0.0681
0.0675
0.0574
0.0542
0.0551
0.0564
0.0563
0.0546
0.0559
0.056
0.0582
0.0559
0.055
0.0534
0.057
0.0529
0.0531
0.0539
0.0539
0.0547
0.0573
0.0539
0.0525
0.0535
0.0537
0.056
0.0554
0.054
0.0546
0.0537
0.0704
0.0567
0.0571
0.0532
0.0528
0.0535
0.0542
0.053
0.0523
0.0528
0.0531
0.0537
0.054
0.0545
0.0538
0.0527
0.0544
0.0534
0.052
0.0525
0.0529
0.0527
0.052
0.0522
0.0518
0.0608
0.053
0.0542
0.0566
0.0543
0.0524
0.0539
0.054
0.0524
0.0517
0.0553
0.0534
0.0553
0.0529
0.0517
0.0515
0.0521
0.0519
0.0527
0.052
0.0521
0.0515
0.054
0.0524
0.0523
0.0534
0.0533
0.0521
0.0523
0.0536
0.0517
0.0527
0.0539
0.052
0.0522
0.0523
0.0514
0.0532
0.0534
0.0553
0.0521
0.0518
0.0524
0.0546
0.0522
0.0556
0.0541
0.0519
0.0527
0.0517
0.0507
0.0532
0.0527
0.0542
0.0516
0.0547
0.0531
0.0543
0.0541
0.053
0.053
0.0542
0.0566
0.0525
0.057
0.0535
0.054
0.0539
0.0536
0.055
0.0561
0.0549
0.0524
0.0509
0.0516
0.0524
0.0519
0.052
0.0551
0.0541
0.053
0.056
0.0533
0.052
0.0572
0.0548
0.0573
0.0577
0.0555
0.0534
0.0533
0.0526
0.0522
0.0532
0.0516
0.0521
0.0527
0.0526
0.0559
0.0515
0.0526
0.0509
0.0507
0.0571
0.0501
0.0511
0.0518
0.051
0.0524
0.0508
0.0515
0.0511
0.0539
0.0747
0.0976
0.0516
0.0509
0.0702
0.0536
0.0544
0.0535
0.0516
0.051
0.0522
0.0503
0.0534
0.0513
0.0505
0.0512
0.0512
0.0501
0.0569
0.0509
0.0504
0.0512
0.0515
0.051
0.0519
0.0508
0.053
0.0507
0.0512
0.0518
0.0513
0.0519
0.0518
0.0508
0.0522
0.0525
0.0514
0.0518
0.0506
0.052
0.0518
0.0513
0.0526
0.0565
0.0563
0.0543
0.0522
0.0542
0.0536
0.0527
0.0553
0.0551
0.0535
0.0529
0.0527
0.0525
0.0529
0.0535
0.0539
0.0532
0.0539
0.0571
0.0596
0.0561
0.0515
0.0525
0.0527
0.0554
0.0572
0.0553
0.0558
0.0558
0.0583
0.0566
0.0528
0.054
0.0527
0.0528
0.0525
0.0533
0.0527
0.0543
0.0535
0.0534
0.0538
0.0567
0.0554
0.0564
0.0569
0.0543
0.0573
0.0545
0.0533
0.0532
0.052
0.0536
0.0535
0.053
0.0519
0.0524
0.0516
0.054
0.052
0.0536
0.0514
0.0526
0.053
0.0513
0.0529
0.053
0.0516
0.0523
0.0543
0.0531
0.0516
0.0528
0.0522
0.0523
0.0523
0.0519
0.0513
0.0522
0.0517
0.0514
0.0519
0.0527
0.0524
0.0528
0.0545
0.0556
0.0567
0.0575
0.0531
0.0639
0.0806
0.0561
0.0587
0.0621
0.0585
0.054
0.0556
0.0549
0.059
0.0536
0.053
0.0557
0.0547
0.0552
0.054
0.0534
0.0527
0.053
0.0525
0.0546
0.0528
0.0545
0.0526
0.0529
0.0523
0.0517
0.0761
0.0517
0.0537
0.0563
0.0536
0.0542
0.0521
0.0799
0.0551
0.0557
0.0525
0.063
0.0581
0.0819
0.0775
0.077
0.0734
0.0768
0.0755
0.0539
0.0569
0.0538
0.053
0.0543
0.0591
0.0543
0.0642
0.0598
0.0538
0.0589
0.055
0.0644
0.0512
0.0609
0.0583
0.0587
0.078
0.0749
0.0666
0.0588
0.0517
0.0509
0.0524
0.0855
0.0649
0.0798
0.0615
0.074
0.0575
0.0694
0.0561
0.0802
0.0874
0.0799
0.0796
0.054
0.0548
0.0532
0.0525
0.0522
0.0513
0.0521
0.0529
0.0529
0.0545
0.0516
0.0542
0.0521
0.0531
0.0523
0.0518
0.0576
0.0534
0.0541
0.0535
0.0541
0.0556
0.0558
0.0567
0.053
0.0543
0.0524
0.0545
0.0538
0.0552
0.0523
0.0525
0.0544
0.0529
0.0552
0.0544
0.0543
0.0525
0.0526
0.0537
0.0547
0.0555
0.0575
0.0643
0.058
0.0651
0.0724
0.0571
0.0598
0.0553
0.0536
0.054
0.0539
0.0536
0.0535
0.0577
0.0525
0.0533
0.0543
0.057
0.0562
0.0529
0.0537
0.0528
0.0524
0.0527
0.0535
0.056
0.0607
0.0562
0.0527
0.0524
0.0516
0.0515
0.0569
0.0518
0.0508
0.0531
0.051
0.0497
0.0523
0.0526
0.0507
0.0519
0.0522
0.0534
0.0539
0.0537
0.0563
0.0536
0.0529
0.0559
0.0547
0.0543
0.0543
0.0555
0.0527
0.0521
0.0507
0.0515
0.0619
0.0527
0.0544
0.0534
0.0589
0.0557
0.0562
0.0556
0.0568
0.0546
0.0587
0.0543
0.0548
0.0545
0.0542
0.0548
0.053
0.0569
0.0551
0.0539
0.0577
0.0571
0.0539
0.0549
0.0576
0.0546
0.0536
0.054
0.055
0.0549
0.057
0.0558
0.0547
0.0607
0.0607
0.0618
0.0594
0.0539
0.0535
0.0523
0.0521
0.0518
0.0516
0.0532
0.0533
0.0537
0.0554
0.0628
0.0562
0.0612
0.0585
0.0546
0.0531
0.0531
0.0534
0.0529
0.0526
0.0527
0.0524
0.053
0.0526
0.0542
0.0555
0.0533
0.0543
0.0537
0.0547
0.0532
0.0543
0.0513
0.0529
0.0527
0.0541
0.0525
0.0523
0.0525
0.0535
0.0514
0.0534
0.0524
0.0522
0.053
0.0522
0.0516
0.0535
0.0523
0.0547
0.0552
0.0554
0.0569
0.055
0.0569
0.0532
0.054
0.0557
0.0566
0.0529
0.0534
0.0534
0.0532

---------------------------------
VideoDecoderSubmitBuffers_D3D11_1
---------------------------------
19.2624
25.0565
28.0724
44.1902
43.7712
0.9464
0.6708
0.638
0.5467
0.5507
0.553
0.564
0.608
0.6322
0.7345
0.6243
0.8678
0.7874
0.7703
0.6251
0.5413
0.542
0.5548
0.5468
0.4016
0.3969
0.3968
0.4241
0.3982
0.386
0.39
0.393
0.3907
0.3909
0.39
0.3969
0.398
0.4217
0.3898
0.3895
0.3946
0.3848
0.3996
0.387
0.3903
0.3957
0.4
0.4698
0.3971
0.4532
0.3846
0.3848
0.3908
0.3843
0.3814
0.384
0.3744
0.3827
0.3847
0.3889
0.4006
0.3881
0.3902
0.394
0.3762
0.3752
0.3762
0.3853
0.3722
0.3847
0.3713
0.381
0.4263
0.383
0.3696
0.4265
0.3933
0.3729
0.379
0.3781
0.3712
0.3745
0.3752
0.372
0.3754
0.372
0.373
0.3737
0.3737
0.3675
0.3792
0.3785
0.3731
0.3731
0.3804
0.3736
0.3795
0.3664
0.3652
0.3645
0.3672
0.3635
0.3648
0.3726
0.3742
0.3742
0.3738
0.3712
0.3717
0.3757
0.3787
0.3808
0.3763
0.3707
0.3695
0.3761
0.3756
0.3901
0.3629
0.36
0.3701
0.366
0.3594
0.3679
0.3767
0.3763
0.3824
0.4
0.3694
0.3988
0.3748
0.3741
0.378
0.3903
0.3884
0.3906
0.4044
0.3795
0.3815
0.3874
0.3845
0.3975
0.4154
0.3984
0.3647
0.3689
0.3602
0.3649
0.3671
0.3638
0.3729
0.3843
0.3704
0.3788
0.3844
0.3748
0.3926
0.4029
0.406
0.4017
0.4043
0.3722
0.3748
0.3792
0.3778
0.3828
0.3887
0.4712
0.7659
0.4188
0.4698
0.3901
0.3796
0.5063
0.7682
0.7943
0.8002
0.7359
0.7004
0.8119
0.739
0.7341
0.791
0.42
6.9148
0.4182
0.3999
0.3839
0.6089
0.801
0.7381
0.714
0.7119
0.3774
0.3625
0.3714
0.7034
0.7735
0.7933
0.7279
0.8035
0.7265
0.7689
0.7746
0.7963
0.7525
0.8202
0.7556
0.8129
0.8023
0.3756
0.4998
0.7443
0.7756
0.7853
0.3846
0.5155
0.371
0.3698
0.3712
0.3738
0.3699
0.3809
0.37
0.3651
0.3683
0.367
0.3649
0.3664
0.3717
0.3836
0.3816
0.3827
0.3836
0.3834
0.4074
0.3825
0.3963
0.3622
0.3689
0.3765
0.3817
0.3702
0.3798
0.3863
0.3834
0.4354
0.505
0.396
0.379
0.3754
0.4348
0.3895
0.3899
0.3858
0.3975
0.419
0.4245
0.423
0.3916
0.386
0.3834
0.3863
0.3777
0.3762
0.3793
0.3814
0.4197
0.3999
0.4075
0.4286
0.4198
0.3985
0.409
0.4119
0.4272
0.422
0.3928
0.3741
0.3804
0.3747
0.3701
0.3729
0.3791
0.3672
0.3751
0.3796
0.3747
0.377
0.3742
0.3716
0.3709
0.3805
0.3725
0.3781
0.3784
0.3655
0.4158
0.3808
0.3692
0.3792
0.3737
0.3693
0.3773
0.3787
0.3649
0.369
0.3695
0.3676
0.3755
0.3927
0.3749
0.3856
0.4047
0.3791
0.3894
0.4059
0.3847
0.4046
0.6758
0.4967
0.4416
0.3943
0.472
0.3946
0.3806
0.3746
0.3782
0.3985
0.3899
0.3823
0.3788
0.375
0.3751
0.3841
0.3695
0.3723
0.3797
0.3749
0.3777
0.3916
0.3682
0.3785
0.3781
0.367
0.5759
0.3807
0.3906
0.4355
0.3897
0.3826
0.3855
0.6226
0.3956
0.43
0.3941
0.3983
0.444
0.3781
0.4026
0.5927
0.5924
0.5688
0.6014
0.4031
0.3775
0.3781
0.3816
0.3738
0.3753
0.3812
0.3733
0.383
0.394
0.3782
0.3937
0.3874
0.393
0.4423
0.4066
0.3754
0.5813
0.5844
0.5723
0.4383
0.3947
0.3789
0.3851
0.5853
0.3937
0.435
0.398
0.3869
0.438
0.4031
0.3945
0.5272
0.6922
0.5445
0.5906
0.4179
0.377
0.3755
0.3707
0.3734
0.375
0.3777
0.3768
0.3818
0.3809
0.3747
0.3769
0.3797
0.3737
0.3786
0.3803
0.3764
0.482
0.3876
0.3842
0.3915
0.4131
0.4045
0.4249
0.3844
0.3941
0.3901
0.3913
0.3965
0.4149
0.3873
0.3783
0.3721
0.3743
0.3734
0.386
0.3861
0.3816
0.3949
0.3775
0.3688
0.3821
0.4126
0.5624
0.4541
0.4026
0.5926
0.4517
0.4628
0.394
0.3833
0.3834
0.3846
0.3901
0.4013
0.3996
0.3967
0.3886
0.3917
0.4269
0.3954
0.3707
0.3881
0.3808
0.3714
0.3778
0.4579
0.3851
0.3892
0.3915
0.3726
0.3723
0.3685
0.3636
0.3927
0.376
0.3732
0.3855
0.3582
0.3691
0.3695
0.3705
0.3784
0.3765
0.3732
0.3744
0.3784
0.3783
0.3968
0.3856
0.3924
0.3909
0.3996
0.3992
0.3955
0.4005
0.3831
0.3683
0.3724
0.3692
0.3796
0.3736
0.3801
0.3848
0.5272
0.387
0.396
0.4217
0.4023
0.3902
0.3784
0.3831
0.3773
0.371
0.3752
0.3813
0.3833
0.3987
0.404
0.4078
0.4231
0.407
0.397
0.3992
0.4022
0.386
0.4007
0.3893
0.3938
0.3997
0.4114
0.4031
0.3972
0.4428
0.5628
0.4447
0.4318
0.3978
0.387
0.376
0.3848
0.3779
0.3816
0.3848
0.3847
0.3997
0.4011
0.5776
0.4723
0.3955
0.5722
0.3892
0.3729
0.3905
0.3753
0.37
0.374
0.3669
0.376
0.3821
0.381
0.3928
0.4061
0.3827
0.3857
0.3866
0.3847
0.3976
0.3768
0.3736
0.3784
0.3739
0.3764
0.3954
0.3779
0.3847
0.3795
0.3751
0.3723
0.3818
0.3752
0.3689
0.3649
0.3741
0.3737
0.3742
0.4061
0.3949
0.3961
0.413
0.4063
0.4197
0.3818
0.4014
0.4388
0.4676
0.3873
0.3856
0.3861
0.3868

