---------------------------------------------
CalcPrivateVideoDecoderOutputViewSize_D3D11_1
---------------------------------------------
0.0021
0.0021
0.0018
0.0039
0.0029
0.0016
0.0037
0.0009
0.0008
0.0012
0.0009
0.0009
0.0009
0.0015
0.0009
0.0008
0.0009
0.0008
0.0008
0.0019
0.0008
0.0006
0.0006
0.0007
0.0008
0.0007
0.0009
0.0006
0.0016
0.0008
0.0008
0.0007
0.0008
0.0009
0.0007
0.001
0.0007
0.0006
0.0006
0.0007
0.0007
0.0007
0.0026
0.0027
0.0012
0.0015
0.0017
0.0011
0.0009
0.0008
0.0009
0.0008
0.0011
0.0007
0.0008
0.0008
0.0008
0.0009
0.0008
0.0007
0.0008
0.0007
0.0007
0.0018
0.0007
0.0007
0.0008
0.0009
0.0015
0.001
0.0008
0.0008
0.0009
0.0007
0.0007
0.0007
0.0011
0.001
0.0012
0.0016
0.0013
0.0016
0.0013
0.001
0.0007
0.0006
0.0007
0.0015
0.0009
0.0007
0.0008
0.0009
0.0008
0.0007
0.0046
0.0007
0.0007
0.0006
0.0007
0.0007
0.0006
0.0006
0.0006
0.0018
0.0013
0.0012
0.0007
0.0007
0.0008
0.0006
0.0009
0.0005
0.0009
0.0006
0.0006
0.0005
0.0006
0.0007
0.0006
0.0016
0.001
0.0008
0.0015
0.0008
0.0007
0.0007
0.0008
0.0006
0.0015
0.0008
0.0011
0.001
0.0007
0.0015
0.0008
0.0009
0.0007
0.0006
0.0006
0.0006
0.0008
0.0129
0.0016
0.001
0.001
0.0009
0.0008
0.0007
0.0008
0.0008
0.001
0.0006
0.0015
0.0009
0.0008
0.0007
0.0009
0.0007
0.0008
0.0011
0.001
0.0007
0.0008
0.0006
0.0008
0.0008
0.0008
0.0008
0.0007
0.0009
0.0008
0.0011
0.0008
0.0012
0.0008
0.0013
0.002
0.001
0.0012
0.0008
0.0009
0.0008
0.0008
0.0008
0.0007
0.0008
0.0009
0.0008
0.0008
0.0007
0.0007
0.0011
0.0009
0.0009
0.0008
0.001
0.0007
0.001
0.0016
0.0019
0.0018
0.0014
0.001
0.0009
0.0008
0.0009
0.0007
0.001
0.0008
0.0008
0.0008
0.0067
0.0009
0.0009
0.0009
0.0007
0.0007
0.0006
0.0007
0.001
0.0008
0.0011
0.0008
0.0008
0.0008
0.0006
0.0007
0.0008
0.0007
0.0006
0.0016
0.0007
0.0009
0.002
0.0012
0.0007
0.0009
0.0007
0.0008
0.0007
0.0007
0.0008
0.0007
0.001
0.0007
0.0007
0.001
0.0007
0.0006
0.0006
0.0016
0.0008
0.0007
0.0007
0.0007
0.0015
0.0012
0.001
0.0009
0.0013
0.0012
0.0007
0.0007
0.0007
0.0008
0.0007
0.0006
0.0007
0.0008
0.0007
0.0009
0.0008
0.0006
0.0007
0.0007
0.0006
0.0007
0.0007
0.0007
0.0006
0.0008
0.0008
0.0011
0.0006
0.0007
0.0008
0.0007
0.0007
0.0007
0.0008
0.0006
0.0007
0.0009
0.0007
0.0011
0.0008
0.0022
0.0011
0.0015
0.0014
0.0011
0.0009
0.001
0.0022
0.0012
0.0009
0.0009
0.0008
0.0008
0.0008
0.0009
0.0006
0.001
0.0009
0.0007
0.0006
0.0136
0.001
0.0008
0.0007
0.0015
0.0009
0.001
0.0008
0.0007
0.0008
0.0007
0.0007
0.0007
0.0009
0.0013
0.0008
0.0007
0.0016
0.0017
0.0014
0.001
0.002
0.0009
0.0019
0.0008
0.0008
0.0016
0.0028
0.0011
0.0008
0.0007
0.001
0.0006
0.0008
0.0006
0.0008
0.0007
0.0007
0.0008
0.0007
0.0007
0.0012
0.0009
0.0008
0.0008
0.0007
0.0007
0.0007
0.0008
0.0009
0.0007
0.0006
0.0007
0.0006
0.0007
0.0008
0.0008
0.0007
0.0006
0.0007
0.0007
0.0008
0.0009
0.0008
0.0007
0.0031
0.0017
0.0015
0.0015
0.0014
0.0009
0.0009
0.0008
0.001
0.0009
0.0009
0.0008
0.0009
0.0008
0.0008
0.0008
0.0011
0.0008
0.0008
0.0007
0.0006
0.0009
0.0007
0.0009
0.001
0.0015
0.001
0.0008
0.0008
0.0008
0.0007
0.0008
0.0007
0.0008
0.0009
0.0007
0.0008
0.0009
0.0007
0.0008
0.0008
0.0007
0.0007
0.0007
0.0007
0.0022
0.0011
0.001
0.001
0.0009
0.0008
0.001
0.001
0.0009
0.0008
0.0008
0.0009
0.0007
0.0006
0.0015
0.0011
0.0009
0.0013
0.0009
0.001
0.0015
0.0015
0.001
0.0007
0.0007
0.0007
0.0007
0.0006
0.0006
0.0006
0.0007
0.0006
0.0006
0.0005
0.0015
0.0013
0.0009
0.0007
0.0016
0.001
0.001
0.0008
0.0008
0.0006
0.0008
0.0007
0.0006
0.0007
0.0119
0.0007
0.0007
0.0008
0.0007
0.0008
0.0006
0.0006
0.0006
0.0008
0.0007
0.0007
0.001
0.0007
0.0008
0.0008
0.0008
0.001
0.0007
0.0007
0.0007
0.0007
0.0007
0.0009
0.0007
0.0007
0.0009
0.0011
0.0008
0.0008
0.0008
0.001
0.0008
0.0008
0.0007
0.0008
0.0006
0.0007
0.0006
0.0006
0.0006
0.0006
0.0006
0.0007
0.0008
0.0006
0.0006
0.0006
0.0006
0.0007
0.0007
0.0007
0.0007
0.0007
0.0008
0.0006
0.0006
0.0009
0.0008
0.0009
0.0007
0.0009
0.0008
0.0007
0.0007
0.0006
0.0016
0.0008
0.0006
0.0006
0.0007
0.0006
0.0006
0.0007
0.0008
0.0019
0.0007
0.0008
0.0007
0.0006
0.0008
0.0027
0.001
0.001
0.0008
0.0008
0.0009
0.0009
0.002
0.001
0.001
0.001
0.0009
0.0008
0.001
0.0011
0.0008
0.0007
0.0006
0.0008
0.0008
0.0007
0.0009
0.0007
0.0008
0.0007
0.0008
0.0007
0.0006
0.0007
0.0008
0.0007
0.0007
0.0007
0.0008
0.0007
0.0009
0.0008
0.0008
0.0008
0.0008
0.0007
0.0007
0.0008
0.0009
0.0006

-----------------------
CodechalDecode::Execute
-----------------------
6.6786
15.2972
10.6745
0.9873
0.6903
5.8357
0.6992
0.591
0.5043
0.5541
0.5272
0.5408
0.4965
0.5134
0.5171
0.5343
0.5516
0.6081
0.5788
0.5493
0.5341
0.5707
0.5675
0.5447
0.3981
0.3933
0.3809
0.3628
0.3646
0.3663
0.3775
0.3898
0.4066
0.3456
0.3678
0.3583
0.3641
0.3646
0.3696
0.372
0.374
0.4248
0.4097
0.4602
0.3839
0.4139
0.4483
0.3932
0.3712
0.3763
0.3863
0.3702
0.3621
0.3569
0.3564
0.3571
0.3716
0.3762
0.3804
0.3799
0.3757
0.3765
0.3841
0.3878
0.3682
0.3746
0.3507
0.3818
0.3789
0.4044
0.389
0.3903
0.3918
0.4079
0.3926
0.4024
0.3903
0.3699
0.3712
0.4423
0.3999
0.451
0.4036
0.3797
0.3691
0.3711
0.3621
3.3713
0.4174
2.6126
3.7392
0.3961
0.3732
0.3704
0.3652
0.3666
0.3785
0.3664
0.3756
0.3482
0.3667
0.3587
0.3596
0.4179
0.3956
0.3951
0.3925
0.4197
0.3757
0.3773
0.3875
0.3933
0.3923
0.3917
0.3759
0.3759
0.3764
0.3775
0.3886
0.4338
0.399
0.3705
0.44
0.3767
0.3647
0.361
0.3656
0.3589
0.4087
0.3699
0.3876
0.3711
0.3473
0.4142
0.376
0.3717
0.3776
0.3797
0.3936
0.3957
0.4138
0.3813
0.4331
0.4027
0.4455
0.3851
0.3707
0.3611
0.3639
0.3722
0.3679
0.3598
0.4132
0.3769
0.3652
0.3701
0.3731
0.3733
0.3918
0.4002
0.4105
0.3764
0.3778
0.3709
0.3932
0.39
0.3731
0.371
0.3738
0.3763
0.3957
0.3788
0.3817
0.3971
0.3656
0.4309
0.4582
0.3762
0.3645
0.4225
0.361
0.356
0.3608
0.3617
0.3631
0.3683
0.376
0.3798
0.3819
0.3878
0.4065
0.4
0.3851
0.383
0.391
0.4048
0.3896
0.3827
0.3902
0.4315
0.44
0.3859
0.3714
0.3878
0.3948
0.391
0.3859
0.4075
0.3899
0.3928
0.3914
0.3922
0.3738
0.3686
0.3666
0.3694
0.3761
0.38
0.385
0.4007
0.3892
0.3837
0.3849
0.3797
0.3716
0.3747
0.371
0.3814
0.382
0.3811
0.3873
0.354
0.3965
0.4247
0.3913
0.36
0.3845
0.387
0.37
0.3755
0.3716
0.3821
0.4072
0.398
0.3818
0.3839
0.3675
0.3655
0.3674
0.3712
0.3755
0.3833
0.3869
0.4052
0.3779
0.4485
0.4256
0.3967
0.3972
0.3888
0.4153
0.364
0.3627
0.367
0.343
0.3732
0.3619
0.3634
0.3589
0.3793
0.3834
0.3746
0.3857
0.3674
0.3647
0.3701
0.3679
0.3687
0.3858
0.3694
0.372
0.3711
0.3782
0.3696
0.371
0.3689
0.3729
0.3877
0.3694
0.3664
0.3787
0.3669
0.3726
0.3619
0.3579
0.3633
0.4572
0.3725
0.604
0.57
0.3973
0.3916
0.381
0.6169
0.3969
0.3698
0.356
0.356
0.3655
0.3689
0.3735
0.3775
0.3787
0.367
0.3863
0.3741
0.3767
0.3825
0.3898
0.421
0.4063
0.3719
0.37
0.368
0.3616
0.3662
0.3669
0.3733
0.387
0.3801
0.3662
0.3729
0.3686
0.4151
0.4223
0.6427
0.4059
0.4211
0.3761
0.3742
0.3639
0.3687
0.4052
0.4646
0.3883
0.3703
0.3655
0.3765
0.3696
0.3635
0.3663
0.3605
0.3672
0.3651
0.3632
0.3712
0.4275
0.3784
0.3749
0.3692
0.3709
0.379
0.3974
0.3774
0.3968
0.3871
0.3915
0.3881
0.391
0.3913
0.3647
0.3626
0.362
0.3609
0.3655
0.3779
0.3681
0.3779
0.3678
0.3675
0.4863
0.4988
0.4769
0.4133
0.5575
0.4151
0.3756
0.3683
0.3661
0.3741
0.3822
0.3968
0.3864
0.3855
0.3823
0.3929
0.3639
0.3877
0.357
0.3588
0.3548
0.3599
0.357
0.3719
0.5493
0.3867
0.5358
0.3651
0.3562
0.3581
0.3559
0.3528
0.3499
0.3531
0.3581
0.3587
0.3618
0.3678
0.3697
0.3684
0.3663
0.3662
0.3635
0.3692
0.371
0.3929
0.4926
0.4261
0.4268
0.3526
0.3615
0.3589
0.3705
0.3603
0.3645
0.3641
0.3651
0.3714
0.3623
0.3882
0.4217
0.3788
0.4115
0.4023
0.4015
0.3817
0.3946
0.4146
0.3745
0.3648
0.3617
0.3628
0.3627
0.3627
0.3598
0.3592
0.372
0.3636
0.3626
0.3584
0.4196
0.384
0.3485
0.3655
0.4216
0.3778
0.369
0.3676
0.3583
0.3583
0.3636
0.3636
0.3584
0.3588
0.3864
0.3629
0.3623
0.3649
0.3619
0.3611
0.3633
0.3605
0.3609
0.3628
0.3829
0.3931
0.381
0.375
0.3744
0.3693
0.3641
0.3714
0.3536
0.3588
0.3697
0.3541
0.3662
0.3822
0.385
0.3941
0.4142
0.3994
0.4023
0.4044
0.3853
0.3846
0.3934
0.394
0.3891
0.3914
0.3814
0.3585
0.3584
0.357
0.3593
0.3632
0.3577
0.3679
0.3806
0.3534
0.3529
0.3598
0.3542
0.3624
0.3661
0.3681
0.3754
0.3741
0.3533
0.3667
0.3828
0.3746
0.3873
0.4188
0.3924
0.3989
0.3811
0.3637
0.3657
0.3658
0.374
0.3722
0.3786
0.3898
0.3628
0.366
0.3628
0.369
0.3799
0.3881
0.3825
0.3832
0.3713
0.3735
0.3741
0.4937
0.3786
0.3819
0.3642
0.3668
0.3861
0.3448
0.449
0.3813
0.3792
0.3823
0.3815
0.3844
0.4115
0.3828
0.3762
0.354
0.361
0.3583
0.3581
0.3644
0.3539
0.355
0.356
0.3519
0.3637
0.3575
0.3485
0.3574
0.3568
0.3634
0.3624
0.364
0.3699
0.3834
0.3953
0.3833
0.3594
0.36
0.3421
0.3697
0.3587
0.3603
0.3583
0.3567

---------------------------------------
CodechalDecodeHevcG12::DecodeStateLevel
---------------------------------------
0.4359
5.2531
8.7995
5.3866
0.2813
4.7595
0.3369
0.2974
0.2159
0.1668
0.2336
5.3769
0.2396
0.1888
0.1701
0.2003
0.1821
0.1963
0.1854
0.1938
0.196
0.1693
0.2171
0.1894
0.1875
0.1676
0.1987
0.174
0.2067
0.1722
0.2131
0.1754
0.2186
0.1648
0.235
0.1858
0.2172
0.1893
0.2114
0.1811
0.1931
0.1753
0.2106
0.1919
0.2074
0.1924
0.2135
0.1594
0.1569
0.1212
0.1507
0.1201
0.145
0.117
0.1376
0.1158
0.1381
0.115
0.1384
0.116
0.1436
0.1178
0.1477
0.1216
0.1521
0.1255
0.1318
0.1079
0.1388
0.1142
0.1344
0.1154
0.1368
0.1173
0.1374
0.1154
0.1393
0.1163
0.1386
0.116
0.1425
0.1167
0.1744
0.1268
0.1521
0.1208
0.1828
0.1221
0.1444
0.1166
0.1638
0.1165
0.18
0.1218
0.1559
0.117
0.1427
0.1162
0.1461
0.1175
0.1501
0.1201
0.1419
0.1162
0.1378
0.1118
0.1372
0.1118
0.136
0.1123
0.1359
0.1136
0.1402
0.1147
0.1443
0.1154
0.1455
0.1183
0.145
0.1193
0.1416
0.1183
0.1444
0.1167
0.1465
0.1207
0.1476
0.1201
0.1413
0.1151
0.1419
0.1165
0.1339
0.1105
0.1457
0.1166
0.146
0.1193
0.1544
0.1237
0.147
0.1246
0.1491
0.1216
0.1525
0.12
0.158
0.1276
0.1523
0.1214
0.1557
0.1219
0.1501
0.1175
0.1391
0.1169
0.1402
0.1136
0.1759
0.1185
0.1597
0.1146
0.1776
0.1237
0.1585
0.1159
0.1422
0.1162
0.1391
0.1152
0.1392
0.1154
0.1371
0.1147
0.2132
3.0132
0.1583
0.1241
1.8217
0.1282
0.1516
0.1207
0.1549
0.123
0.1407
0.117
0.1406
0.1181
0.1366
0.1138
0.1384
0.1172
0.1388
0.1157
0.1372
0.115
0.1409
0.115
0.1339
0.11
0.1381
0.1148
0.1343
0.1146
0.1343
0.1177
0.1599
0.1228
0.1529
0.12
0.1478
0.1216
0.1468
0.1228
0.162
0.1243
0.1406
0.1171
0.1429
0.1161
0.1487
0.12
0.1505
0.1202
0.1497
0.1201
0.1515
0.1207
0.142
0.1166
0.1429
0.1172
0.1439
0.1187
0.14
0.1169
0.1456
0.1229
0.1651
0.1237
0.1515
0.121
0.1376
0.1143
0.1686
0.1283
0.1414
0.1173
0.1368
0.1153
0.1371
0.1168
0.1398
0.1155
0.1365
0.1149
0.1562
0.1187
0.1398
0.1168
0.1466
0.1182
0.141
0.1169
0.1316
0.1122
0.1567
0.1206
0.1416
0.1169
0.1397
0.1158
0.1415
0.1169
0.1426
0.1187
0.1464
0.1174
0.1495
0.1208
0.1602
0.1235
0.1411
0.1167
0.1655
0.1228
0.1527
0.1226
0.1714
0.1273
0.1458
0.1191
0.1397
0.1172
0.1367
0.1147
0.137
0.1153
0.1404
0.1168
0.1397
0.1145
0.1379
0.1152
0.1584
0.1202
0.1412
0.1182
0.1402
0.1143
0.1392
0.118
0.1419
0.1173
0.1391
0.119
0.1546
0.1181
0.1517
0.1228
0.1536
0.1223
0.1446
0.1184
0.1433
0.1178
0.14
0.1156
0.1536
0.1184
0.1405
0.1096
0.1397
0.114
0.1398
0.1164
0.1427
0.1165
0.1413
0.121
0.1518
0.119
0.1432
0.1153
0.1445
0.1164
0.1513
0.1151
0.1375
0.1158
0.1603
0.1205
0.1888
0.1205
0.143
0.1167
0.1372
0.1142
0.1956
0.1162
0.138
0.1136
0.1346
0.1143
0.1381
0.1148
0.1379
0.1147
0.1388
0.115
0.1426
0.1167
0.1423
0.1172
0.1445
0.1179
0.1455
0.1193
0.1491
0.1197
0.1559
0.1228
0.1552
0.1221
0.1496
0.1208
0.1476
0.1208
0.1521
0.1225
0.1562
0.1236
0.1492
0.119
0.1428
0.1154
0.1506
0.1136
0.1694
0.1173
0.1782
0.1213
0.1471
0.1173
0.1402
0.1164
0.1454
0.1172
0.1535
0.1192
0.1448
0.1229
0.1472
0.12
0.1558
0.1239
0.1478
0.1204
0.1508
0.1213
0.149
0.1219
0.1468
0.1204
0.1424
0.1176
0.1389
0.1175
0.1379
0.1149
0.1416
0.1172
0.143
0.1195
0.143
0.1225
0.1472
0.1211
0.1531
0.1239
0.1475
0.1208
0.1474
0.1199
0.146
0.122
0.1435
0.1189
0.1419
0.1165
0.1417
0.1166
0.1404
0.1166
0.1459
0.119
0.1445
0.1174
0.1446
0.1184
0.1466
0.1187
0.1352
0.1089
0.1571
0.1206
0.1717
0.1189
0.155
0.1156
0.1363
0.1141
0.1444
0.1174
0.15
0.1209
0.1395
0.1153
0.1439
0.1184
0.1397
0.119
0.1467
0.1203
0.1602
0.1249
0.1508
0.1256
0.1453
0.1193
0.1467
0.1205
0.1389
0.1161
0.1377
0.1145
0.1394
0.1165
0.1415
0.1172
0.142
0.1166
0.1453
0.1205
0.1478
0.1189
0.1538
0.1229
0.1432
0.1173
0.1778
0.1221
0.1625
0.123
0.1529
0.1212
0.1509
0.1212
0.1465
0.1171
0.1697
0.1173
0.1377
0.1148
0.1361
0.1156
0.1398
0.1145
0.1318
0.1088
0.1394
0.1199
0.1376
0.1157
0.1382
0.1153
0.1346
0.1147
0.1413
0.1181
0.1411
0.1169
0.1423
0.1162
0.1509
0.1199
0.1389
0.1167
0.1376
0.1146
0.141
0.1175
0.1385
0.1168
0.1393
0.1164
0.1472
0.1221
0.141
0.1152
0.1404
0.1161
0.1412
0.1179
0.1429
0.1161
0.139
0.1163
0.1404
0.1173
0.1388
0.1162
0.1407
0.1179
0.1488
0.1202
0.1409
0.1169
0.1402
0.1153
0.1411
0.1181
0.1392
0.117
0.1418
0.1173
0.1389
0.1149
0.136
0.1143
0.136
0.1135
0.1861
0.1223
0.1394
0.1174
0.2365
0.1876
0.2172
0.188
0.1538
0.1237
0.1541
0.1159
0.1464
0.1173
0.232
0.1972
0.149
0.1189
0.1404
0.1161
0.135
0.114
0.1352
0.1124
0.1366
0.1189
0.1386
0.1175
0.1429
0.1162
0.1459
0.1184
0.1447
0.119
0.14
0.1187
0.1429
0.1247
0.1412
0.1215
0.1429
0.1175
0.1446
0.1224
0.1533
0.1209
0.1751
0.1244
0.1533
0.1234
0.1418
0.1159
0.1409
0.1172
0.1417
0.1169
0.1371
0.1146
0.1384
0.1165
0.1409
0.1172
0.1433
0.1186
0.1485
0.1227
0.1466
0.1184
0.1392
0.1158
0.1398
0.116
0.1415
0.1175
0.1581
0.1223
0.1583
0.1268
0.2238
0.2545
0.155
0.1215
0.1614
0.1189
0.1426
0.1167
0.1408
0.1151
0.1367
0.1138
0.1401
0.1137
0.1532
0.1189
0.1871
0.1193
0.1489
0.1183
0.1398
0.1171
0.1368
0.1168
0.1424
0.1159
0.1393
0.1185
0.1377
0.1156
0.1386
0.1177
0.1354
0.1152
0.1386
0.1168
0.1386
0.1168
0.1364
0.1147
0.1367
0.1195
0.1954
0.1154
0.1404
0.1152
0.1451
0.1153
0.1397
0.115
0.1415
0.1163
0.1444
0.1201
0.151
0.1209
0.1455
0.1141
0.1513
0.1207
0.1487
0.1199
0.1469
0.1234
0.1486
0.1204
0.1498
0.1202
0.1495
0.1204
0.1373
0.1173
0.138
0.1146
0.1353
0.1158
0.1374
0.1149
0.1389
0.1159
0.1392
0.1183
0.1399
0.1186
0.147
0.1181
0.1368
0.1155
0.1377
0.1146
0.1628
0.1923
0.1954
0.121
0.1914
0.1232
0.1572
0.1186
0.2104
0.1823
0.1609
0.1177
0.1443
0.1163
0.14
0.1151
0.1388
0.1154
0.1419
0.1165
0.1452
0.1176
0.1468
0.1203
0.1488
0.119
0.1479
0.1192
0.1473
0.1188
0.1478
0.1232
0.1365
0.1106
0.1433
0.1272
0.1355
0.1135
0.1361
0.1134
0.1349
0.1149
0.1407
0.1132
0.1358
0.1136
0.1349
0.1295
0.2044
0.1893
0.1477
0.1195
0.2099
0.1672
0.1387
0.1145
0.1357
0.1129
0.1377
0.1147
0.1355
0.1145
0.135
0.1136
0.1331
0.1133
0.1342
0.1143
0.1362
0.1161
0.1366
0.1154
0.1393
0.1156
0.1389
0.1169
0.1399
0.1179
0.1416
0.1159
0.1392
0.1158
0.1387
0.1154
0.1391
0.1155
0.1388
0.1159
0.1407
0.1185
0.1453
0.1203
0.2015
0.126
0.1639
0.1249
0.1679
0.123
0.1384
0.1086
0.1373
0.113
0.1372
0.114
0.1471
0.1144
0.1376
0.1134
0.1393
0.1154
0.1399
0.1142
0.139
0.1163
0.1428
0.1166
0.139
0.1158
0.1405
0.1148
0.158
0.1253
0.1456
0.1155
0.1477
0.1312
0.1601
0.1147
0.1573
0.12
0.1474
0.117
0.1522
0.1157
0.1604
0.117
0.1422
0.1138
0.1399
0.1143
0.1382
0.1137
0.1388
0.1139
0.1396
0.1132
0.1386
0.1142
0.1366
0.1147
0.1387
0.1127
0.1371
0.129
0.1394
0.115
0.1401
0.1159
0.1378
0.1145
0.1595
0.1216
0.1456
0.1178
0.1339
0.1091
0.1387
0.1157
0.1606
0.1254
0.1429
0.1164
0.1392
0.1145
0.1396
0.1144
0.1348
0.1121
0.1358
0.113
0.141
0.1135
0.1356
0.1151
0.135
0.1137
0.1365
0.1141
0.1364
0.1148
0.1376
0.1144
0.1377
0.1146
0.1373
0.1166
0.1364
0.1159
0.1373
0.1146
0.1378
0.1164
0.137
0.1153
0.1375
0.1172
0.1379
0.1154
0.147
0.1193
0.1379
0.1459
0.1442
0.1202
0.1385
0.1231
0.1414
0.1149
0.1378
0.1144
0.1363
0.1164
0.1397
0.1141
0.1331
0.1121
0.1349
0.1136
0.139
0.1165
0.1351
0.1091
0.1368
0.1168
0.1455
0.1181
0.1455
0.1173
0.149
0.12
0.1594
0.1229
0.1511
0.1202
0.1542
0.1203
0.1549
0.1234
0.1478
0.119
0.147
0.1195
0.1527
0.12
0.1471
0.1246
0.1477
0.12
0.1506
0.1198
0.1443
0.1199
0.1357
0.1153
0.1356
0.1154
0.1352
0.1151
0.1358
0.1155
0.1362
0.1191
0.1352
0.1134
0.1399
0.1177
0.1407
0.1257
0.1315
0.1127
0.1318
0.1141
0.1367
0.1161
0.1331
0.1137
0.1363
0.1146
0.1372
0.1156
0.138
0.1151
0.1414
0.1189
0.1417
0.1167
0.1362
0.111
0.1401
0.1174
0.1468
0.1193
0.1401
0.1179
0.1468
0.1201
0.1694
0.1242
0.1497
0.1215
0.1515
0.1194
0.1442
0.1173
0.1368
0.1169
0.1383
0.1157
0.1387
0.1178
0.1405
0.1173
0.139
0.1171
0.1457
0.1191
0.1493
0.1217
0.137
0.1159
0.1399
0.1172
0.1367
0.1157
0.1388
0.1168
0.144
0.1195
0.1444
0.1216
0.1446
0.1188
0.1464
0.1195
0.1404
0.1181
0.1425
0.1192
0.1415
0.1161
0.2024
0.1248
0.143
0.1165
0.1461
0.1191
0.1369
0.1142
0.1384
0.1154
0.1474
0.1172
0.1309
0.1089
0.1793
0.1227
0.1462
0.1182
0.1422
0.1192
0.146
0.1187
0.1479
0.1182
0.1488
0.1179
0.1612
0.1232
0.1471
0.1169
0.1434
0.116
0.1353
0.1143
0.1377
0.1168
0.137
0.1143
0.137
0.114
0.1396
0.1171
0.1359
0.1147
0.1372
0.1147
0.1367
0.1157
0.1351
0.1142
0.14
0.1137
0.1387
0.1141
0.1332
0.1124
0.137
0.1153
0.1368
0.1142
0.1386
0.1155
0.1385
0.1162
0.1397
0.1147
0.1421
0.1152
0.1474
0.1193
0.1527
0.1216
0.1481
0.1167
0.1374
0.1145
0.1379
0.1144
0.1318
0.1101
0.1412
0.1154
0.1375
0.1149
0.1372
0.1145
0.1373
0.1144
0.1368
0.1148

-------------------------------------
CodechalDecodeHevcG12::SetFrameStates
-------------------------------------
0.6964
0.9475
5.5084
0.2032
0.1709
0.1054
0.1659
0.1188
0.0343
0.0327
0.0329
0.0314
0.0342
0.032
0.0324
0.0341
0.0349
0.0358
0.0363
0.035
0.0324
0.0322
0.0333
0.0344
0.0335
0.034
0.0331
0.0311
0.0315
0.0318
0.0324
0.0328
0.0349
0.0214
0.0314
0.0311
0.0306
0.0316
0.0318
0.0312
0.0323
0.0358
0.0389
0.0415
0.0345
0.0357
0.0404
0.0346
0.0328
0.0331
0.0324
0.0324
0.032
0.031
0.0307
0.0313
0.0373
0.0322
0.0327
0.0331
0.0325
0.0328
0.0324
0.0342
0.0319
0.0339
0.0221
0.0335
0.032
0.0345
0.0335
0.0336
0.0337
0.0348
0.0343
0.0351
0.0357
0.0323
0.0351
0.0419
0.034
0.0394
0.0331
0.0348
0.0317
0.031
0.0317
0.0397
0.0355
0.0365
3.3845
0.0336
0.0312
0.0311
0.0316
0.0304
0.0311
0.034
0.034
0.0208
0.0314
0.0312
0.0304
0.0381
0.0345
0.034
0.0337
0.0365
0.0326
0.0339
0.0328
0.0334
0.0337
0.0331
0.032
0.0318
0.0314
0.032
0.0322
0.0392
0.0346
0.0355
0.0376
0.0341
0.0314
0.0306
0.031
0.0311
0.0378
0.0327
0.0336
0.0316
0.0209
0.0378
0.0346
0.0319
0.0316
0.0318
0.0389
0.0334
0.0348
0.0328
0.0391
0.036
0.043
0.0337
0.0343
0.0334
0.0311
0.0324
0.0324
0.0315
0.0388
0.0334
0.0311
0.0314
0.0314
0.031
0.0324
0.0343
0.0388
0.0317
0.032
0.0323
0.0327
0.0302
0.0324
0.0314
0.0318
0.0312
0.034
0.0325
0.0332
0.0378
0.0312
0.05
0.0423
0.034
0.0323
0.0319
0.0311
0.0308
0.0306
0.0315
0.0321
0.0318
0.0348
0.0353
0.0326
0.0334
0.0369
0.0343
0.0329
0.0326
0.0335
0.0343
0.0342
0.0435
0.0277
0.0414
0.0397
0.0357
0.0346
0.0376
0.0339
0.0336
0.0331
0.0355
0.0338
0.0335
0.0336
0.0351
0.0334
0.0307
0.0315
0.0309
0.0318
0.0321
0.0326
0.0344
0.0342
0.0328
0.0325
0.0321
0.0317
0.0339
0.0311
0.0318
0.0323
0.0323
0.0332
0.0226
0.0328
0.0357
0.0325
0.0306
0.0311
0.0318
0.033
0.0314
0.0325
0.0324
0.0334
0.0342
0.0323
0.0326
0.0317
0.031
0.0308
0.0311
0.0323
0.0337
0.033
0.035
0.0316
0.0388
0.0381
0.034
0.0342
0.0343
0.034
0.0315
0.031
0.0311
0.0208
0.0313
0.032
0.0314
0.0314
0.0326
0.0361
0.0322
0.0316
0.0308
0.0319
0.0309
0.032
0.032
0.0314
0.0311
0.0328
0.0313
0.0326
0.0317
0.0313
0.0313
0.0314
0.0322
0.0314
0.0307
0.031
0.0309
0.0315
0.0311
0.0309
0.032
0.0403
0.0233
0.0457
0.0458
0.0345
0.034
0.033
0.0516
0.0371
0.0323
0.0308
0.0305
0.0303
0.032
0.0333
0.032
0.0326
0.0309
0.0315
0.0312
0.0333
0.0322
0.0322
0.0332
0.0362
0.033
0.0318
0.0315
0.0312
0.0333
0.0307
0.0315
0.032
0.033
0.0239
0.0321
0.0311
0.04
0.0393
0.0482
0.0386
0.0461
0.0325
0.0347
0.0335
0.0312
0.0387
0.0426
0.0354
0.0323
0.0317
0.0323
0.0314
0.0307
0.0309
0.0305
0.0321
0.0309
0.0317
0.0331
0.036
0.0327
0.031
0.0314
0.0322
0.0317
0.0338
0.025
0.034
0.0331
0.033
0.0331
0.0336
0.0336
0.0304
0.0308
0.0318
0.0297
0.0309
0.0317
0.031
0.0324
0.031
0.0318
0.0319
0.0494
0.0462
0.0384
0.0467
0.0375
0.0339
0.0343
0.0317
0.0345
0.0337
0.0325
0.0337
0.033
0.0333
0.0334
0.0224
0.0328
0.0307
0.0311
0.0303
0.0301
0.0302
0.031
0.0426
0.0333
0.0459
0.0321
0.0313
0.0303
0.0301
0.03
0.0297
0.0306
0.0301
0.0309
0.031
0.0306
0.0315
0.0309
0.0308
0.0311
0.0305
0.0333
0.0307
0.0397
0.0436
0.0392
0.0373
0.0213
0.0318
0.0305
0.0312
0.0314
0.0313
0.0311
0.0319
0.0317
0.0312
0.0557
0.0399
0.0346
0.0328
0.0372
0.0367
0.0347
0.0408
0.0454
0.0336
0.0318
0.0313
0.0316
0.0312
0.0305
0.0307
0.0311
0.0308
0.0334
0.0312
0.0312
0.0381
0.0345
0.0217
0.0316
0.0394
0.0339
0.0324
0.0317
0.031
0.031
0.0302
0.0332
0.0313
0.0304
0.0345
0.0309
0.0308
0.0313
0.0304
0.0304
0.0308
0.0303
0.031
0.0313
0.0322
0.0302
0.0322
0.0308
0.0327
0.0311
0.0312
0.0335
0.0299
0.0302
0.0313
0.0237
0.0308
0.0332
0.0336
0.0335
0.0358
0.0345
0.0339
0.0343
0.0329
0.0329
0.0337
0.0337
0.0345
0.0331
0.0323
0.0301
0.0299
0.0299
0.03
0.0308
0.0302
0.0305
0.0313
0.0294
0.03
0.0302
0.03
0.0307
0.0304
0.0326
0.0307
0.0317
0.0215
0.0306
0.0321
0.0316
0.0332
0.0344
0.0333
0.0339
0.0335
0.0304
0.0313
0.0303
0.0316
0.034
0.0318
0.0319
0.0308
0.0304
0.0306
0.0314
0.0322
0.0323
0.0329
0.0318
0.0317
0.0312
0.0325
0.045
0.0337
0.0354
0.0335
0.0311
0.0335
0.0208
0.0412
0.0339
0.0334
0.0339
0.0335
0.0327
0.0352
0.0339
0.0327
0.0302
0.0306
0.0312
0.0306
0.0323
0.03
0.0303
0.0299
0.03
0.0313
0.0305
0.0296
0.0298
0.0304
0.0307
0.0308
0.0318
0.0315
0.033
0.0327
0.0341
0.0321
0.0306
0.0203
0.0326
0.0304
0.0308
0.0306
0.0302

--------------------------
CreateVideoDecoder_D3D11_1
--------------------------
19.4548

---------------------------
DestroyVideoDecoder_D3D11_1
---------------------------
0

----------------
First Frame Time
----------------
66.5079

--------------------------------------
VideoDecoderBeginFrame_WDDM2_4_D3D11_1
--------------------------------------
0.0073
0.0041
0.0029
0.0056
0.0037
0.0033
0.0023
0.0018
0.0018
0.0019
0.0018
0.0017
0.0018
0.0021
0.0017
0.0017
0.0018
0.0019
0.0017
0.0028
0.0018
0.0017
0.0017
0.0017
0.0017
0.0017
0.0021
0.0015
0.0024
0.0015
0.0015
0.0017
0.0017
0.0019
0.0016
0.0016
0.0015
0.0016
0.0015
0.0015
0.0017
0.0016
0.0035
0.0034
0.0021
0.0023
0.0027
0.002
0.0018
0.0018
0.0019
0.0026
0.0019
0.0017
0.0016
0.0015
0.0016
0.0017
0.0017
0.0017
0.0017
0.0017
0.0016
0.0028
0.0016
0.0017
0.0018
0.0018
0.0017
0.0018
0.0018
0.0018
0.0018
0.002
0.0017
0.0018
0.0019
0.0019
0.0021
0.0028
0.0026
0.0029
0.0019
0.0016
0.0015
0.0017
0.0015
0.0026
0.002
0.0019
0.002
0.0018
0.0016
0.0017
0.0029
0.0016
0.0016
0.0016
0.0017
0.0017
0.0015
0.0015
0.0014
0.0027
0.0021
0.0022
0.0016
0.0018
0.0018
0.0017
0.0016
0.0017
0.0017
0.0016
0.0018
0.0016
0.0016
0.0016
0.0017
0.0028
0.002
0.0017
0.0027
0.0018
0.0015
0.0016
0.0017
0.0015
0.0027
0.0018
0.0022
0.0019
0.0018
0.0026
0.0018
0.0018
0.0018
0.0017
0.0018
0.0018
0.0017
0.0046
0.0029
0.0019
0.003
0.0023
0.0018
0.0017
0.0017
0.0018
0.002
0.0016
0.0026
0.002
0.0018
0.0016
0.0017
0.0017
0.0017
0.0018
0.0017
0.0018
0.0016
0.0015
0.0018
0.0019
0.0016
0.0016
0.0016
0.0015
0.0019
0.0021
0.0015
0.002
0.0016
0.0025
0.003
0.0021
0.0018
0.002
0.0018
0.002
0.0017
0.0016
0.0016
0.0016
0.0016
0.0017
0.0018
0.0017
0.0017
0.0018
0.0017
0.0017
0.0017
0.0018
0.0017
0.0021
0.0028
0.003
0.0028
0.0023
0.0018
0.002
0.0019
0.0016
0.0016
0.0018
0.0017
0.0017
0.0016
0.008
0.0016
0.0017
0.0016
0.0017
0.0016
0.0017
0.0017
0.0026
0.0017
0.0018
0.0016
0.0016
0.0017
0.0016
0.0016
0.0016
0.0016
0.0017
0.0024
0.0017
0.0016
0.0027
0.0019
0.0014
0.0016
0.0016
0.0017
0.0017
0.0015
0.0017
0.0018
0.0043
0.0016
0.0018
0.0016
0.0016
0.0016
0.0015
0.0015
0.0016
0.0016
0.0018
0.0018
0.0028
0.0026
0.0018
0.0019
0.0023
0.0022
0.0017
0.0015
0.0018
0.0016
0.0015
0.0015
0.0016
0.0015
0.0016
0.0016
0.0016
0.0016
0.0015
0.0016
0.0017
0.0015
0.0016
0.0015
0.0016
0.0015
0.0017
0.0021
0.0015
0.0017
0.0015
0.0016
0.0017
0.0017
0.0015
0.0016
0.0015
0.0017
0.0015
0.0015
0.0014
0.003
0.0021
0.0029
0.0031
0.0019
0.002
0.0022
0.0037
0.0026
0.0019
0.0017
0.0018
0.0016
0.0017
0.0018
0.0018
0.0018
0.0016
0.0017
0.0017
0.0081
0.0017
0.0016
0.0017
0.0026
0.0019
0.0021
0.0017
0.0017
0.0017
0.0017
0.0017
0.0017
0.002
0.0023
0.0034
0.0017
0.0027
0.0029
0.003
0.0023
0.0027
0.0019
0.0022
0.0018
0.002
0.0026
0.0034
0.0022
0.0018
0.0016
0.0019
0.0015
0.0018
0.0015
0.0016
0.0015
0.0015
0.0016
0.0015
0.0015
0.0019
0.0016
0.0015
0.0015
0.0016
0.0018
0.0018
0.0017
0.0016
0.0018
0.0016
0.0016
0.0017
0.0016
0.0015
0.0016
0.0014
0.0017
0.0016
0.0015
0.0016
0.0016
0.0014
0.0014
0.0043
0.0034
0.0028
0.0027
0.0031
0.0021
0.0019
0.0016
0.0018
0.0017
0.0018
0.0018
0.0019
0.0016
0.0018
0.002
0.0022
0.0016
0.0017
0.0016
0.0016
0.0016
0.0015
0.0025
0.002
0.0025
0.0017
0.0017
0.0015
0.0016
0.0016
0.0016
0.0016
0.0016
0.0016
0.0015
0.0015
0.0014
0.0016
0.0017
0.0017
0.0015
0.0016
0.0016
0.0015
0.0033
0.0022
0.002
0.002
0.0017
0.0016
0.0019
0.0018
0.0017
0.0019
0.0016
0.0016
0.0016
0.0016
0.0027
0.0022
0.0019
0.0021
0.002
0.0025
0.0029
0.0028
0.0021
0.0019
0.0018
0.0017
0.0017
0.0016
0.0017
0.0017
0.0015
0.0016
0.0016
0.0015
0.0027
0.0029
0.002
0.0017
0.0025
0.0021
0.0021
0.0019
0.0016
0.0018
0.0017
0.0016
0.0016
0.0015
0.0075
0.0016
0.0015
0.0015
0.0015
0.0015
0.0023
0.0016
0.0016
0.0021
0.0015
0.0016
0.0016
0.0017
0.0016
0.0017
0.0017
0.002
0.0016
0.0015
0.0017
0.0017
0.0016
0.0016
0.0017
0.0019
0.0018
0.0017
0.0018
0.0017
0.0015
0.0017
0.0016
0.0017
0.0017
0.0016
0.0016
0.0016
0.0016
0.0015
0.0016
0.0015
0.0014
0.0015
0.0018
0.0015
0.0016
0.0023
0.0015
0.0016
0.0016
0.0016
0.0017
0.0018
0.0018
0.0017
0.0016
0.0017
0.0016
0.0017
0.0018
0.0018
0.0019
0.0016
0.0016
0.0016
0.0018
0.0016
0.0016
0.0017
0.0018
0.0016
0.0016
0.0016
0.0016
0.0016
0.0016
0.0016
0.0016
0.0017
0.0016
0.0043
0.0024
0.0019
0.0018
0.0017
0.0019
0.0018
0.0031
0.0021
0.0022
0.0019
0.0017
0.0025
0.002
0.0023
0.0017
0.0016
0.0016
0.0016
0.0017
0.0015
0.0015
0.0015
0.0016
0.0017
0.0019
0.0015
0.0015
0.0016
0.0016
0.0015
0.0016
0.0016
0.0016
0.0017
0.0016
0.0018
0.0014
0.0016
0.0018
0.0019
0.0015
0.0016
0.0015
0.0016

----------------------------
VideoDecoderEndFrame_D3D11_1
----------------------------
0.0409
0.0823
0.0661
0.0593
0.0615
0.0578
0.0585
0.0623
0.0582
0.0573
0.0542
0.0543
0.0527
0.0565
0.0539
0.0563
0.0599
0.059
0.0594
0.0586
0.0555
0.0557
0.0581
0.0572
0.0542
0.057
0.053
0.0542
0.0558
0.0552
0.0534
0.0541
0.0565
0.0523
0.0529
0.0526
0.0535
0.0533
0.053
0.0527
0.0538
0.055
0.0602
0.0589
0.0542
0.054
0.0565
0.0555
0.0532
0.0553
0.056
0.0534
0.0531
0.0519
0.0528
0.0524
0.0538
0.0531
0.0557
0.0545
0.0549
0.0543
0.0553
0.0573
0.0534
0.0532
0.0531
0.053
0.0594
0.0562
0.0562
0.0557
0.0569
0.058
0.0557
0.0569
0.0559
0.0547
0.0529
0.0563
0.0528
0.0569
0.052
0.0537
0.0521
0.0535
0.0507
0.0539
0.0533
0.1167
0.0493
0.0725
0.0996
0.0521
0.0549
0.0523
0.0579
0.0508
0.0515
0.0517
0.05
0.0505
0.0521
0.055
0.0548
0.0559
0.0548
0.0601
0.055
0.0568
0.0567
0.0555
0.057
0.0551
0.0543
0.0546
0.0507
0.0518
0.0518
0.0545
0.0548
0.0509
0.0554
0.0533
0.051
0.0511
0.0532
0.0512
0.0546
0.0511
0.054
0.054
0.0529
0.0579
0.0527
0.0551
0.0509
0.0507
0.055
0.0538
0.0528
0.0532
0.0545
0.071
0.0552
0.0532
0.052
0.0505
0.0523
0.0508
0.0527
0.0527
0.0581
0.0544
0.0531
0.0525
0.0547
0.0539
0.0544
0.059
0.0559
0.0532
0.0535
0.0527
0.0536
0.0571
0.056
0.0535
0.0545
0.0544
0.0598
0.0533
0.056
0.056
0.0536
0.0575
0.057
0.0543
0.0524
0.0563
0.0538
0.0532
0.053
0.0532
0.0523
0.0531
0.0534
0.0543
0.0553
0.0578
0.057
0.0549
0.0551
0.0576
0.0546
0.0567
0.0553
0.0558
0.0582
0.056
0.0585
0.0533
0.0529
0.0544
0.0534
0.0561
0.0551
0.0586
0.0548
0.0573
0.0541
0.0574
0.0528
0.0589
0.0537
0.0529
0.0532
0.0556
0.0549
0.0583
0.0566
0.0534
0.0557
0.0543
0.0539
0.0568
0.0532
0.0527
0.0556
0.0541
0.0534
0.055
0.0568
0.0541
0.0538
0.0532
0.0536
0.0523
0.0532
0.0563
0.0578
0.0543
0.0564
0.0568
0.0552
0.0542
0.0545
0.054
0.0527
0.054
0.055
0.0555
0.0549
0.0571
0.0644
0.0548
0.0578
0.0585
0.0568
0.0572
0.0545
0.0528
0.0611
0.0521
0.0538
0.0529
0.0536
0.0527
0.0522
0.0535
0.0541
0.0528
0.0569
0.0532
0.0539
0.0538
0.0543
0.0541
0.0564
0.0528
0.0522
0.0529
0.0537
0.053
0.0536
0.0538
0.0535
0.0558
0.0532
0.0538
0.0533
0.0557
0.0542
0.052
0.0523
0.0543
0.0568
0.0637
0.079
0.0825
0.0855
0.0556
0.0554
0.08
0.0581
0.053
0.0542
0.0551
0.0532
0.0542
0.0608
0.0548
0.0594
0.0569
0.0582
0.0549
0.0558
0.0595
0.0573
0.0536
0.0532
0.053
0.0534
0.0515
0.0518
0.0516
0.052
0.0541
0.0728
0.0549
0.0583
0.0596
0.0546
0.1051
0.0767
0.0793
0.0645
0.0565
0.0633
0.0565
0.055
0.053
0.0582
0.0538
0.054
0.0525
0.0503
0.0518
0.053
0.0509
0.052
0.0516
0.0502
0.0495
0.0535
0.0541
0.0543
0.0536
0.056
0.0541
0.0603
0.0548
0.057
0.0566
0.0569
0.0562
0.058
0.0556
0.0539
0.0539
0.0526
0.0535
0.054
0.0546
0.0541
0.0551
0.0542
0.055
0.0544
0.0545
0.0629
0.0614
0.077
0.0556
0.0675
0.0577
0.0562
0.0532
0.0551
0.0526
0.0558
0.0553
0.0541
0.0527
0.0533
0.0552
0.0614
0.053
0.0516
0.0515
0.051
0.052
0.0518
0.0505
0.0751
0.0626
0.0631
0.0534
0.0518
0.0535
0.0523
0.0532
0.0521
0.0521
0.0509
0.051
0.0527
0.0519
0.0535
0.0528
0.0541
0.053
0.0528
0.0521
0.0531
0.0554
0.0638
0.0592
0.0593
0.0527
0.0519
0.0528
0.0518
0.0525
0.0533
0.0594
0.0523
0.0534
0.0524
0.0515
0.0536
0.0529
0.061
0.0685
0.0541
0.0599
0.0534
0.056
0.0503
0.0523
0.0525
0.0496
0.0516
0.05
0.0527
0.0519
0.051
0.0509
0.0502
0.0536
0.0567
0.0507
0.0534
0.0512
0.0572
0.0531
0.0512
0.0503
0.0505
0.0516
0.0511
0.0633
0.0532
0.0525
0.0689
0.0499
0.051
0.0506
0.0499
0.0501
0.0547
0.0507
0.0512
0.0716
0.0535
0.0541
0.0665
0.0531
0.0539
0.0543
0.0523
0.0526
0.0585
0.0533
0.0536
0.0549
0.055
0.054
0.0536
0.0592
0.0583
0.0578
0.0547
0.0544
0.0564
0.0562
0.0547
0.0576
0.0608
0.0553
0.0555
0.0533
0.0523
0.0538
0.0515
0.0525
0.0548
0.0538
0.0522
0.0534
0.0524
0.0517
0.0526
0.0535
0.0539
0.053
0.0551
0.053
0.0534
0.0539
0.0541
0.0648
0.0546
0.0601
0.0568
0.0537
0.0528
0.0526
0.0534
0.0535
0.0538
0.0547
0.0544
0.0583
0.0528
0.053
0.0531
0.0541
0.0537
0.0569
0.0558
0.0546
0.0546
0.0537
0.0559
0.0608
0.0551
0.0546
0.0566
0.0524
0.0535
0.0532
0.0595
0.0542
0.0531
0.0554
0.0544
0.0555
0.0576
0.0552
0.0542
0.0514
0.052
0.0532
0.0518
0.0526
0.0527
0.0526
0.0534
0.0524
0.0536
0.0515
0.053
0.0521
0.0518
0.0521
0.0543
0.0542
0.0535
0.0548
0.0549
0.0558
0.0537
0.0525
0.0539
0.0523
0.0524
0.0524
0.0525
0.0522

---------------------------------
VideoDecoderSubmitBuffers_D3D11_1
---------------------------------
6.7885
15.3207
10.6953
1.0188
0.712
5.856
0.7157
0.6057
0.5191
0.5697
0.5411
0.5539
0.5098
0.5275
0.5311
0.5493
0.5673
0.6245
0.5949
0.5657
0.5479
0.584
0.5814
0.5589
0.412
0.4086
0.3967
0.375
0.3778
0.3788
0.391
0.4045
0.4233
0.3608
0.3821
0.3704
0.3763
0.3767
0.3825
0.3845
0.3868
0.4376
0.4289
0.4818
0.399
0.4315
0.469
0.4077
0.3848
0.3895
0.4005
0.3839
0.3777
0.3698
0.3697
0.3698
0.3849
0.3912
0.3946
0.3939
0.3895
0.391
0.398
0.4032
0.382
0.3891
0.3658
0.3976
0.3917
0.42
0.4027
0.4045
0.4078
0.4246
0.4071
0.418
0.4059
0.3849
0.3871
0.4644
0.4173
0.473
0.4206
0.4962
0.6943
0.7739
0.7882
3.3916
0.4332
2.6295
3.7537
0.4121
0.3875
0.3943
0.7114
0.7507
0.3929
0.6219
0.3904
0.3631
0.3809
0.8014
0.846
0.4371
0.4116
0.4132
0.408
0.439
0.3896
0.3899
0.402
0.4063
0.4069
0.4055
0.3902
0.3885
0.3888
0.5468
0.7976
0.4552
0.4144
0.7322
0.7247
0.7205
0.7678
0.7954
0.7776
0.7967
0.7152
0.7428
0.404
0.3857
0.3615
0.4337
0.3894
0.3861
0.3919
0.5149
0.7048
0.7209
0.8087
0.736
0.4541
0.4182
0.5575
0.7108
0.7253
0.7689
0.7464
0.3882
0.3865
0.3725
0.4322
0.3907
0.3805
0.3826
0.3858
0.386
0.4052
0.4161
0.4243
0.3892
0.3905
0.384
0.409
0.4067
0.388
0.3845
0.3875
0.3889
0.4126
0.3957
0.3966
0.4161
0.3789
0.4786
0.4791
0.3914
0.378
0.4356
0.3741
0.3687
0.3736
0.3744
0.3754
0.3808
0.3892
0.3929
0.3957
0.4015
0.4198
0.4139
0.3986
0.3962
0.4049
0.4205
0.4048
0.4002
0.4099
0.4525
0.4596
0.4018
0.3845
0.4028
0.4106
0.4057
0.3992
0.4224
0.4034
0.406
0.404
0.4119
0.3865
0.381
0.3794
0.3818
0.3883
0.3927
0.3978
0.4151
0.4027
0.3964
0.3977
0.3925
0.3845
0.3875
0.3832
0.3954
0.3962
0.3942
0.4029
0.3696
0.4105
0.4436
0.4058
0.3719
0.398
0.4036
0.3827
0.3907
0.3839
0.3952
0.4212
0.4119
0.3945
0.3966
0.3801
0.3782
0.3801
0.384
0.3887
0.3958
0.4007
0.4201
0.3909
0.4683
0.4448
0.4115
0.4118
0.4045
0.4324
0.3766
0.375
0.3802
0.3576
0.3871
0.3741
0.3761
0.3735
0.393
0.3984
0.3875
0.3979
0.3799
0.3771
0.3823
0.3803
0.3811
0.3983
0.3817
0.3849
0.3837
0.3936
0.3827
0.3837
0.3817
0.386
0.4005
0.3819
0.3791
0.3912
0.3793
0.3861
0.3748
0.3699
0.3754
0.4791
0.3887
0.6242
0.5898
0.4127
0.4069
0.3963
0.6432
0.414
0.3829
0.3693
0.3681
0.3775
0.3814
0.3864
0.3902
0.3916
0.3798
0.3993
0.3873
0.3958
0.3951
0.4026
0.4347
0.4235
0.3857
0.3846
0.3812
0.3741
0.3795
0.3789
0.3868
0.4004
0.3952
0.3847
0.3883
0.3817
0.4335
0.4412
0.6636
0.4247
0.4426
0.3903
0.3895
0.3771
0.3831
0.4254
0.4873
0.4027
0.3835
0.378
0.3909
0.3824
0.3761
0.3782
0.3731
0.3794
0.3772
0.3755
0.3834
0.441
0.3942
0.389
0.3821
0.3835
0.3918
0.412
0.394
0.4116
0.3999
0.4051
0.4014
0.405
0.4047
0.3768
0.3743
0.374
0.3725
0.3776
0.3917
0.3808
0.3912
0.3813
0.3801
0.5005
0.531
0.503
0.4322
0.5783
0.4346
0.3904
0.3813
0.3789
0.3878
0.3987
0.411
0.4016
0.4002
0.3961
0.4078
0.3798
0.4028
0.3698
0.372
0.367
0.3726
0.3695
0.3847
0.5679
0.4022
0.555
0.3796
0.37
0.371
0.3683
0.3652
0.362
0.3654
0.3704
0.3707
0.3747
0.38
0.3823
0.3814
0.379
0.3788
0.3758
0.3815
0.3832
0.4054
0.5174
0.444
0.4449
0.3679
0.3755
0.3725
0.3851
0.3745
0.3792
0.3779
0.3786
0.3857
0.3755
0.4011
0.4413
0.3941
0.4271
0.4213
0.4188
0.3969
0.4144
0.434
0.3909
0.3783
0.3749
0.3757
0.3762
0.3757
0.3726
0.3728
0.3851
0.3764
0.3754
0.3709
0.4395
0.3986
0.3637
0.3784
0.4396
0.3927
0.3842
0.3815
0.3718
0.3711
0.3764
0.3769
0.3716
0.3714
0.4065
0.3761
0.3745
0.3777
0.3741
0.3738
0.3764
0.3734
0.3739
0.3755
0.3974
0.4064
0.3947
0.3887
0.3873
0.3824
0.3766
0.3869
0.3659
0.371
0.3836
0.3688
0.3788
0.3963
0.3985
0.4077
0.4303
0.4138
0.4171
0.4189
0.3989
0.399
0.4078
0.4076
0.4026
0.4057
0.3947
0.3703
0.37
0.3687
0.3711
0.3771
0.3693
0.3799
0.3955
0.3654
0.3648
0.3721
0.3657
0.3746
0.3782
0.3807
0.388
0.3884
0.3689
0.38
0.3985
0.3874
0.4011
0.4333
0.4079
0.4159
0.3967
0.3763
0.3779
0.378
0.3878
0.3841
0.392
0.4028
0.3747
0.378
0.3749
0.3812
0.3927
0.4013
0.3959
0.3961
0.3833
0.3862
0.389
0.5187
0.393
0.3951
0.3768
0.3791
0.4011
0.36
0.4713
0.3956
0.394
0.3968
0.3955
0.398
0.4273
0.399
0.3912
0.3663
0.3738
0.3743
0.3711
0.3768
0.3662
0.3672
0.368
0.3635
0.3784
0.3702
0.3607
0.3696
0.3691
0.3766
0.3748
0.377
0.3833
0.3974
0.4093
0.3969
0.3719
0.3729
0.3566
0.3841
0.371
0.3731
0.3711
0.3684

