--------------------------
CreateVideoDecoder_D3D11_1
--------------------------
21.6381
17.6013
15.2843

---------------------------
DestroyVideoDecoder_D3D11_1
---------------------------
13.1803
13.7992
0

----------------
First Frame Time
----------------
0

----------------------------
VideoDecoderEndFrame_D3D11_1
----------------------------
0.0036
0.0022
0.0019
0.0019
0.0022
0.0015
0.002
0.0011
0.002
0.002
0.0014
0.001
0.001
0.0026
0.001
0.0022
0.0021
0.0018
0.0013
0.0038
0.0018
0.0023
0.0019
0.0018
0.0018
0.0017
0.002
0.0018
0.0037
0.0018
0.0018
0.0017
0.0018
0.0018
0.0018
0.0018
0.0017
0.0019
0.0018
0.0018
0.0018
0.0018
0.0039
0.0018
0.0018
0.0019
0.0018
0.0018
0.002
0.0018
0.0018
0.0019
0.0018
0.0024
0.0018
0.0018
0.0018
0.0018
0.002
0.0018
0.0018
0.0018
0.0018
0.0039
0.0018
0.0018
0.0018
0.0018
0.0018
0.0018
0.0019
0.0018
0.0018
0.0018
0.0018
0.002
0.0018
0.0168
0.0018
0.0018
0.0022
0.0018
0.0022
0.0018
0.0018
0.0017
0.002
0.0018
0.0017
0.0018
0.0017
0.0021
0.0017
0.0019
0.0039
0.0018
0.0019
0.0023
0.0021
0.0021
0.0022
0.003
0.0025
0.0021
0.0018
0.0016
0.0019
0.0019
0.0018
0.0018
0.0018
0.0018
0.0029
0.0026
0.0019
0.0017
0.002
0.0029
0.0027
0.0021
0.0025
0.0022
0.002
0.0018
0.0019
0.0018
0.0018
0.0018
0.0018
0.002
0.0018
0.0018
0.0017
0.0017
0.002
0.0023
0.002
0.0018
0.0018
0.0018
0.0019
0.0039
0.0018
0.0018
0.0018
0.002
0.0018
0.0018
0.0018
0.0018
0.0017
0.0019
0.0018
0.0018
0.0018
0.0018
0.002
0.0017
0.0018
0.0018
0.0018
0.0019
0.0018
0.0019
0.0018
0.0018
0.0018
0.0021
0.0018
0.0017
0.002
0.0019
0.0019
0.0018
0.0019
0.0018
0.0018
0.002
0.0018
0.0032
0.0021
0.002
0.0018
0.0019
0.0017
0.0018
0.0018
0.0018
0.0019
0.0019
0.0018
0.0018
0.0018
0.0018
0.0022
0.002
0.0019
0.0018
0.0018
0.0018
0.0024
0.0021
0.0022
0.0016
0.0019
0.0018
0.0018
0.0018
0.0018
0.0018
0.0019
0.011
0.0018
0.0018
0.0018
0.0019
0.0018
0.0017
0.0019
0.0018
0.0018
0.0018
0.002
0.0017
0.0018
0.0018
0.0018
0.0018
0.0018
0.0018
0.0018
0.0022
0.0018
0.0018
0.0018
0.0018
0.0018
0.002
0.0018
0.0018
0.0018
0.0018
0.0019
0.0018
0.0018
0.0019
0.0018
0.0017
0.0019
0.0018
0.0018
0.0018
0.0018
0.0019
0.0018
0.0018
0.0018
0.0018
0.0021
0.0018
0.0018
0.0018
0.0017
0.0018
0.002
0.0019
0.0017
0.0027
0.0019
0.0019
0.0019
0.0018
0.0018
0.0018
0.0018
0.0019
0.0017
0.0018
0.0018
0.0018
0.0019
0.0018
0.0018
0.0018
0.0017
0.0019
0.0018
0.0018
0.0018
0.0018
0.0018
0.002
0.0018
0.0018
0.0018
0.0018
0.0019
0.0018
0.0018
0.0017
0.0018
0.0018
0.002
0.0017
0.0017
0.0018
0.0018
0.0019
0.0017
0.0018
0.0018
0.0019
0.002
0.0017
0.0019
0.0018
0.0208
0.0018
0.0019
0.0025
0.0019
0.0018
0.0018
0.0019
0.0017
0.0018
0.0018
0.0018
0.0018
0.0019
0.0018
0.0018
0.0017
0.0018
0.0021
0.0018
0.0018
0.0018
0.0018
0.002
0.0018
0.0018
0.0017
0.0019
0.0018
0.002
0.0018
0.0018
0.0018
0.0018
0.0025
0.0019
0.0017
0.0017
0.0021
0.0019
0.0019
0.0018
0.0018
0.0019
0.002
0.0022
0.002
0.0021
0.0018
0.0019
0.002
0.0018
0.0018
0.0018
0.0019
0.0018
0.0019
0.0018
0.0018
0.0018
0.0018
0.002
0.0019
0.0018
0.0018
0.0018
0.0021
0.0017
0.0018
0.0019
0.0018
0.0018
0.0019
0.0018
0.0019
0.0018
0.002
0.0019
0.0018
0.0018
0.0018
0.0018
0.0018
0.0019
0.0018
0.0019
0.0018
0.0018
0.0018
0.0018
0.0017
0.0018
0.0018
0.0021
0.0018
0.0018
0.0018
0.0017
0.0018
0.0019
0.0018
0.0018
0.0018
0.0018
0.0019
0.0019
0.0018
0.0018
0.0017
0.0018
0.0019
0.0018
0.0019
0.0018
0.0018
0.0019
0.0019
0.0018
0.0018
0.0017
0.0024
0.0018
0.0018
0.0018
0.0017
0.0018
0.0018
0.0018
0.0018
0.0018
0.0017
0.002
0.0019
0.0018
0.0018
0.0018
0.0018
0.0019
0.0019
0.0018
0.0018
0.0018
0.002
0.0018
0.0018
0.0018
0.0018
0.002
0.0018
0.0018
0.0018
0.0018
0.0018
0.0019
0.0018
0.0018
0.0019
0.0018
0.0215
0.0018
0.0017
0.0017
0.0018
0.0017
0.0021
0.0018
0.0017
0.0018
0.0017
0.0022
0.0018
0.0017
0.0019
0.0018
0.0019
0.0018
0.0017
0.0018
0.0018
0.0019
0.002
0.0019
0.0018
0.0017
0.0018
0.0026
0.0018
0.0018
0.0018
0.0018
0.0018
0.0018
0.0019
0.0018
0.0018
0.0018
0.0022
0.002
0.0018
0.0018
0.0018
0.0024
0.0019
0.0018
0.0021
0.0021
0.0017
0.002
0.0019
0.0019
0.0017
0.0018
0.0018
0.0017
0.0018
0.0018
0.0018
0.0018
0.0019
0.0017
0.0018
0.0018
0.0019
0.0019
0.0081
0.0019
0.0018
0.0019
0.002
0.0018
0.0017
0.0018
0.0018
0.0017
0.0021
0.0018
0.0018
0.0018
0.0018
0.002
0.0018
0.0018
0.0019
0.0018
0.0023
0.0018
0.0018
0.0018
0.0018
0.0019
0.002
0.0017
0.0018
0.0018
0.0018
0.0021
0.0018
0.0018
0.0017
0.0017
0.0018
0.0019
0.0018
0.0017
0.0018
0.0017
0.0019
0.0017
0.0018
0.0018
0.0018
0.0024
0.0018
0.0018
0.0018
0.0019
0.0018
0.002
0.0018
0.0018
0.0018
0.0026
0.0019
0.0019

