---------------------------------------------
CalcPrivateVideoDecoderOutputViewSize_D3D11_1
---------------------------------------------
0.0028
0.0011
0.0031
0.0018
0.0021
0.0015
0.0023
0.001
0.0015
0.0019
0.0009
0.0007
0.0016
0.0018
0.0014
0.0008
0.0009
0.0008
0.0012
0.0023
0.0016
0.0009
0.0014
0.001
0.0014
0.0009
0.0017
0.0015
0.0028
0.0012
0.0015
0.001
0.001
0.0009
0.0021
0.0023
0.0015
0.0008
0.0015
0.0009
0.001
0.0011
0.0019
0.0009
0.0009
0.0009
0.0017
0.0015
0.0008
0.0008
0.0008
0.0009
0.0023
0.0008
0.0016
0.0008
0.0013
0.0012
0.0013
0.0011
0.0011
0.0009
0.0008
0.0019
0.0009
0.0007
0.001
0.0007
0.0007
0.0008
0.0007
0.0007
0.0007
0.0007
0.0007
0.0008
0.0007
0.0007
0.0007
0.0007
0.0006
0.0007
0.0006
0.0007
0.0008
0.0007
0.0007
0.0007
0.0014
0.0009
0.0006
0.0009
0.0009
0.0007
0.0021
0.0008
0.0014
0.0009
0.0014
0.0011
0.0015
0.0009
0.0008
0.0007
0.0008
0.0007
0.0012
0.0014
0.0009
0.0009
0.0009
0.0009
0.0014
0.0009
0.0008
0.0009
0.0008
0.0005
0.0007
0.0014
0.0007
0.0007
0.0006
0.0007
0.0009
0.0007
0.0008
0.0006
0.001
0.0007
0.0011
0.0014
0.0012
0.0016
0.0012
0.0008
0.0013
0.0015
0.0009
0.0015
0.0009
0.0115
0.0017
0.0014
0.0013
0.0008
0.001
0.0011
0.001
0.0009
0.0015
0.0011
0.0009
0.0008
0.0016
0.0014
0.0009
0.0013
0.0008
0.0009
0.0008
0.0016
0.0009
0.001
0.001
0.0008
0.0008
0.0008
0.001
0.0007
0.0008
0.0008
0.0006
0.0006
0.001
0.0007
0.0008
0.001
0.0006
0.0006
0.0007
0.0005
0.0007
0.0007
0.0005
0.0006
0.0007
0.0006
0.0006
0.0006
0.0008
0.0006
0.0006
0.0009
0.0008
0.0009
0.0009
0.0008
0.0006
0.0006
0.0006
0.0007
0.0007
0.0008
0.0006
0.0007
0.0007
0.0008
0.0008
0.0007
0.0006
0.0025
0.0007
0.0006
0.0007
0.0008
0.0007
0.0006
0.0007
0.0006
0.0016
0.002
0.0009
0.0008
0.0008
0.0021
0.0007
0.0008
0.0008
0.001
0.0008
0.0012
0.0011
0.0009
0.0017
0.001
0.0007
0.0008
0.0008
0.0006
0.0007
0.0006
0.0016
0.0007
0.0009
0.0026
0.0012
0.0009
0.0006
0.0017
0.0019
0.0012
0.0017
0.0015
0.001
0.0011
0.0008
0.0018
0.0012
0.0015
0.0011
0.0015
0.0009
0.0007
0.001
0.0007
0.0005
0.0016
0.0009
0.0007
0.0008
0.0006
0.0008
0.0007
0.0014
0.0009
0.001
0.0006
0.0006
0.0008
0.0007
0.0006
0.0007
0.0007
0.0007
0.0006
0.0006
0.0006
0.0006
0.0008
0.0007
0.0005
0.0006
0.0006
0.0008
0.0009
0.0007
0.0018
0.0011
0.0007
0.001
0.0007
0.0007
0.0007
0.0006
0.0006
0.0008
0.0005
0.0005
0.0006
0.0006
0.0007
0.0006
0.0007
0.0007
0.0009
0.0028
0.0007
0.0007
0.0006
0.0006
0.0005
0.0008
0.0006
0.0006
0.0007
0.0007
0.0008
0.0006
0.0005
0.0007
0.0008
0.0005
0.0006
0.0007
0.0006
0.0005
0.0006
0.0006
0.0006
0.0008
0.0007
0.0008
0.001
0.0007
0.001
0.0006
0.0007
0.0005
0.0006
0.0006
0.0005
0.0005
0.0006
0.0019
0.0006
0.0007
0.0006
0.0008
0.0007
0.0008
0.0009
0.0014
0.0009
0.0006
0.0006
0.0006
0.0006
0.0006
0.0007
0.0007
0.0006
0.0006
0.0016
0.0008
0.0017
0.001
0.0011
0.0008
0.001
0.0008
0.0007
0.0009
0.0009
0.0008
0.0008
0.0009
0.001
0.0008
0.0009
0.0009
0.0006
0.0006
0.0013
0.0009
0.0006
0.0007
0.0007
0.0006
0.0006
0.0006
0.0005
0.0007
0.0006
0.0005
0.0007
0.0006
0.0007
0.0006
0.0007
0.0006
0.0006
0.0014
0.0009
0.0007
0.0007
0.0006
0.0007
0.0006
0.0006
0.0007
0.0006
0.0006
0.0007
0.001
0.0007
0.0009
0.0009
0.0007
0.0007
0.0007
0.0006
0.0006
0.0006
0.0007
0.0006
0.0006
0.0006
0.0006
0.0006
0.0006
0.0006
0.0007
0.0006
0.0006
0.0005
0.0006
0.0007
0.0006
0.0006
0.0006
0.0006
0.0005
0.0006
0.0006
0.0005
0.0006
0.001
0.001
0.0008
0.0007
0.0007
0.0007
0.0008
0.0006
0.0006
0.0006
0.0006
0.0006
0.0006
0.0006
0.0006
0.0006
0.0006
0.0068
0.0007
0.0006
0.0006
0.0006
0.0007
0.0006
0.0006
0.0007
0.0006
0.0008
0.0006
0.0007
0.0007
0.0006
0.0006
0.0006
0.0006
0.0006
0.0006
0.0007
0.0006
0.0006
0.0006
0.0006
0.0006
0.0006
0.0006
0.0006
0.0006
0.0006
0.0005
0.0006
0.0006
0.0008
0.0006
0.0006
0.0006
0.0007
0.0007
0.0008
0.0008
0.0006
0.0008
0.0007
0.0006
0.0005
0.0022
0.0008
0.0008
0.0007
0.0007
0.0007
0.0007
0.0008
0.0008
0.0008
0.0009
0.0009
0.0006
0.0009
0.0006
0.0008
0.0008
0.0008
0.0009
0.0008
0.0006
0.0006
0.0015
0.002
0.0007
0.0007
0.0008
0.0007
0.0008
0.0006
0.0006
0.0006
0.0007
0.0006
0.0006
0.0008
0.0006
0.0007
0.0008
0.0006
0.0008
0.0006
0.0006
0.0007
0.0006
0.0007
0.0006
0.0007
0.0006
0.0006
0.0015
0.0009
0.0007
0.0006
0.0006
0.0006
0.0008
0.0006
0.0007
0.0008
0.0007
0.0006
0.0007
0.0006
0.0005
0.0007
0.0007
0.0008
0.0007
0.0009
0.0009
0.0009
0.0006
0.0008
0.0006
0.0005
0.0009
0.0007
0.0006

-----------------------
CodechalDecode::Execute
-----------------------
1.5712
0.6574
0.7287
0.6726
0.6524
0.6565
0.6182
0.5329
0.8956
1.137
0.931
1.0023
0.7669
0.9343
0.6243
1.1013
0.8086
2.7417
3.728
3.6369
0.5223
1.2673
2.1466
0.5004
0.4106
0.4437
0.6202
0.4359
0.4103
0.3801
0.4246
0.4345
0.9608
0.3802
0.6231
0.5826
0.4315
0.3744
0.4209
0.3754
0.3901
0.381
0.544
0.3727
0.3877
0.4045
0.587
0.5076
0.3697
0.364
0.3624
0.3629
0.5437
0.3649
0.6077
0.3792
0.5624
0.554
0.5576
0.3826
0.436
0.4544
0.4171
0.3937
0.3472
0.3759
0.3753
0.3592
0.3577
0.3564
0.3578
0.355
0.473
0.3528
0.3577
0.3546
0.3607
0.3557
0.3585
0.362
0.3622
0.3585
0.3577
0.3584
0.4152
0.3571
0.3621
0.3581
0.4096
0.3731
0.3613
0.3688
0.3674
0.4436
0.3753
0.3789
0.4171
0.715
2.8624
0.3839
0.4134
0.374
0.3685
0.3667
0.3707
3.4543
3.326
0.4086
0.3701
0.7082
2.5899
0.383
0.4079
0.3717
0.3724
0.3743
0.3789
0.3943
0.4715
0.4185
0.366
0.3651
0.3663
0.371
0.3757
0.3787
0.3867
0.3902
0.4131
0.3789
3.772
0.4125
0.3804
0.4536
0.4445
0.3713
0.412
0.4265
0.3728
0.3904
0.3667
0.453
0.4411
0.4246
0.4491
0.3957
0.3807
0.3893
0.3924
0.3851
0.4128
0.3741
0.5414
0.4357
0.4751
0.4345
0.3748
0.3901
0.3891
0.3696
0.3651
0.4117
0.3758
3.8403
0.4056
0.3938
0.3695
0.4168
0.3636
0.3579
0.3531
0.3589
0.3648
0.3612
0.3709
0.357
0.3651
0.3715
0.3577
0.3539
0.3566
0.3645
0.3796
0.3755
0.3793
0.3842
0.3958
0.3881
0.3869
0.3634
0.3599
0.3576
0.3611
0.3652
0.3684
0.3815
0.3548
0.3644
0.3578
0.3606
0.3553
0.3588
0.3711
0.3833
0.3754
0.389
0.3858
0.4092
0.3771
0.3708
0.3737
0.3825
0.3767
0.3906
0.3865
0.383
0.3864
0.3895
0.3677
0.3691
0.4142
0.4615
0.3779
0.3734
0.3652
0.3669
0.3544
0.3553
0.3575
0.3428
0.3563
0.3866
0.3766
0.3676
0.4529
0.3749
0.3565
0.3739
0.3631
0.3799
0.3871
0.3756
0.3822
0.3571
0.3694
0.4458
0.4047
0.4167
0.3863
0.4053
0.5572
0.5152
0.4185
0.4147
0.3749
0.3776
0.3688
0.5436
0.5098
0.4344
0.3976
0.414
0.3579
0.3676
0.3705
0.3681
0.3552
0.4031
0.3674
0.3548
0.3588
0.3685
0.3646
0.3565
0.4065
0.3671
0.3651
0.3502
0.35
0.36
0.3529
0.3515
0.3487
0.3557
0.356
0.3662
0.3757
0.3592
0.3583
0.3645
0.3619
0.3613
0.3589
0.3605
0.3801
0.3621
0.3751
0.4657
0.4381
0.3947
0.3799
0.3579
0.3526
0.3581
0.3627
0.363
0.3669
0.3703
0.4739
0.3651
0.3654
0.358
0.3648
0.3661
0.3682
0.3649
0.3912
0.3913
0.3884
0.3931
0.3902
0.3873
0.3916
0.385
0.3846
0.3895
0.3875
0.3772
0.3359
0.3671
0.3627
0.3538
0.3501
0.3536
0.3554
0.3612
0.3642
0.3685
0.3702
0.3769
0.3868
0.3995
0.3929
0.3855
0.3819
0.3822
0.39
0.3833
0.3882
0.3856
0.3888
0.4006
0.3957
0.4191
0.4741
0.4205
0.387
0.3893
0.3993
0.3925
0.3732
0.3457
0.3572
0.3676
0.3622
0.3605
0.3691
0.3716
0.3713
0.3789
0.3885
0.3956
0.4069
0.4348
0.3715
0.4409
0.3766
0.3881
0.3743
0.3742
0.3858
0.3988
0.3927
0.3873
0.3799
0.3873
0.3815
0.3927
0.3864
0.3803
0.387
0.3979
0.3835
0.3865
0.3514
0.3552
0.363
0.3593
0.3545
0.3557
0.358
0.3509
0.3538
0.3623
0.3464
0.3549
0.36
0.3605
0.372
0.3832
0.3914
0.4234
0.4548
0.3937
0.3701
0.3632
0.3625
0.3664
0.3753
0.3627
0.3618
0.3623
0.3635
0.3754
0.376
0.3731
0.4038
0.3433
0.3542
0.3706
0.3586
0.3513
0.3506
0.3562
0.3543
0.3557
0.3529
0.3579
0.3609
0.3591
0.3569
0.3585
0.3681
0.3536
0.3624
0.3593
0.358
0.3568
0.3584
0.3611
0.3578
0.3579
0.3628
0.3557
0.356
0.3538
0.4156
0.3887
0.3605
0.3589
0.3385
0.3504
0.3523
0.3581
0.3586
0.3644
0.3604
0.3608
0.3558
0.3569
0.3531
0.3577
0.363
0.359
0.3651
0.3574
0.3594
0.3578
0.3563
0.362
0.3587
0.361
0.3611
0.3551
0.3518
0.3541
0.3549
0.3518
0.3582
0.3574
0.3569
0.3552
0.3586
0.3372
0.358
0.3649
0.3628
0.357
0.3589
0.36
0.3585
0.3576
0.3635
0.3585
0.3596
0.3705
0.368
0.376
0.3621
0.3501
0.3561
0.3584
0.3593
0.3654
0.37
0.3722
0.3827
0.3719
0.3736
0.3954
0.3719
0.5404
0.397
0.3693
0.3662
0.3637
0.3428
0.3629
0.3642
0.3616
0.3666
0.3872
0.3701
0.3684
0.3641
0.3639
0.3634
0.3713
0.3758
0.3802
0.3665
0.3738
0.3772
0.4144
0.4405
0.3708
0.3694
0.3709
0.3699
0.3788
0.3818
0.3891
0.3673
0.3676
0.3673
0.3689
0.3618
0.3556
0.3585
0.3435
0.3591
0.3638
0.3737
0.356
0.3597
0.3784
0.3635
0.3791
0.3774
0.3795
0.3701
0.4499
0.4214
0.3809
0.3832
0.3824
0.382
0.3912
0.3789
0.3651
0.361
0.3547
0.3544
0.3603
0.3634
0.3627
0.4498
0.369
0.366
0.3642
0.3695
0.3824
0.3796
0.3888
0.4108
0.4055
0.3778
0.3836
0.3869
0.3798

---------------------------------------
CodechalDecodeHevcG12::DecodeStateLevel
---------------------------------------
0.4821
0.1649
0.2435
0.1916
0.2611
0.1881
0.2727
0.1598
0.2374
0.1883
0.2588
0.1638
0.1987
0.1565
0.1892
0.1496
0.2194
0.207
0.8047
0.1998
0.5833
0.1722
0.607
0.1914
0.3015
0.2583
0.6087
0.1901
0.2519
0.2195
0.7697
0.2047
0.3993
0.1796
0.2263
0.1563
0.2199
0.1644
1.0468
0.182
0.2096
0.1617
0.1852
0.9403
0.2121
1.6671
0.2011
0.161
0.1578
0.1207
0.1413
0.1736
0.2392
0.1931
0.1727
0.1205
0.1569
0.1194
0.1455
0.1178
0.1641
0.1224
0.1452
0.1134
0.1512
0.6679
0.1451
0.1188
0.2385
0.1931
0.2238
0.1923
0.167
0.1206
0.1411
0.1164
0.163
0.124
0.1442
0.1161
0.1561
0.117
0.1475
0.1161
0.2038
0.1871
0.1418
0.1196
0.1484
0.1213
0.1524
0.134
0.2296
0.1875
0.2214
0.1373
0.1424
0.1146
0.1412
0.115
0.1389
0.1171
0.1382
0.1162
0.2015
0.1808
0.1417
0.1135
0.2621
0.1876
0.1469
0.118
0.2157
0.1878
0.2171
0.1804
0.2003
0.1957
0.1467
0.1176
0.1744
0.1251
0.1452
0.1621
0.1515
0.1332
0.1538
0.1184
0.1344
0.1101
0.1446
0.1195
0.1442
0.1183
0.1374
0.1132
0.1381
0.1141
0.1377
0.113
0.1369
0.115
0.1373
0.1139
0.1429
0.1143
0.1354
0.1119
0.1382
0.115
0.1373
0.1125
0.1376
0.1126
0.1375
0.1135
0.1383
0.1145
0.1411
0.1152
0.14
0.1163
0.1393
0.1146
0.1376
0.1152
0.138
0.1155
0.1746
0.1306
0.1374
0.1136
0.138
0.1145
0.1373
0.1155
0.1568
0.1195
0.1433
0.1178
0.1392
0.1157
0.1444
0.1144
0.1396
0.1147
0.1441
0.1807
0.1416
0.1163
0.1524
0.1168
0.1613
0.1192
0.1626
0.1337
0.176
0.1221
0.1436
0.1212
0.1575
0.1207
0.1431
0.1177
0.1423
0.1161
0.1406
0.116
0.1406
0.1203
0.1732
2.889
0.1782
2.6725
0.1585
0.1178
0.1419
0.1143
0.1692
0.1308
0.1656
0.127
0.1455
0.1173
0.1562
0.1184
0.1422
0.1143
0.1392
0.1189
0.1428
0.1145
0.1446
0.1168
0.151
0.1204
0.1492
0.171
0.1634
0.1174
0.1401
0.1148
0.1379
0.115
0.1409
0.1167
0.1415
0.1178
0.1434
0.1172
0.1463
0.1179
0.1455
0.1229
0.1506
0.1181
0.1622
0.1248
0.1444
0.116
0.1459
3.3244
0.1614
0.1202
0.1448
0.1156
0.1887
0.1253
0.1825
0.119
0.144
0.1162
0.1654
0.115
0.1651
0.1165
0.1414
0.1162
0.1504
0.116
0.1395
0.1146
0.1778
0.121
0.1739
0.1207
0.1691
0.1176
0.1762
0.1202
0.1571
0.1185
0.1452
0.1198
0.1505
0.1194
0.1509
0.1188
0.1502
0.118
0.1571
0.1237
0.1417
0.1143
0.2717
0.1319
0.177
0.1388
0.1958
0.1338
0.1772
0.1212
0.1465
0.1153
0.1474
0.117
0.1535
0.1152
0.1404
0.1167
0.1401
0.1151
0.1592
0.12
0.1428
0.1171
0.1625
3.3425
0.1534
0.1228
0.1424
0.1279
0.1417
0.1148
0.1427
0.163
0.1388
0.1137
0.1368
0.1137
0.1357
0.1145
0.1388
0.1152
0.1405
0.1152
0.1388
0.116
0.1408
0.117
0.1352
0.1135
0.1384
0.1153
0.139
0.1131
0.1355
0.1116
0.1341
0.1135
0.1358
0.1127
0.1409
0.113
0.1503
0.1168
0.1429
0.1172
0.1465
0.1173
0.1481
0.1197
0.1512
0.1207
0.1498
0.1187
0.1494
0.1202
0.1397
0.1144
0.1366
0.1137
0.1364
0.1131
0.1384
0.1144
0.1396
0.1158
0.1429
0.1172
0.1449
0.1173
0.1365
0.1109
0.1383
0.1144
0.1351
0.1143
0.1365
0.1128
0.135
0.115
0.1362
0.1139
0.1436
0.1147
0.1467
0.1194
0.1443
0.1163
0.1512
0.1187
0.1473
0.1217
0.158
0.124
0.144
0.1186
0.1419
0.1173
0.1432
0.1178
0.1437
0.1171
0.1445
0.1171
0.1519
0.1209
0.1486
0.1176
0.1458
0.12
0.149
0.1193
0.1493
0.1191
0.1409
0.1167
0.1415
0.1158
0.1588
0.1232
0.1879
0.1245
0.1457
0.1177
0.1465
0.1159
0.1418
0.1165
0.1404
0.1138
0.1358
0.1127
0.136
0.1138
0.137
0.1117
0.1323
0.1071
0.1356
0.1137
0.1472
0.1185
0.1435
0.1165
0.1411
0.1171
0.1868
0.1215
0.1443
0.1167
0.1379
0.1139
0.1517
0.1159
0.1387
0.114
0.1405
0.1325
0.1514
0.1294
0.1448
0.1197
0.1467
0.1208
0.1374
0.1135
0.14
0.1174
0.182
0.1192
0.167
0.1167
0.15
0.126
0.1475
0.1214
0.1553
0.1197
0.2154
0.1734
0.1998
0.1693
0.1641
0.1197
0.1535
0.1207
0.1443
0.1175
0.1445
0.1175
0.1428
0.1165
0.2092
0.167
0.1929
0.1684
0.1656
0.1303
0.1484
0.1289
0.1598
0.1207
0.1374
0.111
0.1423
0.1166
0.1464
0.1149
0.1377
0.1227
0.1367
0.1134
0.1555
0.1183
0.1415
0.1144
0.1374
0.1141
0.1378
0.1133
0.1345
0.1164
0.1407
0.116
0.1362
0.1163
0.1564
0.1184
0.1413
0.1175
0.1417
0.1126
0.1346
0.1119
0.1346
0.1137
0.1384
0.1128
0.1357
0.1128
0.1355
0.1125
0.1347
0.1114
0.1367
0.1122
0.1368
0.1153
0.1421
0.1175
0.1446
0.117
0.1382
0.1162
0.1391
0.1154
0.1415
0.1157
0.1383
0.1154
0.1382
0.115
0.1365
0.1152
0.1377
0.1148
0.1432
0.1168
0.1401
0.1104
0.1435
0.1172
0.1818
0.1268
0.1689
0.1231
0.1511
0.122
0.1454
0.1157
0.1375
0.1156
0.1348
0.1162
0.138
0.1151
0.1376
0.1148
0.1395
0.1146
0.1387
0.1193
0.1417
0.1158
0.1677
0.1672
0.1401
0.1149
0.1395
0.1162
0.1364
0.115
0.1384
0.1152
0.1404
0.1174
0.1456
0.1152
0.1397
0.117
0.1446
0.1168
0.1559
0.1196
0.1514
0.1194
0.1507
0.1191
0.151
0.1228
0.1508
0.1196
0.1509
0.1199
0.1491
0.1197
0.1482
0.1198
0.1506
0.1191
0.1464
0.1199
0.143
0.115
0.1288
0.1057
0.1338
0.1287
0.1378
0.1136
0.1347
0.1124
0.1324
0.1129
0.1338
0.1129
0.1349
0.113
0.1377
0.1147
0.1405
0.1166
0.1418
0.1154
0.1425
0.1167
0.1443
0.1175
0.1493
0.119
0.1536
0.1229
0.1527
0.1214
0.1486
0.1192
0.1474
0.1204
0.1486
0.1179
0.148
0.1182
0.148
0.1188
0.1495
0.1203
0.1493
0.1168
0.1471
0.1199
0.1552
0.122
0.1533
0.1198
0.1861
0.1202
0.195
0.1226
0.1666
0.1221
0.15
0.1201
0.1519
0.1196
0.1552
0.1197
0.1526
0.1201
0.1439
0.1152
0.133
0.1094
0.1377
0.1141
0.1414
0.1144
0.1379
0.115
0.1375
0.1161
0.1412
0.1164
0.1417
0.1157
0.1427
0.1166
0.1453
0.1167
0.1506
0.1192
0.1533
0.1213
0.179
0.1172
0.1749
0.1205
0.1426
0.1171
0.1783
0.1206
0.1445
0.1162
0.1469
0.1225
0.1461
0.117
0.1446
0.1151
0.1486
0.1192
0.156
0.1206
0.1519
0.119
0.1505
0.1205
0.1487
0.1184
0.1514
0.1195
0.1488
0.12
0.1501
0.123
0.1504
0.1195
0.1476
0.1199
0.1512
0.1212
0.1543
0.1211
0.1492
0.1192
0.1487
0.1185
0.1374
0.1096
0.1375
0.1158
0.1396
0.1158
0.1381
0.114
0.1369
0.1156
0.1375
0.1153
0.138
0.1165
0.1357
0.1131
0.1368
0.1143
0.1404
0.1123
0.1332
0.112
0.1366
0.1123
0.1382
0.1121
0.135
0.1158
0.1472
0.1141
0.1486
0.1155
0.1495
0.1186
0.1587
0.1242
0.1886
0.1215
0.1499
0.1182
0.1398
0.1163
0.1381
0.1142
0.1378
0.1176
0.1394
0.1163
0.1414
0.1204
0.1367
0.115
0.1385
0.116
0.1361
0.1133
0.1384
0.1167
0.1413
0.1217
0.1428
0.1159
0.1401
0.1162
0.1649
0.1269
0.1327
0.1078
0.1363
0.1139
0.1373
0.1133
0.1365
0.1133
0.1346
0.1131
0.1348
0.1125
0.1377
0.1144
0.1368
0.1145
0.137
0.1143
0.1357
0.1132
0.1356
0.1143
0.1372
0.115
0.1367
0.1145
0.1365
0.1156
0.1386
0.1142
0.1398
0.115
0.1358
0.1147
0.1398
0.1162
0.1369
0.115
0.1372
0.1155
0.1359
0.1151
0.1376
0.1142
0.1374
0.1141
0.1364
0.1151
0.1364
0.1161
0.1363
0.1161
0.1365
0.1159
0.1359
0.1158
0.1353
0.1149
0.1377
0.1563
0.1442
0.1176
0.1384
0.1126
0.1348
0.1117
0.1323
0.1071
0.1347
0.113
0.135
0.1125
0.1368
0.114
0.1363
0.1184
0.1384
0.1161
0.138
0.1141
0.1389
0.1155
0.1361
0.1144
0.1367
0.1136
0.1361
0.1143
0.1371
0.1146
0.1378
0.1144
0.1391
0.1158
0.1391
0.1154
0.1376
0.1132
0.1368
0.1141
0.137
0.1149
0.1365
0.1138
0.1373
0.1161
0.1392
0.1155
0.14
0.1151
0.1399
0.1121
0.1364
0.1138
0.1354
0.1125
0.1349
0.1132
0.1357
0.1129
0.1349
0.1131
0.1392
0.1159
0.1385
0.1153
0.1381
0.1148
0.1368
0.116
0.1386
0.1151
0.1306
0.1076
0.1386
0.1151
0.1398
0.1155
0.1382
0.1151
0.1362
0.1147
0.1385
0.1144
0.1382
0.1132
0.1374
0.1139
0.1355
0.1161
0.1383
0.1131
0.1364
0.1147
0.1377
0.1145
0.1407
0.116
0.1411
0.1173
0.1446
0.1192
0.1377
0.1123
0.1332
0.1118
0.136
0.1134
0.1353
0.1143
0.1355
0.117
0.1401
0.1143
0.1403
0.1165
0.142
0.1166
0.1479
0.1169
0.1478
0.1155
0.1371
0.117
0.1585
0.1171
0.1456
0.1145
0.2394
0.1288
0.1512
0.1209
0.1391
0.1136
0.1393
0.1155
0.1396
0.1144
0.1315
0.1064
0.137
0.1158
0.1377
0.1135
0.1382
0.1126
0.1416
0.1155
0.1498
0.1178
0.14
0.1135
0.1446
0.1135
0.1394
0.1145
0.1407
0.1135
0.1384
0.1152
0.1405
0.1175
0.1439
0.117
0.1456
0.1191
0.1397
0.1153
0.1415
0.1163
0.1404
0.1157
0.1587
0.1206
0.1783
0.1199
0.1427
0.1167
0.1431
0.1158
0.1406
0.1184
0.1413
0.1168
0.1476
0.1176
0.1472
0.1167
0.151
0.1201
0.1405
0.1154
0.1406
0.1145
0.1419
0.1161
0.1429
0.116
0.1378
0.1128
0.135
0.1144
0.1365
0.1128
0.1334
0.1065
0.1355
0.1168
0.1391
0.1154
0.1432
0.1164
0.1344
0.1141
0.138
0.114
0.1509
0.1143
0.1394
0.1141
0.1443
0.1165
0.1447
0.1151
0.1449
0.1183
0.1431
0.1158
0.1839
0.1216
0.1703
0.1183
0.1464
0.118
0.1474
0.1188
0.1476
0.1189
0.1469
0.1175
0.1517
0.1194
0.146
0.1183
0.1393
0.1156
0.1367
0.113
0.1345
0.1139
0.1348
0.1138
0.1385
0.1135
0.1366
0.117
0.1392
0.1152
0.2162
0.1189
0.1428
0.1129
0.1393
0.1154
0.1384
0.1143
0.1425
0.1161
0.1468
0.1167
0.146
0.1161
0.1474
0.1189
0.1579
0.1233
0.1557
0.123
0.1449
0.1191
0.1473
0.1197
0.1485
0.1194
0.1456
0.1185

-------------------------------------
CodechalDecodeHevcG12::SetFrameStates
-------------------------------------
0.6597
0.1148
0.1431
0.104
0.1101
0.1222
0.1484
0.0949
0.0383
0.0366
0.0323
0.0315
0.0502
0.0379
0.038
0.0333
0.1222
2.2428
3.23
2.2912
0.0371
0.0332
0.1369
0.0361
0.0376
0.0327
0.0516
0.0463
0.0374
0.0334
0.0378
0.0857
0.0381
0.0359
0.0539
0.0475
0.0382
0.0323
0.0382
0.033
0.0326
0.0325
0.0432
0.0324
0.0313
0.0323
0.0454
0.0457
0.0318
0.0302
0.0301
0.0299
0.0443
0.031
0.0449
0.0329
0.0452
0.045
0.0439
0.0351
0.045
0.035
0.032
0.0338
0.0214
0.0312
0.0311
0.032
0.0293
0.0293
0.0302
0.0295
0.1376
0.0296
0.0294
0.0295
0.032
0.0296
0.0301
0.0298
0.0297
0.029
0.0302
0.0291
0.0295
0.0302
0.0305
0.0293
0.0363
0.0322
0.0298
0.0305
0.03
0.0297
0.0325
0.0307
0.0376
0.3054
2.4564
0.0348
0.0388
0.032
0.0308
0.0305
0.0304
0.2713
0.3643
0.0365
0.0323
0.3069
2.1935
0.035
0.0374
0.0324
0.0305
0.0315
0.0313
0.0327
0.0329
0.0445
0.0306
0.0308
0.0293
0.0298
0.0307
0.0309
0.0311
0.0325
0.0336
0.0315
0.1921
0.0368
0.0333
0.0393
0.0373
0.0311
0.0358
0.0465
0.0314
0.0335
0.031
0.0401
0.04
0.0359
0.0403
0.0344
0.0313
0.0328
0.0354
0.0321
0.0362
0.0338
0.0324
0.0321
0.0377
0.0384
0.032
0.0353
0.0313
0.0308
0.0305
0.0374
0.0335
0.2249
0.0362
0.0348
0.0332
0.0305
0.0305
0.0293
0.0288
0.0299
0.0297
0.0297
0.031
0.0295
0.0299
0.0347
0.0296
0.0287
0.0289
0.0294
0.0293
0.0301
0.031
0.0299
0.0321
0.0318
0.0313
0.0295
0.03
0.0295
0.0289
0.0299
0.0291
0.0316
0.0219
0.0304
0.0293
0.0311
0.0286
0.0298
0.0304
0.0314
0.0304
0.031
0.0307
0.033
0.0302
0.0297
0.0311
0.0316
0.0309
0.0304
0.0315
0.0312
0.0314
0.0312
0.0296
0.0301
0.0367
0.0403
0.0323
0.0308
0.0301
0.0306
0.0295
0.0292
0.0299
0.0216
0.0295
0.0336
0.0341
0.0306
0.0388
0.0322
0.0294
0.0305
0.03
0.0298
0.0297
0.0305
0.0315
0.0299
0.0304
0.0386
0.0317
0.0312
0.0371
0.0362
0.0471
0.0408
0.0373
0.0364
0.0326
0.0329
0.0307
0.0475
0.0408
0.0376
0.0334
0.0375
0.024
0.0304
0.0301
0.0311
0.0294
0.036
0.0315
0.0297
0.0296
0.0305
0.03
0.0293
0.0362
0.031
0.0302
0.0291
0.029
0.0303
0.0297
0.0283
0.0282
0.0292
0.0289
0.0295
0.0332
0.0289
0.0292
0.0294
0.0292
0.0292
0.029
0.0284
0.0333
0.0224
0.0313
0.0413
0.0406
0.0339
0.0321
0.0292
0.0287
0.0296
0.03
0.0296
0.029
0.0304
0.0306
0.03
0.0295
0.0287
0.0289
0.0291
0.0288
0.0292
0.0374
0.0306
0.031
0.0334
0.0306
0.0308
0.0318
0.0311
0.031
0.0319
0.0316
0.031
0.0205
0.0292
0.0347
0.0302
0.029
0.0281
0.0286
0.0297
0.029
0.0301
0.0298
0.0301
0.0316
0.0306
0.0315
0.0315
0.0314
0.0307
0.032
0.0314
0.0318
0.0321
0.0313
0.0334
0.0325
0.0317
0.0418
0.0335
0.0308
0.0321
0.0331
0.0318
0.03
0.021
0.0299
0.0302
0.0308
0.0292
0.0299
0.0303
0.0303
0.0314
0.0315
0.0329
0.0303
0.0364
0.0316
0.0397
0.0331
0.0329
0.0302
0.0315
0.0321
0.0334
0.0331
0.0321
0.0311
0.0318
0.0315
0.0321
0.0317
0.0312
0.0318
0.0323
0.0318
0.0328
0.0224
0.0287
0.0306
0.0313
0.0292
0.0293
0.0289
0.029
0.0289
0.0304
0.028
0.0292
0.0298
0.0307
0.0302
0.0297
0.0341
0.0345
0.0406
0.0379
0.0328
0.0303
0.0289
0.0296
0.0303
0.033
0.0296
0.029
0.029
0.0299
0.0312
0.0385
0.0303
0.0211
0.0286
0.0393
0.0309
0.0288
0.0289
0.0293
0.0286
0.029
0.0286
0.0337
0.0289
0.0302
0.0288
0.0289
0.035
0.0287
0.0298
0.0301
0.029
0.0291
0.03
0.0338
0.0292
0.03
0.0352
0.0285
0.0294
0.0289
0.0288
0.0434
0.0304
0.0351
0.0204
0.0288
0.0288
0.0313
0.029
0.0323
0.0303
0.0295
0.0292
0.03
0.0288
0.0292
0.0342
0.0287
0.0319
0.0299
0.029
0.0289
0.0292
0.0343
0.0289
0.029
0.0299
0.0289
0.0286
0.0313
0.0297
0.0286
0.0295
0.0299
0.0299
0.0291
0.03
0.0205
0.0296
0.0299
0.0313
0.0291
0.0289
0.0293
0.0293
0.0287
0.0291
0.0292
0.03
0.0298
0.0296
0.0301
0.0295
0.0283
0.0292
0.0289
0.0289
0.0302
0.0299
0.0311
0.0313
0.0295
0.029
0.0333
0.0294
0.0526
0.0349
0.0326
0.0304
0.0304
0.0209
0.0296
0.0331
0.0312
0.0304
0.0331
0.0313
0.0303
0.0293
0.0292
0.0291
0.0304
0.0311
0.031
0.0307
0.0319
0.0301
0.0372
0.037
0.0315
0.0297
0.0301
0.0306
0.0303
0.0317
0.0316
0.0301
0.0299
0.03
0.0298
0.0299
0.0291
0.0293
0.0205
0.0286
0.0295
0.0316
0.0285
0.0287
0.0297
0.0294
0.0311
0.0313
0.0318
0.0299
0.0378
0.0345
0.0311
0.0313
0.0307
0.0302
0.0319
0.0309
0.0304
0.0296
0.0288
0.0286
0.0287
0.029
0.029
0.03
0.0312
0.0301
0.0305
0.0298
0.0316
0.0237
0.0315
0.0334
0.0344
0.0303
0.031
0.0315
0.031

--------------------------
CreateVideoDecoder_D3D11_1
--------------------------
19.1808

---------------------------
DestroyVideoDecoder_D3D11_1
---------------------------
0

----------------
First Frame Time
----------------
58.4952

--------------------------------------
VideoDecoderBeginFrame_WDDM2_4_D3D11_1
--------------------------------------
0.0079
0.0025
0.004
0.0034
0.0033
0.0031
0.003
0.002
0.003
0.0027
0.002
0.0018
0.0033
0.003
0.0027
0.0019
0.0022
0.0019
0.0029
0.003
0.0034
0.0019
0.0027
0.0024
0.0025
0.002
0.0039
0.0029
0.0039
0.0019
0.0026
0.0019
0.0021
0.0025
0.0034
0.003
0.0028
0.0019
0.0027
0.0019
0.0023
0.002
0.0029
0.0019
0.0018
0.0019
0.0026
0.0029
0.0019
0.0018
0.0017
0.0015
0.0031
0.0019
0.003
0.0021
0.0026
0.0025
0.0026
0.0024
0.0028
0.0022
0.002
0.0033
0.0018
0.0017
0.002
0.0018
0.0016
0.0016
0.0017
0.0016
0.0018
0.0017
0.0017
0.0017
0.0016
0.0017
0.0016
0.0016
0.0016
0.0016
0.0015
0.0016
0.0016
0.0017
0.0016
0.0016
0.0026
0.002
0.0018
0.0018
0.0019
0.0016
0.0033
0.0019
0.0028
0.002
0.0027
0.0023
0.0028
0.002
0.0018
0.0017
0.0018
0.0018
0.0025
0.0028
0.002
0.0018
0.0026
0.0026
0.0028
0.0019
0.0018
0.0018
0.0017
0.0018
0.0018
0.0026
0.0019
0.0016
0.0017
0.0017
0.0019
0.0017
0.0017
0.0018
0.0019
0.0021
0.0022
0.0023
0.0022
0.0031
0.003
0.0019
0.003
0.003
0.0022
0.0024
0.0018
0.0086
0.0031
0.0023
0.0028
0.0022
0.002
0.0022
0.0021
0.0018
0.003
0.0031
0.0019
0.0018
0.0031
0.0025
0.002
0.0026
0.0019
0.0018
0.002
0.0027
0.0021
0.0021
0.0028
0.0024
0.0017
0.0018
0.0018
0.0017
0.0017
0.0017
0.0017
0.0017
0.0019
0.0018
0.0016
0.0023
0.0018
0.0018
0.0016
0.0015
0.0016
0.0016
0.0018
0.0017
0.0017
0.0019
0.0017
0.0015
0.0015
0.0016
0.0015
0.0015
0.0016
0.0016
0.0021
0.002
0.0019
0.0017
0.0016
0.0017
0.0017
0.0019
0.0017
0.0018
0.0019
0.0019
0.0019
0.0016
0.0017
0.0035
0.0017
0.0018
0.0017
0.0018
0.0016
0.0017
0.0018
0.0017
0.0025
0.0034
0.0021
0.002
0.0018
0.0022
0.0018
0.0017
0.0018
0.0021
0.0018
0.0024
0.002
0.0018
0.0029
0.002
0.0018
0.0016
0.0016
0.0016
0.0018
0.0016
0.0022
0.0018
0.002
0.0034
0.0021
0.002
0.0015
0.0033
0.0032
0.0025
0.0029
0.0028
0.0021
0.0021
0.0016
0.0032
0.0024
0.0026
0.002
0.0027
0.0021
0.0019
0.002
0.0017
0.0016
0.0026
0.0018
0.0017
0.0018
0.0015
0.0018
0.0015
0.0027
0.0022
0.0024
0.0018
0.0015
0.0019
0.0019
0.0018
0.0016
0.0017
0.0017
0.0017
0.0016
0.0016
0.0017
0.0018
0.0017
0.0015
0.0016
0.0017
0.0018
0.0017
0.0018
0.0033
0.0025
0.0023
0.002
0.0018
0.0024
0.0017
0.0016
0.0016
0.0016
0.0016
0.0016
0.0018
0.0017
0.0017
0.0016
0.0017
0.0044
0.0016
0.0038
0.0016
0.0016
0.0019
0.0016
0.0019
0.0019
0.0017
0.0018
0.0021
0.0019
0.0019
0.0019
0.0016
0.0018
0.0016
0.0016
0.0016
0.0018
0.0016
0.0016
0.0016
0.0018
0.0017
0.0019
0.0018
0.002
0.0017
0.0016
0.0017
0.0017
0.0018
0.0017
0.0017
0.0017
0.0019
0.0018
0.0018
0.0036
0.0022
0.0019
0.0017
0.0018
0.0018
0.0023
0.0019
0.0017
0.0016
0.0017
0.0016
0.0017
0.0016
0.0017
0.0016
0.0017
0.0018
0.0018
0.0025
0.002
0.0028
0.002
0.0023
0.0017
0.0018
0.0018
0.0019
0.0019
0.0019
0.0018
0.002
0.0018
0.0018
0.0017
0.0017
0.0018
0.0018
0.0017
0.0024
0.0019
0.0018
0.0016
0.0015
0.0016
0.0023
0.0018
0.0016
0.0017
0.002
0.0018
0.0019
0.0017
0.0017
0.0018
0.0015
0.0017
0.0018
0.0032
0.002
0.002
0.0017
0.0016
0.0015
0.0016
0.0018
0.0015
0.0015
0.0015
0.0017
0.0018
0.0017
0.0019
0.0021
0.0017
0.0018
0.0018
0.0015
0.0016
0.0015
0.0016
0.0015
0.0016
0.0014
0.0015
0.0018
0.0015
0.0016
0.0017
0.0016
0.0017
0.0016
0.0016
0.0014
0.0018
0.0015
0.0015
0.0016
0.0015
0.0015
0.0016
0.0015
0.0016
0.0019
0.0019
0.0016
0.0017
0.0016
0.0016
0.0016
0.0015
0.0016
0.0016
0.0016
0.0015
0.0016
0.0014
0.0017
0.0015
0.0014
0.0064
0.0016
0.0016
0.0015
0.0015
0.0014
0.0015
0.0016
0.0018
0.0016
0.0015
0.0016
0.0015
0.0018
0.0015
0.0017
0.0017
0.0016
0.0015
0.0017
0.0014
0.0016
0.0017
0.0017
0.0016
0.0017
0.0015
0.0016
0.0016
0.0015
0.0018
0.0017
0.0015
0.0019
0.0018
0.0015
0.0016
0.0016
0.0017
0.0051
0.0016
0.0017
0.0025
0.0019
0.0016
0.0016
0.0017
0.0038
0.0022
0.002
0.0019
0.0018
0.0019
0.0017
0.0017
0.0017
0.0017
0.002
0.002
0.0017
0.0017
0.0016
0.0025
0.0017
0.0017
0.0018
0.0017
0.0018
0.0017
0.0028
0.0029
0.002
0.0018
0.0018
0.0018
0.0016
0.0017
0.0019
0.0017
0.0018
0.0017
0.0017
0.002
0.0016
0.0017
0.0018
0.0017
0.0017
0.0017
0.0017
0.0017
0.0017
0.0016
0.0018
0.0018
0.0018
0.0016
0.0028
0.0024
0.0019
0.0016
0.0016
0.0018
0.0019
0.0018
0.0016
0.0021
0.0016
0.0016
0.0016
0.0016
0.0016
0.0016
0.0019
0.0018
0.0016
0.0017
0.002
0.0021
0.0018
0.0019
0.0018
0.0019
0.0017
0.0017
0.0018

----------------------------
VideoDecoderEndFrame_D3D11_1
----------------------------
0.0338
0.0526
0.0794
0.1017
0.1243
0.124
0.1015
0.0976
0.1737
0.0532
0.0596
0.0596
0.0878
0.0602
0.0674
0.0642
0.0531
0.0739
0.0569
0.0598
0.0555
0.0787
0.0604
0.0583
0.0583
0.0546
0.0811
0.053
0.0568
0.0523
0.0554
0.0535
0.0573
0.075
0.1165
0.0783
0.0574
0.0534
0.0603
0.0731
0.0842
0.0622
0.064
0.0639
0.0565
0.0878
0.0854
0.0571
0.0551
0.0519
0.0532
0.0568
0.0781
0.0524
0.0782
0.0519
0.0766
0.0696
0.0781
0.0552
0.0743
0.0824
0.0767
0.0603
0.0546
0.0563
0.0645
0.0515
0.0513
0.0521
0.0512
0.0518
0.0528
0.0538
0.0513
0.0528
0.0519
0.0518
0.0522
0.0507
0.0517
0.0493
0.0521
0.0531
0.0517
0.0533
0.0531
0.0526
0.0586
0.0548
0.0535
0.0517
0.0541
0.0583
0.0513
0.0535
0.0613
0.0597
0.0543
0.0877
0.0584
0.0537
0.0532
0.0553
0.0528
0.059
0.0577
0.0567
0.0528
0.0538
0.056
0.0786
0.0574
0.0552
0.0538
0.0532
0.0552
0.0548
0.0854
0.0551
0.0528
0.0517
0.0544
0.0559
0.0531
0.0538
0.0568
0.0565
0.0558
0.0543
0.0581
0.0546
0.0787
0.0589
0.0618
0.055
0.0575
0.0563
0.0564
0.0548
0.0546
0.0612
0.0605
0.0579
0.0584
0.055
0.0547
0.0559
0.0579
0.0564
0.057
0.0546
0.0635
0.0603
0.0623
0.0587
0.0543
0.0578
0.052
0.0552
0.0543
0.0576
0.0631
0.055
0.0524
0.0777
0.0537
0.0541
0.053
0.0522
0.053
0.0517
0.0526
0.0514
0.0678
0.0535
0.0531
0.056
0.0533
0.0513
0.0541
0.0518
0.0542
0.053
0.0528
0.0532
0.0546
0.0531
0.0554
0.0522
0.0537
0.0519
0.0528
0.0531
0.0528
0.0537
0.0544
0.057
0.0541
0.0524
0.0588
0.0537
0.0538
0.0552
0.0543
0.057
0.0538
0.0595
0.0529
0.0539
0.0543
0.0587
0.0539
0.0552
0.0562
0.0554
0.0554
0.059
0.0543
0.0534
0.0595
0.0569
0.0545
0.0524
0.0547
0.054
0.0517
0.0532
0.0518
0.0523
0.0536
0.0552
0.0536
0.0524
0.0561
0.0538
0.0518
0.0534
0.0524
0.0534
0.0534
0.052
0.0506
0.0533
0.0542
0.0582
0.0547
0.0718
0.0523
0.0549
0.0772
0.0719
0.0556
0.0588
0.0531
0.0534
0.052
0.0769
0.0766
0.0589
0.0536
0.0554
0.0545
0.0555
0.0526
0.0524
0.0534
0.0572
0.0522
0.0528
0.053
0.0505
0.0522
0.0525
0.0572
0.0528
0.053
0.0503
0.052
0.0542
0.0538
0.0527
0.053
0.0531
0.0534
0.0535
0.0542
0.0549
0.0702
0.0532
0.0519
0.0528
0.0518
0.0529
0.0529
0.0529
0.0582
0.0614
0.0571
0.0557
0.0532
0.052
0.0521
0.052
0.0532
0.0516
0.0536
0.0545
0.0669
0.0535
0.0527
0.0535
0.0533
0.0523
0.0526
0.0522
0.0548
0.0537
0.0578
0.0544
0.0541
0.0567
0.0576
0.0574
0.0559
0.0552
0.0585
0.0535
0.0523
0.0527
0.0534
0.0522
0.0542
0.052
0.0537
0.0536
0.0538
0.0535
0.0531
0.0545
0.0548
0.0596
0.0562
0.0554
0.055
0.0537
0.0564
0.0574
0.0546
0.054
0.0563
0.057
0.0555
0.0542
0.0605
0.055
0.0575
0.0566
0.0575
0.0542
0.0559
0.0515
0.0524
0.0521
0.0529
0.0535
0.0533
0.0544
0.0528
0.0549
0.0543
0.0574
0.0547
0.0587
0.0545
0.0586
0.0533
0.0538
0.0531
0.0549
0.0548
0.0588
0.0556
0.0555
0.0555
0.0546
0.0551
0.0574
0.0554
0.0568
0.0552
0.0559
0.0691
0.0535
0.0534
0.0516
0.0513
0.0503
0.0518
0.0542
0.0539
0.0533
0.0513
0.0525
0.0529
0.0549
0.0524
0.0507
0.051
0.0504
0.0603
0.0844
0.0534
0.0519
0.0511
0.0515
0.0506
0.0585
0.0513
0.0508
0.0495
0.0514
0.0511
0.0766
0.0524
0.0519
0.0511
0.0515
0.0498
0.0503
0.0506
0.0502
0.0501
0.0512
0.0501
0.0503
0.05
0.0505
0.0505
0.0524
0.0504
0.0525
0.0499
0.0504
0.0512
0.0505
0.0507
0.0507
0.0504
0.0507
0.0511
0.0512
0.0502
0.0508
0.0507
0.0501
0.0649
0.051
0.0501
0.0501
0.0505
0.0508
0.0503
0.0502
0.0511
0.0498
0.0501
0.0511
0.051
0.0502
0.0524
0.0496
0.0504
0.0503
0.0564
0.0508
0.0501
0.0544
0.0505
0.0497
0.0499
0.0505
0.0502
0.0501
0.0522
0.0514
0.0502
0.058
0.0516
0.0504
0.0512
0.0514
0.0515
0.0515
0.0626
0.0496
0.0512
0.0518
0.0516
0.0537
0.051
0.0551
0.0514
0.0512
0.0496
0.057
0.0553
0.0548
0.0523
0.0545
0.0524
0.0522
0.0536
0.0547
0.0538
0.0537
0.0546
0.0526
0.0512
0.0541
0.0614
0.0593
0.0569
0.0529
0.0537
0.0535
0.0532
0.0536
0.054
0.0692
0.0544
0.0551
0.0526
0.0525
0.0534
0.053
0.0533
0.054
0.0531
0.0539
0.0527
0.0546
0.0528
0.0594
0.0576
0.0537
0.0536
0.0564
0.0532
0.0541
0.0582
0.0554
0.0524
0.0545
0.053
0.0525
0.054
0.0522
0.0522
0.0554
0.0527
0.054
0.0536
0.0545
0.0551
0.0532
0.0549
0.0544
0.0535
0.0528
0.054
0.0589
0.0544
0.0542
0.0545
0.0554
0.0551
0.055
0.0545
0.0551
0.0542
0.0532
0.0524
0.0519
0.0529
0.0527
0.0548
0.0684
0.0539
0.0555
0.0526
0.0547
0.0543
0.0559
0.0563
0.0561
0.0546
0.0553
0.0566
0.0546

---------------------------------
VideoDecoderSubmitBuffers_D3D11_1
---------------------------------
1.6739
0.6728
0.7565
0.6901
0.6726
0.6769
0.6378
0.5466
0.9161
1.1534
0.9452
1.0164
0.7906
0.9509
0.6431
1.1149
0.8236
2.7567
3.7481
3.6553
0.542
1.2827
2.1652
0.5165
0.4299
0.4596
0.6445
0.4556
0.4299
0.3948
0.456
0.703
1.1711
0.3963
0.647
0.6038
0.4512
0.3889
0.44
0.3907
0.4044
0.3966
0.5634
0.3868
0.4012
0.4188
0.6074
0.5275
0.3844
0.3767
0.3757
0.3754
0.5635
0.3791
0.6274
0.3942
0.5809
0.5724
0.5773
0.3978
0.4545
0.4704
0.4324
0.4102
0.3606
0.3917
0.3905
0.3722
0.3703
0.3691
0.3703
0.3678
0.4869
0.3661
0.3702
0.367
0.3731
0.3684
0.3708
0.3746
0.3743
0.3708
0.37
0.3705
0.429
0.3702
0.3747
0.3701
0.4289
0.3868
0.3741
0.3837
0.3817
0.4568
0.3919
0.3929
0.4368
0.7312
2.8835
0.4003
0.4334
0.388
0.3818
0.3803
0.3838
3.469
3.3441
0.4282
0.3845
0.7232
2.6076
0.3999
0.4273
0.3861
0.3865
0.3887
0.3929
0.412
0.4887
0.4375
0.3799
0.3789
0.3787
0.3845
0.3897
0.3921
0.4001
0.4055
0.4277
0.3935
3.7889
0.4305
0.3966
0.4741
0.4789
0.3853
0.431
0.4495
0.3877
0.4096
0.3801
0.4785
0.4627
0.4433
0.4686
0.411
0.3951
0.4046
0.4079
0.4005
0.4311
0.3902
0.5571
0.4509
0.4947
0.4529
0.3897
0.4065
0.4025
0.3836
0.38
0.4313
0.3906
3.8573
0.4234
0.4111
0.3832
0.4368
0.3777
0.3709
0.3652
0.371
0.3773
0.3734
0.3857
0.3699
0.3783
0.3893
0.371
0.366
0.3685
0.378
0.3925
0.3879
0.3929
0.397
0.4093
0.4017
0.4002
0.3753
0.3725
0.3695
0.3731
0.3774
0.3807
0.3969
0.371
0.379
0.3706
0.3735
0.3669
0.3707
0.3843
0.3967
0.3879
0.4025
0.3987
0.4232
0.3901
0.383
0.3865
0.4016
0.3898
0.4035
0.3998
0.3959
0.3995
0.403
0.3796
0.3813
0.4333
0.4842
0.393
0.387
0.3782
0.382
0.3676
0.3678
0.3711
0.3583
0.3693
0.4027
0.3916
0.381
0.4753
0.3894
0.3688
0.3864
0.3759
0.3923
0.3996
0.3883
0.3977
0.3697
0.3841
0.4669
0.42
0.4313
0.4055
0.4247
0.5808
0.5327
0.4374
0.4341
0.3896
0.3935
0.3822
0.5674
0.5287
0.4542
0.4136
0.4334
0.3739
0.3805
0.3851
0.3809
0.3691
0.4223
0.3821
0.3677
0.3729
0.3812
0.3786
0.3688
0.4259
0.3801
0.3804
0.3629
0.3621
0.3745
0.3653
0.3631
0.3607
0.3682
0.3679
0.3783
0.3886
0.3715
0.37
0.3781
0.375
0.3738
0.3713
0.3725
0.3951
0.3804
0.3878
0.4885
0.4585
0.4088
0.3949
0.3703
0.3647
0.3703
0.3753
0.3755
0.379
0.3837
0.487
0.3787
0.3782
0.3695
0.3767
0.3787
0.3805
0.3773
0.4066
0.4043
0.4016
0.4069
0.4035
0.4006
0.4053
0.3982
0.3976
0.4025
0.4004
0.3931
0.35
0.3791
0.3766
0.3661
0.3617
0.3654
0.3676
0.3736
0.3757
0.3809
0.3846
0.3901
0.4002
0.4124
0.4058
0.3987
0.3945
0.3947
0.4028
0.3958
0.4015
0.3991
0.4021
0.4141
0.4095
0.432
0.4986
0.4372
0.4001
0.4022
0.4131
0.4054
0.3875
0.3608
0.3705
0.382
0.375
0.3725
0.3815
0.385
0.384
0.3919
0.4021
0.4095
0.4192
0.4534
0.3853
0.4608
0.3916
0.404
0.388
0.3882
0.3997
0.4152
0.4068
0.4011
0.3933
0.4014
0.395
0.406
0.4007
0.3935
0.4
0.4123
0.3973
0.4031
0.3675
0.3673
0.3762
0.3721
0.3667
0.3679
0.3706
0.3628
0.3654
0.3771
0.3585
0.3684
0.3749
0.3727
0.3865
0.6493
0.7827
0.7645
0.6665
0.6473
0.7071
0.7776
0.798
0.7875
0.7755
0.8011
0.7571
0.8077
0.796
0.7989
0.6895
0.8144
0.5098
0.3598
0.3664
0.7629
0.6832
0.8053
0.7534
0.7874
0.7811
0.7957
0.7641
0.8077
0.6661
0.373
0.473
0.7201
0.7913
0.8183
0.3749
0.5032
0.7662
0.8085
0.7518
0.8087
0.8126
0.3698
0.597
0.8377
0.3681
0.5945
0.8202
0.7121
0.3756
0.5776
0.531
0.3627
0.4097
0.7568
0.8087
0.5997
0.5488
0.7352
0.784
0.7678
0.8254
0.7575
0.8004
0.8103
0.3865
0.4557
0.7624
0.7848
0.7417
0.8223
0.7736
0.3751
0.3763
0.368
0.6689
0.7786
0.8061
0.3643
0.3704
0.3697
0.3693
0.3672
0.3716
0.3508
0.3769
0.3782
0.3757
0.3691
0.3714
0.373
0.3717
0.3698
0.3759
0.3703
0.3728
0.3834
0.3804
0.3888
0.3768
0.3618
0.3685
0.3712
0.3717
0.3785
0.3829
0.3852
0.3967
0.3843
0.3851
0.4108
0.3865
0.5674
0.4128
0.3832
0.3787
0.3775
0.3574
0.3751
0.3763
0.3742
0.3786
0.402
0.3855
0.3809
0.3764
0.3764
0.3752
0.383
0.3884
0.3928
0.3789
0.3877
0.3902
0.4335
0.4597
0.3844
0.3827
0.3836
0.3823
0.3913
0.3961
0.4028
0.3804
0.3808
0.3793
0.381
0.3767
0.3677
0.3712
0.3578
0.3711
0.3762
0.3889
0.3683
0.3721
0.3925
0.3764
0.3931
0.3932
0.3937
0.3829
0.4701
0.438
0.3951
0.3966
0.3952
0.3952
0.4047
0.392
0.3775
0.3758
0.3673
0.3659
0.3724
0.3752
0.3746
0.4636
0.3832
0.3794
0.3771
0.382
0.3979
0.3979
0.4022
0.4261
0.4196
0.3906
0.3958
0.4
0.3926

