---------------------------------------------
CalcPrivateVideoDecoderOutputViewSize_D3D11_1
---------------------------------------------
0.0022
0.0012
0.0012
0.0046
0.0012
0.001
0.006
0.0015
0.0012
0.0017
0.0011
0.0011
0.0012
0.0025
0.0012
0.0008
0.0008
0.0018
0.0012
0.0025
0.001
0.0011
0.0012
0.001
0.0012
0.0008
0.001
0.0011
0.0023
0.0013
0.0008
0.0011
0.0011
0.0014
0.0013
0.0017
0.0009
0.0009
0.0015
0.0009
0.0011
0.0009
0.0019
0.0011
0.0008
0.0015
0.0011
0.0014
0.0009
0.0008
0.0014
0.0012
0.0022
0.0021
0.0023
0.0019
0.002
0.0013
0.0011
0.0009
0.0021
0.002
0.0018
0.0044
0.0019
0.0016
0.0023
0.0019
0.0021
0.0014
0.0009
0.002
0.0028
0.002
0.0013
0.0022
0.0021
0.0021
0.0021
0.002
0.0016
0.0022
0.0019
0.0012
0.0022
0.002
0.0011
0.0012
0.0008
0.0024
0.0016
0.0014
0.001
0.0011
0.0045
0.0016
0.0009
0.0012
0.001
0.0016
0.0011
0.0007
0.001
0.001
0.0011
0.0021
0.0019
0.0012
0.0016
0.0016
0.0015
0.002
0.002
0.0013
0.0012
0.0011
0.0021
0.002
0.002
0.002
0.002
0.0022
0.002
0.0019
0.002
0.0018
0.0013
0.0014
0.0012
0.0015
0.0014
0.0009
0.0017
0.002
0.0021
0.0021
0.0019
0.0019
0.0021
0.0025
0.0019
0.0028
0.001
0.0016
0.0013
0.0012
0.0012
0.0012
0.0013
0.0013
0.0013
0.0013
0.0013
0.0016
0.001
0.0012
0.0015
0.0021
0.0015
0.0018
0.0015
0.0014
0.0012
0.0011
0.0008
0.0007
0.0007
0.0017
0.0016
0.0018
0.0015
0.0018
0.0018
0.0016
0.0017
0.002
0.0022
0.0045
0.0021
0.0026
0.0024
0.0017
0.0019
0.0018
0.002
0.0021
0.0016
0.0022
0.0021
0.002
0.0009
0.0019
0.0017
0.002
0.0015
0.0019
0.0016
0.0016
0.0015
0.0012
0.002
0.0017
0.0015
0.0021
0.0016
0.0021
0.0019
0.0017
0.001
0.0016
0.0021
0.0041
0.0017
0.0023
0.0019
0.0015
0.0019
0.002
0.002
0.0018
0.0018
0.0013
0.0011
0.0022
0.0085
0.0017
0.0013
0.0017
0.0009
0.0017
0.0017
0.002
0.0023
0.0017
0.0025
0.0011
0.0017
0.0013
0.0017
0.002
0.0019
0.0021
0.0021
0.0015
0.0014
0.0019
0.0019
0.0016
0.0017
0.0019
0.0018
0.0018
0.0017
0.0017
0.0021
0.0019
0.0018
0.0017
0.0017
0.0015
0.002
0.002
0.002
0.0022
0.002
0.0021
0.002
0.0015
0.0016
0.0019
0.0015
0.0016
0.0019
0.0019
0.0022
0.002
0.0019
0.0023
0.002
0.0019
0.0013
0.0022
0.0017
0.0021
0.0017
0.0017
0.0016
0.0018
0.0018
0.0016
0.0016
0.0021
0.002
0.0022
0.0017
0.0046
0.002
0.0015
0.0012
0.001

-----------------------
CodechalDecode::Execute
-----------------------
0.9527
0.6079
0.6623
0.2937
0.4861
0.3814
0.7122
0.3121
0.2429
0.2681
0.2403
0.2709
0.2515
0.2357
0.275
0.3837
0.2586
0.3776
0.2814
0.2363
0.2516
0.2319
0.2371
0.2343
0.2316
0.2284
0.2264
0.2407
0.3112
0.2752
0.2568
0.2294
0.2268
0.2372
0.2611
0.2772
0.2408
0.23
0.2622
0.2357
0.2608
0.2572
0.2545
0.2291
0.2259
0.2538
0.2548
0.2478
0.2471
0.2431
0.2389
0.2582
0.2829
0.278
0.2718
0.2756
0.2986
0.2646
0.2208
0.2207
0.3097
0.2921
0.2655
0.294
0.2969
0.2441
0.2818
0.2916
0.2777
0.2462
0.2241
0.2952
0.2897
0.2892
0.2395
0.2772
0.2929
0.2753
0.3037
0.2935
0.2335
0.3015
0.2912
0.2277
0.3105
0.2953
0.2322
0.2342
0.2119
0.2753
0.2455
0.2318
0.2299
0.238
0.2803
0.2473
0.239
0.2483
0.2641
0.2784
0.272
0.2495
0.2599
0.2321
0.2219
0.3081
0.2881
0.2298
0.232
0.2793
0.2378
0.2971
0.2927
0.2278
0.2261
0.2243
0.3074
0.2722
0.2792
0.2986
0.2963
0.2794
0.3122
0.2905
0.2689
0.2744
0.2412
0.2318
0.2562
0.2265
0.2626
0.2144
0.2458
0.2948
0.2745
0.3043
0.2748
0.2737
0.2907
0.2732
0.2847
0.2472
0.2283
0.2266
0.2577
0.2686
0.2379
0.2592
0.2286
0.2715
0.2276
0.2643
0.2302
0.2633
0.234
0.2296
0.2273
0.277
0.251
0.2663
0.2453
0.2644
0.2293
0.9494
0.9582
0.2182
0.2233
0.5997
0.9124
0.9092
0.8768
0.8083
0.9238
0.9401
0.921
0.5632
0.5711
0.5765
0.5298
0.901
0.9348
1.2181
0.8246
0.9412
0.9337
0.5793
0.92
0.628
0.6198
0.624
0.2425
0.2416
0.3373
0.2627
0.3172
0.262
0.2625
0.2642
0.2405
0.235
0.268
0.2371
0.3475
0.2987
0.2334
0.3379
0.2945
0.2671
0.2165
0.2334
0.3659
0.2604
0.3503
0.4023
0.2697
0.2621
0.2603
0.37
0.2787
0.2737
0.2605
0.3372
0.2356
0.2451
0.2499
0.2346
0.2266
0.2818
0.228
0.2633
0.2489
0.2658
0.2645
0.243
0.2751
0.2623
0.2468
0.237
0.3569
0.3512
0.2647
0.2565
0.2354
0.3239
0.3165
0.3279
0.2379
0.3245
0.2598
0.3362
0.2583
0.2633
0.2423
0.3399
0.2821
0.29
0.3415
0.2481
0.3072
0.261
0.2738
0.2695
0.3634
0.2742
0.2792
0.275
0.2892
0.331
0.2462
0.2719
0.2256
0.2422
0.2563
0.238
0.2473
0.2591
0.3562
0.2565
0.2446
0.2409
0.2315
0.2628
0.3374
0.3596
0.2413
0.3613
0.261
0.3525
0.3385
0.3401
0.2507
0.2606
0.2494
0.3614
0.2562
0.2634
0.2825
0.3155
0.2455
0.2149

---------------------------------------
CodechalDecodeHevcG12::DecodeStateLevel
---------------------------------------
0.1645
0.2378
0.3177
0.1897
0.4373
0.128
0.0622
0.1265
0.2641
0.126
0.1616
0.1272
0.4664
0.1308
0.0652
0.136
0.034
0.1135
0.0431
0.1127
0.0361
0.1097
0.0386
0.119
0.0344
0.1138
0.0337
0.1065
0.0375
0.1389
0.1816
0.1082
0.0311
0.1331
0.0495
0.1558
0.0435
0.1278
0.0328
0.1071
0.0336
0.1158
0.0343
0.1069
0.0356
0.1085
0.0345
0.1075
0.0326
0.1061
0.0319
0.1058
0.0299
0.1057
0.0357
0.1105
0.0427
0.1019
0.041
0.1225
0.038
0.1182
0.0345
0.1042
0.0317
0.1031
0.0326
0.1089
0.0368
0.1181
0.0345
0.1329
0.0339
0.1123
0.0317
0.1083
0.038
0.1188
0.0334
0.1072
0.0361
0.1169
0.0336
0.1224
0.0362
0.1125
0.0314
0.1056
0.0308
0.1061
0.0346
0.1162
0.0389
0.1158
0.0384
0.1115
0.039
0.1115
0.0339
0.1123
0.0324
0.1109
0.037
0.1172
0.0419
0.1222
0.0405
0.1227
0.0414
0.1179
0.0422
0.119
0.0456
0.1213
0.0404
0.1144
0.0311
0.0883
0.0298
0.1024
0.047
0.1271
0.0461
0.1156
0.0416
0.113
0.0478
0.1184
0.0453
0.1208
0.033
0.1111
0.04
0.1241
0.0444
0.121
0.0404
0.1225
0.0347
0.1073
0.0309
0.1057
0.0497
0.1187
0.0448
0.1187
0.0433
0.1185
0.0323
0.1137
0.0385
0.1226
0.0466
0.1212
0.0392
0.1226
0.0507
0.1219
0.0474
0.118
0.0325
0.1081
0.0448
0.1226
0.0446
0.1204
0.0311
0.1068
0.0505
0.1259
0.0486
0.1204
0.0336
0.1066
0.0337
0.1062
0.0324
0.09
0.0375
0.1248
0.0325
0.1154
0.0326
0.1047
0.0311
0.107
0.0329
0.1094
0.0418
0.1224
0.0349
0.1168
0.0331
0.1113
0.0331
0.1209
0.0382
0.1252
0.0355
0.1337
0.04
0.1231
0.0377
0.1155
0.0397
0.1134
0.0343
0.107
0.0298
0.1031
0.0462
0.1285
0.0417
0.1208
0.0321
0.1067
0.0368
0.1068
0.0392
0.1243
0.0339
0.1104
0.0483
0.1203
0.0455
0.1202
0.031
0.1078
0.0316
0.1064
0.0308
0.1069
0.0457
0.1264
0.0398
0.1192
0.0464
0.1071
0.0476
0.1223
0.0456
0.1224
0.0403
0.1197
0.0524
0.1256
0.0447
0.119
0.0388
0.1183
0.0394
0.1218
0.035
0.1065
0.0345
0.1021
0.042
0.109
0.0305
0.1059
0.0392
0.1162
0.0286
0.1003
0.0342
0.1118
0.043
0.1237
0.0413
0.1195
0.0505
0.1232
0.039
0.1216
0.0385
0.1214
0.044
0.1207
0.0397
0.1198
0.043
0.1236
0.0358
0.107
0.0318
0.1094
0.0324
0.1037
0.0351
0.1175
0.0431
0.1139
0.0325
0.1117
0.0407
0.1123
0.0358
0.0933
0.0444
0.1144
0.0328
0.1061
0.0428
0.1082
0.0318
0.1051
0.042
0.1121
0.0329
0.1078
0.0308
0.1097
0.0322
0.1059
0.0404
0.1221
0.0437
0.1062
0.0432
0.1159
0.0345
0.1125
0.0414
0.1122
0.0316
0.1062
0.0411
0.1143
0.0281
0.0998
0.0276
0.1073
0.0313
0.1065
0.0406
0.1152
0.0377
0.1156
0.0465
0.1377
0.0377
0.1548
0.0372
0.1178
0.0452
0.125
0.0337
0.1082
0.0404
0.116
0.0409
0.1165
0.0375
0.117
0.0386
0.1205
0.0401
0.1067
0.0392
0.1183
0.0355
0.1101
0.0473
0.1525
0.0411
0.1166
0.0406
0.1157
0.0384
0.1133
0.0388
0.1174
0.0395
0.116
0.0386
0.1224
0.0383
0.1186
0.0392
0.1164
0.0357
0.1057
0.0339
0.1076
0.0433
0.1626
0.0376
0.1163
0.0458
0.1471
0.0382
0.1141
0.0384
0.1144
0.0394
0.115
0.0348
0.1073
0.0357
0.106
0.0429
0.1171
0.0341
0.1068
0.0482
0.1599
0.0487
0.1247
0.0326
0.1064
0.046
0.1531
0.0405
0.1176
0.0392
0.1178
0.0324
0.0915
0.0332
0.1073
0.0481
0.17
0.0372
0.1108
0.0456
0.171
0.047
0.1333
0.041
0.1166
0.0431
0.1119
0.0375
0.1152
0.0495
0.1718
0.0433
0.1222
0.04
0.1219
0.0378
0.1137
0.042
0.1613
0.0341
0.1055
0.0353
0.1087
0.036
0.113
0.0331
0.1071
0.0318
0.1059
0.0398
0.1242
0.0305
0.1044
0.0383
0.1164
0.0418
0.1049
0.0392
0.118
0.0373
0.1172
0.0349
0.1123
0.0373
0.121
0.0318
0.1081
0.0348
0.1136
0.0364
0.109
0.0522
0.1512
0.0487
0.1665
0.038
0.1196
0.0377
0.1108
0.0338
0.1076
0.0442
0.1565
0.0419
0.1448
0.044
0.1576
0.0365
0.1059
0.045
0.1504
0.0386
0.1149
0.0452
0.1597
0.038
0.114
0.0427
0.1118
0.0342
0.1082
0.0467
0.156
0.0499
0.1155
0.0495
0.1171
0.0453
0.1595
0.0338
0.1109
0.0442
0.1467
0.04
0.1186
0.0375
0.1293
0.0404
0.1196
0.0525
0.1649
0.0407
0.1219
0.0393
0.1224
0.0435
0.1234
0.045
0.1229
0.0481
0.1556
0.0453
0.0958
0.0357
0.1094
0.0343
0.1036
0.0363
0.1042
0.0375
0.111
0.034
0.108
0.0351
0.1097
0.038
0.1148
0.0499
0.1629
0.0384
0.1128
0.0362
0.1113
0.0355
0.1095
0.0328
0.1067
0.0388
0.1182
0.0434
0.161
0.0473
0.1688
0.0353
0.1109
0.0467
0.1737
0.0435
0.1082
0.0495
0.1621
0.0437
0.1614
0.0458
0.1573
0.0351
0.1089
0.039
0.117
0.0407
0.1112
0.0504
0.173
0.0402
0.1143
0.0408
0.1148
0.0469
0.1215
0.0433
0.1461
0.0355
0.11
0.0303
0.1006

-------------------------------------
CodechalDecodeHevcG12::SetFrameStates
-------------------------------------
0.3435
0.0094
0.0073
0.0088
0.0075
0.0095
0.0122
0.0094
0.0092
0.0147
0.0081
0.014
0.0085
0.0081
0.0083
0.0071
0.0065
0.013
0.0097
0.0079
0.0094
0.007
0.0068
0.0067
0.0066
0.0063
0.0065
0.0068
0.064
0.0098
0.0067
0.0067
0.0069
0.0082
0.0086
0.0118
0.0067
0.0075
0.0097
0.0082
0.0088
0.0079
0.0085
0.0062
0.0063
0.0085
0.0078
0.0065
0.0077
0.0067
0.007
0.0072
0.0101
0.0096
0.0096
0.0098
0.0129
0.0089
0.0065
0.0073
0.0146
0.0124
0.0095
0.0129
0.0128
0.0092
0.011
0.0129
0.0099
0.0093
0.0073
0.0132
0.0124
0.0127
0.0081
0.0107
0.0132
0.0097
0.0131
0.013
0.0079
0.0152
0.0127
0.0071
0.014
0.0125
0.0071
0.0064
0.0067
0.0099
0.0081
0.007
0.0066
0.0079
0.0115
0.0086
0.0064
0.0067
0.0075
0.009
0.0088
0.0064
0.0079
0.0066
0.0067
0.0142
0.0131
0.0078
0.0067
0.0111
0.0073
0.0127
0.0128
0.007
0.0066
0.0065
0.0148
0.01
0.013
0.013
0.0131
0.0098
0.0133
0.0124
0.0097
0.0095
0.0097
0.0081
0.009
0.0082
0.0087
0.0064
0.0099
0.0136
0.0095
0.0128
0.0097
0.0099
0.0126
0.0099
0.0099
0.0105
0.0071
0.0071
0.0119
0.01
0.0081
0.0091
0.0087
0.0106
0.0071
0.0105
0.0077
0.0098
0.0081
0.0066
0.0066
0.0105
0.0089
0.01
0.009
0.01
0.0072
0.0115
0.0064
0.0059
0.0062
0.0096
0.0096
0.0129
0.0098
0.0096
0.0128
0.0091
0.0097
0.0096
0.0098
0.0098
0.0099
0.0135
0.0124
0.0117
0.0106
0.0101
0.0097
0.0104
0.0097
0.0094
0.0095
0.0095
0.0097
0.0103
0.0112
0.0097
0.0106
0.0115
0.0097
0.0096
0.0089
0.008
0.0095
0.0091
0.0124
0.0127
0.0081
0.0122
0.0123
0.0097
0.0074
0.0097
0.0128
0.0109
0.0124
0.0096
0.0101
0.011
0.0096
0.0132
0.0098
0.0096
0.0095
0.0104
0.0087
0.0092
0.0093
0.0078
0.0069
0.0111
0.0072
0.0095
0.01
0.0095
0.0095
0.0086
0.0098
0.0081
0.008
0.0067
0.0142
0.0105
0.0095
0.0093
0.008
0.0106
0.0119
0.0105
0.008
0.0101
0.0096
0.0107
0.0093
0.0114
0.0091
0.0119
0.0094
0.0124
0.0113
0.0108
0.0107
0.0075
0.0095
0.0095
0.0126
0.0095
0.0097
0.0094
0.0132
0.0117
0.0091
0.0089
0.0083
0.009
0.0092
0.0083
0.0114
0.0096
0.0125
0.0095
0.0092
0.0082
0.0075
0.0094
0.011
0.0124
0.009
0.0127
0.0099
0.012
0.0111
0.0117
0.0118
0.0097
0.0087
0.0127
0.0091
0.0096
0.0113
0.0116
0.0094
0.0072

--------------------------
CreateVideoDecoder_D3D11_1
--------------------------
23.8085
20.3414
17.068
15.653

---------------------------
DestroyVideoDecoder_D3D11_1
---------------------------
13.8951
14.4593
41.7767
0

---------------------
DxvaEncodeHEVC_Create
---------------------
23.6527
20.1825
16.9032

-----------------------
DxvaEncodeHEVC_EndFrame
-----------------------
0.0018
0.0009
0.0012
0.0015
0.0011
0.0008
0.0018
0.001
0.001
0.0015
0.0007
0.0008
0.0007
0.0016
0.0008
0.0009
0.0007
0.0008
0.0007
0.0019
0.0005
0.0006
0.0006
0.0007
0.0006
0.0006
0.0006
0.0007
0.0063
0.0005
0.0008
0.0005
0.0007
0.0005
0.0007
0.0006
0.0009
0.0005
0.0007
0.0006
0.0006
0.0005
0.0015
0.0005
0.0006
0.0005
0.0006
0.0005
0.0005
0.0006
0.0006
0.0005
0.0013
0.0006
0.0009
0.0008
0.0007
0.0007
0.0007
0.0006
0.0005
0.0008
0.0007
0.0021
0.0008
0.0006
0.0011
0.0006
0.0005
0.0006
0.0008
0.0005
0.0012
0.0009
0.0006
0.0005
0.0006
0.0005
0.0007
0.0005
0.0004
0.0007
0.0005
0.0008
0.0006
0.0005
0.0008
0.0006
0.0006
0.0015
0.0008
0.0007
0.0006
0.0006
0.0043
0.0006
0.0007
0.0016
0.0007
0.0007
0.001
0.0006
0.0006
0.0008
0.0006
0.0006
0.0007
0.0006
0.0005
0.0006
0.0005
0.0005
0.0005
0.0008
0.0005
0.0005
0.0005
0.0005
0.0005
0.0004
0.0006
0.0007
0.0006
0.0008
0.0009
0.0008
0.0007
0.0009
0.0008
0.0005
0.0006
0.0005
0.0005
0.0005
0.0005
0.0008
0.0006
0.0007
0.0011
0.0006
0.0009
0.005
0.0009
0.0008
0.0008
0.0007
0.0008
0.0008
0.0008
0.0008
0.0008
0.0008
0.0008
0.0015
0.0008
0.0008
0.0008
0.0009
0.0008
0.0008
0.0008
0.0017
0.0008
0.0008
0.0007
0.0011
0.001
0.0008
0.0008
0.0008
0.0009
0.0017
0.0008
0.0007
0.0011
0.0008
0.0008
0.0009
0.0008
0.0008
0.001
0.0008
0.0006
0.0008
0.0008
0.0008
0.001
0.0007
0.0008
0.0008
0.0008
0.0008
0.0008
0.0008
0.0008
0.0008
0.0007
0.0008
0.0021
0.0008
0.0008
0.0008
0.0009
0.001
0.0012
0.0008
0.0007
0.0007
0.0008
0.001
0.0008
0.0044
0.0008
0.0007
0.0018
0.0012
0.0008
0.0009
0.0007
0.0009
0.0009
0.0008
0.0009
0.0013
0.0008
0.0017
0.0009
0.0008
0.0011
0.0008
0.0011
0.0008
0.0008
0.0009
0.0018
0.0009
0.0012
0.0006
0.001
0.0007
0.0009
0.0008
0.0007
0.0009
0.0012
0.0008
0.0009
0.0012
0.0016
0.0008
0.001
0.0011
0.001
0.0008
0.0012
0.0009
0.0009
0.001
0.001
0.0008
0.0008
0.0017
0.0007
0.0013
0.0008
0.0009
0.0012
0.0009
0.0031
0.0012
0.0009
0.0008
0.0008
0.0008
0.0008
0.0011
0.0009
0.0015
0.0012
0.0008
0.0014
0.0011
0.0008
0.001
0.0011
0.0017
0.0009
0.001
0.0012
0.0012
0.0012
0.0008
0.0013
0.0008
0.0016
0.0009
0.0007
0.0009
0.0008
0.0008

----------------------
DxvaEncodeHEVC_Execute
----------------------
0.003
0.0015
14.3345
6.1021
1.3964
0.5702
1.3233
0.4342
0.3785
0.4256
0.2749
0.4538
0.3181
0.4721
0.3985
0.6002
0.0223
0.4422
0.0173
0.4312
0.0181
0.4334
0.0177
0.4453
0.0162
0.4422
0.0191
0.3994
0.0188
0.5006
0.0202
0.5097
0.0172
0.4433
0.0216
0.4653
0.0185
0.4327
0.0195
0.4635
0.0185
0.4377
0.024
0.4486
0.0173
0.4148
0.0184
0.5137
0.0184
0.4205
0.0195
0.4687
0.0199
0.4526
0.0226
0.4961
0.0277
0.4185
0.0193
0.4488
0.0402
0.4325
0.4569
0.0167
0.4359
0.0213
0.4596
0.0194
0.4277
0.0219
0.424
0.0189
0.4818
0.0301
0.4361
0.02
0.4819
0.0208
0.4644
0.0235
0.4585
0.0249
0.4169
0.0197
0.459
0.0255
0.431
0.0204
0.4812
0.0289
0.4393
0.0217
0.4686
0.0256
0.4466
0.0243
0.4889
0.022
0.4269
0.0202
0.4297
0.0173
0.408
0.02
0.4304
0.0167
0.5391
0.0199
0.4715
0.0172
0.4766
0.0155
0.4272
0.0132
0.4141
0.0191
0.4916
0.0172
0.4025
0.0188
0.382
0.0139
0.4313
0.0174
0.4148
0.0142
0.4037
0.0135
0.4221
0.0186
0.4034
0.0163
0.7315
0.0292
0.4181
0.0139
0.4045
0.0176
0.4014
0.0174
0.4448
0.0329
0.4098
0.0144
0.3976
0.0133
0.4271
0.0181
0.4027
0.0142
0.3849
0.0134
0.3999
0.0148
0.3909
0.0135
0.4171
0.0178
0.3918
0.0148
0.3935
0.0132
0.4015
0.0172
0.3939
0.0157
0.4089
0.021
0.4761
0.0196
0.4048
0.0152
0.4273
0.0182
0.4614
0.0194
0.4287
0.0179
0.4762
0.0188
0.4417
0.0219
0.4717
0.0189
0.4258
0.0201
0.4615
0.0206
0.4354
0.0218
0.4747
0.0304
0.4381
0.0269
0.4661
0.0231
0.4543
0.0236
0.4905
0.0241
0.4888
0.0298
0.3977
0.0142
0.3865
0.0136
0.4271
0.0161
0.4066
0.0123
0.3944
0.0149
0.4691
0.0156
0.3902
0.0133
0.3816
0.0137
0.4018
0.0155
0.3901
0.0114
0.392
0.0117
0.389
0.013
0.4125
0.0175
0.3908
0.0126
0.3796
0.0135
0.4161
0.0183
0.4015
0.019
0.393
0.0148
0.3895
0.0135
0.3901
0.0175
0.4197
0.0199
0.4325
0.0162
0.4725
0.0155
0.4597
0.0136
0.472
0.0149
0.415
0.0131
0.4859
0.0169
0.465
0.0145
0.4326
0.0131
0.4079
0.0184
0.3972
0.0138
0.3872
0.0137
0.3861
0.0128
0.4356
0.0167
0.4316
0.0193
0.4118
0.0143
0.4254
0.0195
0.7792
0.0297
0.4517
0.0133
0.4749
0.0169
0.4687
0.0165
0.4783
0.0152
0.4601
0.0213
0.4716
0.016
0.4644
0.0157
0.4776
0.0179
0.4751
0.0177
0.4819
0.0172
0.4635
0.0152
0.4716
0.0154
0.4677
0.0154
0.4583
0.0154
0.4313
0.0134
0.3956
0.0124
0.4685
0.016
0.471
0.0162
0.4616
0.0156
0.478
0.0148
1.0268
0.0162
0.9942
0.0156
1.5158
0.0184
0.4573
0.0173
0.9318
0.0152
0.9354
0.0152
0.9743
0.0248
1.0425
0.0214
0.9102
0.0144
0.9796
0.0153
0.9387
0.014
1.4682
0.0184
1.4393
0.0165
1.4632
0.0171
1.4236
0.0173
0.9716
0.0264
0.9638
0.0139
0.9898
0.0156
0.5999
0.0139
0.9822
0.0149
0.9158
0.014
1.4139
0.0187
0.9673
0.0184
1.3606
0.0137
1.3426
0.0134
1.3832
0.0141
1.3837
0.0134
0.4382
0.0153
0.4573
0.0139
0.4608
0.0139
0.4558
0.0149
0.4581
0.0141
0.4548
0.0144
0.4844
0.0135
0.4668
0.0144
0.4707
0.0148
0.4519
0.0138
0.4771
0.0154
0.4685
0.0156
0.5761
0.0178
0.4764
0.0137
0.4713
0.0145
0.4554
0.0142
0.4785
0.0139
0.6734
0.018
0.5983
0.0185
0.4336
0.0136
0.4519
0.0149
0.4407
0.0133
0.4557
0.0137
0.4667
0.0178
0.5117
0.015
0.476
0.0135
0.4633
0.0139
0.4517
0.0162
0.6155
0.0173
0.5227
0.0165
0.4559
0.0173
0.4757
0.0193
0.4417
0.0126
0.4669
0.0156
0.4546
0.0136
0.4625
0.0138
0.4646
0.0139
0.6299
0.0173
0.4124
0.0134
0.4587
0.0136
0.453
0.0139
0.4586
0.0157
0.564
0.0167
0.4593
0.0136
0.5875
0.0166
0.4525
0.0134
0.4541
0.0134
0.4539
0.0144
0.4649
0.0151
0.4223
0.0135
0.5495
0.0161
0.4027
0.0126
0.5472
0.0165
0.4144
0.0123
0.455
0.0162
0.4756
0.0148
0.4615
0.0149
0.4604
0.0152
0.6185
0.0172
0.4815
0.0154
0.4513
0.0143
0.6031
0.0179
0.4586
0.0179
0.4735
0.0139
0.4777
0.0169
0.602
0.0173
0.5039
0.0188
0.523
0.0172
0.5384
0.0159
0.4789
0.0196
0.4902
0.0138
0.4629
0.0157
0.5216
0.0162
0.4319
0.0134
0.4618
0.0151
0.4475
0.0151
0.4239
0.0117
0.6139
0.0357
0.4537
0.0163
0.4982
0.0133
0.6217
0.0184
0.4722
0.0156
0.6063
0.0171
0.6102
0.0172
0.4659
0.017
0.4475
0.0179
0.4643
0.0144
0.4536
0.0173
0.4515
0.0157
0.509
0.0173
0.4556
0.0166
0.4452
0.0137
0.4542
0.0207
0.4642
0.0138
0.6089
0.0179
0.5893
0.0174
0.4546
0.0145
0.4784
0.0168
0.6165
0.0189
0.6092
0.0183
0.4935
0.0167
0.5671
0.0189
0.5889
0.0214
0.571
0.019
0.5713
0.0165
0.5591
0.0173
0.6297
0.0173
0.4759
0.0163
0.5399
0.0162
0.4656
0.0199
0.4265
0.0129
0.4413
0.0163
0.4173
0.0302
0.4371
0.0134
0.0142

----------------
First Frame Time
----------------
153.106

----------------------
HEVC_QueryStatusReport
----------------------
1.3929
1.3206
0.3762
0.2735
0.3166
0.3972
0.0209
0.016
0.0168
0.0166
0.0153
0.016
0.0162
0.0185
0.0158
0.0204
0.0171
0.0183
0.0173
0.0206
0.0161
0.0171
0.0173
0.0183
0.0187
0.0213
0.0264
0.0181
0.0375
0.0135
0.02
0.0182
0.0206
0.0176
0.0288
0.0188
0.0195
0.0224
0.0237
0.0185
0.0244
0.0193
0.0278
0.0205
0.0245
0.023
0.0208
0.0189
0.0163
0.0187
0.0156
0.0188
0.0161
0.0139
0.0121
0.0177
0.0158
0.0176
0.0126
0.0162
0.0129
0.0124
0.0173
0.015
0.0273
0.0128
0.0164
0.0162
0.0301
0.0131
0.0122
0.0169
0.013
0.0123
0.0139
0.0124
0.0167
0.0138
0.0121
0.016
0.0148
0.0194
0.0185
0.0142
0.0168
0.0178
0.0166
0.0175
0.0205
0.0177
0.0189
0.0196
0.0205
0.0292
0.0257
0.0218
0.0223
0.0229
0.0279
0.0131
0.0125
0.0151
0.0114
0.0111
0.0144
0.0123
0.0125
0.0145
0.0105
0.0108
0.0119
0.0164
0.0115
0.0124
0.017
0.0179
0.0136
0.0124
0.0164
0.0186
0.0146
0.0141
0.0124
0.0134
0.0118
0.0157
0.0131
0.0121
0.0171
0.0125
0.0126
0.0119
0.0155
0.0181
0.0131
0.0184
0.0276
0.0123
0.0156
0.0152
0.0138
0.0199
0.0147
0.0143
0.0164
0.0143
0.0158
0.0138
0.0139
0.014
0.0142
0.0121
0.0114
0.0146
0.0148
0.0142
0.0134
0.0148
0.0142
0.0167
0.016
0.0133
0.0139
0.0228
0.0176
0.0131
0.0138
0.0129
0.0167
0.015
0.0155
0.0161
0.0245
0.0127
0.0141
0.0126
0.0136
0.0127
0.0171
0.0172
0.0126
0.0123
0.0128
0.0121
0.0134
0.0128
0.0127
0.0134
0.0128
0.0133
0.0122
0.0132
0.0134
0.0126
0.0138
0.0141
0.0158
0.0124
0.0132
0.0129
0.0127
0.0159
0.0165
0.0123
0.0138
0.012
0.0125
0.0159
0.0137
0.0122
0.0127
0.015
0.0155
0.0147
0.0161
0.0179
0.0115
0.014
0.0122
0.0125
0.0127
0.0152
0.0122
0.0125
0.0127
0.0143
0.015
0.0124
0.0149
0.0123
0.0123
0.0133
0.0138
0.0123
0.0145
0.0115
0.0147
0.0114
0.0147
0.0134
0.0136
0.0139
0.0152
0.0142
0.013
0.0159
0.0163
0.0126
0.015
0.0153
0.0169
0.0154
0.014
0.0178
0.0124
0.0141
0.0146
0.0121
0.0136
0.0136
0.0106
0.0336
0.0149
0.0122
0.0165
0.0141
0.0153
0.0151
0.0155
0.0165
0.0131
0.0158
0.0142
0.0155
0.0153
0.0124
0.0188
0.0126
0.0159
0.0154
0.0133
0.0148
0.017
0.0163
0.0154
0.017
0.0158
0.017
0.0145
0.0157
0.0154
0.0149
0.0148
0.0162
0.0118
0.015
0.029
0.0122
0.0125

--------------------------------------
VideoDecoderBeginFrame_WDDM2_4_D3D11_1
--------------------------------------
0.0078
0.0023
0.0021
0.0028
0.0019
0.0019
0.0047
0.0027
0.0019
0.0028
0.0021
0.0019
0.0028
0.0029
0.0024
0.0019
0.0018
0.0033
0.0021
0.0029
0.0027
0.0021
0.0019
0.0019
0.0021
0.0017
0.002
0.0021
0.0025
0.0019
0.0018
0.0022
0.002
0.0024
0.0027
0.0025
0.0019
0.0019
0.0027
0.0019
0.0026
0.0028
0.0027
0.0021
0.0019
0.0025
0.002
0.0021
0.002
0.002
0.0019
0.0019
0.0043
0.004
0.0033
0.0035
0.0038
0.0051
0.0024
0.0025
0.0037
0.0041
0.0038
0.0055
0.0041
0.003
0.0031
0.0043
0.0039
0.0033
0.0023
0.0039
0.0038
0.0046
0.003
0.0031
0.0041
0.0036
0.0039
0.0035
0.0031
0.0038
0.0041
0.0024
0.0041
0.0036
0.0027
0.0021
0.0017
0.003
0.0023
0.0024
0.0021
0.0027
0.0044
0.0024
0.0018
0.0024
0.0019
0.0026
0.0023
0.0018
0.002
0.0019
0.0021
0.004
0.0042
0.0027
0.0025
0.0033
0.0021
0.0042
0.0037
0.0024
0.0021
0.0023
0.0037
0.0031
0.0041
0.0041
0.0039
0.0037
0.0041
0.0041
0.0036
0.0037
0.0025
0.0023
0.002
0.002
0.0019
0.0024
0.0027
0.0038
0.0038
0.0038
0.0032
0.0035
0.0038
0.0036
0.0038
0.0044
0.0021
0.0023
0.0031
0.0021
0.0026
0.0019
0.0029
0.002
0.0023
0.0022
0.0022
0.0022
0.0022
0.0022
0.0025
0.0037
0.0027
0.0022
0.0027
0.0019
0.0023
0.002
0.0018
0.0016
0.0017
0.003
0.0038
0.0037
0.0031
0.0059
0.0042
0.0043
0.0042
0.0036
0.0035
0.0036
0.0039
0.0038
0.0034
0.0052
0.0035
0.0044
0.0038
0.0039
0.0036
0.004
0.0038
0.0037
0.002
0.004
0.0035
0.0036
0.0027
0.0035
0.0037
0.0037
0.0034
0.0031
0.0036
0.0027
0.0047
0.0032
0.0047
0.0041
0.0039
0.003
0.0019
0.0023
0.0036
0.0063
0.0033
0.0036
0.0035
0.0033
0.0069
0.0038
0.0044
0.0032
0.0037
0.0024
0.0029
0.0034
0.0035
0.0026
0.0028
0.0034
0.002
0.0032
0.0028
0.0041
0.0034
0.0029
0.0038
0.0022
0.0028
0.0027
0.0031
0.0032
0.0034
0.0034
0.0029
0.003
0.0117
0.0034
0.0037
0.0025
0.0035
0.0034
0.0037
0.0029
0.0032
0.0032
0.0036
0.0036
0.0033
0.0033
0.0033
0.0026
0.0037
0.0037
0.0036
0.0039
0.0042
0.0039
0.0037
0.0038
0.0028
0.0037
0.0029
0.0036
0.0031
0.0028
0.0031
0.0036
0.0037
0.0039
0.0033
0.0028
0.0029
0.0038
0.0023
0.0036
0.0032
0.0028
0.0032
0.0033
0.0034
0.0033
0.0034
0.0037
0.0035
0.0031
0.0028
0.003
0.0034
0.0031
0.0026
0.0021

----------------------------
VideoDecoderEndFrame_D3D11_1
----------------------------
0.0325
0.053
0.086
0.0975
0.1048
0.1206
0.0049
0.1368
0.0028
0.0042
0.0527
0.0032
0.0568
0.0045
0.0551
0.0025
0.0605
0.0035
0.0591
0.0052
0.0557
0.0026
0.055
0.0032
0.0022
0.0025
0.0522
0.0498
0.0805
0.0023
0.0998
0.0035
0.0025
0.0554
0.0025
0.0555
0.0025
0.0598
0.0027
0.0539
0.0023
0.056
0.0055
0.0537
0.0019
0.0566
0.0021
0.0545
0.0022
0.0549
0.0021
0.0538
0.0022
0.0593
0.0024
0.0636
0.0022
0.0598
0.0024
0.0554
0.0078
0.0558
0.0021
0.0565
0.0025
0.0554
0.0021
0.0592
0.003
0.056
0.0018
0.054
0.0023
0.0582
0.002
0.0553
0.0026
0.0571
0.002
0.0574
0.0025
0.0574
0.0021
0.0543
0.0022
0.0551
0.002
0.0564
0.0029
0.0553
0.0022
0.0584
0.0033
0.0568
0.0056
0.0569
0.0021
0.0549
0.002
0.057
0.0018
0.0589
0.0018
0.0589
0.0019
0.0562
0.0017
0.0572
0.0027
0.0576
0.0021
0.0546
0.0028
0.0564
0.0031
0.0527
0.0022
0.0589
0.0022
0.0582
0.0021
0.0587
0.0018
0.0589
0.0017
0.062
0.0022
0.056
0.002
0.0598
0.0034
0.0574
0.0021
0.0602
0.0019
0.0035
0.0545
0.054
0.0019
0.0573
0.0017
0.0595
0.0019
0.0567
0.0022
0.0625
0.0018
0.0586
0.0025
0.0579
0.0023
0.0585
0.002
0.0593
0.0017
0.0588
0.0018
0.0542
0.0016
0.0581
0.0019
0.0589
0.0017
0.0545
0.0016
0.058
0.0019
0.0606
0.0017
0.0551
0.0027
0.002
0.0559
0.0554
0.0018
0.0575
0.0025
0.0562
0.0021
0.0582
0.0023
0.0552
0.0031
0.0585
0.0023
0.0593
0.0022
0.0558
0.0021
0.0567
0.0021
0.056
0.006
0.0605
0.0022
0.0587
0.0022
0.0588
0.0034
0.0584
0.0021
0.0583
0.0024
0.0542
0.0026
0.0544
0.0022
0.0578
0.0017
0.0606
0.0021
0.0573
0.002
0.0584
0.0019
0.0566
0.0021
0.0555
0.0018
0.0585
0.0018
0.0598
0.0019
0.0549
0.0017
0.0537
0.0016
0.0529
0.0017
0.0572
0.002
0.0594
0.0018
0.0569
0.0018
0.0573
0.0019
0.0588
0.0017
0.0582
0.0017
0.0626
0.0016
0.0619
0.0018
0.0579
0.0021
0.0574
0.0018
0.0564
0.0029
0.0548
0.0029
0.0543
0.0027
0.0536
0.0022
0.0549
0.0029
0.0522
0.0029
0.0561
0.0018
0.0571
0.002
0.0584
0.0018
0.06
0.0017
0.0594
0.0018
0.0577
0.0017
0.0577
0.0022
0.057
0.002
0.0576
0.002
0.0041
0.0585
0.0611
0.002
0.0556
0.0028
0.0572
0.007
0.054
0.003
0.0555
0.0026
0.0662
0.0027
0.0542
0.0026
0.056
0.0027
0.0597
0.0026
0.0543
0.0029
0.0541
0.0026
0.054
0.0027
0.0557
0.0027
0.0533
0.0028
0.0679
0.003
0.056
0.0022
0.0547
0.0027
0.0548
0.0066
0.056
0.0028
0.0529
0.0028
0.0545
0.0027
0.0538
0.0029
0.0532
0.0577
0.0521
0.0038
0.0027
0.0627
0.0027
0.0605
0.0027
0.0675
0.0036
0.0757
0.0034
0.0713
0.0026
0.0615
0.0027
0.0634
0.0027
0.071
0.003
0.0594
0.0034
0.0691
0.0025
0.0609
0.0026
0.0583
0.0039
0.0659
0.0028
0.0555
0.0027
0.0794
0.0028
0.0657
0.0027
0.0662
0.0027
0.06
0.003
0.0586
0.0027
0.0587
0.0021
0.0592
0.0027
0.0602
0.0026
0.0622
0.0621
0.0026
0.0034
0.057
0.0025
0.076
0.0025
0.0617
0.0027
0.0706
0.0028
0.0595
0.0026
0.0571
0.0027
0.0595
0.0027
0.059
0.0027
0.0568
0.0026
0.0681
0.0023
0.0543
0.0029
0.0768
0.0048
0.0654
0.0025
0.0549
0.0026
0.0804
0.0027
0.0585
0.0027
0.0032
0.0038
0.0585
0.0542
0.0028
0.0552
0.0027
0.0832
0.0027
0.0615
0.0027
0.0786
0.0033
0.0658
0.0028
0.0603
0.0065
0.057
0.0027
0.0683
0.0027
0.0812
0.0041
0.0587
0.0035
0.0566
0.0027
0.0653
0.0028
0.0784
0.0022
0.0577
0.0027
0.0569
0.0028
0.0571
0.0025
0.0619
0.0026
0.0572
0.0042
0.0572
0.0022
0.0532
0.0035
0.0575
0.0028
0.0548
0.0028
0.0573
0.0038
0.0561
0.0026
0.0597
0.0038
0.0575
0.0024
0.0551
0.0028
0.0586
0.0026
0.0551
0.0037
0.0865
0.0059
0.0795
0.0033
0.057
0.0019
0.0593
0.0032
0.0587
0.002
0.0775
0.0029
0.0763
0.0027
0.0796
0.0027
0.0561
0.0027
0.0757
0.0034
0.068
0.0024
0.0801
0.0029
0.0594
0.004
0.0738
0.0037
0.0571
0.0026
0.0785
0.0032
0.0583
0.0036
0.0814
0.0032
0.0963
0.0028
0.0729
0.0034
0.0695
0.0029
0.0663
0.0026
0.0671
0.0029
0.0584
0.0033
0.087
0.0022
0.0682
0.0027
0.0728
0.0035
0.0599
0.0019
0.0568
0.0041
0.0803
0.0027
0.0544
0.0028
0.0625
0.0037
0.0566
0.0027
0.0558
0.0059
0.0639
0.0037
0.0538
0.0029
0.0607
0.0023
0.0674
0.0027
0.1043
0.0027
0.0637
0.0027
0.06
0.0033
0.0577
0.0028
0.0546
0.0031
0.0591
0.0036
0.0719
0.0027
0.0978
0.0042
0.0535
0.0039
0.0799
0.0024
0.0625
0.0028
0.0801
0.004
0.0819
0.0042
0.0799
0.0027
0.0583
0.0036
0.0638
0.0037
0.0621
0.0038
0.0816
0.0037
0.0629
0.0029
0.0606
0.0041
0.0554
0.0028
0.0811
0.0038
0.0538
0.0684
0.0031
0.0023
0.0029
0.0025
0.0027

---------------------------------
VideoDecoderSubmitBuffers_D3D11_1
---------------------------------
1.0549
0.6276
0.6795
0.311
0.5039
0.3961
0.7323
0.3294
0.26
0.2851
0.2569
0.2884
0.2695
0.2524
0.2899
0.3963
0.275
0.4
0.2984
0.2625
0.2691
0.2477
0.2523
0.2525
0.248
0.2438
0.2413
0.2582
0.3296
0.2897
0.2737
0.2443
0.2425
0.2537
0.2805
0.2935
0.2576
0.2433
0.3154
0.2514
0.2776
0.2776
0.2719
0.2426
0.2408
0.2716
0.2719
0.2653
0.2641
0.2595
0.2545
0.2751
0.3052
0.2983
0.2917
0.2964
0.3229
0.2809
0.2346
0.2344
0.3354
0.3165
0.2857
0.3187
0.3213
0.2609
0.3033
0.3171
0.2986
0.2647
0.237
0.3193
0.3141
0.3137
0.2557
0.2976
0.3174
0.2956
0.3296
0.3177
0.2484
0.3267
0.3154
0.2419
0.3362
0.3195
0.2459
0.2488
0.2262
0.2964
0.2612
0.2485
0.2454
0.2537
0.3007
0.2626
0.2549
0.264
0.2797
0.2957
0.2904
0.2655
0.2772
0.2474
0.2364
0.3335
0.3126
0.2471
0.2458
0.3006
0.2549
0.3212
0.3175
0.2417
0.2395
0.2375
0.3334
0.2923
0.3039
0.3226
0.321
0.3027
0.3381
0.3144
0.2892
0.2954
0.2591
0.2475
0.2716
0.2404
0.2788
0.2293
0.2655
0.321
0.2946
0.329
0.2952
0.2939
0.3194
0.2941
0.3063
0.267
0.2415
0.2439
0.2778
0.2895
0.2551
0.2762
0.2465
0.2911
0.2437
0.2843
0.2455
0.286
0.2508
0.2457
0.2448
0.2984
0.2681
0.2902
0.2646
0.2849
0.2457
0.9674
0.9709
0.2301
0.5606
0.6272
0.9396
0.934
0.8973
0.8351
0.9479
0.9604
0.9422
0.5843
0.5946
0.5987
0.5506
0.9323
0.9529
1.2457
0.8474
0.9674
0.9546
0.6104
0.9438
0.6557
0.6501
0.6442
0.2581
0.265
0.3586
0.2868
0.336
0.2861
0.2863
0.2842
0.2578
0.2518
0.29
0.2551
0.3734
0.3231
0.2498
0.3619
0.3174
0.2872
0.2323
0.2479
0.3899
0.2834
0.3725
0.4257
0.2917
0.2809
0.2801
0.3952
0.3042
0.2956
0.2826
0.3628
0.2519
0.265
0.2676
0.2504
0.24
0.3038
0.2445
0.2863
0.2677
0.2865
0.2851
0.2598
0.2962
0.2775
0.2633
0.2515
0.3835
0.3732
0.2842
0.2765
0.2519
0.3434
0.3444
0.3473
0.256
0.3432
0.2817
0.3572
0.2786
0.2851
0.2708
0.3614
0.3043
0.3127
0.363
0.2681
0.3273
0.2791
0.2937
0.2912
0.3875
0.2982
0.3025
0.2977
0.3121
0.3518
0.2671
0.2893
0.24
0.2602
0.2784
0.2545
0.2665
0.2875
0.3806
0.2766
0.2626
0.2569
0.2495
0.2854
0.3629
0.3833
0.2577
0.384
0.2805
0.3772
0.3599
0.3624
0.2837
0.2815
0.2684
0.385
0.2755
0.2836
0.3023
0.3388
0.2642
0.2294

